transcript_ID	prot_seq	start_genomic-RiStart	start_genomic-RiEnd	end_genomic-RiStart	end_genomic-RiEnd
ENSMUST00000106535	TTGCGCGGAGGTTCCGTCT	24848	21503	24867	21522
ENSMUST00000034808	TATTCTGCCTGGGTGCTGT	13266	12780	11486	11000
ENSMUST00000103176	GGCCGGACATGGTGAATGG	2409	1625	2428	1644
ENSMUST00000103176	GGCCGGACATGGTGAATGG	1018	616	1037	635
ENSMUST00000103176	GGCCGGACATGGTGAATGG	-963	-1335	-944	-1316
ENSMUST00000168645	AAGAGTTTTCCAAAACAGA	-30606	-31478	-30587	-31459
ENSMUST00000049081	AACCAAAGCGCTAGGCTCT	-29461	-31113	-29442	-31094
ENSMUST00000049081	AACCAAAGCGCTAGGCTCT	-31014	-31805	-30995	-31786
ENSMUST00000049081	AACCAAAGCGCTAGGCTCT	-31239	-31805	-31220	-31786
ENSMUST00000049081	AACCAAAGCGCTAGGCTCT	-31239	-31805	-31220	-31786
ENSMUST00000033486	TGTACCTGATCACCTCCATT	34	-310	54	-290
ENSMUST00000034529	GGTTTGATCTATTTTCGGAT	26394	24827	23006	21439
ENSMUST00000034529	GGTTTGATCTATTTTCGGAT	16149	15840	12761	12452
ENSMUST00000182276	CTTGTTACAAGAAATGGACT	6997	5555	7017	5575
ENSMUST00000193703	TTAAACTTCTTTTAGTAGAG	-16732	-17037	-16712	-17017
ENSMUST00000199808	CTTTAGAGGCCTTGGAAGAG	-2495	-2810	-2475	-2790
ENSMUST00000199808	CTTTAGAGGCCTTGGAAGAG	-7102	-8721	-7082	-8701
ENSMUST00000064307	GGTGTGACCATCTGGGAGCT	5427	3264	5447	3284
ENSMUST00000107152	ACCCAACTTAAAAGTACGTT	9751	9382	9771	9402
ENSMUST00000107152	ACCCAACTTAAAAGTACGTT	9751	9382	9771	9402
ENSMUST00000107152	ACCCAACTTAAAAGTACGTT	9751	9177	9771	9197
ENSMUST00000107152	ACCCAACTTAAAAGTACGTT	8961	8063	8981	8083
ENSMUST00000063577	CGACAGAGGAAAGGGCGAGA	-9851	-10552	-9831	-10532
ENSMUST00000111728	CCAAGGCTGAACAGGAAAGA	16787	14120	16807	14140
ENSMUST00000054538	AGCCTGACTCTGGCTATCAGA	-189	-813	-935	-1559
ENSMUST00000054538	AGCCTGACTCTGGCTATCAGA	-1998	-2440	-2744	-3186
ENSMUST00000087541	TTATACCCTCTCCTACCACCA	25712	25268	24657	24213
ENSMUST00000087541	TTATACCCTCTCCTACCACCA	23776	23285	22721	22230
ENSMUST00000028608	CCCAAACGACCTGACTGGGGA	2354	1778	2375	1799
ENSMUST00000028608	CCCAAACGACCTGACTGGGGA	-6357	-6973	-6336	-6952
ENSMUST00000028608	CCCAAACGACCTGACTGGGGA	-6357	-6973	-6336	-6952
ENSMUST00000019051	CTCCGAATGGGGAATTTTTGA	-2488	-2898	-2917	-3327
ENSMUST00000110570	GCGAACGTGTCTCCCGGTGAC	85570	83485	85591	83506
ENSMUST00000159569	ATATGTGGGAAGGCATTCACA	-15029	-15756	-15008	-15735
ENSMUST00000019614	CCCAGAATCCGGACAAGGTAC	2869	2528	2890	2549
ENSMUST00000084125	TCAGACCCAGCTGTTTTCATT	14367	7957	14388	7978
ENSMUST00000084125	TCAGACCCAGCTGTTTTCATT	14367	7957	14388	7978
ENSMUST00000084125	TCAGACCCAGCTGTTTTCATT	14367	7957	14388	7978
ENSMUST00000066498	TTTCAGTTCTGAACATATTAA	-25502	-26047	-25481	-26026
ENSMUST00000030898	TCTCGCTGGCTGCTGAAGCGT	-5569	-6664	-5548	-6643
ENSMUST00000085758	GGCTTCGGTGTCAGTCAACTT	21232	20653	21253	20674
ENSMUST00000103213	AGAAGATGACTCCACAGCTTAT	-2210	-3352	-2188	-3330
ENSMUST00000103213	AGAAGATGACTCCACAGCTTAT	-2210	-3352	-2188	-3330
ENSMUST00000086521	TGTAAGGAGACCGCAGGTGACT	-14244	-14718	-14222	-14696
ENSMUST00000021659	AACGTAGAGAAGTTGCTCACGT	-10414	-12341	-10392	-12319
ENSMUST00000025904	GGGGAACCGGGAAAGAAGGTGA	778	-97	800	-75
ENSMUST00000122232	CCGAGGGGTACCCGAGCGGCCG	5578	4706	5600	4728
ENSMUST00000101085	AGTGAGCGAGCCCGGGGGAACA	3767	3111	3789	3133
ENSMUST00000101085	AGTGAGCGAGCCCGGGGGAACA	712	-651	734	-629
ENSMUST00000101085	AGTGAGCGAGCCCGGGGGAACA	712	-651	734	-629
ENSMUST00000101085	AGTGAGCGAGCCCGGGGGAACA	712	-651	734	-629
ENSMUST00000101085	AGTGAGCGAGCCCGGGGGAACA	712	-651	734	-629
ENSMUST00000101085	AGTGAGCGAGCCCGGGGGAACA	712	-651	734	-629
ENSMUST00000101085	AGTGAGCGAGCCCGGGGGAACA	712	-651	734	-629
ENSMUST00000101085	AGTGAGCGAGCCCGGGGGAACA	712	-651	734	-629
ENSMUST00000127569	TGTGGTACCTGCTCAGATTTAT	-3246	-3701	-3224	-3679
ENSMUST00000063577	TGGAATTTGGAGAGGATCTGCT	2609	1908	2631	1930
ENSMUST00000159569	ACATATGTGGGAAGGCATTCAC	-15031	-15758	-15009	-15736
ENSMUST00000076463	GAAAACTTTCTGGATGGGCTTG	22990	21937	23012	21959
ENSMUST00000120963	TCTTCTGAAAGAACAAGGACGG	16318	15513	16340	15535
ENSMUST00000000776	GGGATGAGCTGTGGAACAGAGT	35	-261	57	-239
ENSMUST00000000776	GGGATGAGCTGTGGAACAGAGT	-12814	-14863	-12792	-14841
ENSMUST00000000776	GGGATGAGCTGTGGAACAGAGT	-23768	-24970	-23746	-24948
ENSMUST00000061522	TCTCCTGGGGCTGAAGCAGGTAC	-1003	-1918	-980	-1895
ENSMUST00000064536	CGGAAACGAGTTAAGCCGCTCTC	44291	43181	44314	43204
ENSMUST00000064536	CGGAAACGAGTTAAGCCGCTCTC	44291	43181	44314	43204
ENSMUST00000028926	CCCCTGTCATGGTGGTAACAGGG	-11364	-13639	-11341	-13616
ENSMUST00000028926	CCCCTGTCATGGTGGTAACAGGG	-11364	-13639	-11341	-13616
ENSMUST00000126854	AGGGAGGCTAGCGGTTGCTCAGA	-2965	-3929	-2942	-3906
ENSMUST00000005719	TGAAATCCAAAGTGATTGTCATG	455	-1281	478	-1258
ENSMUST00000046425	CGGAGAGGAGGACGCCGCCGGACG	9752	9321	9776	9345
ENSMUST00000000505	ACAGCTAGGACCCAGAGGCCAGCA	-4759	-5135	-4735	-5111
ENSMUST00000032508	CCGGGAAAAGAAGCTCTATGCCAA	-913	-1181	-889	-1157
ENSMUST00000108321	CTTGTGGCTTCAGTCCTGGGCTTA	-1182	-2689	-1158	-2665
ENSMUST00000108321	CTTGTGGCTTCAGTCCTGGGCTTA	-17445	-17804	-17421	-17780
ENSMUST00000108321	CTTGTGGCTTCAGTCCTGGGCTTA	-18799	-19291	-18775	-19267
ENSMUST00000040468	AAGCCAGATTTATTGAAGACTACC	-14106	-15217	-14082	-15193
ENSMUST00000169397	GTGCTGCCTGAGCTATTGAGAGAG	-1121	-1453	-1097	-1429
ENSMUST00000030886	ACCACTGGAGGTTCCGCCCCTGCTG	6086	5574	6111	5599
ENSMUST00000156473	CCACTGGCTCAGAATGAACGCTGTC	1832	-74	1857	-49
ENSMUST00000029741	TAAATTAGCCCCGACCCTGAGTTCT	4095	3556	2326	1787
ENSMUST00000021282	CATTTTCTTCTCCTGAACTCCAAGCC	-7182	-7725	-7156	-7699
ENSMUST00000165199	CTCAGTCAGACTCCATGGTTTTTGCC	2882	2416	991	525
ENSMUST00000109877	TCCCTAGCAACAGTCGAAGCTCTGCT	-37593	-38013	-37567	-37987
ENSMUST00000098873	GAGGACATAGTTCAGTGGTAGAACGT	-20072	-21150	-20046	-21124
ENSMUST00000032410	GGGCCCAGGAGGATCTGCTGGAGGAGC	-4388	-5236	-4361	-5209
ENSMUST00000043897	TAAATTGTGTCTTTGCATCACTTCTGG	4516	4165	4543	4192
ENSMUST00000043897	TAAATTGTGTCTTTGCATCACTTCTGG	4516	4165	4543	4192
ENSMUST00000043897	TAAATTGTGTCTTTGCATCACTTCTGG	4516	3932	4543	3959
ENSMUST00000043897	TAAATTGTGTCTTTGCATCACTTCTGG	2942	2645	2969	2672
ENSMUST00000043897	TAAATTGTGTCTTTGCATCACTTCTGG	2744	2409	2771	2436
ENSMUST00000043897	TAAATTGTGTCTTTGCATCACTTCTGG	2321	2082	2348	2109
ENSMUST00000043897	TAAATTGTGTCTTTGCATCACTTCTGG	412	187	439	214
ENSMUST00000043897	TAAATTGTGTCTTTGCATCACTTCTGG	4516	4165	4543	4192
ENSMUST00000043897	TAAATTGTGTCTTTGCATCACTTCTGG	4516	4165	4543	4192
ENSMUST00000043897	TAAATTGTGTCTTTGCATCACTTCTGG	4516	3932	4543	3959
ENSMUST00000043897	TAAATTGTGTCTTTGCATCACTTCTGG	2942	2645	2969	2672
ENSMUST00000043897	TAAATTGTGTCTTTGCATCACTTCTGG	2744	2409	2771	2436
ENSMUST00000043897	TAAATTGTGTCTTTGCATCACTTCTGG	2321	2082	2348	2109
ENSMUST00000043897	TAAATTGTGTCTTTGCATCACTTCTGG	412	187	439	214
ENSMUST00000084125	AATATTCTGGAATGGACTTGGTGTTAATT	3851	-2559	3880	-2530
ENSMUST00000084125	AATATTCTGGAATGGACTTGGTGTTAATT	3851	-2559	3880	-2530
ENSMUST00000084125	AATATTCTGGAATGGACTTGGTGTTAATT	3851	-2559	3880	-2530
ENSMUST00000018821	TTCTGGAGTCTCTCCTACACCAAATCATCCTCC	2597	2357	2073	1833
ENSMUST00000099554	TAATAAGAGAATAAAGAATTCAAAAGTGCTTGAA	633	-806	666	-773
ENSMUST00000099554	TAATAAGAGAATAAAGAATTCAAAAGTGCTTGAA	-6348	-7460	-6315	-7427
ENSMUST00000027127	CCAGAAGAACAAAAAGAAAGAAAAATAATGAAGT	-11341	-13349	-11307	-13315
ENSMUST00000003961	GCTCGCCCTACGGACTGCACCACCTATACATACCA	-1386	-1798	-1351	-1763
ENSMUST00000118163	TTATTTGAGGCTGCACATGCACTCTCTCCTACTCT	48892	47183	48927	47218
ENSMUST00000016771	GGACCTTCCACATCTTCTACTACCTGCTGTCTGGGGCC	53	-679	91	-641
ENSMUST00000061326	GTCTATCTTCTGTCCCAGGGCCGCCGTCACCATGGGCC	108	-184	146	-146
ENSMUST00000110701	GGCCAGGGGACTTCTCAGAAGAATTGTCAACACTGTTT	-10003	-10622	-9965	-10584
ENSMUST00000110701	GGCCAGGGGACTTCTCAGAAGAATTGTCAACACTGTTT	-13515	-13926	-13477	-13888
ENSMUST00000021347	TTTTTCTTTCTTCGTTCTGCAAACATACACAAGACACTCG	-7317	-8179	-7277	-8139
ENSMUST00000154230	ATCTGTCATTCTAAGAGAGAAACCTCAGTCTGGCCGCCAG	26282	25929	26322	25969
ENSMUST00000177517	CCGGACCTCCAGTCCCTGCGCTACGCCCTGTCGCTCTACAC	-27869	-28317	-27828	-28276
ENSMUST00000177517	CCGGACCTCCAGTCCCTGCGCTACGCCCTGTCGCTCTACAC	-27869	-28317	-27828	-28276
ENSMUST00000030872	CATTTACTTAGGACTGTGTTTTGCTCTATGAACTATCCCCTGC	-39512	-39733	-39469	-39690
ENSMUST00000180572	TTGTAAACTTGTTGCATTTTTATATGATTTTCTTGACTGCACG	-1758	-2551	-1715	-2508
ENSMUST00000180572	TTGTAAACTTGTTGCATTTTTATATGATTTTCTTGACTGCACG	-6984	-7662	-6941	-7619
ENSMUST00000105631	CCCTGTCCCCTACTCCACTGTGCACCGGGCTTGTTTTGAACAA	1507	-519	1550	-476
ENSMUST00000105631	CCCTGTCCCCTACTCCACTGTGCACCGGGCTTGTTTTGAACAA	-492	-2143	-449	-2100
ENSMUST00000105631	CCCTGTCCCCTACTCCACTGTGCACCGGGCTTGTTTTGAACAA	-492	-2143	-449	-2100
ENSMUST00000001672	TTTCCAACAGAAACTGTTAAATTTGGTCCTGAGCGCATGTATATT	-12842	-13167	-12797	-13122
ENSMUST00000021921	TTTAGAGACTGGCTTCAAGGACTTCAGGATGCATTTGACAGTGAC	-421	-824	-6075	-6478
ENSMUST00000149964	TTCCTGGCTTGAGTTCCTGTCCCTTTTGATTGTGGCCTCTGGAAA	4013	-2184	4058	-2139
ENSMUST00000149964	TTCCTGGCTTGAGTTCCTGTCCCTTTTGATTGTGGCCTCTGGAAA	-28852	-29526	-28807	-29481
ENSMUST00000149964	TTCCTGGCTTGAGTTCCTGTCCCTTTTGATTGTGGCCTCTGGAAA	-28852	-30194	-28807	-30149
ENSMUST00000149964	TTCCTGGCTTGAGTTCCTGTCCCTTTTGATTGTGGCCTCTGGAAA	-28852	-32534	-28807	-32489
ENSMUST00000149964	TTCCTGGCTTGAGTTCCTGTCCCTTTTGATTGTGGCCTCTGGAAA	-33471	-35138	-33426	-35093
ENSMUST00000159451	CTACCCAGCCTCTCTCCTGCCACAAACGGCTCAGCCACAGAGTTAT	-30579	-32960	-30533	-32914
ENSMUST00000159451	CTACCCAGCCTCTCTCCTGCCACAAACGGCTCAGCCACAGAGTTAT	-62751	-63088	-62705	-63042
ENSMUST00000046022	CATTTGGGGATGTAGGGCTGCTCACAGGGGATGTGCAGCTGCACCC	1096	785	1142	831
ENSMUST00000046022	CATTTGGGGATGTAGGGCTGCTCACAGGGGATGTGCAGCTGCACCC	451	187	497	233
ENSMUST00000046022	CATTTGGGGATGTAGGGCTGCTCACAGGGGATGTGCAGCTGCACCC	73	-568	119	-522
ENSMUST00000046022	CATTTGGGGATGTAGGGCTGCTCACAGGGGATGTGCAGCTGCACCC	73	-568	119	-522
ENSMUST00000046022	CATTTGGGGATGTAGGGCTGCTCACAGGGGATGTGCAGCTGCACCC	-767	-1225	-721	-1179
ENSMUST00000049074	CCTGTCCTGGCGGTCATTCTCATCATACTCATTGTCATCGCCATCC	12341	11856	9500	9015
ENSMUST00000101497	GTTTGTCTCCAAGTTCTTTGAGCATCACCCAGTACCACAGGAGGAGG	-16492	-16756	-16445	-16709
ENSMUST00000052885	TACACATCGTCTTCTCCCGGTCCCCCATCAACTGCTTAGAGCATGTTCG	1566	1208	1615	1257
ENSMUST00000052885	TACACATCGTCTTCTCCCGGTCCCCCATCAACTGCTTAGAGCATGTTCG	1341	923	1390	972
ENSMUST00000052885	TACACATCGTCTTCTCCCGGTCCCCCATCAACTGCTTAGAGCATGTTCG	1566	923	1615	972
ENSMUST00000052885	TACACATCGTCTTCTCCCGGTCCCCCATCAACTGCTTAGAGCATGTTCG	1137	923	1186	972
ENSMUST00000163666	TTCCCTAACCTAGTCACCTCGTTCCTAAAGGCTTTCCTACCCCAGCCAA	-335	-752	-286	-703
ENSMUST00000163666	TTCCCTAACCTAGTCACCTCGTTCCTAAAGGCTTTCCTACCCCAGCCAA	-836	-1189	-787	-1140
ENSMUST00000163666	TTCCCTAACCTAGTCACCTCGTTCCTAAAGGCTTTCCTACCCCAGCCAA	-836	-1394	-787	-1345
ENSMUST00000163666	TTCCCTAACCTAGTCACCTCGTTCCTAAAGGCTTTCCTACCCCAGCCAA	-1718	-3388	-1669	-3339
ENSMUST00000176652	ACAGGCCTGTGCGCTGCCCCAACAACCCCAGCTGCCCACCCCTTCTCAA	3026	2409	3075	2458
ENSMUST00000055808	CCCGCGGTCGCAGCTCGTGCCGCCTCCTTCTCCTCCTCGTCTCAGTAGCT	25935	22692	25985	22742
ENSMUST00000154230	GTGAGTTCCCCGTGTTTCCCACCACCCTGACTTCAGACCGGCTGTTCCGA	-6698	-7051	-6648	-7001
ENSMUST00000154230	GTGAGTTCCCCGTGTTTCCCACCACCCTGACTTCAGACCGGCTGTTCCGA	-6698	-7051	-6648	-7001
ENSMUST00000047889	AGCAGCTGTATATCTGACTGGAGTCTCCCTGCCTCGCTCCCGCGCGCATTT	4059	3102	4110	3153
ENSMUST00000047889	AGCAGCTGTATATCTGACTGGAGTCTCCCTGCCTCGCTCCCGCGCGCATTT	3159	2678	3210	2729
ENSMUST00000004378	GTCACCACCGCCACTGCCACCGCCACCGCCGCCAACGCCACCGACTGAGTCT	6958	6404	7010	6456
ENSMUST00000043897	TCCCAAGACCTTTGTACACTGTGCTACCATATACAAGCGTTATTACATGGATGG	103	-248	-261	-612
ENSMUST00000043897	TCCCAAGACCTTTGTACACTGTGCTACCATATACAAGCGTTATTACATGGATGG	103	-248	-261	-612
ENSMUST00000043897	TCCCAAGACCTTTGTACACTGTGCTACCATATACAAGCGTTATTACATGGATGG	103	-481	-261	-845
ENSMUST00000043897	TCCCAAGACCTTTGTACACTGTGCTACCATATACAAGCGTTATTACATGGATGG	-1471	-1768	-1835	-2132
ENSMUST00000043897	TCCCAAGACCTTTGTACACTGTGCTACCATATACAAGCGTTATTACATGGATGG	-1669	-2004	-2033	-2368
ENSMUST00000043897	TCCCAAGACCTTTGTACACTGTGCTACCATATACAAGCGTTATTACATGGATGG	-2092	-2331	-2456	-2695
ENSMUST00000043897	TCCCAAGACCTTTGTACACTGTGCTACCATATACAAGCGTTATTACATGGATGG	-4001	-4226	-4365	-4590
ENSMUST00000043897	TCCCAAGACCTTTGTACACTGTGCTACCATATACAAGCGTTATTACATGGATGG	103	-248	-261	-612
ENSMUST00000043897	TCCCAAGACCTTTGTACACTGTGCTACCATATACAAGCGTTATTACATGGATGG	103	-248	-261	-612
ENSMUST00000043897	TCCCAAGACCTTTGTACACTGTGCTACCATATACAAGCGTTATTACATGGATGG	103	-481	-261	-845
ENSMUST00000043897	TCCCAAGACCTTTGTACACTGTGCTACCATATACAAGCGTTATTACATGGATGG	-1471	-1768	-1835	-2132
ENSMUST00000043897	TCCCAAGACCTTTGTACACTGTGCTACCATATACAAGCGTTATTACATGGATGG	-1669	-2004	-2033	-2368
ENSMUST00000043897	TCCCAAGACCTTTGTACACTGTGCTACCATATACAAGCGTTATTACATGGATGG	-2092	-2331	-2456	-2695
ENSMUST00000043897	TCCCAAGACCTTTGTACACTGTGCTACCATATACAAGCGTTATTACATGGATGG	-4001	-4226	-4365	-4590
ENSMUST00000047421	GGCCCGCACTGCCCTCCTGACTGGACTCACGCCGGGCACCCACTACCAGCTGGAT	929	-113	984	-58
ENSMUST00000078482	ATCACTACCACAGCCATCCTGGACCGGGAAATCTGGGCAGAAACACGGCTGGTACT	446	-30	27	-449
ENSMUST00000111147	TCAAATATGGGGGATAATCTGGATGGGCTGCTGCTGTGCTCAATGTGAACTATTTA	-9609	-9958	-9553	-9902
ENSMUST00000078482	ACGTGGTAGCTCGGGATCCAGACCTGGGGGAGGCTGCCCGCGTGTCCTATCGCCTT	5641	5165	5697	5221
ENSMUST00000088010	GCCCCGAAGACCAAGACTACTCCTCGACTTCCTCTGAGACCCCCAATCCTCCCAAAG	-1037	-1465	-980	-1408
ENSMUST00000088010	GCCCCGAAGACCAAGACTACTCCTCGACTTCCTCTGAGACCCCCAATCCTCCCAAAG	-9592	-10082	-9535	-10025
ENSMUST00000100143	TTGAGGAAGACCATCTTTCCCATTATTCTCCCTGGTCTTGTGGTACCATAGGCTCTT	-10686	-10992	-10629	-10935
ENSMUST00000100143	TTGAGGAAGACCATCTTTCCCATTATTCTCCCTGGTCTTGTGGTACCATAGGCTCTT	-10686	-10992	-10629	-10935
ENSMUST00000113615	CTTCACTGTCCTCCTCTTCCACTTCGACTACCCGAGGCTCTCACAGGGCTTCCTGCTT	-11641	-12233	-11583	-12175
ENSMUST00000085701	AGAAAGGGGGGTGGACATACGCTATGGACTTTCCTGCCACCTACACTAGAGACAAGAAA	21272	20945	20826	20499
ENSMUST00000085701	AGAAAGGGGGGTGGACATACGCTATGGACTTTCCTGCCACCTACACTAGAGACAAGAAA	3348	2984	2902	2538
ENSMUST00000085701	AGAAAGGGGGGTGGACATACGCTATGGACTTTCCTGCCACCTACACTAGAGACAAGAAA	501	-5	55	-451
ENSMUST00000178410	GTCATTCGCCCAGATCTACAGCTGGAATTCTGTGCTGAAGGGTCTAAAAACTCTTTTTA	32470	30089	30212	27831
ENSMUST00000178410	GTCATTCGCCCAGATCTACAGCTGGAATTCTGTGCTGAAGGGTCTAAAAACTCTTTTTA	298	-39	-1960	-2297
ENSMUST00000162065	CAGGGGCGACAGCACGTCCAGTACCAGGAGTGCTGGGAAACTGTCCAAAACAGGTTCTG	-11921	-14302	-18946	-21327
ENSMUST00000162065	CAGGGGCGACAGCACGTCCAGTACCAGGAGTGCTGGGAAACTGTCCAAAACAGGTTCTG	-44093	-44430	-51118	-51455
ENSMUST00000060255	TGGGGCCTCTGCGCCACACTGTAAGACCCCCTTGATGCAGCCCTCTGAACGCCAAGCCTC	-1135	-1342	-1075	-1282
ENSMUST00000078226	TTTTAATATCCTGTTTTCCTGGCTCTCTAACTGCCTTGCACAATGATATTTCCTTTAAACTG	-4989	-6044	-4927	-5982
ENSMUST00000078226	TTTTAATATCCTGTTTTCCTGGCTCTCTAACTGCCTTGCACAATGATATTTCCTTTAAACTG	-131203	-132288	-131141	-132226
ENSMUST00000078226	TTTTAATATCCTGTTTTCCTGGCTCTCTAACTGCCTTGCACAATGATATTTCCTTTAAACTG	-131203	-132288	-131141	-132226
ENSMUST00000021062	AAACATTATCTTATTTGCTGCCTGCCATTGTACACATAAACCACCAGCCATTCCTAGAGAGA	3884	2334	3654	2104
ENSMUST00000085913	TTTGGCTGCCTTTCTGTCTTACTGCCCGGGCATGGGGGTTGCCCTCCGGATGTACCCACTCAA	-2354	-2814	-2595	-3055
ENSMUST00000107693	ACCCCAAGGTCCTGCCCTGTCTGCACACTTTCTGCGAGAGGTGCCTGCAGAACTACATCCCAGCCCAC	19804	18055	17692	15943
ENSMUST00000114102	TCAAGGAGGAGAGTGACTTCCATGACCTCGAGTCAGTAGTCCAGCAAGTCGAACAGAACCTTGAACTGA	45	-521	-412	-978
ENSMUST00000114102	TCAAGGAGGAGAGTGACTTCCATGACCTCGAGTCAGTAGTCCAGCAAGTCGAACAGAACCTTGAACTGA	-1112	-2129	-1569	-2586
ENSMUST00000045473	AAACAGGCCCCAAGGGCCCTGAGCCTCCAGCCCAAACCCTTAGACCTCTGGGATCACGTTGAGTTCTATT	-1622	-3935	-1552	-3865
ENSMUST00000110677	TGCAGTTGTGGAACCAGCTGGAAACACGAAGCGTTGACTGTAGAGCAGGCTGGACCCGGAAGGTCAGGTTC	-1261	-2456	-1190	-2385
ENSMUST00000110677	TGCAGTTGTGGAACCAGCTGGAAACACGAAGCGTTGACTGTAGAGCAGGCTGGACCCGGAAGGTCAGGTTC	-1261	-2456	-1190	-2385
ENSMUST00000107691	ATGTCAGGCTTGATAGCTCAATAAGAAATAACACAAATTTTTTTTTCTTAACACACAAATATTGGTATGAAC	-27170	-28919	-27098	-28847
ENSMUST00000154230	AGGATGATAGACGCGGTATTCACGAAAGACCCAGGCAGCAAGAAATGCACAAGCCTTTCCGAGGCTCAAATTT	25687	25334	25760	25407
ENSMUST00000187541	AGGGCCAGCATCCTTCCCCACAGCACTACATCTCCGAGCCCTATCTGGCCCTCCATGAAGACTCCCACGCCTCA	-95467	-97103	-95393	-97029
ENSMUST00000163666	ACGAGAGGAGTGGAAGCTTGACACATTGTGTGACTTGTATGAGACGCTGACCATCACCCAGGCAGTCATCTTTA	502	85	576	159
ENSMUST00000163666	ACGAGAGGAGTGGAAGCTTGACACATTGTGTGACTTGTATGAGACGCTGACCATCACCCAGGCAGTCATCTTTA	1	-352	75	-278
ENSMUST00000163666	ACGAGAGGAGTGGAAGCTTGACACATTGTGTGACTTGTATGAGACGCTGACCATCACCCAGGCAGTCATCTTTA	1	-557	75	-483
ENSMUST00000163666	ACGAGAGGAGTGGAAGCTTGACACATTGTGTGACTTGTATGAGACGCTGACCATCACCCAGGCAGTCATCTTTA	-881	-2551	-807	-2477
ENSMUST00000047037	ATGCAAGTGTAATTACTTTCTAAGGCCCTTCTAGCTATGATTTTTTTGGAACTGTGTGAATGTAGTATATTCATT	-26422	-27276	-26347	-27201
ENSMUST00000154230	ATGACCCACATGGTCACGCACATGCCTGACCAGTATAAGATCGTAGAGACTCTCATCCAGCATCATGACTGGTTTT	311	-42	35	-318
ENSMUST00000154230	ATTGAGGCCAATCGCAAAGAGGACCCACTGGATCGGCTACGAACATTAAAGAGACTAATTCATGACCTGCCTGAGCA	3749	3396	3587	3234
ENSMUST00000161046	CTTTCAGTGATCTGTGTGCATCTGTAAAGGCAAACCAGAGAAAACAGCCCTAGTCAATAGTGTTCTCCTCACCATGTCC	-7197	-7891	-7118	-7812
ENSMUST00000187541	TTGGCCGCCATTTGAGTACATGATCCTGGCCACCATCATTGCCAACTGCATCGTCTTGGCCCTGGAGCAGCATCTTCCTGA	239854	238218	214854	213218
ENSMUST00000028926	GTTGATGCTCCCTGCTACTTTATATGCTGATACAGTACTGTAGACATGACCTTGCTCCCTGGGTCCCCTTTGCTGAGAGACTTTTA	-12001	-14276	-11915	-14190
ENSMUST00000028926	GTTGATGCTCCCTGCTACTTTATATGCTGATACAGTACTGTAGACATGACCTTGCTCCCTGGGTCCCCTTTGCTGAGAGACTTTTA	-12001	-14276	-11915	-14190
ENSMUST00000154230	CTGGAAGATTCTGTGCTGATGAAGTATTGCCCAAGGAGCGCGTCTCAAGGAGCGCTGACCTCACCGCCTGTTAGCTTCAATAATCATA	25473	25120	25561	25208
ENSMUST00000097368	TTTATTGAGCATATCCTGTGGCATGTGGGACTCTCAGCCTGCCTTGGACTGACTGTTGCTCTGTCCATCTTTTCGGATATCATCGCCCT	30	-528	119	-439
ENSMUST00000117945	GAAGGGGTCCTGTCATAGCCTGGACCCTACTCCACTGCCACATCCCCACCAGCTGCGGGTGTGTACATAGAAACTGAAATCAGGCACTCAG	-17660	-18827	-17569	-18736
ENSMUST00000117945	GAAGGGGTCCTGTCATAGCCTGGACCCTACTCCACTGCCACATCCCCACCAGCTGCGGGTGTGTACATAGAAACTGAAATCAGGCACTCAG	-17660	-18827	-17569	-18736
ENSMUST00000140471	TTAGGTAGATAGAGGCTGTGCCTCCTTCAGGAAGAGACACTGTCCTTATAACTTCTGGTCAGTGCTGAGTCACAGGCATTGAGGGAGGAGGG	-3955	-4949	-3863	-4857
ENSMUST00000021091	CCTCCTTCCTCCCTTCCCTCTCCCTCCCCCTCCCCCGCTGGTGGATGGGAGTGAAGGACGGAAGAGGCCCTGCGGAGGCGGTGGTGCAGCGCTCCG	50627	44961	25364	19698
ENSMUST00000021091	CCTCCTTCCTCCCTTCCCTCTCCCTCCCCCTCCCCCGCTGGTGGATGGGAGTGAAGGACGGAAGAGGCCCTGCGGAGGCGGTGGTGCAGCGCTCCG	40170	38511	14907	13248
ENSMUST00000030381	CTCCCCCGACTCGGAAATCACTGAACTCAAGTTTCCATCAATAAGTCAGGACTGATCTGGATGAGTCTTCAACTTCAGCTTTGACAGTTTACAACT	-1190	-1425	-2607	-2842
ENSMUST00000086854	CCACAGTCAGAAACTACGTGGAGAATCGGCCCAAGTACGCAGGACTCACCTTCCCCAAGCTCTTTCCAGATTCCCTCTTCCCAGCGGATTCTGAGC	-244364	-244809	-244268	-244713
ENSMUST00000026142	CTTCTTACTTACGAGTTTGTAAAGCAGAAATACCTGGACTATAGACGAGTGCCCAACAGCAACCCTCCTGAGTATGAGTTCCTCTGGGGCCTCCGCTCCTACC	464	-19	85	-398
ENSMUST00000026142	CTTCTTACTTACGAGTTTGTAAAGCAGAAATACCTGGACTATAGACGAGTGCCCAACAGCAACCCTCCTGAGTATGAGTTCCTCTGGGGCCTCCGCTCCTACC	44	-247	-335	-626
ENSMUST00000026142	CTTCTTACTTACGAGTTTGTAAAGCAGAAATACCTGGACTATAGACGAGTGCCCAACAGCAACCCTCCTGAGTATGAGTTCCTCTGGGGCCTCCGCTCCTACC	-338	-728	-717	-1107
ENSMUST00000187541	AAACCTTCACTCACTATATCAAGGACTTGGGAACTTCTTAGCATTTCTTCTAAGCATTGAATTTTTTTAAGGAAACCTCCATCTTAATGGGACTGAGGCTAAGTT	-89489	-91125	-89384	-91020
ENSMUST00000078226	CAGACAGGTCTGGGAGTTCTGTTCCACCTGAGTGGAGAGTTCAATAGAGCAATCGATGCATTTAATGCTGCCTTAACAGTTCGGCCAGAGGATTACTCACTGTGGAACCGT	-2637	-3692	-3256	-4311
ENSMUST00000078226	CAGACAGGTCTGGGAGTTCTGTTCCACCTGAGTGGAGAGTTCAATAGAGCAATCGATGCATTTAATGCTGCCTTAACAGTTCGGCCAGAGGATTACTCACTGTGGAACCGT	-128851	-129936	-129470	-130555
ENSMUST00000078226	CAGACAGGTCTGGGAGTTCTGTTCCACCTGAGTGGAGAGTTCAATAGAGCAATCGATGCATTTAATGCTGCCTTAACAGTTCGGCCAGAGGATTACTCACTGTGGAACCGT	-128851	-129936	-129470	-130555
ENSMUST00000100143	TTGACAATTGTTTTGCAGCGAACTGGTGACCCTGCTAATTTAAATAGGCTGAGACCTCATTTAGAGCTTCTTGCAAACATAGACCCTAATCCAGATGCTGTTTCACCAACT	10281	9975	10026	9720
ENSMUST00000100143	TTGACAATTGTTTTGCAGCGAACTGGTGACCCTGCTAATTTAAATAGGCTGAGACCTCATTTAGAGCTTCTTGCAAACATAGACCCTAATCCAGATGCTGTTTCACCAACT	10281	9975	10026	9720
ENSMUST00000055655	AGCATGGTCGCTTCTTAGAGATTGGCAAATTTGATCTTTCTAACAACCACCCTCTGGGCATGGCTATCTTCTTGAAGAACGTCACTTTCCATGGGATCCTGCTGGACGCCC	3622	3096	3302	2776
ENSMUST00000109830	AACAAGAAGGGAAATGACAACCAAAGGTTCTACAGGCATGGAAGTTCTGTTGTCAACATTGGAGAACACGAAAGATCTTCAGACTGTACTTAATATCCTAAGCATTCTCATTGAGC	59492	58467	58382	57357
ENSMUST00000161132	TTTCATAAAGAACTGCTTTTACACAAACAAAAGAGCCAAAACAAAAGTGAATCTTCTGAGCATTCCCTCCCTCCTTTGTTTCTGTCCAAGGAAATAGAGCATCCATTCATTTCACT	17992	17313	18108	17429
ENSMUST00000161132	TTTCATAAAGAACTGCTTTTACACAAACAAAAGAGCCAAAACAAAAGTGAATCTTCTGAGCATTCCCTCCCTCCTTTGTTTCTGTCCAAGGAAATAGAGCATCCATTCATTTCACT	17448	17139	17564	17255
ENSMUST00000112476	TAAAGTGGGGTCACGGGCATGAGTGTTTCAGTGCTTACCATGGTGTGTATAAGCCTTGAACTATGCATAGAACTGGAGTTTGGGGAGTGCTGGATGTGTGGTCATGCTTGGTTGAGGC	-2178	-2732	-2060	-2614
ENSMUST00000154230	ACATATTCCTGCATCTGCTGTCATCTCCGCCTCTACTGCCCACGTCCCCTCCATTGCAACTGTTCCCCCCAGCCTCACGACCTCTGCTCCTTTGATTCGACGTCAGCTCTCCCACGACCAAGAATCT	16302	15949	16053	15700
ENSMUST00000154230	ACATATTCCTGCATCTGCTGTCATCTCCGCCTCTACTGCCCACGTCCCCTCCATTGCAACTGTTCCCCCCAGCCTCACGACCTCTGCTCCTTTGATTCGACGTCAGCTCTCCCACGACCAAGAATCT	16302	15949	16053	15700
ENSMUST00000132435	TTATTCTTGGTTCATCATACTCCAGACCATGTATCCTCTGGTGTCCTGGCTGGAAGAAGGGGCGTGTGGCCATGCAGCCCGCTCTCCCAAGCTGTCCCAGCAAATGGGCAGGAGGGGCATGGCCTCTTT	-1441	-3754	-1312	-3625
ENSMUST00000135665	AGCCTGAGCATCAGTGAGGTTCTGCAGCTGCTACATAAACTCAACGTGAACCTGCCCCGGCAGAGGGTGAAACAGATGTTCAGGGAGGCGGACACAGATGACCATCAGGGGACATTAGGCTTTGAGGAATT	23285	21259	19440	17414
ENSMUST00000135665	AGCCTGAGCATCAGTGAGGTTCTGCAGCTGCTACATAAACTCAACGTGAACCTGCCCCGGCAGAGGGTGAAACAGATGTTCAGGGAGGCGGACACAGATGACCATCAGGGGACATTAGGCTTTGAGGAATT	21286	19635	17441	15790
ENSMUST00000135665	AGCCTGAGCATCAGTGAGGTTCTGCAGCTGCTACATAAACTCAACGTGAACCTGCCCCGGCAGAGGGTGAAACAGATGTTCAGGGAGGCGGACACAGATGACCATCAGGGGACATTAGGCTTTGAGGAATT	21286	19635	17441	15790
ENSMUST00000074352	ATCTGGTACAGTGGGGATGACCTGAAAGAGAAGAGGCAGTGCTGTGCCACAGCTGCCCCCTTGGAGCCCTGCTCATGGCCAGTGAGAAGCTGTTGGCTGCAGCTCCTATCCCCACACTGTAATACTCAGCTCTA	234	-746	368	-612
ENSMUST00000111760	CTGTGAAATTCATAGTCAGAAAATTTCCTGCTGTAGAAACGCGCAACAACAATCAACAGCTGGCACAGCTACAGAAAGAAAAATCAGAGATTCTGAAAAATCTGGCGTTGTATTACTTTACATTTGTAGATGTTAT	17043	16730	1648	1335
ENSMUST00000105575	GGGTTTTGTGGGCTGTCTGCGGGACGTGGTAGTGGGCCATCGCCAGCTGCATCTGCTGGAGGACGCTGTCACCAAACCAGAGCTAAGACCCTGCCCCACTCTCTGAGCTGCCACTAGAGCTGCCACCTTCCCTCCTGTA	-2397	-3190	-2258	-3051
ENSMUST00000105575	GGGTTTTGTGGGCTGTCTGCGGGACGTGGTAGTGGGCCATCGCCAGCTGCATCTGCTGGAGGACGCTGTCACCAAACCAGAGCTAAGACCCTGCCCCACTCTCTGAGCTGCCACTAGAGCTGCCACCTTCCCTCCTGTA	-7623	-8301	-7484	-8162
ENSMUST00000009344	TGCAGGCTTTTGGACAGTCCTTTCTTCAGCCTGACATCCACCTGTTCAAACAAAATCTCTTCTACTTGGAGACTCTGAACACGAAGCAGAAACTATACCACAAAAAGATCTTCCGGACCACCATGCTGTTCCAGTTCGTGAACGTGCTGCT	-1953	-3506	-2297	-3850
ENSMUST00000078352	AAGACTGTGCGGGACCTCATGCCCAAGACCATCATGCACCTCATGATCAACAACACCAAGGAGTTTATCTTCTCTGAGCTGCTGGCCAACCTGTACTCTTGCGGGGACCAGAACACACTGATGGAAGAATCGGCCGAGCAGGCTCAGCGGCGCGACGAGATGCTGCGCATGTACCACGCAC	6555	4538	4360	2343
ENSMUST00000200169	TGTCTAGACATTCTGGAGGATTATCTGATCCAGAGGAGGTACTTATATGAACGTATTGATGGGCGAGTTAGAGGCAACCTTCGACAAGCTGCTATCGACCGCTTTAGCAAGCCTGACTCAGACCGCTTTGTCTTCTTGCTATGTACCCGTGCTGGTGGACTTGGTATTAATCTTACAGCTGCTGATACCTG	14801	13814	14423	13436
ENSMUST00000200169	TGTCTAGACATTCTGGAGGATTATCTGATCCAGAGGAGGTACTTATATGAACGTATTGATGGGCGAGTTAGAGGCAACCTTCGACAAGCTGCTATCGACCGCTTTAGCAAGCCTGACTCAGACCGCTTTGTCTTCTTGCTATGTACCCGTGCTGGTGGACTTGGTATTAATCTTACAGCTGCTGATACCTG	11999	10925	11621	10547
ENSMUST00000028386	ATTTCCTGCTGTAGAAACGCGCAACAACAATCAACAGCTGGCACAGCTACAGAAAGAAAAATCAGAGATTCTGAAAAATCTGGCGTTGTATTACTTTACATTTGTAGATGTTATGGAATTTAAGGACCATGTCTGTGACTTGCTGAATACTATTGACGTTTGCCAAGTCTTCTTTGATATTACTGTGAACTTTGATTTAACAAAGAACTACTTAGACTTGACTGTAACCTATACAACATTAATGATACTGCTGTCCCGGATTGAAGAACGGAAGGCAATCATTGGACTATACAATTATGCACATGAAATGACCCATGGAGCAAGTGACCGAGAATATCCACGCCTTGGTCAGATGATTGTGGACTATGAAAACCCTTTAAAAAAGATGATGGAAGAATTTGTACCCCATAGCAAGTCTCTTTCAGATGCGCTAATTTCTCTT	17064	16751	-4273	-4586
