transcript_ID	prot_seq	coord_start_genomic	coord_shortSplice	start_genomic-shortSplice	coord_end_genomic	coord_longSplice	end_genomic-longSplice
ENSMUST00000124830	CCATGAGCAAACTGAAGGT	38192869	38191858	1011	38192888	38193655	-767
ENSMUST00000197977	TCTGCAGTGCTTGATGGTG	34677227	34611883	65344	34677246	34611892	65354
ENSMUST00000197977	TCTGCAGTGCTTGATGGTG	34677227	34675860	1367	34677246	34675970	1276
ENSMUST00000004326	CTTGAGAGCAAGAACCACC	74338931	74333664	5267	74339074	74333675	5399
ENSMUST00000199754	TCCTCAGATTGTACATGTA	90359516	90351526	7990	90359535	90351574	7961
ENSMUST00000200048	TTGAATGCTGTGGAGAAGG	54194792	54266367	-71575	54194811	54266420	-71609
ENSMUST00000032749	TCCGAATCAAGTGTGGAAGT	80284356	80280017	4339	80284557	80280019	4538
ENSMUST00000032749	TCCGAATCAAGTGTGGAAGT	80284356	80280017	4339	80284557	80280033	4524
ENSMUST00000179769	GTCCAAGCCTAGGTCCTCAG	3641594	3630742	10852	3641614	3630747	10867
ENSMUST00000121416	CCTTTGGGCTCTGAGTCACT	149193851	149187834	6017	149193871	149187876	5995
ENSMUST00000101445	AGGCAGCAACAAAAGGCCGG	47964664	47957602	7062	47964684	47957724	6960
ENSMUST00000080283	CCACCGCCAACTCCTGCTTG	6027270	6008099	19171	6027290	6008110	19180
ENSMUST00000098614	TTAGCACTTTGGAAAGAGTC	79193149	79186353	6796	79193169	79186358	6811
ENSMUST00000098614	TTAGCACTTTGGAAAGAGTC	79193149	79186353	6796	79193169	79186358	6811
ENSMUST00000100167	GTCAGTGTCATCCGTGCTTT	14465159	14437733	27426	14465179	14437737	27442
ENSMUST00000113778	TTGGAGGCCTTGAACAATCA	100398766	100395107	3659	100398786	100395143	3643
ENSMUST00000113778	TTGGAGGCCTTGAACAATCA	100398766	100395813	2953	100398786	100395830	2956
ENSMUST00000114127	TATTTCACATGTATGCTTTC	74449227	74427874	21353	74449247	74427902	21345
ENSMUST00000182061	TCTCGGCAGAGTCATTCCCG	52005001	51989749	15252	52005021	51989938	15083
ENSMUST00000182061	TCTCGGCAGAGTCATTCCCG	52005001	51994398	10603	52005021	51994407	10614
ENSMUST00000182061	TCTCGGCAGAGTCATTCCCG	52005001	51997847	7154	52005021	51998039	6982
ENSMUST00000027040	TCTTTAACATGTTCTTTATA	6274712	6244928	29784	6274732	6244979	29753
ENSMUST00000027040	TCTTTAACATGTTCTTTATA	6274712	6270818	3894	6274732	6270827	3905
ENSMUST00000195860	CTGACTCTAAGTCGGAGGTG	40003927	40007530	-3603	40003947	40007539	-3592
ENSMUST00000039725	CCCTAGGCTTTACCATTACAA	175910905	175881200	29705	175910926	175881354	29572
ENSMUST00000115839	CATCTCCAGGGTCTCTGACTT	8619418	8582782	36636	8619439	8582854	36585
ENSMUST00000182964	CAAAGAGGCATGAACATGAGT	21670551	21624888	45663	21670572	21625215	45357
ENSMUST00000166411	ATCTCTCAGGCTGACTTTATA	69871633	69861712	9921	69871654	69861739	9915
ENSMUST00000166411	ATCTCTCAGGCTGACTTTATA	69871633	69867379	4254	69871654	69867552	4102
ENSMUST00000075144	GGGAAGATTGCCATTTTAGGG	62816325	62786301	30024	62816346	62786316	30030
ENSMUST00000075144	GGGAAGATTGCCATTTTAGGG	62816325	62786301	30024	62816346	62786316	30030
ENSMUST00000113712	TCCCTTTGGAATTTTTAAATG	86430896	86413900	16996	86430917	86413906	17011
ENSMUST00000113712	TCCCTTTGGAATTTTTAAATG	86430896	86425070	5826	86430917	86425203	5714
ENSMUST00000183156	TTTAGGTTCTATGCTGATAAAA	90923553	90512875	410678	90923575	90512887	410688
ENSMUST00000022458	CCTTTCAGTTCCTCTGTCCATC	31257424	31253575	3849	31257446	31253640	3806
ENSMUST00000022458	CCTTTCAGTTCCTCTGTCCATC	31257424	31253575	3849	31257446	31253640	3806
ENSMUST00000171265	AAGTTTTGAACTGAAATTTGTA	9899084	9868466	30618	9899106	9868688	30418
ENSMUST00000171265	AAGTTTTGAACTGAAATTTGTA	9899084	9885753	13331	9899106	9886142	12964
ENSMUST00000171265	AAGTTTTGAACTGAAATTTGTA	9899084	9885753	13331	9899106	9886142	12964
ENSMUST00000046751	TTGGCGGCTCGCGCGCTCCGTT	127077455	127088336	-10881	127077477	127088554	-11077
ENSMUST00000003964	GGGCATCCCCAGCATCTCCACC	45451591	45448011	3580	45451613	45448028	3585
ENSMUST00000035055	GGCGGCGGCGGCGGGCAGTCGC	109931927	110079893	-147966	109978859	110079896	-101037
ENSMUST00000074792	CGGGCCTAGCTCAGTAGGTAGA	65452512	65441688	10824	65452534	65441799	10735
ENSMUST00000100203	GGAAACTGAGGCATGAGCTCTT	100216380	100155153	61227	100216402	100155156	61246
ENSMUST00000100203	GGAAACTGAGGCATGAGCTCTT	100216380	100155153	61227	100216402	100155156	61246
ENSMUST00000080461	CTACTGGAGGCAGCAGTGGCGA	82799506	82781272	18234	82799528	82781276	18252
ENSMUST00000159975	TCATCAGGAATGCTCTGGGAAG	29137548	29149131	-11583	29137570	29149146	-11576
ENSMUST00000103108	GCAGCCGAAGGCCTGGGGGTTG	101276197	101262845	13352	101276219	101262895	13324
ENSMUST00000027112	GTCGGCTGAATTCCAAAGATGC	62718946	62786301	-67355	62718968	62786316	-67348
ENSMUST00000027112	GTCGGCTGAATTCCAAAGATGC	62718946	62786301	-67355	62718968	62786316	-67348
ENSMUST00000114399	GAGAACCAAGAAGGTGATCCTG	33855557	33871501	-15944	33855579	33871634	-16055
ENSMUST00000121717	TTAATTGGAATGGATGGGAACAC	136546862	136544782	2080	136546885	136544796	2089
ENSMUST00000110844	GGTGATCCAGGATGACGAGGTGG	192418909	192277090	141819	192418932	192277171	141761
ENSMUST00000173727	CACTACTGGAGGCAGCAGTGGCG	82799504	82781272	18232	82799527	82781276	18251
ENSMUST00000099934	TGCTCAGGATGCACGCGGGCGGC	41481259	41478314	2945	41481282	41478635	2647
ENSMUST00000042561	GTGGATGTAGCTCAGTTGGTAGCA	75574975	75531741	43234	75574999	75531778	43221
ENSMUST00000163979	CCATTACACCTCCTTCCACCCCTT	110082087	110079893	2194	110082111	110079896	2215
ENSMUST00000163979	CCATTACACCTCCTTCCACCCCTT	110082087	110079893	2194	110082111	110079896	2215
ENSMUST00000100993	TTTCAAGAAGTACACAGACCACCA	120762548	120756853	5695	120765287	120756937	8350
ENSMUST00000110186	GGCCCCGAGTGCAACAGCCTGCAG	131520938	131520268	670	131520962	131521171	-209
ENSMUST00000110186	GGCCCCGAGTGCAACAGCCTGCAG	131520938	131520646	292	131520962	131521171	-209
ENSMUST00000097288	CCAGTTCGAATCCGTGTGCGAGTC	70662595	70522262	140333	70662619	70522268	140351
ENSMUST00000028911	TAAGCTGAAGAGTTTGAGAATGGGC	144407096	144373369	33727	144407121	144373855	33266
ENSMUST00000034703	CCTCACTATCGGCGACGCGAACGGC	21547121	21575014	-27893	21547146	21575093	-27947
ENSMUST00000063594	GGAAGATTGCCATTTTAGGGTCAGC	62816327	62786301	30026	62816352	62786316	30036
ENSMUST00000063594	GGAAGATTGCCATTTTAGGGTCAGC	62816327	62786301	30026	62816352	62786316	30036
ENSMUST00000004222	AGAAAGAATCTTTTGAAGAAACAAG	18927444	18895927	31517	18927469	18896046	31423
ENSMUST00000004222	AGAAAGAATCTTTTGAAGAAACAAG	18927444	18896564	30880	18927469	18896773	30696
ENSMUST00000004222	AGAAAGAATCTTTTGAAGAAACAAG	18927444	18896564	30880	18927469	18896773	30696
ENSMUST00000169547	GTGTGGATGTAGCTCAGTTGGTAGC	75574973	75531741	43232	75574998	75531778	43220
ENSMUST00000039627	CCTTTTGTAACCTGAGACCTGGCAC	87775233	87781334	-6101	87775258	87781370	-6112
ENSMUST00000233283	AACGGCCAGTTCGAATCCGTGTGCG	70662590	70522262	140328	70662615	70522268	140347
ENSMUST00000173033	AAGCCTGTGAAGGTGAACTGTGTGGT	49449154	49439586	9568	49449454	49439596	9858
ENSMUST00000044053	TGAAGAATTCATGGATGACTTTGAAA	11214519	11171994	42525	11214545	11172001	42544
ENSMUST00000044053	TGAAGAATTCATGGATGACTTTGAAA	11214519	11188036	26483	11214545	11188165	26380
ENSMUST00000030691	AGGGCCATATGGTTACAGAGGGATTGG	14679857	14680013	-156	14679884	14682387	-2503
ENSMUST00000130698	TAGTATTTCTAGCCTATTCTTGTCAGT	41756318	41756561	-243	41756345	41756811	-466
ENSMUST00000028852	CATCTGGCGGATAAGAAGGGTCTCCACG	127603652	127596934	6718	127603680	127598276	5404
ENSMUST00000089027	GGCTTCTACGCAGCCTACATGTTTGTCC	153208714	153189049	19665	153208742	153189077	19665
ENSMUST00000089027	GGCTTCTACGCAGCCTACATGTTTGTCC	153208714	153189049	19665	153208742	153189077	19665
ENSMUST00000089027	GGCTTCTACGCAGCCTACATGTTTGTCC	153208714	153194409	14305	153208742	153194417	14325
ENSMUST00000190997	AGAGGTTTCGATTCCCTTCACCCATCTT	132489677	132484801	4876	132489705	132484918	4787
ENSMUST00000190997	AGAGGTTTCGATTCCCTTCACCCATCTT	132489677	132484801	4876	132489705	132484918	4787
ENSMUST00000190997	AGAGGTTTCGATTCCCTTCACCCATCTT	132489677	132498007	-8330	132489705	132498121	-8416
ENSMUST00000112637	AGTTGTCACCAAATCCCCCAAAACTAAC	26751969	26681939	70030	26751997	26682113	69884
ENSMUST00000112637	AGTTGTCACCAAATCCCCCAAAACTAAC	26751969	26748503	3466	26751997	26748544	3453
ENSMUST00000107420	TGCTTTGCCTCTGACACCACCTTACACT	62690475	62625177	65298	62690503	62625202	65301
ENSMUST00000107420	TGCTTTGCCTCTGACACCACCTTACACT	62690475	62625177	65298	62690503	62625202	65301
ENSMUST00000028852	AACATCTGGCGGATAAGAAGGGTCTCCAC	127603650	127596934	6716	127603679	127598276	5403
ENSMUST00000092433	CTGGAAGCCTCGGGAAAGTACTCCCCAACC	69926133	69982161	-56028	69926163	69982197	-56034
ENSMUST00000092433	CTGGAAGCCTCGGGAAAGTACTCCCCAACC	69926133	69982161	-56028	69926163	69982197	-56034
ENSMUST00000092433	CTGGAAGCCTCGGGAAAGTACTCCCCAACC	69926133	69982161	-56028	69926163	69982197	-56034
ENSMUST00000199300	TCGCGTGTCGCCCGTCGCACTGTCCAGACC	126597405	126770857	-173452	126597435	126771846	-174411
ENSMUST00000196060	GATATAATTGACATTGATTACTTTGAAGGAT	110246817	110256220	-9403	110246848	110256301	-9453
ENSMUST00000111438	TTGACTTTGCCGGGCTTGCTCGAGGCTTTGC	124567850	124554757	13093	124567881	124556848	11033
ENSMUST00000162907	TCTACAGTGGGATCGAGGGGCTGGATGAGTC	127398699	127398750	-51	127398730	127398759	-29
ENSMUST00000162907	TCTACAGTGGGATCGAGGGGCTGGATGAGTC	127398699	127409617	-10918	127398730	127409704	-10974
ENSMUST00000162907	TCTACAGTGGGATCGAGGGGCTGGATGAGTC	127398699	127409617	-10918	127398730	127409707	-10977
ENSMUST00000162907	TCTACAGTGGGATCGAGGGGCTGGATGAGTC	127398699	127409704	-11005	127398730	127409707	-10977
ENSMUST00000162907	TCTACAGTGGGATCGAGGGGCTGGATGAGTC	127398699	127409617	-10918	127398730	127409704	-10974
ENSMUST00000162907	TCTACAGTGGGATCGAGGGGCTGGATGAGTC	127398699	127409617	-10918	127398730	127409707	-10977
ENSMUST00000162907	TCTACAGTGGGATCGAGGGGCTGGATGAGTC	127398699	127409704	-11005	127398730	127409707	-10977
ENSMUST00000035645	TAAGTCCTCCACCAGGCCCCTGCCCAGACCCA	43415994	43425649	-9655	43416026	43426128	-10102
ENSMUST00000023206	TCGGAGCGAGCTCCCATCTCTGATCCATCGGCG	13147591	13111884	35707	13147624	13111911	35713
ENSMUST00000023206	TCGGAGCGAGCTCCCATCTCTGATCCATCGGCG	13147591	13130734	16857	13147624	13131022	16602
ENSMUST00000037232	GAAGCATTGAGATACTACTGCCAGTGATGAACT	37950327	37893984	56343	37950360	37895198	55162
ENSMUST00000143432	AGGCGAACGAGGCCTGACTGGACCATCAGGCCCC	130058013	130081479	-23466	130058047	130081521	-23474
ENSMUST00000035813	GGTGCTGGGTGCTGGGTGCTGGGTGCTGGGTGCT	5161604	5134174	27430	5161638	5134932	26706
ENSMUST00000035813	GGTGCTGGGTGCTGGGTGCTGGGTGCTGGGTGCT	5161604	5154207	7397	5161638	5154318	7320
ENSMUST00000108909	CAAGGAGCACCCAGGAAGTGGCTTCAAAGGGGACT	101039943	100984045	55898	101039978	100984075	55903
ENSMUST00000038900	ATAAAATCTGATATATACACGTTAGGAAAGTTCTC	150808801	150796670	12131	150808836	150796676	12160
ENSMUST00000030691	TATTGACATCAATGCCAGCCTGCAAACTATTACTAT	14680751	14680013	738	14680787	14682387	-1600
ENSMUST00000111216	ATGGGCTCTTCGGCAGCAAAACCAACTTCAACTCCC	135010048	135011060	-1012	135010084	135011665	-1581
ENSMUST00000072031	GAGCGGCTCTCCACACATGAGCTCACCTCTCTGCTA	59753029	59737228	15801	59754998	59737582	17416
ENSMUST00000120544	ATGTGTCTTTCTAACTTCTAATAAACTCACTCCAACT	111794872	111789459	5413	111794894	111789486	5408
ENSMUST00000120544	ATGTGTCTTTCTAACTTCTAATAAACTCACTCCAACT	111794872	111789459	5413	111794894	111789486	5408
ENSMUST00000120544	ATGTGTCTTTCTAACTTCTAATAAACTCACTCCAACT	111794872	111789459	5413	111794894	111789486	5408
ENSMUST00000120544	ATGTGTCTTTCTAACTTCTAATAAACTCACTCCAACT	111794872	111789459	5413	111794894	111789486	5408
ENSMUST00000120544	ATGTGTCTTTCTAACTTCTAATAAACTCACTCCAACT	111794872	111789459	5413	111794894	111789486	5408
ENSMUST00000120544	ATGTGTCTTTCTAACTTCTAATAAACTCACTCCAACT	111794872	111789459	5413	111794894	111789486	5408
ENSMUST00000022458	GTCATCATGGAGCGAATCGGTCTTGCTACTGCAGGGGA	31254612	31253575	1037	31255097	31253640	1457
ENSMUST00000022458	GTCATCATGGAGCGAATCGGTCTTGCTACTGCAGGGGA	31254612	31253575	1037	31255097	31253640	1457
ENSMUST00000004684	TGGCCCACATCCGCCGGGCCGTGGAGAGCTGTCCTGAC	3445049	3393102	51947	3447022	3393224	53798
ENSMUST00000084513	GGAAGGAAGCCCTTTCCGTCCTTCCCACTCCTCCTCGGC	130728587	130735150	-6563	130728626	130735228	-6602
ENSMUST00000113136	ATATTCTGACAGGCCACGGTGAGCATCTATAGACCAGAA	135839791	135840469	-678	135839830	135840508	-678
ENSMUST00000084513	TTCCCCAACTCCATGTTCAGGGTCGAGTTTTGAGGACACC	130740946	130735150	5796	130742161	130735228	6933
ENSMUST00000003044	TGTTCAAGGGCAAGGTGGAAGCTGTATTGGAGAAGTTAGG	44860137	44858209	1928	44860177	44858749	1428
ENSMUST00000182597	GTATTTCAGGAGTTGAGTTATTGGTGGACCAGCCTTTCAC	74589596	74606123	-16527	74589636	74606135	-16499
ENSMUST00000182597	GTATTTCAGGAGTTGAGTTATTGGTGGACCAGCCTTTCAC	74589596	74615330	-25734	74589636	74615357	-25721
ENSMUST00000182597	GTATTTCAGGAGTTGAGTTATTGGTGGACCAGCCTTTCAC	74589596	74618563	-28967	74589636	74619838	-30202
ENSMUST00000168361	ATTTAATGAAATTCTACAGGCAGCCTATCAATTAATGACA	8744402	8744743	-341	8744442	8744749	-307
ENSMUST00000017408	GGTGTGGAATCAAACAAGCAATATCAGCTGGCAGACTGGAG	148565357	148572969	-7612	148566283	148573029	-6746
ENSMUST00000107420	TCTTTGGGCTCATGGAGAAGGACTCTTACCCTCGCTTCCTC	62702154	62625177	76977	62702195	62625202	76993
ENSMUST00000107420	TCTTTGGGCTCATGGAGAAGGACTCTTACCCTCGCTTCCTC	62702154	62625177	76977	62702195	62625202	76993
ENSMUST00000035645	ACACACCAAGATAAGTCCTCCACCAGGCCCCTGCCCAGACC	43415983	43425649	-9666	43416024	43426128	-10104
ENSMUST00000077182	GGCCAAGAAGAACAAAGACAAAGAGTATTACGTCTGAGCACC	6532133	6463847	68286	6532175	6463868	68307
ENSMUST00000122941	CCAGCTACCACTACTTTCTCCATTTATCCTGTGTCCTCCACT	12140530	12118338	22192	12140572	12118341	22231
ENSMUST00000122941	CCAGCTACCACTACTTTCTCCATTTATCCTGTGTCCTCCACT	12140530	12160680	-20150	12140572	12160690	-20118
ENSMUST00000160597	GAAAACATGATTGGGCCAGACTGGAAAAAGAGGTGGATGTAC	29621501	29618287	3214	29621543	29618308	3235
ENSMUST00000031278	GCTTGACAACTCGGCTGCGCTCGCCCAGACCTTCCGCCCTCC	98854868	98872934	-18066	98854910	98873007	-18097
ENSMUST00000027432	AACAACAAAGCCATTCGGCGCCTGCTACATGTTGCTGTAAGT	86092077	86130729	-38652	86094297	86130731	-36434
ENSMUST00000067664	GCCGCAGGTACAGATCTGTATTGTTCTTACTGAAACACAGCA	75765491	75755652	9839	75765533	75755680	9853
ENSMUST00000042824	ATAGTTGACCTTCTCATACCCTCTCCTAATGCTACTGCAGAA	66501188	66461899	39289	66501230	66461920	39310
ENSMUST00000173078	GAAAATCCACAGGAATGGGTAGGACAAGTGGAAATAAGTGCCC	79646339	79665017	-18678	79651040	79665143	-14103
ENSMUST00000108909	AAACTTTTACATGGTCCCTGGCATGCTAGAACCCTTGCTCTGC	100970212	100984045	-13833	100970255	100984075	-13820
ENSMUST00000084038	ACATCCTCTGTCACCTGAATATCACCATGCCCCCCTGCACCAA	23119423	23132471	-13048	23120568	23132483	-11915
ENSMUST00000084038	ACATCCTCTGTCACCTGAATATCACCATGCCCCCCTGCACCAA	23119423	23141229	-21806	23120568	23141304	-20736
ENSMUST00000027414	GTTTGAAGTGGAACTCCAAGCAGCTCGGACTCTGGAGCGGCTGG	75529519	75524888	4631	75529563	75524943	4620
ENSMUST00000182597	AAATAAATTAAACTCTGCACTATGTAATAGACGTAAAGGTGATC	74580002	74606123	-26121	74580046	74606135	-26089
ENSMUST00000182597	AAATAAATTAAACTCTGCACTATGTAATAGACGTAAAGGTGATC	74580002	74615330	-35328	74580046	74615357	-35311
ENSMUST00000182597	AAATAAATTAAACTCTGCACTATGTAATAGACGTAAAGGTGATC	74580002	74618563	-38561	74580046	74619838	-39792
ENSMUST00000067664	ACCAGGCGAAGCTGGCAGAGCAGGCCGAGCGATACGACGAAATGG	75733053	75755652	-22599	75751888	75755680	-3792
ENSMUST00000084513	AAAAGACCCCCGAGAAACTTGACAACACTCCTGCCTCACCTCCAA	130729474	130735150	-5676	130729519	130735228	-5709
ENSMUST00000109567	TGGTTCCTGGTCCACTCTGACCCTCAGTCATGCCCATGAGGTCTG	156701550	156748403	-46853	156701595	156748420	-46825
ENSMUST00000109567	TGGTTCCTGGTCCACTCTGACCCTCAGTCATGCCCATGAGGTCTG	156701550	156746196	-44646	156701595	156749356	-47761
ENSMUST00000040787	CTTTGCTTTCCCGAATTCTGCCTTCTGATGCCTGTAAAATATACAA	157975236	157973045	2191	157975282	157975294	-12
ENSMUST00000022458	GGCTGCCAGCCTTCCTAGACAATCACAATTATGCCAAATCCCCTAT	31256256	31253575	2681	31256668	31253640	3028
ENSMUST00000022458	GGCTGCCAGCCTTCCTAGACAATCACAATTATGCCAAATCCCCTAT	31256256	31253575	2681	31256668	31253640	3028
ENSMUST00000026993	ACCTCAATATCTACTTCAACTGCACTGACTTGAACCCAAGCCGTGA	54795094	54795458	-364	54795140	54795467	-327
ENSMUST00000148486	CACGGATTTTGACCCCTCTATCCTGCCTCCTCCGGACCCCTGGATT	70787010	70522262	264748	70787056	70522268	264788
ENSMUST00000061158	ACCGAGAGCGAATAGAACTGTTTTGCACCGAGTATCAGAACAATAAG	18674153	18674315	-162	18674293	18674361	-68
ENSMUST00000033081	GCGGGGAGGCTGGAAAGGAGGATACAGTGGAGGGAGAAGACGAGAAG	127749746	127750897	-1151	127749793	127751026	-1233
ENSMUST00000033081	GCGGGGAGGCTGGAAAGGAGGATACAGTGGAGGGAGAAGACGAGAAG	127749746	127750897	-1151	127749793	127751028	-1235
ENSMUST00000033081	GCGGGGAGGCTGGAAAGGAGGATACAGTGGAGGGAGAAGACGAGAAG	127749746	127751026	-1280	127749793	127751028	-1235
ENSMUST00000105902	GACTTGGATGAGGACTTTCTTTTCACAGAACCGTTGCCTCCCCCCCT	144411108	144396431	14677	144411155	144396440	14715
ENSMUST00000033018	AGAACTGCAGTAGTCACTCAAATTATGATTCAACATTTTAATCCTTGG	113568471	113513937	54534	113568519	113514028	54491
ENSMUST00000067664	AAGCTATAAGGACTCTACGCTCATCATGCAGCTGCTACGTGATAACCT	75759353	75755652	3701	75759401	75755680	3721
ENSMUST00000159050	CGAGATGAATGGCTCCCTCACCAGCCCAAGCGCCTATGCTGGCCTACA	61410018	61394682	15336	61410066	61394712	15354
ENSMUST00000159050	CGAGATGAATGGCTCCCTCACCAGCCCAAGCGCCTATGCTGGCCTACA	61410018	61394682	15336	61410066	61394712	15354
ENSMUST00000159050	CGAGATGAATGGCTCCCTCACCAGCCCAAGCGCCTATGCTGGCCTACA	61410018	61409407	611	61410066	61409416	650
ENSMUST00000159050	CGAGATGAATGGCTCCCTCACCAGCCCAAGCGCCTATGCTGGCCTACA	61410018	61410120	-102	61410066	61410135	-69
ENSMUST00000164930	CAAGAAGCCCACTTCCACTAAGCCTAGCTCCTCTGCTCCCAGGGTGAG	110068846	110079893	-11047	110068894	110079896	-11002
ENSMUST00000168361	TAAACAAGATGATGAGGACTCTAAAATAAATGGCAGAGGTTTGCCAAA	8710252	8744743	-34491	8710300	8744749	-34449
ENSMUST00000102554	CCTGTCTAAACTGGCTGTGACTTCCTATGCAGACATTGCCGACCTCATG	70705015	70725176	-20161	70705064	70725212	-20148
ENSMUST00000037526	TAAACAATGCCCCCATCCTGTGCGTCCAGTCTCACCTTGGCCATGAAGAA	59815389	59790877	24512	59815439	59790898	24541
ENSMUST00000027521	AAAGGAGACAGAGAAGCGTGTAAAGTAACGGAGAGAGGTGCCTATAATGGA	89895210	89609583	285627	89895261	89609599	285662
ENSMUST00000078111	GAGTCCCTGTCGGTCCCCAAGCTGCAAAGCCCGCCTGGAAGACCCCGAAAGCT	45838676	45854655	-15979	45838729	45854843	-16114
ENSMUST00000168361	TTTTAATCGCACTCCTGGAAGTCGCCAAGCCTCTCCAACTGAAGTAGTTGAGC	8713360	8744743	-31383	8713412	8744749	-31337
ENSMUST00000040179	ATACCAATTGCTCTTCTTTCTGCAGTCCTGCTGCTGTTCTTCTGCAGAGACTCC	85933347	85917774	15573	85933401	85917832	15569
ENSMUST00000040179	ATACCAATTGCTCTTCTTTCTGCAGTCCTGCTGCTGTTCTTCTGCAGAGACTCC	85933347	85917774	15573	85933401	85917832	15569
ENSMUST00000113460	AGATACTTACAGATTGGCCAGGATTCTTGTCCGCCTACCAGCACTCAGGCTCAT	92167461	92163220	4241	92167515	92163258	4257
ENSMUST00000182356	ACCAAGTATGAAACCACGATTTTCTGATACCCGCCGCCCCGTCCTCGCGGTGCCT	90969900	90512875	457025	90969955	90512887	457068
ENSMUST00000232395	CATCTGAGGCTCATTCGGCTGCCTCTGTGGCCAAGTCCTCCCAGAGTCCACCCTT	94462564	94370861	91703	94462619	94370971	91648
ENSMUST00000232395	CATCTGAGGCTCATTCGGCTGCCTCTGTGGCCAAGTCCTCCCAGAGTCCACCCTT	94462564	94370861	91703	94462619	94370971	91648
ENSMUST00000232395	CATCTGAGGCTCATTCGGCTGCCTCTGTGGCCAAGTCCTCCCAGAGTCCACCCTT	94462564	94370861	91703	94462619	94370971	91648
ENSMUST00000232395	CATCTGAGGCTCATTCGGCTGCCTCTGTGGCCAAGTCCTCCCAGAGTCCACCCTT	94462564	94456761	5803	94462619	94456811	5808
ENSMUST00000232395	CATCTGAGGCTCATTCGGCTGCCTCTGTGGCCAAGTCCTCCCAGAGTCCACCCTT	94462564	94370861	91703	94462619	94370971	91648
ENSMUST00000232395	CATCTGAGGCTCATTCGGCTGCCTCTGTGGCCAAGTCCTCCCAGAGTCCACCCTT	94462564	94370861	91703	94462619	94370971	91648
ENSMUST00000232395	CATCTGAGGCTCATTCGGCTGCCTCTGTGGCCAAGTCCTCCCAGAGTCCACCCTT	94462564	94370861	91703	94462619	94370971	91648
ENSMUST00000232395	CATCTGAGGCTCATTCGGCTGCCTCTGTGGCCAAGTCCTCCCAGAGTCCACCCTT	94462564	94456761	5803	94462619	94456811	5808
ENSMUST00000232395	CATCTGAGGCTCATTCGGCTGCCTCTGTGGCCAAGTCCTCCCAGAGTCCACCCTT	94462564	94370861	91703	94462619	94370971	91648
ENSMUST00000232395	CATCTGAGGCTCATTCGGCTGCCTCTGTGGCCAAGTCCTCCCAGAGTCCACCCTT	94462564	94370861	91703	94462619	94370971	91648
ENSMUST00000232395	CATCTGAGGCTCATTCGGCTGCCTCTGTGGCCAAGTCCTCCCAGAGTCCACCCTT	94462564	94370861	91703	94462619	94370971	91648
ENSMUST00000232395	CATCTGAGGCTCATTCGGCTGCCTCTGTGGCCAAGTCCTCCCAGAGTCCACCCTT	94462564	94456761	5803	94462619	94456811	5808
ENSMUST00000113462	GGCATCGTGGCGGCGGCGGCGCTCTGCATCCTCATTCTCCTCTACGCCATGTACAA	6531952	6463847	68105	6532008	6463868	68140
ENSMUST00000113462	GGCATCGTGGCGGCGGCGGCGCTCTGCATCCTCATTCTCCTCTACGCCATGTACAA	6531952	6463847	68105	6532008	6463868	68140
ENSMUST00000092887	CGACTGGTGGAGATTAATGGACAGAATGTGGAGAATAAATCCAGGGATGAAATTGT	77778138	77815891	-37753	77778194	77815999	-37805
ENSMUST00000199300	AGCCTGCATCGCATACATTCGGCTCACACAGTACATGGACGGAAGCGGGATGCCAAA	126840226	126770857	69369	126840283	126771846	68437
ENSMUST00000027521	CTTTCGTGAACAGCCAGGAATGGACACTCAGCCGATCGGTACCGGAGCTCAAAGTGG	89604602	89609583	-4981	89609499	89609599	-100
ENSMUST00000028081	AGCTGGTGCATTCCCGGCTCTACTCTCCGGAGCTGCCCATCCCTCCGGCTGCGGGCGA	16356486	16703377	-346891	16356544	16703383	-346839
ENSMUST00000186360	TATCCTGGTGGGCCACTGCCTGACTTCCCTAATCACTCACTCACCCTCAAAAAGGACA	74586950	74584417	2533	74587008	74584432	2576
ENSMUST00000054955	AACTGCCACCACATGTGCGCATCTGGGACTCTGTGACACTGAACACTCTGCATGTCAT	108511830	108534740	-22910	108511888	108534751	-22863
ENSMUST00000132615	ATGCAGCTCGGCCCGACTACATCGCTTCCAAGGCCTCCCCTACCTCGACTGAGGAGGAG	37378916	37380060	-1144	37378975	37380177	-1202
ENSMUST00000132615	ATGCAGCTCGGCCCGACTACATCGCTTCCAAGGCCTCCCCTACCTCGACTGAGGAGGAG	37378916	37380060	-1144	37378975	37380177	-1202
ENSMUST00000027521	TTACATGATTACATGCAGAATGTCCACGGCAAAGAGATAGACCTCTTGAGGACCACTGT	89743732	89609583	134149	89743791	89609599	134192
ENSMUST00000110049	AGATCCATTCCAAGGCATGCGCAAGCCCATGAGTCCTGTCTCAGCCCAGATGAGCCAGCTA	3235624	3230065	5559	3236239	3230101	6138
ENSMUST00000163979	TAAGGTTGCCGAAAAGCGGACCTCTCCATCCAAGCCTTCATCTGCCCCAGCCCTCAAACCTG	110067501	110079893	-12392	110067563	110079896	-12333
ENSMUST00000163979	TAAGGTTGCCGAAAAGCGGACCTCTCCATCCAAGCCTTCATCTGCCCCAGCCCTCAAACCTG	110067501	110079893	-12392	110067563	110079896	-12333
ENSMUST00000061837	AACAATAAGACAGCAGAGCGCCGGAGGCCCCTGGATGAATTCAACAATGGAGTTGTCATGAC	69904071	69903452	619	69904133	69903719	414
ENSMUST00000061837	AACAATAAGACAGCAGAGCGCCGGAGGCCCCTGGATGAATTCAACAATGGAGTTGTCATGAC	69904071	69906295	-2224	69904133	69906407	-2274
ENSMUST00000061837	AACAATAAGACAGCAGAGCGCCGGAGGCCCCTGGATGAATTCAACAATGGAGTTGTCATGAC	69904071	69908006	-3935	69904133	69908012	-3879
ENSMUST00000084513	CAAAAATGCAAGAGTCTCCCAAACTGTCCCAACAATCGTACAACTTTGACCCTGACGCCTGT	130729621	130735150	-5529	130729683	130735228	-5545
ENSMUST00000195636	GCGGCTCCGGTGAACGCTTCAGAGTGAGATCATCATCCAAGTCTGAAGGTTCTCCATCGCCAC	40006810	40007530	-720	40007484	40007539	-55
ENSMUST00000110000	ACATGTCACAGCTCTCTCTGTCGCCCCTGAATTCCGCCGTCTTGGCTTGGCTGCTAAACTTAT	145912442	145911763	679	145912505	145911793	712
ENSMUST00000114037	TCTTACACTGATCGATCAATGATGTCTATGGCAGCTGATTCTTACACTGATTCTTATACTGATT	91657702	91671465	-13763	91657766	91674141	-16375
ENSMUST00000112987	AGAAGTATCTATGTGAACTGTGCCTGGACGATGTGCTGTATGCCCGTACCACAAGCAAGCTCAAG	35709893	35643991	65902	35709958	35644124	65834
ENSMUST00000112987	AGAAGTATCTATGTGAACTGTGCCTGGACGATGTGCTGTATGCCCGTACCACAAGCAAGCTCAAG	35709893	35643991	65902	35709958	35644124	65834
ENSMUST00000199659	AGGAAAAACCTAGAGCTCTTTGCCCTGCGCGTTACAAGGAAAGCAACTGGAATTTTAAATTTAGT	59316893	59263286	53607	59316958	59263292	53666
ENSMUST00000199659	AGGAAAAACCTAGAGCTCTTTGCCCTGCGCGTTACAAGGAAAGCAACTGGAATTTTAAATTTAGT	59316893	59297946	18947	59316958	59297961	18997
ENSMUST00000113144	CTTTTGTTCCTGAGTCATCTGACCCTCAAATACTGCTTTGCTTTCCCAGCTGCTTCCTTGTTTCA	135803168	135751976	51192	135803233	135752017	51216
ENSMUST00000016569	CATTTGCTAGGGTGGATCTTAAGCAGTACGTAGTCTGTCAGTGTTTGTATTTGAATTCTCTGCAATT	150808238	150796670	11568	150808305	150796676	11629
ENSMUST00000201700	AACAGTGGCAGAGATTAACGCAACGATGAGTGTCCATCTCCCATTCGCAGTGGTCGGCAGTACTGAA	93156986	93138537	18449	93161191	93138596	22595
ENSMUST00000160027	CAAAAATAATTTACATAGTACACGATGAAGTTAAGGATAAAGCTTTTGAACTGGAGCTCAGCTGGGTT	70993014	70978815	14199	70993508	70978839	14669
ENSMUST00000160027	CAAAAATAATTTACATAGTACACGATGAAGTTAAGGATAAAGCTTTTGAACTGGAGCTCAGCTGGGTT	70993014	70978815	14199	70993508	70978839	14669
ENSMUST00000213013	TACCGGAGCTTGACCCTGAACGTCGTGAACCGGCTCACCTCCGTTACTCGCCTCTTCCCAAATTCCTT	144806157	144839596	-33439	144806223	144839629	-33406
ENSMUST00000042035	ATGGTCCTGACCCAGCCCCCCCGGGACAGGACTGAGATCACTCTGGAAAGAAGCGGGGTGGGGAATCT	74589380	74584417	4963	74589448	74584432	5016
ENSMUST00000093995	CAGCGGCAGGGCTCCCGGCTCTCTGCTGTCCCTCACCTCCTGTACATACTGCCTGGGAAGAGACACCAC	77978119	77973977	4142	77978188	77974329	3859
ENSMUST00000119705	TCTAACATCGTCTTCTACCCTGGTGGAGATTCTGGAAGCCATGAAGCATCCCTCGACAGGAGTCCAGCT	32967789	32904532	63257	32968689	32904544	64145
ENSMUST00000202937	ATGAGGACCTGACCCCAGAGCAGAAGGCTGAGCGCGAGAAGGAACGGAGGATGGCCAATAATGCCCGTGA	69681592	69678117	3475	69681662	69678129	3533
ENSMUST00000178812	GATTGTAATCCGAGGACTCAATACCATTCCATTGTTTGTGCAGTTGCTTTATTCTCCCATTGAAAATATCC	120957194	120955969	1225	120957556	120955972	1584
ENSMUST00000105900	AGAGAAGCCCGTGGTCAGGACCTGGTGGAGGACAGAAAGTGGGGCACAGGCTGTGGCAAAGTTTAGGTGTG	144422257	144396431	25826	144422328	144396440	25888
ENSMUST00000113462	GGAAGGAAGGCTGGGGTTTTGTAAAGTGTCCACTGCGCCGTTCGTTTATTTCCCTCGATTTTCTTCTTCCTC	6532493	6463847	68646	6532565	6463868	68697
ENSMUST00000113462	GGAAGGAAGGCTGGGGTTTTGTAAAGTGTCCACTGCGCCGTTCGTTTATTTCCCTCGATTTTCTTCTTCCTC	6532493	6463847	68646	6532565	6463868	68697
ENSMUST00000165123	AATTACTGTCGTGGGCTGCGCTTTGAGGAAGCTCCGGATTACATGTATCTGAGGCAGCTATTCCGCATCCTTTTC	61578704	61580451	-1747	61580345	61580487	-142
ENSMUST00000146701	GATGAATGGATGAGTGAATGAATGAATGAATGAGTGAGTGAATTAATGGATGGGTATATTCTCTGGTTGAGCTTCT	109565286	109543805	21481	109565362	109543849	21513
ENSMUST00000089302	AAGAGAATGTGCAATCAAGTTCAATGATTACTTTGAATTTCCTCGAGAGTTAGACATGGAACCTTACACAGTGGCA	13156111	13165484	-9373	13156187	13165532	-9345
ENSMUST00000120544	TGGCCGGTGCCCTGCGCGGGGCCTCCCCAGGACACACTGACGTAGATTTGCTGTGTAGTCTTGGTGTGGAAATTTGAATT	111794751	111789459	5292	111794831	111789486	5345
ENSMUST00000120544	TGGCCGGTGCCCTGCGCGGGGCCTCCCCAGGACACACTGACGTAGATTTGCTGTGTAGTCTTGGTGTGGAAATTTGAATT	111794751	111789459	5292	111794831	111789486	5345
ENSMUST00000120544	TGGCCGGTGCCCTGCGCGGGGCCTCCCCAGGACACACTGACGTAGATTTGCTGTGTAGTCTTGGTGTGGAAATTTGAATT	111794751	111789459	5292	111794831	111789486	5345
ENSMUST00000120544	TGGCCGGTGCCCTGCGCGGGGCCTCCCCAGGACACACTGACGTAGATTTGCTGTGTAGTCTTGGTGTGGAAATTTGAATT	111794751	111789459	5292	111794831	111789486	5345
ENSMUST00000120544	TGGCCGGTGCCCTGCGCGGGGCCTCCCCAGGACACACTGACGTAGATTTGCTGTGTAGTCTTGGTGTGGAAATTTGAATT	111794751	111789459	5292	111794831	111789486	5345
ENSMUST00000120544	TGGCCGGTGCCCTGCGCGGGGCCTCCCCAGGACACACTGACGTAGATTTGCTGTGTAGTCTTGGTGTGGAAATTTGAATT	111794751	111789459	5292	111794831	111789486	5345
ENSMUST00000182597	GCTCGTTCTGCTGCTTGGTCCTACATCTTTCTGCCTGAGGAAGCCTGGTGTGACCTTACCATCCACCTTCCGTCAGCAGT	74643417	74606123	37294	74646471	74606135	40336
ENSMUST00000182597	GCTCGTTCTGCTGCTTGGTCCTACATCTTTCTGCCTGAGGAAGCCTGGTGTGACCTTACCATCCACCTTCCGTCAGCAGT	74643417	74615330	28087	74646471	74615357	31114
ENSMUST00000182597	GCTCGTTCTGCTGCTTGGTCCTACATCTTTCTGCCTGAGGAAGCCTGGTGTGACCTTACCATCCACCTTCCGTCAGCAGT	74643417	74618563	24854	74646471	74619838	26633
ENSMUST00000105902	ATTCCGCATCCCCCCTCCCCCTCTGGCATCCGTGGACTTGGATGAGGACTTTCTTTTCACAGAACCGTTGCCTCCCCCCC	144411074	144396431	14643	144411154	144396440	14714
ENSMUST00000044730	AAGATAGGATGGGCCGGGACCCTTCAGAGGCAACCCTTTGACACTTGGAAGGACTTTGGGGGACAGTTGAGATGACCTCAGA	97683275	97672592	10683	97683357	97672682	10675
ENSMUST00000175903	TTTTACGGAGAAAACTTATCCATGAAGGCTGCCTGCTCTGGAAGACAGCCACAGGCCGCTTCAAAGATGTCCTGTTGCTGCT	88636052	88632333	3719	88638302	88632339	5963
ENSMUST00000175903	TTTTACGGAGAAAACTTATCCATGAAGGCTGCCTGCTCTGGAAGACAGCCACAGGCCGCTTCAAAGATGTCCTGTTGCTGCT	88636052	88633042	3010	88638302	88633367	4935
ENSMUST00000072031	CCCCTGACCTCAAGACACAGAATGTCCACGTGGAAATTGAGCAGCGTTGGCATCAAGTGGAGACCACCCCTCTCAGGGAGGAG	59752898	59737228	15670	59752981	59737582	15399
ENSMUST00000020159	CACCATGGCGGGCAAGTCTCCAGGACCCTTCCCAAACTGTGACTGGAGATTCAATGAGTTTCCCAACCCCGCTGCCCACGCTCT	24907203	24903693	3510	24907287	24903831	3456
ENSMUST00000146701	GAAAGGTAACAATACACTCACAAATAGGTAGATGAATGTAGCTGGAAGACGGGGCCTGGCTAGGGACGGGATGAGAGGCTGTGTC	109560104	109543805	16299	109560189	109543849	16340
ENSMUST00000232395	GGAGGACAGCAGACTGGAAGTGGCCTCTCCTGACTCTCCTACACCACTCTGTGAGGATGCTTCTCCTTCCCCCACGCCAGCTCCT	94442941	94370861	72080	94443026	94370971	72055
ENSMUST00000232395	GGAGGACAGCAGACTGGAAGTGGCCTCTCCTGACTCTCCTACACCACTCTGTGAGGATGCTTCTCCTTCCCCCACGCCAGCTCCT	94442941	94370861	72080	94443026	94370971	72055
ENSMUST00000232395	GGAGGACAGCAGACTGGAAGTGGCCTCTCCTGACTCTCCTACACCACTCTGTGAGGATGCTTCTCCTTCCCCCACGCCAGCTCCT	94442941	94370861	72080	94443026	94370971	72055
ENSMUST00000232395	GGAGGACAGCAGACTGGAAGTGGCCTCTCCTGACTCTCCTACACCACTCTGTGAGGATGCTTCTCCTTCCCCCACGCCAGCTCCT	94442941	94456761	-13820	94443026	94456811	-13785
ENSMUST00000232395	GGAGGACAGCAGACTGGAAGTGGCCTCTCCTGACTCTCCTACACCACTCTGTGAGGATGCTTCTCCTTCCCCCACGCCAGCTCCT	94442941	94370861	72080	94443026	94370971	72055
ENSMUST00000232395	GGAGGACAGCAGACTGGAAGTGGCCTCTCCTGACTCTCCTACACCACTCTGTGAGGATGCTTCTCCTTCCCCCACGCCAGCTCCT	94442941	94370861	72080	94443026	94370971	72055
ENSMUST00000232395	GGAGGACAGCAGACTGGAAGTGGCCTCTCCTGACTCTCCTACACCACTCTGTGAGGATGCTTCTCCTTCCCCCACGCCAGCTCCT	94442941	94370861	72080	94443026	94370971	72055
ENSMUST00000232395	GGAGGACAGCAGACTGGAAGTGGCCTCTCCTGACTCTCCTACACCACTCTGTGAGGATGCTTCTCCTTCCCCCACGCCAGCTCCT	94442941	94456761	-13820	94443026	94456811	-13785
ENSMUST00000232395	GGAGGACAGCAGACTGGAAGTGGCCTCTCCTGACTCTCCTACACCACTCTGTGAGGATGCTTCTCCTTCCCCCACGCCAGCTCCT	94442941	94370861	72080	94443026	94370971	72055
ENSMUST00000232395	GGAGGACAGCAGACTGGAAGTGGCCTCTCCTGACTCTCCTACACCACTCTGTGAGGATGCTTCTCCTTCCCCCACGCCAGCTCCT	94442941	94370861	72080	94443026	94370971	72055
ENSMUST00000232395	GGAGGACAGCAGACTGGAAGTGGCCTCTCCTGACTCTCCTACACCACTCTGTGAGGATGCTTCTCCTTCCCCCACGCCAGCTCCT	94442941	94370861	72080	94443026	94370971	72055
ENSMUST00000232395	GGAGGACAGCAGACTGGAAGTGGCCTCTCCTGACTCTCCTACACCACTCTGTGAGGATGCTTCTCCTTCCCCCACGCCAGCTCCT	94442941	94456761	-13820	94443026	94456811	-13785
ENSMUST00000186360	TCTCAGACCCAGGCAGAGAGCATGGTCCTGACCCAGCCCCCCCGGGACAGGACTGAGATCACTCTGGAAAGAAGCGGGGTGGGGA	74589358	74584417	4941	74589443	74584432	5011
ENSMUST00000232395	TACTCGGTCAAGCCAGTCTCCAAAAAAGCCTTCCAACAGTATTATTGAACACCTGTCAGTGATATTCCCATGTTATACCAGCACT	94460063	94370861	89202	94462268	94370971	91297
ENSMUST00000232395	TACTCGGTCAAGCCAGTCTCCAAAAAAGCCTTCCAACAGTATTATTGAACACCTGTCAGTGATATTCCCATGTTATACCAGCACT	94460063	94370861	89202	94462268	94370971	91297
ENSMUST00000232395	TACTCGGTCAAGCCAGTCTCCAAAAAAGCCTTCCAACAGTATTATTGAACACCTGTCAGTGATATTCCCATGTTATACCAGCACT	94460063	94370861	89202	94462268	94370971	91297
ENSMUST00000232395	TACTCGGTCAAGCCAGTCTCCAAAAAAGCCTTCCAACAGTATTATTGAACACCTGTCAGTGATATTCCCATGTTATACCAGCACT	94460063	94456761	3302	94462268	94456811	5457
ENSMUST00000232395	TACTCGGTCAAGCCAGTCTCCAAAAAAGCCTTCCAACAGTATTATTGAACACCTGTCAGTGATATTCCCATGTTATACCAGCACT	94460063	94370861	89202	94462268	94370971	91297
ENSMUST00000232395	TACTCGGTCAAGCCAGTCTCCAAAAAAGCCTTCCAACAGTATTATTGAACACCTGTCAGTGATATTCCCATGTTATACCAGCACT	94460063	94370861	89202	94462268	94370971	91297
ENSMUST00000232395	TACTCGGTCAAGCCAGTCTCCAAAAAAGCCTTCCAACAGTATTATTGAACACCTGTCAGTGATATTCCCATGTTATACCAGCACT	94460063	94370861	89202	94462268	94370971	91297
ENSMUST00000232395	TACTCGGTCAAGCCAGTCTCCAAAAAAGCCTTCCAACAGTATTATTGAACACCTGTCAGTGATATTCCCATGTTATACCAGCACT	94460063	94456761	3302	94462268	94456811	5457
ENSMUST00000232395	TACTCGGTCAAGCCAGTCTCCAAAAAAGCCTTCCAACAGTATTATTGAACACCTGTCAGTGATATTCCCATGTTATACCAGCACT	94460063	94370861	89202	94462268	94370971	91297
ENSMUST00000232395	TACTCGGTCAAGCCAGTCTCCAAAAAAGCCTTCCAACAGTATTATTGAACACCTGTCAGTGATATTCCCATGTTATACCAGCACT	94460063	94370861	89202	94462268	94370971	91297
ENSMUST00000232395	TACTCGGTCAAGCCAGTCTCCAAAAAAGCCTTCCAACAGTATTATTGAACACCTGTCAGTGATATTCCCATGTTATACCAGCACT	94460063	94370861	89202	94462268	94370971	91297
ENSMUST00000232395	TACTCGGTCAAGCCAGTCTCCAAAAAAGCCTTCCAACAGTATTATTGAACACCTGTCAGTGATATTCCCATGTTATACCAGCACT	94460063	94456761	3302	94462268	94456811	5457
ENSMUST00000200466	AGCAAATTAAGGAAAGAGTCCTTACTCTGTTTCCTGCGTTCATAGCGGTCTGTTTGTGCTTTGTCTAACAGTGAACACTGGTACTTG	19150036	19121319	28717	19150123	19121331	28792
ENSMUST00000200466	AGCAAATTAAGGAAAGAGTCCTTACTCTGTTTCCTGCGTTCATAGCGGTCTGTTTGTGCTTTGTCTAACAGTGAACACTGGTACTTG	19150036	19121319	28717	19150123	19121331	28792
ENSMUST00000107976	ACCTGAAGCCCCCAGGATAGGTGGGACAGAGAAGCTCAGTTCTGGGACGGTGGCATCCTCTCTCTCTCTCTCTCTTTCCTTTCTTTT	42939591	42934770	4821	42939678	42934818	4860
ENSMUST00000105991	AACAATCTGGCTTCCAGCTCTTTCTATGGCAACAACTCTCTGAGCAGTAACTCCCAGAGCAGCTCCCTCTTCTCTCAGGGCTCTGCA	130752706	130766049	-13343	130752793	130766055	-13262
ENSMUST00000231569	CAACATACTGGGCTCAATCACACTTGGTCACAGGATTCTGCACATACCTTCCTTTTCAAGGATTTGGCATCACCCAGCGACCAGCGTA	94443029	94370861	72168	94443117	94370971	72146
ENSMUST00000231569	CAACATACTGGGCTCAATCACACTTGGTCACAGGATTCTGCACATACCTTCCTTTTCAAGGATTTGGCATCACCCAGCGACCAGCGTA	94443029	94370861	72168	94443117	94370971	72146
ENSMUST00000231569	CAACATACTGGGCTCAATCACACTTGGTCACAGGATTCTGCACATACCTTCCTTTTCAAGGATTTGGCATCACCCAGCGACCAGCGTA	94443029	94370861	72168	94443117	94370971	72146
ENSMUST00000231569	CAACATACTGGGCTCAATCACACTTGGTCACAGGATTCTGCACATACCTTCCTTTTCAAGGATTTGGCATCACCCAGCGACCAGCGTA	94443029	94456761	-13732	94443117	94456811	-13694
ENSMUST00000131671	AAAGAGCGCCAAGCTGCTAGACAGGCCTCCAGAAGCACTGCGTATGAAGATTATTATTATCACCCTCCTCCCCGAATGCCACCTCCAAT	136339265	136316479	22786	136339476	136316484	22992
ENSMUST00000232395	ACATTTCAAAAACAGGAGAATATTTACGAGTTAAACTACCACTAAATCCAACTGCTAGGGAATTTCAACCAGATGTAAAGTCTGAAGCACTGTCTGAG	94442745	94370861	71884	94442843	94370971	71872
ENSMUST00000232395	ACATTTCAAAAACAGGAGAATATTTACGAGTTAAACTACCACTAAATCCAACTGCTAGGGAATTTCAACCAGATGTAAAGTCTGAAGCACTGTCTGAG	94442745	94370861	71884	94442843	94370971	71872
ENSMUST00000232395	ACATTTCAAAAACAGGAGAATATTTACGAGTTAAACTACCACTAAATCCAACTGCTAGGGAATTTCAACCAGATGTAAAGTCTGAAGCACTGTCTGAG	94442745	94370861	71884	94442843	94370971	71872
ENSMUST00000232395	ACATTTCAAAAACAGGAGAATATTTACGAGTTAAACTACCACTAAATCCAACTGCTAGGGAATTTCAACCAGATGTAAAGTCTGAAGCACTGTCTGAG	94442745	94456761	-14016	94442843	94456811	-13968
ENSMUST00000232395	ACATTTCAAAAACAGGAGAATATTTACGAGTTAAACTACCACTAAATCCAACTGCTAGGGAATTTCAACCAGATGTAAAGTCTGAAGCACTGTCTGAG	94442745	94370861	71884	94442843	94370971	71872
ENSMUST00000232395	ACATTTCAAAAACAGGAGAATATTTACGAGTTAAACTACCACTAAATCCAACTGCTAGGGAATTTCAACCAGATGTAAAGTCTGAAGCACTGTCTGAG	94442745	94370861	71884	94442843	94370971	71872
ENSMUST00000232395	ACATTTCAAAAACAGGAGAATATTTACGAGTTAAACTACCACTAAATCCAACTGCTAGGGAATTTCAACCAGATGTAAAGTCTGAAGCACTGTCTGAG	94442745	94370861	71884	94442843	94370971	71872
ENSMUST00000232395	ACATTTCAAAAACAGGAGAATATTTACGAGTTAAACTACCACTAAATCCAACTGCTAGGGAATTTCAACCAGATGTAAAGTCTGAAGCACTGTCTGAG	94442745	94456761	-14016	94442843	94456811	-13968
ENSMUST00000232395	ACATTTCAAAAACAGGAGAATATTTACGAGTTAAACTACCACTAAATCCAACTGCTAGGGAATTTCAACCAGATGTAAAGTCTGAAGCACTGTCTGAG	94442745	94370861	71884	94442843	94370971	71872
ENSMUST00000232395	ACATTTCAAAAACAGGAGAATATTTACGAGTTAAACTACCACTAAATCCAACTGCTAGGGAATTTCAACCAGATGTAAAGTCTGAAGCACTGTCTGAG	94442745	94370861	71884	94442843	94370971	71872
ENSMUST00000232395	ACATTTCAAAAACAGGAGAATATTTACGAGTTAAACTACCACTAAATCCAACTGCTAGGGAATTTCAACCAGATGTAAAGTCTGAAGCACTGTCTGAG	94442745	94370861	71884	94442843	94370971	71872
ENSMUST00000232395	ACATTTCAAAAACAGGAGAATATTTACGAGTTAAACTACCACTAAATCCAACTGCTAGGGAATTTCAACCAGATGTAAAGTCTGAAGCACTGTCTGAG	94442745	94456761	-14016	94442843	94456811	-13968
ENSMUST00000042824	ACCGCGCTGGAGGGATATCAGATTGGACAGGTGGCCTGTGGGCTGAACCACACCTTGGCAGTGTCAGCAGATGGCTCCATGGTGTGGGCCTTTGGAGA	66487985	66461899	26086	66489342	66461920	27422
ENSMUST00000171289	TAATTAAAATTACTGTTCTCTGAATGACAGTGTGTAAGGAAATCTTTCAAGAATGCTGTCATTATTCTCTTTGAGCTTTTTGTTGGGATTTGGGGTTTT	126843119	126770857	72262	126843217	126771846	71371
ENSMUST00000113144	TATTTTTGGATCTTGGTTCTGGGGCACTGGTGAGAACAGCCTTAGATCTGTTGGAGTCAATTGTGAGAAGATGCCGAAGGCTGGAGAAAAAGAAGTTACT	135800611	135751976	48635	135800711	135752017	48694
ENSMUST00000190096	TTAAGTGACTACTCATCCTCTGTTCCTTCGACCCCAAGCACCAGCCAGAAAGAGCTTCGGATCGACGTCCCTCCCACTGCCAACACTCCAACGCCTGTCCG	89665062	89609583	55479	89665163	89609599	55564
ENSMUST00000190096	TTAAGTGACTACTCATCCTCTGTTCCTTCGACCCCAAGCACCAGCCAGAAAGAGCTTCGGATCGACGTCCCTCCCACTGCCAACACTCCAACGCCTGTCCG	89665062	89609583	55479	89665163	89609599	55564
ENSMUST00000113462	AAAGAAAAGGAATATAACTACTACGTGCTCATCCCCTTCCCTCCCGCTGCCCTCGGCGCCGCACTGTCAGCTCTGGGGCTGGCTGTCCTCCGCTCTGCGCCT	6532311	6463847	68464	6532413	6463868	68545
ENSMUST00000113462	AAAGAAAAGGAATATAACTACTACGTGCTCATCCCCTTCCCTCCCGCTGCCCTCGGCGCCGCACTGTCAGCTCTGGGGCTGGCTGTCCTCCGCTCTGCGCCT	6532311	6463847	68464	6532413	6463868	68545
ENSMUST00000100203	GGCGAGCCCAGGCAACTCCTGACCATGTCCTCTTCATGCTGTTAAATGCCAAGGGAACTACTGTGTGCACAGCCAGCTGCCTTCAGCTTCATAAGCGAGCAGA	100190308	100155153	35155	100191062	100155156	35906
ENSMUST00000100203	GGCGAGCCCAGGCAACTCCTGACCATGTCCTCTTCATGCTGTTAAATGCCAAGGGAACTACTGTGTGCACAGCCAGCTGCCTTCAGCTTCATAAGCGAGCAGA	100190308	100155153	35155	100191062	100155156	35906
ENSMUST00000182597	TTGAGGCTACCAAAGTTTGCAGAGGAGGAGACTCTTTGTATAGACTCTATAACTCCTTGTGCTGATGGAATTCATTTGTTGGTAGGACTGCGGACATGCTCTG	74579853	74606123	-26270	74579956	74606135	-26179
ENSMUST00000182597	TTGAGGCTACCAAAGTTTGCAGAGGAGGAGACTCTTTGTATAGACTCTATAACTCCTTGTGCTGATGGAATTCATTTGTTGGTAGGACTGCGGACATGCTCTG	74579853	74615330	-35477	74579956	74615357	-35401
ENSMUST00000182597	TTGAGGCTACCAAAGTTTGCAGAGGAGGAGACTCTTTGTATAGACTCTATAACTCCTTGTGCTGATGGAATTCATTTGTTGGTAGGACTGCGGACATGCTCTG	74579853	74618563	-38710	74579956	74619838	-39882
ENSMUST00000055758	ATACTGTTACAGGATTCATGAACTTGAGTAATTTTACAGTTTGGAACTCTGATGCTATATATACATGGTATAATGTATTCAGACTTTGATCACTACATATTTAAA	70023508	69954361	69147	70023613	69954363	69250
ENSMUST00000055758	ATACTGTTACAGGATTCATGAACTTGAGTAATTTTACAGTTTGGAACTCTGATGCTATATATACATGGTATAATGTATTCAGACTTTGATCACTACATATTTAAA	70023508	69991625	31883	70023613	69991637	31976
ENSMUST00000117648	TTTGAAAAAGAACAGATTTCTCGAAGCTCTTAATCACTTTGAAAAGGCAAAGACTTTAATTAGTCGTCTCCCTGGAATTCTAACTTGGCCCACAAGTAATGTGATTAT	94422232	94370861	51371	94422340	94370971	51369
ENSMUST00000117648	TTTGAAAAAGAACAGATTTCTCGAAGCTCTTAATCACTTTGAAAAGGCAAAGACTTTAATTAGTCGTCTCCCTGGAATTCTAACTTGGCCCACAAGTAATGTGATTAT	94422232	94370861	51371	94422340	94370971	51369
ENSMUST00000117648	TTTGAAAAAGAACAGATTTCTCGAAGCTCTTAATCACTTTGAAAAGGCAAAGACTTTAATTAGTCGTCTCCCTGGAATTCTAACTTGGCCCACAAGTAATGTGATTAT	94422232	94370861	51371	94422340	94370971	51369
ENSMUST00000117648	TTTGAAAAAGAACAGATTTCTCGAAGCTCTTAATCACTTTGAAAAGGCAAAGACTTTAATTAGTCGTCTCCCTGGAATTCTAACTTGGCCCACAAGTAATGTGATTAT	94422232	94456761	-34529	94422340	94456811	-34471
ENSMUST00000232395	AACTGTTGCACCATCGTCACAGACCCAGCCCAGGAGAAGATGGGAACCTCCTTCCTGTTGCTGTAGGTAGTCACTCCTCACTAATGCACCATGCACTTCATGAGTTAAA	94468044	94370861	97183	94468153	94370971	97182
ENSMUST00000232395	AACTGTTGCACCATCGTCACAGACCCAGCCCAGGAGAAGATGGGAACCTCCTTCCTGTTGCTGTAGGTAGTCACTCCTCACTAATGCACCATGCACTTCATGAGTTAAA	94468044	94370861	97183	94468153	94370971	97182
ENSMUST00000232395	AACTGTTGCACCATCGTCACAGACCCAGCCCAGGAGAAGATGGGAACCTCCTTCCTGTTGCTGTAGGTAGTCACTCCTCACTAATGCACCATGCACTTCATGAGTTAAA	94468044	94370861	97183	94468153	94370971	97182
ENSMUST00000232395	AACTGTTGCACCATCGTCACAGACCCAGCCCAGGAGAAGATGGGAACCTCCTTCCTGTTGCTGTAGGTAGTCACTCCTCACTAATGCACCATGCACTTCATGAGTTAAA	94468044	94456761	11283	94468153	94456811	11342
ENSMUST00000232395	AACTGTTGCACCATCGTCACAGACCCAGCCCAGGAGAAGATGGGAACCTCCTTCCTGTTGCTGTAGGTAGTCACTCCTCACTAATGCACCATGCACTTCATGAGTTAAA	94468044	94370861	97183	94468153	94370971	97182
ENSMUST00000232395	AACTGTTGCACCATCGTCACAGACCCAGCCCAGGAGAAGATGGGAACCTCCTTCCTGTTGCTGTAGGTAGTCACTCCTCACTAATGCACCATGCACTTCATGAGTTAAA	94468044	94370861	97183	94468153	94370971	97182
ENSMUST00000232395	AACTGTTGCACCATCGTCACAGACCCAGCCCAGGAGAAGATGGGAACCTCCTTCCTGTTGCTGTAGGTAGTCACTCCTCACTAATGCACCATGCACTTCATGAGTTAAA	94468044	94370861	97183	94468153	94370971	97182
ENSMUST00000232395	AACTGTTGCACCATCGTCACAGACCCAGCCCAGGAGAAGATGGGAACCTCCTTCCTGTTGCTGTAGGTAGTCACTCCTCACTAATGCACCATGCACTTCATGAGTTAAA	94468044	94456761	11283	94468153	94456811	11342
ENSMUST00000232395	AACTGTTGCACCATCGTCACAGACCCAGCCCAGGAGAAGATGGGAACCTCCTTCCTGTTGCTGTAGGTAGTCACTCCTCACTAATGCACCATGCACTTCATGAGTTAAA	94468044	94370861	97183	94468153	94370971	97182
ENSMUST00000232395	AACTGTTGCACCATCGTCACAGACCCAGCCCAGGAGAAGATGGGAACCTCCTTCCTGTTGCTGTAGGTAGTCACTCCTCACTAATGCACCATGCACTTCATGAGTTAAA	94468044	94370861	97183	94468153	94370971	97182
ENSMUST00000232395	AACTGTTGCACCATCGTCACAGACCCAGCCCAGGAGAAGATGGGAACCTCCTTCCTGTTGCTGTAGGTAGTCACTCCTCACTAATGCACCATGCACTTCATGAGTTAAA	94468044	94370861	97183	94468153	94370971	97182
ENSMUST00000232395	AACTGTTGCACCATCGTCACAGACCCAGCCCAGGAGAAGATGGGAACCTCCTTCCTGTTGCTGTAGGTAGTCACTCCTCACTAATGCACCATGCACTTCATGAGTTAAA	94468044	94456761	11283	94468153	94456811	11342
ENSMUST00000107976	ATTAAAGCATGCTAAATTCAGGGGCTCTTGCTCGCTCTCCCGATGAGTCATCTTTCTCTCTCTCTGTGGCTGTGGGCTGCTGAACCGCACAGAGATAATTCATCTCTGGGC	42941597	42934770	6827	42941708	42934818	6890
ENSMUST00000101018	CTTAGTTCCTCTGTCACTTTAGCCTTCAACCCGGCATTGGTACTGTACATGCCTGGCTTCTGAAGGTATCTCTGTACATTGTTCTCAGGCGGTCTTGTGGATGTCTTTCAGGA	112746424	112732083	14341	112746537	112732085	14452
ENSMUST00000113144	TATCCAGACCTGAACATGATTGAGACATACGTGTGTCAGATTTGCGAGGACACCTTTGACTATGACTTGGATTCCCCTGATCAGTTGTCCGGATTGACAATGATTACACACCTC	135802598	135751976	50622	135802712	135752017	50695
ENSMUST00000030691	AAAATAACCAGAGACTCTAAGGATCACACAGTTTCAGGTAATGGGCTAGGAATTAGAATTGTTGGTGGTAAAGAAATTCCTGGACATAGTGGAGAAATTGGAGCCTATATTGCTAAGATTCTTC	14723296	14680013	43283	14750575	14682387	68188
ENSMUST00000107976	CTGGCAGCAGGCTCTGGTAGTCCACGTCTCCTTCCAACCAGCAGAGTAAAGGCACAGACACAGTTGTGCACCGCATATGTATTCAGAGAGACACAAGTATGTAGAGTCATTCATGGCCCAGAGCG	42942992	42934770	8222	42943117	42934818	8299
ENSMUST00000101018	ATACCAGAGGCCAGCCTGAACTTCCAGAAAGTGCCGCCTGGCTCTATGAACTCTCACAACTTGGACCAGAACATGAATGACAGCCGAGACGATGCTCTGACCAACAAGACGAGGCCTCGGAACCG	112743429	112732083	11346	112743678	112732085	11593
ENSMUST00000182597	CAAATAAAGCTGTTGACAGCACTTTGAAAACAAGGATCCTGGCCTCTGAGCCTGACAATGCAGAAGGAATCCATAACTTTGCACCACTTGGTACCATCACTTCTAGTAGTCCTACTGCCCAGCCA	74642644	74606123	36521	74643378	74606135	37243
ENSMUST00000182597	CAAATAAAGCTGTTGACAGCACTTTGAAAACAAGGATCCTGGCCTCTGAGCCTGACAATGCAGAAGGAATCCATAACTTTGCACCACTTGGTACCATCACTTCTAGTAGTCCTACTGCCCAGCCA	74642644	74615330	27314	74643378	74615357	28021
ENSMUST00000182597	CAAATAAAGCTGTTGACAGCACTTTGAAAACAAGGATCCTGGCCTCTGAGCCTGACAATGCAGAAGGAATCCATAACTTTGCACCACTTGGTACCATCACTTCTAGTAGTCCTACTGCCCAGCCA	74642644	74618563	24081	74643378	74619838	23540
ENSMUST00000182407	GCCCATGAATCTCTGATATTGACCTACTCTGAGCCTTCAGAGAGTGCTACGTCTGTCCCACCTTCTGACACACCTTCTCTCACATCATCTATTTCTTCAGTTTGTACCACAGATAGCTCCTCACCTGTCACTACCCTCGATAGCC	14677410	14680013	-2603	14677555	14682387	-4832
ENSMUST00000238468	CAGTTGCAATTTTTTGCAAGGTTTTTCGACTCATAGTTCTTTGTCTGGGTACTTTTTCACCCTACAGAGAATTTCTGTATATATTATCGTTTCTGATTCTAGTGTTTTGAATTTTCGCTGGGTCTAAATATCTCTGTCTCAGTGTCAGTA	109661103	109606341	54762	109661253	109606343	54910
ENSMUST00000238468	CAGTTGCAATTTTTTGCAAGGTTTTTCGACTCATAGTTCTTTGTCTGGGTACTTTTTCACCCTACAGAGAATTTCTGTATATATTATCGTTTCTGATTCTAGTGTTTTGAATTTTCGCTGGGTCTAAATATCTCTGTCTCAGTGTCAGTA	109661103	109656831	4272	109661253	109656840	4413
ENSMUST00000238468	CAGTTGCAATTTTTTGCAAGGTTTTTCGACTCATAGTTCTTTGTCTGGGTACTTTTTCACCCTACAGAGAATTTCTGTATATATTATCGTTTCTGATTCTAGTGTTTTGAATTTTCGCTGGGTCTAAATATCTCTGTCTCAGTGTCAGTA	109661103	109656831	4272	109661253	109656840	4413
ENSMUST00000035058	GATCTCATGGCATGCTCTGATGTGTTTTGTAGGAGGGGAAACACTTAAAATAAGCAAAGAAACCGAGCAGGATTGCATATATCGGATGGTTCTTGTCTGTGCTCTCTGTACGTTGCTTCTGCAGCTGTGATTTCTAAACCTCTGCTGGCACTCA	110262331	110256220	6111	110262485	110256301	6184
ENSMUST00000007130	TAGTGTTATGTTCTAGTGAACCTGCTACAGCAATTTCTGATTTCTAAGAACCGAGTAATGGTGTAGAACACTAATTCATAATCACGCTAATTGTAATCTGGAGACGTGTAACATTGTGTAGCCTTTTGTATAAATAGACAGATAGAAATGGTCC	120960129	120955969	4160	120960283	120955972	4311
ENSMUST00000042035	CTTGCACTTCTTCTTCCTGTCCTCATTTTGCTGGGTGCTCACCGAGGCCTGGCAATCCTACATGGCCGTCACCGGCCGCCTCCGGAGCCGGCTCGTCCGCAAACGCTTTCTCTGCCTGGGCTGGGGGCTCCCTGCACTGGTGGTGGCCATTTCTG	74572121	74584417	-12296	74572858	74584432	-11574
ENSMUST00000007130	CTTGTTCAAAACTGTCTTTGGACTCTCAGAAACCTTTCAGATGCAGCGACTAAGCAGGAAGGGATGGAAGGCCTCCTTGGGACTCTAGTGCAGCTTCTGGGTTCCGATGATATAAATGTGGTCACCTGTGCAGCTGGAATTCTCTCTAACCTCACT	120955202	120955969	-767	120955436	120955972	-536
ENSMUST00000108909	GAAGTACTTCGTCTCCCCGACCCTATTCCGCGTCATCCGATTGGCCCGCATCGGGCGCATCTTGCGTCTGATCAAGGGCGCCAAAGGGATCCGCACCCTGCTCTTTGCCTTAATGATGTCGCTGCCCGCCCTGTTCAACATCGGCCTCCTGCTCTTCCTG	101039592	100984045	55547	101039752	100984075	55677
ENSMUST00000046257	CCAGGCCTGGACCAGCCTAGGGAAGCGTGCAGACCAGCGCAAGGCCAAATTGGGTGACTCCCATGATCTGCAGCGCTTCCTTAGCGATTTCCGGGACCTCATGTCTTGGATCAATGGAATACGAGGGTTGGTATCTTCAGATGAACTAGCCAAGGACGTC	30008192	30006646	1546	30010796	30006670	4126
ENSMUST00000232395	CATACCTTCCTTTTCAAGGATTTGGCATCACCCAGCGACCAGCGTACATTAACATGGTACCTAGCCTGTCGCAGTTCACTAGCATTTACACACCTTTGGCCAACATTTCTTCTGAGTATCCAATGCAAAGATCCATGCCAGTGGTGCCATCTTTTGTAGCCAGCAACAGA	94443081	94370861	72220	94443251	94370971	72280
ENSMUST00000232395	CATACCTTCCTTTTCAAGGATTTGGCATCACCCAGCGACCAGCGTACATTAACATGGTACCTAGCCTGTCGCAGTTCACTAGCATTTACACACCTTTGGCCAACATTTCTTCTGAGTATCCAATGCAAAGATCCATGCCAGTGGTGCCATCTTTTGTAGCCAGCAACAGA	94443081	94370861	72220	94443251	94370971	72280
ENSMUST00000232395	CATACCTTCCTTTTCAAGGATTTGGCATCACCCAGCGACCAGCGTACATTAACATGGTACCTAGCCTGTCGCAGTTCACTAGCATTTACACACCTTTGGCCAACATTTCTTCTGAGTATCCAATGCAAAGATCCATGCCAGTGGTGCCATCTTTTGTAGCCAGCAACAGA	94443081	94370861	72220	94443251	94370971	72280
ENSMUST00000232395	CATACCTTCCTTTTCAAGGATTTGGCATCACCCAGCGACCAGCGTACATTAACATGGTACCTAGCCTGTCGCAGTTCACTAGCATTTACACACCTTTGGCCAACATTTCTTCTGAGTATCCAATGCAAAGATCCATGCCAGTGGTGCCATCTTTTGTAGCCAGCAACAGA	94443081	94456761	-13680	94443251	94456811	-13560
ENSMUST00000232395	CATACCTTCCTTTTCAAGGATTTGGCATCACCCAGCGACCAGCGTACATTAACATGGTACCTAGCCTGTCGCAGTTCACTAGCATTTACACACCTTTGGCCAACATTTCTTCTGAGTATCCAATGCAAAGATCCATGCCAGTGGTGCCATCTTTTGTAGCCAGCAACAGA	94443081	94370861	72220	94443251	94370971	72280
ENSMUST00000232395	CATACCTTCCTTTTCAAGGATTTGGCATCACCCAGCGACCAGCGTACATTAACATGGTACCTAGCCTGTCGCAGTTCACTAGCATTTACACACCTTTGGCCAACATTTCTTCTGAGTATCCAATGCAAAGATCCATGCCAGTGGTGCCATCTTTTGTAGCCAGCAACAGA	94443081	94370861	72220	94443251	94370971	72280
ENSMUST00000232395	CATACCTTCCTTTTCAAGGATTTGGCATCACCCAGCGACCAGCGTACATTAACATGGTACCTAGCCTGTCGCAGTTCACTAGCATTTACACACCTTTGGCCAACATTTCTTCTGAGTATCCAATGCAAAGATCCATGCCAGTGGTGCCATCTTTTGTAGCCAGCAACAGA	94443081	94370861	72220	94443251	94370971	72280
ENSMUST00000232395	CATACCTTCCTTTTCAAGGATTTGGCATCACCCAGCGACCAGCGTACATTAACATGGTACCTAGCCTGTCGCAGTTCACTAGCATTTACACACCTTTGGCCAACATTTCTTCTGAGTATCCAATGCAAAGATCCATGCCAGTGGTGCCATCTTTTGTAGCCAGCAACAGA	94443081	94456761	-13680	94443251	94456811	-13560
ENSMUST00000232395	CATACCTTCCTTTTCAAGGATTTGGCATCACCCAGCGACCAGCGTACATTAACATGGTACCTAGCCTGTCGCAGTTCACTAGCATTTACACACCTTTGGCCAACATTTCTTCTGAGTATCCAATGCAAAGATCCATGCCAGTGGTGCCATCTTTTGTAGCCAGCAACAGA	94443081	94370861	72220	94443251	94370971	72280
ENSMUST00000232395	CATACCTTCCTTTTCAAGGATTTGGCATCACCCAGCGACCAGCGTACATTAACATGGTACCTAGCCTGTCGCAGTTCACTAGCATTTACACACCTTTGGCCAACATTTCTTCTGAGTATCCAATGCAAAGATCCATGCCAGTGGTGCCATCTTTTGTAGCCAGCAACAGA	94443081	94370861	72220	94443251	94370971	72280
ENSMUST00000232395	CATACCTTCCTTTTCAAGGATTTGGCATCACCCAGCGACCAGCGTACATTAACATGGTACCTAGCCTGTCGCAGTTCACTAGCATTTACACACCTTTGGCCAACATTTCTTCTGAGTATCCAATGCAAAGATCCATGCCAGTGGTGCCATCTTTTGTAGCCAGCAACAGA	94443081	94370861	72220	94443251	94370971	72280
ENSMUST00000232395	CATACCTTCCTTTTCAAGGATTTGGCATCACCCAGCGACCAGCGTACATTAACATGGTACCTAGCCTGTCGCAGTTCACTAGCATTTACACACCTTTGGCCAACATTTCTTCTGAGTATCCAATGCAAAGATCCATGCCAGTGGTGCCATCTTTTGTAGCCAGCAACAGA	94443081	94456761	-13680	94443251	94456811	-13560
ENSMUST00000102919	CAGCGGGTGCAACCCTGTCATCTACTGGCTGGCCAACTACGTGTGGGACATGCTCAATTACCTGGTCCCAGCCACCTGCTGCGTGATCATCCTCTTTGTCTTTGACTTACCTGCCTACACATCACCCACCAACTTCCCCGCGGTGCTCTCCTTGTTCCTGCTCTATGGGTG	25444226	25442054	2172	25444560	25442111	2449
ENSMUST00000129241	AGTGAAGAGATCGAGAGTGCTTTCCGGGCCCTCAGCTCTGAGGGCAAGCCTTATGTGACCAAGGAGGAGCTCTACCAGAACCTGACCCGGGAACAAGCTGACTATTGTGTCTCCCACATGAAGCCCTATGTGGATGGCAAGGGCCGAGAACTTCCAACTGCCTTCGACTACGTCGAGTTCACCCGCTCACT	30030800	30006646	24154	30031140	30006670	24470
ENSMUST00000087871	AACCTGAAGGAGGCCATTGAAACCATTGTGGCCGCCATGAGCAACCTGGTGCCCCCTGTGGAGCTGGCCAACCCTGAGAACCAGTTCAGAGTGGACTACATTCTGAGCGTGATGAACGTGCCGAACTTTGACTTCCCACCTGAATTCTATGAGCATGCCAAGGCTCTGTGGGAGGATGAGGGAGTGCGTGCCTG	174341691	174328131	13560	174343259	174330434	12825
ENSMUST00000238468	CTACCATGGAGTGACACTGGATATAGAAACTACCGTTAACAGCAGACTCCATGGCTCAGACTTCCAATACAATATGAACTCAGTTGCAATTTTTTGCAAGGTTTTTCGACTCATAGTTCTTTGTCTGGGTACTTTTTCACCCTACAGAGAATTTCTGTATATATTATCGTTTCTGATTCTAGTGTTTTGAATTTTCGCTGGGTCT	109661023	109606341	54682	109661228	109606343	54885
ENSMUST00000238468	CTACCATGGAGTGACACTGGATATAGAAACTACCGTTAACAGCAGACTCCATGGCTCAGACTTCCAATACAATATGAACTCAGTTGCAATTTTTTGCAAGGTTTTTCGACTCATAGTTCTTTGTCTGGGTACTTTTTCACCCTACAGAGAATTTCTGTATATATTATCGTTTCTGATTCTAGTGTTTTGAATTTTCGCTGGGTCT	109661023	109656831	4192	109661228	109656840	4388
ENSMUST00000238468	CTACCATGGAGTGACACTGGATATAGAAACTACCGTTAACAGCAGACTCCATGGCTCAGACTTCCAATACAATATGAACTCAGTTGCAATTTTTTGCAAGGTTTTTCGACTCATAGTTCTTTGTCTGGGTACTTTTTCACCCTACAGAGAATTTCTGTATATATTATCGTTTCTGATTCTAGTGTTTTGAATTTTCGCTGGGTCT	109661023	109656831	4192	109661228	109656840	4388
ENSMUST00000113462	AGGTGTCCGGCCTCTACTACAATGGGCTCAAGGTACTGGCGCTGGCCGCCGAGAGCGACCCCAATGTGCGGACCGAAGGCCACCTACGGCTAGTAGGGGAGGGGCCGTCCGTGCTGCTCAGTGCTGAGACCACTGCCACCACTCTGCTGGCCGACATGGCCACCACCATCATGGAGACCACCACCACCATGGCCACCACCACTACTCGCCGGGGCCGTTCCCCCACAATGAGGGACAGCACCACCCAGA	6517021	6463847	53174	6519271	6463868	55403
ENSMUST00000113462	AGGTGTCCGGCCTCTACTACAATGGGCTCAAGGTACTGGCGCTGGCCGCCGAGAGCGACCCCAATGTGCGGACCGAAGGCCACCTACGGCTAGTAGGGGAGGGGCCGTCCGTGCTGCTCAGTGCTGAGACCACTGCCACCACTCTGCTGGCCGACATGGCCACCACCATCATGGAGACCACCACCACCATGGCCACCACCACTACTCGCCGGGGCCGTTCCCCCACAATGAGGGACAGCACCACCCAGA	6517021	6463847	53174	6519271	6463868	55403
