transcript_ID	prot_seq	coord_start_genomic	coord_shortSplice	start_genomic-shortSplice	coord_longSplice	start_genomic-longSplice	coord_shareSplice	start_genomic-shareSplice	coord_end_genomic	end_genomic-shortSplice	end_genomic-longSplice	end_genomic-shareSplice
ENSMUST00000050166	AAGCTAATAAGACAATAGA	8078649	8095072	-16423	8094985	-16336	8092831	-14182	8078668	-16404	-16317	-14163
ENSMUST00000177129	GTCTGCAACCCGCAGCGTG	35199963	35199220	743	35199210	753	35191696	8267	35199982	762	772	8286
ENSMUST00000121146	GGATCTGAAGGAAGAAAAT	156267363	156301744	-34381	156301513	-34150	156300790	-33427	156263417	-38327	-38096	-37373
ENSMUST00000103176	GGCCGGACATGGTGAATGG	155657930	155659122	-1192	155658893	-963	155657959	-29	155657949	-1173	-944	-10
ENSMUST00000102925	CACTCGCCTGGGCGTCACA	25364940	25363311	1629	25363243	1697	25362848	2092	25364959	1648	1716	2111
ENSMUST00000168645	AAGAGTTTTCCAAAACAGA	30905678	30969373	-63695	30969358	-63680	30965935	-60257	30905697	-63676	-63661	-60238
ENSMUST00000049081	AACCAAAGCGCTAGGCTCT	129150727	129181741	-31014	129180188	-29461	129178332	-27605	129150746	-30995	-29442	-27586
ENSMUST00000049081	AACCAAAGCGCTAGGCTCT	129150727	129182331	-31604	129182208	-31481	129182100	-31373	129150746	-31585	-31462	-31354
ENSMUST00000181535	AATACAGGTGCTATGCAACC	112215055	112228308	-13253	112228300	-13245	112221874	-6819	112215075	-13233	-13225	-6799
ENSMUST00000181535	AATACAGGTGCTATGCAACC	112215055	112224308	-9253	112224207	-9152	112221855	-6800	112215075	-9233	-9132	-6780
ENSMUST00000181535	AATACAGGTGCTATGCAACC	112215055	112228308	-13253	112228300	-13245	112224356	-9301	112215075	-13233	-13225	-9281
ENSMUST00000181535	AATACAGGTGCTATGCAACC	112215055	112228308	-13253	112228300	-13245	112228178	-13123	112215075	-13233	-13225	-13103
ENSMUST00000181535	AATACAGGTGCTATGCAACC	112215055	112228308	-13253	112228300	-13245	112228214	-13159	112215075	-13233	-13225	-13139
ENSMUST00000000285	GGGCATCTAACTTGGTGTGT	89039047	89048888	-9841	89048848	-9801	89044311	-5264	89039067	-9821	-9781	-5244
ENSMUST00000059256	CTGGGAAATGCTGGTGCAGG	150398347	150459071	-60724	150458961	-60614	150420441	-22094	150398367	-60704	-60594	-22074
ENSMUST00000034529	GGTTTGATCTATTTTCGGAT	53658666	53642680	15986	53642517	16149	53635065	23601	53655278	12598	12761	20213
ENSMUST00000106550	CTGCGGCTGGATACAAGTCT	118855792	118852888	2904	118852402	3390	118848574	7218	118855812	2924	3410	7238
ENSMUST00000106550	CTGCGGCTGGATACAAGTCT	118855792	118852888	2904	118852402	3390	118850689	5103	118855812	2924	3410	5123
ENSMUST00000107152	ACCCAACTTAAAAGTACGTT	102205499	102195951	9548	102195947	9552	102195868	9631	102205519	9568	9572	9651
ENSMUST00000063577	CGACAGAGGAAAGGGCGAGA	101405909	101409632	-3723	101409611	-3702	101409305	-3396	101405929	-3703	-3682	-3376
ENSMUST00000063577	CGACAGAGGAAAGGGCGAGA	101405909	101418794	-12885	101418272	-12363	101417330	-11421	101405929	-12865	-12343	-11401
ENSMUST00000109266	TATATCAGAAAAAAGAAATT	165785417	165807674	-22257	165807518	-22101	165805377	-19960	165785437	-22237	-22081	-19940
ENSMUST00000052069	GCGGCTTTGCCTCGGCGCGG	100729354	100729306	48	100729302	52	100720235	9119	100729374	68	72	9139
ENSMUST00000115388	AGGATGTGGTGTGGTTTCTTC	8075663	8095072	-19409	8094985	-19322	8092831	-17168	8075684	-19388	-19301	-17147
ENSMUST00000054538	AGCCTGACTCTGGCTATCAGA	43496897	43497958	-1061	43497880	-983	43497710	-813	43496151	-1807	-1729	-1559
ENSMUST00000028608	CCCAAACGACCTGACTGGGGA	103728017	103734917	-6900	103734865	-6848	103734525	-6508	103728038	-6879	-6827	-6487
ENSMUST00000119954	AAAGAAATATTAAGAGAAGTG	92661885	92659797	2088	92659404	2481	92658866	3019	92661906	2109	2502	3040
ENSMUST00000040603	AGCTAACCCCTCAGCTCCTGG	116742737	116785103	-42366	116785059	-42322	116784640	-41903	116742758	-42345	-42301	-41882
ENSMUST00000040603	AGCTAACCCCTCAGCTCCTGG	116742737	116785103	-42366	116785059	-42322	116784640	-41903	116742758	-42345	-42301	-41882
ENSMUST00000181535	AGCTGAGGGTGACACCAGATT	112218603	112228308	-9705	112228300	-9697	112221874	-3271	112218624	-9684	-9676	-3250
ENSMUST00000181535	AGCTGAGGGTGACACCAGATT	112218603	112224308	-5705	112224207	-5604	112221855	-3252	112218624	-5684	-5583	-3231
ENSMUST00000181535	AGCTGAGGGTGACACCAGATT	112218603	112228308	-9705	112228300	-9697	112224356	-5753	112218624	-9684	-9676	-5732
ENSMUST00000181535	AGCTGAGGGTGACACCAGATT	112218603	112228308	-9705	112228300	-9697	112228178	-9575	112218624	-9684	-9676	-9554
ENSMUST00000181535	AGCTGAGGGTGACACCAGATT	112218603	112228308	-9705	112228300	-9697	112228214	-9611	112218624	-9684	-9676	-9590
ENSMUST00000019614	CCCAGAATCCGGACAAGGTAC	3616027	3613367	2660	3613158	2869	3613076	2951	3616048	2681	2890	2972
ENSMUST00000019614	CCCAGAATCCGGACAAGGTAC	3616027	3618944	-2917	3618858	-2831	3618666	-2639	3616048	-2896	-2810	-2618
ENSMUST00000084125	TCAGACCCAGCTGTTTTCATT	148626748	148618664	8084	148618646	8102	148617705	9043	148626769	8105	8123	9064
ENSMUST00000084125	TCAGACCCAGCTGTTTTCATT	148626748	148618673	8075	148618664	8084	148617635	9113	148626769	8096	8105	9134
ENSMUST00000084125	TCAGACCCAGCTGTTTTCATT	148626748	148618673	8075	148618664	8084	148617705	9043	148626769	8096	8105	9064
ENSMUST00000084125	TCAGACCCAGCTGTTTTCATT	148626748	148618737	8011	148618664	8084	148617705	9043	148626769	8032	8105	9064
ENSMUST00000084125	TCAGACCCAGCTGTTTTCATT	148626748	148618737	8011	148618673	8075	148617705	9043	148626769	8032	8096	9064
ENSMUST00000084125	TCAGACCCAGCTGTTTTCATT	148626748	148618673	8075	148618664	8084	148617825	8923	148626769	8096	8105	8944
ENSMUST00000058902	GGCCGGGTGACCCCGGGGAGA	30024565	29758933	265632	29758825	265740	29755056	269509	30024586	265653	265761	269530
ENSMUST00000046719	ATGACAGCAAGTAGCAAATGG	48387783	48398984	-11201	48398981	-11198	48395796	-8013	48387804	-11180	-11177	-7992
ENSMUST00000177594	TTTGTTAAAAGTACTGACAAAT	83315889	83332354	-16465	83332349	-16460	83331258	-15369	83315911	-16443	-16438	-15347
ENSMUST00000048139	ATCCCGTGGCTAGCTTGGTTGT	69579099	69563319	15780	69563303	15796	69562857	16242	69579121	15802	15818	16264
ENSMUST00000101085	AGTGAGCGAGCCCGGGGGAACA	61493615	61490706	2909	61490607	3008	61490504	3111	61493637	2931	3030	3133
ENSMUST00000101085	AGTGAGCGAGCCCGGGGGAACA	61493615	61493523	92	61493505	110	61493069	546	61493637	114	132	568
ENSMUST00000101085	AGTGAGCGAGCCCGGGGGAACA	61493615	61493596	19	61493505	110	61493069	546	61493637	41	132	568
ENSMUST00000101085	AGTGAGCGAGCCCGGGGGAACA	61493615	61493646	-31	61493505	110	61493069	546	61493637	-9	132	568
ENSMUST00000101085	AGTGAGCGAGCCCGGGGGAACA	61493615	61493596	19	61493523	92	61493069	546	61493637	41	114	568
ENSMUST00000101085	AGTGAGCGAGCCCGGGGGAACA	61493615	61493646	-31	61493523	92	61493069	546	61493637	-9	114	568
ENSMUST00000101085	AGTGAGCGAGCCCGGGGGAACA	61493615	61493646	-31	61493596	19	61493069	546	61493637	-9	41	568
ENSMUST00000101085	AGTGAGCGAGCCCGGGGGAACA	61493615	61493523	92	61493505	110	61493185	430	61493637	114	132	452
ENSMUST00000101085	AGTGAGCGAGCCCGGGGGAACA	61493615	61493646	-31	61493505	110	61493185	430	61493637	-9	132	452
ENSMUST00000101085	AGTGAGCGAGCCCGGGGGAACA	61493615	61493646	-31	61493523	92	61493185	430	61493637	-9	114	452
ENSMUST00000127569	TGTGGTACCTGCTCAGATTTAT	66517026	66520608	-3582	66520272	-3246	66520164	-3138	66517048	-3560	-3224	-3116
ENSMUST00000063577	TGGAATTTGGAGAGGATCTGCT	101418369	101409632	8737	101409611	8758	101409305	9064	101418391	8759	8780	9086
ENSMUST00000063577	TGGAATTTGGAGAGGATCTGCT	101418369	101418794	-425	101418272	97	101417330	1039	101418391	-403	119	1061
ENSMUST00000035346	TTAATGAGCGGTTATCTCCATG	153411706	153420549	-8843	153420531	-8825	153418145	-6439	153411728	-8821	-8803	-6417
ENSMUST00000107788	CTCTGGCGTGGAGCCGGGACGA	94473380	94425784	47596	94425763	47617	94418970	54410	94473402	47618	47639	54432
ENSMUST00000107788	CTCTGGCGTGGAGCCGGGACGA	94473380	94425784	47596	94425763	47617	94423724	49656	94473402	47618	47639	49678
ENSMUST00000021288	GGGCTCAGGGCAGCAGGCGAGC	67891468	67879810	11658	67879795	11673	67876531	14937	67887755	7945	7960	11224
ENSMUST00000120963	TCTTCTGAAAGAACAAGGACGG	76904347	76886129	18218	76886046	18301	76884201	20146	76904369	18240	18323	20168
ENSMUST00000145596	TAAATCTAAACTTGTTTCTCAA	23294776	23435949	-141173	23435940	-141164	23386353	-91577	23294798	-141151	-141142	-91555
ENSMUST00000145596	TAAATCTAAACTTGTTTCTCAA	23294776	23435949	-141173	23435940	-141164	23391007	-96231	23294798	-141151	-141142	-96209
ENSMUST00000145596	TAAATCTAAACTTGTTTCTCAA	23294776	23435949	-141173	23435940	-141164	23425740	-130964	23294798	-141151	-141142	-130942
ENSMUST00000145596	TAAATCTAAACTTGTTTCTCAA	23294776	23435949	-141173	23435940	-141164	23386353	-91577	23294798	-141151	-141142	-91555
ENSMUST00000145596	TAAATCTAAACTTGTTTCTCAA	23294776	23435949	-141173	23435940	-141164	23391007	-96231	23294798	-141151	-141142	-96209
ENSMUST00000145596	TAAATCTAAACTTGTTTCTCAA	23294776	23435949	-141173	23435940	-141164	23425740	-130964	23294798	-141151	-141142	-130942
ENSMUST00000072222	CACTGCCCTTTGTGATAAAAAAA	12805476	12810805	-5329	12809696	-4220	12807973	-2497	12805499	-5306	-4197	-2474
ENSMUST00000071564	TGTTCCCATCGTGTTCAAGGCTT	11767415	11769775	-2360	11769749	-2334	11767711	-296	11767438	-2337	-2311	-273
ENSMUST00000036450	CTTTGATCGGGCAGCTGCTGGAT	122065455	122108036	-42581	122107708	-42253	122104053	-38598	122065478	-42558	-42230	-38575
ENSMUST00000126854	AGGGAGGCTAGCGGTTGCTCAGA	97745617	97750268	-4651	97750259	-4642	97750187	-4570	97745640	-4628	-4619	-4547
ENSMUST00000126854	AGGGAGGCTAGCGGTTGCTCAGA	97745617	97761474	-15857	97761467	-15850	97761229	-15612	97745640	-15834	-15827	-15589
ENSMUST00000114960	CGGCCATTATGCCTCCCAGCAAA	34314231	34256190	58041	34256151	58080	34252399	61832	34314254	58064	58103	61855
ENSMUST00000112308	TTTCTTTTTGCGGCACTGTGTGAC	84770474	84773207	-2733	84773203	-2729	84773102	-2628	84770498	-2709	-2705	-2604
ENSMUST00000058860	GAGCTGCAGGAAGGCGGGGACGGC	30956417	30955880	537	30955799	618	30955440	977	30956162	282	363	722
ENSMUST00000058860	GAGCTGCAGGAAGGCGGGGACGGC	30956417	30955880	537	30955799	618	30955440	977	30956162	282	363	722
ENSMUST00000177594	CATATCATTCTGTCCCTTGAGAAT	83315445	83332354	-16909	83332349	-16904	83331258	-15813	83315469	-16885	-16880	-15789
ENSMUST00000154376	TGGTCTTGACTGGAGCACGCTTAT	37022492	37139130	-116638	37139061	-116569	37126388	-103896	37022516	-116614	-116545	-103872
ENSMUST00000030886	ACCACTGGAGGTTCCGCCCCTGCTG	147868523	147865865	2658	147865654	2869	147865270	3253	147868548	2683	2894	3278
ENSMUST00000029741	TAAATTAGCCCCGACCCTGAGTTCT	96727608	96723796	3812	96723513	4095	96722625	4983	96725839	2043	2326	3214
ENSMUST00000030087	ATTATGGGACAGTCGGGGGCTTCAGA	62457448	62470818	-13370	62470711	-13263	62468933	-11485	62457474	-13344	-13237	-11459
ENSMUST00000098873	GAGGACATAGTTCAGTGGTAGAACGT	95183658	95204640	-20982	95203730	-20072	95200291	-16633	95183684	-20956	-20046	-16607
ENSMUST00000032410	GGGCCCAGGAGGATCTGCTGGAGGAGC	113372503	113374835	-2332	113374778	-2275	113372606	-103	113372530	-2305	-2248	-76
ENSMUST00000043897	TAAATTGTGTCTTTGCATCACTTCTGG	25844500	25840254	4246	25840221	4279	25840107	4393	25844527	4273	4306	4420
ENSMUST00000043897	TAAATTGTGTCTTTGCATCACTTCTGG	25844500	25840254	4246	25840221	4279	25840107	4393	25844527	4273	4306	4420
ENSMUST00000030336	CCCCAAGCAAGAGTCATGGCGGAGGCCCA	145219878	145229074	-9196	145229003	-9125	145227596	-7718	145219907	-9167	-9096	-7689
ENSMUST00000084125	AATATTCTGGAATGGACTTGGTGTTAATT	148616232	148618664	-2432	148618646	-2414	148617705	-1473	148616261	-2403	-2385	-1444
ENSMUST00000084125	AATATTCTGGAATGGACTTGGTGTTAATT	148616232	148618673	-2441	148618664	-2432	148617635	-1403	148616261	-2412	-2403	-1374
ENSMUST00000084125	AATATTCTGGAATGGACTTGGTGTTAATT	148616232	148618673	-2441	148618664	-2432	148617705	-1473	148616261	-2412	-2403	-1444
ENSMUST00000084125	AATATTCTGGAATGGACTTGGTGTTAATT	148616232	148618737	-2505	148618664	-2432	148617705	-1473	148616261	-2476	-2403	-1444
ENSMUST00000084125	AATATTCTGGAATGGACTTGGTGTTAATT	148616232	148618737	-2505	148618673	-2441	148617705	-1473	148616261	-2476	-2412	-1444
ENSMUST00000084125	AATATTCTGGAATGGACTTGGTGTTAATT	148616232	148618673	-2441	148618664	-2432	148617825	-1593	148616261	-2412	-2403	-1564
ENSMUST00000111836	AGCCAGGAAAACGCCTGTCACTCAAACTCCAA	152846174	152848733	-2559	152848595	-2421	152846263	-89	152846206	-2527	-2389	-57
ENSMUST00000112066	TCCTCTGAGTTCCGCTGCTCAAGATCCCTAAG	115479793	115482623	-2830	115482574	-2781	115480525	-732	115478023	-4600	-4551	-2502
ENSMUST00000003961	GCTCGCCCTACGGACTGCACCACCTATACATACCA	45339188	45353518	-14330	45353329	-14141	45352274	-13086	45339223	-14295	-14106	-13051
ENSMUST00000040603	ACAAAACCTTATAAGAAAGACGAGAACTCGATCAA	116779320	116785103	-5783	116785059	-5739	116784640	-5320	116779355	-5748	-5704	-5285
ENSMUST00000040603	ACAAAACCTTATAAGAAAGACGAGAACTCGATCAA	116779320	116785103	-5783	116785059	-5739	116784640	-5320	116779355	-5748	-5704	-5285
ENSMUST00000036450	AGGGTGTGACTTTCATTCCCGGTTCATCCTCTACT	122088265	122108036	-19771	122107708	-19443	122104053	-15788	122088300	-19736	-19408	-15753
ENSMUST00000046603	CGTGCTCATCATCATCTACCATGCCAGGGCCACACT	108591726	108591144	582	108591103	623	108585534	6192	108591762	618	659	6228
ENSMUST00000112113	GACCCGTTCCTCCACCGGCTGCGCCCCATGCTCAGCT	115194331	115180791	13540	115180787	13544	115176270	18061	115194368	13577	13581	18098
ENSMUST00000107793	GCGGGTGCTGAAGCTAGTTCGCTTCCTGCCGGCACTG	94443248	94425784	17464	94425763	17485	94418970	24278	94443285	17501	17522	24315
ENSMUST00000107793	GCGGGTGCTGAAGCTAGTTCGCTTCCTGCCGGCACTG	94443248	94425784	17464	94425763	17485	94423724	19524	94443285	17501	17522	19561
ENSMUST00000023741	TTTTTAATTATGGGCGTGGGATGGCGGCTGAGGCAAA	98832640	98856077	-23437	98856068	-23428	98855898	-23258	98832677	-23400	-23391	-23221
ENSMUST00000159855	GTTTGGAAACTAGCCCCATAACCGACACTGACCTGGC	103148568	103138728	9840	103138719	9849	103136639	11929	103148605	9877	9886	11966
ENSMUST00000139819	CACATGTCCCTGCTCTACCCTGTGGCCATCCGGACTCT	122349278	122354030	-4752	122354028	-4750	122353884	-4606	122349316	-4714	-4712	-4568
ENSMUST00000013842	GCCTTAAAGGTCCTTCCTAAATCTCCCTAGTCTTGCCT	172198345	172200473	-2128	172200407	-2062	172199266	-921	172198383	-2090	-2024	-883
ENSMUST00000110701	GGCCAGGGGACTTCTCAGAAGAATTGTCAACACTGTTT	120716173	120722656	-6483	120722609	-6436	120720989	-4816	120716211	-6445	-6398	-4778
ENSMUST00000110701	GGCCAGGGGACTTCTCAGAAGAATTGTCAACACTGTTT	120716173	120722656	-6483	120722609	-6436	120721010	-4837	120716211	-6445	-6398	-4799
ENSMUST00000198389	AAGTTCAGGGCGGCCACACAGTGCGAGTTCTCCAAACA	35919104	35919121	-17	35919000	104	35916350	2754	35919142	21	142	2792
ENSMUST00000198389	AAGTTCAGGGCGGCCACACAGTGCGAGTTCTCCAAACA	35919104	35921112	-2008	35920970	-1866	35919169	-65	35919142	-1970	-1828	-27
ENSMUST00000026665	AAGTTTGTTAAAAGGCTAAAGAGCTCTCTAGAACCTGCT	119079604	119084562	-4958	119084531	-4927	119082583	-2979	119079643	-4919	-4888	-2940
ENSMUST00000021347	TTTTTCTTTCTTCGTTCTGCAAACATACACAAGACACTCG	91806514	91833204	-26690	91833054	-26540	91831674	-25160	91806554	-26650	-26500	-25120
ENSMUST00000154230	ATCTGTCATTCTAAGAGAGAAACCTCAGTCTGGCCGCCAG	20881635	20855580	26055	20855353	26282	20855040	26595	20881675	26095	26322	26635
ENSMUST00000154230	ATCTGTCATTCTAAGAGAGAAACCTCAGTCTGGCCGCCAG	20881635	20967347	-85712	20967329	-85694	20914811	-33176	20881675	-85672	-85654	-33136
ENSMUST00000182627	CTATCACAGTGTCTGCCCTGTGAGGAATGAGAGCGCCTCA	29408901	29415810	-6909	29415782	-6881	29409872	-971	29408941	-6869	-6841	-931
ENSMUST00000182627	CTATCACAGTGTCTGCCCTGTGAGGAATGAGAGCGCCTCA	29408901	29415810	-6909	29415782	-6881	29413801	-4900	29408941	-6869	-6841	-4860
ENSMUST00000182627	CTATCACAGTGTCTGCCCTGTGAGGAATGAGAGCGCCTCA	29408901	29455423	-46522	29455366	-46465	29454880	-45979	29408941	-46482	-46425	-45939
ENSMUST00000177517	CCGGACCTCCAGTCCCTGCGCTACGCCCTGTCGCTCTACAC	71634611	71643094	-8483	71643091	-8480	71642206	-7595	71634652	-8442	-8439	-7554
ENSMUST00000177517	CCGGACCTCCAGTCCCTGCGCTACGCCCTGTCGCTCTACAC	71634611	71658023	-23412	71658002	-23391	71656301	-21690	71634652	-23371	-23350	-21649
ENSMUST00000177517	CCGGACCTCCAGTCCCTGCGCTACGCCCTGTCGCTCTACAC	71634611	71662839	-28228	71662480	-27869	71661851	-27240	71634652	-28187	-27828	-27199
ENSMUST00000177517	CCGGACCTCCAGTCCCTGCGCTACGCCCTGTCGCTCTACAC	71634611	71662854	-28243	71662480	-27869	71661851	-27240	71634652	-28202	-27828	-27199
ENSMUST00000177517	CCGGACCTCCAGTCCCTGCGCTACGCCCTGTCGCTCTACAC	71634611	71662854	-28243	71662839	-28228	71661851	-27240	71634652	-28202	-28187	-27199
ENSMUST00000177517	CCGGACCTCCAGTCCCTGCGCTACGCCCTGTCGCTCTACAC	71634611	71662854	-28243	71662839	-28228	71662535	-27924	71634652	-28202	-28187	-27883
ENSMUST00000029796	TCAAAAAGCCTGTATGGCTGCTCACTCATTAATCTTCTGCCA	138926532	139021812	-95280	139021765	-95233	139015671	-89139	138926574	-95238	-95191	-89097
ENSMUST00000151288	CTTCACACCGCTTATTGGCTCTGCAAGTGACCGCTGCACCCT	73589446	73587544	1902	73587520	1926	73587085	2361	73589488	1944	1968	2403
ENSMUST00000056149	ACTTCTTCCATTCTGCCCACCTGTCTGTCACCTAACCTGGCC	150833046	150838314	-5268	150838310	-5264	150837434	-4388	150833088	-5226	-5222	-4346
ENSMUST00000036161	ACGTGAACCTTGCCTGGAGCATCTCTCCATACCTCGCTGTGCA	17297073	17323036	-25963	17322987	-25914	17318553	-21480	17295399	-27637	-27588	-23154
ENSMUST00000225431	CATACTTCAATGACAATATCCTCACCCTAATACGGACCCTGGT	23314148	23435949	-121801	23435940	-121792	23386353	-72205	23314191	-121758	-121749	-72162
ENSMUST00000225431	CATACTTCAATGACAATATCCTCACCCTAATACGGACCCTGGT	23314148	23435949	-121801	23435940	-121792	23391007	-76859	23314191	-121758	-121749	-76816
ENSMUST00000225431	CATACTTCAATGACAATATCCTCACCCTAATACGGACCCTGGT	23314148	23435949	-121801	23435940	-121792	23425740	-111592	23314191	-121758	-121749	-111549
ENSMUST00000100561	TTTTCGCCCAGTGTGGATGGTGATGGGGACAGGAAGAAGCGCT	94438155	94425784	12371	94425763	12392	94418970	19185	94437838	12054	12075	18868
ENSMUST00000100561	TTTTCGCCCAGTGTGGATGGTGATGGGGACAGGAAGAAGCGCT	94438155	94425784	12371	94425763	12392	94423724	14431	94437838	12054	12075	14114
ENSMUST00000180572	TTGTAAACTTGTTGCATTTTTATATGATTTTCTTGACTGCACG	156166018	156168545	-2527	156167776	-1758	156167506	-1488	156166061	-2484	-1715	-1445
ENSMUST00000180572	TTGTAAACTTGTTGCATTTTTATATGATTTTCTTGACTGCACG	156166018	156173542	-7524	156173002	-6984	156172882	-6864	156166061	-7481	-6941	-6821
ENSMUST00000105631	CCCTGTCCCCTACTCCACTGTGCACCGGGCTTGTTTTGAACAA	154984873	154986718	-1845	154986214	-1341	154985392	-519	154984916	-1802	-1298	-476
ENSMUST00000149964	TTCCTGGCTTGAGTTCCTGTCCCTTTTGATTGTGGCCTCTGGAAA	181079591	181086968	-7377	181086875	-7284	181082456	-2865	181079636	-7332	-7239	-2820
ENSMUST00000149964	TTCCTGGCTTGAGTTCCTGTCCCTTTTGATTGTGGCCTCTGGAAA	181079591	181086968	-7377	181086875	-7284	181085350	-5759	181079636	-7332	-7239	-5714
ENSMUST00000159451	CTACCCAGCCTCTCTCCTGCCACAAACGGCTCAGCCACAGAGTTAT	112124838	112157689	-32851	112155417	-30579	112149372	-24534	112124884	-32805	-30533	-24488
ENSMUST00000170810	GATGAGACAGATCCCGTACACCATGATGAAGTTCGCCTGCTTTGAAC	91118076	91122206	-4130	91122107	-4031	91119706	-1630	91118123	-4083	-3984	-1583
ENSMUST00000114488	ACTCCAGACATGCCTGCTGTGTCTGCGTTCTTCAGCCTCGCTGCACT	50200525	50432241	-231716	50432110	-231585	50428981	-228456	50200572	-231669	-231538	-228409
ENSMUST00000112790	TCTGATGTTCGTTCTCATCCTGCTCAACACCATCTGCCTGGCCATGCA	118652789	118630398	22391	118630224	22565	118627570	25219	118651975	21577	21751	24405
ENSMUST00000028016	AGAAGGTGTGCCTAATGGTGCAGGACAGAAGAATTCCAAGGATGCTGC	162702267	162679499	22768	162679484	22783	162678228	24039	162702315	22816	22831	24087
ENSMUST00000028016	AGAAGGTGTGCCTAATGGTGCAGGACAGAAGAATTCCAAGGATGCTGC	162702267	162721444	-19177	162721429	-19162	162720606	-18339	162702315	-19129	-19114	-18291
ENSMUST00000086693	ACGTCCTCGGGCACCTGTACATACACTGCTCTGTCCCTGCCCTCACCT	66337837	66348242	-10405	66348218	-10381	66346385	-8548	66337885	-10357	-10333	-8500
ENSMUST00000086693	ACGTCCTCGGGCACCTGTACATACACTGCTCTGTCCCTGCCCTCACCT	66337837	66368293	-30456	66368229	-30392	66366541	-28704	66337885	-30408	-30344	-28656
ENSMUST00000052885	TACACATCGTCTTCTCCCGGTCCCCCATCAACTGCTTAGAGCATGTTCG	79979528	79978547	981	79978391	1137	79978320	1208	79979577	1030	1186	1257
ENSMUST00000058860	TCCGTACAGAGAGTAATGGAGGCCAGGTGACATACCGCGTAGTCCAGGT	30956244	30955880	364	30955799	445	30955440	804	30955826	-54	27	386
ENSMUST00000058860	TCCGTACAGAGAGTAATGGAGGCCAGGTGACATACCGCGTAGTCCAGGT	30956244	30955880	364	30955799	445	30955440	804	30955826	-54	27	386
ENSMUST00000151288	CCAGTAGGGCTGAATGTGAACTCTCAGTGTGCCTCCTGCGTGCTTGTGT	73578479	73587544	-9065	73587520	-9041	73587085	-8606	73578528	-9016	-8992	-8557
ENSMUST00000176652	ACAGGCCTGTGCGCTGCCCCAACAACCCCAGCTGCCCACCCCTTCTCAA	24512981	24512955	26	24512949	32	24512386	595	24513030	75	81	644
ENSMUST00000176652	ACAGGCCTGTGCGCTGCCCCAACAACCCCAGCTGCCCACCCCTTCTCAA	24512981	24519130	-6149	24519113	-6132	24518794	-5813	24513030	-6100	-6083	-5764
ENSMUST00000176652	ACAGGCCTGTGCGCTGCCCCAACAACCCCAGCTGCCCACCCCTTCTCAA	24512981	24519130	-6149	24519113	-6132	24518799	-5818	24513030	-6100	-6083	-5769
ENSMUST00000154230	GTGAGTTCCCCGTGTTTCCCACCACCCTGACTTCAGACCGGCTGTTCCGA	20848655	20855580	-6925	20855353	-6698	20855040	-6385	20848705	-6875	-6648	-6335
ENSMUST00000154230	GTGAGTTCCCCGTGTTTCCCACCACCCTGACTTCAGACCGGCTGTTCCGA	20848655	20967347	-118692	20967329	-118674	20914811	-66156	20848705	-118642	-118624	-66106
ENSMUST00000154230	GTGAGTTCCCCGTGTTTCCCACCACCCTGACTTCAGACCGGCTGTTCCGA	20848655	20855580	-6925	20855353	-6698	20855040	-6385	20848705	-6875	-6648	-6335
ENSMUST00000154230	GTGAGTTCCCCGTGTTTCCCACCACCCTGACTTCAGACCGGCTGTTCCGA	20848655	20967347	-118692	20967329	-118674	20914811	-66156	20848705	-118642	-118624	-66106
ENSMUST00000177374	CTGACCCTCCCAGCCCACTACCTCACGGGCCCCCAAACAAAGGCGCAATTC	64111045	64158917	-47872	64158881	-47836	64152930	-41885	64102423	-56494	-56458	-50507
ENSMUST00000177374	CTGACCCTCCCAGCCCACTACCTCACGGGCCCCCAAACAAAGGCGCAATTC	64111045	64158917	-47872	64158881	-47836	64153852	-42807	64102423	-56494	-56458	-51429
ENSMUST00000061611	ACAGTGTCACCAGTAGACTGGCAAAACAAAATGGAGTGCCCAGTGCTGAGC	190773389	190905082	-131693	190904942	-131553	190899571	-126182	190773440	-131642	-131502	-126131
ENSMUST00000159855	ATGACCAGCATTCCTAAGGAAGAACTCCCACACTGTCCTGCAGGTCCCAAA	103113452	103138728	-25276	103138719	-25267	103136639	-23187	103113503	-25225	-25216	-23136
ENSMUST00000004378	GTCACCACCGCCACTGCCACCGCCACCGCCGCCAACGCCACCGACTGAGTCT	124769610	124768186	1424	124768097	1513	124767796	1814	124769662	1476	1565	1866
ENSMUST00000004378	GTCACCACCGCCACTGCCACCGCCACCGCCGCCAACGCCACCGACTGAGTCT	124769610	124768237	1373	124768097	1513	124767796	1814	124769662	1425	1565	1866
ENSMUST00000004378	GTCACCACCGCCACTGCCACCGCCACCGCCGCCAACGCCACCGACTGAGTCT	124769610	124768237	1373	124768186	1424	124767796	1814	124769662	1425	1476	1866
ENSMUST00000098473	AACTTCCGTACCATAGGATTTTTATCATGCTGCTGTTGGAGCTCAATGCACCC	95729188	95754979	-25791	95754964	-25776	95753150	-23962	95729241	-25738	-25723	-23909
ENSMUST00000020496	CGCAGAGATAATCTCCCGAAGGTCCCTGCTCAGGTTTCTTTATGCACAGCTCGA	77313513	77312377	1136	77312347	1166	77311274	2239	77313567	1190	1220	2293
ENSMUST00000043897	TCCCAAGACCTTTGTACACTGTGCTACCATATACAAGCGTTATTACATGGATGG	25840087	25840254	-167	25840221	-134	25840107	-20	25839723	-531	-498	-384
ENSMUST00000043897	TCCCAAGACCTTTGTACACTGTGCTACCATATACAAGCGTTATTACATGGATGG	25840087	25840254	-167	25840221	-134	25840107	-20	25839723	-531	-498	-384
ENSMUST00000137217	ATTTATTTATGATTTTCATTTCTGTTGGTTTGCTGAACATAGTTTCATATCACA	152610419	152623125	-12706	152623035	-12616	152619446	-9027	152610473	-12652	-12562	-8973
ENSMUST00000230022	ATATTTTCCATGAGACTTTCGGGCGAACCTTAGAATCTGTGGACCCACTAGGTG	16324006	16345997	-21991	16345979	-21973	16341468	-17462	16324060	-21937	-21919	-17408
ENSMUST00000230022	ATATTTTCCATGAGACTTTCGGGCGAACCTTAGAATCTGTGGACCCACTAGGTG	16324006	16345997	-21991	16345979	-21973	16342735	-18729	16324060	-21937	-21919	-18675
ENSMUST00000115228	GACCCTGTCCTACCTGATGCCAACTGTACATAGGACCCTACCTGCCTGCCTCCCC	24897685	24906173	-8488	24906146	-8461	24905298	-7613	24897740	-8433	-8406	-7558
ENSMUST00000115228	GACCCTGTCCTACCTGATGCCAACTGTACATAGGACCCTACCTGCCTGCCTCCCC	24897685	24912747	-15062	24912735	-15050	24908428	-10743	24897740	-15007	-14995	-10688
ENSMUST00000115228	GACCCTGTCCTACCTGATGCCAACTGTACATAGGACCCTACCTGCCTGCCTCCCC	24897685	24918087	-20402	24917994	-20309	24914705	-17020	24897740	-20347	-20254	-16965
ENSMUST00000121153	CAAACTTCCGAGAATGAAAGTGAACCATCCACTAGGCGTCTTAGTGTAGAAAACA	103957361	103981072	-23711	103981062	-23701	103979334	-21973	103957416	-23656	-23646	-21918
ENSMUST00000105369	AGAATGCCCGCCTCACCCACCTCCACCTACCGCCCCTCAAAATCGCTACTATCCAT	80135415	80136689	-1274	80136662	-1247	80136494	-1079	80135471	-1218	-1191	-1023
ENSMUST00000103186	ACTGCCCTGCAGCCCCAGTGACAGGAGGAGACCATACTCCCCGACAGCGCCATGGCC	86757473	86737070	20403	86737058	20415	86733844	23629	86757530	20460	20472	23686
ENSMUST00000103186	ACTGCCCTGCAGCCCCAGTGACAGGAGGAGACCATACTCCCCGACAGCGCCATGGCC	86757473	86737070	20403	86737058	20415	86733844	23629	86757530	20460	20472	23686
ENSMUST00000073687	CCAGGGTCCGCATTGCCTCCAGCTACCACTCTGAAGGGGACGGAGACACCTCCTACC	24158571	24164397	-5826	24164382	-5811	24164134	-5563	24158628	-5769	-5754	-5506
ENSMUST00000113615	CTTCACTGTCCTCCTCTTCCACTTCGACTACCCGAGGCTCTCACAGGGCTTCCTGCTT	5674985	5683306	-8321	5683276	-8291	5681553	-6568	5675043	-8263	-8233	-6510
ENSMUST00000113615	CTTCACTGTCCTCCTCTTCCACTTCGACTACCCGAGGCTCTCACAGGGCTTCCTGCTT	5674985	5683306	-8321	5683276	-8291	5681574	-6589	5675043	-8263	-8233	-6531
ENSMUST00000178410	GTCATTCGCCCAGATCTACAGCTGGAATTCTGTGCTGAAGGGTCTAAAAACTCTTTTTA	112187887	112157689	30198	112155417	32470	112149372	38515	112185629	27940	30212	36257
ENSMUST00000162065	CAGGGGCGACAGCACGTCCAGTACCAGGAGTGCTGGGAAACTGTCCAAAACAGGTTCTG	112143496	112157689	-14193	112155417	-11921	112149372	-5876	112136471	-21218	-18946	-12901
ENSMUST00000060255	TGGGGCCTCTGCGCCACACTGTAAGACCCCCTTGATGCAGCCCTCTGAACGCCAAGCCTC	61449692	61450977	-1285	61450827	-1135	61450705	-1013	61449752	-1225	-1075	-953
ENSMUST00000013262	ATGATTTTATGCTTCTCAGAAGAGGACTGGTCCCTTCTGGACCCGGCACAGACTGGTTTC	59493745	59503676	-9931	59503383	-9638	59503100	-9355	59493805	-9871	-9578	-9295
ENSMUST00000160844	AAAGTGTGTTTCTTCCGATTCTGCTCTCCTACTGCTGGCACCGCGCCGGTGGTACTTTGAA	91088370	90059484	1028886	90059475	1028895	90037384	1050986	91088431	1028947	1028956	1051047
ENSMUST00000160844	AAAGTGTGTTTCTTCCGATTCTGCTCTCCTACTGCTGGCACCGCGCCGGTGGTACTTTGAA	91088370	90701987	386383	90701966	386404	90700905	387465	91088431	386444	386465	387526
ENSMUST00000147563	TTTTTTGATGACTGGAGCTGCTCTTTTCCCTTTTAAAATCACTTCTCTGGCCTCTGTTTCCTCT	123072650	123100262	-27612	123100258	-27608	123084310	-11660	123072714	-27548	-27544	-11596
ENSMUST00000147563	TTTTTTGATGACTGGAGCTGCTCTTTTCCCTTTTAAAATCACTTCTCTGGCCTCTGTTTCCTCT	123072650	123100262	-27612	123100258	-27608	123089156	-16506	123072714	-27548	-27544	-16442
ENSMUST00000046892	TTGGACCTGCTGGACCATTCGCTCTGTCTTCCTGTCTGTGAGCTACCACCCTAGTCTTCCCCAGC	108519230	108548531	-29301	108548505	-29275	108525567	-6337	108519295	-29236	-29210	-6272
ENSMUST00000178730	GGATGGACAGCCAAGGGCCATAGTCCAGGAGCAAACCAATCCAGTCACAGGACTCTGTGTTTTTA	66154001	66158047	-4046	66158014	-4013	66157107	-3106	66154066	-3981	-3948	-3041
ENSMUST00000003726	AACCTCCACCCCCACCACCTCCGCCCTCCATGCCACAGCAGACTGCCCCAGCGATGAAGTCCTCGC	32202302	32224086	-21784	32224083	-21781	32222165	-19863	32202368	-21718	-21715	-19797
ENSMUST00000003726	AACCTCCACCCCCACCACCTCCGCCCTCCATGCCACAGCAGACTGCCCCAGCGATGAAGTCCTCGC	32202302	32253040	-50738	32252996	-50694	32229735	-27433	32202368	-50672	-50628	-27367
ENSMUST00000006754	GATGACGACGACGATGAAGATGACGAAGATGACGACGATGAGGATGAAGACAACGAGTCTGAGGGC	102305949	102307082	-1133	102307078	-1129	102306999	-1050	102306015	-1067	-1063	-984
ENSMUST00000060043	AGCCGCCGCAGCAGCCGGACTCAGTGTCCCGCGTCGCCCTCGGGGCGCCTTGTCAGTGCTGAGTGGG	120037719	119932689	105030	119932668	105051	119927234	110485	120037786	105097	105118	110552
ENSMUST00000060043	AGCCGCCGCAGCAGCCGGACTCAGTGTCCCGCGTCGCCCTCGGGGCGCCTTGTCAGTGCTGAGTGGG	120037719	119932689	105030	119932668	105051	119929867	107852	120037786	105097	105118	107919
ENSMUST00000039438	TTTGGATCCAGGGATGCTAAGTAGAAACTGCATGAGCCACCAGTGCTCCCACACCTTTTACCACCACT	78300926	78356026	-55100	78356024	-55098	78304426	-3500	78300994	-55032	-55030	-3432
ENSMUST00000103186	CTGAAGAACTCTTTGCCCGGAAATTTAATGCTCTCTTCGCCCAGGGAAACTACTCAGAGGCTGCAAAG	86726370	86737070	-10700	86737058	-10688	86733844	-7474	86726438	-10632	-10620	-7406
ENSMUST00000036161	GAAGATATAAGCATAATGATTAAGTTTTGGACTGCCATGTTCTCAGATAAGAAGTACCTGACTGCCAG	17299520	17323036	-23516	17322987	-23467	17318553	-19033	17297570	-25466	-25417	-20983
ENSMUST00000107693	ACCCCAAGGTCCTGCCCTGTCTGCACACTTTCTGCGAGAGGTGCCTGCAGAACTACATCCCAGCCCAC	84210316	84192080	18236	84190512	19804	84178178	32138	84208204	16124	17692	30026
ENSMUST00000114102	TCAAGGAGGAGAGTGACTTCCATGACCTCGAGTCAGTAGTCCAGCAAGTCGAACAGAACCTTGAACTGA	26385542	26385540	2	26385497	45	26384821	721	26385085	-455	-412	264
ENSMUST00000114102	TCAAGGAGGAGAGTGACTTCCATGACCTCGAGTCAGTAGTCCAGCAAGTCGAACAGAACCTTGAACTGA	26385542	26385989	-447	26385497	45	26384821	721	26385085	-904	-412	264
ENSMUST00000114102	TCAAGGAGGAGAGTGACTTCCATGACCTCGAGTCAGTAGTCCAGCAAGTCGAACAGAACCTTGAACTGA	26385542	26385540	2	26385497	45	26385145	397	26385085	-455	-412	-60
ENSMUST00000114102	TCAAGGAGGAGAGTGACTTCCATGACCTCGAGTCAGTAGTCCAGCAAGTCGAACAGAACCTTGAACTGA	26385542	26385989	-447	26385497	45	26385145	397	26385085	-904	-412	-60
ENSMUST00000043169	TGGAGTATTCTGTCATCTGCAAGCCCTGTTCTTACCTCACCTGTCCACGTTCACCACAGGCCACTTGAG	84918395	84941760	-23365	84941730	-23335	84935123	-16728	84918464	-23296	-23266	-16659
ENSMUST00000043169	TGGAGTATTCTGTCATCTGCAAGCCCTGTTCTTACCTCACCTGTCCACGTTCACCACAGGCCACTTGAG	84918395	84941760	-23365	84941730	-23335	84940397	-22002	84918464	-23296	-23266	-21933
ENSMUST00000103186	AGCCTCCGCCCCCGACCCAAGCTCTCTCGTCTGCCTGCCAGTTCCCTGCGTCCCCGGAGAGTATCCCTCT	86757343	86737070	20273	86737058	20285	86733844	23499	86757413	20343	20355	23569
ENSMUST00000039438	CATCTCAAGGAATATCACTTCCATACACATAGAGAACTGGCGAGGCCTGCACACACTCAATGCTGTGGACAT	78577959	78356026	221933	78356024	221935	78304426	273533	78517468	161442	161444	213042
ENSMUST00000145596	CGTCAGCGTCCTGGACTCACTCATGAGCGCGACATACTTCAATGACAATATCCTCACCCTAATACGGACCCT	23330965	23435949	-104984	23435940	-104975	23386353	-55388	23314190	-121759	-121750	-72163
ENSMUST00000145596	CGTCAGCGTCCTGGACTCACTCATGAGCGCGACATACTTCAATGACAATATCCTCACCCTAATACGGACCCT	23330965	23435949	-104984	23435940	-104975	23391007	-60042	23314190	-121759	-121750	-76817
ENSMUST00000145596	CGTCAGCGTCCTGGACTCACTCATGAGCGCGACATACTTCAATGACAATATCCTCACCCTAATACGGACCCT	23330965	23435949	-104984	23435940	-104975	23425740	-94775	23314190	-121759	-121750	-111550
ENSMUST00000145596	CGTCAGCGTCCTGGACTCACTCATGAGCGCGACATACTTCAATGACAATATCCTCACCCTAATACGGACCCT	23330965	23435949	-104984	23435940	-104975	23386353	-55388	23314190	-121759	-121750	-72163
ENSMUST00000145596	CGTCAGCGTCCTGGACTCACTCATGAGCGCGACATACTTCAATGACAATATCCTCACCCTAATACGGACCCT	23330965	23435949	-104984	23435940	-104975	23391007	-60042	23314190	-121759	-121750	-76817
ENSMUST00000145596	CGTCAGCGTCCTGGACTCACTCATGAGCGCGACATACTTCAATGACAATATCCTCACCCTAATACGGACCCT	23330965	23435949	-104984	23435940	-104975	23425740	-94775	23314190	-121759	-121750	-111550
ENSMUST00000107691	ATGTCAGGCTTGATAGCTCAATAAGAAATAACACAAATTTTTTTTTCTTAACACACAAATATTGGTATGAAC	84163342	84192080	-28738	84190512	-27170	84178178	-14836	84163414	-28666	-27098	-14764
ENSMUST00000154230	AGGATGATAGACGCGGTATTCACGAAAGACCCAGGCAGCAAGAAATGCACAAGCCTTTCCGAGGCTCAAATTT	20881040	20855580	25460	20855353	25687	20855040	26000	20881113	25533	25760	26073
ENSMUST00000154230	AGGATGATAGACGCGGTATTCACGAAAGACCCAGGCAGCAAGAAATGCACAAGCCTTTCCGAGGCTCAAATTT	20881040	20967347	-86307	20967329	-86289	20914811	-33771	20881113	-86234	-86216	-33698
ENSMUST00000049057	GCGGGATGACTTCTTCCGTGCCAAACCGCGCTCCGCCAGCCGACCGGCCGCCGAGCCTCCTGGTGCCCGCACCG	102437195	102444171	-6976	102443963	-6768	102443742	-6547	102437269	-6902	-6694	-6473
ENSMUST00000047037	ATGCAAGTGTAATTACTTTCTAAGGCCCTTCTAGCTATGATTTTTTTGGAACTGTGTGAATGTAGTATATTCATT	41796270	41813949	-17679	41813416	-17146	41812494	-16224	41796345	-17604	-17071	-16149
ENSMUST00000047037	ATGCAAGTGTAATTACTTTCTAAGGCCCTTCTAGCTATGATTTTTTTGGAACTGTGTGAATGTAGTATATTCATT	41796270	41881908	-85638	41881904	-85634	41879937	-83667	41796345	-85563	-85559	-83592
ENSMUST00000165566	ATTTCCCCTTTGGATTTACCAAGTTACTAAGAACTTCGGGACTTGCGTCCAAATCTTGACTGTATGACTCTTACT	27765284	27830652	-65368	27830610	-65326	27826152	-60868	27765359	-65293	-65251	-60793
ENSMUST00000154230	ATGACCCACATGGTCACGCACATGCCTGACCAGTATAAGATCGTAGAGACTCTCATCCAGCATCATGACTGGTTTT	20855664	20855580	84	20855353	311	20855040	624	20855388	-192	35	348
ENSMUST00000154230	ATGACCCACATGGTCACGCACATGCCTGACCAGTATAAGATCGTAGAGACTCTCATCCAGCATCATGACTGGTTTT	20855664	20967347	-111683	20967329	-111665	20914811	-59147	20855388	-111959	-111941	-59423
ENSMUST00000154230	ATTGAGGCCAATCGCAAAGAGGACCCACTGGATCGGCTACGAACATTAAAGAGACTAATTCATGACCTGCCTGAGCA	20859102	20855580	3522	20855353	3749	20855040	4062	20858940	3360	3587	3900
ENSMUST00000154230	ATTGAGGCCAATCGCAAAGAGGACCCACTGGATCGGCTACGAACATTAAAGAGACTAATTCATGACCTGCCTGAGCA	20859102	20967347	-108245	20967329	-108227	20914811	-55709	20858940	-108407	-108389	-55871
ENSMUST00000183703	AATTGCCGGCCTGATGATGACATCACAAAGATGTGTTCTGTTCAACTTTGCCTTGGTAATTATTGTAAACACTTTGT	119575637	119777987	-202350	119777978	-202341	119773901	-198264	119575714	-202273	-202264	-198187
ENSMUST00000161046	CTTTCAGTGATCTGTGTGCATCTGTAAAGGCAAACCAGAGAAAACAGCCCTAGTCAATAGTGTTCTCCTCACCATGTCC	8690695	8712132	-21437	8711993	-21298	8710177	-19482	8690774	-21358	-21219	-19403
ENSMUST00000115386	ACTTCTACTTTTATAGAAACCCAACCACCCGCAACCACTGCAAATCTATCTGCTCTCTGGACGATTTCAAGACCCTCTGA	8072439	8095072	-22633	8094985	-22546	8092831	-20392	8072519	-22553	-22466	-20312
ENSMUST00000159855	AGGCTGTGGTAGAACAAAACTGTTCTGGTTGATGGCATTAGCAGATTCTAAAACAATGAAGGCAATGGTGGAATTCCGAGAAC	103126743	103138728	-11985	103138719	-11976	103136639	-9896	103124471	-14257	-14248	-12168
ENSMUST00000182660	AAAAACGTATCCCAGTTTACTGTGTTGAGTTGGCATTGTACAGAAATTAACAGCCATATTGGTCTAGAAATGTTGAACTTAATT	162672446	162679499	-7053	162679484	-7038	162678228	-5782	162672530	-6969	-6954	-5698
ENSMUST00000182660	AAAAACGTATCCCAGTTTACTGTGTTGAGTTGGCATTGTACAGAAATTAACAGCCATATTGGTCTAGAAATGTTGAACTTAATT	162672446	162721444	-48998	162721429	-48983	162720606	-48160	162672530	-48914	-48899	-48076
ENSMUST00000111398	TGCTGACTCCCGAGACTGAGGAAGGAGCCCCTGAGTCTGCCTGCGCGTCCATCCGTCCGTCCGTCCACTCATCTGTCCATCCAGA	125017452	125019959	-2507	125019818	-2366	125018990	-1538	125017537	-2422	-2281	-1453
ENSMUST00000111398	TGCTGACTCCCGAGACTGAGGAAGGAGCCCCTGAGTCTGCCTGCGCGTCCATCCGTCCGTCCGTCCACTCATCTGTCCATCCAGA	125017452	125028620	-11168	125028611	-11159	125027217	-9765	125017537	-11083	-11074	-9680
ENSMUST00000020027	CAGCAGTCTGGGTGAAAATCTCTTCCAGTTGGATTGGCCTTGTGCTGTACGTGTGGACACTAGTGGCACCACTTGTTCTTACAAA	57515817	57525365	-9548	57525324	-9507	57524399	-8582	57515902	-9463	-9422	-8497
ENSMUST00000039327	AAGAAGTCTGCTACTACATGCTCTTTGCCCTAGCCGCCTATGGCTGGCCCATGTACCTGATGAGGAAGCCCACCTGTGGTCTCTGCC	10260678	10271010	-10332	10270987	-10309	10269325	-8647	10260765	-10245	-10222	-8560
ENSMUST00000039327	AAGAAGTCTGCTACTACATGCTCTTTGCCCTAGCCGCCTATGGCTGGCCCATGTACCTGATGAGGAAGCCCACCTGTGGTCTCTGCC	10260678	10271010	-10332	10270987	-10309	10269818	-9140	10260765	-10245	-10222	-9053
ENSMUST00000117509	AAGGCCAAAAACTATGCAGATCAGATTTCCCGACTGGAGGAACGAGAATCGGAGATGAAGAAGGAATACAATGCCCTGCACCAGCGGC	24927926	24906173	21753	24906146	21780	24905298	22628	24924212	18039	18066	18914
ENSMUST00000117509	AAGGCCAAAAACTATGCAGATCAGATTTCCCGACTGGAGGAACGAGAATCGGAGATGAAGAAGGAATACAATGCCCTGCACCAGCGGC	24927926	24912747	15179	24912735	15191	24908428	19498	24924212	11465	11477	15784
ENSMUST00000117509	AAGGCCAAAAACTATGCAGATCAGATTTCCCGACTGGAGGAACGAGAATCGGAGATGAAGAAGGAATACAATGCCCTGCACCAGCGGC	24927926	24918087	9839	24917994	9932	24914705	13221	24924212	6125	6218	9507
ENSMUST00000154230	CTGGAAGATTCTGTGCTGATGAAGTATTGCCCAAGGAGCGCGTCTCAAGGAGCGCTGACCTCACCGCCTGTTAGCTTCAATAATCATA	20880826	20855580	25246	20855353	25473	20855040	25786	20880914	25334	25561	25874
ENSMUST00000154230	CTGGAAGATTCTGTGCTGATGAAGTATTGCCCAAGGAGCGCGTCTCAAGGAGCGCTGACCTCACCGCCTGTTAGCTTCAATAATCATA	20880826	20967347	-86521	20967329	-86503	20914811	-33985	20880914	-86433	-86415	-33897
ENSMUST00000097368	TTTATTGAGCATATCCTGTGGCATGTGGGACTCTCAGCCTGCCTTGGACTGACTGTTGCTCTGTCCATCTTTTCGGATATCATCGCCCT	25931703	25932104	-401	25931673	30	25931038	665	25931792	-312	119	754
ENSMUST00000097368	TTTATTGAGCATATCCTGTGGCATGTGGGACTCTCAGCCTGCCTTGGACTGACTGTTGCTCTGTCCATCTTTTCGGATATCATCGCCCT	25931703	25932104	-401	25931673	30	25931573	130	25931792	-312	119	219
ENSMUST00000045243	AGCACCTCCAAGGAGAACTGCACAGCAAGAGCCAGCAGCTCCATGTTCTGGAGGCGGAAAAATACAATGAGATTCGAACCCAGGGACAAAACATCC	97755463	97756883	-1420	97756369	-906	97755597	-134	97755559	-1324	-810	-38
ENSMUST00000174331	AGATTATGAGGAGTTGGTCAGCTGGCACAACTGGAGCAGGGGTTGGAACTTGCATTTGAGACAAAGTGCTGGCTTTTTTTTTCTTTTTTTCTTTTCT	90036272	90059484	-23212	90059475	-23203	90037384	-1112	90036369	-23115	-23106	-1015
ENSMUST00000174331	AGATTATGAGGAGTTGGTCAGCTGGCACAACTGGAGCAGGGGTTGGAACTTGCATTTGAGACAAAGTGCTGGCTTTTTTTTTCTTTTTTTCTTTTCT	90036272	90701987	-665715	90701966	-665694	90700905	-664633	90036369	-665618	-665597	-664536
ENSMUST00000102930	TGAAGACTCTGACAACAGTGCAATTTATGTGCAAGGATTAAATGACAATGTGACTCTGGATGATCTGGCAGACTTCTTTAAGCAGTGTGGGGTTGTCAAGATGAAC	5078503	5082283	-3780	5082252	-3749	5079519	-1016	5072830	-9453	-9422	-6689
ENSMUST00000103186	CTGAGAAATGTCATGCGGATCAGTCCAGATCAAGGACAGCAGTTTGCTCAAATGTTAGTTCAGGATGAAGAGCCTCTTGCTGATATCACCCAGATTGTGGATGTCTTTA	86721614	86737070	-15456	86737058	-15444	86733844	-12230	86720276	-16794	-16782	-13568
ENSMUST00000103186	CTGAGAAATGTCATGCGGATCAGTCCAGATCAAGGACAGCAGTTTGCTCAAATGTTAGTTCAGGATGAAGAGCCTCTTGCTGATATCACCCAGATTGTGGATGTCTTTA	86721614	86737070	-15456	86737058	-15444	86733844	-12230	86720276	-16794	-16782	-13568
ENSMUST00000103186	AACTACTATCAGGATCGTGGATATTTTGAAGAACTCATCACCATGTTGGAGGCAGCCTTGGGACTGGAGCGAGCTCACATGGGAATGTTCACAGAGCTAGCTATTTTGT	86704652	86737070	-32418	86737058	-32406	86733844	-29192	86704761	-32309	-32297	-29083
ENSMUST00000142817	CGTGCACTACAGAAGAGGCATGATGACTTTGAAGAAGTGGCACAGAATACATACACCAATGCGGACAAGCTCCTAGAAGCAGCGGAGCAGCTGGCTCAGACTGGGGAATGTGACCC	34294204	34256190	38014	34256151	38053	34252399	41805	34262708	6518	6557	10309
ENSMUST00000109830	AACAAGAAGGGAAATGACAACCAAAGGTTCTACAGGCATGGAAGTTCTGTTGTCAACATTGGAGAACACGAAAGATCTTCAGACTGTACTTAATATCCTAAGCATTCTCATTGAGC	59533179	59557222	-24043	59557097	-23918	59544451	-11272	59532069	-25153	-25028	-12382
ENSMUST00000161132	TTTCATAAAGAACTGCTTTTACACAAACAAAAGAGCCAAAACAAAAGTGAATCTTCTGAGCATTCCCTCCCTCCTTTGTTTCTGTCCAAGGAAATAGAGCATCCATTCATTTCACT	15334906	15335049	-143	15331935	2971	15330910	3996	15335022	-27	3087	4112
ENSMUST00000112476	TAAAGTGGGGTCACGGGCATGAGTGTTTCAGTGCTTACCATGGTGTGTATAAGCCTTGAACTATGCATAGAACTGGAGTTTGGGGAGTGCTGGATGTGTGGTCATGCTTGGTTGAGGC	124760474	124768186	-7712	124768097	-7623	124767796	-7322	124760592	-7594	-7505	-7204
ENSMUST00000112476	TAAAGTGGGGTCACGGGCATGAGTGTTTCAGTGCTTACCATGGTGTGTATAAGCCTTGAACTATGCATAGAACTGGAGTTTGGGGAGTGCTGGATGTGTGGTCATGCTTGGTTGAGGC	124760474	124768237	-7763	124768097	-7623	124767796	-7322	124760592	-7645	-7505	-7204
ENSMUST00000112476	TAAAGTGGGGTCACGGGCATGAGTGTTTCAGTGCTTACCATGGTGTGTATAAGCCTTGAACTATGCATAGAACTGGAGTTTGGGGAGTGCTGGATGTGTGGTCATGCTTGGTTGAGGC	124760474	124768237	-7763	124768186	-7712	124767796	-7322	124760592	-7645	-7594	-7204
ENSMUST00000170219	ACCCTCCACTCGTGAGCACTGGCAGGCAGTAACACTGCCTGCCACTGTGTGAGCGAACCTACTGGAGGTGAAGTGACTGTGGGGCACTGAGGATCAGAGAGGAGCTCGCCGCCCCATAT	80131752	80136689	-4937	80136662	-4910	80136494	-4742	80131871	-4818	-4791	-4623
ENSMUST00000088644	CTCCTCTGGAACAGCTGTGTCTACTTCTGTTTCTCAGCCTGGTATGGTTCATCCTTTGGTCATCTCATCAGCTGTAGTTTCTACACCTGGCCTCCCCCAACCAGTAGTACCTACTTCTAC	119948798	119932689	16109	119932668	16130	119927234	21564	119948918	16229	16250	21684
ENSMUST00000088644	CTCCTCTGGAACAGCTGTGTCTACTTCTGTTTCTCAGCCTGGTATGGTTCATCCTTTGGTCATCTCATCAGCTGTAGTTTCTACACCTGGCCTCCCCCAACCAGTAGTACCTACTTCTAC	119948798	119932689	16109	119932668	16130	119929867	18931	119948918	16229	16250	19051
ENSMUST00000078673	ATTTCAAGCACTAAAGGACACTACAAATCTGCACTGACTACCGTTTAAAAGTCACTGGTAACAGGACTTATGCCAAATCACAATTCAACTGACACAATGATGCCAAATGTTGGTCTTTTGATATT	53458428	53719644	-261216	53719614	-261186	53658490	-200062	53458553	-261091	-261061	-199937
ENSMUST00000001480	ATGGAGAACTGGGGCCTTGTTACTTATAGGGAAACGGCCTTGCTTATTGATCCAAAAAACTCGTGTTCTTCATCACGCCAGTGGGTTGCTCTGGTTGTGGGACATGAACTCGCCCATCAATGGTT	97241816	97248231	-6415	97248201	-6385	97244535	-2719	97241033	-7198	-7168	-3502
ENSMUST00000154230	ACATATTCCTGCATCTGCTGTCATCTCCGCCTCTACTGCCCACGTCCCCTCCATTGCAACTGTTCCCCCCAGCCTCACGACCTCTGCTCCTTTGATTCGACGTCAGCTCTCCCACGACCAAGAATCT	20871655	20855580	16075	20855353	16302	20855040	16615	20871406	15826	16053	16366
ENSMUST00000154230	ACATATTCCTGCATCTGCTGTCATCTCCGCCTCTACTGCCCACGTCCCCTCCATTGCAACTGTTCCCCCCAGCCTCACGACCTCTGCTCCTTTGATTCGACGTCAGCTCTCCCACGACCAAGAATCT	20871655	20967347	-95692	20967329	-95674	20914811	-43156	20871406	-95941	-95923	-43405
ENSMUST00000154230	ACATATTCCTGCATCTGCTGTCATCTCCGCCTCTACTGCCCACGTCCCCTCCATTGCAACTGTTCCCCCCAGCCTCACGACCTCTGCTCCTTTGATTCGACGTCAGCTCTCCCACGACCAAGAATCT	20871655	20855580	16075	20855353	16302	20855040	16615	20871406	15826	16053	16366
ENSMUST00000154230	ACATATTCCTGCATCTGCTGTCATCTCCGCCTCTACTGCCCACGTCCCCTCCATTGCAACTGTTCCCCCCAGCCTCACGACCTCTGCTCCTTTGATTCGACGTCAGCTCTCCCACGACCAAGAATCT	20871655	20967347	-95692	20967329	-95674	20914811	-43156	20871406	-95941	-95923	-43405
ENSMUST00000135665	AGCCTGAGCATCAGTGAGGTTCTGCAGCTGCTACATAAACTCAACGTGAACCTGCCCCGGCAGAGGGTGAAACAGATGTTCAGGGAGGCGGACACAGATGACCATCAGGGGACATTAGGCTTTGAGGAATT	155006651	154986718	19933	154986214	20437	154985392	21259	155002806	16088	16592	17414
ENSMUST00000105575	GGGTTTTGTGGGCTGTCTGCGGGACGTGGTAGTGGGCCATCGCCAGCTGCATCTGCTGGAGGACGCTGTCACCAAACCAGAGCTAAGACCCTGCCCCACTCTCTGAGCTGCCACTAGAGCTGCCACCTTCCCTCCTGTA	156165379	156168545	-3166	156167776	-2397	156167506	-2127	156165518	-3027	-2258	-1988
ENSMUST00000105575	GGGTTTTGTGGGCTGTCTGCGGGACGTGGTAGTGGGCCATCGCCAGCTGCATCTGCTGGAGGACGCTGTCACCAAACCAGAGCTAAGACCCTGCCCCACTCTCTGAGCTGCCACTAGAGCTGCCACCTTCCCTCCTGTA	156165379	156173542	-8163	156173002	-7623	156172882	-7503	156165518	-8024	-7484	-7364
ENSMUST00000091628	AGGTTACTTGCGTTGGCTTCCAAGAAGGAAAATGCAAGCCCCGCTTCCCGCGAGAGCCAGCTTCTCCCAGCTGTGCCGGCAGCATCTTTTCTGTATTTTAGGTCTAGTACTGTTCATGACTATGGACAACTCGGGTGCC	45551216	45566572	-15356	45566548	-15332	45557585	-6369	45551355	-15217	-15193	-6230
ENSMUST00000237749	TTATATAGCATGGAGTCCAGATGACAGCTATCTTGTTGCTTGTGGTCCAGATGACTGCTCTGAGCTTTGGCTTTGGAATGTACAGACGGGAGAATTAAGAACAAAAATGAGCCAATCTCATGAAGACAGTTTGACCAGTGTGGCC	181187669	181209050	-21381	181209002	-21333	181203160	-15491	181186016	-23034	-22986	-17144
ENSMUST00000237749	TTATATAGCATGGAGTCCAGATGACAGCTATCTTGTTGCTTGTGGTCCAGATGACTGCTCTGAGCTTTGGCTTTGGAATGTACAGACGGGAGAATTAAGAACAAAAATGAGCCAATCTCATGAAGACAGTTTGACCAGTGTGGCC	181187669	181209050	-21381	181209002	-21333	181203224	-15555	181186016	-23034	-22986	-17208
ENSMUST00000101141	ATGGAACTCTCTGTAAATATACTGACCTTGCTTGTGGTCAGCTTTTGTGGCTTTACCCTGAACTCTGCCCTGGCAAATATGCACATTCATGCTTGATGCTTACCACTTATCAACAGATCCTCTTGCTTGACTTTAACAAAATAAATAGT	152612156	152623125	-10969	152623035	-10879	152619446	-7290	152612305	-10820	-10730	-7141
ENSMUST00000009344	TGCAGGCTTTTGGACAGTCCTTTCTTCAGCCTGACATCCACCTGTTCAAACAAAATCTCTTCTACTTGGAGACTCTGAACACGAAGCAGAAACTATACCACAAAAAGATCTTCCGGACCACCATGCTGTTCCAGTTCGTGAACGTGCTGCT	126105117	126108451	-3334	126107070	-1953	126105199	-82	126104773	-3678	-2297	-426
ENSMUST00000009344	TGCAGGCTTTTGGACAGTCCTTTCTTCAGCCTGACATCCACCTGTTCAAACAAAATCTCTTCTACTTGGAGACTCTGAACACGAAGCAGAAACTATACCACAAAAAGATCTTCCGGACCACCATGCTGTTCCAGTTCGTGAACGTGCTGCT	126105117	126152825	-47708	126151223	-46106	126149360	-44243	126104773	-48052	-46450	-44587
ENSMUST00000009344	TGCAGGCTTTTGGACAGTCCTTTCTTCAGCCTGACATCCACCTGTTCAAACAAAATCTCTTCTACTTGGAGACTCTGAACACGAAGCAGAAACTATACCACAAAAAGATCTTCCGGACCACCATGCTGTTCCAGTTCGTGAACGTGCTGCT	126105117	126152825	-47708	126151223	-46106	126149537	-44420	126104773	-48052	-46450	-44764
ENSMUST00000170219	CTCCACTCGTGAGCACTGGCAGGCAGTAACACTGCCTGCCACTGTGTGAGCGAACCTACTGGAGGTGAAGTGACTGTGGGGCACTGAGGATCAGAGAGGAGCTCGCCGCCCCATATTCTGAGTTGATTTACCCTGTCCATGGTATGCGCTCTACCTTTCCTCTCTGAGC	80131755	80136689	-4934	80136662	-4907	80136494	-4739	80131924	-4765	-4738	-4570
ENSMUST00000078352	AAGACTGTGCGGGACCTCATGCCCAAGACCATCATGCACCTCATGATCAACAACACCAAGGAGTTTATCTTCTCTGAGCTGCTGGCCAACCTGTACTCTTGCGGGGACCAGAACACACTGATGGAAGAATCGGCCGAGCAGGCTCAGCGGCGCGACGAGATGCTGCGCATGTACCACGCAC	32315025	32312709	2316	32312683	2342	32312342	2683	32312830	121	147	488
ENSMUST00000078352	AAGACTGTGCGGGACCTCATGCCCAAGACCATCATGCACCTCATGATCAACAACACCAAGGAGTTTATCTTCTCTGAGCTGCTGGCCAACCTGTACTCTTGCGGGGACCAGAACACACTGATGGAAGAATCGGCCGAGCAGGCTCAGCGGCGCGACGAGATGCTGCGCATGTACCACGCAC	32315025	32333152	-18127	32333065	-18040	32328047	-13022	32312830	-20322	-20235	-15217
ENSMUST00000107788	GGGGAACGCTTACGAGCCTGGGTCCGAGCCCGGCTCCCTGCCTGTTGCCGAGAGCGAGATTCCTGGTCTGCCTATATCTTCCCTCCCCAGTCAAGGTTTCGTCTCCTGTGTCACCGGATCATCACCCACAAGATGTTTGACCATGTGGTCCTCGTCATCATCTTCCTCAACTGTATCACCATCGCTATGGAGCGCCCCAAAATT	94432717	94425784	6933	94425763	6954	94418970	13747	94430450	4666	4687	11480
ENSMUST00000107788	GGGGAACGCTTACGAGCCTGGGTCCGAGCCCGGCTCCCTGCCTGTTGCCGAGAGCGAGATTCCTGGTCTGCCTATATCTTCCCTCCCCAGTCAAGGTTTCGTCTCCTGTGTCACCGGATCATCACCCACAAGATGTTTGACCATGTGGTCCTCGTCATCATCTTCCTCAACTGTATCACCATCGCTATGGAGCGCCCCAAAATT	94432717	94425784	6933	94425763	6954	94423724	8993	94430450	4666	4687	6726
