transcript_ID	prot_seq	coord_start_genomic	coord_shortSplice	start_genomic-shortSplice	coord_longSplice	start_genomic-longSplice	coord_shareSplice	start_genomic-shareSplice	coord_end_genomic	end_genomic-shortSplice	end_genomic-longSplice	end_genomic-shareSplice
ENSMUST00000047714	CATGCTTCATGTCTGCCAT	134613278	134593337	19941	134593328	19950	134588947	24331	134613297	19960	19969	24350
ENSMUST00000066055	TCTGAGAACATGCAGTATC	37543810	37469515	74295	37469376	74434	37452301	91509	37543829	74314	74453	91528
ENSMUST00000037763	CACCTATTATATGTAAATG	44888930	44877643	11287	44877617	11313	44873133	15797	44888949	11306	11332	15816
ENSMUST00000125633	GCTGCCTTGATCCTCTGCC	121190208	121193514	-3306	121193511	-3303	121190247	-39	121190227	-3287	-3284	-20
ENSMUST00000029912	AATTCCCCAGCCTCCTTGG	6386565	6385028	1537	6385025	1540	6381099	5466	6386584	1556	1559	5485
ENSMUST00000168532	GACTATCAGGCAGCCTGTG	107526179	107522122	4057	107522104	4075	107518269	7910	107526198	4076	4094	7929
ENSMUST00000168532	GACTATCAGGCAGCCTGTG	107526179	107525612	567	107525609	570	107525432	747	107526198	586	589	766
ENSMUST00000168532	GACTATCAGGCAGCCTGTG	107526179	107527153	-974	107527147	-968	107527046	-867	107526198	-955	-949	-848
ENSMUST00000026975	AGCCTCGCATGGCGAGTGG	139170279	139151544	18735	139151482	18797	139150835	19444	139170298	18754	18816	19463
ENSMUST00000043735	CGCCTGTCTGAGGCAGCCT	4028496	4155649	-127153	4155541	-127045	4148126	-119630	4028515	-127134	-127026	-119611
ENSMUST00000103239	AGCCTTGCCAGCTTAAGAA	124666250	124660282	5968	124660243	6007	124659884	6366	124666269	5987	6026	6385
ENSMUST00000081028	CGGCACTCGCACTCGGTGG	134248637	134137287	111350	134137284	111353	134066465	182172	134248656	111369	111372	182191
ENSMUST00000147250	CTTACCTGGTCCCGATGCA	90180732	90193024	-12292	90192898	-12166	90192594	-11862	90180751	-12273	-12147	-11843
ENSMUST00000170054	ACGTCATGCGACGCTTCTT	128126715	128113462	13253	128113459	13256	128112767	13948	128126734	13272	13275	13967
ENSMUST00000121111	CAGGGGGCAGCGCTGCGCC	119247538	119241682	5856	119241661	5877	119241534	6004	119247557	5875	5896	6023
ENSMUST00000093033	CTGTGGACCTGGAGGAGCA	124603910	124614547	-10637	124614463	-10553	124613889	-9979	124603929	-10618	-10534	-9960
ENSMUST00000179769	GTCCAAGCCTAGGTCCTCAG	3641594	3636200	5394	3634692	6902	3634230	7364	3641614	5414	6922	7384
ENSMUST00000179769	GTCCAAGCCTAGGTCCTCAG	3641594	3638648	2946	3638630	2964	3636751	4843	3641614	2966	2984	4863
ENSMUST00000121416	CCTTTGGGCTCTGAGTCACT	149193851	149193897	-46	149193839	12	149188473	5378	149193871	-26	32	5398
ENSMUST00000065111	TGGCTTGAGTCTTCGTAAAG	21830434	21781738	48696	21781735	48699	21780450	49984	21830454	48716	48719	50004
ENSMUST00000065111	TGGCTTGAGTCTTCGTAAAG	21830434	21781738	48696	21781735	48699	21780450	49984	21830454	48716	48719	50004
ENSMUST00000167778	GCAGCGACGAGAATCAGCCA	18544267	18544114	153	18544110	157	18541097	3170	18545131	1017	1021	4034
ENSMUST00000167778	GCAGCGACGAGAATCAGCCA	18544267	18552408	-8141	18552366	-8099	18548191	-3924	18545131	-7277	-7235	-3060
ENSMUST00000148201	AAAAGGAGCGGCCAGTCGAG	135809628	135805054	4574	135805052	4576	135803285	6343	135809648	4594	4596	6363
ENSMUST00000080283	CCACCGCCAACTCCTGCTTG	6027270	6029699	-2429	6029683	-2413	6028586	-1316	6027290	-2409	-2393	-1296
ENSMUST00000077609	GGCAGGGGCGGTGGAGGTGG	127972684	127971840	844	127971837	847	127969871	2813	127972704	864	867	2833
ENSMUST00000102560	ACGCCGCCACTCCCTGGAGA	115938697	115981694	-42997	115981649	-42952	115979869	-41172	115938717	-42977	-42932	-41152
ENSMUST00000102560	ACGCCGCCACTCCCTGGAGA	115938697	116005784	-67087	116005781	-67084	115995473	-56776	115938717	-67067	-67064	-56756
ENSMUST00000102560	ACGCCGCCACTCCCTGGAGA	115938697	116005784	-67087	116005781	-67084	115997853	-59156	115938717	-67067	-67064	-59136
ENSMUST00000098614	TTAGCACTTTGGAAAGAGTC	79193149	79178907	14242	79178889	14260	79175970	17179	79193169	14262	14280	17199
ENSMUST00000098614	TTAGCACTTTGGAAAGAGTC	79193149	79188153	4996	79188148	5001	79186353	6796	79193169	5016	5021	6816
ENSMUST00000098614	TTAGCACTTTGGAAAGAGTC	79193149	79188153	4996	79188148	5001	79186358	6791	79193169	5016	5021	6811
ENSMUST00000100167	GTCAGTGTCATCCGTGCTTT	14465159	14459023	6136	14458996	6163	14457969	7190	14465179	6156	6183	7210
ENSMUST00000034313	TATGTTTGGGGCTGAGGAAA	125748004	125745239	2765	125745235	2769	125736230	11774	125748024	2785	2789	11794
ENSMUST00000034313	TATGTTTGGGGCTGAGGAAA	125748004	125745239	2765	125745235	2769	125737419	10585	125748024	2785	2789	10605
ENSMUST00000113778	TTGGAGGCCTTGAACAATCA	100398766	100395027	3739	100395018	3748	100392384	6382	100398786	3759	3768	6402
ENSMUST00000114127	TATTTCACATGTATGCTTTC	74449227	74437166	12061	74437163	12064	74434014	15213	74449247	12081	12084	15233
ENSMUST00000182061	TCTCGGCAGAGTCATTCCCG	52005001	51990903	14098	51990881	14120	51990215	14786	52005021	14118	14140	14806
ENSMUST00000182061	TCTCGGCAGAGTCATTCCCG	52005001	52004611	390	52004599	402	52003758	1243	52005021	410	422	1263
ENSMUST00000182061	TCTCGGCAGAGTCATTCCCG	52005001	52004611	390	52004599	402	52004116	885	52005021	410	422	905
ENSMUST00000182061	TCTCGGCAGAGTCATTCCCG	52005001	52004988	13	52004878	123	52004742	259	52005021	33	143	279
ENSMUST00000182061	TCTCGGCAGAGTCATTCCCG	52005001	52005340	-339	52005158	-157	52005035	-34	52005021	-319	-137	-14
ENSMUST00000024627	GTGCTACTACAACCATTTAT	15731867	15760327	-28460	15760305	-28438	15758732	-26865	15731887	-28440	-28418	-26845
ENSMUST00000024627	GTGCTACTACAACCATTTAT	15731867	15760327	-28460	15760305	-28438	15758732	-26865	15731887	-28440	-28418	-26845
ENSMUST00000195860	CTGACTCTAAGTCGGAGGTG	40003927	40003762	165	40003756	171	39997182	6745	40003947	185	191	6765
ENSMUST00000195860	CTGACTCTAAGTCGGAGGTG	40003927	40000623	3304	40000530	3397	39999974	3953	40003947	3324	3417	3973
ENSMUST00000195860	CTGACTCTAAGTCGGAGGTG	40003927	40003762	165	40003756	171	40000749	3178	40003947	185	191	3198
ENSMUST00000195860	CTGACTCTAAGTCGGAGGTG	40003927	40003762	165	40003756	171	40001591	2336	40003947	185	191	2356
ENSMUST00000195860	CTGACTCTAAGTCGGAGGTG	40003927	40006673	-2746	40006670	-2743	40004913	-986	40003947	-2726	-2723	-966
ENSMUST00000150602	TGCCAACCTCATGCACAACTT	155247819	155242734	5085	155242730	5089	155236940	10879	155247840	5106	5110	10900
ENSMUST00000150602	TGCCAACCTCATGCACAACTT	155247819	155242734	5085	155242730	5089	155236940	10879	155247840	5106	5110	10900
ENSMUST00000029180	CCCGTCTCATCGGGCGGCCCG	158028851	158047918	-19067	158047915	-19064	158043539	-14688	158028872	-19046	-19043	-14667
ENSMUST00000044234	CTGTATCATTTTCATTCAAAA	47411439	47393258	18181	47393246	18193	47383994	27445	47411460	18202	18214	27466
ENSMUST00000183659	CCACTCAGCTGGGGGCCTGCA	49556985	49461911	95074	49461908	95077	49458208	98777	49557006	95095	95098	98798
ENSMUST00000166411	ATCTCTCAGGCTGACTTTATA	69871633	69870680	953	69870677	956	69870580	1053	69871654	974	977	1074
ENSMUST00000113753	TTTCCCCCTCACTTTATCTTG	85929344	85915152	14192	85915148	14196	85914528	14816	85929365	14213	14217	14837
ENSMUST00000113753	TTTCCCCCTCACTTTATCTTG	85929344	85927258	2086	85927240	2104	85924522	4822	85929365	2107	2125	4843
ENSMUST00000035216	AGTTAGGGCGAATGGAGGTGT	107978696	107976709	1987	107976654	2042	107976412	2284	107978717	2008	2063	2305
ENSMUST00000035216	AGTTAGGGCGAATGGAGGTGT	107978696	107981517	-2821	107981389	-2693	107981296	-2600	107978717	-2800	-2672	-2579
ENSMUST00000021784	AGTCCAGAGTATATTGAAGTA	30766627	30753447	13180	30753444	13183	30752779	13848	30766648	13201	13204	13869
ENSMUST00000030547	CAGCCTGCCAGCCCGGCATCA	137542543	137540212	2331	137540194	2349	137540106	2437	137542564	2352	2370	2458
ENSMUST00000183156	TTTAGGTTCTATGCTGATAAAA	90923553	90914695	8858	90914692	8861	90680919	242634	90923575	8880	8883	242656
ENSMUST00000183156	TTTAGGTTCTATGCTGATAAAA	90923553	90897348	26205	90897246	26307	90895206	28347	90923575	26227	26329	28369
ENSMUST00000183156	TTTAGGTTCTATGCTGATAAAA	90923553	90914695	8858	90914692	8861	90895206	28347	90923575	8880	8883	28369
ENSMUST00000183156	TTTAGGTTCTATGCTGATAAAA	90923553	90914695	8858	90914692	8861	90897426	26127	90923575	8880	8883	26149
ENSMUST00000183156	TTTAGGTTCTATGCTGATAAAA	90923553	90969806	-46253	90969803	-46250	90966392	-42839	90923575	-46231	-46228	-42817
ENSMUST00000108076	GGGGTGGAGGGAGGGTGACAGG	84965952	84964727	1225	84964712	1240	84964601	1351	84965974	1247	1262	1373
ENSMUST00000045706	AGTGCAGCCCAGTGCCAGGTCC	18322153	18255952	66201	18255933	66220	18255474	66679	18322175	66223	66242	66701
ENSMUST00000022458	CCTTTCAGTTCCTCTGTCCATC	31257424	31257625	-201	31257288	136	31256791	633	31257446	-179	158	655
ENSMUST00000022458	CCTTTCAGTTCCTCTGTCCATC	31257424	31257625	-201	31257288	136	31256791	633	31257446	-179	158	655
ENSMUST00000171265	AAGTTTTGAACTGAAATTTGTA	9899084	9886046	13038	9885988	13096	9885753	13331	9899106	13060	13118	13353
ENSMUST00000041913	TGGCTTTTCAGCTTTGCCACCT	89189162	89184456	4706	89184412	4750	89183494	5668	89189184	4728	4772	5690
ENSMUST00000041913	TGGCTTTTCAGCTTTGCCACCT	89189162	89184456	4706	89184412	4750	89184208	4954	89189184	4728	4772	4976
ENSMUST00000041913	TGGCTTTTCAGCTTTGCCACCT	89189162	89185436	3726	89185433	3729	89184996	4166	89189184	3748	3751	4188
ENSMUST00000041913	TGGCTTTTCAGCTTTGCCACCT	89189162	89185455	3707	89185433	3729	89184996	4166	89189184	3729	3751	4188
ENSMUST00000041913	TGGCTTTTCAGCTTTGCCACCT	89189162	89185455	3707	89185436	3726	89184996	4166	89189184	3729	3748	4188
ENSMUST00000114015	TGAAAATTGAGAGTGTAAAACT	66438278	66401446	36832	66401443	36835	66399502	38776	66438300	36854	36857	38798
ENSMUST00000114015	TGAAAATTGAGAGTGTAAAACT	66438278	66420137	18141	66420134	18144	66401521	36757	66438300	18163	18166	36779
ENSMUST00000114015	TGAAAATTGAGAGTGTAAAACT	66438278	66401446	36832	66401443	36835	66399502	38776	66438300	36854	36857	38798
ENSMUST00000114015	TGAAAATTGAGAGTGTAAAACT	66438278	66420137	18141	66420134	18144	66401521	36757	66438300	18163	18166	36779
ENSMUST00000120580	TCATGCCTTTCTGCGTTTTGTA	65063313	65056304	7009	65056250	7063	65055764	7549	65063335	7031	7085	7571
ENSMUST00000007245	CCTGAGCTTTGTCCTGGACACC	35020004	35021573	-1569	35021510	-1506	35021260	-1256	35020026	-1547	-1484	-1234
ENSMUST00000020528	AAGACACATCCTGGGGGCTGGA	32232272	32229879	2393	32229848	2424	32227949	4323	32232294	2415	2446	4345
ENSMUST00000112844	TAAGACGAGCAGCTAAGAAATT	97775561	97783193	-7632	97782926	-7365	97777519	-1958	97775583	-7610	-7343	-1936
ENSMUST00000020756	ATATCCCTTGGAATGGACCTGT	29137283	29133855	3428	29133851	3432	29132905	4378	29138161	4306	4310	5256
ENSMUST00000020756	ATATCCCTTGGAATGGACCTGT	29137283	29154143	-16860	29153231	-15948	29148331	-11048	29138161	-15982	-15070	-10170
ENSMUST00000020756	ATATCCCTTGGAATGGACCTGT	29137283	29133855	3428	29133851	3432	29132905	4378	29138161	4306	4310	5256
ENSMUST00000020756	ATATCCCTTGGAATGGACCTGT	29137283	29154143	-16860	29153231	-15948	29148331	-11048	29138161	-15982	-15070	-10170
ENSMUST00000020756	AGATATCCCTTGGAATGGACCT	29137281	29133855	3426	29133851	3430	29132905	4376	29138159	4304	4308	5254
ENSMUST00000020756	AGATATCCCTTGGAATGGACCT	29137281	29154143	-16862	29153231	-15950	29148331	-11050	29138159	-15984	-15072	-10172
ENSMUST00000064595	GCAAACTGAGAAGAGAAAGCAA	21269794	21213147	56647	21213138	56656	21212884	56910	21269816	56669	56678	56932
ENSMUST00000098519	CTGACTGGGACTGGAGACACGG	88745288	88719297	25991	88719288	26000	88709996	35292	88745310	26013	26022	35314
ENSMUST00000080461	CTACTGGAGGCAGCAGTGGCGA	82799506	82787630	11876	82787627	11879	82785458	14048	82799528	11898	11901	14070
ENSMUST00000076467	CTTCCAGGAGTCAGGATGGACT	106984204	106975484	8720	106974600	9604	106974020	10184	106984226	8742	9626	10206
ENSMUST00000076467	CTTCCAGGAGTCAGGATGGACT	106984204	106979315	4889	106979294	4910	106976712	7492	106984226	4911	4932	7514
ENSMUST00000159975	TCATCAGGAATGCTCTGGGAAG	29137548	29149943	-12395	29149921	-12373	29149835	-12287	29137570	-12373	-12351	-12265
ENSMUST00000106203	CCGCAGCTGCTCGAGCTGCTCA	120479269	120471527	7742	120471479	7790	120470127	9142	120479291	7764	7812	9164
ENSMUST00000106203	CCGCAGCTGCTCGAGCTGCTCA	120479269	120479089	180	120479086	183	120478754	515	120479291	202	205	537
ENSMUST00000106203	CCGCAGCTGCTCGAGCTGCTCA	120479269	120479236	33	120479086	183	120478754	515	120479291	55	205	537
ENSMUST00000106203	CCGCAGCTGCTCGAGCTGCTCA	120479269	120479236	33	120479089	180	120478754	515	120479291	55	202	537
ENSMUST00000112140	ATCACTGGAATCCACTGTCACG	71250899	71227826	23073	71227750	23149	71219418	31481	71250921	23095	23171	31503
ENSMUST00000112140	ATCACTGGAATCCACTGTCACG	71250899	71262650	-11751	71262647	-11748	71260947	-10048	71250921	-11729	-11726	-10026
ENSMUST00000162057	AGGCGCGGGGAGAGTAGGGTGC	58728016	58731301	-3285	58731268	-3252	58729747	-1731	58728038	-3263	-3230	-1709
ENSMUST00000020365	GGGTGACAAACCAGAGGAAGAT	80233032	80238859	-5827	80238314	-5282	80236181	-3149	80234230	-4629	-4084	-1951
ENSMUST00000114399	GAGAACCAAGAAGGTGATCCTG	33855557	33867576	-12019	33867573	-12016	33864778	-9221	33855579	-11997	-11994	-9199
ENSMUST00000114399	GAGAACCAAGAAGGTGATCCTG	33855557	33882902	-27345	33882798	-27241	33882683	-27126	33855579	-27323	-27219	-27104
ENSMUST00000095909	AAATCCGCGACCTTCACCCTTCA	91831089	91801637	29452	91801526	29563	91793767	37322	91831112	29475	29586	37345
ENSMUST00000095909	AAATCCGCGACCTTCACCCTTCA	91831089	91803037	28052	91803034	28055	91801706	29383	91831112	28075	28078	29406
ENSMUST00000095909	AAATCCGCGACCTTCACCCTTCA	91831089	91842634	-11545	91842627	-11538	91841610	-10521	91831112	-11522	-11515	-10498
ENSMUST00000179074	AGACTCTAACTTATTGTGATGGG	74423529	74407220	16309	74407205	16324	74405727	17802	74423552	16332	16347	17825
ENSMUST00000071442	GAGCCCGGGCTCCCCTCTACTCA	25407882	25407471	411	25407462	420	25406361	1521	25407905	434	443	1544
ENSMUST00000071442	GAGCCCGGGCTCCCCTCTACTCA	25407882	25407843	39	25407840	42	25407736	146	25407905	62	65	169
ENSMUST00000071442	GAGCCCGGGCTCCCCTCTACTCA	25407882	25408113	-231	25408083	-201	25408014	-132	25407905	-208	-178	-109
ENSMUST00000030947	GAGGATGCAAGACGTCGGACAAA	155842796	155840914	1882	155840905	1891	155840798	1998	155842819	1905	1914	2021
ENSMUST00000114449	ACTGGCACAGCCCCTGCCCATGG	33371690	33360369	11321	33360351	11339	33358622	13068	33371713	11344	11362	13091
ENSMUST00000070801	TGGGATTACAGGCACATGCCACC	144324794	144320002	4792	144319898	4896	144318121	6673	144324817	4815	4919	6696
ENSMUST00000047247	GACTGTCACCCAGAAGAAGGAAG	36569427	36601431	-32004	36601428	-32001	36599719	-30292	36569450	-31981	-31978	-30269
ENSMUST00000047247	GACTGTCACCCAGAAGAAGGAAG	36569427	36601469	-32042	36601428	-32001	36599719	-30292	36569450	-32019	-31978	-30269
ENSMUST00000047247	GACTGTCACCCAGAAGAAGGAAG	36569427	36601469	-32042	36601431	-32004	36599719	-30292	36569450	-32019	-31981	-30269
ENSMUST00000047247	GACTGTCACCCAGAAGAAGGAAG	36569427	36609264	-39837	36609255	-39828	36606474	-37047	36569450	-39814	-39805	-37024
ENSMUST00000173727	CACTACTGGAGGCAGCAGTGGCG	82799504	82787630	11874	82787627	11877	82785458	14046	82799527	11897	11900	14069
ENSMUST00000124470	CAGGCCTACCCCCCTGCCTTCCA	10328536	10317507	11029	10317502	11034	10314273	14263	10328559	11052	11057	14286
ENSMUST00000087228	TACTTCCAGGGTCTTCAACTATG	69571811	69568395	3416	69567127	4684	69566504	5307	69571834	3439	4707	5330
ENSMUST00000099356	CAAGTTTGAGAGAATAAAATCCC	80894758	80891487	3271	80891449	3309	80891224	3534	80894781	3294	3332	3557
ENSMUST00000047023	ACAGCCATGGCTCAGATTGAGAC	85100781	85063180	37601	85063177	37604	85050136	50645	85100804	37624	37627	50668
ENSMUST00000099934	TGCTCAGGATGCACGCGGGCGGC	41481259	41478973	2286	41478962	2297	41478314	2945	41481282	2309	2320	2968
ENSMUST00000099934	TGCTCAGGATGCACGCGGGCGGC	41481259	41479394	1865	41479325	1934	41479067	2192	41481282	1888	1957	2215
ENSMUST00000017799	CTGAACCCTGGAACTGCTTTGGA	165070918	165062285	8633	165062211	8707	165055758	15160	165070941	8656	8730	15183
ENSMUST00000017799	CTGAACCCTGGAACTGCTTTGGA	165070918	165069816	1102	165069628	1290	165066564	4354	165070941	1125	1313	4377
ENSMUST00000105821	GGAGGCCCAGCCTCAGCCCTTGCT	138291483	138278071	13412	138277795	13688	138275156	16327	138291507	13436	13712	16351
ENSMUST00000105821	GGAGGCCCAGCCTCAGCCCTTGCT	138291483	138289240	2243	138289237	2246	138281466	10017	138291507	2267	2270	10041
ENSMUST00000105821	GGAGGCCCAGCCTCAGCCCTTGCT	138291483	138289240	2243	138289237	2246	138288485	2998	138291507	2267	2270	3022
ENSMUST00000042561	GTGGATGTAGCTCAGTTGGTAGCA	75574975	75560898	14077	75560820	14155	75532788	42187	75574999	14101	14179	42211
ENSMUST00000042561	GTGGATGTAGCTCAGTTGGTAGCA	75574975	75560898	14077	75560820	14155	75545830	29145	75574999	14101	14179	29169
ENSMUST00000111605	TTGTCTGACTCGCTCGCCACCTTC	85070003	85050864	19139	85050860	19143	85048135	21868	85070027	19163	19167	21892
ENSMUST00000111605	TTGTCTGACTCGCTCGCCACCTTC	85070003	85050864	19139	85050860	19143	85050560	19443	85070027	19163	19167	19467
ENSMUST00000028162	TCACAGAGGGCAGAGTCATTTTGT	32402375	32400402	1973	32400389	1986	32400108	2267	32402399	1997	2010	2291
ENSMUST00000115032	CCCTGGGGTGTACAGCACTGGATG	36320536	36316211	4325	36316208	4328	36307836	12700	36320560	4349	4352	12724
ENSMUST00000115032	CCCTGGGGTGTACAGCACTGGATG	36320536	36317609	2927	36317203	3333	36316327	4209	36320560	2951	3357	4233
ENSMUST00000113035	TGGGGTTCAGTACATCGGCATCAT	56304384	56313064	-8680	56313040	-8656	56312967	-8583	56305101	-7963	-7939	-7866
ENSMUST00000066427	CGAAACCCAAGGCAAACAAGGAGA	85701433	85673681	27752	85673624	27809	85670082	31351	85707241	33560	33617	37159
ENSMUST00000066427	CGAAACCCAAGGCAAACAAGGAGA	85701433	85675194	26239	85674654	26779	85673771	27662	85707241	32047	32587	33470
ENSMUST00000110186	GGCCCCGAGTGCAACAGCCTGCAG	131520938	131516216	4722	131516197	4741	131512217	8721	131520962	4746	4765	8745
ENSMUST00000110186	GGCCCCGAGTGCAACAGCCTGCAG	131520938	131520921	17	131520411	527	131520268	670	131520962	41	551	694
ENSMUST00000110186	GGCCCCGAGTGCAACAGCCTGCAG	131520938	131521054	-116	131520411	527	131520268	670	131520962	-92	551	694
ENSMUST00000110186	GGCCCCGAGTGCAACAGCCTGCAG	131520938	131521054	-116	131520921	17	131520268	670	131520962	-92	41	694
ENSMUST00000110186	GGCCCCGAGTGCAACAGCCTGCAG	131520938	131522147	-1209	131522058	-1120	131520268	670	131520962	-1185	-1096	694
ENSMUST00000110186	GGCCCCGAGTGCAACAGCCTGCAG	131520938	131522147	-1209	131522058	-1120	131521171	-233	131520962	-1185	-1096	-209
ENSMUST00000097288	CCAGTTCGAATCCGTGTGCGAGTC	70662595	70761158	-98563	70761074	-98479	70662809	-214	70662619	-98539	-98455	-190
ENSMUST00000097288	CCAGTTCGAATCCGTGTGCGAGTC	70662595	70761158	-98563	70761074	-98479	70718225	-55630	70662619	-98539	-98455	-55606
ENSMUST00000042125	ACTGACTGAGTGAACTGTGCATTC	74698548	74680353	18195	74678897	19651	74673010	25538	74698572	18219	19675	25562
ENSMUST00000169547	GTGTGGATGTAGCTCAGTTGGTAGC	75574973	75560898	14075	75560820	14153	75532788	42185	75574998	14100	14178	42210
ENSMUST00000169547	GTGTGGATGTAGCTCAGTTGGTAGC	75574973	75560898	14075	75560820	14153	75545830	29143	75574998	14100	14178	29168
ENSMUST00000019931	CCGCACCCAGGATTCCATCGCGGCG	7590324	7598706	-8382	7598691	-8367	7596264	-5940	7590349	-8357	-8342	-5915
ENSMUST00000019931	CCGCACCCAGGATTCCATCGCGGCG	7590324	7608547	-18223	7608543	-18219	7596264	-5940	7590349	-18198	-18194	-5915
ENSMUST00000019931	CCGCACCCAGGATTCCATCGCGGCG	7590324	7608547	-18223	7608543	-18219	7604383	-14059	7590349	-18198	-18194	-14034
ENSMUST00000039627	CCTTTTGTAACCTGAGACCTGGCAC	87775233	87781944	-6711	87781681	-6448	87781593	-6360	87775258	-6686	-6423	-6335
ENSMUST00000233283	AACGGCCAGTTCGAATCCGTGTGCG	70662590	70761158	-98568	70761074	-98484	70662809	-219	70662615	-98543	-98459	-194
ENSMUST00000233283	AACGGCCAGTTCGAATCCGTGTGCG	70662590	70761158	-98568	70761074	-98484	70718225	-55635	70662615	-98543	-98459	-55610
ENSMUST00000097543	GAGGGGCTGGAGTCGCTGTGCTTGA	151361621	151356128	5493	151355166	6455	151354093	7528	151363123	6995	7957	9030
ENSMUST00000097543	GAGGGGCTGGAGTCGCTGTGCTTGA	151361621	151356128	5493	151355166	6455	151354759	6862	151363123	6995	7957	8364
ENSMUST00000173033	AAGCCTGTGAAGGTGAACTGTGTGGT	49449154	49455256	-6102	49454029	-4875	49452842	-3688	49449454	-5802	-4575	-3388
ENSMUST00000044053	TGAAGAATTCATGGATGACTTTGAAA	11214519	11166607	47912	11166485	48034	11164995	49524	11214545	47938	48060	49550
ENSMUST00000065111	GGCTTGAGTCTTCGTAAAGTAAACAG	21830435	21781738	48697	21781735	48700	21780450	49985	21830461	48723	48726	50011
ENSMUST00000065111	GGCTTGAGTCTTCGTAAAGTAAACAG	21830435	21781738	48697	21781735	48700	21780450	49985	21830461	48723	48726	50011
ENSMUST00000030691	AGGGCCATATGGTTACAGAGGGATTGG	14679857	14718856	-38999	14718817	-38960	14714598	-34741	14679884	-38972	-38933	-34714
ENSMUST00000130698	TAGTATTTCTAGCCTATTCTTGTCAGT	41756318	41756346	-28	41756343	-25	41756130	188	41756345	-1	2	215
ENSMUST00000038361	TTGGGGTTGGATTTTGAAGGCTGGGTG	127485889	127306636	179253	127306633	179256	127249839	236050	127485916	179280	179283	236077
ENSMUST00000075695	GAATTGGATATGGACAAAGACCTCAGT	94068995	94092814	-23819	94092811	-23816	94092427	-23432	94069022	-23792	-23789	-23405
ENSMUST00000089027	GGCTTCTACGCAGCCTACATGTTTGTCC	153208714	153198353	10361	153198349	10365	153195565	13149	153208742	10389	10393	13177
ENSMUST00000190997	AGAGGTTTCGATTCCCTTCACCCATCTT	132489677	132484801	4876	132484745	4932	132484077	5600	132489705	4904	4960	5628
ENSMUST00000108639	GGGGATGTAGCTCAGTCGGTAGAGAGAGG	69782154	69775861	6293	69775801	6353	69775442	6712	69782183	6322	6382	6741
ENSMUST00000026671	TTCACATCCTGCCTCACCACTCCCATCAA	119756376	119874160	-117784	119874153	-117777	119872399	-116023	119756405	-117755	-117748	-115994
ENSMUST00000092433	CTGGAAGCCTCGGGAAAGTACTCCCCAACC	69926133	69932408	-6275	69932393	-6260	69927818	-1685	69926163	-6245	-6230	-1655
ENSMUST00000092433	CTGGAAGCCTCGGGAAAGTACTCCCCAACC	69926133	69932408	-6275	69932393	-6260	69929458	-3325	69926163	-6245	-6230	-3295
ENSMUST00000092433	CTGGAAGCCTCGGGAAAGTACTCCCCAACC	69926133	70002510	-76377	70001922	-75789	69999498	-73365	69926163	-76347	-75759	-73335
ENSMUST00000092433	CTGGAAGCCTCGGGAAAGTACTCCCCAACC	69926133	70015570	-89437	70015567	-89434	70004991	-78858	69926163	-89407	-89404	-78828
ENSMUST00000199300	TCGCGTGTCGCCCGTCGCACTGTCCAGACC	126597405	126771773	-174368	126770784	-173379	126767579	-170174	126597435	-174338	-173349	-170144
ENSMUST00000199300	TCGCGTGTCGCCCGTCGCACTGTCCAGACC	126597405	126801726	-204321	126801723	-204318	126798280	-200875	126597435	-204291	-204288	-200845
ENSMUST00000038942	CAAAACAGGACTGTAGGCTCTAGAAAGTGC	89450082	89443121	6961	89443100	6982	89439601	10481	89450112	6991	7012	10511
ENSMUST00000112232	TATGAATGTGCGGCGAGGCCTTGCTGGAGCC	134485877	134458465	27412	134458427	27450	134455665	30212	134485908	27443	27481	30243
ENSMUST00000112232	TATGAATGTGCGGCGAGGCCTTGCTGGAGCC	134485877	134489015	-3138	134488934	-3057	134487742	-1865	134485908	-3107	-3026	-1834
ENSMUST00000111438	TTGACTTTGCCGGGCTTGCTCGAGGCTTTGC	124567850	124566380	1470	124566113	1737	124562682	5168	124567881	1501	1768	5199
ENSMUST00000111438	TTGACTTTGCCGGGCTTGCTCGAGGCTTTGC	124567850	124566845	1005	124566833	1017	124566495	1355	124567881	1036	1048	1386
ENSMUST00000126977	GAAATACCAGTGGTCGAGGATGAAGAAAAGG	5058150	5114530	-56380	5114507	-56357	5108708	-50558	5058735	-55795	-55772	-49973
ENSMUST00000172467	ACTACATAGTACACCTTAAGCGGCACTTCATG	28183207	28185833	-2626	28185713	-2506	28185436	-2229	28184269	-1564	-1444	-1167
ENSMUST00000020756	CTAAATGATAGAAGCAGCATTGTAATGGGAGA	29161445	29133855	27590	29133851	27594	29132905	28540	29161477	27622	27626	28572
ENSMUST00000020756	CTAAATGATAGAAGCAGCATTGTAATGGGAGA	29161445	29154143	7302	29153231	8214	29148331	13114	29161477	7334	8246	13146
ENSMUST00000020756	CTAAATGATAGAAGCAGCATTGTAATGGGAGA	29161445	29133855	27590	29133851	27594	29132905	28540	29161477	27622	27626	28572
ENSMUST00000020756	CTAAATGATAGAAGCAGCATTGTAATGGGAGA	29161445	29154143	7302	29153231	8214	29148331	13114	29161477	7334	8246	13146
ENSMUST00000105361	TGGGCAGGCCAGCCCCCGCCCACGTGGCAACAA	80283136	80277574	5562	80277571	5565	80274869	8267	80283169	5595	5598	8300
ENSMUST00000150602	GCCAACCTCATGCACAACTTCATCTTGAAGGCG	155247820	155242734	5086	155242730	5090	155236940	10880	155247853	5119	5123	10913
ENSMUST00000150602	GCCAACCTCATGCACAACTTCATCTTGAAGGCG	155247820	155242734	5086	155242730	5090	155236940	10880	155247853	5119	5123	10913
ENSMUST00000202447	CGCCCGCCCCACGAGGACTCACACCCTTGCACCC	118009698	118000337	9361	118000316	9382	117995502	14196	118009732	9395	9416	14230
ENSMUST00000189946	CCTCCCCCCACGAAAGCCATGTCAATCAATCACT	131931657	131929615	2042	131929612	2045	131928216	3441	131931691	2076	2079	3475
ENSMUST00000035813	GGTGCTGGGTGCTGGGTGCTGGGTGCTGGGTGCT	5161604	5134688	26916	5134638	26966	5134174	27430	5161638	26950	27000	27464
ENSMUST00000108251	CTCTGCAGTCTATATCTATAACTGTAACTCCTGG	79535824	79565420	-29596	79565417	-29593	79564946	-29122	79535858	-29562	-29559	-29088
ENSMUST00000064595	GTGAAGGCAATCAATATCTCTGGGCTGGCACACG	21168250	21213147	-44897	21213138	-44888	21212884	-44634	21185106	-28041	-28032	-27778
ENSMUST00000038900	ATAAAATCTGATATATACACGTTAGGAAAGTTCTC	150808801	150801121	7680	150801118	7683	150801017	7784	150808836	7715	7718	7819
ENSMUST00000111338	CCTAAGATCCGGGCTGTTTCTCCACATTTTGATGA	91601035	91619750	-18715	91619687	-18652	91616460	-15425	91601070	-18680	-18617	-15390
ENSMUST00000194959	CCCATTTTGCTATCTAACTCTCCCACTGCCTTTGAA	108372699	108384396	-11697	108384381	-11682	108384155	-11456	108372735	-11661	-11646	-11420
ENSMUST00000030691	TATTGACATCAATGCCAGCCTGCAAACTATTACTAT	14680751	14718856	-38105	14718817	-38066	14714598	-33847	14680787	-38069	-38030	-33811
ENSMUST00000111216	ATGGGCTCTTCGGCAGCAAAACCAACTTCAACTCCC	135010048	135011240	-1192	135011209	-1161	135011060	-1012	135010084	-1156	-1125	-976
ENSMUST00000072031	GAGCGGCTCTCCACACATGAGCTCACCTCTCTGCTA	59753029	59735943	17086	59735829	17200	59731592	21437	59754998	19055	19169	23406
ENSMUST00000120544	ATGTGTCTTTCTAACTTCTAATAAACTCACTCCAACT	111794872	111789348	5524	111789324	5548	111787596	7276	111794894	5546	5570	7298
ENSMUST00000120544	ATGTGTCTTTCTAACTTCTAATAAACTCACTCCAACT	111794872	111789348	5524	111789324	5548	111787596	7276	111794894	5546	5570	7298
ENSMUST00000022458	GTCATCATGGAGCGAATCGGTCTTGCTACTGCAGGGGA	31254612	31257625	-3013	31257288	-2676	31256791	-2179	31255097	-2528	-2191	-1694
ENSMUST00000022458	GTCATCATGGAGCGAATCGGTCTTGCTACTGCAGGGGA	31254612	31257625	-3013	31257288	-2676	31256791	-2179	31255097	-2528	-2191	-1694
ENSMUST00000183034	GATTAGAGTCGGGAGTCCAGTTTCAGAATGAAGCAGAG	34161029	34166941	-5912	34166938	-5909	34166305	-5276	34161067	-5874	-5871	-5238
ENSMUST00000029303	GAACTGGCCAATGAAATCTGAACATCATTAAACAAGCAAA	51472799	51448340	24459	51448298	24501	51446766	26033	51472839	24499	24541	26073
ENSMUST00000180611	CTCTGTCCCCCCGCTTCCTTTGTACGCCTTACTTGCAGCA	49878991	49912642	-33651	49912606	-33615	49903028	-24037	49879031	-33611	-33575	-23997
ENSMUST00000071325	TAACTTCTTCCTGCGACTGCGTTCCATCATTTAAAGAAAA	79581361	79565420	15941	79565417	15944	79564946	16415	79581401	15981	15984	16455
ENSMUST00000071325	TAACTTCTTCCTGCGACTGCGTTCCATCATTTAAAGAAAA	79581361	79565420	15941	79565417	15944	79564946	16415	79581401	15981	15984	16455
ENSMUST00000033876	GCTGGGAGCCAGGGGACTACTCGCACTGTCTGTACACCAA	27113419	27115788	-2369	27115654	-2235	27115461	-2042	27113459	-2329	-2195	-2002
ENSMUST00000197859	ATAAATGGACTTGGGACTCAGCAGTTTTGAAACGTGTATA	135466336	135439660	26676	135439643	26693	135438352	27984	135466376	26716	26733	28024
ENSMUST00000197859	ATAAATGGACTTGGGACTCAGCAGTTTTGAAACGTGTATA	135466336	135439660	26676	135439643	26693	135438864	27472	135466376	26716	26733	27512
ENSMUST00000003044	TGTTCAAGGGCAAGGTGGAAGCTGTATTGGAGAAGTTAGG	44860137	44859887	250	44859722	415	44858749	1388	44860177	290	455	1428
ENSMUST00000003044	TGTTCAAGGGCAAGGTGGAAGCTGTATTGGAGAAGTTAGG	44860137	44862502	-2365	44862498	-2361	44862427	-2290	44860177	-2325	-2321	-2250
ENSMUST00000003044	TGTTCAAGGGCAAGGTGGAAGCTGTATTGGAGAAGTTAGG	44860137	44862568	-2431	44862498	-2361	44862427	-2290	44860177	-2391	-2321	-2250
ENSMUST00000187040	GCTTTCCCTTGCCCAGGCCTGACTCTGATAACCACTACTT	127560840	127529137	31703	127529134	31706	127528489	32351	127560880	31743	31746	32391
ENSMUST00000182597	GTATTTCAGGAGTTGAGTTATTGGTGGACCAGCCTTTCAC	74589596	74594363	-4767	74594321	-4725	74593249	-3653	74589636	-4727	-4685	-3613
ENSMUST00000182597	GTATTTCAGGAGTTGAGTTATTGGTGGACCAGCCTTTCAC	74589596	74613394	-23798	74613376	-23780	74612345	-22749	74589636	-23758	-23740	-22709
ENSMUST00000168361	ATTTAATGAAATTCTACAGGCAGCCTATCAATTAATGACA	8744402	8719002	25400	8718987	25415	8713937	30465	8744442	25440	25455	30505
ENSMUST00000168361	ATTTAATGAAATTCTACAGGCAGCCTATCAATTAATGACA	8744402	8719005	25397	8718987	25415	8713937	30465	8744442	25437	25455	30505
ENSMUST00000168361	ATTTAATGAAATTCTACAGGCAGCCTATCAATTAATGACA	8744402	8719005	25397	8719002	25400	8713937	30465	8744442	25437	25440	30505
ENSMUST00000115243	TATAAAAGTGACTTCCTCACAGCAAATGTGCCCCAGCTCTT	28923056	28901518	21538	28901515	21541	28813412	109644	28923097	21579	21582	109685
ENSMUST00000017408	GGTGTGGAATCAAACAAGCAATATCAGCTGGCAGACTGGAG	148565357	148581761	-16404	148581757	-16400	148581163	-15806	148566283	-15478	-15474	-14880
ENSMUST00000073822	AAGTAAAAATCACTGTAAACTACCCTCCCTATATATCTAAA	28901636	28901518	118	28901515	121	28813412	88224	28902079	561	564	88667
ENSMUST00000035142	CGGGGCTGTGAGGCGCTCGGGGCCGGGGTGCGCGGCGGCGC	102834981	102886002	-51021	102885993	-51012	102881754	-46773	102835022	-50980	-50971	-46732
ENSMUST00000119698	CCGGGAAAGGGGGCCTGGTCCATCCCGTGGAAATGGCTGTT	70534604	70531524	3080	70531521	3083	70531273	3331	70534898	3374	3377	3625
ENSMUST00000119698	CCGGGAAAGGGGGCCTGGTCCATCCCGTGGAAATGGCTGTT	70534604	70534482	122	70534387	217	70534194	410	70534898	416	511	704
ENSMUST00000047714	GAACCTCATATTTACACTCTCCCTTCTCTACTGGACAGAGTT	134627343	134593337	34006	134593328	34015	134588947	38396	134628607	35270	35279	39660
ENSMUST00000002790	CATCATCCCCTATATCCCCACTCTCATCACGCAGCTCACACA	166937392	166929894	7498	166929784	7608	166929023	8369	166937434	7540	7650	8411
ENSMUST00000077182	GGCCAAGAAGAACAAAGACAAAGAGTATTACGTCTGAGCACC	6532133	6450530	81603	6450527	81606	6443648	88485	6532175	81645	81648	88527
ENSMUST00000077182	GGCCAAGAAGAACAAAGACAAAGAGTATTACGTCTGAGCACC	6532133	6450530	81603	6450527	81606	6448284	83849	6532175	81645	81648	83891
ENSMUST00000068150	GACCATCCTGTCCCTGCCAGGGTGCATGCATTCGGGGGTATA	102778975	102774639	4336	102774631	4344	102774513	4462	102779017	4378	4386	4504
ENSMUST00000173078	GAAAATCCACAGGAATGGGTAGGACAAGTGGAAATAAGTGCCC	79646339	79661040	-14701	79661037	-14698	79659462	-13123	79651040	-10000	-9997	-8422
ENSMUST00000030669	AATCAGACGTCTTCTTCCTCTTCCTGCTGCCACCCATCATCCT	133411955	133419946	-7991	133419924	-7969	133419543	-7588	133411998	-7948	-7926	-7545
ENSMUST00000114018	AGGAAAAAGTGGCACCTCCACACCTACTACCCCTGGATCAACT	66425227	66401446	23781	66401443	23784	66399502	25725	66425270	23824	23827	25768
ENSMUST00000114018	AGGAAAAAGTGGCACCTCCACACCTACTACCCCTGGATCAACT	66425227	66420137	5090	66420134	5093	66401521	23706	66425270	5133	5136	23749
ENSMUST00000114018	AGGAAAAAGTGGCACCTCCACACCTACTACCCCTGGATCAACT	66425227	66401446	23781	66401443	23784	66399502	25725	66425270	23824	23827	25768
ENSMUST00000114018	AGGAAAAAGTGGCACCTCCACACCTACTACCCCTGGATCAACT	66425227	66420137	5090	66420134	5093	66401521	23706	66425270	5133	5136	23749
ENSMUST00000084038	ACATCCTCTGTCACCTGAATATCACCATGCCCCCCTGCACCAA	23119423	23098924	20499	23098920	20503	23098043	21380	23120568	21644	21648	22525
ENSMUST00000084038	ACATCCTCTGTCACCTGAATATCACCATGCCCCCCTGCACCAA	23119423	23115453	3970	23115355	4068	23114935	4488	23120568	5115	5213	5633
ENSMUST00000084038	ACATCCTCTGTCACCTGAATATCACCATGCCCCCCTGCACCAA	23119423	23132561	-13138	23132096	-12673	23123978	-4555	23120568	-11993	-11528	-3410
ENSMUST00000027414	GTTTGAAGTGGAACTCCAAGCAGCTCGGACTCTGGAGCGGCTGG	75529519	75527362	2157	75527057	2462	75526158	3361	75529563	2201	2506	3405
ENSMUST00000182597	AAATAAATTAAACTCTGCACTATGTAATAGACGTAAAGGTGATC	74580002	74594363	-14361	74594321	-14319	74593249	-13247	74580046	-14317	-14275	-13203
ENSMUST00000182597	AAATAAATTAAACTCTGCACTATGTAATAGACGTAAAGGTGATC	74580002	74613394	-33392	74613376	-33374	74612345	-32343	74580046	-33348	-33330	-32299
ENSMUST00000065496	GTAACCAACCACTTCCATATGAAGACTCCTCCATGCCCTCCATAT	51852443	51846240	6203	51846124	6319	51843775	8668	51852488	6248	6364	8713
ENSMUST00000065496	GTAACCAACCACTTCCATATGAAGACTCCTCCATGCCCTCCATAT	51852443	51846240	6203	51846124	6319	51843775	8668	51852488	6248	6364	8713
ENSMUST00000119299	CTGCCTTCTGTCCATCCTCACCATAGCATGCTGTACCCTCTTTCC	101668073	101643005	25068	101642975	25098	101640322	27751	101668118	25113	25143	27796
ENSMUST00000044783	GACTATTGATCAAATTCACAAGGAGGCTGAGATGGAAGAGCACCG	20684079	20674227	9852	20674167	9912	20673961	10118	20684124	9897	9957	10163
ENSMUST00000044783	GACTATTGATCAAATTCACAAGGAGGCTGAGATGGAAGAGCACCG	20684079	20675759	8320	20675729	8350	20675520	8559	20684124	8365	8395	8604
ENSMUST00000044783	GACTATTGATCAAATTCACAAGGAGGCTGAGATGGAAGAGCACCG	20684079	20678883	5196	20678801	5278	20678674	5405	20684124	5241	5323	5450
ENSMUST00000044783	GACTATTGATCAAATTCACAAGGAGGCTGAGATGGAAGAGCACCG	20684079	20681736	2343	20681733	2346	20681316	2763	20684124	2388	2391	2808
ENSMUST00000044783	GACTATTGATCAAATTCACAAGGAGGCTGAGATGGAAGAGCACCG	20684079	20681736	2343	20681733	2346	20681578	2501	20684124	2388	2391	2546
ENSMUST00000044783	GACTATTGATCAAATTCACAAGGAGGCTGAGATGGAAGAGCACCG	20684079	20684428	-349	20684407	-328	20684181	-102	20684124	-304	-283	-57
ENSMUST00000109567	TGGTTCCTGGTCCACTCTGACCCTCAGTCATGCCCATGAGGTCTG	156701550	156748331	-46781	156748022	-46472	156746196	-44646	156701595	-46736	-46427	-44601
ENSMUST00000040787	CTTTGCTTTCCCGAATTCTGCCTTCTGATGCCTGTAAAATATACAA	157975236	157975227	9	157972999	2237	157962382	12854	157975282	55	2283	12900
ENSMUST00000040787	CTTTGCTTTCCCGAATTCTGCCTTCTGATGCCTGTAAAATATACAA	157975236	157975227	9	157972999	2237	157972317	2919	157975282	55	2283	2965
ENSMUST00000022458	GGCTGCCAGCCTTCCTAGACAATCACAATTATGCCAAATCCCCTAT	31256256	31257625	-1369	31257288	-1032	31256791	-535	31256668	-957	-620	-123
ENSMUST00000022458	GGCTGCCAGCCTTCCTAGACAATCACAATTATGCCAAATCCCCTAT	31256256	31257625	-1369	31257288	-1032	31256791	-535	31256668	-957	-620	-123
ENSMUST00000026993	ACCTCAATATCTACTTCAACTGCACTGACTTGAACCCAAGCCGTGA	54795094	54793263	1831	54793194	1900	54792886	2208	54795140	1877	1946	2254
ENSMUST00000026993	ACCTCAATATCTACTTCAACTGCACTGACTTGAACCCAAGCCGTGA	54795094	54795414	-320	54795410	-316	54795178	-84	54795140	-274	-270	-38
ENSMUST00000026993	ACCTCAATATCTACTTCAACTGCACTGACTTGAACCCAAGCCGTGA	54795094	54796721	-1627	54796597	-1503	54796218	-1124	54795140	-1581	-1457	-1078
ENSMUST00000018521	CACCAGTGACTCTCACTACTCCATTCAATATAACGTCCTCTGTGTC	88081442	88076190	5252	88076172	5270	88074725	6717	88081488	5298	5316	6763
ENSMUST00000148486	CACGGATTTTGACCCCTCTATCCTGCCTCCTCCGGACCCCTGGATT	70787010	70761158	25852	70761074	25936	70662809	124201	70787056	25898	25982	124247
ENSMUST00000148486	CACGGATTTTGACCCCTCTATCCTGCCTCCTCCGGACCCCTGGATT	70787010	70761158	25852	70761074	25936	70718225	68785	70787056	25898	25982	68831
ENSMUST00000184945	CCACACTGTCGGAAAGCCCTCTCTCTTCCCCTGCTGCTAGCCCTAA	49552840	49461911	90929	49461908	90932	49458208	94632	49552885	90974	90977	94677
ENSMUST00000033018	AGAACTGCAGTAGTCACTCAAATTATGATTCAACATTTTAATCCTTGG	113568471	113539276	29195	113539272	29199	113526038	42433	113568519	29243	29247	42481
ENSMUST00000159050	CGAGATGAATGGCTCCCTCACCAGCCCAAGCGCCTATGCTGGCCTACA	61410018	61401855	8163	61401852	8166	61394682	15336	61410066	8211	8214	15384
ENSMUST00000159050	CGAGATGAATGGCTCCCTCACCAGCCCAAGCGCCTATGCTGGCCTACA	61410018	61401855	8163	61401852	8166	61394712	15306	61410066	8211	8214	15354
ENSMUST00000112008	ACGACCATTCCTTGGCACCTGCTGTGTTCGCCTCCTCGTCCAACAGCT	115994267	115981694	12573	115981649	12618	115979869	14398	115994315	12621	12666	14446
ENSMUST00000112008	ACGACCATTCCTTGGCACCTGCTGTGTTCGCCTCCTCGTCCAACAGCT	115994267	116005784	-11517	116005781	-11514	115995473	-1206	115994315	-11469	-11466	-1158
ENSMUST00000112008	ACGACCATTCCTTGGCACCTGCTGTGTTCGCCTCCTCGTCCAACAGCT	115994267	116005784	-11517	116005781	-11514	115997853	-3586	115994315	-11469	-11466	-3538
ENSMUST00000168361	TAAACAAGATGATGAGGACTCTAAAATAAATGGCAGAGGTTTGCCAAA	8710252	8719002	-8750	8718987	-8735	8713937	-3685	8710300	-8702	-8687	-3637
ENSMUST00000168361	TAAACAAGATGATGAGGACTCTAAAATAAATGGCAGAGGTTTGCCAAA	8710252	8719005	-8753	8718987	-8735	8713937	-3685	8710300	-8705	-8687	-3637
ENSMUST00000168361	TAAACAAGATGATGAGGACTCTAAAATAAATGGCAGAGGTTTGCCAAA	8710252	8719005	-8753	8719002	-8750	8713937	-3685	8710300	-8705	-8702	-3637
ENSMUST00000118962	ACAGACACACCCTCCAGTGTCCACCCCTTCTGTCCCTCCATCTGCGTCT	44399931	44385955	13976	44385928	14003	44384949	14982	44399980	14025	14052	15031
ENSMUST00000162372	AAATCTGTTCAAACACCAGATCCTTCTCACCCGTACGGCTTTTCAAATA	67339984	67334565	5419	67334505	5479	67329951	10033	67342121	7556	7616	12170
ENSMUST00000162372	AAATCTGTTCAAACACCAGATCCTTCTCACCCGTACGGCTTTTCAAATA	67339984	67344529	-4545	67342093	-2109	67340006	-22	67342121	-2408	28	2115
ENSMUST00000009099	TATTTTTATTACTTTTTTGTAGATGAACTTGAGCTCTGTAACTTACACC	113137050	113131362	5688	113131315	5735	113131000	6050	113137099	5737	5784	6099
ENSMUST00000108344	ATACCAGGCACCCCTTCCTTACAGCCCTCAAGTATGCCTTCCAGACCCAT	27632467	27629334	3133	27629295	3172	27628990	3477	27633233	3899	3938	4243
ENSMUST00000114018	AAAGTTGCCATCATCCGCACTCCTCCAAAGTCCCCAGCTACTCCTAAGCA	66425390	66401446	23944	66401443	23947	66399502	25888	66425440	23994	23997	25938
ENSMUST00000114018	AAAGTTGCCATCATCCGCACTCCTCCAAAGTCCCCAGCTACTCCTAAGCA	66425390	66420137	5253	66420134	5256	66401521	23869	66425440	5303	5306	23919
ENSMUST00000098070	TTTTTTGCCAGCACTGTGATTATGGGAACCGGACGGTCAAAGGCGTCCTC	55011585	55016816	-5231	55016813	-5228	55014847	-3262	55011635	-5181	-5178	-3212
ENSMUST00000098070	TTTTTTGCCAGCACTGTGATTATGGGAACCGGACGGTCAAAGGCGTCCTC	55011585	55016996	-5411	55016813	-5228	55014847	-3262	55011635	-5361	-5178	-3212
ENSMUST00000098070	TTTTTTGCCAGCACTGTGATTATGGGAACCGGACGGTCAAAGGCGTCCTC	55011585	55016996	-5411	55016816	-5231	55014847	-3262	55011635	-5361	-5181	-3212
ENSMUST00000097785	AATCATGTTCAGCACCTCCAGTCAGCCTGTGCGAGCTCACACCAGTTTCA	34227833	34166941	60892	34166938	60895	34166305	61528	34227883	60942	60945	61578
ENSMUST00000097785	AATCATGTTCAGCACCTCCAGTCAGCCTGTGCGAGCTCACACCAGTTTCA	34227833	34166941	60892	34166938	60895	34166305	61528	34227883	60942	60945	61578
ENSMUST00000167020	AGCATCTACTTTATCCAAACTGCCTACACCCACAGCTTCTCTCCCTGCACA	7910763	7871548	39215	7871530	39233	7870027	40736	7910814	39266	39284	40787
ENSMUST00000167020	AGCATCTACTTTATCCAAACTGCCTACACCCACAGCTTCTCTCCCTGCACA	7910763	7917561	-6798	7917552	-6789	7916297	-5534	7910814	-6747	-6738	-5483
ENSMUST00000167020	AGCATCTACTTTATCCAAACTGCCTACACCCACAGCTTCTCTCCCTGCACA	7910763	7917564	-6801	7917552	-6789	7916297	-5534	7910814	-6750	-6738	-5483
ENSMUST00000167020	AGCATCTACTTTATCCAAACTGCCTACACCCACAGCTTCTCTCCCTGCACA	7910763	7917564	-6801	7917561	-6798	7916297	-5534	7910814	-6750	-6747	-5483
ENSMUST00000167020	AGCATCTACTTTATCCAAACTGCCTACACCCACAGCTTCTCTCCCTGCACA	7910763	7921424	-10661	7921421	-10658	7920250	-9487	7910814	-10610	-10607	-9436
ENSMUST00000078626	TCTTTTGTGATCATTCCCAGCTACTTGTGCAAGCCAGGGTTAGACTACCTC	111395060	111347468	47592	111347465	47595	111345513	49547	111395111	47643	47646	49598
ENSMUST00000201702	ACCCAGATGAGCAGACCTCACGAACCCTCACCCTCATCGCCAAGGTCATCCA	26959783	26959608	175	26959401	382	26958221	1562	26959835	227	434	1614
ENSMUST00000201702	ACCCAGATGAGCAGACCTCACGAACCCTCACCCTCATCGCCAAGGTCATCCA	26959783	26964832	-5049	26964826	-5043	26963087	-3304	26959835	-4997	-4991	-3252
ENSMUST00000201702	ACCCAGATGAGCAGACCTCACGAACCCTCACCCTCATCGCCAAGGTCATCCA	26959783	26966882	-7099	26966869	-7086	26965038	-5255	26959835	-7047	-7034	-5203
ENSMUST00000078111	GAGTCCCTGTCGGTCCCCAAGCTGCAAAGCCCGCCTGGAAGACCCCGAAAGCT	45838676	45856162	-17486	45856087	-17411	45854843	-16167	45838729	-17433	-17358	-16114
ENSMUST00000026292	GGATGATGAAGGTGAAGAAGGAGATGAAGATGATGACGACGATGGTTCTGAGA	151907331	151806275	101056	151806271	101060	151800946	106385	151907384	101109	101113	106438
ENSMUST00000026292	GGATGATGAAGGTGAAGAAGGAGATGAAGATGATGACGACGATGGTTCTGAGA	151907331	151806275	101056	151806271	101060	151801366	105965	151907384	101109	101113	106018
ENSMUST00000026292	GGATGATGAAGGTGAAGAAGGAGATGAAGATGATGACGACGATGGTTCTGAGA	151907331	151806275	101056	151806271	101060	151803802	103529	151907384	101109	101113	103582
ENSMUST00000026292	GGATGATGAAGGTGAAGAAGGAGATGAAGATGATGACGACGATGGTTCTGAGA	151907331	151806275	101056	151806271	101060	151804540	102791	151907384	101109	101113	102844
ENSMUST00000026292	GGATGATGAAGGTGAAGAAGGAGATGAAGATGATGACGACGATGGTTCTGAGA	151907331	151898446	8885	151898443	8888	151897253	10078	151907384	8938	8941	10131
ENSMUST00000026292	GGATGATGAAGGTGAAGAAGGAGATGAAGATGATGACGACGATGGTTCTGAGA	151907331	151908730	-1399	151908727	-1396	151907444	-113	151907384	-1346	-1343	-60
ENSMUST00000026292	GGATGATGAAGGTGAAGAAGGAGATGAAGATGATGACGACGATGGTTCTGAGA	151907331	151806275	101056	151806271	101060	151800946	106385	151907384	101109	101113	106438
ENSMUST00000026292	GGATGATGAAGGTGAAGAAGGAGATGAAGATGATGACGACGATGGTTCTGAGA	151907331	151806275	101056	151806271	101060	151801366	105965	151907384	101109	101113	106018
ENSMUST00000026292	GGATGATGAAGGTGAAGAAGGAGATGAAGATGATGACGACGATGGTTCTGAGA	151907331	151806275	101056	151806271	101060	151803802	103529	151907384	101109	101113	103582
ENSMUST00000026292	GGATGATGAAGGTGAAGAAGGAGATGAAGATGATGACGACGATGGTTCTGAGA	151907331	151806275	101056	151806271	101060	151804540	102791	151907384	101109	101113	102844
ENSMUST00000026292	GGATGATGAAGGTGAAGAAGGAGATGAAGATGATGACGACGATGGTTCTGAGA	151907331	151898446	8885	151898443	8888	151897253	10078	151907384	8938	8941	10131
ENSMUST00000026292	GGATGATGAAGGTGAAGAAGGAGATGAAGATGATGACGACGATGGTTCTGAGA	151907331	151908730	-1399	151908727	-1396	151907444	-113	151907384	-1346	-1343	-60
ENSMUST00000168361	TTTTAATCGCACTCCTGGAAGTCGCCAAGCCTCTCCAACTGAAGTAGTTGAGC	8713360	8719002	-5642	8718987	-5627	8713937	-577	8713412	-5590	-5575	-525
ENSMUST00000168361	TTTTAATCGCACTCCTGGAAGTCGCCAAGCCTCTCCAACTGAAGTAGTTGAGC	8713360	8719005	-5645	8718987	-5627	8713937	-577	8713412	-5593	-5575	-525
ENSMUST00000168361	TTTTAATCGCACTCCTGGAAGTCGCCAAGCCTCTCCAACTGAAGTAGTTGAGC	8713360	8719005	-5645	8719002	-5642	8713937	-577	8713412	-5593	-5590	-525
ENSMUST00000114015	ACTCAGTCAGAAAATTAAAAGAAAGAAGCCAGAACATACCACCAGCCGTTTGA	66322451	66401446	-78995	66401443	-78992	66399502	-77051	66362239	-39207	-39204	-37263
ENSMUST00000114015	ACTCAGTCAGAAAATTAAAAGAAAGAAGCCAGAACATACCACCAGCCGTTTGA	66322451	66420137	-97686	66420134	-97683	66401521	-79070	66362239	-57898	-57895	-39282
ENSMUST00000114015	ACTCAGTCAGAAAATTAAAAGAAAGAAGCCAGAACATACCACCAGCCGTTTGA	66322451	66401446	-78995	66401443	-78992	66399502	-77051	66362239	-39207	-39204	-37263
ENSMUST00000114015	ACTCAGTCAGAAAATTAAAAGAAAGAAGCCAGAACATACCACCAGCCGTTTGA	66322451	66420137	-97686	66420134	-97683	66401521	-79070	66362239	-57898	-57895	-39282
ENSMUST00000040179	ATACCAATTGCTCTTCTTTCTGCAGTCCTGCTGCTGTTCTTCTGCAGAGACTCC	85933347	85918972	14375	85918930	14417	85917774	15573	85933401	14429	14471	15627
ENSMUST00000040179	ATACCAATTGCTCTTCTTTCTGCAGTCCTGCTGCTGTTCTTCTGCAGAGACTCC	85933347	85918972	14375	85918930	14417	85917832	15515	85933401	14429	14471	15569
ENSMUST00000040179	ATACCAATTGCTCTTCTTTCTGCAGTCCTGCTGCTGTTCTTCTGCAGAGACTCC	85933347	85939328	-5981	85939325	-5978	85933674	-327	85933401	-5927	-5924	-273
ENSMUST00000097785	ATCCTGACAACCCACTCAAGACGTCCATCCCCATCAAAGCCATCTGCGACTACA	34167047	34166941	106	34166938	109	34166305	742	34167286	345	348	981
ENSMUST00000097785	ATCCTGACAACCCACTCAAGACGTCCATCCCCATCAAAGCCATCTGCGACTACA	34167047	34166941	106	34166938	109	34166305	742	34167286	345	348	981
ENSMUST00000167487	ACATAAAGTTCGACAAAATCTATTCTAATGTGGCTTTTTATGGAGGGTGTAACT	27250521	27241299	9222	27241234	9287	27240637	9884	27250575	9276	9341	9938
ENSMUST00000182356	ACCAAGTATGAAACCACGATTTTCTGATACCCGCCGCCCCGTCCTCGCGGTGCCT	90969900	90914695	55205	90914692	55208	90680919	288981	90969955	55260	55263	289036
ENSMUST00000182356	ACCAAGTATGAAACCACGATTTTCTGATACCCGCCGCCCCGTCCTCGCGGTGCCT	90969900	90897348	72552	90897246	72654	90895206	74694	90969955	72607	72709	74749
ENSMUST00000182356	ACCAAGTATGAAACCACGATTTTCTGATACCCGCCGCCCCGTCCTCGCGGTGCCT	90969900	90914695	55205	90914692	55208	90895206	74694	90969955	55260	55263	74749
ENSMUST00000182356	ACCAAGTATGAAACCACGATTTTCTGATACCCGCCGCCCCGTCCTCGCGGTGCCT	90969900	90914695	55205	90914692	55208	90897426	72474	90969955	55260	55263	72529
ENSMUST00000182356	ACCAAGTATGAAACCACGATTTTCTGATACCCGCCGCCCCGTCCTCGCGGTGCCT	90969900	90969806	94	90969803	97	90966392	3508	90969955	149	152	3563
ENSMUST00000174408	TTAACACTCACCCTCTCACTAGTGGTCCACACCATCCTGTCCATCACCCTCATTT	67220278	67218116	2162	67218037	2241	67215375	4903	67220333	2217	2296	4958
ENSMUST00000174408	TTAACACTCACCCTCTCACTAGTGGTCCACACCATCCTGTCCATCACCCTCATTT	67220278	67218116	2162	67218037	2241	67217107	3171	67220333	2217	2296	3226
ENSMUST00000232395	CATCTGAGGCTCATTCGGCTGCCTCTGTGGCCAAGTCCTCCCAGAGTCCACCCTT	94462564	94410871	51693	94410832	51732	94403368	59196	94462619	51748	51787	59251
ENSMUST00000232395	CATCTGAGGCTCATTCGGCTGCCTCTGTGGCCAAGTCCTCCCAGAGTCCACCCTT	94462564	94410871	51693	94410832	51732	94409729	52835	94462619	51748	51787	52890
ENSMUST00000232395	CATCTGAGGCTCATTCGGCTGCCTCTGTGGCCAAGTCCTCCCAGAGTCCACCCTT	94462564	94439187	23377	94439184	23380	94435546	27018	94462619	23432	23435	27073
ENSMUST00000232395	CATCTGAGGCTCATTCGGCTGCCTCTGTGGCCAAGTCCTCCCAGAGTCCACCCTT	94462564	94459761	2803	94459717	2847	94458032	4532	94462619	2858	2902	4587
ENSMUST00000232395	CATCTGAGGCTCATTCGGCTGCCTCTGTGGCCAAGTCCTCCCAGAGTCCACCCTT	94462564	94410871	51693	94410832	51732	94403368	59196	94462619	51748	51787	59251
ENSMUST00000232395	CATCTGAGGCTCATTCGGCTGCCTCTGTGGCCAAGTCCTCCCAGAGTCCACCCTT	94462564	94410871	51693	94410832	51732	94409729	52835	94462619	51748	51787	52890
ENSMUST00000232395	CATCTGAGGCTCATTCGGCTGCCTCTGTGGCCAAGTCCTCCCAGAGTCCACCCTT	94462564	94439187	23377	94439184	23380	94435546	27018	94462619	23432	23435	27073
ENSMUST00000232395	CATCTGAGGCTCATTCGGCTGCCTCTGTGGCCAAGTCCTCCCAGAGTCCACCCTT	94462564	94459761	2803	94459717	2847	94458032	4532	94462619	2858	2902	4587
ENSMUST00000232395	CATCTGAGGCTCATTCGGCTGCCTCTGTGGCCAAGTCCTCCCAGAGTCCACCCTT	94462564	94410871	51693	94410832	51732	94403368	59196	94462619	51748	51787	59251
ENSMUST00000232395	CATCTGAGGCTCATTCGGCTGCCTCTGTGGCCAAGTCCTCCCAGAGTCCACCCTT	94462564	94410871	51693	94410832	51732	94409729	52835	94462619	51748	51787	52890
ENSMUST00000232395	CATCTGAGGCTCATTCGGCTGCCTCTGTGGCCAAGTCCTCCCAGAGTCCACCCTT	94462564	94439187	23377	94439184	23380	94435546	27018	94462619	23432	23435	27073
ENSMUST00000232395	CATCTGAGGCTCATTCGGCTGCCTCTGTGGCCAAGTCCTCCCAGAGTCCACCCTT	94462564	94459761	2803	94459717	2847	94458032	4532	94462619	2858	2902	4587
ENSMUST00000069817	TGCTGGATTCCCAGCTCCCACAGCTCACTATGCCACTGCCTCGGTATGGCTCCGG	32226236	32219216	7020	32219213	7023	32218759	7477	32226291	7075	7078	7532
ENSMUST00000069817	TGCTGGATTCCCAGCTCCCACAGCTCACTATGCCACTGCCTCGGTATGGCTCCGG	32226236	32221083	5153	32221079	5157	32220176	6060	32226291	5208	5212	6115
ENSMUST00000069817	TGCTGGATTCCCAGCTCCCACAGCTCACTATGCCACTGCCTCGGTATGGCTCCGG	32226236	32219216	7020	32219213	7023	32218759	7477	32226291	7075	7078	7532
ENSMUST00000069817	TGCTGGATTCCCAGCTCCCACAGCTCACTATGCCACTGCCTCGGTATGGCTCCGG	32226236	32221083	5153	32221079	5157	32220176	6060	32226291	5208	5212	6115
ENSMUST00000111467	AACTCACTGGCCTATCTCATCAATACCTATGCACTGGACAGTGGGGTTTCTACCAT	90859532	90852839	6693	90852815	6717	90849704	9828	90860482	7643	7667	10778
ENSMUST00000111467	AACTCACTGGCCTATCTCATCAATACCTATGCACTGGACAGTGGGGTTTCTACCAT	90859532	90853050	6482	90853023	6509	90852866	6666	90860482	7432	7459	7616
ENSMUST00000113462	GGCATCGTGGCGGCGGCGGCGCTCTGCATCCTCATTCTCCTCTACGCCATGTACAA	6531952	6450530	81422	6450527	81425	6443648	88304	6532008	81478	81481	88360
ENSMUST00000113462	GGCATCGTGGCGGCGGCGGCGCTCTGCATCCTCATTCTCCTCTACGCCATGTACAA	6531952	6450530	81422	6450527	81425	6448284	83668	6532008	81478	81481	83724
ENSMUST00000113462	GGCATCGTGGCGGCGGCGGCGCTCTGCATCCTCATTCTCCTCTACGCCATGTACAA	6531952	6450530	81422	6450527	81425	6443648	88304	6532008	81478	81481	88360
ENSMUST00000113462	GGCATCGTGGCGGCGGCGGCGCTCTGCATCCTCATTCTCCTCTACGCCATGTACAA	6531952	6450530	81422	6450527	81425	6448284	83668	6532008	81478	81481	83724
ENSMUST00000040182	ACTACAGCCATCAACTTTTCAACTGTCAACTCTTCTGCAGCCTTCCGATCCAAGCA	29498565	29470317	28248	29470314	28251	29465738	32827	29499344	29027	29030	33606
ENSMUST00000071325	CTGGCCTCAAGGGCAGCAAAAGGCTCATTTTCATCGACTGTCCTGGGAAGCTGGCT	79535896	79565420	-29524	79565417	-29521	79564946	-29050	79535952	-29468	-29465	-28994
ENSMUST00000199300	AGCCTGCATCGCATACATTCGGCTCACACAGTACATGGACGGAAGCGGGATGCCAAA	126840226	126771773	68453	126770784	69442	126767579	72647	126840283	68510	69499	72704
ENSMUST00000199300	AGCCTGCATCGCATACATTCGGCTCACACAGTACATGGACGGAAGCGGGATGCCAAA	126840226	126801726	38500	126801723	38503	126798280	41946	126840283	38557	38560	42003
ENSMUST00000112224	TATCAACTATCTAAAACCTAACTGCAAATTGACCACAGACCTCTGACCTTCTACTTT	166387998	166386951	1047	166385390	2608	166382522	5476	166388055	1104	2665	5533
ENSMUST00000112224	TATCAACTATCTAAAACCTAACTGCAAATTGACCACAGACCTCTGACCTTCTACTTT	166387998	166386951	1047	166385390	2608	166384000	3998	166388055	1104	2665	4055
ENSMUST00000208651	ATCCTTCGTATCTTCAAGCTGACCCGTCACTTCGTGGGGCTGCGTGTGCTGGGCCAC	44595552	44598383	-2831	44598380	-2828	44596268	-716	44595609	-2774	-2771	-659
ENSMUST00000024627	ATGCACTCAGACCATCGCTCAAGCTCCGAGCACACACATCATAAATCCTCCAGGGATT	15770140	15760327	9813	15760305	9835	15758732	11408	15770198	9871	9893	11466
ENSMUST00000024627	ATGCACTCAGACCATCGCTCAAGCTCCGAGCACACACATCATAAATCCTCCAGGGATT	15770140	15760327	9813	15760305	9835	15758732	11408	15770198	9871	9893	11466
ENSMUST00000142890	ATTAATTAAACACTCCCTCACCCCACCGCACCAAACCAGTTGGGTTCTTCTGATATTC	138903117	138896852	6265	138896788	6329	138890881	12236	138903175	6323	6387	12294
ENSMUST00000142890	ATTAATTAAACACTCCCTCACCCCACCGCACCAAACCAGTTGGGTTCTTCTGATATTC	138903117	138896852	6265	138896788	6329	138894518	8599	138903175	6323	6387	8657
ENSMUST00000186360	TATCCTGGTGGGCCACTGCCTGACTTCCCTAATCACTCACTCACCCTCAAAAAGGACA	74586950	74539706	47244	74539692	47258	74539313	47637	74587008	47302	47316	47695
ENSMUST00000186360	TATCCTGGTGGGCCACTGCCTGACTTCCCTAATCACTCACTCACCCTCAAAAAGGACA	74586950	74580664	6286	74580564	6386	74574168	12782	74587008	6344	6444	12840
ENSMUST00000186360	TATCCTGGTGGGCCACTGCCTGACTTCCCTAATCACTCACTCACCCTCAAAAAGGACA	74586950	74580664	6286	74580564	6386	74575924	11026	74587008	6344	6444	11084
ENSMUST00000186360	TATCCTGGTGGGCCACTGCCTGACTTCCCTAATCACTCACTCACCCTCAAAAAGGACA	74586950	74580664	6286	74580564	6386	74577493	9457	74587008	6344	6444	9515
ENSMUST00000114013	ATATTACAAAAATGGTACTGTCATGGCCCCTGACCTGCCCGAGATGCTAGATCTGGCA	66414346	66401446	12900	66401443	12903	66399502	14844	66414404	12958	12961	14902
ENSMUST00000114013	ATATTACAAAAATGGTACTGTCATGGCCCCTGACCTGCCCGAGATGCTAGATCTGGCA	66414346	66420137	-5791	66420134	-5788	66401521	12825	66414404	-5733	-5730	12883
ENSMUST00000174008	ATTTGAACTTCTTGATAGAATTCTACCCAAACTCCGTGCAACGAACCATAAAGTGCTC	21673220	21686021	-12801	21686012	-12792	21679147	-5927	21673278	-12743	-12734	-5869
ENSMUST00000174008	ATTTGAACTTCTTGATAGAATTCTACCCAAACTCCGTGCAACGAACCATAAAGTGCTC	21673220	21699802	-26582	21699799	-26579	21679147	-5927	21673278	-26524	-26521	-5869
ENSMUST00000174008	ATTTGAACTTCTTGATAGAATTCTACCCAAACTCCGTGCAACGAACCATAAAGTGCTC	21673220	21699802	-26582	21699799	-26579	21686275	-13055	21673278	-26524	-26521	-12997
ENSMUST00000174008	ATTTGAACTTCTTGATAGAATTCTACCCAAACTCCGTGCAACGAACCATAAAGTGCTC	21673220	21686021	-12801	21686012	-12792	21679147	-5927	21673278	-12743	-12734	-5869
ENSMUST00000174008	ATTTGAACTTCTTGATAGAATTCTACCCAAACTCCGTGCAACGAACCATAAAGTGCTC	21673220	21699802	-26582	21699799	-26579	21679147	-5927	21673278	-26524	-26521	-5869
ENSMUST00000174008	ATTTGAACTTCTTGATAGAATTCTACCCAAACTCCGTGCAACGAACCATAAAGTGCTC	21673220	21699802	-26582	21699799	-26579	21686275	-13055	21673278	-26524	-26521	-12997
ENSMUST00000132615	ATGCAGCTCGGCCCGACTACATCGCTTCCAAGGCCTCCCCTACCTCGACTGAGGAGGAG	37378916	37374274	4642	37374271	4645	37372419	6497	37378975	4701	4704	6556
ENSMUST00000109485	TTCCCTGACCCTGTTACGGACTGTAAGCCTCCACCTCCTGCCCAGGAATTTCAGACAGC	158466860	158443303	23557	158443237	23623	158440971	25889	158466919	23616	23682	25948
ENSMUST00000109485	TTCCCTGACCCTGTTACGGACTGTAAGCCTCCACCTCCTGCCCAGGAATTTCAGACAGC	158466860	158450188	16672	158450176	16684	158448449	18411	158466919	16731	16743	18470
ENSMUST00000105616	GTACTGCAAGGAGGCTGGATGCAAGATAGATACTATATTAAACTGTACTGTTATTTAAG	155559193	155557470	1723	155557467	1726	155557286	1907	155559252	1782	1785	1966
ENSMUST00000081285	TTCATGGAGCGGGAACACCTCATATTCCGAGAGAACACGCTCGCCACTAAAGCCATAGAA	26957778	26959608	-1830	26959401	-1623	26958221	-443	26957838	-1770	-1563	-383
ENSMUST00000081285	TTCATGGAGCGGGAACACCTCATATTCCGAGAGAACACGCTCGCCACTAAAGCCATAGAA	26957778	26964832	-7054	26964826	-7048	26963087	-5309	26957838	-6994	-6988	-5249
ENSMUST00000081285	TTCATGGAGCGGGAACACCTCATATTCCGAGAGAACACGCTCGCCACTAAAGCCATAGAA	26957778	26966882	-9104	26966869	-9091	26965038	-7260	26957838	-9044	-9031	-7200
ENSMUST00000069817	GAGGAGGACGAAGAGAACAACCCTGCCCTAGCCAATGCCTCCTCCGCCCTGGAGGACAAG	32213527	32219216	-5689	32219213	-5686	32218759	-5232	32213587	-5629	-5626	-5172
ENSMUST00000069817	GAGGAGGACGAAGAGAACAACCCTGCCCTAGCCAATGCCTCCTCCGCCCTGGAGGACAAG	32213527	32221083	-7556	32221079	-7552	32220176	-6649	32213587	-7496	-7492	-6589
ENSMUST00000069817	GAGGAGGACGAAGAGAACAACCCTGCCCTAGCCAATGCCTCCTCCGCCCTGGAGGACAAG	32213527	32219216	-5689	32219213	-5686	32218759	-5232	32213587	-5629	-5626	-5172
ENSMUST00000069817	GAGGAGGACGAAGAGAACAACCCTGCCCTAGCCAATGCCTCCTCCGCCCTGGAGGACAAG	32213527	32221083	-7556	32221079	-7552	32220176	-6649	32213587	-7496	-7492	-6589
ENSMUST00000110049	AGATCCATTCCAAGGCATGCGCAAGCCCATGAGTCCTGTCTCAGCCCAGATGAGCCAGCTA	3235624	3234584	1040	3234461	1163	3230101	5523	3236239	1655	1778	6138
ENSMUST00000110049	AGATCCATTCCAAGGCATGCGCAAGCCCATGAGTCCTGTCTCAGCCCAGATGAGCCAGCTA	3235624	3234584	1040	3234461	1163	3234059	1565	3236239	1655	1778	2180
ENSMUST00000111596	ATTCAGCGACACTCTCTTCTCCACACTCTCTTCACACCAACCCGTGGCCTGGCCCAACCCAC	123443136	123452537	-9401	123452410	-9274	123450223	-7087	123443198	-9339	-9212	-7025
ENSMUST00000061837	AACAATAAGACAGCAGAGCGCCGGAGGCCCCTGGATGAATTCAACAATGGAGTTGTCATGAC	69904071	69903676	395	69903653	418	69903452	619	69904133	457	480	681
ENSMUST00000061837	AACAATAAGACAGCAGAGCGCCGGAGGCCCCTGGATGAATTCAACAATGGAGTTGTCATGAC	69904071	69903963	108	69903864	207	69903719	352	69904133	170	269	414
ENSMUST00000061837	AACAATAAGACAGCAGAGCGCCGGAGGCCCCTGGATGAATTCAACAATGGAGTTGTCATGAC	69904071	69906729	-2658	69906725	-2654	69906603	-2532	69904133	-2596	-2592	-2470
ENSMUST00000061837	AACAATAAGACAGCAGAGCGCCGGAGGCCCCTGGATGAATTCAACAATGGAGTTGTCATGAC	69904071	69910734	-6663	69910717	-6646	69910419	-6348	69904133	-6601	-6584	-6286
ENSMUST00000098070	ATTTTGGGGACTCTGGAAGGCTTTACTATTGTAAACACTGTGACTTTAATAATAAATCTGCC	55010517	55016816	-6299	55016813	-6296	55014847	-4330	55010579	-6237	-6234	-4268
ENSMUST00000098070	ATTTTGGGGACTCTGGAAGGCTTTACTATTGTAAACACTGTGACTTTAATAATAAATCTGCC	55010517	55016996	-6479	55016813	-6296	55014847	-4330	55010579	-6417	-6234	-4268
ENSMUST00000098070	ATTTTGGGGACTCTGGAAGGCTTTACTATTGTAAACACTGTGACTTTAATAATAAATCTGCC	55010517	55016996	-6479	55016816	-6299	55014847	-4330	55010579	-6417	-6237	-4268
ENSMUST00000022977	CTTGCTTGAGGAGGAATCTCCAAGGGAGGGCTGAGCTGCCAGGCTGCCGCCGCGCTTCGGGAC	59315259	59322866	-7607	59322835	-7576	59321494	-6235	59315322	-7544	-7513	-6172
ENSMUST00000112223	GGTAAGCATCCTTTGAAAAATAATTTTCTTGAACTTAAACTCTGAGCAGTCAGTATCTCTCAA	166385717	166386951	-1234	166385390	327	166382522	3195	166385780	-1171	390	3258
ENSMUST00000112223	GGTAAGCATCCTTTGAAAAATAATTTTCTTGAACTTAAACTCTGAGCAGTCAGTATCTCTCAA	166385717	166386951	-1234	166385390	327	166384000	1717	166385780	-1171	390	1780
ENSMUST00000195636	GCGGCTCCGGTGAACGCTTCAGAGTGAGATCATCATCCAAGTCTGAAGGTTCTCCATCGCCAC	40006810	40003762	3048	40003756	3054	39997182	9628	40007484	3722	3728	10302
ENSMUST00000195636	GCGGCTCCGGTGAACGCTTCAGAGTGAGATCATCATCCAAGTCTGAAGGTTCTCCATCGCCAC	40006810	40000623	6187	40000530	6280	39999974	6836	40007484	6861	6954	7510
ENSMUST00000195636	GCGGCTCCGGTGAACGCTTCAGAGTGAGATCATCATCCAAGTCTGAAGGTTCTCCATCGCCAC	40006810	40003762	3048	40003756	3054	40000749	6061	40007484	3722	3728	6735
ENSMUST00000195636	GCGGCTCCGGTGAACGCTTCAGAGTGAGATCATCATCCAAGTCTGAAGGTTCTCCATCGCCAC	40006810	40003762	3048	40003756	3054	40001591	5219	40007484	3722	3728	5893
ENSMUST00000195636	GCGGCTCCGGTGAACGCTTCAGAGTGAGATCATCATCCAAGTCTGAAGGTTCTCCATCGCCAC	40006810	40006673	137	40006670	140	40004913	1897	40007484	811	814	2571
ENSMUST00000110000	ACATGTCACAGCTCTCTCTGTCGCCCCTGAATTCCGCCGTCTTGGCTTGGCTGCTAAACTTAT	145912442	145912392	50	145912366	76	145911763	679	145912505	113	139	742
ENSMUST00000109485	CGAGTACAGTTACTACTGCTCACACCTCAAAAGTCCAGCACCAGGCATCCTCCACCTCTCCTCT	158437260	158443303	-6043	158443237	-5977	158440971	-3711	158437324	-5979	-5913	-3647
ENSMUST00000109485	CGAGTACAGTTACTACTGCTCACACCTCAAAAGTCCAGCACCAGGCATCCTCCACCTCTCCTCT	158437260	158450188	-12928	158450176	-12916	158448449	-11189	158437324	-12864	-12852	-11125
ENSMUST00000114037	TCTTACACTGATCGATCAATGATGTCTATGGCAGCTGATTCTTACACTGATTCTTATACTGATT	91657702	91678153	-20451	91678100	-20398	91677704	-20002	91657766	-20387	-20334	-19938
ENSMUST00000112987	AGAAGTATCTATGTGAACTGTGCCTGGACGATGTGCTGTATGCCCGTACCACAAGCAAGCTCAAG	35709893	35719918	-10025	35719852	-9959	35718938	-9045	35709958	-9960	-9894	-8980
ENSMUST00000199659	AGGAAAAACCTAGAGCTCTTTGCCCTGCGCGTTACAAGGAAAGCAACTGGAATTTTAAATTTAGT	59316893	59263124	53769	59262862	54031	59262345	54548	59316958	53834	54096	54613
ENSMUST00000118923	GCTTTTAGACAGCGTGGAGAAGCTGCACGTGATTGATCGGCAGACGCAGGAGGAACTGGAGACAA	21470155	21456228	13927	21456222	13933	21448403	21752	21470220	13992	13998	21817
ENSMUST00000075922	AATCCTATTGTCCACAGTCAAACTTCCACAGCATCCTCTGAACAACTGCAGCCTTCAATGTTTCAC	107368473	107361746	6727	107361743	6730	107358766	9707	107368539	6793	6796	9773
ENSMUST00000069817	CTGAAGTTCAGTGATGATGAAGATGAGGAGGATGTTGTGAAGGATGGCCGGTCAAAGTGGAACAAC	32199042	32219216	-20174	32219213	-20171	32218759	-19717	32200843	-18373	-18370	-17916
ENSMUST00000069817	CTGAAGTTCAGTGATGATGAAGATGAGGAGGATGTTGTGAAGGATGGCCGGTCAAAGTGGAACAAC	32199042	32221083	-22041	32221079	-22037	32220176	-21134	32200843	-20240	-20236	-19333
ENSMUST00000016569	CATTTGCTAGGGTGGATCTTAAGCAGTACGTAGTCTGTCAGTGTTTGTATTTGAATTCTCTGCAATT	150808238	150801121	7117	150801118	7120	150801017	7221	150808305	7184	7187	7288
ENSMUST00000201700	AACAGTGGCAGAGATTAACGCAACGATGAGTGTCCATCTCCCATTCGCAGTGGTCGGCAGTACTGAA	93156986	93173472	-16486	93173469	-16483	93167687	-10701	93161191	-12281	-12278	-6496
ENSMUST00000044521	CCGAGACCTTCTCCGAGTCATCCTCTGACAGCACCCAGTTCAGTCAGCCAGTCGGTGGTGGTGGCTT	133064911	133012192	52719	133012189	52722	133011523	53388	133064978	52786	52789	53455
ENSMUST00000044521	CCGAGACCTTCTCCGAGTCATCCTCTGACAGCACCCAGTTCAGTCAGCCAGTCGGTGGTGGTGGCTT	133064911	133060675	4236	133060661	4250	133055203	9708	133064978	4303	4317	9775
ENSMUST00000044521	CCGAGACCTTCTCCGAGTCATCCTCTGACAGCACCCAGTTCAGTCAGCCAGTCGGTGGTGGTGGCTT	133064911	133060780	4131	133060661	4250	133055203	9708	133064978	4198	4317	9775
ENSMUST00000044521	CCGAGACCTTCTCCGAGTCATCCTCTGACAGCACCCAGTTCAGTCAGCCAGTCGGTGGTGGTGGCTT	133064911	133060780	4131	133060675	4236	133055203	9708	133064978	4198	4303	9775
ENSMUST00000160027	CAAAAATAATTTACATAGTACACGATGAAGTTAAGGATAAAGCTTTTGAACTGGAGCTCAGCTGGGTT	70993014	70983323	9691	70983318	9696	70978815	14199	70993508	10185	10190	14693
ENSMUST00000160027	CAAAAATAATTTACATAGTACACGATGAAGTTAAGGATAAAGCTTTTGAACTGGAGCTCAGCTGGGTT	70993014	70983323	9691	70983318	9696	70978839	14175	70993508	10185	10190	14669
ENSMUST00000160027	CAAAAATAATTTACATAGTACACGATGAAGTTAAGGATAAAGCTTTTGAACTGGAGCTCAGCTGGGTT	70993014	70984671	8343	70984492	8522	70983442	9572	70993508	8837	9016	10066
ENSMUST00000213013	TACCGGAGCTTGACCCTGAACGTCGTGAACCGGCTCACCTCCGTTACTCGCCTCTTCCCAAATTCCTT	144806157	144845468	-39311	144845414	-39257	144844289	-38132	144806223	-39245	-39191	-38066
ENSMUST00000042035	ATGGTCCTGACCCAGCCCCCCCGGGACAGGACTGAGATCACTCTGGAAAGAAGCGGGGTGGGGAATCT	74589380	74539706	49674	74539692	49688	74539313	50067	74589448	49742	49756	50135
ENSMUST00000042035	ATGGTCCTGACCCAGCCCCCCCGGGACAGGACTGAGATCACTCTGGAAAGAAGCGGGGTGGGGAATCT	74589380	74580664	8716	74580564	8816	74574168	15212	74589448	8784	8884	15280
ENSMUST00000042035	ATGGTCCTGACCCAGCCCCCCCGGGACAGGACTGAGATCACTCTGGAAAGAAGCGGGGTGGGGAATCT	74589380	74580664	8716	74580564	8816	74575924	13456	74589448	8784	8884	13524
ENSMUST00000042035	ATGGTCCTGACCCAGCCCCCCCGGGACAGGACTGAGATCACTCTGGAAAGAAGCGGGGTGGGGAATCT	74589380	74580664	8716	74580564	8816	74577493	11887	74589448	8784	8884	11955
ENSMUST00000093995	CAGCGGCAGGGCTCCCGGCTCTCTGCTGTCCCTCACCTCCTGTACATACTGCCTGGGAAGAGACACCAC	77978119	77973782	4337	77973746	4373	77973260	4859	77978188	4406	4442	4928
ENSMUST00000093995	CAGCGGCAGGGCTCCCGGCTCTCTGCTGTCCCTCACCTCCTGTACATACTGCCTGGGAAGAGACACCAC	77978119	77973837	4282	77973746	4373	77973260	4859	77978188	4351	4442	4928
ENSMUST00000093995	CAGCGGCAGGGCTCCCGGCTCTCTGCTGTCCCTCACCTCCTGTACATACTGCCTGGGAAGAGACACCAC	77978119	77973837	4282	77973782	4337	77973260	4859	77978188	4351	4406	4928
ENSMUST00000119705	TCTAACATCGTCTTCTACCCTGGTGGAGATTCTGGAAGCCATGAAGCATCCCTCGACAGGAGTCCAGCT	32967789	32864157	103632	32864009	103780	32863743	104046	32968689	104532	104680	104946
ENSMUST00000119705	TCTAACATCGTCTTCTACCCTGGTGGAGATTCTGGAAGCCATGAAGCATCCCTCGACAGGAGTCCAGCT	32967789	32864579	103210	32864576	103213	32863821	103968	32968689	104110	104113	104868
ENSMUST00000119705	TCTAACATCGTCTTCTACCCTGGTGGAGATTCTGGAAGCCATGAAGCATCCCTCGACAGGAGTCCAGCT	32967789	32937547	30242	32937520	30269	32927939	39850	32968689	31142	31169	40750
ENSMUST00000119705	TCTAACATCGTCTTCTACCCTGGTGGAGATTCTGGAAGCCATGAAGCATCCCTCGACAGGAGTCCAGCT	32967789	32937547	30242	32937520	30269	32934015	33774	32968689	31142	31169	34674
ENSMUST00000081834	TCCCTGCAGTCTTTCCGTAGGTTGCGGTACAACGCCAGGCAAGAGAAGAGGAAGGAAATTAACCAGATCG	134756722	134757263	-541	134757235	-513	134756885	-163	134757326	63	91	441
ENSMUST00000070733	TGAGGATGGCTTGTGTGGATCACTGGAGACCTGTGTGAACGATGGTGTGTTTGGAAGATGTCAAAAGGTT	116580410	117255545	-675135	117255448	-675038	117253656	-673246	116722114	-533431	-533334	-531542
ENSMUST00000202937	ATGAGGACCTGACCCCAGAGCAGAAGGCTGAGCGCGAGAAGGAACGGAGGATGGCCAATAATGCCCGTGA	69681592	69564036	117556	69564033	117559	69465447	216145	69681662	117626	117629	216215
ENSMUST00000202937	ATGAGGACCTGACCCCAGAGCAGAAGGCTGAGCGCGAGAAGGAACGGAGGATGGCCAATAATGCCCGTGA	69681592	69564036	117556	69564033	117559	69520026	161566	69681662	117626	117629	161636
ENSMUST00000202937	ATGAGGACCTGACCCCAGAGCAGAAGGCTGAGCGCGAGAAGGAACGGAGGATGGCCAATAATGCCCGTGA	69681592	69564036	117556	69564033	117559	69521686	159906	69681662	117626	117629	159976
ENSMUST00000202937	ATGAGGACCTGACCCCAGAGCAGAAGGCTGAGCGCGAGAAGGAACGGAGGATGGCCAATAATGCCCGTGA	69681592	69564036	117556	69564033	117559	69522540	159052	69681662	117626	117629	159122
ENSMUST00000202937	ATGAGGACCTGACCCCAGAGCAGAAGGCTGAGCGCGAGAAGGAACGGAGGATGGCCAATAATGCCCGTGA	69681592	69654963	26629	69654960	26632	69652472	29120	69681662	26699	26702	29190
ENSMUST00000178812	GATTGTAATCCGAGGACTCAATACCATTCCATTGTTTGTGCAGTTGCTTTATTCTCCCATTGAAAATATCC	120957194	120951021	6173	120950893	6301	120950749	6445	120957556	6535	6663	6807
ENSMUST00000178812	GATTGTAATCCGAGGACTCAATACCATTCCATTGTTTGTGCAGTTGCTTTATTCTCCCATTGAAAATATCC	120957194	120957109	85	120957106	88	120955972	1222	120957556	447	450	1584
ENSMUST00000183302	CCACGTACATAGAGAAATTGAAGACTGTGAATTTGGTTTTAAAAAACACTCAAGCTGCAGAAGCCCTTGTC	34170360	34166941	3419	34166938	3422	34166305	4055	34170431	3490	3493	4126
ENSMUST00000113462	GGAAGGAAGGCTGGGGTTTTGTAAAGTGTCCACTGCGCCGTTCGTTTATTTCCCTCGATTTTCTTCTTCCTC	6532493	6450530	81963	6450527	81966	6443648	88845	6532565	82035	82038	88917
ENSMUST00000113462	GGAAGGAAGGCTGGGGTTTTGTAAAGTGTCCACTGCGCCGTTCGTTTATTTCCCTCGATTTTCTTCTTCCTC	6532493	6450530	81963	6450527	81966	6448284	84209	6532565	82035	82038	84281
ENSMUST00000113462	GGAAGGAAGGCTGGGGTTTTGTAAAGTGTCCACTGCGCCGTTCGTTTATTTCCCTCGATTTTCTTCTTCCTC	6532493	6450530	81963	6450527	81966	6443648	88845	6532565	82035	82038	88917
ENSMUST00000113462	GGAAGGAAGGCTGGGGTTTTGTAAAGTGTCCACTGCGCCGTTCGTTTATTTCCCTCGATTTTCTTCTTCCTC	6532493	6450530	81963	6450527	81966	6448284	84209	6532565	82035	82038	84281
ENSMUST00000041956	ACTCTAAAGTTTACGAAGCCTGCTTCTCTGAATATTCTCATATTTTAGATGAATTTCACCCATTTTCATACT	94123514	94092814	30700	94092811	30703	94092427	31087	94123586	30772	30775	31159
ENSMUST00000071325	ATCACTGCCAACCTTAACCTCTCTAATTCCATGACCTCACTTGCAACTTCCCAGCATTCCCCAGGACTCGACAA	79570440	79565420	5020	79565417	5023	79564946	5494	79578321	12901	12904	13375
ENSMUST00000071325	ATCACTGCCAACCTTAACCTCTCTAATTCCATGACCTCACTTGCAACTTCCCAGCATTCCCCAGGACTCGACAA	79570440	79565420	5020	79565417	5023	79564946	5494	79578321	12901	12904	13375
ENSMUST00000146701	GATGAATGGATGAGTGAATGAATGAATGAATGAGTGAGTGAATTAATGGATGGGTATATTCTCTGGTTGAGCTTCT	109565286	109549518	15768	109549478	15808	109549371	15915	109565362	15844	15884	15991
ENSMUST00000089302	AAGAGAATGTGCAATCAAGTTCAATGATTACTTTGAATTTCCTCGAGAGTTAGACATGGAACCTTACACAGTGGCA	13156111	13116623	39488	13116608	39503	13114644	41467	13156187	39564	39579	41543
ENSMUST00000007961	CCCCACGTGCAGCTGGCGGCCAGTACCCATCAAGTCAGACCTCCACATCAAGGATGACCCCGATGGCATCCCCTCAAA	25656793	25646734	10059	25646716	10077	25645857	10936	25656871	10137	10155	11014
ENSMUST00000120544	TGGCCGGTGCCCTGCGCGGGGCCTCCCCAGGACACACTGACGTAGATTTGCTGTGTAGTCTTGGTGTGGAAATTTGAATT	111794751	111789348	5403	111789324	5427	111787596	7155	111794831	5483	5507	7235
ENSMUST00000120544	TGGCCGGTGCCCTGCGCGGGGCCTCCCCAGGACACACTGACGTAGATTTGCTGTGTAGTCTTGGTGTGGAAATTTGAATT	111794751	111789348	5403	111789324	5427	111787596	7155	111794831	5483	5507	7235
ENSMUST00000182597	GCTCGTTCTGCTGCTTGGTCCTACATCTTTCTGCCTGAGGAAGCCTGGTGTGACCTTACCATCCACCTTCCGTCAGCAGT	74643417	74594363	49054	74594321	49096	74593249	50168	74646471	52108	52150	53222
ENSMUST00000182597	GCTCGTTCTGCTGCTTGGTCCTACATCTTTCTGCCTGAGGAAGCCTGGTGTGACCTTACCATCCACCTTCCGTCAGCAGT	74643417	74613394	30023	74613376	30041	74612345	31072	74646471	33077	33095	34126
ENSMUST00000175903	TTTTACGGAGAAAACTTATCCATGAAGGCTGCCTGCTCTGGAAGACAGCCACAGGCCGCTTCAAAGATGTCCTGTTGCTGCT	88636052	88632275	3777	88631910	4142	88629931	6121	88638302	6027	6392	8371
ENSMUST00000175903	TTTTACGGAGAAAACTTATCCATGAAGGCTGCCTGCTCTGGAAGACAGCCACAGGCCGCTTCAAAGATGTCCTGTTGCTGCT	88636052	88633257	2795	88632912	3140	88632339	3713	88638302	5045	5390	5963
ENSMUST00000175903	TTTTACGGAGAAAACTTATCCATGAAGGCTGCCTGCTCTGGAAGACAGCCACAGGCCGCTTCAAAGATGTCCTGTTGCTGCT	88636052	88633294	2758	88633257	2795	88633042	3010	88638302	5008	5045	5260
ENSMUST00000175903	TTTTACGGAGAAAACTTATCCATGAAGGCTGCCTGCTCTGGAAGACAGCCACAGGCCGCTTCAAAGATGTCCTGTTGCTGCT	88636052	88633505	2547	88633499	2553	88633367	2685	88638302	4797	4803	4935
ENSMUST00000072031	CCCCTGACCTCAAGACACAGAATGTCCACGTGGAAATTGAGCAGCGTTGGCATCAAGTGGAGACCACCCCTCTCAGGGAGGAG	59752898	59735943	16955	59735829	17069	59731592	21306	59752981	17038	17152	21389
ENSMUST00000029116	GTTTGTCGTTTGCAGGTTGTTCTTGATGTTAACTCTGATTGTTAGCTAGACTTTTGTTACCTGGAAAATTTTGGACATAAAATT	181856749	181851585	5164	181851581	5168	181846639	10110	181856833	5248	5252	10194
ENSMUST00000146701	GAAAGGTAACAATACACTCACAAATAGGTAGATGAATGTAGCTGGAAGACGGGGCCTGGCTAGGGACGGGATGAGAGGCTGTGTC	109560104	109549518	10586	109549478	10626	109549371	10733	109560189	10671	10711	10818
ENSMUST00000232395	GGAGGACAGCAGACTGGAAGTGGCCTCTCCTGACTCTCCTACACCACTCTGTGAGGATGCTTCTCCTTCCCCCACGCCAGCTCCT	94442941	94410871	32070	94410832	32109	94403368	39573	94443026	32155	32194	39658
ENSMUST00000232395	GGAGGACAGCAGACTGGAAGTGGCCTCTCCTGACTCTCCTACACCACTCTGTGAGGATGCTTCTCCTTCCCCCACGCCAGCTCCT	94442941	94410871	32070	94410832	32109	94409729	33212	94443026	32155	32194	33297
ENSMUST00000232395	GGAGGACAGCAGACTGGAAGTGGCCTCTCCTGACTCTCCTACACCACTCTGTGAGGATGCTTCTCCTTCCCCCACGCCAGCTCCT	94442941	94439187	3754	94439184	3757	94435546	7395	94443026	3839	3842	7480
ENSMUST00000232395	GGAGGACAGCAGACTGGAAGTGGCCTCTCCTGACTCTCCTACACCACTCTGTGAGGATGCTTCTCCTTCCCCCACGCCAGCTCCT	94442941	94459761	-16820	94459717	-16776	94458032	-15091	94443026	-16735	-16691	-15006
ENSMUST00000232395	GGAGGACAGCAGACTGGAAGTGGCCTCTCCTGACTCTCCTACACCACTCTGTGAGGATGCTTCTCCTTCCCCCACGCCAGCTCCT	94442941	94410871	32070	94410832	32109	94403368	39573	94443026	32155	32194	39658
ENSMUST00000232395	GGAGGACAGCAGACTGGAAGTGGCCTCTCCTGACTCTCCTACACCACTCTGTGAGGATGCTTCTCCTTCCCCCACGCCAGCTCCT	94442941	94410871	32070	94410832	32109	94409729	33212	94443026	32155	32194	33297
ENSMUST00000232395	GGAGGACAGCAGACTGGAAGTGGCCTCTCCTGACTCTCCTACACCACTCTGTGAGGATGCTTCTCCTTCCCCCACGCCAGCTCCT	94442941	94439187	3754	94439184	3757	94435546	7395	94443026	3839	3842	7480
ENSMUST00000232395	GGAGGACAGCAGACTGGAAGTGGCCTCTCCTGACTCTCCTACACCACTCTGTGAGGATGCTTCTCCTTCCCCCACGCCAGCTCCT	94442941	94459761	-16820	94459717	-16776	94458032	-15091	94443026	-16735	-16691	-15006
ENSMUST00000232395	GGAGGACAGCAGACTGGAAGTGGCCTCTCCTGACTCTCCTACACCACTCTGTGAGGATGCTTCTCCTTCCCCCACGCCAGCTCCT	94442941	94410871	32070	94410832	32109	94403368	39573	94443026	32155	32194	39658
ENSMUST00000232395	GGAGGACAGCAGACTGGAAGTGGCCTCTCCTGACTCTCCTACACCACTCTGTGAGGATGCTTCTCCTTCCCCCACGCCAGCTCCT	94442941	94410871	32070	94410832	32109	94409729	33212	94443026	32155	32194	33297
ENSMUST00000232395	GGAGGACAGCAGACTGGAAGTGGCCTCTCCTGACTCTCCTACACCACTCTGTGAGGATGCTTCTCCTTCCCCCACGCCAGCTCCT	94442941	94439187	3754	94439184	3757	94435546	7395	94443026	3839	3842	7480
ENSMUST00000232395	GGAGGACAGCAGACTGGAAGTGGCCTCTCCTGACTCTCCTACACCACTCTGTGAGGATGCTTCTCCTTCCCCCACGCCAGCTCCT	94442941	94459761	-16820	94459717	-16776	94458032	-15091	94443026	-16735	-16691	-15006
ENSMUST00000186360	TCTCAGACCCAGGCAGAGAGCATGGTCCTGACCCAGCCCCCCCGGGACAGGACTGAGATCACTCTGGAAAGAAGCGGGGTGGGGA	74589358	74539706	49652	74539692	49666	74539313	50045	74589443	49737	49751	50130
ENSMUST00000186360	TCTCAGACCCAGGCAGAGAGCATGGTCCTGACCCAGCCCCCCCGGGACAGGACTGAGATCACTCTGGAAAGAAGCGGGGTGGGGA	74589358	74580664	8694	74580564	8794	74574168	15190	74589443	8779	8879	15275
ENSMUST00000186360	TCTCAGACCCAGGCAGAGAGCATGGTCCTGACCCAGCCCCCCCGGGACAGGACTGAGATCACTCTGGAAAGAAGCGGGGTGGGGA	74589358	74580664	8694	74580564	8794	74575924	13434	74589443	8779	8879	13519
ENSMUST00000186360	TCTCAGACCCAGGCAGAGAGCATGGTCCTGACCCAGCCCCCCCGGGACAGGACTGAGATCACTCTGGAAAGAAGCGGGGTGGGGA	74589358	74580664	8694	74580564	8794	74577493	11865	74589443	8779	8879	11950
ENSMUST00000232395	TACTCGGTCAAGCCAGTCTCCAAAAAAGCCTTCCAACAGTATTATTGAACACCTGTCAGTGATATTCCCATGTTATACCAGCACT	94460063	94410871	49192	94410832	49231	94403368	56695	94462268	51397	51436	58900
ENSMUST00000232395	TACTCGGTCAAGCCAGTCTCCAAAAAAGCCTTCCAACAGTATTATTGAACACCTGTCAGTGATATTCCCATGTTATACCAGCACT	94460063	94410871	49192	94410832	49231	94409729	50334	94462268	51397	51436	52539
ENSMUST00000232395	TACTCGGTCAAGCCAGTCTCCAAAAAAGCCTTCCAACAGTATTATTGAACACCTGTCAGTGATATTCCCATGTTATACCAGCACT	94460063	94439187	20876	94439184	20879	94435546	24517	94462268	23081	23084	26722
ENSMUST00000232395	TACTCGGTCAAGCCAGTCTCCAAAAAAGCCTTCCAACAGTATTATTGAACACCTGTCAGTGATATTCCCATGTTATACCAGCACT	94460063	94459761	302	94459717	346	94458032	2031	94462268	2507	2551	4236
ENSMUST00000232395	TACTCGGTCAAGCCAGTCTCCAAAAAAGCCTTCCAACAGTATTATTGAACACCTGTCAGTGATATTCCCATGTTATACCAGCACT	94460063	94410871	49192	94410832	49231	94403368	56695	94462268	51397	51436	58900
ENSMUST00000232395	TACTCGGTCAAGCCAGTCTCCAAAAAAGCCTTCCAACAGTATTATTGAACACCTGTCAGTGATATTCCCATGTTATACCAGCACT	94460063	94410871	49192	94410832	49231	94409729	50334	94462268	51397	51436	52539
ENSMUST00000232395	TACTCGGTCAAGCCAGTCTCCAAAAAAGCCTTCCAACAGTATTATTGAACACCTGTCAGTGATATTCCCATGTTATACCAGCACT	94460063	94439187	20876	94439184	20879	94435546	24517	94462268	23081	23084	26722
ENSMUST00000232395	TACTCGGTCAAGCCAGTCTCCAAAAAAGCCTTCCAACAGTATTATTGAACACCTGTCAGTGATATTCCCATGTTATACCAGCACT	94460063	94459761	302	94459717	346	94458032	2031	94462268	2507	2551	4236
ENSMUST00000232395	TACTCGGTCAAGCCAGTCTCCAAAAAAGCCTTCCAACAGTATTATTGAACACCTGTCAGTGATATTCCCATGTTATACCAGCACT	94460063	94410871	49192	94410832	49231	94403368	56695	94462268	51397	51436	58900
ENSMUST00000232395	TACTCGGTCAAGCCAGTCTCCAAAAAAGCCTTCCAACAGTATTATTGAACACCTGTCAGTGATATTCCCATGTTATACCAGCACT	94460063	94410871	49192	94410832	49231	94409729	50334	94462268	51397	51436	52539
ENSMUST00000232395	TACTCGGTCAAGCCAGTCTCCAAAAAAGCCTTCCAACAGTATTATTGAACACCTGTCAGTGATATTCCCATGTTATACCAGCACT	94460063	94439187	20876	94439184	20879	94435546	24517	94462268	23081	23084	26722
ENSMUST00000232395	TACTCGGTCAAGCCAGTCTCCAAAAAAGCCTTCCAACAGTATTATTGAACACCTGTCAGTGATATTCCCATGTTATACCAGCACT	94460063	94459761	302	94459717	346	94458032	2031	94462268	2507	2551	4236
ENSMUST00000107976	ACCTGAAGCCCCCAGGATAGGTGGGACAGAGAAGCTCAGTTCTGGGACGGTGGCATCCTCTCTCTCTCTCTCTCTTTCCTTTCTTTT	42939591	42933778	5813	42933615	5976	42916829	22762	42939678	5900	6063	22849
ENSMUST00000105991	AACAATCTGGCTTCCAGCTCTTTCTATGGCAACAACTCTCTGAGCAGTAACTCCCAGAGCAGCTCCCTCTTCTCTCAGGGCTCTGCA	130752706	130743692	9014	130743689	9017	130741556	11150	130752793	9101	9104	11237
ENSMUST00000231569	CAACATACTGGGCTCAATCACACTTGGTCACAGGATTCTGCACATACCTTCCTTTTCAAGGATTTGGCATCACCCAGCGACCAGCGTA	94443029	94410871	32158	94410832	32197	94403368	39661	94443117	32246	32285	39749
ENSMUST00000231569	CAACATACTGGGCTCAATCACACTTGGTCACAGGATTCTGCACATACCTTCCTTTTCAAGGATTTGGCATCACCCAGCGACCAGCGTA	94443029	94410871	32158	94410832	32197	94409729	33300	94443117	32246	32285	33388
ENSMUST00000231569	CAACATACTGGGCTCAATCACACTTGGTCACAGGATTCTGCACATACCTTCCTTTTCAAGGATTTGGCATCACCCAGCGACCAGCGTA	94443029	94439187	3842	94439184	3845	94435546	7483	94443117	3930	3933	7571
ENSMUST00000231569	CAACATACTGGGCTCAATCACACTTGGTCACAGGATTCTGCACATACCTTCCTTTTCAAGGATTTGGCATCACCCAGCGACCAGCGTA	94443029	94459761	-16732	94459717	-16688	94458032	-15003	94443117	-16644	-16600	-14915
ENSMUST00000107938	CCCTCAACGGCAGGTGTGGCAGGGGGTCCCGTGGCGGTTGAGCCAGAAGTCCCGCCTGTACCTTTGCCCACTGCCTCATCCCTGCCTCG	44354315	44342424	11891	44342419	11896	44342180	12135	44354404	11980	11985	12224
ENSMUST00000131671	AAAGAGCGCCAAGCTGCTAGACAGGCCTCCAGAAGCACTGCGTATGAAGATTATTATTATCACCCTCCTCCCCGAATGCCACCTCCAAT	136339265	136314089	25176	136314086	25179	136311089	28176	136339476	25387	25390	28387
ENSMUST00000102560	AGCTCAAAGCCGAGAGCCTGTCGGACAAGCTCAACGACCTGGAGAAGAAGCACGCCATGCTGGAGATGAACGCCCGGAGCTTACAGCAGA	115971375	115981694	-10319	115981649	-10274	115979869	-8494	115973815	-7879	-7834	-6054
ENSMUST00000102560	AGCTCAAAGCCGAGAGCCTGTCGGACAAGCTCAACGACCTGGAGAAGAAGCACGCCATGCTGGAGATGAACGCCCGGAGCTTACAGCAGA	115971375	116005784	-34409	116005781	-34406	115995473	-24098	115973815	-31969	-31966	-21658
ENSMUST00000102560	AGCTCAAAGCCGAGAGCCTGTCGGACAAGCTCAACGACCTGGAGAAGAAGCACGCCATGCTGGAGATGAACGCCCGGAGCTTACAGCAGA	115971375	116005784	-34409	116005781	-34406	115997853	-26478	115973815	-31969	-31966	-24038
ENSMUST00000106992	ATGGTCCTTTCTGATCACGACTTCAAATCCCACAGTAGCCCTGAAAGACATCTAAGAACTCCTGCATCACAAGAGAAAAGGACACCAGTACC	104330437	104298545	31892	104298497	31940	104294924	35513	104330529	31984	32032	35605
ENSMUST00000106992	ATGGTCCTTTCTGATCACGACTTCAAATCCCACAGTAGCCCTGAAAGACATCTAAGAACTCCTGCATCACAAGAGAAAAGGACACCAGTACC	104330437	104305312	25125	104305211	25226	104302410	28027	104330529	25217	25318	28119
ENSMUST00000119878	ATACCAATTTTCTGCTAATACAGGTCCTGCACATTACATGACTGAAGGACATCTGGCGATGAGACAAGGGGCTGATAGAGAAGAGTCTCCCAT	94692077	94663768	28309	94663741	28336	94659693	32384	94692170	28402	28429	32477
ENSMUST00000071325	TTTATGGCGATCCGGAATCCTCTGGAATGGCACTGCAAGCAGATGGATCACTTTGTCGGACTCAACTTCAACTCTAACTTTAACTTTGCACTAGT	79553933	79565420	-11487	79565417	-11484	79564946	-11013	79555512	-9908	-9905	-9434
ENSMUST00000071325	TTTATGGCGATCCGGAATCCTCTGGAATGGCACTGCAAGCAGATGGATCACTTTGTCGGACTCAACTTCAACTCTAACTTTAACTTTGCACTAGT	79553933	79565420	-11487	79565417	-11484	79564946	-11013	79555512	-9908	-9905	-9434
ENSMUST00000098519	CAACTGTTACTGAACAGGTCTTCTGTAGGGGCTCCTAAGTATGAGACAACATGCAGTGGTTTCTGAAATGACTGAGCGATAAGTAAATTATATATT	88747734	88719297	28437	88719288	28446	88709996	37738	88747830	28533	28542	37834
ENSMUST00000232395	ACATTTCAAAAACAGGAGAATATTTACGAGTTAAACTACCACTAAATCCAACTGCTAGGGAATTTCAACCAGATGTAAAGTCTGAAGCACTGTCTGAG	94442745	94410871	31874	94410832	31913	94403368	39377	94442843	31972	32011	39475
ENSMUST00000232395	ACATTTCAAAAACAGGAGAATATTTACGAGTTAAACTACCACTAAATCCAACTGCTAGGGAATTTCAACCAGATGTAAAGTCTGAAGCACTGTCTGAG	94442745	94410871	31874	94410832	31913	94409729	33016	94442843	31972	32011	33114
ENSMUST00000232395	ACATTTCAAAAACAGGAGAATATTTACGAGTTAAACTACCACTAAATCCAACTGCTAGGGAATTTCAACCAGATGTAAAGTCTGAAGCACTGTCTGAG	94442745	94439187	3558	94439184	3561	94435546	7199	94442843	3656	3659	7297
ENSMUST00000232395	ACATTTCAAAAACAGGAGAATATTTACGAGTTAAACTACCACTAAATCCAACTGCTAGGGAATTTCAACCAGATGTAAAGTCTGAAGCACTGTCTGAG	94442745	94459761	-17016	94459717	-16972	94458032	-15287	94442843	-16918	-16874	-15189
ENSMUST00000232395	ACATTTCAAAAACAGGAGAATATTTACGAGTTAAACTACCACTAAATCCAACTGCTAGGGAATTTCAACCAGATGTAAAGTCTGAAGCACTGTCTGAG	94442745	94410871	31874	94410832	31913	94403368	39377	94442843	31972	32011	39475
ENSMUST00000232395	ACATTTCAAAAACAGGAGAATATTTACGAGTTAAACTACCACTAAATCCAACTGCTAGGGAATTTCAACCAGATGTAAAGTCTGAAGCACTGTCTGAG	94442745	94410871	31874	94410832	31913	94409729	33016	94442843	31972	32011	33114
ENSMUST00000232395	ACATTTCAAAAACAGGAGAATATTTACGAGTTAAACTACCACTAAATCCAACTGCTAGGGAATTTCAACCAGATGTAAAGTCTGAAGCACTGTCTGAG	94442745	94439187	3558	94439184	3561	94435546	7199	94442843	3656	3659	7297
ENSMUST00000232395	ACATTTCAAAAACAGGAGAATATTTACGAGTTAAACTACCACTAAATCCAACTGCTAGGGAATTTCAACCAGATGTAAAGTCTGAAGCACTGTCTGAG	94442745	94459761	-17016	94459717	-16972	94458032	-15287	94442843	-16918	-16874	-15189
ENSMUST00000232395	ACATTTCAAAAACAGGAGAATATTTACGAGTTAAACTACCACTAAATCCAACTGCTAGGGAATTTCAACCAGATGTAAAGTCTGAAGCACTGTCTGAG	94442745	94410871	31874	94410832	31913	94403368	39377	94442843	31972	32011	39475
ENSMUST00000232395	ACATTTCAAAAACAGGAGAATATTTACGAGTTAAACTACCACTAAATCCAACTGCTAGGGAATTTCAACCAGATGTAAAGTCTGAAGCACTGTCTGAG	94442745	94410871	31874	94410832	31913	94409729	33016	94442843	31972	32011	33114
ENSMUST00000232395	ACATTTCAAAAACAGGAGAATATTTACGAGTTAAACTACCACTAAATCCAACTGCTAGGGAATTTCAACCAGATGTAAAGTCTGAAGCACTGTCTGAG	94442745	94439187	3558	94439184	3561	94435546	7199	94442843	3656	3659	7297
ENSMUST00000232395	ACATTTCAAAAACAGGAGAATATTTACGAGTTAAACTACCACTAAATCCAACTGCTAGGGAATTTCAACCAGATGTAAAGTCTGAAGCACTGTCTGAG	94442745	94459761	-17016	94459717	-16972	94458032	-15287	94442843	-16918	-16874	-15189
ENSMUST00000065496	ATGTTAGGAATAACTGGCTCTGAGAGAGATTACCAACTGTGGGTAAATTCTGGAAAAGAAGCGGCACCGTACCCACTCATTGGACACGAGTATCCTTA	51826905	51846240	-19335	51846124	-19219	51843775	-16870	51831663	-14577	-14461	-12112
ENSMUST00000065496	ATGTTAGGAATAACTGGCTCTGAGAGAGATTACCAACTGTGGGTAAATTCTGGAAAAGAAGCGGCACCGTACCCACTCATTGGACACGAGTATCCTTA	51826905	51846240	-19335	51846124	-19219	51843775	-16870	51831663	-14577	-14461	-12112
ENSMUST00000111293	TTTTAAACGGAGGCTGAAGACACTGTAGAATTAGCAGACATAAGAGAGCGTGGAGAAGGCAGAGGATGGAGTTGCAGACTCTACAGGAGGCTCTTAAAG	92221500	92215463	6037	92215448	6052	92214089	7411	92221599	6136	6151	7510
ENSMUST00000111293	TTTTAAACGGAGGCTGAAGACACTGTAGAATTAGCAGACATAAGAGAGCGTGGAGAAGGCAGAGGATGGAGTTGCAGACTCTACAGGAGGCTCTTAAAG	92221500	92230658	-9158	92230637	-9137	92228481	-6981	92221599	-9059	-9038	-6882
ENSMUST00000111293	TTTTAAACGGAGGCTGAAGACACTGTAGAATTAGCAGACATAAGAGAGCGTGGAGAAGGCAGAGGATGGAGTTGCAGACTCTACAGGAGGCTCTTAAAG	92221500	92326915	-105415	92326912	-105412	92320459	-98959	92221599	-105316	-105313	-98860
ENSMUST00000111293	TTTTAAACGGAGGCTGAAGACACTGTAGAATTAGCAGACATAAGAGAGCGTGGAGAAGGCAGAGGATGGAGTTGCAGACTCTACAGGAGGCTCTTAAAG	92221500	92328314	-106814	92328311	-106811	92320459	-98959	92221599	-106715	-106712	-98860
ENSMUST00000111293	TTTTAAACGGAGGCTGAAGACACTGTAGAATTAGCAGACATAAGAGAGCGTGGAGAAGGCAGAGGATGGAGTTGCAGACTCTACAGGAGGCTCTTAAAG	92221500	92328314	-106814	92328311	-106811	92327164	-105664	92221599	-106715	-106712	-105565
ENSMUST00000171289	TAATTAAAATTACTGTTCTCTGAATGACAGTGTGTAAGGAAATCTTTCAAGAATGCTGTCATTATTCTCTTTGAGCTTTTTGTTGGGATTTGGGGTTTT	126843119	126771773	71346	126770784	72335	126767579	75540	126843217	71444	72433	75638
ENSMUST00000171289	TAATTAAAATTACTGTTCTCTGAATGACAGTGTGTAAGGAAATCTTTCAAGAATGCTGTCATTATTCTCTTTGAGCTTTTTGTTGGGATTTGGGGTTTT	126843119	126801726	41393	126801723	41396	126798280	44839	126843217	41491	41494	44937
ENSMUST00000029800	TGGGAATAACGTTTCTTGGAATCGGACTGTGGGCGTGGAATGAAAAAGGTGTCCTCTCCAACATCTCGTCCATCACCGACCTCGGTGGCTTTGACCCAGT	138868351	138896852	-28501	138896788	-28437	138890881	-22530	138890790	-6062	-5998	-91
ENSMUST00000029800	TGGGAATAACGTTTCTTGGAATCGGACTGTGGGCGTGGAATGAAAAAGGTGTCCTCTCCAACATCTCGTCCATCACCGACCTCGGTGGCTTTGACCCAGT	138868351	138896852	-28501	138896788	-28437	138894518	-26167	138890790	-6062	-5998	-3728
ENSMUST00000071325	AATCGAAGAGATCTGCCTAGTTGATGAGAACCAGTTCACTCTAACCATTGCAAACCAAGGCACACCACTGACCTTCATGCACCAAGAATGTGAAGCCATT	79536922	79565420	-28498	79565417	-28495	79564946	-28024	79537022	-28398	-28395	-27924
ENSMUST00000071325	AATCGAAGAGATCTGCCTAGTTGATGAGAACCAGTTCACTCTAACCATTGCAAACCAAGGCACACCACTGACCTTCATGCACCAAGAATGTGAAGCCATT	79536922	79565420	-28498	79565417	-28495	79564946	-28024	79537022	-28398	-28395	-27924
ENSMUST00000097785	CATGAGACCCTGGAGCCACTGAACGAGTGGCTCACAGCTGTAGAAAAGAAGCTGGCAAACTCGGAGCCCATAGGAACCCAGGCACCAAAGCTGGAGGAGC	34249582	34166941	82641	34166938	82644	34166305	83277	34250654	83713	83716	84349
ENSMUST00000113462	AAAGAAAAGGAATATAACTACTACGTGCTCATCCCCTTCCCTCCCGCTGCCCTCGGCGCCGCACTGTCAGCTCTGGGGCTGGCTGTCCTCCGCTCTGCGCCT	6532311	6450530	81781	6450527	81784	6443648	88663	6532413	81883	81886	88765
ENSMUST00000113462	AAAGAAAAGGAATATAACTACTACGTGCTCATCCCCTTCCCTCCCGCTGCCCTCGGCGCCGCACTGTCAGCTCTGGGGCTGGCTGTCCTCCGCTCTGCGCCT	6532311	6450530	81781	6450527	81784	6448284	84027	6532413	81883	81886	84129
ENSMUST00000113462	AAAGAAAAGGAATATAACTACTACGTGCTCATCCCCTTCCCTCCCGCTGCCCTCGGCGCCGCACTGTCAGCTCTGGGGCTGGCTGTCCTCCGCTCTGCGCCT	6532311	6450530	81781	6450527	81784	6443648	88663	6532413	81883	81886	88765
ENSMUST00000113462	AAAGAAAAGGAATATAACTACTACGTGCTCATCCCCTTCCCTCCCGCTGCCCTCGGCGCCGCACTGTCAGCTCTGGGGCTGGCTGTCCTCCGCTCTGCGCCT	6532311	6450530	81781	6450527	81784	6448284	84027	6532413	81883	81886	84129
ENSMUST00000108251	TGCAAGCAGATGGATCACTTTGTCGGACTCAACTTCAACTCTAACTTTAACTTTGCACTAGTTGGACACCTCTTAAAAGGGTACAGGCATCCTTCACCTGCC	79553965	79565420	-11455	79565417	-11452	79564946	-10981	79555551	-9869	-9866	-9395
ENSMUST00000182597	TTGAGGCTACCAAAGTTTGCAGAGGAGGAGACTCTTTGTATAGACTCTATAACTCCTTGTGCTGATGGAATTCATTTGTTGGTAGGACTGCGGACATGCTCTG	74579853	74594363	-14510	74594321	-14468	74593249	-13396	74579956	-14407	-14365	-13293
ENSMUST00000182597	TTGAGGCTACCAAAGTTTGCAGAGGAGGAGACTCTTTGTATAGACTCTATAACTCCTTGTGCTGATGGAATTCATTTGTTGGTAGGACTGCGGACATGCTCTG	74579853	74613394	-33541	74613376	-33523	74612345	-32492	74579956	-33438	-33420	-32389
ENSMUST00000112227	GCAGAAGCTGGATTCTGACCCGAGCTCTGCAAAATGAGCTTCCCAGTTGATCACATCGGAACAAAATGGGACTGAGGATTTGGTGATCACTATTGTTTGGAAAT	166387711	166386951	760	166385390	2321	166382522	5189	166387815	864	2425	5293
ENSMUST00000112227	GCAGAAGCTGGATTCTGACCCGAGCTCTGCAAAATGAGCTTCCCAGTTGATCACATCGGAACAAAATGGGACTGAGGATTTGGTGATCACTATTGTTTGGAAAT	166387711	166386951	760	166385390	2321	166384000	3711	166387815	864	2425	3815
ENSMUST00000055758	ATACTGTTACAGGATTCATGAACTTGAGTAATTTTACAGTTTGGAACTCTGATGCTATATATACATGGTATAATGTATTCAGACTTTGATCACTACATATTTAAA	70023508	69917079	106429	69917076	106432	69914553	108955	70023613	106534	106537	109060
ENSMUST00000055758	ATACTGTTACAGGATTCATGAACTTGAGTAATTTTACAGTTTGGAACTCTGATGCTATATATACATGGTATAATGTATTCAGACTTTGATCACTACATATTTAAA	70023508	69955966	67542	69955964	67544	69954361	69147	70023613	67647	67649	69252
ENSMUST00000097785	CATTCTCTCTGACAACCACAGCACTACATAGCTGACATTAAGGGATACCTCATGACACCTTTTATGGAGATTCTGAACAGCTGACAAACCAAGCAGGGAATTGTA	34307989	34166941	141048	34166938	141051	34166305	141684	34308094	141153	141156	141789
ENSMUST00000097785	CATTCTCTCTGACAACCACAGCACTACATAGCTGACATTAAGGGATACCTCATGACACCTTTTATGGAGATTCTGAACAGCTGACAAACCAAGCAGGGAATTGTA	34307989	34166941	141048	34166938	141051	34166305	141684	34308094	141153	141156	141789
ENSMUST00000107935	ATGGAATACGAACAACAGCCTGCAGCAGTGCCCAGCATGGAGAAAAAGCGGACTGTGTATCAGATGGCACTCAACAAACTGGATGAGATCTTGGCTGCAGCTCAGC	44344520	44342424	2096	44342419	2101	44342180	2340	44344951	2527	2532	2771
ENSMUST00000107935	ATGGAATACGAACAACAGCCTGCAGCAGTGCCCAGCATGGAGAAAAAGCGGACTGTGTATCAGATGGCACTCAACAAACTGGATGAGATCTTGGCTGCAGCTCAGC	44344520	44342424	2096	44342419	2101	44342180	2340	44344951	2527	2532	2771
ENSMUST00000107938	AGTACTCTGTGCCCTGAGCGAGAGTCTACAGGACGTGCTGAACTATGGACTGTTCCAGCCAGCCACCTCAGGCCGGGATGCCAACTTCTTGGAGGAGGAGAGGCTTCT	44313171	44342424	-29253	44342419	-29248	44342180	-29009	44313279	-29145	-29140	-28901
ENSMUST00000117648	TTTGAAAAAGAACAGATTTCTCGAAGCTCTTAATCACTTTGAAAAGGCAAAGACTTTAATTAGTCGTCTCCCTGGAATTCTAACTTGGCCCACAAGTAATGTGATTAT	94422232	94410871	11361	94410832	11400	94403368	18864	94422340	11469	11508	18972
ENSMUST00000117648	TTTGAAAAAGAACAGATTTCTCGAAGCTCTTAATCACTTTGAAAAGGCAAAGACTTTAATTAGTCGTCTCCCTGGAATTCTAACTTGGCCCACAAGTAATGTGATTAT	94422232	94410871	11361	94410832	11400	94409729	12503	94422340	11469	11508	12611
ENSMUST00000117648	TTTGAAAAAGAACAGATTTCTCGAAGCTCTTAATCACTTTGAAAAGGCAAAGACTTTAATTAGTCGTCTCCCTGGAATTCTAACTTGGCCCACAAGTAATGTGATTAT	94422232	94439187	-16955	94439184	-16952	94435546	-13314	94422340	-16847	-16844	-13206
ENSMUST00000117648	TTTGAAAAAGAACAGATTTCTCGAAGCTCTTAATCACTTTGAAAAGGCAAAGACTTTAATTAGTCGTCTCCCTGGAATTCTAACTTGGCCCACAAGTAATGTGATTAT	94422232	94459761	-37529	94459717	-37485	94458032	-35800	94422340	-37421	-37377	-35692
ENSMUST00000232395	AACTGTTGCACCATCGTCACAGACCCAGCCCAGGAGAAGATGGGAACCTCCTTCCTGTTGCTGTAGGTAGTCACTCCTCACTAATGCACCATGCACTTCATGAGTTAAA	94468044	94410871	57173	94410832	57212	94403368	64676	94468153	57282	57321	64785
ENSMUST00000232395	AACTGTTGCACCATCGTCACAGACCCAGCCCAGGAGAAGATGGGAACCTCCTTCCTGTTGCTGTAGGTAGTCACTCCTCACTAATGCACCATGCACTTCATGAGTTAAA	94468044	94410871	57173	94410832	57212	94409729	58315	94468153	57282	57321	58424
ENSMUST00000232395	AACTGTTGCACCATCGTCACAGACCCAGCCCAGGAGAAGATGGGAACCTCCTTCCTGTTGCTGTAGGTAGTCACTCCTCACTAATGCACCATGCACTTCATGAGTTAAA	94468044	94439187	28857	94439184	28860	94435546	32498	94468153	28966	28969	32607
ENSMUST00000232395	AACTGTTGCACCATCGTCACAGACCCAGCCCAGGAGAAGATGGGAACCTCCTTCCTGTTGCTGTAGGTAGTCACTCCTCACTAATGCACCATGCACTTCATGAGTTAAA	94468044	94459761	8283	94459717	8327	94458032	10012	94468153	8392	8436	10121
ENSMUST00000232395	AACTGTTGCACCATCGTCACAGACCCAGCCCAGGAGAAGATGGGAACCTCCTTCCTGTTGCTGTAGGTAGTCACTCCTCACTAATGCACCATGCACTTCATGAGTTAAA	94468044	94410871	57173	94410832	57212	94403368	64676	94468153	57282	57321	64785
ENSMUST00000232395	AACTGTTGCACCATCGTCACAGACCCAGCCCAGGAGAAGATGGGAACCTCCTTCCTGTTGCTGTAGGTAGTCACTCCTCACTAATGCACCATGCACTTCATGAGTTAAA	94468044	94410871	57173	94410832	57212	94409729	58315	94468153	57282	57321	58424
ENSMUST00000232395	AACTGTTGCACCATCGTCACAGACCCAGCCCAGGAGAAGATGGGAACCTCCTTCCTGTTGCTGTAGGTAGTCACTCCTCACTAATGCACCATGCACTTCATGAGTTAAA	94468044	94439187	28857	94439184	28860	94435546	32498	94468153	28966	28969	32607
ENSMUST00000232395	AACTGTTGCACCATCGTCACAGACCCAGCCCAGGAGAAGATGGGAACCTCCTTCCTGTTGCTGTAGGTAGTCACTCCTCACTAATGCACCATGCACTTCATGAGTTAAA	94468044	94459761	8283	94459717	8327	94458032	10012	94468153	8392	8436	10121
ENSMUST00000232395	AACTGTTGCACCATCGTCACAGACCCAGCCCAGGAGAAGATGGGAACCTCCTTCCTGTTGCTGTAGGTAGTCACTCCTCACTAATGCACCATGCACTTCATGAGTTAAA	94468044	94410871	57173	94410832	57212	94403368	64676	94468153	57282	57321	64785
ENSMUST00000232395	AACTGTTGCACCATCGTCACAGACCCAGCCCAGGAGAAGATGGGAACCTCCTTCCTGTTGCTGTAGGTAGTCACTCCTCACTAATGCACCATGCACTTCATGAGTTAAA	94468044	94410871	57173	94410832	57212	94409729	58315	94468153	57282	57321	58424
ENSMUST00000232395	AACTGTTGCACCATCGTCACAGACCCAGCCCAGGAGAAGATGGGAACCTCCTTCCTGTTGCTGTAGGTAGTCACTCCTCACTAATGCACCATGCACTTCATGAGTTAAA	94468044	94439187	28857	94439184	28860	94435546	32498	94468153	28966	28969	32607
ENSMUST00000232395	AACTGTTGCACCATCGTCACAGACCCAGCCCAGGAGAAGATGGGAACCTCCTTCCTGTTGCTGTAGGTAGTCACTCCTCACTAATGCACCATGCACTTCATGAGTTAAA	94468044	94459761	8283	94459717	8327	94458032	10012	94468153	8392	8436	10121
ENSMUST00000107976	ATTAAAGCATGCTAAATTCAGGGGCTCTTGCTCGCTCTCCCGATGAGTCATCTTTCTCTCTCTCTGTGGCTGTGGGCTGCTGAACCGCACAGAGATAATTCATCTCTGGGC	42941597	42933778	7819	42933615	7982	42916829	24768	42941708	7930	8093	24879
ENSMUST00000180095	CCCACCCATCCTGTATCCACTAACTTGAGTTCTCATGTTGCTGCTCCATCTCCAAGCCGCCTCATCTTCCCGAGCCCCTGCCACGCATCGAAGGGTTTTGGGGAAAGCTCT	124935803	124935622	181	124935601	202	124935445	358	124935914	292	313	469
ENSMUST00000220049	TGGAGCAAAATGTGGAGCGGCGGTACTTGCGGGAGCCCCTCTGGGCAGCCCATGAGGTGGTAGTGGAGAAGGCCCTACTGAGCACACCCAATGGTGCCCCTGATGGCACCTC	128125086	128113462	11624	128113459	11627	128112767	12319	128125285	11823	11826	12518
ENSMUST00000101018	CTTAGTTCCTCTGTCACTTTAGCCTTCAACCCGGCATTGGTACTGTACATGCCTGGCTTCTGAAGGTATCTCTGTACATTGTTCTCAGGCGGTCTTGTGGATGTCTTTCAGGA	112746424	112732501	13923	112732499	13925	112732083	14341	112746537	14036	14038	14454
ENSMUST00000027056	CAGGGTGAGAAATTGTATAAAATGATGTGCAAACAGGGAAATCTGATCAAAGACAGAAAAAGAAAACTGACCACATTTCCTAAGTGCTTCCTGGGAAGTGAATTTGTCTCATGGCTAT	11110338	11265993	-155655	11265968	-155630	11265745	-155407	11112773	-153220	-153195	-152972
ENSMUST00000174008	AGGACCCATGGCCAATGCTGCTGCCCCCACAAGCACCCCACAGAAGCTGATTCCTCCGCAACCAACAGGCCGTCCTTCACCTGCACCTCCTGCTGTCCCGCCTGCTGCCTCACCTGTAAT	21637282	21686021	-48739	21686012	-48730	21679147	-41865	21637402	-48619	-48610	-41745
ENSMUST00000174008	AGGACCCATGGCCAATGCTGCTGCCCCCACAAGCACCCCACAGAAGCTGATTCCTCCGCAACCAACAGGCCGTCCTTCACCTGCACCTCCTGCTGTCCCGCCTGCTGCCTCACCTGTAAT	21637282	21699802	-62520	21699799	-62517	21679147	-41865	21637402	-62400	-62397	-41745
ENSMUST00000174008	AGGACCCATGGCCAATGCTGCTGCCCCCACAAGCACCCCACAGAAGCTGATTCCTCCGCAACCAACAGGCCGTCCTTCACCTGCACCTCCTGCTGTCCCGCCTGCTGCCTCACCTGTAAT	21637282	21699802	-62520	21699799	-62517	21686275	-48993	21637402	-62400	-62397	-48873
ENSMUST00000174008	AGGACCCATGGCCAATGCTGCTGCCCCCACAAGCACCCCACAGAAGCTGATTCCTCCGCAACCAACAGGCCGTCCTTCACCTGCACCTCCTGCTGTCCCGCCTGCTGCCTCACCTGTAAT	21637282	21686021	-48739	21686012	-48730	21679147	-41865	21637402	-48619	-48610	-41745
ENSMUST00000174008	AGGACCCATGGCCAATGCTGCTGCCCCCACAAGCACCCCACAGAAGCTGATTCCTCCGCAACCAACAGGCCGTCCTTCACCTGCACCTCCTGCTGTCCCGCCTGCTGCCTCACCTGTAAT	21637282	21699802	-62520	21699799	-62517	21679147	-41865	21637402	-62400	-62397	-41745
ENSMUST00000174008	AGGACCCATGGCCAATGCTGCTGCCCCCACAAGCACCCCACAGAAGCTGATTCCTCCGCAACCAACAGGCCGTCCTTCACCTGCACCTCCTGCTGTCCCGCCTGCTGCCTCACCTGTAAT	21637282	21699802	-62520	21699799	-62517	21686275	-48993	21637402	-62400	-62397	-48873
ENSMUST00000025036	GACAGCTGATCTTAAATGACAAAGGACTGGACTGAGGGCCCTGGGCCTGTGGACCAGCTGGAAACTTAGGGACTGGGCCTCTGCTGAGTGCCCGATGGCGGCCGTGCCCATGTGTACTTGGA	56402483	56394789	7694	56394768	7715	56394106	8377	56402605	7816	7837	8499
ENSMUST00000025036	GACAGCTGATCTTAAATGACAAAGGACTGGACTGAGGGCCCTGGGCCTGTGGACCAGCTGGAAACTTAGGGACTGGGCCTCTGCTGAGTGCCCGATGGCGGCCGTGCCCATGTGTACTTGGA	56402483	56396221	6262	56396203	6280	56394889	7594	56402605	6384	6402	7716
ENSMUST00000026292	CTTTACTGAGCAGGAATTAGAGCTGCTCATATCAGGGCTGCCTACCATCGACATTGATGATCTAAAATCTAACACTGAGTACCACAAGTACCAATCCAACTCTATTCAGATCCAGTGGTTTTG	151932702	151806275	126427	151806271	126431	151800946	131756	151933035	126760	126764	132089
ENSMUST00000026292	CTTTACTGAGCAGGAATTAGAGCTGCTCATATCAGGGCTGCCTACCATCGACATTGATGATCTAAAATCTAACACTGAGTACCACAAGTACCAATCCAACTCTATTCAGATCCAGTGGTTTTG	151932702	151806275	126427	151806271	126431	151801366	131336	151933035	126760	126764	131669
ENSMUST00000026292	CTTTACTGAGCAGGAATTAGAGCTGCTCATATCAGGGCTGCCTACCATCGACATTGATGATCTAAAATCTAACACTGAGTACCACAAGTACCAATCCAACTCTATTCAGATCCAGTGGTTTTG	151932702	151806275	126427	151806271	126431	151803802	128900	151933035	126760	126764	129233
ENSMUST00000026292	CTTTACTGAGCAGGAATTAGAGCTGCTCATATCAGGGCTGCCTACCATCGACATTGATGATCTAAAATCTAACACTGAGTACCACAAGTACCAATCCAACTCTATTCAGATCCAGTGGTTTTG	151932702	151806275	126427	151806271	126431	151804540	128162	151933035	126760	126764	128495
ENSMUST00000026292	CTTTACTGAGCAGGAATTAGAGCTGCTCATATCAGGGCTGCCTACCATCGACATTGATGATCTAAAATCTAACACTGAGTACCACAAGTACCAATCCAACTCTATTCAGATCCAGTGGTTTTG	151932702	151898446	34256	151898443	34259	151897253	35449	151933035	34589	34592	35782
ENSMUST00000026292	CTTTACTGAGCAGGAATTAGAGCTGCTCATATCAGGGCTGCCTACCATCGACATTGATGATCTAAAATCTAACACTGAGTACCACAAGTACCAATCCAACTCTATTCAGATCCAGTGGTTTTG	151932702	151908730	23972	151908727	23975	151907444	25258	151933035	24305	24308	25591
ENSMUST00000026292	CTTTACTGAGCAGGAATTAGAGCTGCTCATATCAGGGCTGCCTACCATCGACATTGATGATCTAAAATCTAACACTGAGTACCACAAGTACCAATCCAACTCTATTCAGATCCAGTGGTTTTG	151932702	151806275	126427	151806271	126431	151800946	131756	151933035	126760	126764	132089
ENSMUST00000026292	CTTTACTGAGCAGGAATTAGAGCTGCTCATATCAGGGCTGCCTACCATCGACATTGATGATCTAAAATCTAACACTGAGTACCACAAGTACCAATCCAACTCTATTCAGATCCAGTGGTTTTG	151932702	151806275	126427	151806271	126431	151801366	131336	151933035	126760	126764	131669
ENSMUST00000026292	CTTTACTGAGCAGGAATTAGAGCTGCTCATATCAGGGCTGCCTACCATCGACATTGATGATCTAAAATCTAACACTGAGTACCACAAGTACCAATCCAACTCTATTCAGATCCAGTGGTTTTG	151932702	151806275	126427	151806271	126431	151803802	128900	151933035	126760	126764	129233
ENSMUST00000026292	CTTTACTGAGCAGGAATTAGAGCTGCTCATATCAGGGCTGCCTACCATCGACATTGATGATCTAAAATCTAACACTGAGTACCACAAGTACCAATCCAACTCTATTCAGATCCAGTGGTTTTG	151932702	151806275	126427	151806271	126431	151804540	128162	151933035	126760	126764	128495
ENSMUST00000026292	CTTTACTGAGCAGGAATTAGAGCTGCTCATATCAGGGCTGCCTACCATCGACATTGATGATCTAAAATCTAACACTGAGTACCACAAGTACCAATCCAACTCTATTCAGATCCAGTGGTTTTG	151932702	151898446	34256	151898443	34259	151897253	35449	151933035	34589	34592	35782
ENSMUST00000026292	CTTTACTGAGCAGGAATTAGAGCTGCTCATATCAGGGCTGCCTACCATCGACATTGATGATCTAAAATCTAACACTGAGTACCACAAGTACCAATCCAACTCTATTCAGATCCAGTGGTTTTG	151932702	151908730	23972	151908727	23975	151907444	25258	151933035	24305	24308	25591
ENSMUST00000030691	AAAATAACCAGAGACTCTAAGGATCACACAGTTTCAGGTAATGGGCTAGGAATTAGAATTGTTGGTGGTAAAGAAATTCCTGGACATAGTGGAGAAATTGGAGCCTATATTGCTAAGATTCTTC	14723296	14718856	4440	14718817	4479	14714598	8698	14750575	31719	31758	35977
ENSMUST00000107976	CTGGCAGCAGGCTCTGGTAGTCCACGTCTCCTTCCAACCAGCAGAGTAAAGGCACAGACACAGTTGTGCACCGCATATGTATTCAGAGAGACACAAGTATGTAGAGTCATTCATGGCCCAGAGCG	42942992	42933778	9214	42933615	9377	42916829	26163	42943117	9339	9502	26288
ENSMUST00000101018	ATACCAGAGGCCAGCCTGAACTTCCAGAAAGTGCCGCCTGGCTCTATGAACTCTCACAACTTGGACCAGAACATGAATGACAGCCGAGACGATGCTCTGACCAACAAGACGAGGCCTCGGAACCG	112743429	112732501	10928	112732499	10930	112732083	11346	112743678	11177	11179	11595
ENSMUST00000182597	CAAATAAAGCTGTTGACAGCACTTTGAAAACAAGGATCCTGGCCTCTGAGCCTGACAATGCAGAAGGAATCCATAACTTTGCACCACTTGGTACCATCACTTCTAGTAGTCCTACTGCCCAGCCA	74642644	74594363	48281	74594321	48323	74593249	49395	74643378	49015	49057	50129
ENSMUST00000182597	CAAATAAAGCTGTTGACAGCACTTTGAAAACAAGGATCCTGGCCTCTGAGCCTGACAATGCAGAAGGAATCCATAACTTTGCACCACTTGGTACCATCACTTCTAGTAGTCCTACTGCCCAGCCA	74642644	74613394	29250	74613376	29268	74612345	30299	74643378	29984	30002	31033
ENSMUST00000026292	ACTACACTTTGAATTTTATGCAGATCCTGGAGCTGAGGTCAAAATTGAGAAGAGGACAACTAGTAATACACTACATTATATTCACATAGAACAACTTGACAAGATTTCAGAAAGTCCTTCTGAAATAA	151852505	151806275	46230	151806271	46234	151800946	51559	151853558	47283	47287	52612
ENSMUST00000026292	ACTACACTTTGAATTTTATGCAGATCCTGGAGCTGAGGTCAAAATTGAGAAGAGGACAACTAGTAATACACTACATTATATTCACATAGAACAACTTGACAAGATTTCAGAAAGTCCTTCTGAAATAA	151852505	151806275	46230	151806271	46234	151801366	51139	151853558	47283	47287	52192
ENSMUST00000026292	ACTACACTTTGAATTTTATGCAGATCCTGGAGCTGAGGTCAAAATTGAGAAGAGGACAACTAGTAATACACTACATTATATTCACATAGAACAACTTGACAAGATTTCAGAAAGTCCTTCTGAAATAA	151852505	151806275	46230	151806271	46234	151803802	48703	151853558	47283	47287	49756
ENSMUST00000026292	ACTACACTTTGAATTTTATGCAGATCCTGGAGCTGAGGTCAAAATTGAGAAGAGGACAACTAGTAATACACTACATTATATTCACATAGAACAACTTGACAAGATTTCAGAAAGTCCTTCTGAAATAA	151852505	151806275	46230	151806271	46234	151804540	47965	151853558	47283	47287	49018
ENSMUST00000026292	ACTACACTTTGAATTTTATGCAGATCCTGGAGCTGAGGTCAAAATTGAGAAGAGGACAACTAGTAATACACTACATTATATTCACATAGAACAACTTGACAAGATTTCAGAAAGTCCTTCTGAAATAA	151852505	151898446	-45941	151898443	-45938	151897253	-44748	151853558	-44888	-44885	-43695
ENSMUST00000026292	ACTACACTTTGAATTTTATGCAGATCCTGGAGCTGAGGTCAAAATTGAGAAGAGGACAACTAGTAATACACTACATTATATTCACATAGAACAACTTGACAAGATTTCAGAAAGTCCTTCTGAAATAA	151852505	151908730	-56225	151908727	-56222	151907444	-54939	151853558	-55172	-55169	-53886
ENSMUST00000114018	ATCACACAGTCCCCAAGCAGGTCCAGCGTGGCATCACCCCGACGACTCAGCAACGTCTCATCTTCTGGAAGCATCAACCTGCTCGAATCCCCTCAGCTTGCCACTTTGGCTGAGGATGTCACTGCGGCGCTTGC	66438870	66401446	37424	66401443	37427	66399502	39368	66439004	37558	37561	39502
ENSMUST00000114018	ATCACACAGTCCCCAAGCAGGTCCAGCGTGGCATCACCCCGACGACTCAGCAACGTCTCATCTTCTGGAAGCATCAACCTGCTCGAATCCCCTCAGCTTGCCACTTTGGCTGAGGATGTCACTGCGGCGCTTGC	66438870	66420137	18733	66420134	18736	66401521	37349	66439004	18867	18870	37483
ENSMUST00000114018	ATCACACAGTCCCCAAGCAGGTCCAGCGTGGCATCACCCCGACGACTCAGCAACGTCTCATCTTCTGGAAGCATCAACCTGCTCGAATCCCCTCAGCTTGCCACTTTGGCTGAGGATGTCACTGCGGCGCTTGC	66438870	66401446	37424	66401443	37427	66399502	39368	66439004	37558	37561	39502
ENSMUST00000114018	ATCACACAGTCCCCAAGCAGGTCCAGCGTGGCATCACCCCGACGACTCAGCAACGTCTCATCTTCTGGAAGCATCAACCTGCTCGAATCCCCTCAGCTTGCCACTTTGGCTGAGGATGTCACTGCGGCGCTTGC	66438870	66420137	18733	66420134	18736	66401521	37349	66439004	18867	18870	37483
ENSMUST00000026292	AAACAGGAAACCGACGCCCTGTGATGCTGACTCTCCTCAGGGTGCCACGACTGAGTAAGAACTCAAAAAGCAGCAATGGACAGGAACTAGAGAAGACACTGGAAGAAAGCAAGGAGACCGATATCAAACATAAAGA	151891066	151806275	84791	151806271	84795	151800946	90120	151891766	85491	85495	90820
ENSMUST00000026292	AAACAGGAAACCGACGCCCTGTGATGCTGACTCTCCTCAGGGTGCCACGACTGAGTAAGAACTCAAAAAGCAGCAATGGACAGGAACTAGAGAAGACACTGGAAGAAAGCAAGGAGACCGATATCAAACATAAAGA	151891066	151806275	84791	151806271	84795	151801366	89700	151891766	85491	85495	90400
ENSMUST00000026292	AAACAGGAAACCGACGCCCTGTGATGCTGACTCTCCTCAGGGTGCCACGACTGAGTAAGAACTCAAAAAGCAGCAATGGACAGGAACTAGAGAAGACACTGGAAGAAAGCAAGGAGACCGATATCAAACATAAAGA	151891066	151806275	84791	151806271	84795	151803802	87264	151891766	85491	85495	87964
ENSMUST00000026292	AAACAGGAAACCGACGCCCTGTGATGCTGACTCTCCTCAGGGTGCCACGACTGAGTAAGAACTCAAAAAGCAGCAATGGACAGGAACTAGAGAAGACACTGGAAGAAAGCAAGGAGACCGATATCAAACATAAAGA	151891066	151806275	84791	151806271	84795	151804540	86526	151891766	85491	85495	87226
ENSMUST00000026292	AAACAGGAAACCGACGCCCTGTGATGCTGACTCTCCTCAGGGTGCCACGACTGAGTAAGAACTCAAAAAGCAGCAATGGACAGGAACTAGAGAAGACACTGGAAGAAAGCAAGGAGACCGATATCAAACATAAAGA	151891066	151898446	-7380	151898443	-7377	151897253	-6187	151891766	-6680	-6677	-5487
ENSMUST00000026292	AAACAGGAAACCGACGCCCTGTGATGCTGACTCTCCTCAGGGTGCCACGACTGAGTAAGAACTCAAAAAGCAGCAATGGACAGGAACTAGAGAAGACACTGGAAGAAAGCAAGGAGACCGATATCAAACATAAAGA	151891066	151908730	-17664	151908727	-17661	151907444	-16378	151891766	-16964	-16961	-15678
ENSMUST00000095087	CTGGACAGGGATAGTGGGCAGTGCTCACGGAACACAAGCTGTGAAACACTAGATCACTACGACCCCGACTATGAATTCCTCCAGCAAGATCTCTCCAATGCAGACCAGATCCCTCCACAGGCAGCCTGTAACCTCAG	29700808	29710155	-9347	29710152	-9344	29707400	-6592	29702287	-7868	-7865	-5113
ENSMUST00000095087	CTGGACAGGGATAGTGGGCAGTGCTCACGGAACACAAGCTGTGAAACACTAGATCACTACGACCCCGACTATGAATTCCTCCAGCAAGATCTCTCCAATGCAGACCAGATCCCTCCACAGGCAGCCTGTAACCTCAG	29700808	29733576	-32768	29733419	-32611	29732919	-32111	29702287	-31289	-31132	-30632
ENSMUST00000069817	CGTGGCACGGCCAGTGCGCCCACTGAGGCAGCTGGTGGAGAGGGCACCAAGGCCCACCATCATCAACGCGGAAAACCTGAAGGGCTTGGATGATCTGGACACTGATGCGGATGATGGGTGGGCAGGCCTCCACGAGGAAG	32194880	32219216	-24336	32219213	-24333	32218759	-23879	32199025	-20191	-20188	-19734
ENSMUST00000069817	CGTGGCACGGCCAGTGCGCCCACTGAGGCAGCTGGTGGAGAGGGCACCAAGGCCCACCATCATCAACGCGGAAAACCTGAAGGGCTTGGATGATCTGGACACTGATGCGGATGATGGGTGGGCAGGCCTCCACGAGGAAG	32194880	32221083	-26203	32221079	-26199	32220176	-25296	32199025	-22058	-22054	-21151
ENSMUST00000069817	CGTGGCACGGCCAGTGCGCCCACTGAGGCAGCTGGTGGAGAGGGCACCAAGGCCCACCATCATCAACGCGGAAAACCTGAAGGGCTTGGATGATCTGGACACTGATGCGGATGATGGGTGGGCAGGCCTCCACGAGGAAG	32194880	32219216	-24336	32219213	-24333	32218759	-23879	32199025	-20191	-20188	-19734
ENSMUST00000069817	CGTGGCACGGCCAGTGCGCCCACTGAGGCAGCTGGTGGAGAGGGCACCAAGGCCCACCATCATCAACGCGGAAAACCTGAAGGGCTTGGATGATCTGGACACTGATGCGGATGATGGGTGGGCAGGCCTCCACGAGGAAG	32194880	32221083	-26203	32221079	-26199	32220176	-25296	32199025	-22058	-22054	-21151
ENSMUST00000165335	AGATCTTTTTTCCTTCACTTATTGCTGAAACCAAGAGCACAATTCCCATTAAGAGAAGGATCTCTGTGCTGTAAACTAAACAAATTGTGCATTTTTTCTGGGGCCATTGTTTTTGGTTTATTTTGTTATTTTGTTTTGTT	155557607	155557470	137	155557467	140	155557286	321	155557747	277	280	461
ENSMUST00000182407	GCCCATGAATCTCTGATATTGACCTACTCTGAGCCTTCAGAGAGTGCTACGTCTGTCCCACCTTCTGACACACCTTCTCTCACATCATCTATTTCTTCAGTTTGTACCACAGATAGCTCCTCACCTGTCACTACCCTCGATAGCC	14677410	14718856	-41446	14718817	-41407	14714598	-37188	14677555	-41301	-41262	-37043
ENSMUST00000098070	TGCTCCTTTTACACCGGCTTTAAATCTGCTTTTACTATGCACGTGGAAGCTGGGCATTCGGCGGTCCCGGAGGAAGGCCCCAAAGATCTCCGCTGTCCTCTCTGCCTCTATCACACCAAATACAAACGCAACATGATCGACCACA	55050438	55016816	33622	55016813	33625	55014847	35591	55051321	34505	34508	36474
ENSMUST00000098070	TGCTCCTTTTACACCGGCTTTAAATCTGCTTTTACTATGCACGTGGAAGCTGGGCATTCGGCGGTCCCGGAGGAAGGCCCCAAAGATCTCCGCTGTCCTCTCTGCCTCTATCACACCAAATACAAACGCAACATGATCGACCACA	55050438	55016996	33442	55016813	33625	55014847	35591	55051321	34325	34508	36474
ENSMUST00000098070	TGCTCCTTTTACACCGGCTTTAAATCTGCTTTTACTATGCACGTGGAAGCTGGGCATTCGGCGGTCCCGGAGGAAGGCCCCAAAGATCTCCGCTGTCCTCTCTGCCTCTATCACACCAAATACAAACGCAACATGATCGACCACA	55050438	55016996	33442	55016816	33622	55014847	35591	55051321	34325	34505	36474
ENSMUST00000043082	TTTATGCTGGGATTGTTTCACATGCCGCTGGATGAATGTGAGGAACTCTATCGAAAGTTGGGCTCAGATGTGTTCACACAGAATGTCATTGTCGGGACCGTCAAAATGAGTTGGAGCCATGCGTTTTATGACAGTAACACGTGGGA	44295917	44283310	12607	44282577	13340	44269301	26616	44296063	12753	13486	26762
ENSMUST00000007130	TAGTGTTATGTTCTAGTGAACCTGCTACAGCAATTTCTGATTTCTAAGAACCGAGTAATGGTGTAGAACACTAATTCATAATCACGCTAATTGTAATCTGGAGACGTGTAACATTGTGTAGCCTTTTGTATAAATAGACAGATAGAAATGGTCC	120960129	120951021	9108	120950893	9236	120950749	9380	120960283	9262	9390	9534
ENSMUST00000007130	TAGTGTTATGTTCTAGTGAACCTGCTACAGCAATTTCTGATTTCTAAGAACCGAGTAATGGTGTAGAACACTAATTCATAATCACGCTAATTGTAATCTGGAGACGTGTAACATTGTGTAGCCTTTTGTATAAATAGACAGATAGAAATGGTCC	120960129	120957109	3020	120957106	3023	120955972	4157	120960283	3174	3177	4311
ENSMUST00000042035	CTTGCACTTCTTCTTCCTGTCCTCATTTTGCTGGGTGCTCACCGAGGCCTGGCAATCCTACATGGCCGTCACCGGCCGCCTCCGGAGCCGGCTCGTCCGCAAACGCTTTCTCTGCCTGGGCTGGGGGCTCCCTGCACTGGTGGTGGCCATTTCTG	74572121	74539706	32415	74539692	32429	74539313	32808	74572858	33152	33166	33545
ENSMUST00000042035	CTTGCACTTCTTCTTCCTGTCCTCATTTTGCTGGGTGCTCACCGAGGCCTGGCAATCCTACATGGCCGTCACCGGCCGCCTCCGGAGCCGGCTCGTCCGCAAACGCTTTCTCTGCCTGGGCTGGGGGCTCCCTGCACTGGTGGTGGCCATTTCTG	74572121	74580664	-8543	74580564	-8443	74574168	-2047	74572858	-7806	-7706	-1310
ENSMUST00000042035	CTTGCACTTCTTCTTCCTGTCCTCATTTTGCTGGGTGCTCACCGAGGCCTGGCAATCCTACATGGCCGTCACCGGCCGCCTCCGGAGCCGGCTCGTCCGCAAACGCTTTCTCTGCCTGGGCTGGGGGCTCCCTGCACTGGTGGTGGCCATTTCTG	74572121	74580664	-8543	74580564	-8443	74575924	-3803	74572858	-7806	-7706	-3066
ENSMUST00000042035	CTTGCACTTCTTCTTCCTGTCCTCATTTTGCTGGGTGCTCACCGAGGCCTGGCAATCCTACATGGCCGTCACCGGCCGCCTCCGGAGCCGGCTCGTCCGCAAACGCTTTCTCTGCCTGGGCTGGGGGCTCCCTGCACTGGTGGTGGCCATTTCTG	74572121	74580664	-8543	74580564	-8443	74577493	-5372	74572858	-7806	-7706	-4635
ENSMUST00000007130	CTTGTTCAAAACTGTCTTTGGACTCTCAGAAACCTTTCAGATGCAGCGACTAAGCAGGAAGGGATGGAAGGCCTCCTTGGGACTCTAGTGCAGCTTCTGGGTTCCGATGATATAAATGTGGTCACCTGTGCAGCTGGAATTCTCTCTAACCTCACT	120955202	120951021	4181	120950893	4309	120950749	4453	120955436	4415	4543	4687
ENSMUST00000007130	CTTGTTCAAAACTGTCTTTGGACTCTCAGAAACCTTTCAGATGCAGCGACTAAGCAGGAAGGGATGGAAGGCCTCCTTGGGACTCTAGTGCAGCTTCTGGGTTCCGATGATATAAATGTGGTCACCTGTGCAGCTGGAATTCTCTCTAACCTCACT	120955202	120957109	-1907	120957106	-1904	120955972	-770	120955436	-1673	-1670	-536
ENSMUST00000102754	CTAAACGACCTTCTTATAGAGCCGAACAGTACCCTGGGTCCCCGGACTCCTGGGTGTAGCATCAAGACGGCTGCCTGCTGAGGGGCGCTTTCCTTCTGACTCTGTTTGGATTGAGGGGAAGTCCGTCTTGCTGATGATGGTGACCGTGAAAGTGAAA	59354411	59308084	46327	59308007	46404	59305492	48919	59354568	46484	46561	49076
ENSMUST00000102754	CTAAACGACCTTCTTATAGAGCCGAACAGTACCCTGGGTCCCCGGACTCCTGGGTGTAGCATCAAGACGGCTGCCTGCTGAGGGGCGCTTTCCTTCTGACTCTGTTTGGATTGAGGGGAAGTCCGTCTTGCTGATGATGGTGACCGTGAAAGTGAAA	59354411	59308089	46322	59308007	46404	59305492	48919	59354568	46479	46561	49076
ENSMUST00000102754	CTAAACGACCTTCTTATAGAGCCGAACAGTACCCTGGGTCCCCGGACTCCTGGGTGTAGCATCAAGACGGCTGCCTGCTGAGGGGCGCTTTCCTTCTGACTCTGTTTGGATTGAGGGGAAGTCCGTCTTGCTGATGATGGTGACCGTGAAAGTGAAA	59354411	59308089	46322	59308084	46327	59305492	48919	59354568	46479	46484	49076
ENSMUST00000102754	CTAAACGACCTTCTTATAGAGCCGAACAGTACCCTGGGTCCCCGGACTCCTGGGTGTAGCATCAAGACGGCTGCCTGCTGAGGGGCGCTTTCCTTCTGACTCTGTTTGGATTGAGGGGAAGTCCGTCTTGCTGATGATGGTGACCGTGAAAGTGAAA	59354411	59311696	42715	59311693	42718	59310290	44121	59354568	42872	42875	44278
ENSMUST00000071325	GTCACTCAGTTGAACTTCGCAATATGTTTGGTGAAACACTTCATAAAGCAGTGCAAGGCTGTGGAGCGCACCCAGCAATACGAATGGCACCAAGTCTCACCTTTAAAGAAAAGGTAACAAGCCTTAAATTTAAAGAAAAGCCTACAGACCTAGAGACAAGGAGCTAC	79418603	79565420	-146817	79565417	-146814	79564946	-146343	79425600	-139820	-139817	-139346
ENSMUST00000071325	GTCACTCAGTTGAACTTCGCAATATGTTTGGTGAAACACTTCATAAAGCAGTGCAAGGCTGTGGAGCGCACCCAGCAATACGAATGGCACCAAGTCTCACCTTTAAAGAAAAGGTAACAAGCCTTAAATTTAAAGAAAAGCCTACAGACCTAGAGACAAGGAGCTAC	79418603	79565420	-146817	79565417	-146814	79564946	-146343	79425600	-139820	-139817	-139346
ENSMUST00000071325	CTTTTGGGTTGCTGTGGCTGTGCTGCAGCTGGACGAAGTCAACTTGTATTCAGCCGGCACTGCACTTCTGGAACAAAACCTGCACACCTTGGACAGTCTCCGGATATTCAATGACAAGAGTCCGGAAGAAGTATTTATGGCGATCCGGAATCCTCTGGAATGGCACTGC	79551063	79565420	-14357	79565417	-14354	79564946	-13883	79553969	-11451	-11448	-10977
ENSMUST00000071325	CTTTTGGGTTGCTGTGGCTGTGCTGCAGCTGGACGAAGTCAACTTGTATTCAGCCGGCACTGCACTTCTGGAACAAAACCTGCACACCTTGGACAGTCTCCGGATATTCAATGACAAGAGTCCGGAAGAAGTATTTATGGCGATCCGGAATCCTCTGGAATGGCACTGC	79551063	79565420	-14357	79565417	-14354	79564946	-13883	79553969	-11451	-11448	-10977
ENSMUST00000069817	AGGGATGGTGTGCCACACCAGCCTGGACAGCCACCGCCTGGCTTGGACAGAGCTCTCTTCCATTCACGAAAGCTCCTGAGAGTTCCATCGTCAGCCAGCCTGCATCGTGGACATGTGGCTTTGACCTGCTTGCTTTGGTACAAAAGAGCAGACTTCCTCCTTCCCACCC	32230829	32219216	11613	32219213	11616	32218759	12070	32230998	11782	11785	12239
ENSMUST00000069817	AGGGATGGTGTGCCACACCAGCCTGGACAGCCACCGCCTGGCTTGGACAGAGCTCTCTTCCATTCACGAAAGCTCCTGAGAGTTCCATCGTCAGCCAGCCTGCATCGTGGACATGTGGCTTTGACCTGCTTGCTTTGGTACAAAAGAGCAGACTTCCTCCTTCCCACCC	32230829	32221083	9746	32221079	9750	32220176	10653	32230998	9915	9919	10822
ENSMUST00000232395	CATACCTTCCTTTTCAAGGATTTGGCATCACCCAGCGACCAGCGTACATTAACATGGTACCTAGCCTGTCGCAGTTCACTAGCATTTACACACCTTTGGCCAACATTTCTTCTGAGTATCCAATGCAAAGATCCATGCCAGTGGTGCCATCTTTTGTAGCCAGCAACAGA	94443081	94410871	32210	94410832	32249	94403368	39713	94443251	32380	32419	39883
ENSMUST00000232395	CATACCTTCCTTTTCAAGGATTTGGCATCACCCAGCGACCAGCGTACATTAACATGGTACCTAGCCTGTCGCAGTTCACTAGCATTTACACACCTTTGGCCAACATTTCTTCTGAGTATCCAATGCAAAGATCCATGCCAGTGGTGCCATCTTTTGTAGCCAGCAACAGA	94443081	94410871	32210	94410832	32249	94409729	33352	94443251	32380	32419	33522
ENSMUST00000232395	CATACCTTCCTTTTCAAGGATTTGGCATCACCCAGCGACCAGCGTACATTAACATGGTACCTAGCCTGTCGCAGTTCACTAGCATTTACACACCTTTGGCCAACATTTCTTCTGAGTATCCAATGCAAAGATCCATGCCAGTGGTGCCATCTTTTGTAGCCAGCAACAGA	94443081	94439187	3894	94439184	3897	94435546	7535	94443251	4064	4067	7705
ENSMUST00000232395	CATACCTTCCTTTTCAAGGATTTGGCATCACCCAGCGACCAGCGTACATTAACATGGTACCTAGCCTGTCGCAGTTCACTAGCATTTACACACCTTTGGCCAACATTTCTTCTGAGTATCCAATGCAAAGATCCATGCCAGTGGTGCCATCTTTTGTAGCCAGCAACAGA	94443081	94459761	-16680	94459717	-16636	94458032	-14951	94443251	-16510	-16466	-14781
ENSMUST00000232395	CATACCTTCCTTTTCAAGGATTTGGCATCACCCAGCGACCAGCGTACATTAACATGGTACCTAGCCTGTCGCAGTTCACTAGCATTTACACACCTTTGGCCAACATTTCTTCTGAGTATCCAATGCAAAGATCCATGCCAGTGGTGCCATCTTTTGTAGCCAGCAACAGA	94443081	94410871	32210	94410832	32249	94403368	39713	94443251	32380	32419	39883
ENSMUST00000232395	CATACCTTCCTTTTCAAGGATTTGGCATCACCCAGCGACCAGCGTACATTAACATGGTACCTAGCCTGTCGCAGTTCACTAGCATTTACACACCTTTGGCCAACATTTCTTCTGAGTATCCAATGCAAAGATCCATGCCAGTGGTGCCATCTTTTGTAGCCAGCAACAGA	94443081	94410871	32210	94410832	32249	94409729	33352	94443251	32380	32419	33522
ENSMUST00000232395	CATACCTTCCTTTTCAAGGATTTGGCATCACCCAGCGACCAGCGTACATTAACATGGTACCTAGCCTGTCGCAGTTCACTAGCATTTACACACCTTTGGCCAACATTTCTTCTGAGTATCCAATGCAAAGATCCATGCCAGTGGTGCCATCTTTTGTAGCCAGCAACAGA	94443081	94439187	3894	94439184	3897	94435546	7535	94443251	4064	4067	7705
ENSMUST00000232395	CATACCTTCCTTTTCAAGGATTTGGCATCACCCAGCGACCAGCGTACATTAACATGGTACCTAGCCTGTCGCAGTTCACTAGCATTTACACACCTTTGGCCAACATTTCTTCTGAGTATCCAATGCAAAGATCCATGCCAGTGGTGCCATCTTTTGTAGCCAGCAACAGA	94443081	94459761	-16680	94459717	-16636	94458032	-14951	94443251	-16510	-16466	-14781
ENSMUST00000232395	CATACCTTCCTTTTCAAGGATTTGGCATCACCCAGCGACCAGCGTACATTAACATGGTACCTAGCCTGTCGCAGTTCACTAGCATTTACACACCTTTGGCCAACATTTCTTCTGAGTATCCAATGCAAAGATCCATGCCAGTGGTGCCATCTTTTGTAGCCAGCAACAGA	94443081	94410871	32210	94410832	32249	94403368	39713	94443251	32380	32419	39883
ENSMUST00000232395	CATACCTTCCTTTTCAAGGATTTGGCATCACCCAGCGACCAGCGTACATTAACATGGTACCTAGCCTGTCGCAGTTCACTAGCATTTACACACCTTTGGCCAACATTTCTTCTGAGTATCCAATGCAAAGATCCATGCCAGTGGTGCCATCTTTTGTAGCCAGCAACAGA	94443081	94410871	32210	94410832	32249	94409729	33352	94443251	32380	32419	33522
ENSMUST00000232395	CATACCTTCCTTTTCAAGGATTTGGCATCACCCAGCGACCAGCGTACATTAACATGGTACCTAGCCTGTCGCAGTTCACTAGCATTTACACACCTTTGGCCAACATTTCTTCTGAGTATCCAATGCAAAGATCCATGCCAGTGGTGCCATCTTTTGTAGCCAGCAACAGA	94443081	94439187	3894	94439184	3897	94435546	7535	94443251	4064	4067	7705
ENSMUST00000232395	CATACCTTCCTTTTCAAGGATTTGGCATCACCCAGCGACCAGCGTACATTAACATGGTACCTAGCCTGTCGCAGTTCACTAGCATTTACACACCTTTGGCCAACATTTCTTCTGAGTATCCAATGCAAAGATCCATGCCAGTGGTGCCATCTTTTGTAGCCAGCAACAGA	94443081	94459761	-16680	94459717	-16636	94458032	-14951	94443251	-16510	-16466	-14781
ENSMUST00000069817	GCTGTCGCTCTGAAGATCAAAACTGTGTGCCCTCGCTCCAAGAACGGAAAGTGACCGCCCTCGACCCAGCTCCTGTGTGGAGCCCAGAGGGCTACATGGCACTGCAGAACAAAGGCTACTCACTGCCCCACCCGAAGTCTGCTGACACTCTGGCCATGGGCATGCATGTCAG	32212134	32219216	-7082	32219213	-7079	32218759	-6625	32212902	-6314	-6311	-5857
ENSMUST00000069817	GCTGTCGCTCTGAAGATCAAAACTGTGTGCCCTCGCTCCAAGAACGGAAAGTGACCGCCCTCGACCCAGCTCCTGTGTGGAGCCCAGAGGGCTACATGGCACTGCAGAACAAAGGCTACTCACTGCCCCACCCGAAGTCTGCTGACACTCTGGCCATGGGCATGCATGTCAG	32212134	32221083	-8949	32221079	-8945	32220176	-8042	32212902	-8181	-8177	-7274
ENSMUST00000077609	AAGATGGACTCCAGGGGCGAGCACAGACAGGATCGCAGGGAGAGGCCATATTAGCCTGGCTCCTGAAGTTCTGGAACTCTTCCTGTACCCAGTGTTACCCTTGTTATTTTGTAAACTTACAATTCAGGATCGCTCATGGATATTTTTTTTTGGGGGGGGTGGGGCGGTTGTGTGTGTATGTGTGTGTGTGT	127981791	127971840	9951	127971837	9954	127969871	11920	127981982	10142	10145	12111
ENSMUST00000087871	AACCTGAAGGAGGCCATTGAAACCATTGTGGCCGCCATGAGCAACCTGGTGCCCCCTGTGGAGCTGGCCAACCCTGAGAACCAGTTCAGAGTGGACTACATTCTGAGCGTGATGAACGTGCCGAACTTTGACTTCCCACCTGAATTCTATGAGCATGCCAAGGCTCTGTGGGAGGATGAGGGAGTGCGTGCCTG	174341691	174341652	39	174341649	42	174334284	7407	174343259	1607	1610	8975
ENSMUST00000107935	ATGTGCAGCTTGGGACGTCTGACAAGGTGGCAAGGCTGCTGGACAAGGGGCTGGACCCCAACTACCACGACTCAGATTCAGGAGAGACACCTTTGACCCTGGCGGCCCAGACTGAAGGCTCAGTAGAGGTGATTCGGACGCTGTGCCTGGGCGGGGCGCATATAGACTTCAGGGCCCGGGATGGCATGACAGCGCT	44316061	44342424	-26363	44342419	-26358	44342180	-26119	44316460	-25964	-25959	-25720
ENSMUST00000107935	ATGTGCAGCTTGGGACGTCTGACAAGGTGGCAAGGCTGCTGGACAAGGGGCTGGACCCCAACTACCACGACTCAGATTCAGGAGAGACACCTTTGACCCTGGCGGCCCAGACTGAAGGCTCAGTAGAGGTGATTCGGACGCTGTGCCTGGGCGGGGCGCATATAGACTTCAGGGCCCGGGATGGCATGACAGCGCT	44316061	44342424	-26363	44342419	-26358	44342180	-26119	44316460	-25964	-25959	-25720
ENSMUST00000026292	CGGGAACGGGGCAGTAAGCAGGCCTGCAGCCCATGCTCCTCACAGTCCTCCAGCAGTGGCATCTGTACAGACTTCTGGGACTTATTGGTAAAACTGGACAACATGAATGTTAGCCGAAAAGGCAAGAACTCCGTGAAGTCAGTACCAGTGAGCTCTGGTGGTGAAGGGGAAACTTCCCCACACAGCCTTGAAGCCTCT	151919699	151806275	113424	151806271	113428	151800946	118753	151919897	113622	113626	118951
ENSMUST00000026292	CGGGAACGGGGCAGTAAGCAGGCCTGCAGCCCATGCTCCTCACAGTCCTCCAGCAGTGGCATCTGTACAGACTTCTGGGACTTATTGGTAAAACTGGACAACATGAATGTTAGCCGAAAAGGCAAGAACTCCGTGAAGTCAGTACCAGTGAGCTCTGGTGGTGAAGGGGAAACTTCCCCACACAGCCTTGAAGCCTCT	151919699	151806275	113424	151806271	113428	151801366	118333	151919897	113622	113626	118531
ENSMUST00000026292	CGGGAACGGGGCAGTAAGCAGGCCTGCAGCCCATGCTCCTCACAGTCCTCCAGCAGTGGCATCTGTACAGACTTCTGGGACTTATTGGTAAAACTGGACAACATGAATGTTAGCCGAAAAGGCAAGAACTCCGTGAAGTCAGTACCAGTGAGCTCTGGTGGTGAAGGGGAAACTTCCCCACACAGCCTTGAAGCCTCT	151919699	151806275	113424	151806271	113428	151803802	115897	151919897	113622	113626	116095
ENSMUST00000026292	CGGGAACGGGGCAGTAAGCAGGCCTGCAGCCCATGCTCCTCACAGTCCTCCAGCAGTGGCATCTGTACAGACTTCTGGGACTTATTGGTAAAACTGGACAACATGAATGTTAGCCGAAAAGGCAAGAACTCCGTGAAGTCAGTACCAGTGAGCTCTGGTGGTGAAGGGGAAACTTCCCCACACAGCCTTGAAGCCTCT	151919699	151806275	113424	151806271	113428	151804540	115159	151919897	113622	113626	115357
ENSMUST00000026292	CGGGAACGGGGCAGTAAGCAGGCCTGCAGCCCATGCTCCTCACAGTCCTCCAGCAGTGGCATCTGTACAGACTTCTGGGACTTATTGGTAAAACTGGACAACATGAATGTTAGCCGAAAAGGCAAGAACTCCGTGAAGTCAGTACCAGTGAGCTCTGGTGGTGAAGGGGAAACTTCCCCACACAGCCTTGAAGCCTCT	151919699	151898446	21253	151898443	21256	151897253	22446	151919897	21451	21454	22644
ENSMUST00000026292	CGGGAACGGGGCAGTAAGCAGGCCTGCAGCCCATGCTCCTCACAGTCCTCCAGCAGTGGCATCTGTACAGACTTCTGGGACTTATTGGTAAAACTGGACAACATGAATGTTAGCCGAAAAGGCAAGAACTCCGTGAAGTCAGTACCAGTGAGCTCTGGTGGTGAAGGGGAAACTTCCCCACACAGCCTTGAAGCCTCT	151919699	151908730	10969	151908727	10972	151907444	12255	151919897	11167	11170	12453
ENSMUST00000036691	ATGGGCCTGTTGTCCGCAAAGGCTCCCCAGAGTTCCCTGTCCAAGAAGCACCCACCATGTTCTTGGAAGAGACACCTGCAACATCCCCAACAGTCGCTCAGAGCAATAGCAGCAGCAGCAGTAGCAGCAGTAGCAGCATCGAGGAGGAAGTCCGGGAGTCCGGGTCCCCTGCACAGGAGTTCAGCAAGTACCAGAAGTCCCTTCCTCCCCGTTTCCA	32204315	32219216	-14901	32219213	-14898	32218759	-14444	32206544	-12672	-12669	-12215
ENSMUST00000036691	ATGGGCCTGTTGTCCGCAAAGGCTCCCCAGAGTTCCCTGTCCAAGAAGCACCCACCATGTTCTTGGAAGAGACACCTGCAACATCCCCAACAGTCGCTCAGAGCAATAGCAGCAGCAGCAGTAGCAGCAGTAGCAGCATCGAGGAGGAAGTCCGGGAGTCCGGGTCCCCTGCACAGGAGTTCAGCAAGTACCAGAAGTCCCTTCCTCCCCGTTTCCA	32204315	32221083	-16768	32221079	-16764	32220176	-15861	32206544	-14539	-14535	-13632
ENSMUST00000105616	CCCTCATAGCAGTAGTGGCTTCGCCATTCTGTTTTCTGCAGTGTCCTGTACAAAACTGTGCTGTGACTGTGCGGTAGGCCTGGACATGGCAAAGAGAATACAGCGAAGCCCCTTCTCTTCCTACCAAACAACTCTGTAGAGCTCTCTGCACCCTGTACCCTTTTCACCTTTTGTATTTAATTTTAAAGTCAGTGTACTGCAAGGAGGCTGGATGCAAGATAGATACTATATTAAACTGTACT	155559000	155557470	1530	155557467	1533	155557286	1714	155559242	1772	1775	1956
ENSMUST00000113462	AGGTGTCCGGCCTCTACTACAATGGGCTCAAGGTACTGGCGCTGGCCGCCGAGAGCGACCCCAATGTGCGGACCGAAGGCCACCTACGGCTAGTAGGGGAGGGGCCGTCCGTGCTGCTCAGTGCTGAGACCACTGCCACCACTCTGCTGGCCGACATGGCCACCACCATCATGGAGACCACCACCACCATGGCCACCACCACTACTCGCCGGGGCCGTTCCCCCACAATGAGGGACAGCACCACCCAGA	6517021	6450530	66491	6450527	66494	6443648	73373	6519271	68741	68744	75623
ENSMUST00000113462	AGGTGTCCGGCCTCTACTACAATGGGCTCAAGGTACTGGCGCTGGCCGCCGAGAGCGACCCCAATGTGCGGACCGAAGGCCACCTACGGCTAGTAGGGGAGGGGCCGTCCGTGCTGCTCAGTGCTGAGACCACTGCCACCACTCTGCTGGCCGACATGGCCACCACCATCATGGAGACCACCACCACCATGGCCACCACCACTACTCGCCGGGGCCGTTCCCCCACAATGAGGGACAGCACCACCCAGA	6517021	6450530	66491	6450527	66494	6448284	68737	6519271	68741	68744	70987
ENSMUST00000113462	AGGTGTCCGGCCTCTACTACAATGGGCTCAAGGTACTGGCGCTGGCCGCCGAGAGCGACCCCAATGTGCGGACCGAAGGCCACCTACGGCTAGTAGGGGAGGGGCCGTCCGTGCTGCTCAGTGCTGAGACCACTGCCACCACTCTGCTGGCCGACATGGCCACCACCATCATGGAGACCACCACCACCATGGCCACCACCACTACTCGCCGGGGCCGTTCCCCCACAATGAGGGACAGCACCACCCAGA	6517021	6450530	66491	6450527	66494	6443648	73373	6519271	68741	68744	75623
ENSMUST00000113462	AGGTGTCCGGCCTCTACTACAATGGGCTCAAGGTACTGGCGCTGGCCGCCGAGAGCGACCCCAATGTGCGGACCGAAGGCCACCTACGGCTAGTAGGGGAGGGGCCGTCCGTGCTGCTCAGTGCTGAGACCACTGCCACCACTCTGCTGGCCGACATGGCCACCACCATCATGGAGACCACCACCACCATGGCCACCACCACTACTCGCCGGGGCCGTTCCCCCACAATGAGGGACAGCACCACCCAGA	6517021	6450530	66491	6450527	66494	6448284	68737	6519271	68741	68744	70987
