transcript_ID	prot_seq	coord_start_genomic	coord_shortSplice	start_genomic-shortSplice	coord_longSplice	start_genomic-longSplice	coord_shareSplice	start_genomic-shareSplice	coord_end_genomic	end_genomic-shortSplice	end_genomic-longSplice	end_genomic-shareSplice
ENSMUST00000065308	GAAGAGGTTAATCATGTTA	38493476	38492356	1120	38492359	1117	38493473	3	38493495	1139	1136	22
ENSMUST00000065308	GAAGAGGTTAATCATGTTA	38493476	38497398	-3922	38497550	-4074	38498668	-5192	38493495	-3903	-4055	-5173
ENSMUST00000196398	AGTCTCTTGCTGAGAACAC	133465200	133469639	-4439	133469767	-4567	133471339	-6139	133465219	-4420	-4548	-6120
ENSMUST00000196398	AGTCTCTTGCTGAGAACAC	133465200	133469639	-4439	133469767	-4567	133471339	-6139	133465219	-4420	-4548	-6120
ENSMUST00000055833	CTGATCAGACTCCAACGCC	73850866	73880379	-29513	73880381	-29515	73892474	-41608	73850885	-29494	-29496	-41589
ENSMUST00000106535	TTGCGCGGAGGTTCCGTCT	113629914	113608408	21506	113608411	21503	113609037	20877	113629933	21525	21522	20896
ENSMUST00000050166	AAGCTAATAAGACAATAGA	8078649	8095047	-16398	8095180	-16531	8107001	-28352	8078668	-16379	-16512	-28333
ENSMUST00000121146	GGATCTGAAGGAAGAAAAT	156267363	156300736	-33373	156300790	-33427	156301744	-34381	156263417	-37319	-37373	-38327
ENSMUST00000107127	GCGCGGCGACTTCCCCACT	98064890	98065781	-891	98065895	-1005	98066340	-1450	98064909	-872	-986	-1431
ENSMUST00000107127	GCGCGGCGACTTCCCCACT	98064890	98065781	-891	98065895	-1005	98066340	-1450	98064909	-872	-986	-1431
ENSMUST00000103176	GGCCGGACATGGTGAATGG	155657930	155655270	2660	155655439	2491	155655521	2409	155657949	2679	2510	2428
ENSMUST00000102925	CACTCGCCTGGGCGTCACA	25364940	25363829	1111	25363999	941	25364100	840	25364959	1130	960	859
ENSMUST00000168645	AAGAGTTTTCCAAAACAGA	30905678	30935999	-30321	30936020	-30342	30936284	-30606	30905697	-30302	-30323	-30587
ENSMUST00000181535	AATACAGGTGCTATGCAACC	112215055	112228178	-13123	112228214	-13159	112228300	-13245	112215075	-13103	-13139	-13225
ENSMUST00000181535	AATACAGGTGCTATGCAACC	112215055	112228178	-13123	112228214	-13159	112228308	-13253	112215075	-13103	-13139	-13233
ENSMUST00000034529	GGTTTGATCTATTTTCGGAT	53658666	53632337	26329	53633839	24827	53633984	24682	53655278	22941	21439	21294
ENSMUST00000034529	GGTTTGATCTATTTTCGGAT	53658666	53642598	16068	53642826	15840	53646666	12000	53655278	12680	12452	8612
ENSMUST00000103140	GCTCAGTGCCATCTCGCTGA	155641639	155643450	-1811	155643468	-1829	155644927	-3288	155641659	-1791	-1809	-3268
ENSMUST00000103140	GCTCAGTGCCATCTCGCTGA	155641639	155650561	-8922	155650585	-8946	155653492	-11853	155641659	-8902	-8926	-11833
ENSMUST00000103140	GCTCAGTGCCATCTCGCTGA	155641639	155643450	-1811	155643468	-1829	155644927	-3288	155641659	-1791	-1809	-3268
ENSMUST00000103140	GCTCAGTGCCATCTCGCTGA	155641639	155650561	-8922	155650585	-8946	155653492	-11853	155641659	-8902	-8926	-11833
ENSMUST00000193703	TTAAACTTCTTTTAGTAGAG	181902592	181921768	-19176	181922500	-19908	181923559	-20967	181902612	-19156	-19888	-20947
ENSMUST00000076493	ATATCCAACTACGTGGCAGC	53960409	53960437	-28	53960621	-212	53969499	-9090	53960429	-8	-192	-9070
ENSMUST00000076493	ATATCCAACTACGTGGCAGC	53960409	53960437	-28	53960621	-212	53979464	-19055	53960429	-8	-192	-19035
ENSMUST00000040383	TGGCCTTTGACCAAGAGCGG	84134033	84138826	-4793	84138829	-4796	84139289	-5256	84133777	-5049	-5052	-5512
ENSMUST00000179243	CAGGATTCCAGGGAGGGGCC	79375466	79383962	-8496	79384044	-8578	79384658	-9192	79375486	-8476	-8558	-9172
ENSMUST00000111945	CCTTCAGGGTTATGTGCTTA	33378492	33387292	-8800	33387296	-8804	33388799	-10307	33378512	-8780	-8784	-10287
ENSMUST00000111945	CCTTCAGGGTTATGTGCTTA	33378492	33388826	-10334	33388982	-10490	33392941	-14449	33378512	-10314	-10470	-14429
ENSMUST00000199808	CTTTAGAGGCCTTGGAAGAG	124398466	124410379	-11913	124410382	-11916	124413184	-14718	124398486	-11893	-11896	-14698
ENSMUST00000199808	CTTTAGAGGCCTTGGAAGAG	124398466	124410379	-11913	124410382	-11916	124414398	-15932	124398486	-11893	-11896	-15912
ENSMUST00000064307	GGTGTGACCATCTGGGAGCT	120012739	120012335	404	120012426	313	120012722	17	120012759	424	333	37
ENSMUST00000112007	TTCTGCAGAGTCCCTATTGT	73817157	73880379	-63222	73880381	-63224	73892474	-75317	73817177	-63202	-63204	-75297
ENSMUST00000107152	ACCCAACTTAAAAGTACGTT	102205499	102195868	9631	102195894	9605	102195951	9548	102205519	9651	9625	9568
ENSMUST00000107152	ACCCAACTTAAAAGTACGTT	102205499	102196672	8827	102197436	8063	102197665	7834	102205519	8847	8083	7854
ENSMUST00000107152	ACCCAACTTAAAAGTACGTT	102205499	102218487	-12988	102218490	-12991	102218686	-13187	102205519	-12968	-12971	-13167
ENSMUST00000107152	ACCCAACTTAAAAGTACGTT	102205499	102218487	-12988	102218490	-12991	102219144	-13645	102205519	-12968	-12971	-13625
ENSMUST00000107152	ACCCAACTTAAAAGTACGTT	102205499	102218487	-12988	102218781	-13282	102219144	-13645	102205519	-12968	-13262	-13625
ENSMUST00000107152	ACCCAACTTAAAAGTACGTT	102205499	102218490	-12991	102218781	-13282	102219144	-13645	102205519	-12971	-13262	-13625
ENSMUST00000107152	ACCCAACTTAAAAGTACGTT	102205499	102218487	-12988	102218490	-12991	102221767	-16268	102205519	-12968	-12971	-16248
ENSMUST00000107152	ACCCAACTTAAAAGTACGTT	102205499	102218487	-12988	102218490	-12991	102224733	-19234	102205519	-12968	-12971	-19214
ENSMUST00000063577	CGACAGAGGAAAGGGCGAGA	101405909	101416975	-11066	101416981	-11072	101417286	-11377	101405929	-11046	-11052	-11357
ENSMUST00000109266	TATATCAGAAAAAAGAAATT	165785417	165846164	-60747	165846239	-60822	165851999	-66582	165785437	-60727	-60802	-66562
ENSMUST00000115388	AGGATGTGGTGTGGTTTCTTC	8075663	8095047	-19384	8095180	-19517	8107001	-31338	8075684	-19363	-19496	-31317
ENSMUST00000054538	AGCCTGACTCTGGCTATCAGA	43496897	43496717	180	43496720	177	43496820	77	43496151	-566	-569	-669
ENSMUST00000044152	AGCAGAAAACAGCCCATCTGA	115350588	115359808	-9220	115359811	-9223	115360321	-9733	115349933	-9875	-9878	-10388
ENSMUST00000021614	CCGCATTAAACAGTCAGCCAG	6588513	6595017	-6504	6595036	-6523	6595983	-7470	6588534	-6483	-6502	-7449
ENSMUST00000022765	TGATTTCTCATTGCTCTTCTG	52263524	52268956	-5432	52269000	-5476	52275442	-11918	52263545	-5411	-5455	-11897
ENSMUST00000022765	TGATTTCTCATTGCTCTTCTG	52263524	52268956	-5432	52269000	-5476	52275442	-11918	52263545	-5411	-5455	-11897
ENSMUST00000032179	AGGCCATTGAAGCCTTGCACC	91020201	91013316	6885	91014496	5705	91015823	4378	91020222	6906	5726	4399
ENSMUST00000032179	AGGCCATTGAAGCCTTGCACC	91020201	91060603	-40402	91060735	-40534	91062717	-42516	91020222	-40381	-40513	-42495
ENSMUST00000110570	GCGAACGTGTCTCCCGGTGAC	69892767	69807253	85514	69809282	83485	69811273	81494	69892788	85535	83506	81515
ENSMUST00000110570	GCGAACGTGTCTCCCGGTGAC	69892767	69818498	74269	69818501	74266	69822802	69965	69892788	74290	74287	69986
ENSMUST00000106321	TCGAGCTCTTTGCAGACGTGG	119320189	119300183	20006	119300202	19987	119310758	9431	119320210	20027	20008	9452
ENSMUST00000181535	AGCTGAGGGTGACACCAGATT	112218603	112228178	-9575	112228214	-9611	112228300	-9697	112218624	-9554	-9590	-9676
ENSMUST00000181535	AGCTGAGGGTGACACCAGATT	112218603	112228178	-9575	112228214	-9611	112228308	-9705	112218624	-9554	-9590	-9684
ENSMUST00000108515	GGTACGGACAGACATGGAGCT	71182740	71172235	10505	71172395	10345	71172958	9782	71182761	10526	10366	9803
ENSMUST00000019614	CCCAGAATCCGGACAAGGTAC	3616027	3613290	2737	3613499	2528	3613589	2438	3616048	2758	2549	2459
ENSMUST00000019614	CCCAGAATCCGGACAAGGTAC	3616027	3613290	2737	3613499	2528	3615993	34	3616048	2758	2549	55
ENSMUST00000019614	CCCAGAATCCGGACAAGGTAC	3616027	3616125	-98	3616158	-131	3616249	-222	3616048	-77	-110	-201
ENSMUST00000084125	TCAGACCCAGCTGTTTTCATT	148626748	148617635	9113	148617705	9043	148618664	8084	148626769	9134	9064	8105
ENSMUST00000084125	TCAGACCCAGCTGTTTTCATT	148626748	148617635	9113	148617737	9011	148618664	8084	148626769	9134	9032	8105
ENSMUST00000084125	TCAGACCCAGCTGTTTTCATT	148626748	148617635	9113	148617825	8923	148618664	8084	148626769	9134	8944	8105
ENSMUST00000084125	TCAGACCCAGCTGTTTTCATT	148626748	148617705	9043	148617737	9011	148618664	8084	148626769	9064	9032	8105
ENSMUST00000084125	TCAGACCCAGCTGTTTTCATT	148626748	148617705	9043	148617825	8923	148618664	8084	148626769	9064	8944	8105
ENSMUST00000084125	TCAGACCCAGCTGTTTTCATT	148626748	148617737	9011	148617825	8923	148618664	8084	148626769	9032	8944	8105
ENSMUST00000084125	TCAGACCCAGCTGTTTTCATT	148626748	148617635	9113	148617705	9043	148618673	8075	148626769	9134	9064	8096
ENSMUST00000084125	TCAGACCCAGCTGTTTTCATT	148626748	148617635	9113	148617825	8923	148618673	8075	148626769	9134	8944	8096
ENSMUST00000084125	TCAGACCCAGCTGTTTTCATT	148626748	148617705	9043	148617825	8923	148618673	8075	148626769	9064	8944	8096
ENSMUST00000084125	TCAGACCCAGCTGTTTTCATT	148626748	148617705	9043	148617742	9006	148618737	8011	148626769	9064	9027	8032
ENSMUST00000058902	GGCCGGGTGACCCCGGGGAGA	30024565	29749348	275217	29749421	275144	29749804	274761	30024586	275238	275165	274782
ENSMUST00000066498	TTTCAGTTCTGAACATATTAA	38199078	38224669	-25591	38225125	-26047	38233102	-34024	38199099	-25570	-26026	-34003
ENSMUST00000085758	GGCTTCGGTGTCAGTCAACTT	142506644	142487106	19538	142487175	19469	142487446	19198	142506665	19559	19490	19219
ENSMUST00000072020	TGACTGAGAACGGCAGGCTCA	81590952	81595375	-4423	81595405	-4453	81595479	-4527	81590973	-4402	-4432	-4506
ENSMUST00000046719	ATGACAGCAAGTAGCAAATGG	48387783	48392488	-4705	48392500	-4717	48393179	-5396	48387804	-4684	-4696	-5375
ENSMUST00000046719	ATGACAGCAAGTAGCAAATGG	48387783	48392488	-4705	48392506	-4723	48393179	-5396	48387804	-4684	-4702	-5375
ENSMUST00000046719	ATGACAGCAAGTAGCAAATGG	48387783	48392500	-4717	48392506	-4723	48393179	-5396	48387804	-4696	-4702	-5375
ENSMUST00000046719	ATGACAGCAAGTAGCAAATGG	48387783	48399065	-11282	48399068	-11285	48400437	-12654	48387804	-11261	-11264	-12633
ENSMUST00000112334	TGTGTATAGCTCAGTGGTAGA	162412348	162514348	-102000	162514351	-102003	162518328	-105980	162412369	-101979	-101982	-105959
ENSMUST00000112334	TGTGTATAGCTCAGTGGTAGA	162412348	162552666	-140318	162552669	-140321	162554796	-142448	162412369	-140297	-140300	-142427
ENSMUST00000103213	AGAAGATGACTCCACAGCTTAT	82900784	82903133	-2349	82903197	-2413	82904089	-3305	82900806	-2327	-2391	-3283
ENSMUST00000106364	GAGGACTGGAGTCCCAGCACGA	126704164	126703174	990	126703195	969	126704427	-263	126704186	1012	991	-241
ENSMUST00000090849	TTTTAACTTAACAGTTTGATCT	70979574	70981967	-2393	70982195	-2621	70993483	-13909	70979596	-2371	-2599	-13887
ENSMUST00000086521	TGTAAGGAGACCGCAGGTGACT	132514367	132518837	-4470	132518896	-4529	132519168	-4801	132514389	-4448	-4507	-4779
ENSMUST00000032748	GGCCAAGGCCGCGACAATGCCC	80334095	80329131	4964	80329162	4933	80329505	4590	80334117	4986	4955	4612
ENSMUST00000032748	GGCCAAGGCCGCGACAATGCCC	80334095	80339707	-5612	80339712	-5617	80340068	-5973	80334117	-5590	-5595	-5951
ENSMUST00000101085	AGTGAGCGAGCCCGGGGGAACA	61493615	61493069	546	61493185	430	61493505	110	61493637	568	452	132
ENSMUST00000101085	AGTGAGCGAGCCCGGGGGAACA	61493615	61493069	546	61493185	430	61493523	92	61493637	568	452	114
ENSMUST00000101085	AGTGAGCGAGCCCGGGGGAACA	61493615	61493061	554	61493069	546	61493646	-31	61493637	576	568	-9
ENSMUST00000101085	AGTGAGCGAGCCCGGGGGAACA	61493615	61493061	554	61493185	430	61493646	-31	61493637	576	452	-9
ENSMUST00000101085	AGTGAGCGAGCCCGGGGGAACA	61493615	61493069	546	61493185	430	61493646	-31	61493637	568	452	-9
ENSMUST00000127569	TGTGGTACCTGCTCAGATTTAT	66517026	66542613	-25587	66542626	-25600	66543945	-26919	66517048	-25565	-25578	-26897
ENSMUST00000131298	CGAGACTGCAAAGGCTTCTGAG	33133481	33146650	-13169	33146653	-13172	33155287	-21806	33133503	-13147	-13150	-21784
ENSMUST00000131298	CGAGACTGCAAAGGCTTCTGAG	33133481	33146650	-13169	33146653	-13172	33157771	-24290	33133503	-13147	-13150	-24268
ENSMUST00000131298	CGAGACTGCAAAGGCTTCTGAG	33133481	33146650	-13169	33146653	-13172	33158909	-25428	33133503	-13147	-13150	-25406
ENSMUST00000063577	TGGAATTTGGAGAGGATCTGCT	101418369	101416975	1394	101416981	1388	101417286	1083	101418391	1416	1410	1105
ENSMUST00000107788	CTCTGGCGTGGAGCCGGGACGA	94473380	94416655	56725	94416704	56676	94416840	56540	94473402	56747	56698	56562
ENSMUST00000107788	CTCTGGCGTGGAGCCGGGACGA	94473380	94459826	13554	94459877	13503	94461892	11488	94473402	13576	13525	11510
ENSMUST00000076463	GAAAACTTTCTGGATGGGCTTG	73373881	73367509	6372	73367598	6283	73368313	5568	73373903	6394	6305	5590
ENSMUST00000000776	GGGATGAGCTGTGGAACAGAGT	12624852	12648787	-23935	12649822	-24970	12650153	-25301	12624874	-23913	-24948	-25279
ENSMUST00000145596	TAAATCTAAACTTGTTTCTCAA	23294776	23425740	-130964	23425749	-130973	23435949	-141173	23294798	-130942	-130951	-141151
ENSMUST00000145596	TAAATCTAAACTTGTTTCTCAA	23294776	23442079	-147303	23442091	-147315	23451598	-156822	23294798	-147281	-147293	-156800
ENSMUST00000145596	TAAATCTAAACTTGTTTCTCAA	23294776	23425740	-130964	23425749	-130973	23435949	-141173	23294798	-130942	-130951	-141151
ENSMUST00000145596	TAAATCTAAACTTGTTTCTCAA	23294776	23442079	-147303	23442091	-147315	23451598	-156822	23294798	-147281	-147293	-156800
ENSMUST00000075872	GTTGACTTCTCAAACATCACAG	94965330	94969053	-3723	94969058	-3728	94970511	-5181	94965352	-3701	-3706	-5159
ENSMUST00000110483	CCTCTTTGCAGACGACTTAATA	151092820	151059618	33202	151059675	33145	151060747	32073	151073315	13697	13640	12568
ENSMUST00000031732	CAGCGGGCCCTACTGCTCCTCAC	137621420	137618841	2579	137618907	2513	137619584	1836	137619588	747	681	4
ENSMUST00000137511	TGAAAGGATGAGAAAATTGACCA	63114328	63093440	20888	63093531	20797	63093639	20689	63105673	12233	12142	12034
ENSMUST00000132484	CCGCTCCGGGTTGAATACATTGT	23509441	23544826	-35385	23544897	-35456	23545152	-35711	23509464	-35362	-35433	-35688
ENSMUST00000064536	CGGAAACGAGTTAAGCCGCTCTC	21373344	21329132	44212	21329155	44189	21330032	43312	21373367	44235	44212	43335
ENSMUST00000064536	CGGAAACGAGTTAAGCCGCTCTC	21373344	21347430	25914	21347449	25895	21349784	23560	21373367	25937	25918	23583
ENSMUST00000107127	CACACAACCCATCCAAGAGCAGC	98073182	98065781	7401	98065895	7287	98066340	6842	98073205	7424	7310	6865
ENSMUST00000107127	CACACAACCCATCCAAGAGCAGC	98073182	98065781	7401	98065895	7287	98066340	6842	98073205	7424	7310	6865
ENSMUST00000173495	CCAGGATTCTTGTTTCACCCGCA	29977330	29979985	-2655	29980957	-3627	29985340	-8010	29972687	-7298	-8270	-12653
ENSMUST00000173495	CCAGGATTCTTGTTTCACCCGCA	29977330	29985494	-8164	29985497	-8167	29987029	-9699	29972687	-12807	-12810	-14342
ENSMUST00000126854	AGGGAGGCTAGCGGTTGCTCAGA	97745617	97748670	-3053	97749546	-3929	97749650	-4033	97745640	-3030	-3906	-4010
ENSMUST00000126854	AGGGAGGCTAGCGGTTGCTCAGA	97745617	97750154	-4537	97750187	-4570	97750259	-4642	97745640	-4514	-4547	-4619
ENSMUST00000126854	AGGGAGGCTAGCGGTTGCTCAGA	97745617	97750154	-4537	97750187	-4570	97750268	-4651	97745640	-4514	-4547	-4628
ENSMUST00000126854	AGGGAGGCTAGCGGTTGCTCAGA	97745617	97757761	-12144	97757814	-12197	97758016	-12399	97745640	-12121	-12174	-12376
ENSMUST00000114960	CGGCCATTATGCCTCCCAGCAAA	34314231	34013676	300555	34013681	300550	34013957	300274	34314254	300578	300573	300297
ENSMUST00000114960	CGGCCATTATGCCTCCCAGCAAA	34314231	34220247	93984	34220274	93957	34227026	87205	34314254	94007	93980	87228
ENSMUST00000022023	GCCTATTGGATTGCTCCGTGCAGC	56831427	56782588	48839	56782591	48836	56783622	47805	56822426	39838	39835	38804
ENSMUST00000191275	ACAAGATCAAGTCTTGTCATAGCT	103820406	103824848	-4442	103824926	-4520	103827906	-7500	103820430	-4418	-4496	-7476
ENSMUST00000191275	ACAAGATCAAGTCTTGTCATAGCT	103820406	103824848	-4442	103824926	-4520	103830187	-9781	103820430	-4418	-4496	-9757
ENSMUST00000108321	CTTGTGGCTTCAGTCCTGGGCTTA	20011514	20002413	9101	20002417	9097	20003224	8290	20011538	9125	9121	8314
ENSMUST00000108321	CTTGTGGCTTCAGTCCTGGGCTTA	20011514	20003400	8114	20003431	8083	20008814	2700	20011538	8138	8107	2724
ENSMUST00000108321	CTTGTGGCTTCAGTCCTGGGCTTA	20011514	20030409	-18895	20030805	-19291	20035048	-23534	20011538	-18871	-19267	-23510
ENSMUST00000154376	TGGTCTTGACTGGAGCACGCTTAT	37022492	37088560	-66068	37088587	-66095	37105790	-83298	37022516	-66044	-66071	-83274
ENSMUST00000154376	TGGTCTTGACTGGAGCACGCTTAT	37022492	37088560	-66068	37088587	-66095	37126331	-103839	37022516	-66044	-66071	-103815
ENSMUST00000121759	GCAATTCGGATGCTCTTCCACACC	90964293	90940493	23800	90940496	23797	90944354	19939	90964317	23824	23821	19963
ENSMUST00000121759	GCAATTCGGATGCTCTTCCACACC	90964293	90974066	-9773	90974075	-9782	90976598	-12305	90964317	-9749	-9758	-12281
ENSMUST00000078308	TGGGGTATAGCTCAGTTGGCAGAGT	157137899	157158837	-20938	157158858	-20959	157161124	-23225	157137924	-20913	-20934	-23200
ENSMUST00000030886	ACCACTGGAGGTTCCGCCCCTGCTG	147868523	147861013	7510	147861085	7438	147861353	7170	147868548	7535	7463	7195
ENSMUST00000047534	TTTTTGAGAAGTTTAGGAAGGTTGC	34814927	34819769	-4842	34819790	-4863	34819866	-4939	34814952	-4817	-4838	-4914
ENSMUST00000047534	TTTTTGAGAAGTTTAGGAAGGTTGC	34814927	34819963	-5036	34820009	-5082	34824019	-9092	34814952	-5011	-5057	-9067
ENSMUST00000047534	TTTTTGAGAAGTTTAGGAAGGTTGC	34814927	34819920	-4993	34819963	-5036	34828766	-13839	34814952	-4968	-5011	-13814
ENSMUST00000047534	TTTTTGAGAAGTTTAGGAAGGTTGC	34814927	34819920	-4993	34820009	-5082	34828766	-13839	34814952	-4968	-5057	-13814
ENSMUST00000047534	TTTTTGAGAAGTTTAGGAAGGTTGC	34814927	34819963	-5036	34820009	-5082	34828766	-13839	34814952	-5011	-5057	-13814
ENSMUST00000029741	TAAATTAGCCCCGACCCTGAGTTCT	96727608	96716747	10861	96716805	10803	96719233	8375	96725839	9092	9034	6606
ENSMUST00000118077	ATCCCGGCCAGCATCTCATCGGCCT	93993560	93990283	3277	93990287	3273	93993516	44	93993585	3302	3298	69
ENSMUST00000118077	ATCCCGGCCAGCATCTCATCGGCCT	93993560	93993654	-94	93993666	-106	93994887	-1327	93993585	-69	-81	-1302
ENSMUST00000118077	ATCCCGGCCAGCATCTCATCGGCCT	93993560	93993654	-94	93993666	-106	93996837	-3277	93993585	-69	-81	-3252
ENSMUST00000122091	CGTTGCATTAATCTCAAAAGATTAG	64137735	64162759	-25024	64162763	-25028	64164346	-26611	64137760	-24999	-25003	-26586
ENSMUST00000122091	CGTTGCATTAATCTCAAAAGATTAG	64137735	64162759	-25024	64162763	-25028	64165362	-27627	64137760	-24999	-25003	-27602
ENSMUST00000112703	GGAGGGGCTCATGGAGGACAGACGG	120334832	120342069	-7237	120342077	-7245	120348387	-13555	120334857	-7212	-7220	-13530
ENSMUST00000112703	GGAGGGGCTCATGGAGGACAGACGG	120334832	120350390	-15558	120350444	-15612	120354000	-19168	120334857	-15533	-15587	-19143
ENSMUST00000022765	ATTTCTCATTGCTCTTCTGTCCTGCC	52263526	52268956	-5430	52269000	-5474	52275442	-11916	52263552	-5404	-5448	-11890
ENSMUST00000022765	ATTTCTCATTGCTCTTCTGTCCTGCC	52263526	52268956	-5430	52269000	-5474	52275442	-11916	52263552	-5404	-5448	-11890
ENSMUST00000118593	CACTACCCTCTCCTACCATCTTCCTG	107741108	107748284	-7176	107749169	-8061	107750310	-9202	107741134	-7150	-8035	-9176
ENSMUST00000030087	ATTATGGGACAGTCGGGGGCTTCAGA	62457448	62463473	-6025	62463476	-6028	62463926	-6478	62457474	-5999	-6002	-6452
ENSMUST00000109877	TCCCTAGCAACAGTCGAAGCTCTGCT	151594554	151600364	-5810	151600463	-5909	151600977	-6423	151594580	-5784	-5883	-6397
ENSMUST00000106224	AATACTGGGTGTTAAAGGGCGCATAG	123350688	123368832	-18144	123368835	-18147	123369804	-19116	123350714	-18118	-18121	-19090
ENSMUST00000106224	AATACTGGGTGTTAAAGGGCGCATAG	123350688	123368832	-18144	123368835	-18147	123369804	-19116	123350714	-18118	-18121	-19090
ENSMUST00000106224	AATACTGGGTGTTAAAGGGCGCATAG	123350688	123368832	-18144	123368835	-18147	123369804	-19116	123350714	-18118	-18121	-19090
ENSMUST00000023812	GCTGTGGAGACCTGCCTGGGCTTCGT	102501260	102509378	-8118	102509397	-8137	102509918	-8658	102501286	-8092	-8111	-8632
ENSMUST00000121227	AGGTTTGCCTGGAGAGAAAGGTGAAAG	79603428	79600007	3421	79601179	2249	79602199	1229	79601779	1772	600	-420
ENSMUST00000057062	GTAAAGCTAACACCAGAAGCCTCGTAT	183278211	183282555	-4344	183282571	-4360	183284132	-5921	183278238	-4317	-4333	-5894
ENSMUST00000057062	GTAAAGCTAACACCAGAAGCCTCGTAT	183278211	183292581	-14370	183292625	-14414	183294333	-16122	183278238	-14343	-14387	-16095
ENSMUST00000043305	TGAAGCCTTCGCCTGCCAGCAGTGGAC	133300623	133295332	5291	133295390	5233	133296415	4208	133300650	5318	5260	4235
ENSMUST00000002336	GGGATGACAGGTGTGAGCCACCATGCC	6673936	6688689	-14753	6688811	-14875	6689487	-15551	6673963	-14726	-14848	-15524
ENSMUST00000043897	TAAATTGTGTCTTTGCATCACTTCTGG	25844500	25840675	3825	25840751	3749	25840835	3665	25844527	3852	3776	3692
ENSMUST00000043897	TAAATTGTGTCTTTGCATCACTTCTGG	25844500	25842288	2212	25842418	2082	25843106	1394	25844527	2239	2109	1421
ENSMUST00000043897	TAAATTGTGTCTTTGCATCACTTCTGG	25844500	25843981	519	25843984	516	25844088	412	25844527	546	543	439
ENSMUST00000043897	TAAATTGTGTCTTTGCATCACTTCTGG	25844500	25840675	3825	25840751	3749	25840835	3665	25844527	3852	3776	3692
ENSMUST00000043897	TAAATTGTGTCTTTGCATCACTTCTGG	25844500	25842288	2212	25842418	2082	25843106	1394	25844527	2239	2109	1421
ENSMUST00000043897	TAAATTGTGTCTTTGCATCACTTCTGG	25844500	25843981	519	25843984	516	25844088	412	25844527	546	543	439
ENSMUST00000182226	CTTACTTCCAAGCTTAGGAAGGCTGAG	144514934	144485208	29726	144485211	29723	144488690	26244	144514456	29248	29245	25766
ENSMUST00000182226	CTTACTTCCAAGCTTAGGAAGGCTGAG	144514934	144520789	-5855	144520838	-5904	144520959	-6025	144514456	-6333	-6382	-6503
ENSMUST00000103140	GTTGAACCCAGACCGCCAGTCGCCCTCT	155634373	155643450	-9077	155643468	-9095	155644927	-10554	155634401	-9049	-9067	-10526
ENSMUST00000103140	GTTGAACCCAGACCGCCAGTCGCCCTCT	155634373	155650561	-16188	155650585	-16212	155653492	-19119	155634401	-16160	-16184	-19091
ENSMUST00000103140	GTTGAACCCAGACCGCCAGTCGCCCTCT	155634373	155643450	-9077	155643468	-9095	155644927	-10554	155634401	-9049	-9067	-10526
ENSMUST00000103140	GTTGAACCCAGACCGCCAGTCGCCCTCT	155634373	155650561	-16188	155650585	-16212	155653492	-19119	155634401	-16160	-16184	-19091
ENSMUST00000186648	CGTCATTGAAATGTGTCAGTTATTGGTC	84768654	84745170	23484	84745185	23469	84747177	21477	84768682	23512	23497	21505
ENSMUST00000186648	CGTCATTGAAATGTGTCAGTTATTGGTC	84768654	84759046	9608	84759127	9527	84760762	7892	84768682	9636	9555	7920
ENSMUST00000186648	CGTCATTGAAATGTGTCAGTTATTGGTC	84768654	84777489	-8835	84777507	-8853	84782826	-14172	84768682	-8807	-8825	-14144
ENSMUST00000004140	CTCCCCAGGTCTGTCTCGTCTACAATAAA	108012740	108015040	-2300	108015118	-2378	108016327	-3587	108012769	-2271	-2349	-3558
ENSMUST00000004140	CTCCCCAGGTCTGTCTCGTCTACAATAAA	108012740	108015040	-2300	108015145	-2405	108016327	-3587	108012769	-2271	-2376	-3558
ENSMUST00000004140	CTCCCCAGGTCTGTCTCGTCTACAATAAA	108012740	108015118	-2378	108015145	-2405	108016327	-3587	108012769	-2349	-2376	-3558
ENSMUST00000166791	AGCCAGGGCTTCTCCATAGCTCCTTTTGG	127191924	127195461	-3537	127195467	-3543	127195786	-3862	127191953	-3508	-3514	-3833
ENSMUST00000166791	AGCCAGGGCTTCTCCATAGCTCCTTTTGG	127191924	127195461	-3537	127195467	-3543	127195928	-4004	127191953	-3508	-3514	-3975
ENSMUST00000084125	AATATTCTGGAATGGACTTGGTGTTAATT	148616232	148617635	-1403	148617705	-1473	148618664	-2432	148616261	-1374	-1444	-2403
ENSMUST00000084125	AATATTCTGGAATGGACTTGGTGTTAATT	148616232	148617635	-1403	148617737	-1505	148618664	-2432	148616261	-1374	-1476	-2403
ENSMUST00000084125	AATATTCTGGAATGGACTTGGTGTTAATT	148616232	148617635	-1403	148617825	-1593	148618664	-2432	148616261	-1374	-1564	-2403
ENSMUST00000084125	AATATTCTGGAATGGACTTGGTGTTAATT	148616232	148617705	-1473	148617737	-1505	148618664	-2432	148616261	-1444	-1476	-2403
ENSMUST00000084125	AATATTCTGGAATGGACTTGGTGTTAATT	148616232	148617705	-1473	148617825	-1593	148618664	-2432	148616261	-1444	-1564	-2403
ENSMUST00000084125	AATATTCTGGAATGGACTTGGTGTTAATT	148616232	148617737	-1505	148617825	-1593	148618664	-2432	148616261	-1476	-1564	-2403
ENSMUST00000084125	AATATTCTGGAATGGACTTGGTGTTAATT	148616232	148617635	-1403	148617705	-1473	148618673	-2441	148616261	-1374	-1444	-2412
ENSMUST00000084125	AATATTCTGGAATGGACTTGGTGTTAATT	148616232	148617635	-1403	148617825	-1593	148618673	-2441	148616261	-1374	-1564	-2412
ENSMUST00000084125	AATATTCTGGAATGGACTTGGTGTTAATT	148616232	148617705	-1473	148617825	-1593	148618673	-2441	148616261	-1444	-1564	-2412
ENSMUST00000084125	AATATTCTGGAATGGACTTGGTGTTAATT	148616232	148617705	-1473	148617742	-1510	148618737	-2505	148616261	-1444	-1481	-2476
ENSMUST00000155901	GTTTGGATGGCTGTTACTACACACTGGATC	96076142	96131241	-55099	96131245	-55103	96134010	-57868	96076172	-55069	-55073	-57838
ENSMUST00000078308	TTTCTTTGCCCAGCCATTATGTCTCCCAGTC	157163825	157158837	4988	157158858	4967	157161124	2701	157163856	5019	4998	2732
ENSMUST00000102939	AGGGAGGCTGCAGAGAAGGAGAGCAACGCGG	24679594	24616913	62681	24616946	62648	24617673	61921	24679625	62712	62679	61952
ENSMUST00000102939	AGGGAGGCTGCAGAGAAGGAGAGCAACGCGG	24679594	24679640	-46	24679643	-49	24685767	-6173	24679625	-15	-18	-6142
ENSMUST00000102939	AGGGAGGCTGCAGAGAAGGAGAGCAACGCGG	24679594	24718119	-38525	24718122	-38528	24719044	-39450	24679625	-38494	-38497	-39419
ENSMUST00000081848	CAGTTACAACCGCCTCAAGAGTCTCATAGAGC	89093695	89094529	-834	89094577	-882	89094859	-1164	89093727	-802	-850	-1132
ENSMUST00000018821	TTCTGGAGTCTCTCCTACACCAAATCATCCTCC	102406229	102405802	427	102405826	403	102406205	24	102405705	-97	-121	-500
ENSMUST00000117177	AAGATGTAGCTCAGTCGGTAGAGCACTTGCCTA	118192729	118237596	-44867	118237599	-44870	118242457	-49728	118192762	-44834	-44837	-49695
ENSMUST00000117177	AAGATGTAGCTCAGTCGGTAGAGCACTTGCCTA	118192729	118242985	-50256	118243031	-50302	118243880	-51151	118192762	-50223	-50269	-51118
ENSMUST00000117177	AAGATGTAGCTCAGTCGGTAGAGCACTTGCCTA	118192729	118242985	-50256	118243031	-50302	118244829	-52100	118192762	-50223	-50269	-52067
ENSMUST00000080665	TGGGCCGAGTGCACATGGTGGAGGATCTTCTGA	66145455	66156973	-11518	66156978	-11523	66159856	-14401	66133565	-23408	-23413	-26291
ENSMUST00000118163	TTATTTGAGGCTGCACATGCACTCTCTCCTACTCT	54416445	54396367	20078	54396370	20075	54398046	18399	54416480	20113	20110	18434
ENSMUST00000118163	TTATTTGAGGCTGCACATGCACTCTCTCCTACTCT	54416445	54396367	20078	54396370	20075	54399941	16504	54416480	20113	20110	16539
ENSMUST00000118163	TTATTTGAGGCTGCACATGCACTCTCTCCTACTCT	54416445	54477526	-61081	54477528	-61083	54480339	-63894	54416480	-61046	-61048	-63859
ENSMUST00000199942	TTTCCCACCTGCCCTCTCTGCAGCTGCTATTGCTG	52564011	52546617	17394	52546713	17298	52554402	9609	52562135	15518	15422	7733
ENSMUST00000117177	AAAGGGAGAACAGGTGAACTAACAGTGTGGGTTAC	118192934	118237596	-44662	118237599	-44665	118242457	-49523	118192969	-44627	-44630	-49488
ENSMUST00000117177	AAAGGGAGAACAGGTGAACTAACAGTGTGGGTTAC	118192934	118242985	-50051	118243031	-50097	118243880	-50946	118192969	-50016	-50062	-50911
ENSMUST00000117177	AAAGGGAGAACAGGTGAACTAACAGTGTGGGTTAC	118192934	118242985	-50051	118243031	-50097	118244829	-51895	118192969	-50016	-50062	-51860
ENSMUST00000031490	ATCACACTGGATGTTGTCCTTGTAGGAGACGGTGC	110785447	110787661	-2214	110787692	-2245	110787772	-2325	110785482	-2179	-2210	-2290
ENSMUST00000031490	ATCACACTGGATGTTGTCCTTGTAGGAGACGGTGC	110785447	110790936	-5489	110790954	-5507	110791051	-5604	110785482	-5454	-5472	-5569
ENSMUST00000182213	AAATATCACAGTCTGCTCTTCCTCCTCTTCCTGGGA	6069898	6061972	7926	6062250	7648	6064340	5558	6069934	7962	7684	5594
ENSMUST00000039782	ATGAGAAAATCAAAAGTTTTATTTGGGAACTAATCA	160983803	161042129	-58326	161042132	-58329	161052387	-68584	160983839	-58290	-58293	-68548
ENSMUST00000179865	AATTCAGAATTGACTATAATTGAACACCTGCTAAAA	50295189	50311780	-16591	50311784	-16595	50325492	-30303	50295225	-16555	-16559	-30267
ENSMUST00000107793	GCGGGTGCTGAAGCTAGTTCGCTTCCTGCCGGCACTG	94443248	94416655	26593	94416704	26544	94416840	26408	94443285	26630	26581	26445
ENSMUST00000107793	GCGGGTGCTGAAGCTAGTTCGCTTCCTGCCGGCACTG	94443248	94459826	-16578	94459877	-16629	94461892	-18644	94443285	-16541	-16592	-18607
ENSMUST00000202651	CACAGCTCATCCTCTCTGCTGCCTTTCCACTACAACA	76209921	76229560	-19639	76229563	-19642	76230164	-20243	76209958	-19602	-19605	-20206
ENSMUST00000202651	CACAGCTCATCCTCTCTGCTGCCTTTCCACTACAACA	76209921	76254441	-44520	76254463	-44542	76262674	-52753	76209958	-44483	-44505	-52716
ENSMUST00000202651	CACAGCTCATCCTCTCTGCTGCCTTTCCACTACAACA	76209921	76254441	-44520	76254463	-44542	76265790	-55869	76209958	-44483	-44505	-55832
ENSMUST00000139819	CACATGTCCCTGCTCTACCCTGTGGCCATCCGGACTCT	122349278	122353884	-4606	122353960	-4682	122354028	-4750	122349316	-4568	-4644	-4712
ENSMUST00000027752	CATAGCAGAGATCATTAAGGATATTCACAACCTGGAGG	153219109	153231807	-12698	153231871	-12762	153233484	-14375	153219147	-12660	-12724	-14337
ENSMUST00000108407	GTGGAAGCGCATCTGCTTTCCTTGCTGTCTGTGCAAAT	76417439	76459272	-41833	76459346	-41907	76461292	-43853	76417477	-41795	-41869	-43815
ENSMUST00000108407	GTGGAAGCGCATCTGCTTTCCTTGCTGTCTGTGCAAAT	76417439	76459272	-41833	76459346	-41907	76461292	-43853	76417477	-41795	-41869	-43815
ENSMUST00000110701	GGCCAGGGGACTTCTCAGAAGAATTGTCAACACTGTTT	120716173	120720989	-4816	120721010	-4837	120722609	-6436	120716211	-4778	-4799	-6398
ENSMUST00000110701	GGCCAGGGGACTTCTCAGAAGAATTGTCAACACTGTTT	120716173	120720989	-4816	120721010	-4837	120722656	-6483	120716211	-4778	-4799	-6445
ENSMUST00000090243	TGCCTTCCTGGGGTCATCCCGTACTCACTGGCCTACGCC	39349506	39359978	-10472	39360042	-10536	39364502	-14996	39347316	-12662	-12726	-17186
ENSMUST00000025253	CAGAGATGAGTCAGTCTGACAGTGGAGTGGACCTGAGTG	35153522	35150902	2620	35150905	2617	35152617	905	35153561	2659	2656	944
ENSMUST00000021347	TTTTTCTTTCTTCGTTCTGCAAACATACACAAGACACTCG	91806514	91814004	-7490	91814693	-8179	91814973	-8459	91806554	-7450	-8139	-8419
ENSMUST00000154230	ATCTGTCATTCTAAGAGAGAAACCTCAGTCTGGCCGCCAG	20881635	20853978	27657	20854232	27403	20854934	26701	20881675	27697	27443	26741
ENSMUST00000154230	ATCTGTCATTCTAAGAGAGAAACCTCAGTCTGGCCGCCAG	20881635	20861107	20528	20861110	20525	20861185	20450	20881675	20568	20565	20490
ENSMUST00000182627	CTATCACAGTGTCTGCCCTGTGAGGAATGAGAGCGCCTCA	29408901	29407600	1301	29407629	1272	29408056	845	29408941	1341	1312	885
ENSMUST00000182627	CTATCACAGTGTCTGCCCTGTGAGGAATGAGAGCGCCTCA	29408901	29407600	1301	29407629	1272	29408883	18	29408941	1341	1312	58
ENSMUST00000182627	CTATCACAGTGTCTGCCCTGTGAGGAATGAGAGCGCCTCA	29408901	29479802	-70901	29479902	-71001	29490009	-81108	29408941	-70861	-70961	-81068
ENSMUST00000177517	CCGGACCTCCAGTCCCTGCGCTACGCCCTGTCGCTCTACAC	71634611	71637810	-3199	71637927	-3316	71639216	-4605	71634652	-3158	-3275	-4564
ENSMUST00000029796	TCAAAAAGCCTGTATGGCTGCTCACTCATTAATCTTCTGCCA	138926532	138955458	-28926	138955461	-28929	138956193	-29661	138926574	-28884	-28887	-29619
ENSMUST00000025253	CCTTTGAAAGAGAAGCTGATCTCAGGGCCTCTGTCCCCCATGT	35156531	35150902	5629	35150905	5626	35152617	3914	35156574	5672	5669	3957
ENSMUST00000225431	CATACTTCAATGACAATATCCTCACCCTAATACGGACCCTGGT	23314148	23425740	-111592	23425749	-111601	23435949	-121801	23314191	-111549	-111558	-121758
ENSMUST00000225431	CATACTTCAATGACAATATCCTCACCCTAATACGGACCCTGGT	23314148	23442079	-127931	23442091	-127943	23451598	-137450	23314191	-127888	-127900	-137407
ENSMUST00000030872	CATTTACTTAGGACTGTGTTTTGCTCTATGAACTATCCCCTGC	22486850	22546504	-59654	22546598	-59748	22547440	-60590	22486893	-59611	-59705	-60547
ENSMUST00000030872	CATTTACTTAGGACTGTGTTTTGCTCTATGAACTATCCCCTGC	22486850	22546504	-59654	22546598	-59748	22547923	-61073	22486893	-59611	-59705	-61030
ENSMUST00000100561	TTTTCGCCCAGTGTGGATGGTGATGGGGACAGGAAGAAGCGCT	94438155	94416655	21500	94416704	21451	94416840	21315	94437838	21183	21134	20998
ENSMUST00000100561	TTTTCGCCCAGTGTGGATGGTGATGGGGACAGGAAGAAGCGCT	94438155	94459826	-21671	94459877	-21722	94461892	-23737	94437838	-21988	-22039	-24054
ENSMUST00000180572	TTGTAAACTTGTTGCATTTTTATATGATTTTCTTGACTGCACG	156166018	156167809	-1791	156168569	-2551	156168732	-2714	156166061	-1748	-2508	-2671
ENSMUST00000089317	TTGGACCTCGAGCAGAGCGGGACCCTGTTGGAAGTCGGCACCT	93815779	93694175	121604	93694211	121568	93697193	118586	93815822	121647	121611	118629
ENSMUST00000089317	TTGGACCTCGAGCAGAGCGGGACCCTGTTGGAAGTCGGCACCT	93815779	93708217	107562	93708220	107559	93717239	98540	93815822	107605	107602	98583
ENSMUST00000011285	CTTTCGTTCTGATATGGTATGCTGCATCTGTGAGGTAAAGGAGA	69797204	69798678	-1474	69798762	-1558	69799351	-2147	69797248	-1430	-1514	-2103
ENSMUST00000238317	GTGGCAGCACAGTCCACCACTCTTCCCTCTCTAAGTGGCAGACA	158175323	158104485	70838	158104502	70821	158127214	48109	158170572	66087	66070	43358
ENSMUST00000238317	GTGGCAGCACAGTCCACCACTCTTCCCTCTCTAAGTGGCAGACA	158175323	158104485	70838	158104502	70821	158127214	48109	158170572	66087	66070	43358
ENSMUST00000041342	CTTCCTATGTGTCCTCCCTCACTTCCCAATCCCACCCTCTCCGCC	24607007	24616913	-9906	24616946	-9939	24617673	-10666	24607052	-9861	-9894	-10621
ENSMUST00000041342	CTTCCTATGTGTCCTCCCTCACTTCCCAATCCCACCCTCTCCGCC	24607007	24679640	-72633	24679643	-72636	24685767	-78760	24607052	-72588	-72591	-78715
ENSMUST00000041342	CTTCCTATGTGTCCTCCCTCACTTCCCAATCCCACCCTCTCCGCC	24607007	24718119	-111112	24718122	-111115	24719044	-112037	24607052	-111067	-111070	-111992
ENSMUST00000149964	TTCCTGGCTTGAGTTCCTGTCCCTTTTGATTGTGGCCTCTGGAAA	181079591	181087680	-8089	181087683	-8092	181088346	-8755	181079636	-8044	-8047	-8710
ENSMUST00000149964	TTCCTGGCTTGAGTTCCTGTCCCTTTTGATTGTGGCCTCTGGAAA	181079591	181088534	-8943	181088570	-8979	181092238	-12647	181079636	-8898	-8934	-12602
ENSMUST00000149964	TTCCTGGCTTGAGTTCCTGTCCCTTTTGATTGTGGCCTCTGGAAA	181079591	181088534	-8943	181088570	-8979	181095341	-15750	181079636	-8898	-8934	-15705
ENSMUST00000149964	TTCCTGGCTTGAGTTCCTGTCCCTTTTGATTGTGGCCTCTGGAAA	181079591	181088534	-8943	181088570	-8979	181096949	-17358	181079636	-8898	-8934	-17313
ENSMUST00000046022	CATTTGGGGATGTAGGGCTGCTCACAGGGGATGTGCAGCTGCACCC	34846099	34846147	-48	34846173	-74	34846521	-422	34846145	-2	-28	-376
ENSMUST00000046022	CATTTGGGGATGTAGGGCTGCTCACAGGGGATGTGCAGCTGCACCC	34846099	34846995	-896	34847324	-1225	34847407	-1308	34846145	-850	-1179	-1262
ENSMUST00000027421	AGACTTTGGGGCCTAACTAGTGAATGGTAGTGTCTAGAAAGGGTAT	84839285	84745170	94115	84745185	94100	84747177	92108	84814850	69680	69665	67673
ENSMUST00000027421	AGACTTTGGGGCCTAACTAGTGAATGGTAGTGTCTAGAAAGGGTAT	84839285	84759046	80239	84759127	80158	84760762	78523	84814850	55804	55723	54088
ENSMUST00000027421	AGACTTTGGGGCCTAACTAGTGAATGGTAGTGTCTAGAAAGGGTAT	84839285	84777489	61796	84777507	61778	84782826	56459	84814850	37361	37343	32024
ENSMUST00000162412	TGTTTGATGCTTGGGATGCCTTCGCTCACCTGCCTGCCCTGATGCA	95024455	95123320	-98865	95123323	-98868	95186054	-161599	95024501	-98819	-98822	-161553
ENSMUST00000162412	TGTTTGATGCTTGGGATGCCTTCGCTCACCTGCCTGCCCTGATGCA	95024455	95123320	-98865	95123323	-98868	95222474	-198019	95024501	-98819	-98822	-197973
ENSMUST00000169020	CTGTACAGCCGTCCTGTATAGTGTACCCTCTCACTGCGCCCTCTAAC	111154656	111160741	-6085	111160810	-6154	111161425	-6769	111154703	-6038	-6107	-6722
ENSMUST00000026704	ATTATGCTAACAAGTACAATATCATGTTGGTGAGACTGAACTCAAAG	87487686	87485723	1963	87485744	1942	87485833	1853	87486616	893	872	783
ENSMUST00000028016	AGAAGGTGTGCCTAATGGTGCAGGACAGAAGAATTCCAAGGATGCTGC	162702267	162723281	-21014	162723287	-21020	162724703	-22436	162702315	-20966	-20972	-22388
ENSMUST00000113560	TGTGCCCTGTGTCCCTGCTCCTTCCGGGCTCCCAGTCCACCTGCTCAT	31026528	31036254	-9726	31036257	-9729	31036541	-10013	31026576	-9678	-9681	-9965
ENSMUST00000113560	TGTGCCCTGTGTCCCTGCTCCTTCCGGGCTCCCAGTCCACCTGCTCAT	31026528	31053080	-26552	31053137	-26609	31054023	-27495	31026576	-26504	-26561	-27447
ENSMUST00000113560	TGTGCCCTGTGTCCCTGCTCCTTCCGGGCTCCCAGTCCACCTGCTCAT	31026528	31053080	-26552	31053167	-26639	31054023	-27495	31026576	-26504	-26591	-27447
ENSMUST00000113560	TGTGCCCTGTGTCCCTGCTCCTTCCGGGCTCCCAGTCCACCTGCTCAT	31026528	31053137	-26609	31053167	-26639	31054023	-27495	31026576	-26561	-26591	-27447
ENSMUST00000074468	AGAATGACGAGGGTGTCTGAATTCCTCAAGGTCGCCGAGCAAGTTGGT	86825046	86781704	43342	86781719	43327	86783299	41747	86821749	40045	40030	38450
ENSMUST00000107132	TCCCTTGACCAGCTTCAGTTCCTCTCAGTGCTCTCGCCTCTAAAGCCTG	102290412	102293095	-2683	102293152	-2740	102293275	-2863	102290461	-2634	-2691	-2814
ENSMUST00000107132	TCCCTTGACCAGCTTCAGTTCCTCTCAGTGCTCTCGCCTCTAAAGCCTG	102290412	102293095	-2683	102293152	-2740	102293645	-3233	102290461	-2634	-2691	-3184
ENSMUST00000107132	TCCCTTGACCAGCTTCAGTTCCTCTCAGTGCTCTCGCCTCTAAAGCCTG	102290412	102293321	-2909	102293342	-2930	102293645	-3233	102290461	-2860	-2881	-3184
ENSMUST00000176652	ACAGGCCTGTGCGCTGCCCCAACAACCCCAGCTGCCCACCCCTTCTCAA	24512981	24514829	-1848	24514866	-1885	24516504	-3523	24513030	-1799	-1836	-3474
ENSMUST00000176652	ACAGGCCTGTGCGCTGCCCCAACAACCCCAGCTGCCCACCCCTTCTCAA	24512981	24516596	-3615	24516599	-3618	24518741	-5760	24513030	-3566	-3569	-5711
ENSMUST00000176652	ACAGGCCTGTGCGCTGCCCCAACAACCCCAGCTGCCCACCCCTTCTCAA	24512981	24514829	-1848	24514866	-1885	24518741	-5760	24513030	-1799	-1836	-5711
ENSMUST00000176652	ACAGGCCTGTGCGCTGCCCCAACAACCCCAGCTGCCCACCCCTTCTCAA	24512981	24518794	-5813	24518799	-5818	24519113	-6132	24513030	-5764	-5769	-6083
ENSMUST00000176652	ACAGGCCTGTGCGCTGCCCCAACAACCCCAGCTGCCCACCCCTTCTCAA	24512981	24518794	-5813	24518799	-5818	24519130	-6149	24513030	-5764	-5769	-6100
ENSMUST00000199321	TTACTTTGATAACTGTCCTCTCTTAACTATTCCTGGCCGAACACATCCT	52169969	52157569	12400	52157577	12392	52160229	9740	52170018	12449	12441	9789
ENSMUST00000064297	TATCCATCCACAGGACCGCAGACTAACCATTTTCCTCATGTAGCTCCACC	51743863	51729575	14288	51729578	14285	51731802	12061	51743913	14338	14335	12111
ENSMUST00000154230	GTGAGTTCCCCGTGTTTCCCACCACCCTGACTTCAGACCGGCTGTTCCGA	20848655	20853978	-5323	20854232	-5577	20854934	-6279	20848705	-5273	-5527	-6229
ENSMUST00000154230	GTGAGTTCCCCGTGTTTCCCACCACCCTGACTTCAGACCGGCTGTTCCGA	20848655	20861107	-12452	20861110	-12455	20861185	-12530	20848705	-12402	-12405	-12480
ENSMUST00000154230	GTGAGTTCCCCGTGTTTCCCACCACCCTGACTTCAGACCGGCTGTTCCGA	20848655	20853978	-5323	20854232	-5577	20854934	-6279	20848705	-5273	-5527	-6229
ENSMUST00000154230	GTGAGTTCCCCGTGTTTCCCACCACCCTGACTTCAGACCGGCTGTTCCGA	20848655	20861107	-12452	20861110	-12455	20861185	-12530	20848705	-12402	-12405	-12480
ENSMUST00000053880	GATATTCCCAACATGCGCTCTCCCTTAATCTGTCCGCCTAGAGCTTTGGCT	136171820	136172937	-1117	136173103	-1283	136173329	-1509	136171871	-1066	-1232	-1458
ENSMUST00000053880	GATATTCCCAACATGCGCTCTCCCTTAATCTGTCCGCCTAGAGCTTTGGCT	136171820	136172937	-1117	136173103	-1283	136173472	-1652	136171871	-1066	-1232	-1601
ENSMUST00000053880	GATATTCCCAACATGCGCTCTCCCTTAATCTGTCCGCCTAGAGCTTTGGCT	136171820	136172937	-1117	136173103	-1283	136173329	-1509	136171871	-1066	-1232	-1458
ENSMUST00000053880	GATATTCCCAACATGCGCTCTCCCTTAATCTGTCCGCCTAGAGCTTTGGCT	136171820	136172937	-1117	136173103	-1283	136173472	-1652	136171871	-1066	-1232	-1601
ENSMUST00000177374	CTGACCCTCCCAGCCCACTACCTCACGGGCCCCCAAACAAAGGCGCAATTC	64111045	64173286	-62241	64173292	-62247	64191483	-80438	64102423	-70863	-70869	-89060
ENSMUST00000016294	ATAAAGTTTCTGGCTGGACTGTACAGTATTACTATGATGGGCTTGGGCGAC	42536338	42849175	-312837	42849178	-312840	42899687	-363349	42536389	-312786	-312789	-363298
ENSMUST00000016294	ATAAAGTTTCTGGCTGGACTGTACAGTATTACTATGATGGGCTTGGGCGAC	42536338	43167817	-631479	43167842	-631504	43410698	-874360	42536389	-631428	-631453	-874309
ENSMUST00000098334	CACAAACAAGGGCCACATAGGTCGCCCAGTGCTGCCGATGAGTCCCGGCAGC	122884042	122899804	-15762	122899807	-15765	122908667	-24625	122884094	-15710	-15713	-24573
ENSMUST00000098334	CACAAACAAGGGCCACATAGGTCGCCCAGTGCTGCCGATGAGTCCCGGCAGC	122884042	122900149	-16107	122900183	-16141	122908667	-24625	122884094	-16055	-16089	-24573
ENSMUST00000053880	TGTCATTTTCCTGGCCAGCTACACTGCCAACTTAGCCGCCTTCATGATCCAA	135772338	136172937	-400599	136173103	-400765	136173329	-400991	135772390	-400547	-400713	-400939
ENSMUST00000053880	TGTCATTTTCCTGGCCAGCTACACTGCCAACTTAGCCGCCTTCATGATCCAA	135772338	136172937	-400599	136173103	-400765	136173472	-401134	135772390	-400547	-400713	-401082
ENSMUST00000053880	TGTCATTTTCCTGGCCAGCTACACTGCCAACTTAGCCGCCTTCATGATCCAA	135772338	136172937	-400599	136173103	-400765	136173329	-400991	135772390	-400547	-400713	-400939
ENSMUST00000053880	TGTCATTTTCCTGGCCAGCTACACTGCCAACTTAGCCGCCTTCATGATCCAA	135772338	136172937	-400599	136173103	-400765	136173472	-401134	135772390	-400547	-400713	-401082
ENSMUST00000004378	GTCACCACCGCCACTGCCACCGCCACCGCCGCCAACGCCACCGACTGAGTCT	124769610	124768337	1273	124768720	890	124769248	362	124769662	1325	942	414
ENSMUST00000108661	GATCATAAGTTGTTGCTGACGGGGACCCCGCTGCAGAACAACCTGGAGGAGC	69356582	69355772	810	69355820	762	69356206	376	69356634	862	814	428
ENSMUST00000108661	GATCATAAGTTGTTGCTGACGGGGACCCCGCTGCAGAACAACCTGGAGGAGC	69356582	69361224	-4642	69361242	-4660	69361384	-4802	69356634	-4590	-4608	-4750
ENSMUST00000108661	GATCATAAGTTGTTGCTGACGGGGACCCCGCTGCAGAACAACCTGGAGGAGC	69356582	69361523	-4941	69361535	-4953	69361670	-5088	69356634	-4889	-4901	-5036
ENSMUST00000053733	GAAGAAGAAGAAGGGGGGTGCCAGAAAAAGAAAAAGTCTTAAAGGGCAAAGAA	84416390	84142380	274010	84142383	274007	84150341	266049	84416443	274063	274060	266102
ENSMUST00000053733	GAAGAAGAAGAAGGGGGGTGCCAGAAAAAGAAAAAGTCTTAAAGGGCAAAGAA	84416390	84237554	178836	84237556	178834	84331227	85163	84416443	178889	178887	85216
ENSMUST00000020496	CGCAGAGATAATCTCCCGAAGGTCCCTGCTCAGGTTTCTTTATGCACAGCTCGA	77313513	77322583	-9070	77322630	-9117	77325865	-12352	77313567	-9016	-9063	-12298
ENSMUST00000043897	TCCCAAGACCTTTGTACACTGTGCTACCATATACAAGCGTTATTACATGGATGG	25840087	25840675	-588	25840751	-664	25840835	-748	25839723	-952	-1028	-1112
ENSMUST00000043897	TCCCAAGACCTTTGTACACTGTGCTACCATATACAAGCGTTATTACATGGATGG	25840087	25842288	-2201	25842418	-2331	25843106	-3019	25839723	-2565	-2695	-3383
ENSMUST00000043897	TCCCAAGACCTTTGTACACTGTGCTACCATATACAAGCGTTATTACATGGATGG	25840087	25843981	-3894	25843984	-3897	25844088	-4001	25839723	-4258	-4261	-4365
ENSMUST00000043897	TCCCAAGACCTTTGTACACTGTGCTACCATATACAAGCGTTATTACATGGATGG	25840087	25840675	-588	25840751	-664	25840835	-748	25839723	-952	-1028	-1112
ENSMUST00000043897	TCCCAAGACCTTTGTACACTGTGCTACCATATACAAGCGTTATTACATGGATGG	25840087	25842288	-2201	25842418	-2331	25843106	-3019	25839723	-2565	-2695	-3383
ENSMUST00000043897	TCCCAAGACCTTTGTACACTGTGCTACCATATACAAGCGTTATTACATGGATGG	25840087	25843981	-3894	25843984	-3897	25844088	-4001	25839723	-4258	-4261	-4365
ENSMUST00000137217	ATTTATTTATGATTTTCATTTCTGTTGGTTTGCTGAACATAGTTTCATATCACA	152610419	152617355	-6936	152617453	-7034	152618900	-8481	152610473	-6882	-6980	-8427
ENSMUST00000137217	ATTTATTTATGATTTTCATTTCTGTTGGTTTGCTGAACATAGTTTCATATCACA	152610419	152619446	-9027	152619639	-9220	152623125	-12706	152610473	-8973	-9166	-12652
ENSMUST00000137217	ATTTATTTATGATTTTCATTTCTGTTGGTTTGCTGAACATAGTTTCATATCACA	152610419	152623317	-12898	152623335	-12916	152644393	-33974	152610473	-12844	-12862	-33920
ENSMUST00000137217	ATTTATTTATGATTTTCATTTCTGTTGGTTTGCTGAACATAGTTTCATATCACA	152610419	152623317	-12898	152623335	-12916	152657423	-47004	152610473	-12844	-12862	-46950
ENSMUST00000038193	TTTTTCTTGGTACAGGGCTGGAACTCAGCGCCTTGCACATACTGGTGAGCAGCC	111449597	111459046	-9449	111459049	-9452	111460582	-10985	111449651	-9395	-9398	-10931
ENSMUST00000038193	TTTTTCTTGGTACAGGGCTGGAACTCAGCGCCTTGCACATACTGGTGAGCAGCC	111449597	111459046	-9449	111459049	-9452	111465788	-16191	111449651	-9395	-9398	-16137
ENSMUST00000115228	GACCCTGTCCTACCTGATGCCAACTGTACATAGGACCCTACCTGCCTGCCTCCCC	24897685	24918136	-20451	24918139	-20454	24920471	-22786	24897740	-20396	-20399	-22731
ENSMUST00000115228	GACCCTGTCCTACCTGATGCCAACTGTACATAGGACCCTACCTGCCTGCCTCCCC	24897685	24918136	-20451	24918139	-20454	24923815	-26130	24897740	-20396	-20399	-26075
ENSMUST00000047421	GGCCCGCACTGCCCTCCTGACTGGACTCACGCCGGGCACCCACTACCAGCTGGAT	118479790	118474402	5388	118474413	5377	118475423	4367	118479845	5443	5432	4422
ENSMUST00000111147	TCAAATATGGGGGATAATCTGGATGGGCTGCTGCTGTGCTCAATGTGAACTATTTA	103765807	103773744	-7937	103773795	-7988	103775416	-9609	103765863	-7881	-7932	-9553
ENSMUST00000169449	AAACAGGAAAGCCAGGCCCTAGCAGAGACTCCACTCTCTCTCCTCCTCTCCACATG	107469798	107474455	-4657	107474464	-4666	107476727	-6929	107469854	-4601	-4610	-6873
ENSMUST00000039782	GCCCCTGAATGAGAAGGATATGGAGATGATTTGCAGGGCTCTGCTGGTGTACTGTG	160983729	161042129	-58400	161042132	-58403	161052387	-68658	160983785	-58344	-58347	-68602
ENSMUST00000101527	CATTTGGAACCATTGTTTTTACAGTCTTAGTATTCACCGTAACTCTGAAGCTCGCC	60240814	60260297	-19483	60260306	-19492	60261651	-20837	60238502	-21795	-21804	-23149
ENSMUST00000088010	GCCCCGAAGACCAAGACTACTCCTCGACTTCCTCTGAGACCCCCAATCCTCCCAAAG	31158396	31168100	-9704	31168478	-10082	31169050	-10654	31158453	-9647	-10025	-10597
ENSMUST00000100143	TTGAGGAAGACCATCTTTCCCATTATTCTCCCTGGTCTTGTGGTACCATAGGCTCTT	37378898	37389774	-10876	37389890	-10992	37398243	-19345	37378955	-10819	-10935	-19288
ENSMUST00000100143	TTGAGGAAGACCATCTTTCCCATTATTCTCCCTGGTCTTGTGGTACCATAGGCTCTT	37378898	37389774	-10876	37389890	-10992	37398243	-19345	37378955	-10819	-10935	-19288
ENSMUST00000073687	CCAGGGTCCGCATTGCCTCCAGCTACCACTCTGAAGGGGACGGAGACACCTCCTACC	24158571	24149469	9102	24149512	9059	24150138	8433	24158628	9159	9116	8490
ENSMUST00000200299	GAAAACATCGTGGCGCTGTATGACTTCCAGGAAATGGCTAATTCTGTCTACCTGGTCA	110809019	110787661	21358	110787692	21327	110787772	21247	110799155	11494	11463	11383
ENSMUST00000200299	GAAAACATCGTGGCGCTGTATGACTTCCAGGAAATGGCTAATTCTGTCTACCTGGTCA	110809019	110790936	18083	110790954	18065	110791051	17968	110799155	8219	8201	8104
ENSMUST00000113615	CTTCACTGTCCTCCTCTTCCACTTCGACTACCCGAGGCTCTCACAGGGCTTCCTGCTT	5674985	5677167	-2182	5677275	-2290	5677405	-2420	5675043	-2124	-2232	-2362
ENSMUST00000113615	CTTCACTGTCCTCCTCTTCCACTTCGACTACCCGAGGCTCTCACAGGGCTTCCTGCTT	5674985	5681553	-6568	5681574	-6589	5683276	-8291	5675043	-6510	-6531	-8233
ENSMUST00000113615	CTTCACTGTCCTCCTCTTCCACTTCGACTACCCGAGGCTCTCACAGGGCTTCCTGCTT	5674985	5681553	-6568	5681574	-6589	5683306	-8321	5675043	-6510	-6531	-8263
ENSMUST00000113615	CTTCACTGTCCTCCTCTTCCACTTCGACTACCCGAGGCTCTCACAGGGCTTCCTGCTT	5674985	5681553	-6568	5681592	-6607	5683306	-8321	5675043	-6510	-6549	-8263
ENSMUST00000113615	CTTCACTGTCCTCCTCTTCCACTTCGACTACCCGAGGCTCTCACAGGGCTTCCTGCTT	5674985	5681574	-6589	5681592	-6607	5683306	-8321	5675043	-6531	-6549	-8263
ENSMUST00000208290	GAAACTGACAGGGCAGAAGTGACTGAGCCAGGTGTCACCACTGAGCTGGTCCACTTTG	112653641	112860528	-206887	112860531	-206890	112861792	-208151	112653699	-206829	-206832	-208093
ENSMUST00000075387	GCACACGCCTGCCCTAAGGAAGGGTCTGCCGTCCCTGAAGCAACTCAACTCGGCCCGGA	112475211	112425722	49489	112425725	49486	112426725	48486	112475270	49548	49545	48545
ENSMUST00000060255	TGGGGCCTCTGCGCCACACTGTAAGACCCCCTTGATGCAGCCCTCTGAACGCCAAGCCTC	61449692	61450902	-1210	61451034	-1342	61451320	-1628	61449752	-1150	-1282	-1568
ENSMUST00000060255	TGGGGCCTCTGCGCCACACTGTAAGACCCCCTTGATGCAGCCCTCTGAACGCCAAGCCTC	61449692	61452913	-3221	61452947	-3255	61453427	-3735	61449752	-3161	-3195	-3675
ENSMUST00000060255	TGGGGCCTCTGCGCCACACTGTAAGACCCCCTTGATGCAGCCCTCTGAACGCCAAGCCTC	61449692	61452913	-3221	61452947	-3255	61453618	-3926	61449752	-3161	-3195	-3866
ENSMUST00000013262	ATGATTTTATGCTTCTCAGAAGAGGACTGGTCCCTTCTGGACCCGGCACAGACTGGTTTC	59493745	59503763	-10018	59503810	-10065	59504147	-10402	59493805	-9958	-10005	-10342
ENSMUST00000000348	TAAAACGAGGGGCTATTACCCCAAAGGGGGTGGTGAAGTGATTGTCCGAGTGTCCCCAGT	116501166	116504446	-3280	116504468	-3302	116506834	-5668	116499602	-4844	-4866	-7232
ENSMUST00000000348	TAAAACGAGGGGCTATTACCCCAAAGGGGGTGGTGAAGTGATTGTCCGAGTGTCCCCAGT	116501166	116506978	-5812	116506993	-5827	116507750	-6584	116499602	-7376	-7391	-8148
ENSMUST00000078226	TTTTAATATCCTGTTTTCCTGGCTCTCTAACTGCCTTGCACAATGATATTTCCTTTAAACTG	32950772	33006043	-55271	33006046	-55274	33007121	-56349	32950834	-55209	-55212	-56287
ENSMUST00000078226	TTTTAATATCCTGTTTTCCTGGCTCTCTAACTGCCTTGCACAATGATATTTCCTTTAAACTG	32950772	33006043	-55271	33006046	-55274	33014964	-64192	32950834	-55209	-55212	-64130
ENSMUST00000078226	TTTTAATATCCTGTTTTCCTGGCTCTCTAACTGCCTTGCACAATGATATTTCCTTTAAACTG	32950772	33082135	-131363	33082229	-131457	33082815	-132043	32950834	-131301	-131395	-131981
ENSMUST00000021062	AAACATTATCTTATTTGCTGCCTGCCATTGTACACATAAACCACCAGCCATTCCTAGAGAGA	106786352	106782693	3659	106784018	2334	106784100	2252	106786122	3429	2104	2022
ENSMUST00000112904	ATCCTACGTATTCAAAATTAGGATCCTTGTGTAGCACTGAACCTGGGAAAGAGATTTAGACT	142318998	142351615	-32617	142351618	-32620	142360386	-41388	142319060	-32555	-32558	-41326
ENSMUST00000112904	ATCCTACGTATTCAAAATTAGGATCCTTGTGTAGCACTGAACCTGGGAAAGAGATTTAGACT	142318998	142351615	-32617	142351908	-32910	142360386	-41388	142319060	-32555	-32848	-41326
ENSMUST00000112904	ATCCTACGTATTCAAAATTAGGATCCTTGTGTAGCACTGAACCTGGGAAAGAGATTTAGACT	142318998	142351618	-32620	142351908	-32910	142360386	-41388	142319060	-32558	-32848	-41326
ENSMUST00000192314	CCTGTCATCAGCTGCTGCACCGTTCTCTTCAGACTCCCCACGCCCAACTCACCCATCCCCACA	136281868	136274873	6995	136274900	6968	136276537	5331	136281931	7058	7031	5394
ENSMUST00000174064	CCCTGGAGGCTAAGGACTTGTTTCGGAAGGAGCTGACTGGCCAATCACAATTGCGAAGATGAAG	19699154	19698253	901	19698272	882	19699010	144	19698218	-35	-54	-792
ENSMUST00000081982	AAGGTCTGGAGGACCAACTTTCTCCACCTGGGAACCGCATCCTAGGTGACAGTTAGATCTGAGG	144470687	144503031	-32344	144503034	-32347	144504339	-33652	144470751	-32280	-32283	-33588
ENSMUST00000025253	AGCAGGACAAACCACCTCGTTTCCGAAGGCTGAAACAAGAACGTGAAAACGCTGCCAGAGGAGC	35156649	35150902	5747	35150905	5744	35152617	4032	35156713	5811	5808	4096
ENSMUST00000178730	GGATGGACAGCCAAGGGCCATAGTCCAGGAGCAAACCAATCCAGTCACAGGACTCTGTGTTTTTA	66154001	66157095	-3094	66157107	-3106	66158047	-4046	66154066	-3029	-3041	-3981
ENSMUST00000109764	GCTGCACTTCCCTTCCACGTCCATCATCCAGCAGTCGAGCCCGTATTTCACACACCCAACCATCC	84721675	84726602	-4927	84726605	-4930	84727123	-5448	84721740	-4862	-4865	-5383
ENSMUST00000006754	GATGACGACGACGATGAAGATGACGAAGATGACGACGATGAGGATGAAGACAACGAGTCTGAGGGC	102305949	102309908	-3959	102309909	-3960	102310190	-4241	102306015	-3893	-3894	-4175
ENSMUST00000053880	CTTGACTGCAGGATCGCCGTGTGGCACACAGGACACATAAACCAGAAAGGTGCTTATTCTTCTCTGG	135716879	136172937	-456058	136173103	-456224	136173329	-456450	135716946	-455991	-456157	-456383
ENSMUST00000053880	CTTGACTGCAGGATCGCCGTGTGGCACACAGGACACATAAACCAGAAAGGTGCTTATTCTTCTCTGG	135716879	136172937	-456058	136173103	-456224	136173472	-456593	135716946	-455991	-456157	-456526
ENSMUST00000060043	AGCCGCCGCAGCAGCCGGACTCAGTGTCCCGCGTCGCCCTCGGGGCGCCTTGTCAGTGCTGAGTGGG	120037719	119944784	92935	119944800	92919	119946236	91483	120037786	93002	92986	91550
ENSMUST00000107693	ACCCCAAGGTCCTGCCCTGTCTGCACACTTTCTGCGAGAGGTGCCTGCAGAACTACATCCCAGCCCAC	84210316	84210351	-35	84210354	-38	84220628	-10312	84208204	-2147	-2150	-12424
ENSMUST00000107693	ACCCCAAGGTCCTGCCCTGTCTGCACACTTTCTGCGAGAGGTGCCTGCAGAACTACATCCCAGCCCAC	84210316	84210351	-35	84210354	-38	84304589	-94273	84208204	-2147	-2150	-96385
ENSMUST00000114102	TCAAGGAGGAGAGTGACTTCCATGACCTCGAGTCAGTAGTCCAGCAAGTCGAACAGAACCTTGAACTGA	26385542	26385609	-67	26386063	-521	26386903	-1361	26385085	-524	-978	-1818
ENSMUST00000106224	TGACACGGAGGCCCTACAATCTCTCATTGACACCCATAAGGAATTCATGAAGAAAGTAGAAGAAAAGCG	123372395	123368832	3563	123368835	3560	123369804	2591	123372464	3632	3629	2660
ENSMUST00000106224	TGACACGGAGGCCCTACAATCTCTCATTGACACCCATAAGGAATTCATGAAGAAAGTAGAAGAAAAGCG	123372395	123368832	3563	123368835	3560	123369804	2591	123372464	3632	3629	2660
ENSMUST00000106224	TGACACGGAGGCCCTACAATCTCTCATTGACACCCATAAGGAATTCATGAAGAAAGTAGAAGAAAAGCG	123372395	123368832	3563	123368835	3560	123369804	2591	123372464	3632	3629	2660
ENSMUST00000238317	ACCCATGTTGGATGACGAGATGCTCATGTATGGAAGTAGTAAAGGCCCACCCCAACAAAAAGCGTCTATG	158161078	158104485	56593	158104502	56576	158127214	33864	158161148	56663	56646	33934
ENSMUST00000238317	ACCCATGTTGGATGACGAGATGCTCATGTATGGAAGTAGTAAAGGCCCACCCCAACAAAAAGCGTCTATG	158161078	158104485	56593	158104502	56576	158127214	33864	158161148	56663	56646	33934
ENSMUST00000082057	TCAGAACGAGTCTGAAGGCCCTGTGATACAAGAATCAGCCGAGGCAAGCCAGTTGGAAGTCCCAGTAACA	134240243	134243587	-3344	134243599	-3356	134243900	-3657	134239525	-4062	-4074	-4375
ENSMUST00000082057	TCAGAACGAGTCTGAAGGCCCTGTGATACAAGAATCAGCCGAGGCAAGCCAGTTGGAAGTCCCAGTAACA	134240243	134289412	-49169	134289421	-49178	134293746	-53503	134239525	-49887	-49896	-54221
ENSMUST00000161308	GTTCGCAGCCTTCGCCGCGCCGCTGCCGCTCTCCAACGCCAGCGCCGCCTCTCGCTTGCCGAGCTCCAGCC	180813548	180812746	802	180812786	762	180813470	78	180813619	873	833	149
ENSMUST00000110677	TGCAGTTGTGGAACCAGCTGGAAACACGAAGCGTTGACTGTAGAGCAGGCTGGACCCGGAAGGTCAGGTTC	144879363	144880700	-1337	144880709	-1346	144881617	-2254	144879434	-1266	-1275	-2183
ENSMUST00000145596	CGTCAGCGTCCTGGACTCACTCATGAGCGCGACATACTTCAATGACAATATCCTCACCCTAATACGGACCCT	23330965	23425740	-94775	23425749	-94784	23435949	-104984	23314190	-111550	-111559	-121759
ENSMUST00000145596	CGTCAGCGTCCTGGACTCACTCATGAGCGCGACATACTTCAATGACAATATCCTCACCCTAATACGGACCCT	23330965	23442079	-111114	23442091	-111126	23451598	-120633	23314190	-127889	-127901	-137408
ENSMUST00000145596	CGTCAGCGTCCTGGACTCACTCATGAGCGCGACATACTTCAATGACAATATCCTCACCCTAATACGGACCCT	23330965	23425740	-94775	23425749	-94784	23435949	-104984	23314190	-111550	-111559	-121759
ENSMUST00000145596	CGTCAGCGTCCTGGACTCACTCATGAGCGCGACATACTTCAATGACAATATCCTCACCCTAATACGGACCCT	23330965	23442079	-111114	23442091	-111126	23451598	-120633	23314190	-127889	-127901	-137408
ENSMUST00000107691	ATGTCAGGCTTGATAGCTCAATAAGAAATAACACAAATTTTTTTTTCTTAACACACAAATATTGGTATGAAC	84163342	84210351	-47009	84210354	-47012	84220628	-57286	84163414	-46937	-46940	-57214
ENSMUST00000107691	ATGTCAGGCTTGATAGCTCAATAAGAAATAACACAAATTTTTTTTTCTTAACACACAAATATTGGTATGAAC	84163342	84210351	-47009	84210354	-47012	84304589	-141247	84163414	-46937	-46940	-141175
ENSMUST00000154230	AGGATGATAGACGCGGTATTCACGAAAGACCCAGGCAGCAAGAAATGCACAAGCCTTTCCGAGGCTCAAATTT	20881040	20853978	27062	20854232	26808	20854934	26106	20881113	27135	26881	26179
ENSMUST00000154230	AGGATGATAGACGCGGTATTCACGAAAGACCCAGGCAGCAAGAAATGCACAAGCCTTTCCGAGGCTCAAATTT	20881040	20861107	19933	20861110	19930	20861185	19855	20881113	20006	20003	19928
ENSMUST00000057207	AACCCTCCAAATACTGCAGTTGGAAATGCGCTGCCCTGTCTGCCATCGCCGCCGCCCTCCTCTTGGCCATTTT	36273384	36139758	133626	36139761	133623	36141482	131902	36273457	133699	133696	131975
ENSMUST00000187541	AGGGCCAGCATCCTTCCCCACAGCACTACATCTCCGAGCCCTATCTGGCCCTCCATGAAGACTCCCACGCCTCA	154391030	154486707	-95677	154488133	-97103	154488784	-97754	154391104	-95603	-97029	-97680
ENSMUST00000053880	GTCAAGGGGACACGTGGGGGAGAGAAATGAGCTCATCGCCAAGGGTACATCCCTGGAAAGCCAGAGAGCATGAA	135716404	136172937	-456533	136173103	-456699	136173329	-456925	135716478	-456459	-456625	-456851
ENSMUST00000053880	GTCAAGGGGACACGTGGGGGAGAGAAATGAGCTCATCGCCAAGGGTACATCCCTGGAAAGCCAGAGAGCATGAA	135716404	136172937	-456533	136173103	-456699	136173472	-457068	135716478	-456459	-456625	-456994
ENSMUST00000053880	GTCAAGGGGACACGTGGGGGAGAGAAATGAGCTCATCGCCAAGGGTACATCCCTGGAAAGCCAGAGAGCATGAA	135716404	136172937	-456533	136173103	-456699	136173329	-456925	135716478	-456459	-456625	-456851
ENSMUST00000053880	GTCAAGGGGACACGTGGGGGAGAGAAATGAGCTCATCGCCAAGGGTACATCCCTGGAAAGCCAGAGAGCATGAA	135716404	136172937	-456533	136173103	-456699	136173472	-457068	135716478	-456459	-456625	-456994
ENSMUST00000005504	TCAGCATCACAACGCACACCACTGCTTAGAGATCACAGTCAACTGCAGCCCTATTATTGACCACTGTATAATCC	88009041	88014547	-5506	88014550	-5509	88015398	-6357	88009115	-5432	-5435	-6283
ENSMUST00000047037	ATGCAAGTGTAATTACTTTCTAAGGCCCTTCTAGCTATGATTTTTTTGGAACTGTGTGAATGTAGTATATTCATT	41796270	41802986	-6716	41802992	-6722	41803455	-7185	41796345	-6641	-6647	-7110
ENSMUST00000047037	ATGCAAGTGTAATTACTTTCTAAGGCCCTTCTAGCTATGATTTTTTTGGAACTGTGTGAATGTAGTATATTCATT	41796270	41812494	-16224	41812575	-16305	41813229	-16959	41796345	-16149	-16230	-16884
ENSMUST00000047037	ATGCAAGTGTAATTACTTTCTAAGGCCCTTCTAGCTATGATTTTTTTGGAACTGTGTGAATGTAGTATATTCATT	41796270	41812494	-16224	41812575	-16305	41813949	-17679	41796345	-16149	-16230	-17604
ENSMUST00000047037	ATGCAAGTGTAATTACTTTCTAAGGCCCTTCTAGCTATGATTTTTTTGGAACTGTGTGAATGTAGTATATTCATT	41796270	41872679	-76409	41872686	-76416	41873881	-77611	41796345	-76334	-76341	-77536
ENSMUST00000154230	ATGACCCACATGGTCACGCACATGCCTGACCAGTATAAGATCGTAGAGACTCTCATCCAGCATCATGACTGGTTTT	20855664	20853978	1686	20854232	1432	20854934	730	20855388	1410	1156	454
ENSMUST00000154230	ATGACCCACATGGTCACGCACATGCCTGACCAGTATAAGATCGTAGAGACTCTCATCCAGCATCATGACTGGTTTT	20855664	20861107	-5443	20861110	-5446	20861185	-5521	20855388	-5719	-5722	-5797
ENSMUST00000079746	TTTTCCTTTTCTACGTTGGAACGTGCCCCGGAATGTGGCCGTCGGCACACTTCTCAGGACAATGAATCCTTCCTGTT	33248277	33248683	-406	33248686	-409	33249106	-829	33248354	-329	-332	-752
ENSMUST00000154230	ATTGAGGCCAATCGCAAAGAGGACCCACTGGATCGGCTACGAACATTAAAGAGACTAATTCATGACCTGCCTGAGCA	20859102	20853978	5124	20854232	4870	20854934	4168	20858940	4962	4708	4006
ENSMUST00000154230	ATTGAGGCCAATCGCAAAGAGGACCCACTGGATCGGCTACGAACATTAAAGAGACTAATTCATGACCTGCCTGAGCA	20859102	20861107	-2005	20861110	-2008	20861185	-2083	20858940	-2167	-2170	-2245
ENSMUST00000106224	AAAAACCTCCAGGCCCACTATGAAGACTTTCTACAGGACAGCCATGACTCTGCCCTCTTCTCTGTGGCCGATCGCTT	123493997	123368832	125165	123368835	125162	123369804	124193	123494074	125242	125239	124270
ENSMUST00000106224	AAAAACCTCCAGGCCCACTATGAAGACTTTCTACAGGACAGCCATGACTCTGCCCTCTTCTCTGTGGCCGATCGCTT	123493997	123368832	125165	123368835	125162	123369804	124193	123494074	125242	125239	124270
ENSMUST00000106224	AAAAACCTCCAGGCCCACTATGAAGACTTTCTACAGGACAGCCATGACTCTGCCCTCTTCTCTGTGGCCGATCGCTT	123493997	123368832	125165	123368835	125162	123369804	124193	123494074	125242	125239	124270
ENSMUST00000108858	CAGCAATGACAACAAGACCTTCGACTCTTCCTGCCACTTCTTTGCCACCAAGTGCACCCTGGAGGGCACCAAGAAGG	55401961	55407273	-5312	55407276	-5315	55409927	-7966	55402038	-5235	-5238	-7889
ENSMUST00000108858	CAGCAATGACAACAAGACCTTCGACTCTTCCTGCCACTTCTTTGCCACCAAGTGCACCCTGGAGGGCACCAAGAAGG	55401961	55407273	-5312	55407279	-5318	55409927	-7966	55402038	-5235	-5241	-7889
ENSMUST00000108858	CAGCAATGACAACAAGACCTTCGACTCTTCCTGCCACTTCTTTGCCACCAAGTGCACCCTGGAGGGCACCAAGAAGG	55401961	55407276	-5315	55407279	-5318	55409927	-7966	55402038	-5238	-5241	-7889
ENSMUST00000064054	AAATTCTGTTTCACTTTGTGTAGTGAACCCCATGGTAGTTTTCTGATCGTTGTTAAAAAAAATGACTTAACATATTA	108500645	108636664	-136019	108636673	-136028	108642213	-141568	108500722	-135942	-135951	-141491
ENSMUST00000107157	TCCGTGTCATTTACTCTGTGACTCTGTCTGTACATAACTGGAATTCGGATGGCAAACTGTACATAGGCTGTTTGGAGT	86991363	87011760	-20397	87011772	-20409	87028245	-36882	86991441	-20319	-20331	-36804
ENSMUST00000161046	CTTTCAGTGATCTGTGTGCATCTGTAAAGGCAAACCAGAGAAAACAGCCCTAGTCAATAGTGTTCTCCTCACCATGTCC	8690695	8698809	-8114	8698850	-8155	8699142	-8447	8690774	-8035	-8076	-8368
ENSMUST00000115386	ACTTCTACTTTTATAGAAACCCAACCACCCGCAACCACTGCAAATCTATCTGCTCTCTGGACGATTTCAAGACCCTCTGA	8072439	8095047	-22608	8095180	-22741	8107001	-34562	8072519	-22528	-22661	-34482
ENSMUST00000187541	TTGGCCGCCATTTGAGTACATGATCCTGGCCACCATCATTGCCAACTGCATCGTCTTGGCCCTGGAGCAGCATCTTCCTGA	154726351	154486707	239644	154488133	238218	154488784	237567	154701351	214644	213218	212567
ENSMUST00000196398	AACACTAGCTAGGCAATGGGATACTGAGCTAACAGTGGAGGCTTAGAGCATTGTAGACCACCATTTTTCTTTTTTTTTTTTTTT	133467008	133469639	-2631	133469767	-2759	133471339	-4331	133467092	-2547	-2675	-4247
ENSMUST00000196398	AACACTAGCTAGGCAATGGGATACTGAGCTAACAGTGGAGGCTTAGAGCATTGTAGACCACCATTTTTCTTTTTTTTTTTTTTT	133467008	133469639	-2631	133469767	-2759	133471339	-4331	133467092	-2547	-2675	-4247
ENSMUST00000182660	AAAAACGTATCCCAGTTTACTGTGTTGAGTTGGCATTGTACAGAAATTAACAGCCATATTGGTCTAGAAATGTTGAACTTAATT	162672446	162723281	-50835	162723287	-50841	162724703	-52257	162672530	-50751	-50757	-52173
ENSMUST00000111398	TGCTGACTCCCGAGACTGAGGAAGGAGCCCCTGAGTCTGCCTGCGCGTCCATCCGTCCGTCCGTCCACTCATCTGTCCATCCAGA	125017452	125037376	-19924	125037379	-19927	125037860	-20408	125017537	-19839	-19842	-20323
ENSMUST00000111398	TGCTGACTCCCGAGACTGAGGAAGGAGCCCCTGAGTCTGCCTGCGCGTCCATCCGTCCGTCCGTCCACTCATCTGTCCATCCAGA	125017452	125041964	-24512	125041967	-24515	125042744	-25292	125017537	-24427	-24430	-25207
ENSMUST00000111398	TGCTGACTCCCGAGACTGAGGAAGGAGCCCCTGAGTCTGCCTGCGCGTCCATCCGTCCGTCCGTCCACTCATCTGTCCATCCAGA	125017452	125051058	-33606	125051118	-33666	125055732	-38280	125017537	-33521	-33581	-38195
ENSMUST00000020027	CAGCAGTCTGGGTGAAAATCTCTTCCAGTTGGATTGGCCTTGTGCTGTACGTGTGGACACTAGTGGCACCACTTGTTCTTACAAA	57515817	57523987	-8170	57524098	-8281	57524319	-8502	57515902	-8085	-8196	-8417
ENSMUST00000039327	AAGAAGTCTGCTACTACATGCTCTTTGCCCTAGCCGCCTATGGCTGGCCCATGTACCTGATGAGGAAGCCCACCTGTGGTCTCTGCC	10260678	10254949	5729	10255062	5616	10255660	5018	10260765	5816	5703	5105
ENSMUST00000117509	AAGGCCAAAAACTATGCAGATCAGATTTCCCGACTGGAGGAACGAGAATCGGAGATGAAGAAGGAATACAATGCCCTGCACCAGCGGC	24927926	24918136	9790	24918139	9787	24920471	7455	24924212	6076	6073	3741
ENSMUST00000117509	AAGGCCAAAAACTATGCAGATCAGATTTCCCGACTGGAGGAACGAGAATCGGAGATGAAGAAGGAATACAATGCCCTGCACCAGCGGC	24927926	24918136	9790	24918139	9787	24923815	4111	24924212	6076	6073	397
ENSMUST00000154230	CTGGAAGATTCTGTGCTGATGAAGTATTGCCCAAGGAGCGCGTCTCAAGGAGCGCTGACCTCACCGCCTGTTAGCTTCAATAATCATA	20880826	20853978	26848	20854232	26594	20854934	25892	20880914	26936	26682	25980
ENSMUST00000154230	CTGGAAGATTCTGTGCTGATGAAGTATTGCCCAAGGAGCGCGTCTCAAGGAGCGCTGACCTCACCGCCTGTTAGCTTCAATAATCATA	20880826	20861107	19719	20861110	19716	20861185	19641	20880914	19807	19804	19729
ENSMUST00000097368	TTTATTGAGCATATCCTGTGGCATGTGGGACTCTCAGCCTGCCTTGGACTGACTGTTGCTCTGTCCATCTTTTCGGATATCATCGCCCT	25931703	25931573	130	25931673	30	25932104	-401	25931792	219	119	-312
ENSMUST00000097368	TTTATTGAGCATATCCTGTGGCATGTGGGACTCTCAGCCTGCCTTGGACTGACTGTTGCTCTGTCCATCTTTTCGGATATCATCGCCCT	25931703	25931827	-124	25932231	-528	25934757	-3054	25931792	-35	-439	-2965
ENSMUST00000117945	GAAGGGGTCCTGTCATAGCCTGGACCCTACTCCACTGCCACATCCCCACCAGCTGCGGGTGTGTACATAGAAACTGAAATCAGGCACTCAG	17840699	17858570	-17871	17858579	-17880	17859403	-18704	17840790	-17780	-17789	-18613
ENSMUST00000117945	GAAGGGGTCCTGTCATAGCCTGGACCCTACTCCACTGCCACATCCCCACCAGCTGCGGGTGTGTACATAGAAACTGAAATCAGGCACTCAG	17840699	17859523	-18824	17859526	-18827	17872562	-31863	17840790	-18733	-18736	-31772
ENSMUST00000111905	AATTGCCGGAGACTCCTTAAATCTATATATTCGGGCTACTAACCTCACATGCACATGGAATAATGGCTCTGGATTCTGCATTGTGAGCCGC	136171561	136172937	-1376	136173103	-1542	136173329	-1768	136171652	-1285	-1451	-1677
ENSMUST00000111905	AATTGCCGGAGACTCCTTAAATCTATATATTCGGGCTACTAACCTCACATGCACATGGAATAATGGCTCTGGATTCTGCATTGTGAGCCGC	136171561	136172937	-1376	136173103	-1542	136173472	-1911	136171652	-1285	-1451	-1820
ENSMUST00000140471	TTAGGTAGATAGAGGCTGTGCCTCCTTCAGGAAGAGACACTGTCCTTATAACTTCTGGTCAGTGCTGAGTCACAGGCATTGAGGGAGGAGGG	77909849	77930654	-20805	77930657	-20808	77932134	-22285	77909941	-20713	-20716	-22193
ENSMUST00000140471	TTAGGTAGATAGAGGCTGTGCCTCCTTCAGGAAGAGACACTGTCCTTATAACTTCTGGTCAGTGCTGAGTCACAGGCATTGAGGGAGGAGGG	77909849	77969294	-59445	77969299	-59450	77970401	-60552	77909941	-59353	-59358	-60460
ENSMUST00000239177	CGGAATTTCTCTCCAAATGCTCCTGCTCACTTTTCCTTCGTTCCTGCCCGTAGCCATGGCCACAGAACAGACAGGACTGATGGACGGCGCTG	116337448	116308334	29114	116308337	29111	116308646	28802	116330414	22080	22077	21768
ENSMUST00000239177	CGGAATTTCTCTCCAAATGCTCCTGCTCACTTTTCCTTCGTTCCTGCCCGTAGCCATGGCCACAGAACAGACAGGACTGATGGACGGCGCTG	116337448	116316006	21442	116316031	21417	116316462	20986	116330414	14408	14383	13952
ENSMUST00000239177	CGGAATTTCTCTCCAAATGCTCCTGCTCACTTTTCCTTCGTTCCTGCCCGTAGCCATGGCCACAGAACAGACAGGACTGATGGACGGCGCTG	116337448	116391631	-54183	116391634	-54186	116430405	-92957	116330414	-61217	-61220	-99991
ENSMUST00000041391	AGGCCATGGCCAGCGAGCTGAGAGAGCACCGGGCTGCACATCTGGGAAAGAAGGCCCGAGGCAAGGAGGCGGATGAGCAGCGGCAGAAGGAGG	46313352	46320963	-7611	46320966	-7614	46322055	-8703	46312087	-8876	-8879	-9968
ENSMUST00000108407	CCAGTTCCAGAAGATCTCTGAGGAACTCAAAGTGAAAGGGCCCAAGGACTCTAAGGACAGCCATACATCAGTCACCATGGAAGCTCTGCTGTA	76472578	76459272	13306	76459346	13232	76461292	11286	76464253	4981	4907	2961
ENSMUST00000108407	CCAGTTCCAGAAGATCTCTGAGGAACTCAAAGTGAAAGGGCCCAAGGACTCTAAGGACAGCCATACATCAGTCACCATGGAAGCTCTGCTGTA	76472578	76459272	13306	76459346	13232	76461292	11286	76464253	4981	4907	2961
ENSMUST00000030806	ACTTGGAGTTTTCTCTCCTAAAAAGACCCCACATCTTGTTAACCTCAATGAAGACCCATTAATGTCGGAGTGTTTGCTCTATTACATCAAGGA	149251806	149258003	-6197	149258081	-6275	149261159	-9353	149247232	-10771	-10849	-13927
ENSMUST00000030806	ACTTGGAGTTTTCTCTCCTAAAAAGACCCCACATCTTGTTAACCTCAATGAAGACCCATTAATGTCGGAGTGTTTGCTCTATTACATCAAGGA	149251806	149258003	-6197	149258081	-6275	149262135	-10329	149247232	-10771	-10849	-14903
ENSMUST00000106983	CTGACACTTCTCAGCAGGATCCACATACCCTAAGGAGTGGAAGACTCCTTGGCGCTTGGTGCTTCAACCGGACTGACTTCCTGGGCCTGGAGTT	101869272	101864094	5178	101864106	5166	101868397	875	101868460	4366	4354	63
ENSMUST00000106983	CTGACACTTCTCAGCAGGATCCACATACCCTAAGGAGTGGAAGACTCCTTGGCGCTTGGTGCTTCAACCGGACTGACTTCCTGGGCCTGGAGTT	101869272	101868467	805	101868551	721	101868992	280	101868460	-7	-91	-532
ENSMUST00000106983	CTGACACTTCTCAGCAGGATCCACATACCCTAAGGAGTGGAAGACTCCTTGGCGCTTGGTGCTTCAACCGGACTGACTTCCTGGGCCTGGAGTT	101869272	101868467	805	101868551	721	101869156	116	101868460	-7	-91	-696
ENSMUST00000106983	CTGACACTTCTCAGCAGGATCCACATACCCTAAGGAGTGGAAGACTCCTTGGCGCTTGGTGCTTCAACCGGACTGACTTCCTGGGCCTGGAGTT	101869272	101868467	805	101868554	718	101869156	116	101868460	-7	-94	-696
ENSMUST00000106983	CTGACACTTCTCAGCAGGATCCACATACCCTAAGGAGTGGAAGACTCCTTGGCGCTTGGTGCTTCAACCGGACTGACTTCCTGGGCCTGGAGTT	101869272	101868551	721	101868554	718	101869156	116	101868460	-91	-94	-696
ENSMUST00000106983	CTGACACTTCTCAGCAGGATCCACATACCCTAAGGAGTGGAAGACTCCTTGGCGCTTGGTGCTTCAACCGGACTGACTTCCTGGGCCTGGAGTT	101869272	101868467	805	101868470	802	101869156	116	101868460	-7	-10	-696
ENSMUST00000106983	CTGACACTTCTCAGCAGGATCCACATACCCTAAGGAGTGGAAGACTCCTTGGCGCTTGGTGCTTCAACCGGACTGACTTCCTGGGCCTGGAGTT	101869272	101868470	802	101868551	721	101869156	116	101868460	-10	-91	-696
ENSMUST00000021091	CCTCCTTCCTCCCTTCCCTCTCCCTCCCCCTCCCCCGCTGGTGGATGGGAGTGAAGGACGGAAGAGGCCCTGCGGAGGCGGTGGTGCAGCGCTCCG	74724575	74677742	46833	74679614	44961	74683458	41117	74699312	21570	19698	15854
ENSMUST00000140901	CTCCAAACCAGAAGACCCTGGGAGGCACTGGCAGGGACCTGGGCCTCTCACCCTGTGACACTCTTAACTGCGTTGACTCTGATTGCATTGCCACCCT	81366596	81368596	-2000	81368756	-2160	81369073	-2477	81366693	-1903	-2063	-2380
ENSMUST00000177302	ACAAAAGACTCTTTGTTACCCAGGTCTCCTGTAAAACCTATGGACTCCATCACATCGCCATCTATAGCAGAACTCCACAACAGTGTTACGAGTTGTGAT	44997282	45017465	-20183	45017468	-20186	45022846	-25564	44997381	-20084	-20087	-25465
ENSMUST00000107158	GTTTTCTCTGGCTGGCTAGACGTACAGCGACTCCGTGTCATTTACTCTGTGACTCTGTCTGTACATAACTGGAATTCGGATGGCAAACTGTACATAGGCTGTT	86991336	87011760	-20424	87011772	-20436	87028245	-36909	86991439	-20321	-20333	-36806
ENSMUST00000060537	CCTCCTCCACTTGCCCCTCCTTGGTGGACTCCAGGAGCAGCTCTATGGATCAGAAGACCCCAGAAGCCAACTCTCGTGCCTCCAGTCCCTGCCAAGAATTTGA	149184420	149258003	-73583	149258081	-73661	149261159	-76739	149182361	-75642	-75720	-78798
ENSMUST00000060537	CCTCCTCCACTTGCCCCTCCTTGGTGGACTCCAGGAGCAGCTCTATGGATCAGAAGACCCCAGAAGCCAACTCTCGTGCCTCCAGTCCCTGCCAAGAATTTGA	149184420	149258003	-73583	149258081	-73661	149262135	-77715	149182361	-75642	-75720	-79774
ENSMUST00000187541	AAACCTTCACTCACTATATCAAGGACTTGGGAACTTCTTAGCATTTCTTCTAAGCATTGAATTTTTTTAAGGAAACCTCCATCTTAATGGGACTGAGGCTAAGTT	154397008	154486707	-89699	154488133	-91125	154488784	-91776	154397113	-89594	-91020	-91671
ENSMUST00000102930	TGAAGACTCTGACAACAGTGCAATTTATGTGCAAGGATTAAATGACAATGTGACTCTGGATGATCTGGCAGACTTCTTTAAGCAGTGTGGGGTTGTCAAGATGAAC	5078503	5078579	-76	5078591	-88	5078919	-416	5072830	-5749	-5761	-6089
ENSMUST00000078226	CAGACAGGTCTGGGAGTTCTGTTCCACCTGAGTGGAGAGTTCAATAGAGCAATCGATGCATTTAATGCTGCCTTAACAGTTCGGCCAGAGGATTACTCACTGTGGAACCGT	32953124	33006043	-52919	33006046	-52922	33007121	-53997	32952505	-53538	-53541	-54616
ENSMUST00000078226	CAGACAGGTCTGGGAGTTCTGTTCCACCTGAGTGGAGAGTTCAATAGAGCAATCGATGCATTTAATGCTGCCTTAACAGTTCGGCCAGAGGATTACTCACTGTGGAACCGT	32953124	33006043	-52919	33006046	-52922	33014964	-61840	32952505	-53538	-53541	-62459
ENSMUST00000078226	CAGACAGGTCTGGGAGTTCTGTTCCACCTGAGTGGAGAGTTCAATAGAGCAATCGATGCATTTAATGCTGCCTTAACAGTTCGGCCAGAGGATTACTCACTGTGGAACCGT	32953124	33082135	-129011	33082229	-129105	33082815	-129691	32952505	-129630	-129724	-130310
ENSMUST00000100143	TTGACAATTGTTTTGCAGCGAACTGGTGACCCTGCTAATTTAAATAGGCTGAGACCTCATTTAGAGCTTCTTGCAAACATAGACCCTAATCCAGATGCTGTTTCACCAACT	37399865	37389774	10091	37389890	9975	37398243	1622	37399610	9836	9720	1367
ENSMUST00000100143	TTGACAATTGTTTTGCAGCGAACTGGTGACCCTGCTAATTTAAATAGGCTGAGACCTCATTTAGAGCTTCTTGCAAACATAGACCCTAATCCAGATGCTGTTTCACCAACT	37399865	37389774	10091	37389890	9975	37398243	1622	37399610	9836	9720	1367
ENSMUST00000055647	AGCAGAGACTGGATCTGATGCGAGAGATGTATGACAGGGCAGGGGAGGTGGCCTCCAGTGCCCAAGATGACAGCGAGACGACCATGACCGGCAGCGACCCATTCTACGATC	149222249	149258003	-35754	149258081	-35832	149261159	-38910	149222360	-35643	-35721	-38799
ENSMUST00000055647	AGCAGAGACTGGATCTGATGCGAGAGATGTATGACAGGGCAGGGGAGGTGGCCTCCAGTGCCCAAGATGACAGCGAGACGACCATGACCGGCAGCGACCCATTCTACGATC	149222249	149258003	-35754	149258081	-35832	149262135	-39886	149222360	-35643	-35721	-39775
ENSMUST00000044443	CCAAGATGAGCAGGAGCGGATGGAAGAAAGGCTGGCTTACATCGCTGATCACCTTGGCTTCAGCTGGACAGAATTAGCAAGAGAACTGGATTTCACTGAGGAGCAAATTCA	126940092	126976932	-36840	126976947	-36855	126979255	-39163	126937795	-39137	-39152	-41460
ENSMUST00000044443	CCAAGATGAGCAGGAGCGGATGGAAGAAAGGCTGGCTTACATCGCTGATCACCTTGGCTTCAGCTGGACAGAATTAGCAAGAGAACTGGATTTCACTGAGGAGCAAATTCA	126940092	126976932	-36840	126976947	-36855	126981799	-41707	126937795	-39137	-39152	-44004
ENSMUST00000123853	GAAAAAGAAATGGCAGCCATCTTTGCAAATACCAGACATGTGAAAGGACACAGGATCCGTGTAGAAATGAACTTTCTGAACTGTACAGTTTTTCAGCCTCTCTTGCTAGCAG	78513495	78503022	10473	78503025	10470	78507724	5771	78513607	10585	10582	5883
ENSMUST00000238956	AAGGCAACTCGACCAGTATTATTAACCCAAAGAACCCAAAGGAAGCACCAAAGTCCTTCAGCTTTGACTACTCCTACTGGTCCCACACCTCGCCTGAAGATCCCTGTTTTGCATC	149291463	149258003	33460	149258081	33382	149261159	30304	149274942	16939	16861	13783
ENSMUST00000238956	AAGGCAACTCGACCAGTATTATTAACCCAAAGAACCCAAAGGAAGCACCAAAGTCCTTCAGCTTTGACTACTCCTACTGGTCCCACACCTCGCCTGAAGATCCCTGTTTTGCATC	149291463	149258003	33460	149258081	33382	149262135	29328	149274942	16939	16861	12807
ENSMUST00000050288	TAGCGACAAGTACTGCACCCCGCGATACAGTGAATTTGAAGAACTTGAGCGTAAATACTGGAAAAACCTCACATTCAATCCTCCCATCTATGGAGCAGACGTGAATGGTACTCTC	118175723	118177563	-1840	118177576	-1853	118179601	-3878	118170031	-7532	-7545	-9570
ENSMUST00000142817	CGTGCACTACAGAAGAGGCATGATGACTTTGAAGAAGTGGCACAGAATACATACACCAATGCGGACAAGCTCCTAGAAGCAGCGGAGCAGCTGGCTCAGACTGGGGAATGTGACCC	34294204	34013676	280528	34013681	280523	34013957	280247	34262708	249032	249027	248751
ENSMUST00000142817	CGTGCACTACAGAAGAGGCATGATGACTTTGAAGAAGTGGCACAGAATACATACACCAATGCGGACAAGCTCCTAGAAGCAGCGGAGCAGCTGGCTCAGACTGGGGAATGTGACCC	34294204	34220247	73957	34220274	73930	34227026	67178	34262708	42461	42434	35682
ENSMUST00000161779	TCCACCCCAGTCAGTATCCAGCCCAGTTTGCCCACCAGACCTATATCAGCGCCTCGCCAGCCTCCACCGTCTACACTGGATACCCACTGAGTCCTGCCAAGGTCAACCAATACCCT	38694741	38721594	-26853	38721597	-26856	38729920	-35179	38694857	-26737	-26740	-35063
ENSMUST00000161779	TCCACCCCAGTCAGTATCCAGCCCAGTTTGCCCACCAGACCTATATCAGCGCCTCGCCAGCCTCCACCGTCTACACTGGATACCCACTGAGTCCTGCCAAGGTCAACCAATACCCT	38694741	38730995	-36254	38731076	-36335	38737357	-42616	38694857	-36138	-36219	-42500
ENSMUST00000161779	TCCACCCCAGTCAGTATCCAGCCCAGTTTGCCCACCAGACCTATATCAGCGCCTCGCCAGCCTCCACCGTCTACACTGGATACCCACTGAGTCCTGCCAAGGTCAACCAATACCCT	38694741	38721594	-26853	38721597	-26856	38729920	-35179	38694857	-26737	-26740	-35063
ENSMUST00000161779	TCCACCCCAGTCAGTATCCAGCCCAGTTTGCCCACCAGACCTATATCAGCGCCTCGCCAGCCTCCACCGTCTACACTGGATACCCACTGAGTCCTGCCAAGGTCAACCAATACCCT	38694741	38730995	-36254	38731076	-36335	38737357	-42616	38694857	-36138	-36219	-42500
ENSMUST00000109830	AACAAGAAGGGAAATGACAACCAAAGGTTCTACAGGCATGGAAGTTCTGTTGTCAACATTGGAGAACACGAAAGATCTTCAGACTGTACTTAATATCCTAAGCATTCTCATTGAGC	59533179	59473817	59362	59474712	58467	59475659	57520	59532069	58252	57357	56410
ENSMUST00000190723	GACGAATTGTGCTCCCCCCAGAGGTTGTGCGTGTTGTGGTTTCTTCCAAAATTGCTCTGGTGGGAAGTTCGGAATGCCAGGAAGGTCAGAGGGCCCGAGACCCAGGGTATTGCCGCT	93018188	93046770	-28582	93046858	-28670	93052423	-34235	93018305	-28465	-28553	-34118
ENSMUST00000190723	GACGAATTGTGCTCCCCCCAGAGGTTGTGCGTGTTGTGGTTTCTTCCAAAATTGCTCTGGTGGGAAGTTCGGAATGCCAGGAAGGTCAGAGGGCCCGAGACCCAGGGTATTGCCGCT	93018188	93046770	-28582	93046858	-28670	93052423	-34235	93018305	-28465	-28553	-34118
ENSMUST00000112476	TAAAGTGGGGTCACGGGCATGAGTGTTTCAGTGCTTACCATGGTGTGTATAAGCCTTGAACTATGCATAGAACTGGAGTTTGGGGAGTGCTGGATGTGTGGTCATGCTTGGTTGAGGC	124760474	124768337	-7863	124768720	-8246	124769248	-8774	124760592	-7745	-8128	-8656
ENSMUST00000088644	CTCCTCTGGAACAGCTGTGTCTACTTCTGTTTCTCAGCCTGGTATGGTTCATCCTTTGGTCATCTCATCAGCTGTAGTTTCTACACCTGGCCTCCCCCAACCAGTAGTACCTACTTCTAC	119948798	119944784	4014	119944800	3998	119946236	2562	119948918	4134	4118	2682
ENSMUST00000110136	GACAATGAGTTCAAGTGCAGGCACTCACAGCCAGAATGTGGGTATGGCTTACAGCCCGATCGTTGGACAGAGTACAGCATACAGACAATGGAACCAGATAATCTGGAGCTCATCTTTGACTT	132550432	132572254	-21822	132572257	-21825	132578067	-27635	132547557	-24697	-24700	-30510
ENSMUST00000030806	ATCATTCAGATGCAAGGCAACTCGACCAGTATTATTAACCCAAAGAACCCAAAGGAAGCACCAAAGTCCTTCAGCTTTGACTACTCCTACTGGTCCCACACCTCGCCTGAAGATCCCTGTTTT	149291450	149258003	33447	149258081	33369	149261159	30291	149274937	16934	16856	13778
ENSMUST00000030806	ATCATTCAGATGCAAGGCAACTCGACCAGTATTATTAACCCAAAGAACCCAAAGGAAGCACCAAAGTCCTTCAGCTTTGACTACTCCTACTGGTCCCACACCTCGCCTGAAGATCCCTGTTTT	149291450	149258003	33447	149258081	33369	149262135	29315	149274937	16934	16856	12802
ENSMUST00000060537	TCAAACTTGTGGGAAGCTCCCCTATTTTCCACGGCTGTGTGAATGAGCGCCTTGCCGACCGCACACCCTCCCCCACTTTTTCCACGGCCGATTCCGACATCACTGAACTGGCTGACGAGCAGCA	149220552	149258003	-37451	149258081	-37529	149261159	-40607	149220676	-37327	-37405	-40483
ENSMUST00000060537	TCAAACTTGTGGGAAGCTCCCCTATTTTCCACGGCTGTGTGAATGAGCGCCTTGCCGACCGCACACCCTCCCCCACTTTTTCCACGGCCGATTCCGACATCACTGAACTGGCTGACGAGCAGCA	149220552	149258003	-37451	149258081	-37529	149262135	-41583	149220676	-37327	-37405	-41459
ENSMUST00000060537	TCAAACTTGTGGGAAGCTCCCCTATTTTCCACGGCTGTGTGAATGAGCGCCTTGCCGACCGCACACCCTCCCCCACTTTTTCCACGGCCGATTCCGACATCACTGAACTGGCTGACGAGCAGCA	149220552	149258003	-37451	149258081	-37529	149261159	-40607	149220676	-37327	-37405	-40483
ENSMUST00000060537	TCAAACTTGTGGGAAGCTCCCCTATTTTCCACGGCTGTGTGAATGAGCGCCTTGCCGACCGCACACCCTCCCCCACTTTTTCCACGGCCGATTCCGACATCACTGAACTGGCTGACGAGCAGCA	149220552	149258003	-37451	149258081	-37529	149262135	-41583	149220676	-37327	-37405	-41459
ENSMUST00000055647	AGAAGCCAACTCTCGTGCCTCCAGTCCCTGCCAAGAATTTGAACAGTTTCAGATCGTCCCAACTGTGGAGACACCCTATTTGGCCCGAGCAGGGAAGAATGAATTTCTCAATCTTGTTCCAGAC	149182317	149258003	-75686	149258081	-75764	149261159	-78842	149181833	-76170	-76248	-79326
ENSMUST00000055647	AGAAGCCAACTCTCGTGCCTCCAGTCCCTGCCAAGAATTTGAACAGTTTCAGATCGTCCCAACTGTGGAGACACCCTATTTGGCCCGAGCAGGGAAGAATGAATTTCTCAATCTTGTTCCAGAC	149182317	149258003	-75686	149258081	-75764	149262135	-79818	149181833	-76170	-76248	-80302
ENSMUST00000001480	ATGGAGAACTGGGGCCTTGTTACTTATAGGGAAACGGCCTTGCTTATTGATCCAAAAAACTCGTGTTCTTCATCACGCCAGTGGGTTGCTCTGGTTGTGGGACATGAACTCGCCCATCAATGGTT	97241816	97236169	5647	97236221	5595	97238093	3723	97241033	4864	4812	2940
ENSMUST00000154230	ACATATTCCTGCATCTGCTGTCATCTCCGCCTCTACTGCCCACGTCCCCTCCATTGCAACTGTTCCCCCCAGCCTCACGACCTCTGCTCCTTTGATTCGACGTCAGCTCTCCCACGACCAAGAATCT	20871655	20853978	17677	20854232	17423	20854934	16721	20871406	17428	17174	16472
ENSMUST00000154230	ACATATTCCTGCATCTGCTGTCATCTCCGCCTCTACTGCCCACGTCCCCTCCATTGCAACTGTTCCCCCCAGCCTCACGACCTCTGCTCCTTTGATTCGACGTCAGCTCTCCCACGACCAAGAATCT	20871655	20861107	10548	20861110	10545	20861185	10470	20871406	10299	10296	10221
ENSMUST00000154230	ACATATTCCTGCATCTGCTGTCATCTCCGCCTCTACTGCCCACGTCCCCTCCATTGCAACTGTTCCCCCCAGCCTCACGACCTCTGCTCCTTTGATTCGACGTCAGCTCTCCCACGACCAAGAATCT	20871655	20853978	17677	20854232	17423	20854934	16721	20871406	17428	17174	16472
ENSMUST00000154230	ACATATTCCTGCATCTGCTGTCATCTCCGCCTCTACTGCCCACGTCCCCTCCATTGCAACTGTTCCCCCCAGCCTCACGACCTCTGCTCCTTTGATTCGACGTCAGCTCTCCCACGACCAAGAATCT	20871655	20861107	10548	20861110	10545	20861185	10470	20871406	10299	10296	10221
ENSMUST00000055647	TGGAGTTTTCTCTCCTAAAAAGACCCCACATCTTGTTAACCTCAATGAAGACCCATTAATGTCGGAGTGTTTGCTCTATTACATCAAGGATGGAATTACAAGGGTTGGCCAGGCAGATGCTGAGCGGCGCC	149251809	149258003	-6194	149258081	-6272	149261159	-9350	149247273	-10730	-10808	-13886
ENSMUST00000055647	TGGAGTTTTCTCTCCTAAAAAGACCCCACATCTTGTTAACCTCAATGAAGACCCATTAATGTCGGAGTGTTTGCTCTATTACATCAAGGATGGAATTACAAGGGTTGGCCAGGCAGATGCTGAGCGGCGCC	149251809	149258003	-6194	149258081	-6272	149262135	-10326	149247273	-10730	-10808	-14862
ENSMUST00000092971	CAGTTCTGCTTCCTCCTGTCCACCCGAGCTGGTGGCCTGGGCATCAACTTGGCCACTGCTGACACTGTCATCATCTTCGATTCTGACTGGAACCCCCATAATGACATCCAGGCCTTCAGCAGAGCCCATCGGAT	69354097	69355772	-1675	69355820	-1723	69356206	-2109	69353709	-2063	-2111	-2497
ENSMUST00000092971	CAGTTCTGCTTCCTCCTGTCCACCCGAGCTGGTGGCCTGGGCATCAACTTGGCCACTGCTGACACTGTCATCATCTTCGATTCTGACTGGAACCCCCATAATGACATCCAGGCCTTCAGCAGAGCCCATCGGAT	69354097	69361224	-7127	69361242	-7145	69361384	-7287	69353709	-7515	-7533	-7675
ENSMUST00000092971	CAGTTCTGCTTCCTCCTGTCCACCCGAGCTGGTGGCCTGGGCATCAACTTGGCCACTGCTGACACTGTCATCATCTTCGATTCTGACTGGAACCCCCATAATGACATCCAGGCCTTCAGCAGAGCCCATCGGAT	69354097	69361523	-7426	69361535	-7438	69361670	-7573	69353709	-7814	-7826	-7961
ENSMUST00000074352	ATCTGGTACAGTGGGGATGACCTGAAAGAGAAGAGGCAGTGCTGTGCCACAGCTGCCCCCTTGGAGCCCTGCTCATGGCCAGTGAGAAGCTGTTGGCTGCAGCTCCTATCCCCACACTGTAATACTCAGCTCTA	12755561	12929089	-173528	12929093	-173532	12933579	-178018	12755695	-173394	-173398	-177884
ENSMUST00000031411	TTACGCTGGCTGGGCTGACAAGTACCATGGGAAAACCATTCCCATCGACGGCGACTTCTTCAGCTATACCCGCCATGAGCCTGTGGGCGTGTGTGGACAGATCATTCCGTGGAACTTCCCGCTCCTGATGCAAGC	121576464	121579741	-3277	121579744	-3280	121580613	-4149	121575927	-3814	-3817	-4686
ENSMUST00000105575	GGGTTTTGTGGGCTGTCTGCGGGACGTGGTAGTGGGCCATCGCCAGCTGCATCTGCTGGAGGACGCTGTCACCAAACCAGAGCTAAGACCCTGCCCCACTCTCTGAGCTGCCACTAGAGCTGCCACCTTCCCTCCTGTA	156165379	156167809	-2430	156168569	-3190	156168732	-3353	156165518	-2291	-3051	-3214
ENSMUST00000044443	GATCCCCAGCCACCAGGTGTCTGCGCTAGCCAAGGAGGCAGAAAGGAATTCTTATCGTCTGAGCTGGGGCACTGAGAACTTAGACAACGTGGCTCTTTCTTCCAGTCCTATTCATTCAGGTTTCCTAGTCAGTTTTATGG	126976936	126976932	4	126976947	-11	126979255	-2319	126964964	-11968	-11983	-14291
ENSMUST00000044443	GATCCCCAGCCACCAGGTGTCTGCGCTAGCCAAGGAGGCAGAAAGGAATTCTTATCGTCTGAGCTGGGGCACTGAGAACTTAGACAACGTGGCTCTTTCTTCCAGTCCTATTCATTCAGGTTTCCTAGTCAGTTTTATGG	126976936	126976932	4	126976947	-11	126981799	-4863	126964964	-11968	-11983	-16835
ENSMUST00000025253	AATGAGGAATGGGAGACTGCATCAGAGAGCAGCGACTTTGCCAGTGAGCGCCGGGGTGACAAGGAGACTCCCCCAGCAGCACTTATGACCTCTAAAGCTGTGGGGACTCCTGGGGCCAATGCAGGTGGGGCTGGACCAGGCATTT	35156855	35150902	5953	35150905	5950	35152617	4238	35157000	6098	6095	4383
ENSMUST00000108407	AAGTGCTACGACAAGACCAAGGTCAACAAAGACAACAATGAGATTGTGGACAAGATCATGGGCAAGGGGCAGATCCAGCTGGATCCACAGACAGTAGAAAGCAAGAACTGGCATACGGACGTGATTGAAATGAATGGGATCAAAG	76451921	76459272	-7351	76459346	-7425	76461292	-9371	76424937	-34335	-34409	-36355
ENSMUST00000108407	AAGTGCTACGACAAGACCAAGGTCAACAAAGACAACAATGAGATTGTGGACAAGATCATGGGCAAGGGGCAGATCCAGCTGGATCCACAGACAGTAGAAAGCAAGAACTGGCATACGGACGTGATTGAAATGAATGGGATCAAAG	76451921	76459272	-7351	76459346	-7425	76461292	-9371	76424937	-34335	-34409	-36355
ENSMUST00000237749	TTATATAGCATGGAGTCCAGATGACAGCTATCTTGTTGCTTGTGGTCCAGATGACTGCTCTGAGCTTTGGCTTTGGAATGTACAGACGGGAGAATTAAGAACAAAAATGAGCCAATCTCATGAAGACAGTTTGACCAGTGTGGCC	181187669	181203160	-15491	181203224	-15555	181209002	-21333	181186016	-17144	-17208	-22986
ENSMUST00000237749	TTATATAGCATGGAGTCCAGATGACAGCTATCTTGTTGCTTGTGGTCCAGATGACTGCTCTGAGCTTTGGCTTTGGAATGTACAGACGGGAGAATTAAGAACAAAAATGAGCCAATCTCATGAAGACAGTTTGACCAGTGTGGCC	181187669	181203160	-15491	181203224	-15555	181209050	-21381	181186016	-17144	-17208	-23034
ENSMUST00000101141	ATGGAACTCTCTGTAAATATACTGACCTTGCTTGTGGTCAGCTTTTGTGGCTTTACCCTGAACTCTGCCCTGGCAAATATGCACATTCATGCTTGATGCTTACCACTTATCAACAGATCCTCTTGCTTGACTTTAACAAAATAAATAGT	152612156	152617355	-5199	152617453	-5297	152618900	-6744	152612305	-5050	-5148	-6595
ENSMUST00000101141	ATGGAACTCTCTGTAAATATACTGACCTTGCTTGTGGTCAGCTTTTGTGGCTTTACCCTGAACTCTGCCCTGGCAAATATGCACATTCATGCTTGATGCTTACCACTTATCAACAGATCCTCTTGCTTGACTTTAACAAAATAAATAGT	152612156	152619446	-7290	152619639	-7483	152623125	-10969	152612305	-7141	-7334	-10820
ENSMUST00000101141	ATGGAACTCTCTGTAAATATACTGACCTTGCTTGTGGTCAGCTTTTGTGGCTTTACCCTGAACTCTGCCCTGGCAAATATGCACATTCATGCTTGATGCTTACCACTTATCAACAGATCCTCTTGCTTGACTTTAACAAAATAAATAGT	152612156	152623317	-11161	152623335	-11179	152644393	-32237	152612305	-11012	-11030	-32088
ENSMUST00000101141	ATGGAACTCTCTGTAAATATACTGACCTTGCTTGTGGTCAGCTTTTGTGGCTTTACCCTGAACTCTGCCCTGGCAAATATGCACATTCATGCTTGATGCTTACCACTTATCAACAGATCCTCTTGCTTGACTTTAACAAAATAAATAGT	152612156	152623317	-11161	152623335	-11179	152657423	-45267	152612305	-11012	-11030	-45118
ENSMUST00000009344	TGCAGGCTTTTGGACAGTCCTTTCTTCAGCCTGACATCCACCTGTTCAAACAAAATCTCTTCTACTTGGAGACTCTGAACACGAAGCAGAAACTATACCACAAAAAGATCTTCCGGACCACCATGCTGTTCCAGTTCGTGAACGTGCTGCT	126105117	126104789	328	126104934	183	126105100	17	126104773	-16	-161	-327
ENSMUST00000009344	TGCAGGCTTTTGGACAGTCCTTTCTTCAGCCTGACATCCACCTGTTCAAACAAAATCTCTTCTACTTGGAGACTCTGAACACGAAGCAGAAACTATACCACAAAAAGATCTTCCGGACCACCATGCTGTTCCAGTTCGTGAACGTGCTGCT	126105117	126108855	-3738	126108900	-3783	126109913	-4796	126104773	-4082	-4127	-5140
ENSMUST00000009344	TGCAGGCTTTTGGACAGTCCTTTCTTCAGCCTGACATCCACCTGTTCAAACAAAATCTCTTCTACTTGGAGACTCTGAACACGAAGCAGAAACTATACCACAAAAAGATCTTCCGGACCACCATGCTGTTCCAGTTCGTGAACGTGCTGCT	126105117	126129637	-24520	126129640	-24523	126131025	-25908	126104773	-24864	-24867	-26252
ENSMUST00000195826	TACTAAATGGACAGAGTGTTTTTGGACTGGATATCGTGGAAACTCCGGAGGGAGAAAAGTGGCCGCAATTGATTGTTCAGCAGAACTTGGATAGAGAACAAAAAGATACCTATGTGATGAAAATCAAAGTGGAGGATGGGGGCACGCCACAG	93886395	93326754	559641	93326880	559515	93560475	325920	93886547	559793	559667	326072
ENSMUST00000121759	TAGAGCAGATCTGTTAGGACAGAGCACCTTTGCAAATGCTCAGTGTTATCACAATCCTGTGTTTATAGAAGTAACTCTGCTGCAGCCATCACTCGCTGTTAGCAATAACTCTTGTGAGTTTTAGATCGTGCTTGTTGGGGTTCTAATCATTTCAACAGTAGTA	90938373	90940493	-2120	90940496	-2123	90944354	-5981	90938536	-1957	-1960	-5818
ENSMUST00000121759	TAGAGCAGATCTGTTAGGACAGAGCACCTTTGCAAATGCTCAGTGTTATCACAATCCTGTGTTTATAGAAGTAACTCTGCTGCAGCCATCACTCGCTGTTAGCAATAACTCTTGTGAGTTTTAGATCGTGCTTGTTGGGGTTCTAATCATTTCAACAGTAGTA	90938373	90974066	-35693	90974075	-35702	90976598	-38225	90938536	-35530	-35539	-38062
ENSMUST00000163230	TTTTTGCTGTTGTCCCAGGTCCTCGGTGTTTGCATTCCAAGAGGAAGTCGAGTGCCTCGGGTCTGTTGTAGGACTTGATTTTTTTTTTTTTTGTAGAGCAATGCAGTGCCATGCTGTTAGAAAGGCTCCAGACTTAGAACCACCAGTGCCAAGCCAGCTCTCAGACCGACTAGGGCTC	45382286	45394860	-12574	45394865	-12579	45396968	-14682	45382464	-12396	-12401	-14504
ENSMUST00000163230	TTTTTGCTGTTGTCCCAGGTCCTCGGTGTTTGCATTCCAAGAGGAAGTCGAGTGCCTCGGGTCTGTTGTAGGACTTGATTTTTTTTTTTTTTGTAGAGCAATGCAGTGCCATGCTGTTAGAAAGGCTCCAGACTTAGAACCACCAGTGCCAAGCCAGCTCTCAGACCGACTAGGGCTC	45382286	45394860	-12574	45394865	-12579	45400221	-17935	45382464	-12396	-12401	-17757
ENSMUST00000078352	AAGACTGTGCGGGACCTCATGCCCAAGACCATCATGCACCTCATGATCAACAACACCAAGGAGTTTATCTTCTCTGAGCTGCTGGCCAACCTGTACTCTTGCGGGGACCAGAACACACTGATGGAAGAATCGGCCGAGCAGGCTCAGCGGCGCGACGAGATGCTGCGCATGTACCACGCAC	32315025	32309064	5961	32309637	5388	32312126	2899	32312830	3766	3193	704
ENSMUST00000078352	AAGACTGTGCGGGACCTCATGCCCAAGACCATCATGCACCTCATGATCAACAACACCAAGGAGTTTATCTTCTCTGAGCTGCTGGCCAACCTGTACTCTTGCGGGGACCAGAACACACTGATGGAAGAATCGGCCGAGCAGGCTCAGCGGCGCGACGAGATGCTGCGCATGTACCACGCAC	32315025	32309064	5961	32310487	4538	32312126	2899	32312830	3766	2343	704
ENSMUST00000078352	AAGACTGTGCGGGACCTCATGCCCAAGACCATCATGCACCTCATGATCAACAACACCAAGGAGTTTATCTTCTCTGAGCTGCTGGCCAACCTGTACTCTTGCGGGGACCAGAACACACTGATGGAAGAATCGGCCGAGCAGGCTCAGCGGCGCGACGAGATGCTGCGCATGTACCACGCAC	32315025	32309637	5388	32310487	4538	32312126	2899	32312830	3193	2343	704
ENSMUST00000141722	TTCTCCTGGAAAAGGACTTAGTGCTGATAGACCTTGCACAAAATGGATACCCTATATTTGAGAATCCCTACCCTTTGAGTATACACGAGTCCCCTGTTACATGTTGTGAATATTTTGCTGATTGTCCTGTGGATCTTATTCCTGCACTTTACTCTGTTGGAGCTAGACAGAAGCGTCAAGGTT	9816288	9769534	46754	9769710	46578	9770449	45839	9811966	42432	42256	41517
ENSMUST00000141722	TTCTCCTGGAAAAGGACTTAGTGCTGATAGACCTTGCACAAAATGGATACCCTATATTTGAGAATCCCTACCCTTTGAGTATACACGAGTCCCCTGTTACATGTTGTGAATATTTTGCTGATTGTCCTGTGGATCTTATTCCTGCACTTTACTCTGTTGGAGCTAGACAGAAGCGTCAAGGTT	9816288	9778066	38222	9778071	38217	9789362	26926	9811966	33900	33895	22604
ENSMUST00000190723	TGGAGGACCTCTCCAAGCTGGCTGTAACCTCCTACAATGACATCCAGGACCTCATGGACTCAGGGAACAAGGCCAGGACTGTGGCGGCCACAAACATGAATGAGACCAGCAGCCGTTCTCACGCAGTCTTCAACATCATCTTTACCCAGAAGCGCCATGATGCAGAGACCAACATCACCACAGAGA	93076259	93046770	29489	93046858	29401	93052423	23836	93073813	27043	26955	21390
ENSMUST00000190723	TGGAGGACCTCTCCAAGCTGGCTGTAACCTCCTACAATGACATCCAGGACCTCATGGACTCAGGGAACAAGGCCAGGACTGTGGCGGCCACAAACATGAATGAGACCAGCAGCCGTTCTCACGCAGTCTTCAACATCATCTTTACCCAGAAGCGCCATGATGCAGAGACCAACATCACCACAGAGA	93076259	93046770	29489	93046858	29401	93052423	23836	93073813	27043	26955	21390
ENSMUST00000200169	TGTCTAGACATTCTGGAGGATTATCTGATCCAGAGGAGGTACTTATATGAACGTATTGATGGGCGAGTTAGAGGCAACCTTCGACAAGCTGCTATCGACCGCTTTAGCAAGCCTGACTCAGACCGCTTTGTCTTCTTGCTATGTACCCGTGCTGGTGGACTTGGTATTAATCTTACAGCTGCTGATACCTG	52216431	52212719	3712	52212743	3688	52212823	3608	52216053	3334	3310	3230
ENSMUST00000086819	GAAGCAGCCTGGGACAGTTCCATGCATAACTCTCTCCTGCTGAATCGTGTCACCCCTTACCGGGAGAAAATCTACATGACGCTCTCTGCCTACATTGAGATGGAGAACTGTACCCAGCCAGCTGTCATCACCAAGGACTTCTGCATGGTTTTCTACTCTCGGGACGCCAAGCTACCCGCCTCACGCTCCATTCGCAACCTGTTT	93025673	93046770	-21097	93046858	-21185	93052423	-26750	93023468	-23302	-23390	-28955
ENSMUST00000107788	GGGGAACGCTTACGAGCCTGGGTCCGAGCCCGGCTCCCTGCCTGTTGCCGAGAGCGAGATTCCTGGTCTGCCTATATCTTCCCTCCCCAGTCAAGGTTTCGTCTCCTGTGTCACCGGATCATCACCCACAAGATGTTTGACCATGTGGTCCTCGTCATCATCTTCCTCAACTGTATCACCATCGCTATGGAGCGCCCCAAAATT	94432717	94416655	16062	94416704	16013	94416840	15877	94430450	13795	13746	13610
ENSMUST00000107788	GGGGAACGCTTACGAGCCTGGGTCCGAGCCCGGCTCCCTGCCTGTTGCCGAGAGCGAGATTCCTGGTCTGCCTATATCTTCCCTCCCCAGTCAAGGTTTCGTCTCCTGTGTCACCGGATCATCACCCACAAGATGTTTGACCATGTGGTCCTCGTCATCATCTTCCTCAACTGTATCACCATCGCTATGGAGCGCCCCAAAATT	94432717	94459826	-27109	94459877	-27160	94461892	-29175	94430450	-29376	-29427	-31442
ENSMUST00000112958	ACCTCTTCTCTCGAATCAACGACACCACCAACGACAACATGTCCTACTCTGTGGAGGTCAGCTACATGGAGATTTACTGTGAGCGAGTCCGTGACCTCCTGAACCCCAAGAACAAAGGCAACCTGCGTGTGAGGGAGCACCCTCTGCTGGGGCCTTATGTGGAGGACCTCTCCAAGCTGGCTGTAACCTCCTACAATGACATCCAGGACCTCA	93077056	93046770	30286	93046858	30198	93052423	24633	93076313	29543	29455	23890
ENSMUST00000030806	GAAATTTACTGTGAGAGAGTACGAGATTTACTGAATCCCAAAAACAAGGGTAACTTGCGTGTGCGTGAACACCCGCTTCTTGGACCCTATGTGGAGGATCTGTCCAAGCTGGCGGTCACCTCCTACACTGACATCGCTGACCTGATGGATGCTGGGAACAAAGCCAGGACTGTGGCAGCTACCAACATGAATGAGACAAGCAGCCGTTCTCACGCTGTGTTC	149270734	149258003	12731	149258081	12653	149261159	9575	149269923	11920	11842	8764
ENSMUST00000030806	GAAATTTACTGTGAGAGAGTACGAGATTTACTGAATCCCAAAAACAAGGGTAACTTGCGTGTGCGTGAACACCCGCTTCTTGGACCCTATGTGGAGGATCTGTCCAAGCTGGCGGTCACCTCCTACACTGACATCGCTGACCTGATGGATGCTGGGAACAAAGCCAGGACTGTGGCAGCTACCAACATGAATGAGACAAGCAGCCGTTCTCACGCTGTGTTC	149270734	149258003	12731	149258081	12653	149262135	8599	149269923	11920	11842	7788
ENSMUST00000030806	GAAATTTACTGTGAGAGAGTACGAGATTTACTGAATCCCAAAAACAAGGGTAACTTGCGTGTGCGTGAACACCCGCTTCTTGGACCCTATGTGGAGGATCTGTCCAAGCTGGCGGTCACCTCCTACACTGACATCGCTGACCTGATGGATGCTGGGAACAAAGCCAGGACTGTGGCAGCTACCAACATGAATGAGACAAGCAGCCGTTCTCACGCTGTGTTC	149270734	149258003	12731	149258081	12653	149261159	9575	149269923	11920	11842	8764
ENSMUST00000030806	GAAATTTACTGTGAGAGAGTACGAGATTTACTGAATCCCAAAAACAAGGGTAACTTGCGTGTGCGTGAACACCCGCTTCTTGGACCCTATGTGGAGGATCTGTCCAAGCTGGCGGTCACCTCCTACACTGACATCGCTGACCTGATGGATGCTGGGAACAAAGCCAGGACTGTGGCAGCTACCAACATGAATGAGACAAGCAGCCGTTCTCACGCTGTGTTC	149270734	149258003	12731	149258081	12653	149262135	8599	149269923	11920	11842	7788
ENSMUST00000190723	ATAACTCTCTCCTGCTGAATCGTGTCACCCCTTACCGGGAGAAAATCTACATGACGCTCTCTGCCTACATTGAGATGGAGAACTGTACCCAGCCAGCTGTCATCACCAAGGACTTCTGCATGGTTTTCTACTCTCGGGACGCCAAGCTACCCGCCTCACGCTCCATTCGCAACCTGTTTGGCAGTGGCAGCCTGCGGGCCACAGAAGGCAACCGTGTGACTGG	93025700	93046770	-21070	93046858	-21158	93052423	-26723	93023514	-23256	-23344	-28909
ENSMUST00000190723	ATAACTCTCTCCTGCTGAATCGTGTCACCCCTTACCGGGAGAAAATCTACATGACGCTCTCTGCCTACATTGAGATGGAGAACTGTACCCAGCCAGCTGTCATCACCAAGGACTTCTGCATGGTTTTCTACTCTCGGGACGCCAAGCTACCCGCCTCACGCTCCATTCGCAACCTGTTTGGCAGTGGCAGCCTGCGGGCCACAGAAGGCAACCGTGTGACTGG	93025700	93046770	-21070	93046858	-21158	93052423	-26723	93023514	-23256	-23344	-28909
ENSMUST00000086819	GAGAGCAAGCTCTCTGAGATGTCTGTCACCCTGATGCGGGACCCATCCATGTCCCCTCTGGGTGCTGCTACACTCACTCCCTCCTCCACTTGCCCCTCTCTGATCGAAGGACGATACGGTGCCACTGACGTGAGGACCCCCCAGCCCTGCTCCCGGCCCGCCAGCCCAGAGCCCGAGCTCCTGCCAGAACTTGACTCTAAGAAGACTCCCTCCCCTGTTCGGGCAACA	93021246	93046770	-25524	93046858	-25612	93052423	-31177	93020595	-26175	-26263	-31828
ENSMUST00000060537	AAGGATACCTGCATTTCAAAGAGCCACTTTCCAGTAACTGGGCTAAACATTTCGTTGTGGTTCGTCGCCCTTACGTCTTCATCTATAACAGTGACAAAGACCCAGTAGAGCGTGGCATCATTAACCTGTCTACAGCACAGGTGGAGTACAGCGAGGACCAGCAGGCCATGGTGAAGACACCTAATACTTTTGCTGTATGCACAAAGCACCGTGGGGTCCTTCTGCAAGCTCTCAATGACAAAGACATGAATGACT	149181872	149258003	-76131	149258081	-76209	149261159	-79287	149176327	-81676	-81754	-84832
ENSMUST00000060537	AAGGATACCTGCATTTCAAAGAGCCACTTTCCAGTAACTGGGCTAAACATTTCGTTGTGGTTCGTCGCCCTTACGTCTTCATCTATAACAGTGACAAAGACCCAGTAGAGCGTGGCATCATTAACCTGTCTACAGCACAGGTGGAGTACAGCGAGGACCAGCAGGCCATGGTGAAGACACCTAATACTTTTGCTGTATGCACAAAGCACCGTGGGGTCCTTCTGCAAGCTCTCAATGACAAAGACATGAATGACT	149181872	149258003	-76131	149258081	-76209	149262135	-80263	149176327	-81676	-81754	-85808
ENSMUST00000190723	ACGAGCCGACTCCACAGGAGCCAAGGGCACGCGACTCAAGGAGGGGGCCAACATCAACAAGTCTTTGACCACCCTGGGAAAGGTCATCTCTGCTCTGGCTGAAATGGACTCTGGACCCAACAAGAACAAGAAAAAGAAGAAGACAGATTTCATCCCTTACCGAGACTCCGTATTGACATGGCTTCTCCGGGAAAACCTCGGTGGCAACTCAAGGACAGCCATGGTGGCAGCCCTGAGCCCTGCGGACATCAACTATGATGAGACCCTCAGCACACTGAGATATGCAGATCGGGCCAAACAAATCCGCTGCAATGCCATCATCAATGAAGACCCCAACAACAAGCTGATTAGAGAACTGAAGGATGAGGTGACCAGGCTGAGAGACCTGCTGTATGCCCAAGGTCTTGGCGATATC	93073853	93046770	27083	93046858	26995	93052423	21430	93065558	18788	18700	13135
