transcript_ID	prot_seq	coord_start_genomic	coord_upstreamEnd	start_genomic-upstreamEnd	coord_DownstreamStart	start_genomic-DownstreamStart	coord_end_genomic	end_genomic-upstreamEnd	end_genomic-DownstreamStart
ENSMUST00000065308	GAAGAGGTTAATCATGTTA	38493476	38491690	1786	38493473	3	38493495	1805	22
ENSMUST00000065308	GAAGAGGTTAATCATGTTA	38493476	38491690	1786	38493473	3	38493495	1805	22
ENSMUST00000065308	GAAGAGGTTAATCATGTTA	38493476	38495354	-1878	38498668	-5192	38493495	-1859	-5173
ENSMUST00000065308	GAAGAGGTTAATCATGTTA	38493476	38495354	-1878	38498668	-5192	38493495	-1859	-5173
ENSMUST00000065308	GAAGAGGTTAATCATGTTA	38493476	38501600	-8124	38514472	-20996	38493495	-8105	-20977
ENSMUST00000065308	GAAGAGGTTAATCATGTTA	38493476	38501600	-8124	38518908	-25432	38493495	-8105	-25413
ENSMUST00000065308	GAAGAGGTTAATCATGTTA	38493476	38514609	-21133	38518908	-25432	38493495	-21114	-25413
ENSMUST00000055190	AAAAAGCGGTGAATGCTAT	144324619	144319015	5604	144357790	-33171	144318935	-80	-38855
ENSMUST00000051765	TTGTGCAAACACTTCCTCT	67770860	67730720	40140	67741027	29833	67770879	40159	29852
ENSMUST00000051765	TTGTGCAAACACTTCCTCT	67770860	67746819	24041	67762695	8165	67770879	24060	8184
ENSMUST00000048860	AAGATTTGTGGGATTTATC	72160596	72164162	-3566	72212016	-51420	72160615	-3547	-51401
ENSMUST00000196398	AGTCTCTTGCTGAGAACAC	133465200	133473685	-8485	133480132	-14932	133465219	-8466	-14913
ENSMUST00000196398	AGTCTCTTGCTGAGAACAC	133465200	133476635	-11435	133480132	-14932	133465219	-11416	-14913
ENSMUST00000196398	AGTCTCTTGCTGAGAACAC	133465200	133480341	-15141	133483238	-18038	133465219	-15122	-18019
ENSMUST00000196398	AGTCTCTTGCTGAGAACAC	133465200	133473685	-8485	133480132	-14932	133465219	-8466	-14913
ENSMUST00000196398	AGTCTCTTGCTGAGAACAC	133465200	133476635	-11435	133480132	-14932	133465219	-11416	-14913
ENSMUST00000196398	AGTCTCTTGCTGAGAACAC	133465200	133480341	-15141	133483238	-18038	133465219	-15122	-18019
ENSMUST00000036554	ATCGATAAGATCTTGACAA	118516545	118500880	15665	118516432	113	118516564	15684	132
ENSMUST00000036554	ATCGATAAGATCTTGACAA	118516545	118597634	-81089	118604156	-87611	118516564	-81070	-87592
ENSMUST00000225197	GAAACTTAAAATATCCTTT	107726763	107740379	-13616	107743960	-17197	107726782	-13597	-17178
ENSMUST00000225197	GAAACTTAAAATATCCTTT	107726763	107748363	-21600	107773372	-46609	107726782	-21581	-46590
ENSMUST00000225197	GAAACTTAAAATATCCTTT	107726763	107773521	-46758	107889396	-162633	107726782	-46739	-162614
ENSMUST00000073581	ATTAGTGCTCGGGGTCACC	30568750	30993162	-424412	31585566	-1016816	30568769	-424393	-1016797
ENSMUST00000007482	AGGCGTAGTCTCGTTTAAA	6054190	6055200	-1010	6057658	-3468	6054209	-991	-3449
ENSMUST00000007482	AGGCGTAGTCTCGTTTAAA	6054190	6055200	-1010	6057658	-3468	6054209	-991	-3449
ENSMUST00000109254	CTGAAGGACTTGCTAGGTG	45955146	45950303	4843	45952734	2412	45955165	4862	2431
ENSMUST00000109254	CTGAAGGACTTGCTAGGTG	45955146	45954232	914	45955274	-128	45955165	933	-109
ENSMUST00000110168	TGCTTTAAGGAACAGAATG	58069394	58048785	20609	58064054	5340	58069413	20628	5359
ENSMUST00000110168	TGCTTTAAGGAACAGAATG	58069394	58048785	20609	58069318	76	58069413	20628	95
ENSMUST00000110168	TGCTTTAAGGAACAGAATG	58069394	58048785	20609	58069318	76	58069413	20628	95
ENSMUST00000110168	TGCTTTAAGGAACAGAATG	58069394	58055082	14312	58069318	76	58069413	14331	95
ENSMUST00000110168	TGCTTTAAGGAACAGAATG	58069394	58055082	14312	58076156	-6762	58069413	14331	-6743
ENSMUST00000110168	TGCTTTAAGGAACAGAATG	58069394	58048785	20609	58064054	5340	58069413	20628	5359
ENSMUST00000110168	TGCTTTAAGGAACAGAATG	58069394	58048785	20609	58069318	76	58069413	20628	95
ENSMUST00000110168	TGCTTTAAGGAACAGAATG	58069394	58048785	20609	58069318	76	58069413	20628	95
ENSMUST00000110168	TGCTTTAAGGAACAGAATG	58069394	58055082	14312	58069318	76	58069413	14331	95
ENSMUST00000110168	TGCTTTAAGGAACAGAATG	58069394	58055082	14312	58076156	-6762	58069413	14331	-6743
ENSMUST00000022908	AGCCTTTATTTAGCATGTG	39092087	39096108	-4021	39098128	-6041	39092106	-4002	-6022
ENSMUST00000022908	AGCCTTTATTTAGCATGTG	39092087	39098242	-6155	39101982	-9895	39092106	-6136	-9876
ENSMUST00000022908	AGCCTTTATTTAGCATGTG	39092087	39098242	-6155	39105831	-13744	39092106	-6136	-13725
ENSMUST00000022908	AGCCTTTATTTAGCATGTG	39092087	39098242	-6155	39112347	-20260	39092106	-6136	-20241
ENSMUST00000022908	AGCCTTTATTTAGCATGTG	39092087	39098242	-6155	39112347	-20260	39092106	-6136	-20241
ENSMUST00000022908	AGCCTTTATTTAGCATGTG	39092087	39102068	-9981	39112347	-20260	39092106	-9962	-20241
ENSMUST00000117812	ACTAGGTGCGCTCAGCGTC	55937639	55933547	4092	55937571	68	55937658	4111	87
ENSMUST00000117812	ACTAGGTGCGCTCAGCGTC	55937639	55933547	4092	55942979	-5340	55937658	4111	-5321
ENSMUST00000117812	ACTAGGTGCGCTCAGCGTC	55937639	55933547	4092	55961451	-23812	55937658	4111	-23793
ENSMUST00000117812	ACTAGGTGCGCTCAGCGTC	55937639	55937662	-23	55944480	-6841	55937658	-4	-6822
ENSMUST00000117812	ACTAGGTGCGCTCAGCGTC	55937639	55937662	-23	55961451	-23812	55937658	-4	-23793
ENSMUST00000117812	ACTAGGTGCGCTCAGCGTC	55937639	55937662	-23	55962395	-24756	55937658	-4	-24737
ENSMUST00000117812	ACTAGGTGCGCTCAGCGTC	55937639	55944709	-7070	55961451	-23812	55937658	-7051	-23793
ENSMUST00000117812	ACTAGGTGCGCTCAGCGTC	55937639	55937662	-23	55962395	-24756	55937658	-4	-24737
ENSMUST00000117812	ACTAGGTGCGCTCAGCGTC	55937639	55944709	-7070	55962199	-24560	55937658	-7051	-24541
ENSMUST00000117812	ACTAGGTGCGCTCAGCGTC	55937639	55944709	-7070	55962395	-24756	55937658	-7051	-24737
ENSMUST00000088970	CTGCACCCGCATCTCCACC	74947647	74757143	190504	74785490	162157	74947666	190523	162176
ENSMUST00000088970	CTGCACCCGCATCTCCACC	74947647	74786390	161257	74795296	152351	74947666	161276	152370
ENSMUST00000088970	CTGCACCCGCATCTCCACC	74947647	74804257	143390	74805468	142179	74947666	143409	142198
ENSMUST00000088970	CTGCACCCGCATCTCCACC	74947647	74805552	142095	74811599	136048	74947666	142114	136067
ENSMUST00000088970	CTGCACCCGCATCTCCACC	74947647	74817132	130515	74819493	128154	74947666	130534	128173
ENSMUST00000088970	CTGCACCCGCATCTCCACC	74947647	74826703	120944	74857976	89671	74947666	120963	89690
ENSMUST00000088970	CTGCACCCGCATCTCCACC	74947647	74826703	120944	74947383	264	74947666	120963	283
ENSMUST00000088970	CTGCACCCGCATCTCCACC	74947647	74826703	120944	74947383	264	74947666	120963	283
ENSMUST00000088970	CTGCACCCGCATCTCCACC	74947647	74835775	111872	74947383	264	74947666	111891	283
ENSMUST00000055833	CTGATCAGACTCCAACGCC	73850866	73819148	31718	73828471	22395	73850885	31737	22414
ENSMUST00000055833	CTGATCAGACTCCAACGCC	73850866	73819148	31718	73842359	8507	73850885	31737	8526
ENSMUST00000055833	CTGATCAGACTCCAACGCC	73850866	73823306	27560	73829791	21075	73850885	27579	21094
ENSMUST00000055833	CTGATCAGACTCCAACGCC	73850866	73828678	22188	73842359	8507	73850885	22207	8526
ENSMUST00000055833	CTGATCAGACTCCAACGCC	73850866	73829941	20925	73850588	278	73850885	20944	297
ENSMUST00000055833	CTGATCAGACTCCAACGCC	73850866	73842446	8420	73846196	4670	73850885	8439	4689
ENSMUST00000055833	CTGATCAGACTCCAACGCC	73850866	73842446	8420	73850588	278	73850885	8439	297
ENSMUST00000055833	CTGATCAGACTCCAACGCC	73850866	73842446	8420	73850588	278	73850885	8439	297
ENSMUST00000055833	CTGATCAGACTCCAACGCC	73850866	73845553	5313	73850588	278	73850885	5332	297
ENSMUST00000055833	CTGATCAGACTCCAACGCC	73850866	73846375	4491	73850863	3	73850885	4510	22
ENSMUST00000055833	CTGATCAGACTCCAACGCC	73850866	73850982	-116	73863168	-12302	73850885	-97	-12283
ENSMUST00000055833	CTGATCAGACTCCAACGCC	73850866	73850982	-116	73873669	-22803	73850885	-97	-22784
ENSMUST00000055833	CTGATCAGACTCCAACGCC	73850866	73842446	8420	73873669	-22803	73850885	8439	-22784
ENSMUST00000055833	CTGATCAGACTCCAACGCC	73850866	73850982	-116	73873669	-22803	73850885	-97	-22784
ENSMUST00000055833	CTGATCAGACTCCAACGCC	73850866	73853891	-3025	73870622	-19756	73850885	-3006	-19737
ENSMUST00000055833	CTGATCAGACTCCAACGCC	73850866	73853891	-3025	73873669	-22803	73850885	-3006	-22784
ENSMUST00000055833	CTGATCAGACTCCAACGCC	73850866	73853891	-3025	73873669	-22803	73850885	-3006	-22784
ENSMUST00000055833	CTGATCAGACTCCAACGCC	73850866	73863238	-12372	73873669	-22803	73850885	-12353	-22784
ENSMUST00000055833	CTGATCAGACTCCAACGCC	73850866	73873745	-22879	73892474	-41608	73850885	-22860	-41589
ENSMUST00000055833	CTGATCAGACTCCAACGCC	73850866	73873745	-22879	73892474	-41608	73850885	-22860	-41589
ENSMUST00000026416	GTGCCCCACCTTCGGCTCT	128698035	128699675	-1640	128701342	-3307	128698054	-1621	-3288
ENSMUST00000075805	CTATTTGGAAATGATAAAT	163247036	163248396	-1360	163257760	-10724	163247055	-1341	-10705
ENSMUST00000015749	GTGGGGAAACCAAGGACAC	46553814	46549512	4302	46550900	2914	46551538	2026	638
ENSMUST00000015749	GTGGGGAAACCAAGGACAC	46553814	46549512	4302	46551530	2284	46551538	2026	8
ENSMUST00000015749	GTGGGGAAACCAAGGACAC	46553814	46551792	2022	46555327	-1513	46551538	-254	-3789
ENSMUST00000186733	CCAGTGCCCTCCGCCCCTT	30804624	30824519	-19895	30837104	-32480	30804643	-19876	-32461
ENSMUST00000186733	CCAGTGCCCTCCGCCCCTT	30804624	30824519	-19895	30873577	-68953	30804643	-19876	-68934
ENSMUST00000186733	CCAGTGCCCTCCGCCCCTT	30804624	30824519	-19895	30862986	-58362	30804643	-19876	-58343
ENSMUST00000186733	CCAGTGCCCTCCGCCCCTT	30804624	30824519	-19895	30873577	-68953	30804643	-19876	-68934
ENSMUST00000186733	CCAGTGCCCTCCGCCCCTT	30804624	30831559	-26935	30862986	-58362	30804643	-26916	-58343
ENSMUST00000186733	CCAGTGCCCTCCGCCCCTT	30804624	30831559	-26935	30873577	-68953	30804643	-26916	-68934
ENSMUST00000186733	CCAGTGCCCTCCGCCCCTT	30804624	30831559	-26935	30873577	-68953	30804643	-26916	-68934
ENSMUST00000186733	CCAGTGCCCTCCGCCCCTT	30804624	30837266	-32642	30873577	-68953	30804643	-32623	-68934
ENSMUST00000025217	GCTCAAGGATTATGACTGC	34938212	34943285	-5073	34946495	-8283	34938231	-5054	-8264
ENSMUST00000106535	TTGCGCGGAGGTTCCGTCT	113629914	113616873	13041	113621108	8806	113629933	13060	8825
ENSMUST00000022953	TAGCAGGAACAAGCCAGAA	71462609	71490861	-28252	71525667	-63058	71462628	-28233	-63039
ENSMUST00000022953	TAGCAGGAACAAGCCAGAA	71462609	71561133	-98524	71727668	-265059	71462628	-98505	-265040
ENSMUST00000031554	AATTCATCCTTTAAAAGTG	13602691	13595086	7605	13607829	-5138	13602710	7624	-5119
ENSMUST00000031554	AATTCATCCTTTAAAAGTG	13602691	13603487	-796	13607829	-5138	13602710	-777	-5119
ENSMUST00000031554	AATTCATCCTTTAAAAGTG	13602691	13603487	-796	13607829	-5138	13602710	-777	-5119
ENSMUST00000074783	TTCATCCAGTGGTAACCCA	150664910	150573595	91315	150580227	84683	150664929	91334	84702
ENSMUST00000074783	TTCATCCAGTGGTAACCCA	150664910	150586489	78421	150588211	76699	150664929	78440	76718
ENSMUST00000074783	TTCATCCAGTGGTAACCCA	150664910	150656585	8325	150657070	7840	150664929	8344	7859
ENSMUST00000029453	TCCGAAGCAATGCTCCACC	102155221	102165487	-10266	102166837	-11616	102155240	-10247	-11597
ENSMUST00000190679	CCTAGGGAAGTAGATTTTT	75136595	75136932	-337	75137754	-1159	75136614	-318	-1140
ENSMUST00000190679	CCTAGGGAAGTAGATTTTT	75136595	75141503	-4908	75142642	-6047	75136614	-4889	-6028
ENSMUST00000052969	AGTTCAGAGGACAGCTTCA	91633868	91639805	-5937	91647231	-13363	91633887	-5918	-13344
ENSMUST00000052969	AGTTCAGAGGACAGCTTCA	91633868	91641923	-8055	91713926	-80058	91633887	-8036	-80039
ENSMUST00000042471	TGTGGTTATATCCAGTTAT	99075987	99084154	-8167	99086046	-10059	99076006	-8148	-10040
ENSMUST00000042471	TGTGGTTATATCCAGTTAT	99075987	99088908	-12921	99089964	-13977	99076006	-12902	-13958
ENSMUST00000042471	TGTGGTTATATCCAGTTAT	99075987	99096830	-20843	99098682	-22695	99076006	-20824	-22676
ENSMUST00000171394	GCGCACAGGCGACTGGCGC	134937866	134884591	53275	134917642	20224	134937885	53294	20243
ENSMUST00000171394	GCGCACAGGCGACTGGCGC	134937866	134884591	53275	134937711	155	134937885	53294	174
ENSMUST00000171394	GCGCACAGGCGACTGGCGC	134937866	134884591	53275	134937711	155	134937885	53294	174
ENSMUST00000171394	GCGCACAGGCGACTGGCGC	134937866	134899217	38649	134937711	155	134937885	38668	174
ENSMUST00000097739	TGTGTTGGATAGCTAGGTT	54477001	54494891	-17890	54510027	-33026	54477020	-17871	-33007
ENSMUST00000097739	TGTGTTGGATAGCTAGGTT	54477001	54514912	-37911	54524315	-47314	54477020	-37892	-47295
ENSMUST00000097739	TGTGTTGGATAGCTAGGTT	54477001	54521369	-44368	54525367	-48366	54477020	-44349	-48347
ENSMUST00000050166	AAGCTAATAAGACAATAGA	8078649	8082269	-3620	8087981	-9332	8078668	-3601	-9313
ENSMUST00000050166	AAGCTAATAAGACAATAGA	8078649	8082269	-3620	8090141	-11492	8078668	-3601	-11473
ENSMUST00000050166	AAGCTAATAAGACAATAGA	8078649	8082269	-3620	8092339	-13690	8078668	-3601	-13671
ENSMUST00000050166	AAGCTAATAAGACAATAGA	8078649	8082269	-3620	8090141	-11492	8078668	-3601	-11473
ENSMUST00000050166	AAGCTAATAAGACAATAGA	8078649	8082269	-3620	8091364	-12715	8078668	-3601	-12696
ENSMUST00000050166	AAGCTAATAAGACAATAGA	8078649	8082269	-3620	8092339	-13690	8078668	-3601	-13671
ENSMUST00000050166	AAGCTAATAAGACAATAGA	8078649	8086623	-7974	8090141	-11492	8078668	-7955	-11473
ENSMUST00000050166	AAGCTAATAAGACAATAGA	8078649	8086623	-7974	8092339	-13690	8078668	-7955	-13671
ENSMUST00000050166	AAGCTAATAAGACAATAGA	8078649	8082269	-3620	8092339	-13690	8078668	-3601	-13671
ENSMUST00000050166	AAGCTAATAAGACAATAGA	8078649	8086623	-7974	8092339	-13690	8078668	-7955	-13671
ENSMUST00000050166	AAGCTAATAAGACAATAGA	8078649	8088068	-9419	8092339	-13690	8078668	-9400	-13671
ENSMUST00000050166	AAGCTAATAAGACAATAGA	8078649	8082269	-3620	8092339	-13690	8078668	-3601	-13671
ENSMUST00000050166	AAGCTAATAAGACAATAGA	8078649	8088068	-9419	8092339	-13690	8078668	-9400	-13671
ENSMUST00000050166	AAGCTAATAAGACAATAGA	8078649	8092831	-14182	8107001	-28352	8078668	-14163	-28333
ENSMUST00000050166	AAGCTAATAAGACAATAGA	8078649	8092831	-14182	8111894	-33245	8078668	-14163	-33226
ENSMUST00000050166	AAGCTAATAAGACAATAGA	8078649	8092831	-14182	8107001	-28352	8078668	-14163	-28333
ENSMUST00000050166	AAGCTAATAAGACAATAGA	8078649	8092831	-14182	8111894	-33245	8078668	-14163	-33226
ENSMUST00000050166	AAGCTAATAAGACAATAGA	8078649	8092831	-14182	8107001	-28352	8078668	-14163	-28333
ENSMUST00000050166	AAGCTAATAAGACAATAGA	8078649	8092831	-14182	8111894	-33245	8078668	-14163	-33226
ENSMUST00000050166	AAGCTAATAAGACAATAGA	8078649	8092831	-14182	8111894	-33245	8078668	-14163	-33226
ENSMUST00000050166	AAGCTAATAAGACAATAGA	8078649	8095180	-16531	8111894	-33245	8078668	-16512	-33226
ENSMUST00000050166	AAGCTAATAAGACAATAGA	8078649	8092831	-14182	8116544	-37895	8078668	-14163	-37876
ENSMUST00000050166	AAGCTAATAAGACAATAGA	8078649	8117757	-39108	8127326	-48677	8078668	-39089	-48658
ENSMUST00000050166	AAGCTAATAAGACAATAGA	8078649	8132479	-53830	8134812	-56163	8078668	-53811	-56144
ENSMUST00000050166	AAGCTAATAAGACAATAGA	8078649	8143132	-64483	8145552	-66903	8078668	-64464	-66884
ENSMUST00000050166	AAGCTAATAAGACAATAGA	8078649	8145719	-67070	8149207	-70558	8078668	-67051	-70539
ENSMUST00000050166	AAGCTAATAAGACAATAGA	8078649	8152449	-73800	8160735	-82086	8078668	-73781	-82067
ENSMUST00000050166	AAGCTAATAAGACAATAGA	8078649	8160799	-82150	8232609	-153960	8078668	-82131	-153941
ENSMUST00000050166	AAGCTAATAAGACAATAGA	8078649	8167409	-88760	8329979	-251330	8078668	-88741	-251311
ENSMUST00000050166	AAGCTAATAAGACAATAGA	8078649	8232676	-154027	8367200	-288551	8078668	-154008	-288532
ENSMUST00000177129	GTCTGCAACCCGCAGCGTG	35199963	35187930	12033	35191017	8946	35199982	12052	8965
ENSMUST00000177129	GTCTGCAACCCGCAGCGTG	35199963	35191696	8267	35199856	107	35199982	8286	126
ENSMUST00000177129	GTCTGCAACCCGCAGCGTG	35199963	35191696	8267	35199856	107	35199982	8286	126
ENSMUST00000121146	GGATCTGAAGGAAGAAAAT	156267363	156259935	7428	156263405	3958	156263417	3482	12
ENSMUST00000121146	GGATCTGAAGGAAGAAAAT	156267363	156262972	4391	156267212	151	156263417	445	-3795
ENSMUST00000103040	CTCCCCTGGTTAGCAGTGG	115183090	115183265	-175	115184482	-1392	115183109	-156	-1373
ENSMUST00000103040	CTCCCCTGGTTAGCAGTGG	115183090	115183449	-359	115184482	-1392	115183109	-340	-1373
ENSMUST00000103040	CTCCCCTGGTTAGCAGTGG	115183090	115184626	-1536	115186748	-3658	115183109	-1517	-3639
ENSMUST00000112157	GTGAAACCTTTCTCTCAAA	128246327	128246861	-534	128251539	-5212	128246346	-515	-5193
ENSMUST00000208854	TTGGATGATATGAAGGGTG	9601333	9612581	-11248	9625971	-24638	9601352	-11229	-24619
ENSMUST00000208854	TTGGATGATATGAAGGGTG	9601333	9682668	-81335	9687760	-86427	9601352	-81316	-86408
ENSMUST00000208854	TTGGATGATATGAAGGGTG	9601333	9725255	-123922	9729616	-128283	9601352	-123903	-128264
ENSMUST00000121226	TCTGAAGTAATTTATCACC	24299024	24265277	33747	24265863	33161	24299043	33766	33180
ENSMUST00000121226	TCTGAAGTAATTTATCACC	24299024	24266034	32990	24279047	19977	24299043	33009	19996
ENSMUST00000121226	TCTGAAGTAATTTATCACC	24299024	24296362	2662	24299979	-955	24299043	2681	-936
ENSMUST00000121226	TCTGAAGTAATTTATCACC	24299024	24313320	-14296	24318155	-19131	24299043	-14277	-19112
ENSMUST00000121226	TCTGAAGTAATTTATCACC	24299024	24326473	-27449	24328528	-29504	24299043	-27430	-29485
ENSMUST00000121226	TCTGAAGTAATTTATCACC	24299024	24334291	-35267	24346140	-47116	24299043	-35248	-47097
ENSMUST00000144099	CTGAGAGACCCAGCTGCAA	70219495	70245497	-26002	70250352	-30857	70219514	-25983	-30838
ENSMUST00000144099	CTGAGAGACCCAGCTGCAA	70219495	70276708	-57213	70298819	-79324	70219514	-57194	-79305
ENSMUST00000144099	CTGAGAGACCCAGCTGCAA	70219495	70281522	-62027	70298819	-79324	70219514	-62008	-79305
ENSMUST00000144099	CTGAGAGACCCAGCTGCAA	70219495	70290029	-70534	70298819	-79324	70219514	-70515	-79305
ENSMUST00000144099	CTGAGAGACCCAGCTGCAA	70219495	70298948	-79453	70302083	-82588	70219514	-79434	-82569
ENSMUST00000144099	CTGAGAGACCCAGCTGCAA	70219495	70317597	-98102	70349143	-129648	70219514	-98083	-129629
ENSMUST00000144099	CTGAGAGACCCAGCTGCAA	70219495	70317597	-98102	70352668	-133173	70219514	-98083	-133154
ENSMUST00000144099	CTGAGAGACCCAGCTGCAA	70219495	70317597	-98102	70352668	-133173	70219514	-98083	-133154
ENSMUST00000144099	CTGAGAGACCCAGCTGCAA	70219495	70337559	-118064	70352668	-133173	70219514	-118045	-133154
ENSMUST00000144099	CTGAGAGACCCAGCTGCAA	70219495	70337559	-118064	70354712	-135217	70219514	-118045	-135198
ENSMUST00000144099	CTGAGAGACCCAGCTGCAA	70219495	70337559	-118064	70353609	-134114	70219514	-118045	-134095
ENSMUST00000144099	CTGAGAGACCCAGCTGCAA	70219495	70337559	-118064	70354712	-135217	70219514	-118045	-135198
ENSMUST00000006103	TCCTACGCCAGGTAGGGAA	73184875	73185355	-480	73187521	-2646	73184894	-461	-2627
ENSMUST00000006103	TCCTACGCCAGGTAGGGAA	73184875	73188561	-3686	73191677	-6802	73184894	-3667	-6783
ENSMUST00000006103	TCCTACGCCAGGTAGGGAA	73184875	73193133	-8258	73196637	-11762	73184894	-8239	-11743
ENSMUST00000006103	TCCTACGCCAGGTAGGGAA	73184875	73196717	-11842	73198917	-14042	73184894	-11823	-14023
ENSMUST00000107127	GCGCGGCGACTTCCCCACT	98064890	98098371	-33481	98102549	-37659	98064909	-33462	-37640
ENSMUST00000107127	GCGCGGCGACTTCCCCACT	98064890	98107105	-42215	98117715	-52825	98064909	-42196	-52806
ENSMUST00000107127	GCGCGGCGACTTCCCCACT	98064890	98098371	-33481	98102549	-37659	98064909	-33462	-37640
ENSMUST00000107127	GCGCGGCGACTTCCCCACT	98064890	98107105	-42215	98117715	-52825	98064909	-42196	-52806
ENSMUST00000103176	GGCCGGACATGGTGAATGG	155657930	155654993	2937	155655251	2679	155657949	2956	2698
ENSMUST00000103176	GGCCGGACATGGTGAATGG	155657930	155655170	2760	155655521	2409	155657949	2779	2428
ENSMUST00000103176	GGCCGGACATGGTGAATGG	155657930	155655170	2760	155655521	2409	155657949	2779	2428
ENSMUST00000103176	GGCCGGACATGGTGAATGG	155657930	155657959	-29	155659122	-1192	155657949	-10	-1173
ENSMUST00000103176	GGCCGGACATGGTGAATGG	155657930	155661374	-3444	155668573	-10643	155657949	-3425	-10624
ENSMUST00000103176	GGCCGGACATGGTGAATGG	155657930	155667169	-9239	155668814	-10884	155657949	-9220	-10865
ENSMUST00000102925	CACTCGCCTGGGCGTCACA	25364940	25362848	2092	25363805	1135	25364959	2111	1154
ENSMUST00000102925	CACTCGCCTGGGCGTCACA	25364940	25362848	2092	25363805	1135	25364959	2111	1154
ENSMUST00000168645	AAGAGTTTTCCAAAACAGA	30905678	30931892	-26214	30936284	-30606	30905697	-26195	-30587
ENSMUST00000168645	AAGAGTTTTCCAAAACAGA	30905678	30931892	-26214	30936284	-30606	30905697	-26195	-30587
ENSMUST00000168645	AAGAGTTTTCCAAAACAGA	30905678	30907490	-1812	30950875	-45197	30905697	-1793	-45178
ENSMUST00000168645	AAGAGTTTTCCAAAACAGA	30905678	30942652	-36974	30950875	-45197	30905697	-36955	-45178
ENSMUST00000168645	AAGAGTTTTCCAAAACAGA	30905678	30951031	-45353	30961727	-56049	30905697	-45334	-56030
ENSMUST00000072835	GTATATGACCAAGGCAACT	46283230	46291142	-7912	46293403	-10173	46283249	-7893	-10154
ENSMUST00000049081	AACCAAAGCGCTAGGCTCT	129150727	129151091	-364	129178240	-27513	129150746	-345	-27494
ENSMUST00000049081	AACCAAAGCGCTAGGCTCT	129150727	129178332	-27605	129181741	-31014	129150746	-27586	-30995
ENSMUST00000049081	AACCAAAGCGCTAGGCTCT	129150727	129182100	-31373	129189541	-38814	129150746	-31354	-38795
ENSMUST00000049081	AACCAAAGCGCTAGGCTCT	129150727	129155509	-4782	129189541	-38814	129150746	-4763	-38795
ENSMUST00000049081	AACCAAAGCGCTAGGCTCT	129150727	129182532	-31805	129189371	-38644	129150746	-31786	-38625
ENSMUST00000049081	AACCAAAGCGCTAGGCTCT	129150727	129182532	-31805	129189541	-38814	129150746	-31786	-38795
ENSMUST00000030051	TGGACTTCTCTGCTACGTGG	57951847	57943967	7880	57950838	1009	57951867	7900	1029
ENSMUST00000049567	CGCGGAGCAGATCGGCTGCA	21237688	21230868	6820	21231696	5992	21237708	6840	6012
ENSMUST00000049567	CGCGGAGCAGATCGGCTGCA	21237688	21231902	5786	21237070	618	21237708	5806	638
ENSMUST00000060005	TTTCCAGCGCTCGGTGGGAG	92393473	92393628	-155	92397262	-3789	92393493	-135	-3769
ENSMUST00000164199	ATCTGAATCTTATCTTCATT	128409696	128408220	1476	128408534	1162	128409716	1496	1182
ENSMUST00000164199	ATCTGAATCTTATCTTCATT	128409696	128408220	1476	128408697	999	128409716	1496	1019
ENSMUST00000164199	ATCTGAATCTTATCTTCATT	128409696	128408220	1476	128408697	999	128409716	1496	1019
ENSMUST00000164199	ATCTGAATCTTATCTTCATT	128409696	128408397	1299	128408697	999	128409716	1319	1019
ENSMUST00000040506	ACAATGAGGTTCCGTTCATA	34498108	34444002	54106	34445531	52577	34498128	54126	52597
ENSMUST00000040506	ACAATGAGGTTCCGTTCATA	34498108	34445615	52493	34448367	49741	34498128	52513	49761
ENSMUST00000040506	ACAATGAGGTTCCGTTCATA	34498108	34445615	52493	34451207	46901	34498128	52513	46921
ENSMUST00000040506	ACAATGAGGTTCCGTTCATA	34498108	34457874	40234	34473549	24559	34498128	40254	24579
ENSMUST00000040506	ACAATGAGGTTCCGTTCATA	34498108	34462208	35900	34473549	24559	34498128	35920	24579
ENSMUST00000040506	ACAATGAGGTTCCGTTCATA	34498108	34463009	35099	34473549	24559	34498128	35119	24579
ENSMUST00000040506	ACAATGAGGTTCCGTTCATA	34498108	34463009	35099	34486978	11130	34498128	35119	11150
ENSMUST00000040506	ACAATGAGGTTCCGTTCATA	34498108	34463009	35099	34486978	11130	34498128	35119	11150
ENSMUST00000040506	ACAATGAGGTTCCGTTCATA	34498108	34465220	32888	34486978	11130	34498128	32908	11150
ENSMUST00000040506	ACAATGAGGTTCCGTTCATA	34498108	34494776	3332	34497967	141	34498128	3352	161
ENSMUST00000040506	ACAATGAGGTTCCGTTCATA	34498108	34494776	3332	34499685	-1577	34498128	3352	-1557
ENSMUST00000040506	ACAATGAGGTTCCGTTCATA	34498108	34494776	3332	34499685	-1577	34498128	3352	-1557
ENSMUST00000040506	ACAATGAGGTTCCGTTCATA	34498108	34497546	562	34499685	-1577	34498128	582	-1557
ENSMUST00000040506	ACAATGAGGTTCCGTTCATA	34498108	34487139	10969	34506528	-8420	34498128	10989	-8400
ENSMUST00000040506	ACAATGAGGTTCCGTTCATA	34498108	34444002	54106	34445531	52577	34498128	54126	52597
ENSMUST00000040506	ACAATGAGGTTCCGTTCATA	34498108	34445615	52493	34448367	49741	34498128	52513	49761
ENSMUST00000040506	ACAATGAGGTTCCGTTCATA	34498108	34445615	52493	34451207	46901	34498128	52513	46921
ENSMUST00000040506	ACAATGAGGTTCCGTTCATA	34498108	34457874	40234	34473549	24559	34498128	40254	24579
ENSMUST00000040506	ACAATGAGGTTCCGTTCATA	34498108	34462208	35900	34473549	24559	34498128	35920	24579
ENSMUST00000040506	ACAATGAGGTTCCGTTCATA	34498108	34463009	35099	34473549	24559	34498128	35119	24579
ENSMUST00000040506	ACAATGAGGTTCCGTTCATA	34498108	34463009	35099	34486978	11130	34498128	35119	11150
ENSMUST00000040506	ACAATGAGGTTCCGTTCATA	34498108	34463009	35099	34486978	11130	34498128	35119	11150
ENSMUST00000040506	ACAATGAGGTTCCGTTCATA	34498108	34465220	32888	34486978	11130	34498128	32908	11150
ENSMUST00000040506	ACAATGAGGTTCCGTTCATA	34498108	34494776	3332	34497967	141	34498128	3352	161
ENSMUST00000040506	ACAATGAGGTTCCGTTCATA	34498108	34494776	3332	34499685	-1577	34498128	3352	-1557
ENSMUST00000040506	ACAATGAGGTTCCGTTCATA	34498108	34494776	3332	34499685	-1577	34498128	3352	-1557
ENSMUST00000040506	ACAATGAGGTTCCGTTCATA	34498108	34497546	562	34499685	-1577	34498128	582	-1557
ENSMUST00000040506	ACAATGAGGTTCCGTTCATA	34498108	34487139	10969	34506528	-8420	34498128	10989	-8400
ENSMUST00000181535	AATACAGGTGCTATGCAACC	112215055	112220235	-5180	112220924	-5869	112215075	-5160	-5849
ENSMUST00000181535	AATACAGGTGCTATGCAACC	112215055	112221874	-6819	112228054	-12999	112215075	-6799	-12979
ENSMUST00000181535	AATACAGGTGCTATGCAACC	112215055	112221874	-6819	112228300	-13245	112215075	-6799	-13225
ENSMUST00000181535	AATACAGGTGCTATGCAACC	112215055	112221874	-6819	112228308	-13253	112215075	-6799	-13233
ENSMUST00000181535	AATACAGGTGCTATGCAACC	112215055	112221874	-6819	112228608	-13553	112215075	-6799	-13533
ENSMUST00000181535	AATACAGGTGCTATGCAACC	112215055	112221874	-6819	112228300	-13245	112215075	-6799	-13225
ENSMUST00000181535	AATACAGGTGCTATGCAACC	112215055	112221874	-6819	112228308	-13253	112215075	-6799	-13233
ENSMUST00000181535	AATACAGGTGCTATGCAACC	112215055	112221874	-6819	112228608	-13553	112215075	-6799	-13533
ENSMUST00000181535	AATACAGGTGCTATGCAACC	112215055	112224356	-9301	112228300	-13245	112215075	-9281	-13225
ENSMUST00000181535	AATACAGGTGCTATGCAACC	112215055	112224356	-9301	112228308	-13253	112215075	-9281	-13233
ENSMUST00000181535	AATACAGGTGCTATGCAACC	112215055	112224356	-9301	112228608	-13553	112215075	-9281	-13533
ENSMUST00000181535	AATACAGGTGCTATGCAACC	112215055	112221874	-6819	112228300	-13245	112215075	-6799	-13225
ENSMUST00000181535	AATACAGGTGCTATGCAACC	112215055	112221874	-6819	112228308	-13253	112215075	-6799	-13233
ENSMUST00000181535	AATACAGGTGCTATGCAACC	112215055	112221874	-6819	112228608	-13553	112215075	-6799	-13533
ENSMUST00000181535	AATACAGGTGCTATGCAACC	112215055	112224356	-9301	112228300	-13245	112215075	-9281	-13225
ENSMUST00000181535	AATACAGGTGCTATGCAACC	112215055	112224356	-9301	112228308	-13253	112215075	-9281	-13233
ENSMUST00000181535	AATACAGGTGCTATGCAACC	112215055	112224356	-9301	112228608	-13553	112215075	-9281	-13533
ENSMUST00000181535	AATACAGGTGCTATGCAACC	112215055	112221874	-6819	112228608	-13553	112215075	-6799	-13533
ENSMUST00000181535	AATACAGGTGCTATGCAACC	112215055	112224356	-9301	112228608	-13553	112215075	-9281	-13533
ENSMUST00000181535	AATACAGGTGCTATGCAACC	112215055	112228178	-13123	112228608	-13553	112215075	-13103	-13533
ENSMUST00000181535	AATACAGGTGCTATGCAACC	112215055	112228214	-13159	112228608	-13553	112215075	-13139	-13533
ENSMUST00000181535	AATACAGGTGCTATGCAACC	112215055	112221874	-6819	112228608	-13553	112215075	-6799	-13533
ENSMUST00000181535	AATACAGGTGCTATGCAACC	112215055	112224356	-9301	112228608	-13553	112215075	-9281	-13533
ENSMUST00000181535	AATACAGGTGCTATGCAACC	112215055	112228178	-13123	112228608	-13553	112215075	-13103	-13533
ENSMUST00000181535	AATACAGGTGCTATGCAACC	112215055	112228214	-13159	112228608	-13553	112215075	-13139	-13533
ENSMUST00000105321	CTCAGGTGGATGACTGACGC	81399323	81401071	-1748	81404823	-5500	81399343	-1728	-5480
ENSMUST00000105321	CTCAGGTGGATGACTGACGC	81399323	81405008	-5685	81407554	-8231	81399343	-5665	-8211
ENSMUST00000105321	CTCAGGTGGATGACTGACGC	81399323	81409682	-10359	81430785	-31462	81399343	-10339	-31442
ENSMUST00000102650	AGTCCCGGCCAGCTGCTGAA	61930146	61886782	43364	61893379	36767	61930166	43384	36787
ENSMUST00000102650	AGTCCCGGCCAGCTGCTGAA	61930146	61909946	20200	61916083	14063	61930166	20220	14083
ENSMUST00000102650	AGTCCCGGCCAGCTGCTGAA	61930146	61916266	13880	61929988	158	61930166	13900	178
ENSMUST00000076623	ATCCTAACCCAGTCAAGCAT	62733049	62604656	128393	62611703	121346	62730529	125873	118826
ENSMUST00000076623	ATCCTAACCCAGTCAAGCAT	62733049	62611767	121282	62615003	118046	62730529	118762	115526
ENSMUST00000076623	ATCCTAACCCAGTCAAGCAT	62733049	62636069	96980	62641327	91722	62730529	94460	89202
ENSMUST00000076623	ATCCTAACCCAGTCAAGCAT	62733049	62639036	94013	62642794	90255	62730529	91493	87735
ENSMUST00000076623	ATCCTAACCCAGTCAAGCAT	62733049	62706728	26321	62730520	2529	62730529	23801	9
ENSMUST00000076623	ATCCTAACCCAGTCAAGCAT	62733049	62733061	-12	62734987	-1938	62730529	-2532	-4458
ENSMUST00000049369	AGAGACTTTCTACAGCTACG	47528712	47507878	20834	47513810	14902	47524687	16809	10877
ENSMUST00000054251	AGTACACTCGACTTTGCATT	8871606	8805946	65660	8820410	51196	8871626	65680	51216
ENSMUST00000054251	AGTACACTCGACTTTGCATT	8871606	8805946	65660	8835296	36310	8871626	65680	36330
ENSMUST00000054251	AGTACACTCGACTTTGCATT	8871606	8805946	65660	8836782	34824	8871626	65680	34844
ENSMUST00000054251	AGTACACTCGACTTTGCATT	8871606	8805946	65660	8871482	124	8871626	65680	144
ENSMUST00000054251	AGTACACTCGACTTTGCATT	8871606	8805946	65660	8836782	34824	8871626	65680	34844
ENSMUST00000054251	AGTACACTCGACTTTGCATT	8871606	8820545	51061	8836782	34824	8871626	51081	34844
ENSMUST00000054251	AGTACACTCGACTTTGCATT	8871606	8805946	65660	8871482	124	8871626	65680	144
ENSMUST00000054251	AGTACACTCGACTTTGCATT	8871606	8820545	51061	8871482	124	8871626	51081	144
ENSMUST00000054251	AGTACACTCGACTTTGCATT	8871606	8837023	34583	8847614	23992	8871626	34603	24012
ENSMUST00000054251	AGTACACTCGACTTTGCATT	8871606	8842806	28800	8847614	23992	8871626	28820	24012
ENSMUST00000054251	AGTACACTCGACTTTGCATT	8871606	8844831	26775	8849533	22073	8871626	26795	22093
ENSMUST00000054251	AGTACACTCGACTTTGCATT	8871606	8805946	65660	8871482	124	8871626	65680	144
ENSMUST00000054251	AGTACACTCGACTTTGCATT	8871606	8854095	17511	8871482	124	8871626	17531	144
ENSMUST00000054251	AGTACACTCGACTTTGCATT	8871606	8856928	14678	8870869	737	8871626	14698	757
ENSMUST00000054251	AGTACACTCGACTTTGCATT	8871606	8856928	14678	8871482	124	8871626	14698	144
ENSMUST00000054251	AGTACACTCGACTTTGCATT	8871606	8861265	10341	8870869	737	8871626	10361	757
ENSMUST00000054251	AGTACACTCGACTTTGCATT	8871606	8861265	10341	8871482	124	8871626	10361	144
ENSMUST00000026093	GATGGACAAATACCAGAAAT	81792204	81801150	-8946	81815914	-23710	81792224	-8926	-23690
ENSMUST00000026093	GATGGACAAATACCAGAAAT	81792204	81801150	-8946	81828972	-36768	81792224	-8926	-36748
ENSMUST00000026093	GATGGACAAATACCAGAAAT	81792204	81801150	-8946	81828972	-36768	81792224	-8926	-36748
ENSMUST00000026093	GATGGACAAATACCAGAAAT	81792204	81805939	-13735	81828972	-36768	81792224	-13715	-36748
ENSMUST00000026093	GATGGACAAATACCAGAAAT	81792204	81816020	-23816	81828972	-36768	81792224	-23796	-36748
ENSMUST00000026093	GATGGACAAATACCAGAAAT	81792204	81801150	-8946	81815914	-23710	81792224	-8926	-23690
ENSMUST00000026093	GATGGACAAATACCAGAAAT	81792204	81801150	-8946	81828972	-36768	81792224	-8926	-36748
ENSMUST00000026093	GATGGACAAATACCAGAAAT	81792204	81801150	-8946	81828972	-36768	81792224	-8926	-36748
ENSMUST00000026093	GATGGACAAATACCAGAAAT	81792204	81805939	-13735	81828972	-36768	81792224	-13715	-36748
ENSMUST00000026093	GATGGACAAATACCAGAAAT	81792204	81816020	-23816	81828972	-36768	81792224	-23796	-36748
ENSMUST00000050542	TGCCCGACCTGCACGAATAC	6490777	6450639	40138	6453508	37269	6490797	40158	37289
ENSMUST00000020289	TAGCCAGTGAGTCAGAGGCC	61321011	61339339	-18328	61341211	-20200	61321031	-18308	-20180
ENSMUST00000000285	GGGCATCTAACTTGGTGTGT	89039047	89040911	-1864	89044239	-5192	89039067	-1844	-5172
ENSMUST00000000285	GGGCATCTAACTTGGTGTGT	89039047	89040911	-1864	89044239	-5192	89039067	-1844	-5172
ENSMUST00000000285	GGGCATCTAACTTGGTGTGT	89039047	89041559	-2512	89044239	-5192	89039067	-2492	-5172
ENSMUST00000000285	GGGCATCTAACTTGGTGTGT	89039047	89049900	-10853	89050668	-11621	89039067	-10833	-11601
ENSMUST00000000285	GGGCATCTAACTTGGTGTGT	89039047	89052546	-13499	89059930	-20883	89039067	-13479	-20863
ENSMUST00000038661	GGACTGGAGTTCAACTCTGC	141619414	141620594	-1180	141622203	-2789	141619434	-1160	-2769
ENSMUST00000034529	GGTTTGATCTATTTTCGGAT	53658666	53618010	40656	53621857	36809	53655278	37268	33421
ENSMUST00000034529	GGTTTGATCTATTTTCGGAT	53658666	53621976	36690	53623634	35032	53655278	33302	31644
ENSMUST00000034529	GGTTTGATCTATTTTCGGAT	53658666	53622943	35723	53624157	34509	53655278	32335	31121
ENSMUST00000034529	GGTTTGATCTATTTTCGGAT	53658666	53632337	26329	53633984	24682	53655278	22941	21294
ENSMUST00000034529	GGTTTGATCTATTTTCGGAT	53658666	53635065	23601	53642680	15986	53655278	20213	12598
ENSMUST00000034529	GGTTTGATCTATTTTCGGAT	53658666	53642598	16068	53646666	12000	53655278	12680	8612
ENSMUST00000034529	GGTTTGATCTATTTTCGGAT	53658666	53642826	15840	53646666	12000	53655278	12452	8612
ENSMUST00000034529	GGTTTGATCTATTTTCGGAT	53658666	53646843	11823	53657957	709	53655278	8435	-2679
ENSMUST00000034529	GGTTTGATCTATTTTCGGAT	53658666	53655371	3295	53658570	96	53655278	-93	-3292
ENSMUST00000103140	GCTCAGTGCCATCTCGCTGA	155641639	155637766	3873	155639472	2167	155641659	3893	2187
ENSMUST00000103140	GCTCAGTGCCATCTCGCTGA	155641639	155640557	1082	155643391	-1752	155641659	1102	-1732
ENSMUST00000103140	GCTCAGTGCCATCTCGCTGA	155641639	155643450	-1811	155650418	-8779	155641659	-1791	-8759
ENSMUST00000103140	GCTCAGTGCCATCTCGCTGA	155641639	155645059	-3420	155653492	-11853	155641659	-3400	-11833
ENSMUST00000103140	GCTCAGTGCCATCTCGCTGA	155641639	155645059	-3420	155653492	-11853	155641659	-3400	-11833
ENSMUST00000103140	GCTCAGTGCCATCTCGCTGA	155641639	155668469	-26830	155672989	-31350	155641659	-26810	-31330
ENSMUST00000103140	GCTCAGTGCCATCTCGCTGA	155641639	155637766	3873	155639472	2167	155641659	3893	2187
ENSMUST00000103140	GCTCAGTGCCATCTCGCTGA	155641639	155640557	1082	155643391	-1752	155641659	1102	-1732
ENSMUST00000103140	GCTCAGTGCCATCTCGCTGA	155641639	155643450	-1811	155650418	-8779	155641659	-1791	-8759
ENSMUST00000103140	GCTCAGTGCCATCTCGCTGA	155641639	155645059	-3420	155653492	-11853	155641659	-3400	-11833
ENSMUST00000103140	GCTCAGTGCCATCTCGCTGA	155641639	155645059	-3420	155653492	-11853	155641659	-3400	-11833
ENSMUST00000103140	GCTCAGTGCCATCTCGCTGA	155641639	155668469	-26830	155672989	-31350	155641659	-26810	-31330
ENSMUST00000025217	TAGCTCAAGGATTATGACTG	34938210	34943285	-5075	34946495	-8285	34938230	-5055	-8265
ENSMUST00000106052	TAACAGTGGGTTAAGCCTGA	140811171	140813314	-2143	140822034	-10863	140811191	-2123	-10843
ENSMUST00000191234	AAGGTATGTGTGGCGGGCGC	32890207	31694413	1195794	31951118	939089	32890227	1195814	939109
ENSMUST00000191234	AAGGTATGTGTGGCGGGCGC	32890207	31746562	1143645	32329764	560443	32890227	1143665	560463
ENSMUST00000191234	AAGGTATGTGTGGCGGGCGC	32890207	31951319	938888	32402235	487972	32890227	938908	487992
ENSMUST00000191234	AAGGTATGTGTGGCGGGCGC	32890207	31951319	938888	32889642	565	32890227	938908	585
ENSMUST00000191234	AAGGTATGTGTGGCGGGCGC	32890207	31951319	938888	32889642	565	32890227	938908	585
ENSMUST00000191234	AAGGTATGTGTGGCGGGCGC	32890207	32329845	560362	32889642	565	32890227	560382	585
ENSMUST00000111238	GCTGGCACCCCAGCTCCTCA	94301732	94333052	-31320	94358750	-57018	94301752	-31300	-56998
ENSMUST00000111238	GCTGGCACCCCAGCTCCTCA	94301732	94378105	-76373	94386091	-84359	94301752	-76353	-84339
ENSMUST00000071419	CTGTCGGCACTCATGGCCGG	73800144	73790878	9266	73791723	8421	73800164	9286	8441
ENSMUST00000071419	CTGTCGGCACTCATGGCCGG	73800144	73792785	7359	73798879	1265	73800164	7379	1285
ENSMUST00000071419	CTGTCGGCACTCATGGCCGG	73800144	73792785	7359	73800091	53	73800164	7379	73
ENSMUST00000071419	CTGTCGGCACTCATGGCCGG	73800144	73792785	7359	73800091	53	73800164	7379	73
ENSMUST00000071419	CTGTCGGCACTCATGGCCGG	73800144	73793175	6969	73800091	53	73800164	6989	73
ENSMUST00000221919	AGAGTCTTGAGACATAAAAA	83547393	83575136	-27743	83596996	-49603	83547413	-27723	-49583
ENSMUST00000021368	ATGTGGATAACAAGACATAT	69356312	69312334	43978	69312565	43747	69356332	43998	43767
ENSMUST00000021368	ATGTGGATAACAAGACATAT	69356312	69324976	31336	69331087	25225	69356332	31356	25245
ENSMUST00000021368	ATGTGGATAACAAGACATAT	69356312	69353942	2370	69356029	283	69356332	2390	303
ENSMUST00000204778	TAGTCGCTGGGTGTAAGTTA	51857745	51859570	-1825	51874474	-16729	51857765	-1805	-16709
ENSMUST00000114634	TCCCTCCCGGCCCTACGTGG	44491244	44490682	562	44491692	-448	44491264	582	-428
ENSMUST00000209735	AAAGGGAGATATGGGACTGC	11210763	11199882	10881	11202893	7870	11210783	10901	7890
ENSMUST00000209735	AAAGGGAGATATGGGACTGC	11210763	11216799	-6036	11217433	-6670	11210783	-6016	-6650
ENSMUST00000182276	CTTGTTACAAGAAATGGACT	56547178	56531358	15820	56537127	10051	56547198	15840	10071
ENSMUST00000182276	CTTGTTACAAGAAATGGACT	56547178	56537282	9896	56540181	6997	56547198	9916	7017
ENSMUST00000040184	TCTTCAGTGCTACACGCTGC	144382880	144385983	-3103	144388148	-5268	144382900	-3083	-5248
ENSMUST00000040184	TCTTCAGTGCTACACGCTGC	144382880	144427821	-44941	144523463	-140583	144382900	-44921	-140563
ENSMUST00000045994	AAGTTGAATGACATGACAAC	126948115	126950818	-2703	126953163	-5048	126948135	-2683	-5028
ENSMUST00000045994	AAGTTGAATGACATGACAAC	126948115	126953449	-5334	126961911	-13796	126948135	-5314	-13776
ENSMUST00000045994	AAGTTGAATGACATGACAAC	126948115	126953449	-5334	126965381	-17266	126948135	-5314	-17246
ENSMUST00000045994	AAGTTGAATGACATGACAAC	126948115	126953449	-5334	126969982	-21867	126948135	-5314	-21847
ENSMUST00000045994	AAGTTGAATGACATGACAAC	126948115	126953449	-5334	126965381	-17266	126948135	-5314	-17246
ENSMUST00000045994	AAGTTGAATGACATGACAAC	126948115	126959585	-11470	126965381	-17266	126948135	-11450	-17246
ENSMUST00000045994	AAGTTGAATGACATGACAAC	126948115	126953449	-5334	126969982	-21867	126948135	-5314	-21847
ENSMUST00000045994	AAGTTGAATGACATGACAAC	126948115	126959585	-11470	126969982	-21867	126948135	-11450	-21847
ENSMUST00000045994	AAGTTGAATGACATGACAAC	126948115	126965622	-17507	126970737	-22622	126948135	-17487	-22602
ENSMUST00000144099	ACCATGGCATTAAAATCAAA	70352768	70245497	107271	70250352	102416	70349144	103647	98792
ENSMUST00000144099	ACCATGGCATTAAAATCAAA	70352768	70276708	76060	70298819	53949	70349144	72436	50325
ENSMUST00000144099	ACCATGGCATTAAAATCAAA	70352768	70281522	71246	70298819	53949	70349144	67622	50325
ENSMUST00000144099	ACCATGGCATTAAAATCAAA	70352768	70290029	62739	70298819	53949	70349144	59115	50325
ENSMUST00000144099	ACCATGGCATTAAAATCAAA	70352768	70298948	53820	70302083	50685	70349144	50196	47061
ENSMUST00000144099	ACCATGGCATTAAAATCAAA	70352768	70317597	35171	70349143	3625	70349144	31547	1
ENSMUST00000144099	ACCATGGCATTAAAATCAAA	70352768	70317597	35171	70352668	100	70349144	31547	-3524
ENSMUST00000144099	ACCATGGCATTAAAATCAAA	70352768	70317597	35171	70352668	100	70349144	31547	-3524
ENSMUST00000144099	ACCATGGCATTAAAATCAAA	70352768	70337559	15209	70352668	100	70349144	11585	-3524
ENSMUST00000144099	ACCATGGCATTAAAATCAAA	70352768	70337559	15209	70354712	-1944	70349144	11585	-5568
ENSMUST00000144099	ACCATGGCATTAAAATCAAA	70352768	70337559	15209	70353609	-841	70349144	11585	-4465
ENSMUST00000144099	ACCATGGCATTAAAATCAAA	70352768	70337559	15209	70354712	-1944	70349144	11585	-5568
ENSMUST00000193703	TTAAACTTCTTTTAGTAGAG	181902592	181908376	-5784	181913306	-10714	181902612	-5764	-10694
ENSMUST00000193703	TTAAACTTCTTTTAGTAGAG	181902592	181913373	-10781	181918257	-15665	181902612	-10761	-15645
ENSMUST00000193703	TTAAACTTCTTTTAGTAGAG	181902592	181919629	-17037	181923559	-20967	181902612	-17017	-20947
ENSMUST00000193703	TTAAACTTCTTTTAGTAGAG	181902592	181919629	-17037	181923559	-20967	181902612	-17017	-20947
ENSMUST00000193703	TTAAACTTCTTTTAGTAGAG	181902592	181919629	-17037	181923559	-20967	181902612	-17017	-20947
ENSMUST00000193703	TTAAACTTCTTTTAGTAGAG	181902592	181919629	-17037	181930677	-28085	181902612	-17017	-28065
ENSMUST00000193703	TTAAACTTCTTTTAGTAGAG	181902592	181919629	-17037	181956393	-53801	181902612	-17017	-53781
ENSMUST00000193703	TTAAACTTCTTTTAGTAGAG	181902592	181919629	-17037	181956393	-53801	181902612	-17017	-53781
ENSMUST00000193703	TTAAACTTCTTTTAGTAGAG	181902592	181923840	-21248	181956393	-53801	181902612	-21228	-53781
ENSMUST00000193703	TTAAACTTCTTTTAGTAGAG	181902592	181930762	-28170	181935659	-33067	181902612	-28150	-33047
ENSMUST00000193703	TTAAACTTCTTTTAGTAGAG	181902592	181930762	-28170	181956393	-53801	181902612	-28150	-53781
ENSMUST00000193703	TTAAACTTCTTTTAGTAGAG	181902592	181930762	-28170	181956393	-53801	181902612	-28150	-53781
ENSMUST00000193703	TTAAACTTCTTTTAGTAGAG	181902592	181931185	-28593	181956393	-53801	181902612	-28573	-53781
ENSMUST00000145910	GCTAAGGGGCTCGGGCCTCT	78737023	78669894	67129	78672575	64448	78737043	67149	64468
ENSMUST00000145910	GCTAAGGGGCTCGGGCCTCT	78737023	78672686	64337	78682827	54196	78737043	64357	54216
ENSMUST00000090339	CAAGGAAGCGGAAGTGGCAA	10575489	10583836	-8347	10591586	-16097	10575509	-8327	-16077
ENSMUST00000090339	CAAGGAAGCGGAAGTGGCAA	10575489	10587924	-12435	10591586	-16097	10575509	-12415	-16077
ENSMUST00000090339	CAAGGAAGCGGAAGTGGCAA	10575489	10587924	-12435	10592071	-16582	10575509	-12415	-16562
ENSMUST00000090339	CAAGGAAGCGGAAGTGGCAA	10575489	10587924	-12435	10592071	-16582	10575509	-12415	-16562
ENSMUST00000090339	CAAGGAAGCGGAAGTGGCAA	10575489	10589345	-13856	10592071	-16582	10575509	-13836	-16562
ENSMUST00000090339	CAAGGAAGCGGAAGTGGCAA	10575489	10610093	-34604	10690370	-114881	10575509	-34584	-114861
ENSMUST00000030376	CCTCGCTGCTCTGCTGAGGA	120704566	120704575	-9	120713011	-8445	120702397	-2178	-10614
ENSMUST00000030376	CCTCGCTGCTCTGCTGAGGA	120704566	120715080	-10514	120715765	-11199	120702397	-12683	-13368
ENSMUST00000030376	CCTCGCTGCTCTGCTGAGGA	120704566	120715361	-10795	120716551	-11985	120702397	-12964	-14154
ENSMUST00000206687	CCTGACCTGCTTGTCGAATG	25471864	25463900	7964	25471797	67	25471884	7984	87
ENSMUST00000206687	CCTGACCTGCTTGTCGAATG	25471864	25464880	6984	25466316	5548	25471884	7004	5568
ENSMUST00000206687	CCTGACCTGCTTGTCGAATG	25471864	25464880	6984	25471797	67	25471884	7004	87
ENSMUST00000206687	CCTGACCTGCTTGTCGAATG	25471864	25472073	-209	25474519	-2655	25471884	-189	-2635
ENSMUST00000206687	CCTGACCTGCTTGTCGAATG	25471864	25472073	-209	25476343	-4479	25471884	-189	-4459
ENSMUST00000106550	CTGCGGCTGGATACAAGTCT	118855792	118846094	9698	118850620	5172	118855812	9718	5192
ENSMUST00000106550	CTGCGGCTGGATACAAGTCT	118855792	118848574	7218	118852402	3390	118855812	7238	3410
ENSMUST00000106550	CTGCGGCTGGATACAAGTCT	118855792	118848574	7218	118852888	2904	118855812	7238	2924
ENSMUST00000114086	CTTCATCCCAGGGAGGAAAA	64035008	64035764	-756	64078706	-43698	64035028	-736	-43678
ENSMUST00000114086	CTTCATCCCAGGGAGGAAAA	64035008	64042437	-7429	64120899	-85891	64035028	-7409	-85871
ENSMUST00000114086	CTTCATCCCAGGGAGGAAAA	64035008	64079334	-44326	64122201	-87193	64035028	-44306	-87173
ENSMUST00000034147	CACGCTCCTTGAAATTTGGC	82763630	82769399	-5769	82771338	-7708	82763650	-5749	-7688
ENSMUST00000076493	ATATCCAACTACGTGGCAGC	53960409	53951355	9054	53953000	7409	53960429	9074	7429
ENSMUST00000076493	ATATCCAACTACGTGGCAGC	53960409	53954902	5507	53957973	2436	53960429	5527	2456
ENSMUST00000076493	ATATCCAACTACGTGGCAGC	53960409	53958100	2309	53960282	127	53960429	2329	147
ENSMUST00000076493	ATATCCAACTACGTGGCAGC	53960409	53958100	2309	53979464	-19055	53960429	2329	-19035
ENSMUST00000076493	ATATCCAACTACGTGGCAGC	53960409	53958100	2309	53979464	-19055	53960429	2329	-19035
ENSMUST00000076493	ATATCCAACTACGTGGCAGC	53960409	53960437	-28	53979464	-19055	53960429	-8	-19035
ENSMUST00000076493	ATATCCAACTACGTGGCAGC	53960409	53960621	-212	53979464	-19055	53960429	-192	-19035
ENSMUST00000028259	ATCTGCCCTCTCCTTCCTCT	62646060	62601551	44509	62605440	40620	62646080	44529	40640
ENSMUST00000038014	GCGCGAACACCGCTTCCGCC	141782856	141766582	16274	141767707	15149	141782876	16294	15169
ENSMUST00000038014	GCGCGAACACCGCTTCCGCC	141782856	141774659	8197	141776894	5962	141782876	8217	5982
ENSMUST00000038014	GCGCGAACACCGCTTCCGCC	141782856	141783106	-250	141788888	-6032	141782876	-230	-6012
ENSMUST00000038014	GCGCGAACACCGCTTCCGCC	141782856	141783106	-250	141790589	-7733	141782876	-230	-7713
ENSMUST00000038014	GCGCGAACACCGCTTCCGCC	141782856	141783106	-250	141790589	-7733	141782876	-230	-7713
ENSMUST00000038014	GCGCGAACACCGCTTCCGCC	141782856	141784754	-1898	141790589	-7733	141782876	-1878	-7713
ENSMUST00000102823	GAGAGAGATTATGGTAAACA	83226050	83227224	-1174	83237241	-11191	83226070	-1154	-11171
ENSMUST00000102823	GAGAGAGATTATGGTAAACA	83226050	83230524	-4474	83237241	-11191	83226070	-4454	-11171
ENSMUST00000102823	GAGAGAGATTATGGTAAACA	83226050	83237350	-11300	83241645	-15595	83226070	-11280	-15575
ENSMUST00000102823	GAGAGAGATTATGGTAAACA	83226050	83240194	-14144	83242138	-16088	83226070	-14124	-16068
ENSMUST00000102823	GAGAGAGATTATGGTAAACA	83226050	83247718	-21668	83256044	-29994	83226070	-21648	-29974
ENSMUST00000102823	GAGAGAGATTATGGTAAACA	83226050	83253050	-27000	83260881	-34831	83226070	-26980	-34811
ENSMUST00000067853	GAGGCGTTTGCATCTTCCCA	113795028	113795753	-725	113800299	-5271	113795048	-705	-5251
ENSMUST00000027797	CTCAGATACATATTCATATC	181091222	181101635	-10413	181106859	-15637	181091242	-10393	-15617
ENSMUST00000027797	CTCAGATACATATTCATATC	181091222	181106979	-15757	181112287	-21065	181091242	-15737	-21045
ENSMUST00000027797	CTCAGATACATATTCATATC	181091222	181112392	-21170	181117435	-26213	181091242	-21150	-26193
ENSMUST00000027797	CTCAGATACATATTCATATC	181091222	181114301	-23079	181120354	-29132	181091242	-23059	-29112
ENSMUST00000027797	CTCAGATACATATTCATATC	181091222	181123984	-32762	181129508	-38286	181091242	-32742	-38266
ENSMUST00000040383	TGGCCTTTGACCAAGAGCGG	84134033	84133540	493	84133976	57	84133777	237	-199
ENSMUST00000040383	TGGCCTTTGACCAAGAGCGG	84134033	84137192	-3159	84138717	-4684	84133777	-3415	-4940
ENSMUST00000040383	TGGCCTTTGACCAAGAGCGG	84134033	84143509	-9476	84143957	-9924	84133777	-9732	-10180
ENSMUST00000021311	CCAGTCCTTCCTCCCCTGCC	102908327	102916515	-8188	102924982	-16655	102908347	-8168	-16635
ENSMUST00000030110	GAAAGTATTAGAAGCTGTTT	82803161	82807056	-3895	82835445	-32284	82803181	-3875	-32264
ENSMUST00000030110	GAAAGTATTAGAAGCTGTTT	82803161	82854115	-50954	82859489	-56328	82803181	-50934	-56308
ENSMUST00000030110	GAAAGTATTAGAAGCTGTTT	82803161	82854115	-50954	82859918	-56757	82803181	-50934	-56737
ENSMUST00000107903	CTCAGGAGGTTCTGACGGGA	88845859	88841302	4557	88843589	2270	88841183	-119	-2406
ENSMUST00000107903	CTCAGGAGGTTCTGACGGGA	88845859	88841302	4557	88843811	2048	88841183	-119	-2628
ENSMUST00000107903	CTCAGGAGGTTCTGACGGGA	88845859	88841302	4557	88844258	1601	88841183	-119	-3075
ENSMUST00000179243	CAGGATTCCAGGGAGGGGCC	79375466	79375718	-252	79377226	-1760	79375486	-232	-1740
ENSMUST00000205276	GACTGAGACTTTGAAAACAA	98588225	98590884	-2659	98594751	-6526	98588245	-2639	-6506
ENSMUST00000205276	GACTGAGACTTTGAAAACAA	98588225	98597184	-8959	98602582	-14357	98588245	-8939	-14337
ENSMUST00000205276	GACTGAGACTTTGAAAACAA	98588225	98597184	-8959	98610666	-22441	98588245	-8939	-22421
ENSMUST00000205276	GACTGAGACTTTGAAAACAA	98588225	98597184	-8959	98610666	-22441	98588245	-8939	-22421
ENSMUST00000205276	GACTGAGACTTTGAAAACAA	98588225	98600827	-12602	98610666	-22441	98588245	-12582	-22421
ENSMUST00000205276	GACTGAGACTTTGAAAACAA	98588225	98613157	-24932	98619298	-31073	98588245	-24912	-31053
ENSMUST00000205276	GACTGAGACTTTGAAAACAA	98588225	98619469	-31244	98626465	-38240	98588245	-31224	-38220
ENSMUST00000205276	GACTGAGACTTTGAAAACAA	98588225	98637520	-49295	98646448	-58223	98588245	-49275	-58203
ENSMUST00000205276	GACTGAGACTTTGAAAACAA	98588225	98637520	-49295	98647804	-59579	98588245	-49275	-59559
ENSMUST00000205276	GACTGAGACTTTGAAAACAA	98588225	98641668	-53443	98646448	-58223	98588245	-53423	-58203
ENSMUST00000205276	GACTGAGACTTTGAAAACAA	98588225	98637520	-49295	98647804	-59579	98588245	-49275	-59559
ENSMUST00000205276	GACTGAGACTTTGAAAACAA	98588225	98641668	-53443	98647804	-59579	98588245	-53423	-59559
ENSMUST00000004728	ATGCACCAAGCTTTGCTCTC	43528148	43529008	-860	43529865	-1717	43528168	-840	-1697
ENSMUST00000004728	ATGCACCAAGCTTTGCTCTC	43528148	43532316	-4168	43533057	-4909	43528168	-4148	-4889
ENSMUST00000111333	GGCCCTGCGAGACCCACATA	91644703	91647846	-3143	91649150	-4447	91644723	-3123	-4427
ENSMUST00000111333	GGCCCTGCGAGACCCACATA	91644703	91648077	-3374	91649150	-4447	91644723	-3354	-4427
ENSMUST00000111333	GGCCCTGCGAGACCCACATA	91644703	91647846	-3143	91649150	-4447	91644723	-3123	-4427
ENSMUST00000111333	GGCCCTGCGAGACCCACATA	91644703	91648077	-3374	91649150	-4447	91644723	-3354	-4427
ENSMUST00000118539	ACAGCGATGTTGTCATGGGT	157908908	157918535	-9627	157920954	-12046	157908928	-9607	-12026
ENSMUST00000118539	ACAGCGATGTTGTCATGGGT	157908908	157918535	-9627	157924865	-15957	157908928	-9607	-15937
ENSMUST00000111945	CCTTCAGGGTTATGTGCTTA	33378492	33382324	-3832	33386561	-8069	33378512	-3812	-8049
ENSMUST00000111945	CCTTCAGGGTTATGTGCTTA	33378492	33388982	-10490	33392941	-14449	33378512	-10470	-14429
ENSMUST00000111945	CCTTCAGGGTTATGTGCTTA	33378492	33388982	-10490	33392941	-14449	33378512	-10470	-14429
ENSMUST00000111945	CCTTCAGGGTTATGTGCTTA	33378492	33390313	-11821	33402864	-24372	33378512	-11801	-24352
ENSMUST00000111945	CCTTCAGGGTTATGTGCTTA	33378492	33393107	-14615	33402864	-24372	33378512	-14595	-24352
ENSMUST00000111945	CCTTCAGGGTTATGTGCTTA	33378492	33393107	-14615	33408047	-29555	33378512	-14595	-29535
ENSMUST00000111945	CCTTCAGGGTTATGTGCTTA	33378492	33393107	-14615	33410855	-32363	33378512	-14595	-32343
ENSMUST00000111945	CCTTCAGGGTTATGTGCTTA	33378492	33393107	-14615	33447014	-68522	33378512	-14595	-68502
ENSMUST00000027257	TCATCTATACATGACCGAGA	37881027	37879363	1664	37880932	95	37881047	1684	115
ENSMUST00000027257	TCATCTATACATGACCGAGA	37881027	37881048	-21	37882561	-1534	37881047	-1	-1514
ENSMUST00000089473	GCATTGGTTGCATAGAGACC	57833440	57836646	-3206	57839089	-5649	57833460	-3186	-5629
ENSMUST00000089473	GCATTGGTTGCATAGAGACC	57833440	57836646	-3206	57840828	-7388	57833460	-3186	-7368
ENSMUST00000089473	GCATTGGTTGCATAGAGACC	57833440	57843314	-9874	57856609	-23169	57833460	-9854	-23149
ENSMUST00000089473	GCATTGGTTGCATAGAGACC	57833440	57858609	-25169	57878432	-44992	57833460	-25149	-44972
ENSMUST00000089473	GCATTGGTTGCATAGAGACC	57833440	57865641	-32201	57878432	-44992	57833460	-32181	-44972
ENSMUST00000089473	GCATTGGTTGCATAGAGACC	57833440	57865641	-32201	57890062	-56622	57833460	-32181	-56602
ENSMUST00000090464	CTAGCCCCGCGGACACCTCC	116423505	116298549	124956	116322081	101424	116423525	124976	101444
ENSMUST00000090464	CTAGCCCCGCGGACACCTCC	116423505	116392914	30591	116422566	939	116423525	30611	959
ENSMUST00000090938	GCTAAGCATGGGGAGCAGCA	88933568	88925411	8157	88927010	6558	88933588	8177	6578
ENSMUST00000090938	GCTAAGCATGGGGAGCAGCA	88933568	88925411	8157	88928208	5360	88933588	8177	5380
ENSMUST00000090938	GCTAAGCATGGGGAGCAGCA	88933568	88925411	8157	88929395	4173	88933588	8177	4193
ENSMUST00000090938	GCTAAGCATGGGGAGCAGCA	88933568	88927070	6498	88928446	5122	88933588	6518	5142
ENSMUST00000090938	GCTAAGCATGGGGAGCAGCA	88933568	88927070	6498	88929395	4173	88933588	6518	4193
ENSMUST00000090938	GCTAAGCATGGGGAGCAGCA	88933568	88925411	8157	88930475	3093	88933588	8177	3113
ENSMUST00000090938	GCTAAGCATGGGGAGCAGCA	88933568	88925411	8157	88933564	4	88933588	8177	24
ENSMUST00000090938	GCTAAGCATGGGGAGCAGCA	88933568	88928527	5041	88930475	3093	88933588	5061	3113
ENSMUST00000090938	GCTAAGCATGGGGAGCAGCA	88933568	88929526	4042	88930911	2657	88933588	4062	2677
ENSMUST00000090938	GCTAAGCATGGGGAGCAGCA	88933568	88929526	4042	88933564	4	88933588	4062	24
ENSMUST00000090938	GCTAAGCATGGGGAGCAGCA	88933568	88929526	4042	88942774	-9206	88933588	4062	-9186
ENSMUST00000090938	GCTAAGCATGGGGAGCAGCA	88933568	88929526	4042	88942774	-9206	88933588	4062	-9186
ENSMUST00000090938	GCTAAGCATGGGGAGCAGCA	88933568	88931020	2548	88936148	-2580	88933588	2568	-2560
ENSMUST00000090938	GCTAAGCATGGGGAGCAGCA	88933568	88931020	2548	88942774	-9206	88933588	2568	-9186
ENSMUST00000090938	GCTAAGCATGGGGAGCAGCA	88933568	88931020	2548	88949867	-16299	88933588	2568	-16279
ENSMUST00000090938	GCTAAGCATGGGGAGCAGCA	88933568	88931020	2548	88942774	-9206	88933588	2568	-9186
ENSMUST00000090938	GCTAAGCATGGGGAGCAGCA	88933568	88931020	2548	88949867	-16299	88933588	2568	-16279
ENSMUST00000090938	GCTAAGCATGGGGAGCAGCA	88933568	88933666	-98	88942774	-9206	88933588	-78	-9186
ENSMUST00000090938	GCTAAGCATGGGGAGCAGCA	88933568	88933666	-98	88949867	-16299	88933588	-78	-16279
ENSMUST00000090938	GCTAAGCATGGGGAGCAGCA	88933568	88931020	2548	88949867	-16299	88933588	2568	-16279
ENSMUST00000090938	GCTAAGCATGGGGAGCAGCA	88933568	88933666	-98	88949867	-16299	88933588	-78	-16279
ENSMUST00000090938	GCTAAGCATGGGGAGCAGCA	88933568	88936253	-2685	88949867	-16299	88933588	-2665	-16279
ENSMUST00000199808	CTTTAGAGGCCTTGGAAGAG	124398466	124378546	19920	124381508	16958	124398486	19940	16978
ENSMUST00000199808	CTTTAGAGGCCTTGGAAGAG	124398466	124379422	19044	124381682	16784	124398486	19064	16804
ENSMUST00000199808	CTTTAGAGGCCTTGGAAGAG	124398466	124384541	13925	124387318	11148	124398486	13945	11168
ENSMUST00000199808	CTTTAGAGGCCTTGGAAGAG	124398466	124387589	10877	124391921	6545	124398486	10897	6565
ENSMUST00000199808	CTTTAGAGGCCTTGGAAGAG	124398466	124393006	5460	124395894	2572	124398486	5480	2592
ENSMUST00000199808	CTTTAGAGGCCTTGGAAGAG	124398466	124408577	-10111	124414398	-15932	124398486	-10091	-15912
ENSMUST00000199808	CTTTAGAGGCCTTGGAAGAG	124398466	124408577	-10111	124414398	-15932	124398486	-10091	-15912
ENSMUST00000199808	CTTTAGAGGCCTTGGAAGAG	124398466	124410379	-11913	124414398	-15932	124398486	-11893	-15912
ENSMUST00000199808	CTTTAGAGGCCTTGGAAGAG	124398466	124410382	-11916	124414398	-15932	124398486	-11896	-15912
ENSMUST00000199808	CTTTAGAGGCCTTGGAAGAG	124398466	124414527	-16061	124425446	-26980	124398486	-16041	-26960
ENSMUST00000064307	GGTGTGACCATCTGGGAGCT	120012739	120016193	-3454	120016727	-3988	120012759	-3434	-3968
ENSMUST00000112007	TTCTGCAGAGTCCCTATTGT	73817157	73819148	-1991	73828471	-11314	73817177	-1971	-11294
ENSMUST00000112007	TTCTGCAGAGTCCCTATTGT	73817157	73819148	-1991	73842359	-25202	73817177	-1971	-25182
ENSMUST00000112007	TTCTGCAGAGTCCCTATTGT	73817157	73823306	-6149	73829791	-12634	73817177	-6129	-12614
ENSMUST00000112007	TTCTGCAGAGTCCCTATTGT	73817157	73828678	-11521	73842359	-25202	73817177	-11501	-25182
ENSMUST00000112007	TTCTGCAGAGTCCCTATTGT	73817157	73829941	-12784	73850588	-33431	73817177	-12764	-33411
ENSMUST00000112007	TTCTGCAGAGTCCCTATTGT	73817157	73842446	-25289	73846196	-29039	73817177	-25269	-29019
ENSMUST00000112007	TTCTGCAGAGTCCCTATTGT	73817157	73842446	-25289	73850588	-33431	73817177	-25269	-33411
ENSMUST00000112007	TTCTGCAGAGTCCCTATTGT	73817157	73842446	-25289	73850588	-33431	73817177	-25269	-33411
ENSMUST00000112007	TTCTGCAGAGTCCCTATTGT	73817157	73845553	-28396	73850588	-33431	73817177	-28376	-33411
ENSMUST00000112007	TTCTGCAGAGTCCCTATTGT	73817157	73846375	-29218	73850863	-33706	73817177	-29198	-33686
ENSMUST00000112007	TTCTGCAGAGTCCCTATTGT	73817157	73850982	-33825	73863168	-46011	73817177	-33805	-45991
ENSMUST00000112007	TTCTGCAGAGTCCCTATTGT	73817157	73850982	-33825	73873669	-56512	73817177	-33805	-56492
ENSMUST00000112007	TTCTGCAGAGTCCCTATTGT	73817157	73842446	-25289	73873669	-56512	73817177	-25269	-56492
ENSMUST00000112007	TTCTGCAGAGTCCCTATTGT	73817157	73850982	-33825	73873669	-56512	73817177	-33805	-56492
ENSMUST00000112007	TTCTGCAGAGTCCCTATTGT	73817157	73853891	-36734	73870622	-53465	73817177	-36714	-53445
ENSMUST00000112007	TTCTGCAGAGTCCCTATTGT	73817157	73853891	-36734	73873669	-56512	73817177	-36714	-56492
ENSMUST00000112007	TTCTGCAGAGTCCCTATTGT	73817157	73853891	-36734	73873669	-56512	73817177	-36714	-56492
ENSMUST00000112007	TTCTGCAGAGTCCCTATTGT	73817157	73863238	-46081	73873669	-56512	73817177	-46061	-56492
ENSMUST00000112007	TTCTGCAGAGTCCCTATTGT	73817157	73873745	-56588	73892474	-75317	73817177	-56568	-75297
ENSMUST00000112007	TTCTGCAGAGTCCCTATTGT	73817157	73873745	-56588	73892474	-75317	73817177	-56568	-75297
ENSMUST00000036877	GCTCTTCCTTCATTCAGCTC	39462627	39480349	-17722	39485558	-22931	39462647	-17702	-22911
ENSMUST00000036877	GCTCTTCCTTCATTCAGCTC	39462627	39483153	-20526	39487819	-25192	39462647	-20506	-25172
ENSMUST00000036877	GCTCTTCCTTCATTCAGCTC	39462627	39495270	-32643	39506700	-44073	39462647	-32623	-44053
ENSMUST00000036877	GCTCTTCCTTCATTCAGCTC	39462627	39506822	-44195	39522655	-60028	39462647	-44175	-60008
ENSMUST00000036877	GCTCTTCCTTCATTCAGCTC	39462627	39523759	-61132	39557574	-94947	39462647	-61112	-94927
ENSMUST00000073192	CTTAGTTCTGGACAGCTTTA	30931605	30934747	-3142	30939496	-7891	30931625	-3122	-7871
ENSMUST00000073192	CTTAGTTCTGGACAGCTTTA	30931605	30935059	-3454	30939496	-7891	30931625	-3434	-7871
ENSMUST00000073192	CTTAGTTCTGGACAGCTTTA	30931605	30935059	-3454	30943038	-11433	30931625	-3434	-11413
ENSMUST00000073192	CTTAGTTCTGGACAGCTTTA	30931605	30935059	-3454	30943038	-11433	30931625	-3434	-11413
ENSMUST00000073192	CTTAGTTCTGGACAGCTTTA	30931605	30935445	-3840	30943038	-11433	30931625	-3820	-11413
ENSMUST00000073192	CTTAGTTCTGGACAGCTTTA	30931605	30948523	-16918	30950740	-19135	30931625	-16898	-19115
ENSMUST00000073192	CTTAGTTCTGGACAGCTTTA	30931605	30949977	-18372	30950740	-19135	30931625	-18352	-19115
ENSMUST00000073192	CTTAGTTCTGGACAGCTTTA	30931605	30934747	-3142	30939496	-7891	30931625	-3122	-7871
ENSMUST00000073192	CTTAGTTCTGGACAGCTTTA	30931605	30935059	-3454	30939496	-7891	30931625	-3434	-7871
ENSMUST00000073192	CTTAGTTCTGGACAGCTTTA	30931605	30935059	-3454	30943038	-11433	30931625	-3434	-11413
ENSMUST00000073192	CTTAGTTCTGGACAGCTTTA	30931605	30935059	-3454	30943038	-11433	30931625	-3434	-11413
ENSMUST00000073192	CTTAGTTCTGGACAGCTTTA	30931605	30935445	-3840	30943038	-11433	30931625	-3820	-11413
ENSMUST00000073192	CTTAGTTCTGGACAGCTTTA	30931605	30948523	-16918	30950740	-19135	30931625	-16898	-19115
ENSMUST00000073192	CTTAGTTCTGGACAGCTTTA	30931605	30949977	-18372	30950740	-19135	30931625	-18352	-19115
ENSMUST00000107152	ACCCAACTTAAAAGTACGTT	102205499	102196672	8827	102197338	8161	102205519	8847	8181
ENSMUST00000107152	ACCCAACTTAAAAGTACGTT	102205499	102196672	8827	102197665	7834	102205519	8847	7854
ENSMUST00000107152	ACCCAACTTAAAAGTACGTT	102205499	102196672	8827	102197665	7834	102205519	8847	7854
ENSMUST00000107152	ACCCAACTTAAAAGTACGTT	102205499	102197177	8322	102197665	7834	102205519	8342	7854
ENSMUST00000107152	ACCCAACTTAAAAGTACGTT	102205499	102197436	8063	102198796	6703	102205519	8083	6723
ENSMUST00000107152	ACCCAACTTAAAAGTACGTT	102205499	102200533	4966	102202052	3447	102205519	4986	3467
ENSMUST00000107152	ACCCAACTTAAAAGTACGTT	102205499	102204963	536	102205484	15	102205519	556	35
ENSMUST00000107152	ACCCAACTTAAAAGTACGTT	102205499	102205631	-132	102206421	-922	102205519	-112	-902
ENSMUST00000107152	ACCCAACTTAAAAGTACGTT	102205499	102207166	-1667	102218415	-12916	102205519	-1647	-12896
ENSMUST00000107152	ACCCAACTTAAAAGTACGTT	102205499	102207166	-1667	102224733	-19234	102205519	-1647	-19214
ENSMUST00000107152	ACCCAACTTAAAAGTACGTT	102205499	102207166	-1667	102224733	-19234	102205519	-1647	-19214
ENSMUST00000107152	ACCCAACTTAAAAGTACGTT	102205499	102218487	-12988	102221767	-16268	102205519	-12968	-16248
ENSMUST00000107152	ACCCAACTTAAAAGTACGTT	102205499	102218490	-12991	102221767	-16268	102205519	-12971	-16248
ENSMUST00000107152	ACCCAACTTAAAAGTACGTT	102205499	102218487	-12988	102224733	-19234	102205519	-12968	-19214
ENSMUST00000107152	ACCCAACTTAAAAGTACGTT	102205499	102218490	-12991	102224733	-19234	102205519	-12971	-19214
ENSMUST00000107152	ACCCAACTTAAAAGTACGTT	102205499	102219281	-13782	102224733	-19234	102205519	-13762	-19214
ENSMUST00000107152	ACCCAACTTAAAAGTACGTT	102205499	102218487	-12988	102230004	-24505	102205519	-12968	-24485
ENSMUST00000058472	AGCATGACATCCAGATTGAG	114065589	114028464	37125	114031560	34029	114065609	37145	34049
ENSMUST00000058472	AGCATGACATCCAGATTGAG	114065589	114045631	19958	114060057	5532	114065609	19978	5552
ENSMUST00000058472	AGCATGACATCCAGATTGAG	114065589	114054601	10988	114063024	2565	114065609	11008	2585
ENSMUST00000058472	AGCATGACATCCAGATTGAG	114065589	114063123	2466	114065525	64	114065609	2486	84
ENSMUST00000058472	AGCATGACATCCAGATTGAG	114065589	114063123	2466	114091151	-25562	114065609	2486	-25542
ENSMUST00000058472	AGCATGACATCCAGATTGAG	114065589	114063123	2466	114091151	-25562	114065609	2486	-25542
ENSMUST00000058472	AGCATGACATCCAGATTGAG	114065589	114064953	636	114091151	-25562	114065609	656	-25542
ENSMUST00000058472	AGCATGACATCCAGATTGAG	114065589	114065686	-97	114091151	-25562	114065609	-77	-25542
ENSMUST00000029932	TAGGTGATTATATTCACCTT	144737108	144747594	-10486	144749664	-12556	144737128	-10466	-12536
ENSMUST00000063577	CGACAGAGGAAAGGGCGAGA	101405909	101406019	-110	101408476	-2567	101405929	-90	-2547
ENSMUST00000063577	CGACAGAGGAAAGGGCGAGA	101405909	101409780	-3871	101411212	-5303	101405929	-3851	-5283
ENSMUST00000063577	CGACAGAGGAAAGGGCGAGA	101405909	101414261	-8352	101414747	-8838	101405929	-8332	-8818
ENSMUST00000063577	CGACAGAGGAAAGGGCGAGA	101405909	101415938	-10029	101416908	-10999	101405929	-10009	-10979
ENSMUST00000063577	CGACAGAGGAAAGGGCGAGA	101405909	101416981	-11072	101418272	-12363	101405929	-11052	-12343
ENSMUST00000063577	CGACAGAGGAAAGGGCGAGA	101405909	101417330	-11421	101419697	-13788	101405929	-11401	-13768
ENSMUST00000063577	CGACAGAGGAAAGGGCGAGA	101405909	101417330	-11421	101420145	-14236	101405929	-11401	-14216
ENSMUST00000063577	CGACAGAGGAAAGGGCGAGA	101405909	101417330	-11421	101420158	-14249	101405929	-11401	-14229
ENSMUST00000063577	CGACAGAGGAAAGGGCGAGA	101405909	101417330	-11421	101420327	-14418	101405929	-11401	-14398
ENSMUST00000063577	CGACAGAGGAAAGGGCGAGA	101405909	101417330	-11421	101420539	-14630	101405929	-11401	-14610
ENSMUST00000063577	CGACAGAGGAAAGGGCGAGA	101405909	101417330	-11421	101419697	-13788	101405929	-11401	-13768
ENSMUST00000028178	TCTTTATTTTGGTCATTATG	58269806	58281721	-11915	58284831	-15025	58269826	-11895	-15005
ENSMUST00000028178	TCTTTATTTTGGTCATTATG	58269806	58287911	-18105	58315792	-45986	58269826	-18085	-45966
ENSMUST00000048432	GCTACCTGCGGCTGGATGGA	133910390	133912781	-2391	133921254	-10864	133910410	-2371	-10844
ENSMUST00000048432	GCTACCTGCGGCTGGATGGA	133910390	133912781	-2391	133921254	-10864	133910410	-2371	-10844
ENSMUST00000027657	AGAGTCTTTCTCTGCTATTG	130661610	130636876	24734	130642933	18677	130661630	24754	18697
ENSMUST00000111728	CCAAGGCTGAACAGGAAAGA	145191620	145175324	16296	145177332	14288	145191640	16316	14308
ENSMUST00000111728	CCAAGGCTGAACAGGAAAGA	145191620	145185892	5728	145194491	-2871	145191640	5748	-2851
ENSMUST00000111728	CCAAGGCTGAACAGGAAAGA	145191620	145191694	-74	145194491	-2871	145191640	-54	-2851
ENSMUST00000111728	CCAAGGCTGAACAGGAAAGA	145191620	145203028	-11408	145208420	-16800	145191640	-11388	-16780
ENSMUST00000111728	CCAAGGCTGAACAGGAAAGA	145191620	145205323	-13703	145208420	-16800	145191640	-13683	-16780
ENSMUST00000109266	TATATCAGAAAAAAGAAATT	165785417	165785738	-321	165791904	-6487	165785437	-301	-6467
ENSMUST00000109266	TATATCAGAAAAAAGAAATT	165785417	165812858	-27441	165820541	-35124	165785437	-27421	-35104
ENSMUST00000109266	TATATCAGAAAAAAGAAATT	165785417	165812858	-27441	165828207	-42790	165785437	-27421	-42770
ENSMUST00000109266	TATATCAGAAAAAAGAAATT	165785417	165812858	-27441	165828207	-42790	165785437	-27421	-42770
ENSMUST00000109266	TATATCAGAAAAAAGAAATT	165785417	165815469	-30052	165828207	-42790	165785437	-30032	-42770
ENSMUST00000109266	TATATCAGAAAAAAGAAATT	165785417	165840090	-54673	165846020	-60603	165785437	-54653	-60583
ENSMUST00000109266	TATATCAGAAAAAAGAAATT	165785417	165842877	-57460	165851999	-66582	165785437	-57440	-66562
ENSMUST00000109266	TATATCAGAAAAAAGAAATT	165785417	165842877	-57460	165851999	-66582	165785437	-57440	-66562
ENSMUST00000109266	TATATCAGAAAAAAGAAATT	165785417	165846164	-60747	165875704	-90287	165785437	-60727	-90267
ENSMUST00000109266	TATATCAGAAAAAAGAAATT	165785417	165852148	-66731	165858054	-72637	165785437	-66711	-72617
ENSMUST00000109266	TATATCAGAAAAAAGAAATT	165785417	165852148	-66731	165861884	-76467	165785437	-66711	-76447
ENSMUST00000109266	TATATCAGAAAAAAGAAATT	165785417	165852148	-66731	165875704	-90287	165785437	-66711	-90267
ENSMUST00000109266	TATATCAGAAAAAAGAAATT	165785417	165875775	-90358	165884607	-99190	165785437	-90338	-99170
ENSMUST00000109266	TATATCAGAAAAAAGAAATT	165785417	165875775	-90358	165884607	-99190	165785437	-90338	-99170
ENSMUST00000212971	GGTGGAGCAGTGTTGGGCCT	110887106	110886686	420	110887354	-248	110887126	440	-228
ENSMUST00000212971	GGTGGAGCAGTGTTGGGCCT	110887106	110890569	-3463	110893288	-6182	110887126	-3443	-6162
ENSMUST00000212971	GGTGGAGCAGTGTTGGGCCT	110887106	110892169	-5063	110893638	-6532	110887126	-5043	-6512
ENSMUST00000212971	GGTGGAGCAGTGTTGGGCCT	110887106	110895342	-8236	110899198	-12092	110887126	-8216	-12072
ENSMUST00000048630	GCTTCGCCCAAGTTCTCCAC	42302138	42284266	17872	42287852	14286	42302158	17892	14306
ENSMUST00000048630	GCTTCGCCCAAGTTCTCCAC	42302138	42297822	4316	42299156	2982	42302158	4336	3002
ENSMUST00000048630	GCTTCGCCCAAGTTCTCCAC	42302138	42304815	-2677	42318604	-16466	42302158	-2657	-16446
ENSMUST00000048630	GCTTCGCCCAAGTTCTCCAC	42302138	42334072	-31934	42431609	-129471	42302158	-31914	-129451
ENSMUST00000087971	GTCGCCTGCACCAGTCGGAGC	168925603	168894533	31070	168912233	13370	168925624	31091	13391
ENSMUST00000087971	GTCGCCTGCACCAGTCGGAGC	168925603	168894533	31070	168935210	-9607	168925624	31091	-9586
ENSMUST00000087971	GTCGCCTGCACCAGTCGGAGC	168925603	168906989	18614	168939970	-14367	168925624	18635	-14346
ENSMUST00000087971	GTCGCCTGCACCAGTCGGAGC	168925603	168926933	-1330	168939970	-14367	168925624	-1309	-14346
ENSMUST00000115388	AGGATGTGGTGTGGTTTCTTC	8075663	8082269	-6606	8087981	-12318	8075684	-6585	-12297
ENSMUST00000115388	AGGATGTGGTGTGGTTTCTTC	8075663	8082269	-6606	8090141	-14478	8075684	-6585	-14457
ENSMUST00000115388	AGGATGTGGTGTGGTTTCTTC	8075663	8082269	-6606	8092339	-16676	8075684	-6585	-16655
ENSMUST00000115388	AGGATGTGGTGTGGTTTCTTC	8075663	8082269	-6606	8090141	-14478	8075684	-6585	-14457
ENSMUST00000115388	AGGATGTGGTGTGGTTTCTTC	8075663	8082269	-6606	8091364	-15701	8075684	-6585	-15680
ENSMUST00000115388	AGGATGTGGTGTGGTTTCTTC	8075663	8082269	-6606	8092339	-16676	8075684	-6585	-16655
ENSMUST00000115388	AGGATGTGGTGTGGTTTCTTC	8075663	8086623	-10960	8090141	-14478	8075684	-10939	-14457
ENSMUST00000115388	AGGATGTGGTGTGGTTTCTTC	8075663	8086623	-10960	8092339	-16676	8075684	-10939	-16655
ENSMUST00000115388	AGGATGTGGTGTGGTTTCTTC	8075663	8082269	-6606	8092339	-16676	8075684	-6585	-16655
ENSMUST00000115388	AGGATGTGGTGTGGTTTCTTC	8075663	8086623	-10960	8092339	-16676	8075684	-10939	-16655
ENSMUST00000115388	AGGATGTGGTGTGGTTTCTTC	8075663	8088068	-12405	8092339	-16676	8075684	-12384	-16655
ENSMUST00000115388	AGGATGTGGTGTGGTTTCTTC	8075663	8082269	-6606	8092339	-16676	8075684	-6585	-16655
ENSMUST00000115388	AGGATGTGGTGTGGTTTCTTC	8075663	8088068	-12405	8092339	-16676	8075684	-12384	-16655
ENSMUST00000115388	AGGATGTGGTGTGGTTTCTTC	8075663	8092831	-17168	8107001	-31338	8075684	-17147	-31317
ENSMUST00000115388	AGGATGTGGTGTGGTTTCTTC	8075663	8092831	-17168	8111894	-36231	8075684	-17147	-36210
ENSMUST00000115388	AGGATGTGGTGTGGTTTCTTC	8075663	8092831	-17168	8107001	-31338	8075684	-17147	-31317
ENSMUST00000115388	AGGATGTGGTGTGGTTTCTTC	8075663	8092831	-17168	8111894	-36231	8075684	-17147	-36210
ENSMUST00000115388	AGGATGTGGTGTGGTTTCTTC	8075663	8092831	-17168	8107001	-31338	8075684	-17147	-31317
ENSMUST00000115388	AGGATGTGGTGTGGTTTCTTC	8075663	8092831	-17168	8111894	-36231	8075684	-17147	-36210
ENSMUST00000115388	AGGATGTGGTGTGGTTTCTTC	8075663	8092831	-17168	8111894	-36231	8075684	-17147	-36210
ENSMUST00000115388	AGGATGTGGTGTGGTTTCTTC	8075663	8095180	-19517	8111894	-36231	8075684	-19496	-36210
ENSMUST00000115388	AGGATGTGGTGTGGTTTCTTC	8075663	8092831	-17168	8116544	-40881	8075684	-17147	-40860
ENSMUST00000115388	AGGATGTGGTGTGGTTTCTTC	8075663	8117757	-42094	8127326	-51663	8075684	-42073	-51642
ENSMUST00000115388	AGGATGTGGTGTGGTTTCTTC	8075663	8132479	-56816	8134812	-59149	8075684	-56795	-59128
ENSMUST00000115388	AGGATGTGGTGTGGTTTCTTC	8075663	8143132	-67469	8145552	-69889	8075684	-67448	-69868
ENSMUST00000115388	AGGATGTGGTGTGGTTTCTTC	8075663	8145719	-70056	8149207	-73544	8075684	-70035	-73523
ENSMUST00000115388	AGGATGTGGTGTGGTTTCTTC	8075663	8152449	-76786	8160735	-85072	8075684	-76765	-85051
ENSMUST00000115388	AGGATGTGGTGTGGTTTCTTC	8075663	8160799	-85136	8232609	-156946	8075684	-85115	-156925
ENSMUST00000115388	AGGATGTGGTGTGGTTTCTTC	8075663	8167409	-91746	8329979	-254316	8075684	-91725	-254295
ENSMUST00000115388	AGGATGTGGTGTGGTTTCTTC	8075663	8232676	-157013	8367200	-291537	8075684	-156992	-291516
ENSMUST00000020979	TCATCTGCTAATAGAATGTAT	31596038	31596377	-339	31617074	-21036	31596059	-318	-21015
ENSMUST00000020979	TCATCTGCTAATAGAATGTAT	31596038	31600744	-4706	31624114	-28076	31596059	-4685	-28055
ENSMUST00000020979	TCATCTGCTAATAGAATGTAT	31596038	31617180	-21142	31626725	-30687	31596059	-21121	-30666
ENSMUST00000066134	TTATATGAAACCTTACCAAAA	70766088	70773571	-7483	70775108	-9020	70766109	-7462	-8999
ENSMUST00000105569	ATCCACGGAGACTGTGAAGCG	156231828	156222016	9812	156222639	9189	156231849	9833	9210
ENSMUST00000105569	ATCCACGGAGACTGTGAAGCG	156231828	156223081	8747	156223565	8263	156231849	8768	8284
ENSMUST00000105569	ATCCACGGAGACTGTGAAGCG	156231828	156225041	6787	156225347	6481	156231849	6808	6502
ENSMUST00000087541	TTATACCCTCTCCTACCACCA	134263854	134241071	22783	134261576	2278	134262799	21728	1223
ENSMUST00000087541	TTATACCCTCTCCTACCACCA	134263854	134262884	970	134266260	-2406	134262799	-85	-3461
ENSMUST00000087541	TTATACCCTCTCCTACCACCA	134263854	134263861	-7	134267330	-3476	134262799	-1062	-4531
ENSMUST00000087541	TTATACCCTCTCCTACCACCA	134263854	134266315	-2461	134276845	-12991	134262799	-3516	-14046
ENSMUST00000087541	TTATACCCTCTCCTACCACCA	134263854	134267561	-3707	134276845	-12991	134262799	-4762	-14046
ENSMUST00000070673	CCTGTAAGAGAGACAAAAGTT	65652386	65654503	-2117	65717481	-65095	65652407	-2096	-65074
ENSMUST00000070673	CCTGTAAGAGAGACAAAAGTT	65652386	65667975	-15589	65717481	-65095	65652407	-15568	-65074
ENSMUST00000070673	CCTGTAAGAGAGACAAAAGTT	65652386	65696377	-43991	65717481	-65095	65652407	-43970	-65074
ENSMUST00000070673	CCTGTAAGAGAGACAAAAGTT	65652386	65698062	-45676	65722007	-69621	65652407	-45655	-69600
ENSMUST00000070673	CCTGTAAGAGAGACAAAAGTT	65652386	65698062	-45676	65772505	-120119	65652407	-45655	-120098
ENSMUST00000118364	GTTTTGGAAAGCCATTTCAGT	67423536	67424003	-467	67431605	-8069	67423557	-446	-8048
ENSMUST00000004646	CTGTGTGCACAGCCTCTGCCC	113843549	113848631	-5082	113865638	-22089	113843570	-5061	-22068
ENSMUST00000004646	CTGTGTGCACAGCCTCTGCCC	113843549	113852300	-8751	113881957	-38408	113843570	-8730	-38387
ENSMUST00000004646	CTGTGTGCACAGCCTCTGCCC	113843549	113852300	-8751	113908610	-65061	113843570	-8730	-65040
ENSMUST00000004646	CTGTGTGCACAGCCTCTGCCC	113843549	113852300	-8751	113908610	-65061	113843570	-8730	-65040
ENSMUST00000004646	CTGTGTGCACAGCCTCTGCCC	113843549	113865761	-22212	113908610	-65061	113843570	-22191	-65040
ENSMUST00000028665	AAAGGGTTCCCAAGCATCACA	122186186	122124900	61286	122125269	60917	122179113	54213	53844
ENSMUST00000028665	AAAGGGTTCCCAAGCATCACA	122186186	122125179	61007	122125718	60468	122179113	53934	53395
ENSMUST00000028665	AAAGGGTTCCCAAGCATCACA	122186186	122125390	60796	122126100	60086	122179113	53723	53013
ENSMUST00000064104	CAGAGGAGGCTCTTTACAGAT	54718022	54719724	-1702	54723573	-5551	54718043	-1681	-5530
ENSMUST00000064104	CAGAGGAGGCTCTTTACAGAT	54718022	54720357	-2335	54740237	-22215	54718043	-2314	-22194
ENSMUST00000064104	CAGAGGAGGCTCTTTACAGAT	54718022	54723675	-5653	54756405	-38383	54718043	-5632	-38362
ENSMUST00000064104	CAGAGGAGGCTCTTTACAGAT	54718022	54723675	-5653	54787559	-69537	54718043	-5632	-69516
ENSMUST00000064104	CAGAGGAGGCTCTTTACAGAT	54718022	54740550	-22528	54756405	-38383	54718043	-22507	-38362
ENSMUST00000064104	CAGAGGAGGCTCTTTACAGAT	54718022	54740550	-22528	54756405	-38383	54718043	-22507	-38362
ENSMUST00000064104	CAGAGGAGGCTCTTTACAGAT	54718022	54723675	-5653	54787559	-69537	54718043	-5632	-69516
ENSMUST00000064104	CAGAGGAGGCTCTTTACAGAT	54718022	54740550	-22528	54787559	-69537	54718043	-22507	-69516
ENSMUST00000064104	CAGAGGAGGCTCTTTACAGAT	54718022	54756559	-38537	54787559	-69537	54718043	-38516	-69516
ENSMUST00000028608	CCCAAACGACCTGACTGGGGA	103728017	103727913	104	103732153	-4136	103728038	125	-4115
ENSMUST00000028608	CCCAAACGACCTGACTGGGGA	103728017	103728096	-79	103730509	-2492	103728038	-58	-2471
ENSMUST00000028608	CCCAAACGACCTGACTGGGGA	103728017	103754230	-26213	103761048	-33031	103728038	-26192	-33010
ENSMUST00000000412	TGGAGTCAAACCCCGGCCGTG	166556986	166563034	-6048	166585455	-28469	166557007	-6027	-28448
ENSMUST00000165870	AAGGAGGCAGCAGTGGGGCAA	139103858	139104367	-509	139119016	-15158	139103879	-488	-15137
ENSMUST00000165870	AAGGAGGCAGCAGTGGGGCAA	139103858	139105332	-1474	139141074	-37216	139103879	-1453	-37195
ENSMUST00000165870	AAGGAGGCAGCAGTGGGGCAA	139103858	139119148	-15290	139120669	-16811	139103879	-15269	-16790
ENSMUST00000165870	AAGGAGGCAGCAGTGGGGCAA	139103858	139125279	-21421	139188098	-84240	139103879	-21400	-84219
ENSMUST00000019051	CTCCGAATGGGGAATTTTTGA	70318241	70321513	-3272	70322321	-4080	70317812	-3701	-4509
ENSMUST00000044152	AGCAGAAAACAGCCCATCTGA	115350588	115348532	2056	115349085	1503	115349933	1401	848
ENSMUST00000044152	AGCAGAAAACAGCCCATCTGA	115350588	115349177	1411	115350491	97	115349933	756	-558
ENSMUST00000044152	AGCAGAAAACAGCCCATCTGA	115350588	115359808	-9220	115361638	-11050	115349933	-9875	-11705
ENSMUST00000044152	AGCAGAAAACAGCCCATCTGA	115350588	115359808	-9220	115367543	-16955	115349933	-9875	-17610
ENSMUST00000044152	AGCAGAAAACAGCCCATCTGA	115350588	115359808	-9220	115367543	-16955	115349933	-9875	-17610
ENSMUST00000044152	AGCAGAAAACAGCCCATCTGA	115350588	115360492	-9904	115367543	-16955	115349933	-10559	-17610
ENSMUST00000036092	GGGACAGTCGGGGGCGCCAGT	24321687	24320149	1538	24321635	52	24321708	1559	73
ENSMUST00000036092	GGGACAGTCGGGGGCGCCAGT	24321687	24325881	-4194	24330910	-9223	24321708	-4173	-9202
ENSMUST00000058098	AAGGATGCTTTACCAATGGTT	157593857	157555691	38166	157561382	32475	157591359	35668	29977
ENSMUST00000058098	AAGGATGCTTTACCAATGGTT	157593857	157555691	38166	157572858	20999	157591359	35668	18501
ENSMUST00000058098	AAGGATGCTTTACCAATGGTT	157593857	157561501	32356	157572858	20999	157591359	29858	18501
ENSMUST00000058098	AAGGATGCTTTACCAATGGTT	157593857	157591555	2302	157598495	-4638	157591359	-196	-7136
ENSMUST00000239411	GCCATGGACAACGGGAGAGAT	114399497	114518196	-118699	114588426	-188929	114399518	-118678	-188908
ENSMUST00000239411	GCCATGGACAACGGGAGAGAT	114399497	114588540	-189043	114696010	-296513	114399518	-189022	-296492
ENSMUST00000239411	GCCATGGACAACGGGAGAGAT	114399497	114588540	-189043	114787941	-388444	114399518	-189022	-388423
ENSMUST00000239411	GCCATGGACAACGGGAGAGAT	114399497	114588540	-189043	114787941	-388444	114399518	-189022	-388423
ENSMUST00000239411	GCCATGGACAACGGGAGAGAT	114399497	114592206	-192709	114787941	-388444	114399518	-192688	-388423
ENSMUST00000239411	GCCATGGACAACGGGAGAGAT	114399497	114518196	-118699	114588426	-188929	114399518	-118678	-188908
ENSMUST00000239411	GCCATGGACAACGGGAGAGAT	114399497	114588540	-189043	114696010	-296513	114399518	-189022	-296492
ENSMUST00000239411	GCCATGGACAACGGGAGAGAT	114399497	114588540	-189043	114787941	-388444	114399518	-189022	-388423
ENSMUST00000239411	GCCATGGACAACGGGAGAGAT	114399497	114588540	-189043	114787941	-388444	114399518	-189022	-388423
ENSMUST00000239411	GCCATGGACAACGGGAGAGAT	114399497	114592206	-192709	114787941	-388444	114399518	-192688	-388423
ENSMUST00000025986	GGGCTCAACCTGGGAACCACA	41083471	41086470	-2999	41091416	-7945	41083492	-2978	-7924
ENSMUST00000025986	GGGCTCAACCTGGGAACCACA	41083471	41117350	-33879	41128460	-44989	41083492	-33858	-44968
ENSMUST00000025986	GGGCTCAACCTGGGAACCACA	41083471	41120295	-36824	41128460	-44989	41083492	-36803	-44968
ENSMUST00000029806	TAGGGAAAAGTATATGATGTA	137931967	137937822	-5855	137940860	-8893	137931988	-5834	-8872
ENSMUST00000029806	TAGGGAAAAGTATATGATGTA	137931967	137949777	-17810	137981318	-49351	137931988	-17789	-49330
ENSMUST00000029806	TAGGGAAAAGTATATGATGTA	137931967	137961575	-29608	137981318	-49351	137931988	-29587	-49330
ENSMUST00000109936	CTTGACTGTTTTCTATCATGG	104771868	104771963	-95	104773772	-1904	104771889	-74	-1883
ENSMUST00000109936	CTTGACTGTTTTCTATCATGG	104771868	104782401	-10533	104785392	-13524	104771889	-10512	-13503
ENSMUST00000021614	CCGCATTAAACAGTCAGCCAG	6588513	6584700	3813	6586479	2034	6588534	3834	2055
ENSMUST00000021614	CCGCATTAAACAGTCAGCCAG	6588513	6588653	-140	6594962	-6449	6588534	-119	-6428
ENSMUST00000021614	CCGCATTAAACAGTCAGCCAG	6588513	6588653	-140	6594962	-6449	6588534	-119	-6428
ENSMUST00000021614	CCGCATTAAACAGTCAGCCAG	6588513	6588653	-140	6597858	-9345	6588534	-119	-9324
ENSMUST00000021614	CCGCATTAAACAGTCAGCCAG	6588513	6588653	-140	6598738	-10225	6588534	-119	-10204
ENSMUST00000021614	CCGCATTAAACAGTCAGCCAG	6588513	6588653	-140	6597858	-9345	6588534	-119	-9324
ENSMUST00000021614	CCGCATTAAACAGTCAGCCAG	6588513	6588653	-140	6598738	-10225	6588534	-119	-10204
ENSMUST00000021614	CCGCATTAAACAGTCAGCCAG	6588513	6596062	-7549	6598738	-10225	6588534	-7528	-10204
ENSMUST00000021614	CCGCATTAAACAGTCAGCCAG	6588513	6593253	-4740	6598738	-10225	6588534	-4719	-10204
ENSMUST00000021614	CCGCATTAAACAGTCAGCCAG	6588513	6598826	-10313	6602712	-14199	6588534	-10292	-14178
ENSMUST00000021614	CCGCATTAAACAGTCAGCCAG	6588513	6619283	-30770	6620885	-32372	6588534	-30749	-32351
ENSMUST00000021614	CCGCATTAAACAGTCAGCCAG	6588513	6625213	-36700	6648570	-60057	6588534	-36679	-60036
ENSMUST00000021459	CCATGACTGGCTGAGGTGGCT	76799863	76801981	-2118	76803567	-3704	76799884	-2097	-3683
ENSMUST00000021459	CCATGACTGGCTGAGGTGGCT	76799863	76803628	-3765	76822193	-22330	76799884	-3744	-22309
ENSMUST00000090827	CCTGTTCATCCAAGAGCCAGC	98397915	98390813	7102	98391694	6221	98397936	7123	6242
ENSMUST00000090827	CCTGTTCATCCAAGAGCCAGC	98397915	98391141	6774	98397895	20	98397936	6795	41
ENSMUST00000022765	TGATTTCTCATTGCTCTTCTG	52263524	52264767	-1243	52275442	-11918	52263545	-1222	-11897
ENSMUST00000022765	TGATTTCTCATTGCTCTTCTG	52263524	52266301	-2777	52275442	-11918	52263545	-2756	-11897
ENSMUST00000022765	TGATTTCTCATTGCTCTTCTG	52263524	52268734	-5210	52275442	-11918	52263545	-5189	-11897
ENSMUST00000022765	TGATTTCTCATTGCTCTTCTG	52263524	52268734	-5210	52275442	-11918	52263545	-5189	-11897
ENSMUST00000022765	TGATTTCTCATTGCTCTTCTG	52263524	52264767	-1243	52275442	-11918	52263545	-1222	-11897
ENSMUST00000022765	TGATTTCTCATTGCTCTTCTG	52263524	52266301	-2777	52275442	-11918	52263545	-2756	-11897
ENSMUST00000022765	TGATTTCTCATTGCTCTTCTG	52263524	52268734	-5210	52275442	-11918	52263545	-5189	-11897
ENSMUST00000022765	TGATTTCTCATTGCTCTTCTG	52263524	52268734	-5210	52275442	-11918	52263545	-5189	-11897
ENSMUST00000032179	AGGCCATTGAAGCCTTGCACC	91020201	91014496	5705	91015985	4216	91020222	5726	4237
ENSMUST00000032179	AGGCCATTGAAGCCTTGCACC	91020201	91030258	-10057	91034723	-14522	91020222	-10036	-14501
ENSMUST00000032179	AGGCCATTGAAGCCTTGCACC	91020201	91031713	-11512	91036352	-16151	91020222	-11491	-16130
ENSMUST00000032179	AGGCCATTGAAGCCTTGCACC	91020201	91042390	-22189	91043746	-23545	91020222	-22168	-23524
ENSMUST00000032179	AGGCCATTGAAGCCTTGCACC	91020201	91053473	-33272	91054389	-34188	91020222	-33251	-34167
ENSMUST00000032179	AGGCCATTGAAGCCTTGCACC	91020201	91054496	-34295	91060561	-40360	91020222	-34274	-40339
ENSMUST00000032179	AGGCCATTGAAGCCTTGCACC	91020201	91073333	-53132	91075906	-55705	91020222	-53111	-55684
ENSMUST00000041638	GTTTAAAGGCCTTGGGCTACA	54417672	54403635	14037	54405836	11836	54417693	14058	11857
ENSMUST00000041638	GTTTAAAGGCCTTGGGCTACA	54417672	54403635	14037	54415883	1789	54417693	14058	1810
ENSMUST00000041638	GTTTAAAGGCCTTGGGCTACA	54417672	54403635	14037	54415883	1789	54417693	14058	1810
ENSMUST00000041638	GTTTAAAGGCCTTGGGCTACA	54417672	54405170	12502	54415883	1789	54417693	12523	1810
ENSMUST00000041638	GTTTAAAGGCCTTGGGCTACA	54417672	54420499	-2827	54424008	-6336	54417693	-2806	-6315
ENSMUST00000110570	GCGAACGTGTCTCCCGGTGAC	69892767	69807253	85514	69811273	81494	69892788	85535	81515
ENSMUST00000110570	GCGAACGTGTCTCCCGGTGAC	69892767	69818080	74687	69822802	69965	69892788	74708	69986
ENSMUST00000110570	GCGAACGTGTCTCCCGGTGAC	69892767	69818080	74687	69822802	69965	69892788	74708	69986
ENSMUST00000110570	GCGAACGTGTCTCCCGGTGAC	69892767	69818498	74269	69822802	69965	69892788	74290	69986
ENSMUST00000110570	GCGAACGTGTCTCCCGGTGAC	69892767	69842036	50731	69844355	48412	69892788	50752	48433
ENSMUST00000110570	GCGAACGTGTCTCCCGGTGAC	69892767	69856863	35904	69892652	115	69892788	35925	136
ENSMUST00000040603	AGCTAACCCCTCAGCTCCTGG	116742737	116744935	-2198	116751984	-9247	116742758	-2177	-9226
ENSMUST00000040603	AGCTAACCCCTCAGCTCCTGG	116742737	116746704	-3967	116751984	-9247	116742758	-3946	-9226
ENSMUST00000040603	AGCTAACCCCTCAGCTCCTGG	116742737	116752196	-9459	116754872	-12135	116742758	-9438	-12114
ENSMUST00000040603	AGCTAACCCCTCAGCTCCTGG	116742737	116781344	-38607	116782519	-39782	116742758	-38586	-39761
ENSMUST00000040603	AGCTAACCCCTCAGCTCCTGG	116742737	116788707	-45970	116791005	-48268	116742758	-45949	-48247
ENSMUST00000040603	AGCTAACCCCTCAGCTCCTGG	116742737	116744935	-2198	116751984	-9247	116742758	-2177	-9226
ENSMUST00000040603	AGCTAACCCCTCAGCTCCTGG	116742737	116746704	-3967	116751984	-9247	116742758	-3946	-9226
ENSMUST00000040603	AGCTAACCCCTCAGCTCCTGG	116742737	116752196	-9459	116754872	-12135	116742758	-9438	-12114
ENSMUST00000040603	AGCTAACCCCTCAGCTCCTGG	116742737	116781344	-38607	116782519	-39782	116742758	-38586	-39761
ENSMUST00000040603	AGCTAACCCCTCAGCTCCTGG	116742737	116788707	-45970	116791005	-48268	116742758	-45949	-48247
ENSMUST00000106321	TCGAGCTCTTTGCAGACGTGG	119320189	119300183	20006	119317027	3162	119320210	20027	3183
ENSMUST00000106321	TCGAGCTCTTTGCAGACGTGG	119320189	119310847	9342	119317027	3162	119320210	9363	3183
ENSMUST00000106321	TCGAGCTCTTTGCAGACGTGG	119320189	119311572	8617	119317027	3162	119320210	8638	3183
ENSMUST00000181535	AGCTGAGGGTGACACCAGATT	112218603	112220235	-1632	112220924	-2321	112218624	-1611	-2300
ENSMUST00000181535	AGCTGAGGGTGACACCAGATT	112218603	112221874	-3271	112228054	-9451	112218624	-3250	-9430
ENSMUST00000181535	AGCTGAGGGTGACACCAGATT	112218603	112221874	-3271	112228300	-9697	112218624	-3250	-9676
ENSMUST00000181535	AGCTGAGGGTGACACCAGATT	112218603	112221874	-3271	112228308	-9705	112218624	-3250	-9684
ENSMUST00000181535	AGCTGAGGGTGACACCAGATT	112218603	112221874	-3271	112228608	-10005	112218624	-3250	-9984
ENSMUST00000181535	AGCTGAGGGTGACACCAGATT	112218603	112221874	-3271	112228300	-9697	112218624	-3250	-9676
ENSMUST00000181535	AGCTGAGGGTGACACCAGATT	112218603	112221874	-3271	112228308	-9705	112218624	-3250	-9684
ENSMUST00000181535	AGCTGAGGGTGACACCAGATT	112218603	112221874	-3271	112228608	-10005	112218624	-3250	-9984
ENSMUST00000181535	AGCTGAGGGTGACACCAGATT	112218603	112224356	-5753	112228300	-9697	112218624	-5732	-9676
ENSMUST00000181535	AGCTGAGGGTGACACCAGATT	112218603	112224356	-5753	112228308	-9705	112218624	-5732	-9684
ENSMUST00000181535	AGCTGAGGGTGACACCAGATT	112218603	112224356	-5753	112228608	-10005	112218624	-5732	-9984
ENSMUST00000181535	AGCTGAGGGTGACACCAGATT	112218603	112221874	-3271	112228300	-9697	112218624	-3250	-9676
ENSMUST00000181535	AGCTGAGGGTGACACCAGATT	112218603	112221874	-3271	112228308	-9705	112218624	-3250	-9684
ENSMUST00000181535	AGCTGAGGGTGACACCAGATT	112218603	112221874	-3271	112228608	-10005	112218624	-3250	-9984
ENSMUST00000181535	AGCTGAGGGTGACACCAGATT	112218603	112224356	-5753	112228300	-9697	112218624	-5732	-9676
ENSMUST00000181535	AGCTGAGGGTGACACCAGATT	112218603	112224356	-5753	112228308	-9705	112218624	-5732	-9684
ENSMUST00000181535	AGCTGAGGGTGACACCAGATT	112218603	112224356	-5753	112228608	-10005	112218624	-5732	-9984
ENSMUST00000181535	AGCTGAGGGTGACACCAGATT	112218603	112221874	-3271	112228608	-10005	112218624	-3250	-9984
ENSMUST00000181535	AGCTGAGGGTGACACCAGATT	112218603	112224356	-5753	112228608	-10005	112218624	-5732	-9984
ENSMUST00000181535	AGCTGAGGGTGACACCAGATT	112218603	112228178	-9575	112228608	-10005	112218624	-9554	-9984
ENSMUST00000181535	AGCTGAGGGTGACACCAGATT	112218603	112228214	-9611	112228608	-10005	112218624	-9590	-9984
ENSMUST00000181535	AGCTGAGGGTGACACCAGATT	112218603	112221874	-3271	112228608	-10005	112218624	-3250	-9984
ENSMUST00000181535	AGCTGAGGGTGACACCAGATT	112218603	112224356	-5753	112228608	-10005	112218624	-5732	-9984
ENSMUST00000181535	AGCTGAGGGTGACACCAGATT	112218603	112228178	-9575	112228608	-10005	112218624	-9554	-9984
ENSMUST00000181535	AGCTGAGGGTGACACCAGATT	112218603	112228214	-9611	112228608	-10005	112218624	-9590	-9984
ENSMUST00000021605	GAGCGGCTGGAAGTGGAAAAG	101893622	101846677	46945	101871823	21799	101893643	46966	21820
ENSMUST00000021605	GAGCGGCTGGAAGTGGAAAAG	101893622	101878148	15474	101883255	10367	101893643	15495	10388
ENSMUST00000021605	GAGCGGCTGGAAGTGGAAAAG	101893622	101878148	15474	101883255	10367	101893643	15495	10388
ENSMUST00000021605	GAGCGGCTGGAAGTGGAAAAG	101893622	101890618	3004	101894261	-639	101893643	3025	-618
ENSMUST00000021605	GAGCGGCTGGAAGTGGAAAAG	101893622	101895716	-2094	101902231	-8609	101893643	-2073	-8588
ENSMUST00000021605	GAGCGGCTGGAAGTGGAAAAG	101893622	101902342	-8720	101912689	-19067	101893643	-8699	-19046
ENSMUST00000021605	GAGCGGCTGGAAGTGGAAAAG	101893622	101902342	-8720	101912689	-19067	101893643	-8699	-19046
ENSMUST00000165067	ACTTAGGCTGGGTTGTTGGAC	107023679	106967043	56636	107004663	19016	107023700	56657	19037
ENSMUST00000009143	GGTGGTCCGGGCCTGTGGCTG	172868140	172879523	-11383	172916466	-48326	172868161	-11362	-48305
ENSMUST00000009143	GGTGGTCCGGGCCTGTGGCTG	172868140	172893596	-25456	172939654	-71514	172868161	-25435	-71493
ENSMUST00000159569	ATATGTGGGAAGGCATTCACA	20429229	20441455	-12226	20444258	-15029	20429250	-12205	-15008
ENSMUST00000021416	CCTTGAATTGGAGGGCATCTC	56335859	56337455	-1596	56340200	-4341	56335880	-1575	-4320
ENSMUST00000021416	CCTTGAATTGGAGGGCATCTC	56335859	56337829	-1970	56340384	-4525	56335880	-1949	-4504
ENSMUST00000021416	CCTTGAATTGGAGGGCATCTC	56335859	56340603	-4744	56345671	-9812	56335880	-4723	-9791
ENSMUST00000226145	TTACTAATTATCCAGAACAGC	27655653	27658314	-2661	27664343	-8690	27655674	-2640	-8669
ENSMUST00000019614	CCCAGAATCCGGACAAGGTAC	3616027	3611018	5009	3611393	4634	3616048	5030	4655
ENSMUST00000019614	CCCAGAATCCGGACAAGGTAC	3616027	3611584	4443	3612962	3065	3616048	4464	3086
ENSMUST00000019614	CCCAGAATCCGGACAAGGTAC	3616027	3613076	2951	3613367	2660	3616048	2972	2681
ENSMUST00000019614	CCCAGAATCCGGACAAGGTAC	3616027	3613290	2737	3613589	2438	3616048	2758	2459
ENSMUST00000019614	CCCAGAATCCGGACAAGGTAC	3616027	3613290	2737	3615993	34	3616048	2758	55
ENSMUST00000019614	CCCAGAATCCGGACAAGGTAC	3616027	3613290	2737	3615993	34	3616048	2758	55
ENSMUST00000019614	CCCAGAATCCGGACAAGGTAC	3616027	3613499	2528	3615993	34	3616048	2549	55
ENSMUST00000019614	CCCAGAATCCGGACAAGGTAC	3616027	3618666	-2639	3621227	-5200	3616048	-2618	-5179
ENSMUST00000019614	CCCAGAATCCGGACAAGGTAC	3616027	3618666	-2639	3621227	-5200	3616048	-2618	-5179
ENSMUST00000020163	AATGTTCATAAGAATAGGTTT	92685112	92698927	-13815	92711170	-26058	92685133	-13794	-26037
ENSMUST00000084125	TCAGACCCAGCTGTTTTCATT	148626748	148615829	10919	148617565	9183	148626769	10940	9204
ENSMUST00000084125	TCAGACCCAGCTGTTTTCATT	148626748	148615829	10919	148617565	9183	148626769	10940	9204
ENSMUST00000084125	TCAGACCCAGCTGTTTTCATT	148626748	148615829	10919	148618664	8084	148626769	10940	8105
ENSMUST00000084125	TCAGACCCAGCTGTTTTCATT	148626748	148619354	7394	148625124	1624	148626769	7415	1645
ENSMUST00000084125	TCAGACCCAGCTGTTTTCATT	148626748	148622112	4636	148626680	68	148626769	4657	89
ENSMUST00000058902	GGCCGGGTGACCCCGGGGAGA	30024565	29753221	271344	29758933	265632	30024586	271365	265653
ENSMUST00000058902	GGCCGGGTGACCCCGGGGAGA	30024565	29759107	265458	29761592	262973	30024586	265479	262994
ENSMUST00000058902	GGCCGGGTGACCCCGGGGAGA	30024565	29784240	240325	29791972	232593	30024586	240346	232614
ENSMUST00000058902	GGCCGGGTGACCCCGGGGAGA	30024565	29805814	218751	29818341	206224	30024586	218772	206245
ENSMUST00000058902	GGCCGGGTGACCCCGGGGAGA	30024565	29831205	193360	29838426	186139	30024586	193381	186160
ENSMUST00000058902	GGCCGGGTGACCCCGGGGAGA	30024565	29849071	175494	29854050	170515	30024586	175515	170536
ENSMUST00000058902	GGCCGGGTGACCCCGGGGAGA	30024565	29850955	173610	29880646	143919	30024586	173631	143940
ENSMUST00000058902	GGCCGGGTGACCCCGGGGAGA	30024565	29854252	170313	29881957	142608	30024586	170334	142629
ENSMUST00000058902	GGCCGGGTGACCCCGGGGAGA	30024565	29882143	142422	29897143	127422	30024586	142443	127443
ENSMUST00000058902	GGCCGGGTGACCCCGGGGAGA	30024565	29882143	142422	29906171	118394	30024586	142443	118415
ENSMUST00000058902	GGCCGGGTGACCCCGGGGAGA	30024565	29882143	142422	30024379	186	30024586	142443	207
ENSMUST00000058902	GGCCGGGTGACCCCGGGGAGA	30024565	29882143	142422	30024379	186	30024586	142443	207
ENSMUST00000058902	GGCCGGGTGACCCCGGGGAGA	30024565	29897242	127323	30024379	186	30024586	127344	207
ENSMUST00000036489	CGACTTTGAGTTGGCTCTCCT	20895024	20896901	-1877	20905779	-10755	20895045	-1856	-10734
ENSMUST00000036489	CGACTTTGAGTTGGCTCTCCT	20895024	20902455	-7431	20908106	-13082	20895045	-7410	-13061
ENSMUST00000036489	CGACTTTGAGTTGGCTCTCCT	20895024	20908244	-13220	20927619	-32595	20895045	-13199	-32574
ENSMUST00000159910	TTTGGAAACCCAATCACTTAT	89690695	89685192	5503	89702917	-12222	89690716	5524	-12201
ENSMUST00000159910	TTTGGAAACCCAATCACTTAT	89690695	89693501	-2806	89712204	-21509	89690716	-2785	-21488
ENSMUST00000066498	TTTCAGTTCTGAACATATTAA	38199078	38208153	-9075	38233102	-34024	38199099	-9054	-34003
ENSMUST00000066498	TTTCAGTTCTGAACATATTAA	38199078	38215340	-16262	38233102	-34024	38199099	-16241	-34003
ENSMUST00000066498	TTTCAGTTCTGAACATATTAA	38199078	38215340	-16262	38233102	-34024	38199099	-16241	-34003
ENSMUST00000066498	TTTCAGTTCTGAACATATTAA	38199078	38224669	-25591	38233102	-34024	38199099	-25570	-34003
ENSMUST00000066498	TTTCAGTTCTGAACATATTAA	38199078	38225125	-26047	38233102	-34024	38199099	-26026	-34003
ENSMUST00000066498	TTTCAGTTCTGAACATATTAA	38199078	38208153	-9075	38245715	-46637	38199099	-9054	-46616
ENSMUST00000066498	TTTCAGTTCTGAACATATTAA	38199078	38233192	-34114	38245715	-46637	38199099	-34093	-46616
ENSMUST00000066498	TTTCAGTTCTGAACATATTAA	38199078	38235903	-36825	38252243	-53165	38199099	-36804	-53144
ENSMUST00000030898	TCTCGCTGGCTGCTGAAGCGT	154281349	154291553	-10204	154299824	-18475	154281370	-10183	-18454
ENSMUST00000068156	AAATCATTTGTTATTAATATT	16666327	16668701	-2374	16677853	-11526	16666348	-2353	-11505
ENSMUST00000068156	AAATCATTTGTTATTAATATT	16666327	16678109	-11782	16680009	-13682	16666348	-11761	-13661
ENSMUST00000068156	AAATCATTTGTTATTAATATT	16666327	16678403	-12076	16681869	-15542	16666348	-12055	-15521
ENSMUST00000068156	AAATCATTTGTTATTAATATT	16666327	16703804	-37477	16705874	-39547	16666348	-37456	-39526
ENSMUST00000068156	AAATCATTTGTTATTAATATT	16666327	16743058	-76731	16745660	-79333	16666348	-76710	-79312
ENSMUST00000068156	AAATCATTTGTTATTAATATT	16666327	16750181	-83854	16754251	-87924	16666348	-83833	-87903
ENSMUST00000068156	AAATCATTTGTTATTAATATT	16666327	16668701	-2374	16677853	-11526	16666348	-2353	-11505
ENSMUST00000068156	AAATCATTTGTTATTAATATT	16666327	16678109	-11782	16680009	-13682	16666348	-11761	-13661
ENSMUST00000068156	AAATCATTTGTTATTAATATT	16666327	16678403	-12076	16681869	-15542	16666348	-12055	-15521
ENSMUST00000068156	AAATCATTTGTTATTAATATT	16666327	16703804	-37477	16705874	-39547	16666348	-37456	-39526
ENSMUST00000068156	AAATCATTTGTTATTAATATT	16666327	16743058	-76731	16745660	-79333	16666348	-76710	-79312
ENSMUST00000068156	AAATCATTTGTTATTAATATT	16666327	16750181	-83854	16754251	-87924	16666348	-83833	-87903
ENSMUST00000124899	TGCACAATATAGACAGGTTTG	66645033	66647925	-2892	66679079	-34046	66645054	-2871	-34025
ENSMUST00000124899	TGCACAATATAGACAGGTTTG	66645033	66660255	-15222	66679079	-34046	66645054	-15201	-34025
ENSMUST00000124899	TGCACAATATAGACAGGTTTG	66645033	66681808	-36775	66688822	-43789	66645054	-36754	-43768
ENSMUST00000003501	GGGAGGTAGCTCAGTTGGTAG	22016497	22018854	-2357	22026172	-9675	22016518	-2336	-9654
ENSMUST00000003501	GGGAGGTAGCTCAGTTGGTAG	22016497	22024712	-8215	22026507	-10010	22016518	-8194	-9989
ENSMUST00000085758	GGCTTCGGTGTCAGTCAACTT	142506644	142497998	8646	142506458	186	142506665	8667	207
ENSMUST00000085758	GGCTTCGGTGTCAGTCAACTT	142506644	142507088	-444	142543404	-36760	142506665	-423	-36739
ENSMUST00000085758	GGCTTCGGTGTCAGTCAACTT	142506644	142508317	-1673	142550979	-44335	142506665	-1652	-44314
ENSMUST00000072020	TGACTGAGAACGGCAGGCTCA	81590952	81594585	-3633	81595322	-4370	81590973	-3612	-4349
ENSMUST00000072020	TGACTGAGAACGGCAGGCTCA	81590952	81595405	-4453	81595844	-4892	81590973	-4432	-4871
ENSMUST00000072020	TGACTGAGAACGGCAGGCTCA	81590952	81599138	-8186	81600978	-10026	81590973	-8165	-10005
ENSMUST00000046719	ATGACAGCAAGTAGCAAATGG	48387783	48391350	-3567	48392339	-4556	48387804	-3546	-4535
ENSMUST00000046719	ATGACAGCAAGTAGCAAATGG	48387783	48392506	-4723	48393179	-5396	48387804	-4702	-5375
ENSMUST00000046719	ATGACAGCAAGTAGCAAATGG	48387783	48395796	-8013	48400437	-12654	48387804	-7992	-12633
ENSMUST00000046719	ATGACAGCAAGTAGCAAATGG	48387783	48395796	-8013	48400437	-12654	48387804	-7992	-12633
ENSMUST00000046719	ATGACAGCAAGTAGCAAATGG	48387783	48395796	-8013	48400437	-12654	48387804	-7992	-12633
ENSMUST00000129100	GTCTGATTGGATGTGATCCGC	58237770	58300578	-62808	58451968	-214198	58237791	-62787	-214177
ENSMUST00000112334	TGTGTATAGCTCAGTGGTAGA	162412348	162417611	-5263	162438647	-26299	162412369	-5242	-26278
ENSMUST00000112334	TGTGTATAGCTCAGTGGTAGA	162412348	162417611	-5263	162441036	-28688	162412369	-5242	-28667
ENSMUST00000112334	TGTGTATAGCTCAGTGGTAGA	162412348	162471856	-59508	162512678	-100330	162412369	-59487	-100309
ENSMUST00000112334	TGTGTATAGCTCAGTGGTAGA	162412348	162503907	-91559	162512678	-100330	162412369	-91538	-100309
ENSMUST00000112334	TGTGTATAGCTCAGTGGTAGA	162412348	162471856	-59508	162514278	-101930	162412369	-59487	-101909
ENSMUST00000112334	TGTGTATAGCTCAGTGGTAGA	162412348	162554945	-142597	162643273	-230925	162412369	-142576	-230904
ENSMUST00000067935	GATGGGTCGGACAGCCCTGGC	135076548	135073983	2565	135076457	91	135076569	2586	112
ENSMUST00000067935	GATGGGTCGGACAGCCCTGGC	135076548	135073983	2565	135078061	-1513	135076569	2586	-1492
ENSMUST00000120129	AGTGTCCAGCTGCATGGCTGA	32830999	32795661	35338	32854092	-23093	32831020	35359	-23072
ENSMUST00000120129	AGTGTCCAGCTGCATGGCTGA	32830999	32831551	-552	32835615	-4616	32831020	-531	-4595
ENSMUST00000120129	AGTGTCCAGCTGCATGGCTGA	32830999	32831551	-552	32854092	-23093	32831020	-531	-23072
ENSMUST00000120129	AGTGTCCAGCTGCATGGCTGA	32830999	32831858	-859	32844043	-13044	32831020	-838	-13023
ENSMUST00000120129	AGTGTCCAGCTGCATGGCTGA	32830999	32795661	35338	32854092	-23093	32831020	35359	-23072
ENSMUST00000120129	AGTGTCCAGCTGCATGGCTGA	32830999	32831858	-859	32854092	-23093	32831020	-838	-23072
ENSMUST00000120129	AGTGTCCAGCTGCATGGCTGA	32830999	32835688	-4689	32851881	-20882	32831020	-4668	-20861
ENSMUST00000120129	AGTGTCCAGCTGCATGGCTGA	32830999	32835688	-4689	32854092	-23093	32831020	-4668	-23072
ENSMUST00000120129	AGTGTCCAGCTGCATGGCTGA	32830999	32835688	-4689	32854092	-23093	32831020	-4668	-23072
ENSMUST00000120129	AGTGTCCAGCTGCATGGCTGA	32830999	32844564	-13565	32854092	-23093	32831020	-13544	-23072
ENSMUST00000021803	CGCAAGAAATAAAAGTCACAAA	46679999	46681242	-1243	46682996	-2997	46680021	-1221	-2975
ENSMUST00000021803	CGCAAGAAATAAAAGTCACAAA	46679999	46687498	-7499	46693511	-13512	46680021	-7477	-13490
ENSMUST00000021803	CGCAAGAAATAAAAGTCACAAA	46679999	46705215	-25216	46709628	-29629	46680021	-25194	-29607
ENSMUST00000021803	CGCAAGAAATAAAAGTCACAAA	46679999	46705215	-25216	46709765	-29766	46680021	-25194	-29744
ENSMUST00000025800	GGGAACAAAAGCAGTGTCAACG	24443611	24295554	148057	24346236	97375	24443633	148079	97397
ENSMUST00000025800	GGGAACAAAAGCAGTGTCAACG	24443611	24346381	97230	24355117	88494	24443633	97252	88516
ENSMUST00000025800	GGGAACAAAAGCAGTGTCAACG	24443611	24358078	85533	24359939	83672	24443633	85555	83694
ENSMUST00000025800	GGGAACAAAAGCAGTGTCAACG	24443611	24390461	53150	24439052	4559	24443633	53172	4581
ENSMUST00000019065	GATGCTCTTAAGCTATGCAGTA	70396286	70395715	571	70396555	-269	70396308	593	-247
ENSMUST00000019065	GATGCTCTTAAGCTATGCAGTA	70396286	70397537	-1251	70398065	-1779	70396308	-1229	-1757
ENSMUST00000019065	GATGCTCTTAAGCTATGCAGTA	70396286	70402066	-5780	70406256	-9970	70396308	-5758	-9948
ENSMUST00000019065	GATGCTCTTAAGCTATGCAGTA	70396286	70402066	-5780	70409763	-13477	70396308	-5758	-13455
ENSMUST00000109627	GTCGTGTCCTGTAAGCGCACCC	79827579	79828978	-1399	79833701	-6122	79827601	-1377	-6100
ENSMUST00000109627	GTCGTGTCCTGTAAGCGCACCC	79827579	79828924	-1345	79833701	-6122	79827601	-1323	-6100
ENSMUST00000109627	GTCGTGTCCTGTAAGCGCACCC	79827579	79828978	-1399	79833914	-6335	79827601	-1377	-6313
ENSMUST00000109627	GTCGTGTCCTGTAAGCGCACCC	79827579	79828978	-1399	79834142	-6563	79827601	-1377	-6541
ENSMUST00000109627	GTCGTGTCCTGTAAGCGCACCC	79827579	79828978	-1399	79834142	-6563	79827601	-1377	-6541
ENSMUST00000109627	GTCGTGTCCTGTAAGCGCACCC	79827579	79833767	-6188	79834142	-6563	79827601	-6166	-6541
ENSMUST00000109627	GTCGTGTCCTGTAAGCGCACCC	79827579	79828978	-1399	79833701	-6122	79827601	-1377	-6100
ENSMUST00000109627	GTCGTGTCCTGTAAGCGCACCC	79827579	79828924	-1345	79833701	-6122	79827601	-1323	-6100
ENSMUST00000109627	GTCGTGTCCTGTAAGCGCACCC	79827579	79828978	-1399	79833914	-6335	79827601	-1377	-6313
ENSMUST00000109627	GTCGTGTCCTGTAAGCGCACCC	79827579	79828978	-1399	79834142	-6563	79827601	-1377	-6541
ENSMUST00000109627	GTCGTGTCCTGTAAGCGCACCC	79827579	79828978	-1399	79834142	-6563	79827601	-1377	-6541
ENSMUST00000109627	GTCGTGTCCTGTAAGCGCACCC	79827579	79833767	-6188	79834142	-6563	79827601	-6166	-6541
ENSMUST00000023615	ATCACTCCGGAAACCTTGCAGA	94504348	94505444	-1096	94510737	-6389	94504370	-1074	-6367
ENSMUST00000023615	ATCACTCCGGAAACCTTGCAGA	94504348	94505444	-1096	94512229	-7881	94504370	-1074	-7859
ENSMUST00000115100	TGAGTTACAGGCATGAGCCACC	33015408	33020645	-5237	33030774	-15366	33015430	-5215	-15344
ENSMUST00000115100	TGAGTTACAGGCATGAGCCACC	33015408	33030936	-15528	33040763	-25355	33015430	-15506	-25333
ENSMUST00000206389	CACTTCCAGGAGGTCCGAACCA	97738217	97726704	11513	97737368	849	97738239	11535	871
ENSMUST00000043624	CCAACACCGGATCCCTTGGTTC	86319762	86272563	47199	86275373	44389	86319784	47221	44411
ENSMUST00000043624	CCAACACCGGATCCCTTGGTTC	86319762	86272563	47199	86276819	42943	86319784	47221	42965
ENSMUST00000043624	CCAACACCGGATCCCTTGGTTC	86319762	86276968	42794	86278763	40999	86319784	42816	41021
ENSMUST00000043624	CCAACACCGGATCCCTTGGTTC	86319762	86301555	18207	86306983	12779	86319784	18229	12801
ENSMUST00000043624	CCAACACCGGATCCCTTGGTTC	86319762	86327912	-8150	86329167	-9405	86319784	-8128	-9383
ENSMUST00000043624	CCAACACCGGATCCCTTGGTTC	86319762	86332028	-12266	86355273	-35511	86319784	-12244	-35489
ENSMUST00000043624	CCAACACCGGATCCCTTGGTTC	86319762	86272563	47199	86275373	44389	86319784	47221	44411
ENSMUST00000043624	CCAACACCGGATCCCTTGGTTC	86319762	86272563	47199	86276819	42943	86319784	47221	42965
ENSMUST00000043624	CCAACACCGGATCCCTTGGTTC	86319762	86276968	42794	86278763	40999	86319784	42816	41021
ENSMUST00000043624	CCAACACCGGATCCCTTGGTTC	86319762	86301555	18207	86306983	12779	86319784	18229	12801
ENSMUST00000043624	CCAACACCGGATCCCTTGGTTC	86319762	86327912	-8150	86329167	-9405	86319784	-8128	-9383
ENSMUST00000043624	CCAACACCGGATCCCTTGGTTC	86319762	86332028	-12266	86355273	-35511	86319784	-12244	-35489
ENSMUST00000043624	CCAACACCGGATCCCTTGGTTC	86319762	86272563	47199	86275373	44389	86319784	47221	44411
ENSMUST00000043624	CCAACACCGGATCCCTTGGTTC	86319762	86272563	47199	86276819	42943	86319784	47221	42965
ENSMUST00000043624	CCAACACCGGATCCCTTGGTTC	86319762	86276968	42794	86278763	40999	86319784	42816	41021
ENSMUST00000043624	CCAACACCGGATCCCTTGGTTC	86319762	86301555	18207	86306983	12779	86319784	18229	12801
ENSMUST00000043624	CCAACACCGGATCCCTTGGTTC	86319762	86327912	-8150	86329167	-9405	86319784	-8128	-9383
ENSMUST00000043624	CCAACACCGGATCCCTTGGTTC	86319762	86332028	-12266	86355273	-35511	86319784	-12244	-35489
ENSMUST00000022953	CATAGTTCAGTCTGCAATTTTT	71432576	71490861	-58285	71525667	-93091	71432598	-58263	-93069
ENSMUST00000022953	CATAGTTCAGTCTGCAATTTTT	71432576	71561133	-128557	71727668	-295092	71432598	-128535	-295070
ENSMUST00000142739	TGAGTCAACCCTCTTACAAGAT	78696474	78568975	127499	78572232	124242	78696496	127521	124264
ENSMUST00000142739	TGAGTCAACCCTCTTACAAGAT	78696474	78568975	127499	78574840	121634	78696496	127521	121656
ENSMUST00000142739	TGAGTCAACCCTCTTACAAGAT	78696474	78574927	121547	78586868	109606	78696496	121569	109628
ENSMUST00000142739	TGAGTCAACCCTCTTACAAGAT	78696474	78574927	121547	78626576	69898	78696496	121569	69920
ENSMUST00000142739	TGAGTCAACCCTCTTACAAGAT	78696474	78618330	78144	78695808	666	78696496	78166	688
ENSMUST00000033269	AATAGCAGAGAATGCCTGAAGC	132987807	132999345	-11538	133081756	-93949	132987829	-11516	-93927
ENSMUST00000033269	AATAGCAGAGAATGCCTGAAGC	132987807	132999345	-11538	133123140	-135333	132987829	-11516	-135311
ENSMUST00000033269	AATAGCAGAGAATGCCTGAAGC	132987807	133025872	-38065	133081756	-93949	132987829	-38043	-93927
ENSMUST00000033269	AATAGCAGAGAATGCCTGAAGC	132987807	132999345	-11538	133123140	-135333	132987829	-11516	-135311
ENSMUST00000033269	AATAGCAGAGAATGCCTGAAGC	132987807	133025872	-38065	133123140	-135333	132987829	-38043	-135311
ENSMUST00000106491	GCCTTGCCACTCCAGTGAAGAC	116272597	116298549	-25952	116322081	-49484	116272619	-25930	-49462
ENSMUST00000106491	GCCTTGCCACTCCAGTGAAGAC	116272597	116392914	-120317	116422566	-149969	116272619	-120295	-149947
ENSMUST00000106364	GAGGACTGGAGTCCCAGCACGA	126704164	126699985	4179	126700583	3581	126704186	4201	3603
ENSMUST00000106364	GAGGACTGGAGTCCCAGCACGA	126704164	126701919	2245	126702975	1189	126704186	2267	1211
ENSMUST00000106364	GAGGACTGGAGTCCCAGCACGA	126704164	126702128	2036	126704651	-487	126704186	2058	-465
ENSMUST00000106364	GAGGACTGGAGTCCCAGCACGA	126704164	126702128	2036	126704651	-487	126704186	2058	-465
ENSMUST00000090849	TTTTAACTTAACAGTTTGATCT	70979574	70965679	13895	70967049	12525	70979596	13917	12547
ENSMUST00000090849	TTTTAACTTAACAGTTTGATCT	70979574	70967156	12418	70973252	6322	70979596	12440	6344
ENSMUST00000090849	TTTTAACTTAACAGTTTGATCT	70979574	70973392	6182	70980376	-802	70979596	6204	-780
ENSMUST00000090849	TTTTAACTTAACAGTTTGATCT	70979574	70973392	6182	70981854	-2280	70979596	6204	-2258
ENSMUST00000090849	TTTTAACTTAACAGTTTGATCT	70979574	70973392	6182	70981854	-2280	70979596	6204	-2258
ENSMUST00000090849	TTTTAACTTAACAGTTTGATCT	70979574	70976137	3437	70993483	-13909	70979596	3459	-13887
ENSMUST00000090849	TTTTAACTTAACAGTTTGATCT	70979574	70982195	-2621	71018219	-38645	70979596	-2599	-38623
ENSMUST00000090849	TTTTAACTTAACAGTTTGATCT	70979574	70993575	-14001	71055370	-75796	70979596	-13979	-75774
ENSMUST00000086521	TGTAAGGAGACCGCAGGTGACT	132514367	132525954	-11587	132527694	-13327	132514389	-11565	-13305
ENSMUST00000021659	AACGTAGAGAAGTTGCTCACGT	84345509	84346935	-1426	84348605	-3096	84345531	-1404	-3074
ENSMUST00000021659	AACGTAGAGAAGTTGCTCACGT	84345509	84346935	-1426	84353799	-8290	84345531	-1404	-8268
ENSMUST00000021659	AACGTAGAGAAGTTGCTCACGT	84345509	84346935	-1426	84353799	-8290	84345531	-1404	-8268
ENSMUST00000021659	AACGTAGAGAAGTTGCTCACGT	84345509	84348376	-2867	84353799	-8290	84345531	-2845	-8268
ENSMUST00000026494	CTGCACCAGTCGCTGACCCCGC	77484320	77466772	17548	77468240	16080	77484342	17570	16102
ENSMUST00000026494	CTGCACCAGTCGCTGACCCCGC	77484320	77468370	15950	77484148	172	77484342	15972	194
ENSMUST00000026494	CTGCACCAGTCGCTGACCCCGC	77484320	77468370	15950	77565041	-80721	77484342	15972	-80699
ENSMUST00000026494	CTGCACCAGTCGCTGACCCCGC	77484320	77468370	15950	77565041	-80721	77484342	15972	-80699
ENSMUST00000026494	CTGCACCAGTCGCTGACCCCGC	77484320	77475584	8736	77565041	-80721	77484342	8758	-80699
ENSMUST00000026494	CTGCACCAGTCGCTGACCCCGC	77484320	77466772	17548	77468240	16080	77484342	17570	16102
ENSMUST00000026494	CTGCACCAGTCGCTGACCCCGC	77484320	77468370	15950	77484148	172	77484342	15972	194
ENSMUST00000026494	CTGCACCAGTCGCTGACCCCGC	77484320	77468370	15950	77565041	-80721	77484342	15972	-80699
ENSMUST00000026494	CTGCACCAGTCGCTGACCCCGC	77484320	77468370	15950	77565041	-80721	77484342	15972	-80699
ENSMUST00000026494	CTGCACCAGTCGCTGACCCCGC	77484320	77475584	8736	77565041	-80721	77484342	8758	-80699
ENSMUST00000097921	TTTGGGAGAACTGCGCTGCAGG	109665138	109661626	3512	109665609	-471	109660879	-747	-4730
ENSMUST00000084806	TGGAAAATTTATGTGGAATTCA	118127506	117880030	247476	117883361	244145	118127528	247498	244167
ENSMUST00000084806	TGGAAAATTTATGTGGAATTCA	118127506	117916971	210535	117922012	205494	118127528	210557	205516
ENSMUST00000084806	TGGAAAATTTATGTGGAATTCA	118127506	117931298	196208	117933681	193825	118127528	196230	193847
ENSMUST00000084806	TGGAAAATTTATGTGGAATTCA	118127506	118017702	109804	118020187	107319	118127528	109826	107341
ENSMUST00000131309	GGCAGTGTATGGTGGGTAATTC	65235428	65202932	32496	65252943	-17515	65235450	32518	-17493
ENSMUST00000131309	GGCAGTGTATGGTGGGTAATTC	65235428	65235931	-503	65252943	-17515	65235450	-481	-17493
ENSMUST00000131309	GGCAGTGTATGGTGGGTAATTC	65235428	65202932	32496	65252943	-17515	65235450	32518	-17493
ENSMUST00000131309	GGCAGTGTATGGTGGGTAATTC	65235428	65235931	-503	65252943	-17515	65235450	-481	-17493
ENSMUST00000025904	GGGGAACCGGGAAAGAAGGTGA	6908019	6907280	739	6907981	38	6908041	761	60
ENSMUST00000025904	GGGGAACCGGGAAAGAAGGTGA	6908019	6907280	739	6909458	-1439	6908041	761	-1417
ENSMUST00000025904	GGGGAACCGGGAAAGAAGGTGA	6908019	6907280	739	6909458	-1439	6908041	761	-1417
ENSMUST00000025904	GGGGAACCGGGAAAGAAGGTGA	6908019	6907673	346	6909458	-1439	6908041	368	-1417
ENSMUST00000189013	CCTGGCTGCCGGCGCTGTGGCC	32099633	32085337	14296	32092343	7290	32099655	14318	7312
ENSMUST00000189013	CCTGGCTGCCGGCGCTGTGGCC	32099633	32092485	7148	32096999	2634	32099655	7170	2656
ENSMUST00000189013	CCTGGCTGCCGGCGCTGTGGCC	32099633	32092485	7148	32099469	164	32099655	7170	186
ENSMUST00000189013	CCTGGCTGCCGGCGCTGTGGCC	32099633	32097063	2570	32098898	735	32099655	2592	757
ENSMUST00000189013	CCTGGCTGCCGGCGCTGTGGCC	32099633	32097063	2570	32099475	158	32099655	2592	180
ENSMUST00000064314	TTCCCTGGCATCGATGAAGCCA	85019867	85018918	949	85024177	-4310	85019889	971	-4288
ENSMUST00000064314	TTCCCTGGCATCGATGAAGCCA	85019867	85019672	195	85024177	-4310	85019889	217	-4288
ENSMUST00000037141	TGGTGGAGGAAGCCGTGGAAGG	51560859	51521487	39372	51530070	30789	51550237	28750	20167
ENSMUST00000037141	TGGTGGAGGAAGCCGTGGAAGG	51560859	51521487	39372	51536465	24394	51550237	28750	13772
ENSMUST00000037141	TGGTGGAGGAAGCCGTGGAAGG	51560859	51530188	30671	51536465	24394	51550237	20049	13772
ENSMUST00000037141	TGGTGGAGGAAGCCGTGGAAGG	51560859	51542833	18026	51560517	342	51550237	7404	-10280
ENSMUST00000028161	ACCATTGATGTGCCCGCTGTCG	28558078	28556373	1705	28557614	464	28558100	1727	486
ENSMUST00000022665	TCCCATGAGGGAGTAGGTCATG	69786717	69787963	-1246	69793903	-7186	69786739	-1224	-7164
ENSMUST00000022665	TCCCATGAGGGAGTAGGTCATG	69786717	69794054	-7337	69796273	-9556	69786739	-7315	-9534
ENSMUST00000022665	TCCCATGAGGGAGTAGGTCATG	69786717	69797292	-10575	69799677	-12960	69786739	-10553	-12938
ENSMUST00000016026	CATGTGGGTTTATGAAGTATGC	45732734	45701997	30737	45747055	-14321	45732756	30759	-14299
ENSMUST00000016026	CATGTGGGTTTATGAAGTATGC	45732734	45701997	30737	45775391	-42657	45732756	30759	-42635
ENSMUST00000016026	CATGTGGGTTTATGAAGTATGC	45732734	45701997	30737	45775391	-42657	45732756	30759	-42635
ENSMUST00000016026	CATGTGGGTTTATGAAGTATGC	45732734	45701997	30737	45795292	-62558	45732756	30759	-62536
ENSMUST00000016026	CATGTGGGTTTATGAAGTATGC	45732734	45735824	-3090	45775391	-42657	45732756	-3068	-42635
ENSMUST00000016026	CATGTGGGTTTATGAAGTATGC	45732734	45701997	30737	45795292	-62558	45732756	30759	-62536
ENSMUST00000016026	CATGTGGGTTTATGAAGTATGC	45732734	45747307	-14573	45795292	-62558	45732756	-14551	-62536
ENSMUST00000016026	CATGTGGGTTTATGAAGTATGC	45732734	45775521	-42787	45795292	-62558	45732756	-42765	-62536
ENSMUST00000016026	CATGTGGGTTTATGAAGTATGC	45732734	45776499	-43765	45857346	-124612	45732756	-43743	-124590
ENSMUST00000016026	CATGTGGGTTTATGAAGTATGC	45732734	45776499	-43765	45857350	-124616	45732756	-43743	-124594
ENSMUST00000052872	GGAGTCCCTGAAGGACGTGGAG	59068001	59034197	33804	59035032	32969	59068023	33826	32991
ENSMUST00000052872	GGAGTCCCTGAAGGACGTGGAG	59068001	59044153	23848	59049676	18325	59068023	23870	18347
ENSMUST00000052872	GGAGTCCCTGAAGGACGTGGAG	59068001	59051794	16207	59053573	14428	59068023	16229	14450
ENSMUST00000052872	GGAGTCCCTGAAGGACGTGGAG	59068001	59055037	12964	59055960	12041	59068023	12986	12063
ENSMUST00000052872	GGAGTCCCTGAAGGACGTGGAG	59068001	59062910	5091	59064186	3815	59068023	5113	3837
ENSMUST00000052872	GGAGTCCCTGAAGGACGTGGAG	59068001	59062910	5091	59067065	936	59068023	5113	958
ENSMUST00000177594	TTTGTTAAAAGTACTGACAAAT	83315889	83316934	-1045	83319413	-3524	83315911	-1023	-3502
ENSMUST00000086614	CTATAAGAAAATAGTGGGTAAC	128102365	127955065	147300	127959709	142656	128102387	147322	142678
ENSMUST00000086614	CTATAAGAAAATAGTGGGTAAC	128102365	127956668	145697	127960758	141607	128102387	145719	141629
ENSMUST00000086614	CTATAAGAAAATAGTGGGTAAC	128102365	127965164	137201	127967877	134488	128102387	137223	134510
ENSMUST00000086614	CTATAAGAAAATAGTGGGTAAC	128102365	127965164	137201	127972946	129419	128102387	137223	129441
ENSMUST00000086614	CTATAAGAAAATAGTGGGTAAC	128102365	127988146	114219	127996852	105513	128102387	114241	105535
ENSMUST00000086614	CTATAAGAAAATAGTGGGTAAC	128102365	127999460	102905	128032848	69517	128102387	102927	69539
ENSMUST00000086614	CTATAAGAAAATAGTGGGTAAC	128102365	128016159	86206	128018611	83754	128102387	86228	83776
ENSMUST00000086614	CTATAAGAAAATAGTGGGTAAC	128102365	128016159	86206	128032848	69517	128102387	86228	69539
ENSMUST00000086614	CTATAAGAAAATAGTGGGTAAC	128102365	128016159	86206	128036397	65968	128102387	86228	65990
ENSMUST00000086614	CTATAAGAAAATAGTGGGTAAC	128102365	128016159	86206	128036397	65968	128102387	86228	65990
ENSMUST00000086614	CTATAAGAAAATAGTGGGTAAC	128102365	128017729	84636	128036397	65968	128102387	84658	65990
ENSMUST00000086614	CTATAAGAAAATAGTGGGTAAC	128102365	128036629	65736	128057981	44384	128102387	65758	44406
ENSMUST00000086614	CTATAAGAAAATAGTGGGTAAC	128102365	128036629	65736	128091842	10523	128102387	65758	10545
ENSMUST00000086614	CTATAAGAAAATAGTGGGTAAC	128102365	128036629	65736	128091842	10523	128102387	65758	10545
ENSMUST00000086614	CTATAAGAAAATAGTGGGTAAC	128102365	128040996	61369	128091842	10523	128102387	61391	10545
ENSMUST00000086614	CTATAAGAAAATAGTGGGTAAC	128102365	128058000	44365	128102252	113	128102387	44387	135
ENSMUST00000176540	TATTTGAGGGGGGGTGCTCCTT	168157521	168121480	36041	168191277	-33756	168157543	36063	-33734
ENSMUST00000176540	TATTTGAGGGGGGGTGCTCCTT	168157521	168158824	-1303	168191277	-33756	168157543	-1281	-33734
ENSMUST00000176540	TATTTGAGGGGGGGTGCTCCTT	168157521	168183619	-26098	168191277	-33756	168157543	-26076	-33734
ENSMUST00000176540	TATTTGAGGGGGGGTGCTCCTT	168157521	168209595	-52074	168431313	-273792	168157543	-52052	-273770
ENSMUST00000032748	GGCCAAGGCCGCGACAATGCCC	80334095	80326426	7669	80327917	6178	80334117	7691	6200
ENSMUST00000032748	GGCCAAGGCCGCGACAATGCCC	80334095	80329647	4448	80331552	2543	80334117	4470	2565
ENSMUST00000032748	GGCCAAGGCCGCGACAATGCCC	80334095	80333148	947	80334694	-599	80334117	969	-577
ENSMUST00000032748	GGCCAAGGCCGCGACAATGCCC	80334095	80339350	-5255	80340068	-5973	80334117	-5233	-5951
ENSMUST00000032748	GGCCAAGGCCGCGACAATGCCC	80334095	80339350	-5255	80340068	-5973	80334117	-5233	-5951
ENSMUST00000032748	GGCCAAGGCCGCGACAATGCCC	80334095	80339350	-5255	80340113	-6018	80334117	-5233	-5996
ENSMUST00000148892	AGGCCTGCAAACTCCCTTTTCC	103005358	103008221	-2863	103011867	-6509	103005380	-2841	-6487
ENSMUST00000127843	GACTGGAGGACGGAAACCACTG	103199907	103197351	2556	103202648	-2741	103196923	-428	-5725
ENSMUST00000127843	GACTGGAGGACGGAAACCACTG	103199907	103202778	-2871	103241339	-41432	103196923	-5855	-44416
ENSMUST00000151524	CTGGAATTCTTGGTGCAGCAGT	77066645	77091343	-24698	77100921	-34276	77066667	-24676	-34254
ENSMUST00000151524	CTGGAATTCTTGGTGCAGCAGT	77066645	77103624	-36979	77105975	-39330	77066667	-36957	-39308
ENSMUST00000062153	TGCGCACGCGCCGCCGCCCTCG	124530964	124493844	37120	124501839	29125	124530986	37142	29147
ENSMUST00000062153	TGCGCACGCGCCGCCGCCCTCG	124530964	124514743	16221	124521250	9714	124530986	16243	9736
ENSMUST00000114510	AATTACATGGTGGGTTTTAGAA	52185740	52168399	17341	52168896	16844	52185762	17363	16866
ENSMUST00000114510	AATTACATGGTGGGTTTTAGAA	52185740	52168399	17341	52188678	-2938	52185762	17363	-2916
ENSMUST00000114510	AATTACATGGTGGGTTTTAGAA	52185740	52191287	-5547	52196742	-11002	52185762	-5525	-10980
ENSMUST00000114510	AATTACATGGTGGGTTTTAGAA	52185740	52191287	-5547	52199710	-13970	52185762	-5525	-13948
ENSMUST00000114510	AATTACATGGTGGGTTTTAGAA	52185740	52191287	-5547	52199710	-13970	52185762	-5525	-13948
ENSMUST00000114510	AATTACATGGTGGGTTTTAGAA	52185740	52196215	-10475	52199710	-13970	52185762	-10453	-13948
ENSMUST00000114510	AATTACATGGTGGGTTTTAGAA	52185740	52199887	-14147	52204345	-18605	52185762	-14125	-18583
ENSMUST00000114510	AATTACATGGTGGGTTTTAGAA	52185740	52199887	-14147	52207300	-21560	52185762	-14125	-21538
ENSMUST00000114510	AATTACATGGTGGGTTTTAGAA	52185740	52199887	-14147	52207300	-21560	52185762	-14125	-21538
ENSMUST00000114510	AATTACATGGTGGGTTTTAGAA	52185740	52200651	-14911	52207300	-21560	52185762	-14889	-21538
ENSMUST00000114510	AATTACATGGTGGGTTTTAGAA	52185740	52207359	-21619	52214477	-28737	52185762	-21597	-28715
ENSMUST00000114510	AATTACATGGTGGGTTTTAGAA	52185740	52215694	-29954	52219942	-34202	52185762	-29932	-34180
ENSMUST00000048139	ATCCCGTGGCTAGCTTGGTTGT	69579099	69563947	15152	69578446	653	69579121	15174	675
ENSMUST00000219125	GCAAAAGGACTGTATGTTGATG	31950851	31694413	256438	31951118	-267	31950873	256460	-245
ENSMUST00000219125	GCAAAAGGACTGTATGTTGATG	31950851	31746562	204289	32329764	-378913	31950873	204311	-378891
ENSMUST00000219125	GCAAAAGGACTGTATGTTGATG	31950851	31951319	-468	32402235	-451384	31950873	-446	-451362
ENSMUST00000219125	GCAAAAGGACTGTATGTTGATG	31950851	31951319	-468	32889642	-938791	31950873	-446	-938769
ENSMUST00000219125	GCAAAAGGACTGTATGTTGATG	31950851	31951319	-468	32889642	-938791	31950873	-446	-938769
ENSMUST00000219125	GCAAAAGGACTGTATGTTGATG	31950851	32329845	-378994	32889642	-938791	31950873	-378972	-938769
ENSMUST00000085948	TTGAACAGTCTGGGCATCAGTG	25766803	25770765	-3962	25773342	-6539	25766825	-3940	-6517
ENSMUST00000085948	TTGAACAGTCTGGGCATCAGTG	25766803	25770765	-3962	25774514	-7711	25766825	-3940	-7689
ENSMUST00000085948	TTGAACAGTCTGGGCATCAGTG	25766803	25770765	-3962	25774514	-7711	25766825	-3940	-7689
ENSMUST00000085948	TTGAACAGTCTGGGCATCAGTG	25766803	25773125	-6322	25774514	-7711	25766825	-6300	-7689
ENSMUST00000085948	TTGAACAGTCTGGGCATCAGTG	25766803	25773493	-6690	25774514	-7711	25766825	-6668	-7689
ENSMUST00000085948	TTGAACAGTCTGGGCATCAGTG	25766803	25786010	-19207	25788414	-21611	25766825	-19185	-21589
ENSMUST00000085948	TTGAACAGTCTGGGCATCAGTG	25766803	25786987	-20184	25788414	-21611	25766825	-20162	-21589
ENSMUST00000168621	CTGGGGAACTTGACTCTGCAGT	90435163	90463338	-28175	90468249	-33086	90435185	-28153	-33064
ENSMUST00000168621	CTGGGGAACTTGACTCTGCAGT	90435163	90464727	-29564	90469533	-34370	90435185	-29542	-34348
ENSMUST00000127569	TGTGGTACCTGCTCAGATTTAT	66517026	66518578	-1552	66520608	-3582	66517048	-1530	-3560
ENSMUST00000127569	TGTGGTACCTGCTCAGATTTAT	66517026	66520164	-3138	66520608	-3582	66517048	-3116	-3560
ENSMUST00000127569	TGTGGTACCTGCTCAGATTTAT	66517026	66540175	-23149	66543945	-26919	66517048	-23127	-26897
ENSMUST00000127569	TGTGGTACCTGCTCAGATTTAT	66517026	66540175	-23149	66543945	-26919	66517048	-23127	-26897
ENSMUST00000127569	TGTGGTACCTGCTCAGATTTAT	66517026	66547955	-30929	66592783	-75757	66517048	-30907	-75735
ENSMUST00000090247	CTTCTACAGTGAAGTGGCTGAG	27735403	27733030	2373	27735378	25	27735425	2395	47
ENSMUST00000090247	CTTCTACAGTGAAGTGGCTGAG	27735403	27736525	-1122	27740915	-5512	27735425	-1100	-5490
ENSMUST00000090247	CTTCTACAGTGAAGTGGCTGAG	27735403	27740696	-5293	27743952	-8549	27735425	-5271	-8527
ENSMUST00000090247	CTTCTACAGTGAAGTGGCTGAG	27735403	27856234	-120831	27881306	-145903	27735425	-120809	-145881
ENSMUST00000090247	CTTCTACAGTGAAGTGGCTGAG	27735403	27905331	-169928	27919216	-183813	27735425	-169906	-183791
ENSMUST00000038677	GCTGATGGCCGGCTGATCATAC	41870894	41866772	4122	41870809	85	41870916	4144	107
ENSMUST00000041382	CCCCACCAGGTGTGTGGGTCTG	110895288	110886686	8602	110887354	7934	110895310	8624	7956
ENSMUST00000041382	CCCCACCAGGTGTGTGGGTCTG	110895288	110890569	4719	110893288	2000	110895310	4741	2022
ENSMUST00000041382	CCCCACCAGGTGTGTGGGTCTG	110895288	110892169	3119	110893638	1650	110895310	3141	1672
ENSMUST00000041382	CCCCACCAGGTGTGTGGGTCTG	110895288	110895342	-54	110899198	-3910	110895310	-32	-3888
ENSMUST00000027760	CGATTCAGGACTGGGGTGAAGA	152623823	152524899	98924	152531505	92318	152623845	98946	92340
ENSMUST00000027760	CGATTCAGGACTGGGGTGAAGA	152623823	152537817	86006	152544350	79473	152623845	86028	79495
ENSMUST00000027760	CGATTCAGGACTGGGGTGAAGA	152623823	152557587	66236	152586406	37417	152623845	66258	37439
ENSMUST00000027760	CGATTCAGGACTGGGGTGAAGA	152623823	152571675	52148	152623817	6	152623845	52170	28
ENSMUST00000027760	CGATTCAGGACTGGGGTGAAGA	152623823	152571675	52148	152674859	-51036	152623845	52170	-51014
ENSMUST00000027760	CGATTCAGGACTGGGGTGAAGA	152623823	152571675	52148	152674859	-51036	152623845	52170	-51014
ENSMUST00000027760	CGATTCAGGACTGGGGTGAAGA	152623823	152586615	37208	152674859	-51036	152623845	37230	-51014
ENSMUST00000027760	CGATTCAGGACTGGGGTGAAGA	152623823	152586615	37208	152765906	-142083	152623845	37230	-142061
ENSMUST00000027760	CGATTCAGGACTGGGGTGAAGA	152623823	152586615	37208	152765906	-142083	152623845	37230	-142061
ENSMUST00000027760	CGATTCAGGACTGGGGTGAAGA	152623823	152623928	-105	152765906	-142083	152623845	-83	-142061
ENSMUST00000081506	AGGCTGGGCTGCTTTGACTTGT	83435856	83436040	-184	83437984	-2128	83435878	-162	-2106
ENSMUST00000081506	AGGCTGGGCTGCTTTGACTTGT	83435856	83437636	-1780	83442421	-6565	83435878	-1758	-6543
ENSMUST00000131298	CGAGACTGCAAAGGCTTCTGAG	33133481	33143392	-9911	33146569	-13088	33133503	-9889	-13066
ENSMUST00000131298	CGAGACTGCAAAGGCTTCTGAG	33133481	33146650	-13169	33157771	-24290	33133503	-13147	-24268
ENSMUST00000131298	CGAGACTGCAAAGGCTTCTGAG	33133481	33146653	-13172	33157771	-24290	33133503	-13150	-24268
ENSMUST00000131298	CGAGACTGCAAAGGCTTCTGAG	33133481	33146653	-13172	33168180	-34699	33133503	-13150	-34677
ENSMUST00000131298	CGAGACTGCAAAGGCTTCTGAG	33133481	33146653	-13172	33158909	-25428	33133503	-13150	-25406
ENSMUST00000131298	CGAGACTGCAAAGGCTTCTGAG	33133481	33146653	-13172	33168180	-34699	33133503	-13150	-34677
ENSMUST00000131298	CGAGACTGCAAAGGCTTCTGAG	33133481	33146653	-13172	33172417	-38936	33133503	-13150	-38914
ENSMUST00000131298	CGAGACTGCAAAGGCTTCTGAG	33133481	33146653	-13172	33172417	-38936	33133503	-13150	-38914
ENSMUST00000131298	CGAGACTGCAAAGGCTTCTGAG	33133481	33159036	-25555	33172417	-38936	33133503	-25533	-38914
ENSMUST00000131298	CGAGACTGCAAAGGCTTCTGAG	33133481	33174548	-41067	33284824	-151343	33133503	-41045	-151321
ENSMUST00000131298	CGAGACTGCAAAGGCTTCTGAG	33133481	33174548	-41067	33336512	-203031	33133503	-41045	-203009
ENSMUST00000131298	CGAGACTGCAAAGGCTTCTGAG	33133481	33174548	-41067	33336512	-203031	33133503	-41045	-203009
ENSMUST00000131298	CGAGACTGCAAAGGCTTCTGAG	33133481	33260604	-127123	33336512	-203031	33133503	-127101	-203009
ENSMUST00000131298	CGAGACTGCAAAGGCTTCTGAG	33133481	33260604	-127123	33340712	-207231	33133503	-127101	-207209
ENSMUST00000131298	CGAGACTGCAAAGGCTTCTGAG	33133481	33276235	-142754	33336512	-203031	33133503	-142732	-203009
ENSMUST00000131298	CGAGACTGCAAAGGCTTCTGAG	33133481	33284908	-151427	33336512	-203031	33133503	-151405	-203009
ENSMUST00000131298	CGAGACTGCAAAGGCTTCTGAG	33133481	33284908	-151427	33340712	-207231	33133503	-151405	-207209
ENSMUST00000131298	CGAGACTGCAAAGGCTTCTGAG	33133481	33284908	-151427	33371269	-237788	33133503	-151405	-237766
ENSMUST00000131298	CGAGACTGCAAAGGCTTCTGAG	33133481	33260604	-127123	33340712	-207231	33133503	-127101	-207209
ENSMUST00000131298	CGAGACTGCAAAGGCTTCTGAG	33133481	33284908	-151427	33340712	-207231	33133503	-151405	-207209
ENSMUST00000131298	CGAGACTGCAAAGGCTTCTGAG	33133481	33324703	-191222	33340712	-207231	33133503	-191200	-207209
ENSMUST00000131298	CGAGACTGCAAAGGCTTCTGAG	33133481	33284908	-151427	33371269	-237788	33133503	-151405	-237766
ENSMUST00000131298	CGAGACTGCAAAGGCTTCTGAG	33133481	33324703	-191222	33371269	-237788	33133503	-191200	-237766
ENSMUST00000197313	GGCGGGGTGCAACCCTCGAAGC	72734254	72699251	35003	72703267	30987	72734276	35025	31009
ENSMUST00000138762	ACTAAGTCATATCAGTTATATG	155929157	155863611	65546	155868670	60487	155926420	62809	57750
ENSMUST00000138762	ACTAAGTCATATCAGTTATATG	155929157	155875466	53691	155885906	43251	155926420	50954	40514
ENSMUST00000138762	ACTAAGTCATATCAGTTATATG	155929157	155940830	-11673	155953153	-23996	155926420	-14410	-26733
ENSMUST00000138762	ACTAAGTCATATCAGTTATATG	155929157	155953767	-24610	155959719	-30562	155926420	-27347	-33299
ENSMUST00000138762	ACTAAGTCATATCAGTTATATG	155929157	155959831	-30674	155962474	-33317	155926420	-33411	-36054
ENSMUST00000063577	TGGAATTTGGAGAGGATCTGCT	101418369	101406019	12350	101408476	9893	101418391	12372	9915
ENSMUST00000063577	TGGAATTTGGAGAGGATCTGCT	101418369	101409780	8589	101411212	7157	101418391	8611	7179
ENSMUST00000063577	TGGAATTTGGAGAGGATCTGCT	101418369	101414261	4108	101414747	3622	101418391	4130	3644
ENSMUST00000063577	TGGAATTTGGAGAGGATCTGCT	101418369	101415938	2431	101416908	1461	101418391	2453	1483
ENSMUST00000063577	TGGAATTTGGAGAGGATCTGCT	101418369	101416981	1388	101418272	97	101418391	1410	119
ENSMUST00000063577	TGGAATTTGGAGAGGATCTGCT	101418369	101417330	1039	101419697	-1328	101418391	1061	-1306
ENSMUST00000063577	TGGAATTTGGAGAGGATCTGCT	101418369	101417330	1039	101420145	-1776	101418391	1061	-1754
ENSMUST00000063577	TGGAATTTGGAGAGGATCTGCT	101418369	101417330	1039	101420158	-1789	101418391	1061	-1767
ENSMUST00000063577	TGGAATTTGGAGAGGATCTGCT	101418369	101417330	1039	101420327	-1958	101418391	1061	-1936
ENSMUST00000063577	TGGAATTTGGAGAGGATCTGCT	101418369	101417330	1039	101420539	-2170	101418391	1061	-2148
ENSMUST00000063577	TGGAATTTGGAGAGGATCTGCT	101418369	101417330	1039	101419697	-1328	101418391	1061	-1306
ENSMUST00000035346	TTAATGAGCGGTTATCTCCATG	153411706	153436347	-24641	153483686	-71980	153411728	-24619	-71958
ENSMUST00000035346	TTAATGAGCGGTTATCTCCATG	153411706	153470797	-59091	153483686	-71980	153411728	-59069	-71958
ENSMUST00000035346	TTAATGAGCGGTTATCTCCATG	153411706	153477982	-66276	153483686	-71980	153411728	-66254	-71958
ENSMUST00000035346	TTAATGAGCGGTTATCTCCATG	153411706	153436347	-24641	153529441	-117735	153411728	-24619	-117713
ENSMUST00000035346	TTAATGAGCGGTTATCTCCATG	153411706	153483842	-72136	153491710	-80004	153411728	-72114	-79982
ENSMUST00000107788	CTCTGGCGTGGAGCCGGGACGA	94473380	94409876	63504	94411438	61942	94473402	63526	61964
ENSMUST00000107788	CTCTGGCGTGGAGCCGGGACGA	94473380	94411616	61764	94414930	58450	94473402	61786	58472
ENSMUST00000107788	CTCTGGCGTGGAGCCGGGACGA	94473380	94411616	61764	94415742	57638	94473402	61786	57660
ENSMUST00000107788	CTCTGGCGTGGAGCCGGGACGA	94473380	94411616	61764	94415742	57638	94473402	61786	57660
ENSMUST00000107788	CTCTGGCGTGGAGCCGGGACGA	94473380	94413224	60156	94415742	57638	94473402	60178	57660
ENSMUST00000107788	CTCTGGCGTGGAGCCGGGACGA	94473380	94416655	56725	94417154	56226	94473402	56747	56248
ENSMUST00000107788	CTCTGGCGTGGAGCCGGGACGA	94473380	94416704	56676	94417154	56226	94473402	56698	56248
ENSMUST00000107788	CTCTGGCGTGGAGCCGGGACGA	94473380	94418970	54410	94425763	47617	94473402	54432	47639
ENSMUST00000107788	CTCTGGCGTGGAGCCGGGACGA	94473380	94418970	54410	94425784	47596	94473402	54432	47618
ENSMUST00000107788	CTCTGGCGTGGAGCCGGGACGA	94473380	94438189	35191	94442729	30651	94473402	35213	30673
ENSMUST00000107788	CTCTGGCGTGGAGCCGGGACGA	94473380	94442885	30495	94443174	30206	94473402	30517	30228
ENSMUST00000107788	CTCTGGCGTGGAGCCGGGACGA	94473380	94463501	9879	94465820	7560	94473402	9901	7582
ENSMUST00000107788	CTCTGGCGTGGAGCCGGGACGA	94473380	94463501	9879	94466115	7265	94473402	9901	7287
ENSMUST00000107788	CTCTGGCGTGGAGCCGGGACGA	94473380	94463501	9879	94466115	7265	94473402	9901	7287
ENSMUST00000107788	CTCTGGCGTGGAGCCGGGACGA	94473380	94465496	7884	94466115	7265	94473402	7906	7287
ENSMUST00000077200	TACAAACTCCGTTACGATATAT	136082346	136098410	-16064	136116176	-33830	136082368	-16042	-33808
ENSMUST00000077200	TACAAACTCCGTTACGATATAT	136082346	136101228	-18882	136174060	-91714	136082368	-18860	-91692
ENSMUST00000077200	TACAAACTCCGTTACGATATAT	136082346	136101228	-18882	136269322	-186976	136082368	-18860	-186954
ENSMUST00000077200	TACAAACTCCGTTACGATATAT	136082346	136101228	-18882	136269322	-186976	136082368	-18860	-186954
ENSMUST00000077200	TACAAACTCCGTTACGATATAT	136082346	136116962	-34616	136269322	-186976	136082368	-34594	-186954
ENSMUST00000077200	TACAAACTCCGTTACGATATAT	136082346	136174275	-91929	136387653	-305307	136082368	-91907	-305285
ENSMUST00000077200	TACAAACTCCGTTACGATATAT	136082346	136269477	-187131	136387653	-305307	136082368	-187109	-305285
ENSMUST00000021288	GGGCTCAGGGCAGCAGGCGAGC	67891468	67875427	16041	67879795	11673	67887755	12328	7960
ENSMUST00000021288	GGGCTCAGGGCAGCAGGCGAGC	67891468	67898976	-7508	67904320	-12852	67887755	-11221	-16565
ENSMUST00000159569	ACATATGTGGGAAGGCATTCAC	20429227	20441455	-12228	20444258	-15031	20429249	-12206	-15009
ENSMUST00000106722	CCGTGTGGCCGATGGCTGGGGA	109898529	109898689	-160	109899723	-1194	109898551	-138	-1172
ENSMUST00000106722	CCGTGTGGCCGATGGCTGGGGA	109898529	109899162	-633	109901059	-2530	109898551	-611	-2508
ENSMUST00000106722	CCGTGTGGCCGATGGCTGGGGA	109898529	109899869	-1340	109905169	-6640	109898551	-1318	-6618
ENSMUST00000106722	CCGTGTGGCCGATGGCTGGGGA	109898529	109905780	-7251	109911914	-13385	109898551	-7229	-13363
ENSMUST00000106722	CCGTGTGGCCGATGGCTGGGGA	109898529	109908415	-9886	109914720	-16191	109898551	-9864	-16169
ENSMUST00000106722	CCGTGTGGCCGATGGCTGGGGA	109898529	109914852	-16323	109917384	-18855	109898551	-16301	-18833
ENSMUST00000106722	CCGTGTGGCCGATGGCTGGGGA	109898529	109918828	-20299	109921193	-22664	109898551	-20277	-22642
ENSMUST00000106722	CCGTGTGGCCGATGGCTGGGGA	109898529	109921511	-22982	109960073	-61544	109898551	-22960	-61522
ENSMUST00000106722	CCGTGTGGCCGATGGCTGGGGA	109898529	109934802	-36273	109960073	-61544	109898551	-36251	-61522
ENSMUST00000076463	GAAAACTTTCTGGATGGGCTTG	73373881	73349691	24190	73353616	20265	73373903	24212	20287
ENSMUST00000076463	GAAAACTTTCTGGATGGGCTTG	73373881	73353753	20128	73362424	11457	73373903	20150	11479
ENSMUST00000076463	GAAAACTTTCTGGATGGGCTTG	73373881	73356702	17179	73363931	9950	73373903	17201	9972
ENSMUST00000076463	GAAAACTTTCTGGATGGGCTTG	73373881	73364252	9629	73368313	5568	73373903	9651	5590
ENSMUST00000076463	GAAAACTTTCTGGATGGGCTTG	73373881	73364252	9629	73368313	5568	73373903	9651	5590
ENSMUST00000076463	GAAAACTTTCTGGATGGGCTTG	73373881	73367598	6283	73369985	3896	73373903	6305	3918
ENSMUST00000076463	GAAAACTTTCTGGATGGGCTTG	73373881	73382958	-9077	73386264	-12383	73373903	-9055	-12361
ENSMUST00000036877	CCATCCCGGACACGTCCACCAA	39506803	39480349	26454	39485558	21245	39496977	16628	11419
ENSMUST00000036877	CCATCCCGGACACGTCCACCAA	39506803	39483153	23650	39487819	18984	39496977	13824	9158
ENSMUST00000036877	CCATCCCGGACACGTCCACCAA	39506803	39495270	11533	39506700	103	39496977	1707	-9723
ENSMUST00000036877	CCATCCCGGACACGTCCACCAA	39506803	39506822	-19	39522655	-15852	39496977	-9845	-25678
ENSMUST00000036877	CCATCCCGGACACGTCCACCAA	39506803	39523759	-16956	39557574	-50771	39496977	-26782	-60597
ENSMUST00000015891	TCTGCTGGAGGTTTCAGAAGTT	96041448	96019740	21708	96032778	8670	96041470	21730	8692
ENSMUST00000015891	TCTGCTGGAGGTTTCAGAAGTT	96041448	96033823	7625	96042308	-860	96041470	7647	-838
ENSMUST00000015891	TCTGCTGGAGGTTTCAGAAGTT	96041448	96046462	-5014	96047246	-5798	96041470	-4992	-5776
ENSMUST00000015891	TCTGCTGGAGGTTTCAGAAGTT	96041448	96047135	-5687	96048307	-6859	96041470	-5665	-6837
ENSMUST00000015891	TCTGCTGGAGGTTTCAGAAGTT	96041448	96053099	-11651	96057681	-16233	96041470	-11629	-16211
ENSMUST00000047816	GTTGCACAGATCCAGATGGGCG	79287122	79286895	227	79287615	-493	79287144	249	-471
ENSMUST00000047816	GTTGCACAGATCCAGATGGGCG	79287122	79302697	-15575	79304304	-17182	79287144	-15553	-17160
ENSMUST00000047816	GTTGCACAGATCCAGATGGGCG	79287122	79302697	-15575	79305702	-18580	79287144	-15553	-18558
ENSMUST00000047816	GTTGCACAGATCCAGATGGGCG	79287122	79318010	-30888	79328088	-40966	79287144	-30866	-40944
ENSMUST00000047816	GTTGCACAGATCCAGATGGGCG	79287122	79318010	-30888	79328209	-41087	79287144	-30866	-41065
ENSMUST00000033290	TAAGCACCCGGTGGAGGTGGTG	133742672	133723229	19443	133725203	17469	133742694	19465	17491
ENSMUST00000033290	TAAGCACCCGGTGGAGGTGGTG	133742672	133742801	-129	133759399	-16727	133742694	-107	-16705
ENSMUST00000033290	TAAGCACCCGGTGGAGGTGGTG	133742672	133749036	-6364	133776601	-33929	133742694	-6342	-33907
ENSMUST00000020158	ACTTTAATATCAACCTGTTTCC	21160744	21143092	17652	21146185	14559	21160766	17674	14581
ENSMUST00000120963	TCTTCTGAAAGAACAAGGACGG	76904347	76876422	27925	76878403	25944	76904369	27947	25966
ENSMUST00000120963	TCTTCTGAAAGAACAAGGACGG	76904347	76883062	21285	76886046	18301	76904369	21307	18323
ENSMUST00000120963	TCTTCTGAAAGAACAAGGACGG	76904347	76888834	15513	76896376	7971	76904369	15535	7993
ENSMUST00000120963	TCTTCTGAAAGAACAAGGACGG	76904347	76891795	12552	76896376	7971	76904369	12574	7993
ENSMUST00000120963	TCTTCTGAAAGAACAAGGACGG	76904347	76901281	3066	76904208	139	76904369	3088	161
ENSMUST00000120963	TCTTCTGAAAGAACAAGGACGG	76904347	76902185	2162	76904958	-611	76904369	2184	-589
ENSMUST00000120963	TCTTCTGAAAGAACAAGGACGG	76904347	76902185	2162	76905422	-1075	76904369	2184	-1053
ENSMUST00000120963	TCTTCTGAAAGAACAAGGACGG	76904347	76902185	2162	76904958	-611	76904369	2184	-589
ENSMUST00000120963	TCTTCTGAAAGAACAAGGACGG	76904347	76902185	2162	76905422	-1075	76904369	2184	-1053
ENSMUST00000120963	TCTTCTGAAAGAACAAGGACGG	76904347	76904380	-33	76905422	-1075	76904369	-11	-1053
ENSMUST00000000776	GGGATGAGCTGTGGAACAGAGT	12624852	12616138	8714	12624817	35	12624874	8736	57
ENSMUST00000000776	GGGATGAGCTGTGGAACAGAGT	12624852	12621939	2913	12632237	-7385	12624874	2935	-7363
ENSMUST00000000776	GGGATGAGCTGTGGAACAGAGT	12624852	12648787	-23935	12650153	-25301	12624874	-23913	-25279
ENSMUST00000000776	GGGATGAGCTGTGGAACAGAGT	12624852	12648787	-23935	12653363	-28511	12624874	-23913	-28489
ENSMUST00000000776	GGGATGAGCTGTGGAACAGAGT	12624852	12655978	-31126	12658299	-33447	12624874	-31104	-33425
ENSMUST00000077200	GTACAAACTCCGTTACGATATA	136082345	136098410	-16065	136116176	-33831	136082367	-16043	-33809
ENSMUST00000077200	GTACAAACTCCGTTACGATATA	136082345	136101228	-18883	136174060	-91715	136082367	-18861	-91693
ENSMUST00000077200	GTACAAACTCCGTTACGATATA	136082345	136101228	-18883	136269322	-186977	136082367	-18861	-186955
ENSMUST00000077200	GTACAAACTCCGTTACGATATA	136082345	136101228	-18883	136269322	-186977	136082367	-18861	-186955
ENSMUST00000077200	GTACAAACTCCGTTACGATATA	136082345	136116962	-34617	136269322	-186977	136082367	-34595	-186955
ENSMUST00000077200	GTACAAACTCCGTTACGATATA	136082345	136174275	-91930	136387653	-305308	136082367	-91908	-305286
ENSMUST00000077200	GTACAAACTCCGTTACGATATA	136082345	136269477	-187132	136387653	-305308	136082367	-187110	-305286
ENSMUST00000145596	TAAATCTAAACTTGTTTCTCAA	23294776	23300042	-5266	23309039	-14263	23294798	-5244	-14241
ENSMUST00000145596	TAAATCTAAACTTGTTTCTCAA	23294776	23300042	-5266	23311648	-16872	23294798	-5244	-16850
ENSMUST00000145596	TAAATCTAAACTTGTTTCTCAA	23294776	23300045	-5269	23309039	-14263	23294798	-5247	-14241
ENSMUST00000145596	TAAATCTAAACTTGTTTCTCAA	23294776	23300045	-5269	23311648	-16872	23294798	-5247	-16850
ENSMUST00000145596	TAAATCTAAACTTGTTTCTCAA	23294776	23300042	-5266	23311648	-16872	23294798	-5244	-16850
ENSMUST00000145596	TAAATCTAAACTTGTTTCTCAA	23294776	23300045	-5269	23311648	-16872	23294798	-5247	-16850
ENSMUST00000145596	TAAATCTAAACTTGTTTCTCAA	23294776	23306753	-11977	23311648	-16872	23294798	-11955	-16850
ENSMUST00000145596	TAAATCTAAACTTGTTTCTCAA	23294776	23330970	-36194	23336944	-42168	23294798	-36172	-42146
ENSMUST00000145596	TAAATCTAAACTTGTTTCTCAA	23294776	23330970	-36194	23363800	-69024	23294798	-36172	-69002
ENSMUST00000145596	TAAATCTAAACTTGTTTCTCAA	23294776	23373261	-78485	23435949	-141173	23294798	-78463	-141151
ENSMUST00000145596	TAAATCTAAACTTGTTTCTCAA	23294776	23386353	-91577	23435949	-141173	23294798	-91555	-141151
ENSMUST00000145596	TAAATCTAAACTTGTTTCTCAA	23294776	23386353	-91577	23425566	-130790	23294798	-91555	-130768
ENSMUST00000145596	TAAATCTAAACTTGTTTCTCAA	23294776	23386353	-91577	23435940	-141164	23294798	-91555	-141142
ENSMUST00000145596	TAAATCTAAACTTGTTTCTCAA	23294776	23386353	-91577	23435949	-141173	23294798	-91555	-141151
ENSMUST00000145596	TAAATCTAAACTTGTTTCTCAA	23294776	23386353	-91577	23435949	-141173	23294798	-91555	-141151
ENSMUST00000145596	TAAATCTAAACTTGTTTCTCAA	23294776	23386353	-91577	23435940	-141164	23294798	-91555	-141142
ENSMUST00000145596	TAAATCTAAACTTGTTTCTCAA	23294776	23386353	-91577	23435949	-141173	23294798	-91555	-141151
ENSMUST00000145596	TAAATCTAAACTTGTTTCTCAA	23294776	23386353	-91577	23435949	-141173	23294798	-91555	-141151
ENSMUST00000145596	TAAATCTAAACTTGTTTCTCAA	23294776	23391007	-96231	23435949	-141173	23294798	-96209	-141151
ENSMUST00000145596	TAAATCTAAACTTGTTTCTCAA	23294776	23386353	-91577	23441992	-147216	23294798	-91555	-147194
ENSMUST00000145596	TAAATCTAAACTTGTTTCTCAA	23294776	23386353	-91577	23441992	-147216	23294798	-91555	-147194
ENSMUST00000145596	TAAATCTAAACTTGTTTCTCAA	23294776	23442079	-147303	23451598	-156822	23294798	-147281	-156800
ENSMUST00000145596	TAAATCTAAACTTGTTTCTCAA	23294776	23442079	-147303	23463100	-168324	23294798	-147281	-168302
ENSMUST00000145596	TAAATCTAAACTTGTTTCTCAA	23294776	23463210	-168434	23501124	-206348	23294798	-168412	-206326
ENSMUST00000145596	TAAATCTAAACTTGTTTCTCAA	23294776	23509900	-215124	23526724	-231948	23294798	-215102	-231926
ENSMUST00000145596	TAAATCTAAACTTGTTTCTCAA	23294776	23526627	-231851	23528349	-233573	23294798	-231829	-233551
ENSMUST00000145596	TAAATCTAAACTTGTTTCTCAA	23294776	23650186	-355410	24003747	-708971	23294798	-355388	-708949
ENSMUST00000145596	TAAATCTAAACTTGTTTCTCAA	23294776	23300042	-5266	23309039	-14263	23294798	-5244	-14241
ENSMUST00000145596	TAAATCTAAACTTGTTTCTCAA	23294776	23300042	-5266	23311648	-16872	23294798	-5244	-16850
ENSMUST00000145596	TAAATCTAAACTTGTTTCTCAA	23294776	23300045	-5269	23309039	-14263	23294798	-5247	-14241
ENSMUST00000145596	TAAATCTAAACTTGTTTCTCAA	23294776	23300045	-5269	23311648	-16872	23294798	-5247	-16850
ENSMUST00000145596	TAAATCTAAACTTGTTTCTCAA	23294776	23300042	-5266	23311648	-16872	23294798	-5244	-16850
ENSMUST00000145596	TAAATCTAAACTTGTTTCTCAA	23294776	23300045	-5269	23311648	-16872	23294798	-5247	-16850
ENSMUST00000145596	TAAATCTAAACTTGTTTCTCAA	23294776	23306753	-11977	23311648	-16872	23294798	-11955	-16850
ENSMUST00000145596	TAAATCTAAACTTGTTTCTCAA	23294776	23330970	-36194	23336944	-42168	23294798	-36172	-42146
ENSMUST00000145596	TAAATCTAAACTTGTTTCTCAA	23294776	23330970	-36194	23363800	-69024	23294798	-36172	-69002
ENSMUST00000145596	TAAATCTAAACTTGTTTCTCAA	23294776	23373261	-78485	23435949	-141173	23294798	-78463	-141151
ENSMUST00000145596	TAAATCTAAACTTGTTTCTCAA	23294776	23386353	-91577	23435949	-141173	23294798	-91555	-141151
ENSMUST00000145596	TAAATCTAAACTTGTTTCTCAA	23294776	23386353	-91577	23425566	-130790	23294798	-91555	-130768
ENSMUST00000145596	TAAATCTAAACTTGTTTCTCAA	23294776	23386353	-91577	23435940	-141164	23294798	-91555	-141142
ENSMUST00000145596	TAAATCTAAACTTGTTTCTCAA	23294776	23386353	-91577	23435949	-141173	23294798	-91555	-141151
ENSMUST00000145596	TAAATCTAAACTTGTTTCTCAA	23294776	23386353	-91577	23435949	-141173	23294798	-91555	-141151
ENSMUST00000145596	TAAATCTAAACTTGTTTCTCAA	23294776	23386353	-91577	23435940	-141164	23294798	-91555	-141142
ENSMUST00000145596	TAAATCTAAACTTGTTTCTCAA	23294776	23386353	-91577	23435949	-141173	23294798	-91555	-141151
ENSMUST00000145596	TAAATCTAAACTTGTTTCTCAA	23294776	23386353	-91577	23435949	-141173	23294798	-91555	-141151
ENSMUST00000145596	TAAATCTAAACTTGTTTCTCAA	23294776	23391007	-96231	23435949	-141173	23294798	-96209	-141151
ENSMUST00000145596	TAAATCTAAACTTGTTTCTCAA	23294776	23386353	-91577	23441992	-147216	23294798	-91555	-147194
ENSMUST00000145596	TAAATCTAAACTTGTTTCTCAA	23294776	23386353	-91577	23441992	-147216	23294798	-91555	-147194
ENSMUST00000145596	TAAATCTAAACTTGTTTCTCAA	23294776	23442079	-147303	23451598	-156822	23294798	-147281	-156800
ENSMUST00000145596	TAAATCTAAACTTGTTTCTCAA	23294776	23442079	-147303	23463100	-168324	23294798	-147281	-168302
ENSMUST00000145596	TAAATCTAAACTTGTTTCTCAA	23294776	23463210	-168434	23501124	-206348	23294798	-168412	-206326
ENSMUST00000145596	TAAATCTAAACTTGTTTCTCAA	23294776	23509900	-215124	23526724	-231948	23294798	-215102	-231926
ENSMUST00000145596	TAAATCTAAACTTGTTTCTCAA	23294776	23526627	-231851	23528349	-233573	23294798	-231829	-233551
ENSMUST00000145596	TAAATCTAAACTTGTTTCTCAA	23294776	23650186	-355410	24003747	-708971	23294798	-355388	-708949
ENSMUST00000075872	GTTGACTTCTCAAACATCACAG	94965330	94948159	17171	94950925	14405	94965352	17193	14427
ENSMUST00000075872	GTTGACTTCTCAAACATCACAG	94965330	94951058	14272	94952862	12468	94965352	14294	12490
ENSMUST00000075872	GTTGACTTCTCAAACATCACAG	94965330	94960431	4899	94965128	202	94965352	4921	224
ENSMUST00000110483	CCTCTTTGCAGACGACTTAATA	151092820	151063656	29164	151092746	74	151073315	9659	-19431
ENSMUST00000072037	AACTAAGGAGTTTGTGTTACTG	49787471	49782952	4519	49783611	3860	49787493	4541	3882
ENSMUST00000072037	AACTAAGGAGTTTGTGTTACTG	49787471	49787137	334	49788032	-561	49787493	356	-539
ENSMUST00000072037	AACTAAGGAGTTTGTGTTACTG	49787471	49787137	334	49788147	-676	49787493	356	-654
ENSMUST00000072037	AACTAAGGAGTTTGTGTTACTG	49787471	49787137	334	49788147	-676	49787493	356	-654
ENSMUST00000072037	AACTAAGGAGTTTGTGTTACTG	49787471	49787648	-177	49788147	-676	49787493	-155	-654
ENSMUST00000072037	AACTAAGGAGTTTGTGTTACTG	49787471	49794191	-6720	49795122	-7651	49787493	-6698	-7629
ENSMUST00000025208	GACATATGTGAAATCAGTTGGC	35675138	35680938	-5800	35683217	-8079	35675160	-5778	-8057
ENSMUST00000025208	GACATATGTGAAATCAGTTGGC	35675138	35680938	-5800	35686667	-11529	35675160	-5778	-11507
ENSMUST00000025208	GACATATGTGAAATCAGTTGGC	35675138	35683324	-8186	35696977	-21839	35675160	-8164	-21817
ENSMUST00000004920	ATTTTAATAGGGCCAAATCAAAG	61776672	61781749	-5077	61783536	-6864	61776695	-5054	-6841
ENSMUST00000004920	ATTTTAATAGGGCCAAATCAAAG	61776672	61781749	-5077	61787428	-10756	61776695	-5054	-10733
ENSMUST00000004920	ATTTTAATAGGGCCAAATCAAAG	61776672	61781749	-5077	61787428	-10756	61776695	-5054	-10733
ENSMUST00000004920	ATTTTAATAGGGCCAAATCAAAG	61776672	61782124	-5452	61787428	-10756	61776695	-5429	-10733
ENSMUST00000004920	ATTTTAATAGGGCCAAATCAAAG	61776672	61783715	-7043	61791433	-14761	61776695	-7020	-14738
ENSMUST00000004920	ATTTTAATAGGGCCAAATCAAAG	61776672	61791583	-14911	61799459	-22787	61776695	-14888	-22764
ENSMUST00000004920	ATTTTAATAGGGCCAAATCAAAG	61776672	61803787	-27115	61812717	-36045	61776695	-27092	-36022
ENSMUST00000004920	ATTTTAATAGGGCCAAATCAAAG	61776672	61829450	-52778	61833412	-56740	61776695	-52755	-56717
ENSMUST00000004920	ATTTTAATAGGGCCAAATCAAAG	61776672	61834953	-58281	61841298	-64626	61776695	-58258	-64603
ENSMUST00000004920	ATTTTAATAGGGCCAAATCAAAG	61776672	61834953	-58281	61851061	-74389	61776695	-58258	-74366
ENSMUST00000004920	ATTTTAATAGGGCCAAATCAAAG	61776672	61834953	-58281	61851061	-74389	61776695	-58258	-74366
ENSMUST00000004920	ATTTTAATAGGGCCAAATCAAAG	61776672	61840146	-63474	61851061	-74389	61776695	-63451	-74366
ENSMUST00000072222	CACTGCCCTTTGTGATAAAAAAA	12805476	12806592	-1116	12809696	-4220	12805499	-1093	-4197
ENSMUST00000072222	CACTGCCCTTTGTGATAAAAAAA	12805476	12806592	-1116	12810805	-5329	12805499	-1093	-5306
ENSMUST00000002839	TGGAGACAGAGACGCCCACAGCA	46684320	46684126	194	46684505	-185	46684343	217	-162
ENSMUST00000077962	CGCCGCGAGGAGGAGGCCGCCGA	80322924	80323170	-246	80364158	-41234	80322947	-223	-41211
ENSMUST00000036229	TGCTCCCGGGGTGGAGCACAGCA	80449321	80408781	40540	80434165	15156	80449344	40563	15179
ENSMUST00000036229	TGCTCCCGGGGTGGAGCACAGCA	80449321	80420630	28691	80445885	3436	80449344	28714	3459
ENSMUST00000036229	TGCTCCCGGGGTGGAGCACAGCA	80449321	80434328	14993	80447423	1898	80449344	15016	1921
ENSMUST00000021259	GAAGTAATACAGAGGGTGCGGAG	69226183	69225133	1050	69227486	-1303	69226206	1073	-1280
ENSMUST00000004470	ATTTTAGTTGGGGAAACCCTAAA	88817936	88750723	67213	88752906	65030	88817959	67236	65053
ENSMUST00000004470	ATTTTAGTTGGGGAAACCCTAAA	88817936	88758474	59462	88761742	56194	88817959	59485	56217
ENSMUST00000004470	ATTTTAGTTGGGGAAACCCTAAA	88817936	88776251	41685	88778222	39714	88817959	41708	39737
ENSMUST00000004470	ATTTTAGTTGGGGAAACCCTAAA	88817936	88804681	13255	88807326	10610	88817959	13278	10633
ENSMUST00000004470	ATTTTAGTTGGGGAAACCCTAAA	88817936	88806198	11738	88809081	8855	88817959	11761	8878
ENSMUST00000109221	TAAGCTCGGAGGGCACTGGAAGC	167307623	167302111	5512	167305659	1964	167307646	5535	1987
ENSMUST00000109221	TAAGCTCGGAGGGCACTGGAAGC	167307623	167306707	916	167309222	-1599	167307646	939	-1576
ENSMUST00000109221	TAAGCTCGGAGGGCACTGGAAGC	167307623	167307668	-45	167313086	-5463	167307646	-22	-5440
ENSMUST00000023344	GACCTAAGTATCTGGCTGTGCCA	45140118	45144401	-4283	45151452	-11334	45140141	-4260	-11311
ENSMUST00000023344	GACCTAAGTATCTGGCTGTGCCA	45140118	45147335	-7217	45152576	-12458	45140141	-7194	-12435
ENSMUST00000094077	ACAGTGGGACTGAGCCACAGCCG	69405583	69408401	-2818	69413532	-7949	69405606	-2795	-7926
ENSMUST00000097709	TTGATAACAATACTGAGCTCAGC	65161102	65175368	-14266	65181627	-20525	65161125	-14243	-20502
ENSMUST00000097709	TTGATAACAATACTGAGCTCAGC	65161102	65175368	-14266	65186208	-25106	65161125	-14243	-25083
ENSMUST00000097709	TTGATAACAATACTGAGCTCAGC	65161102	65175368	-14266	65186304	-25202	65161125	-14243	-25179
ENSMUST00000097709	TTGATAACAATACTGAGCTCAGC	65161102	65175368	-14266	65186208	-25106	65161125	-14243	-25083
ENSMUST00000097709	TTGATAACAATACTGAGCTCAGC	65161102	65175368	-14266	65186304	-25202	65161125	-14243	-25179
ENSMUST00000097709	TTGATAACAATACTGAGCTCAGC	65161102	65179815	-18713	65186208	-25106	65161125	-18690	-25083
ENSMUST00000097709	TTGATAACAATACTGAGCTCAGC	65161102	65179815	-18713	65186304	-25202	65161125	-18690	-25179
ENSMUST00000148255	TAGAGCCACCAAACAGCAAAACT	25128778	25141637	-12859	25158243	-29465	25128801	-12836	-29442
ENSMUST00000148255	TAGAGCCACCAAACAGCAAAACT	25128778	25149242	-20464	25158243	-29465	25128801	-20441	-29442
ENSMUST00000045142	GCTAAAAGATGATGACAAACTTA	56813193	56817297	-4104	56826273	-13080	56813216	-4081	-13057
ENSMUST00000045142	GCTAAAAGATGATGACAAACTTA	56813193	56837902	-24709	56838421	-25228	56813216	-24686	-25205
ENSMUST00000045142	GCTAAAAGATGATGACAAACTTA	56813193	56837902	-24709	56838965	-25772	56813216	-24686	-25749
ENSMUST00000045142	GCTAAAAGATGATGACAAACTTA	56813193	56838047	-24854	56841560	-28367	56813216	-24831	-28344
ENSMUST00000084715	AGCTCAGCAGTTCTGCAGCTTTG	123789747	123792749	-3002	123797516	-7769	123789770	-2979	-7746
ENSMUST00000084715	AGCTCAGCAGTTCTGCAGCTTTG	123789747	123797727	-7980	123819046	-29299	123789770	-7957	-29276
ENSMUST00000084715	AGCTCAGCAGTTCTGCAGCTTTG	123789747	123825673	-35926	123827084	-37337	123789770	-35903	-37314
ENSMUST00000084715	AGCTCAGCAGTTCTGCAGCTTTG	123789747	123831377	-41630	123834792	-45045	123789770	-41607	-45022
ENSMUST00000084715	AGCTCAGCAGTTCTGCAGCTTTG	123789747	123831377	-41630	123838871	-49124	123789770	-41607	-49101
ENSMUST00000084715	AGCTCAGCAGTTCTGCAGCTTTG	123789747	123840648	-50901	123851780	-62033	123789770	-50878	-62010
ENSMUST00000084715	AGCTCAGCAGTTCTGCAGCTTTG	123789747	123843608	-53861	123851412	-61665	123789770	-53838	-61642
ENSMUST00000215784	AAGGCTGTCTCAGATATGTTGAT	67250561	67242432	8129	67255858	-5297	67250584	8152	-5274
ENSMUST00000215784	AAGGCTGTCTCAGATATGTTGAT	67250561	67262980	-12419	67272609	-22048	67250584	-12396	-22025
ENSMUST00000215784	AAGGCTGTCTCAGATATGTTGAT	67250561	67262980	-12419	67275320	-24759	67250584	-12396	-24736
ENSMUST00000215784	AAGGCTGTCTCAGATATGTTGAT	67250561	67262980	-12419	67275320	-24759	67250584	-12396	-24736
ENSMUST00000215784	AAGGCTGTCTCAGATATGTTGAT	67250561	67266923	-16362	67275320	-24759	67250584	-16339	-24736
ENSMUST00000215784	AAGGCTGTCTCAGATATGTTGAT	67250561	67278129	-27568	67289981	-39420	67250584	-27545	-39397
ENSMUST00000215784	AAGGCTGTCTCAGATATGTTGAT	67250561	67340395	-89834	67344065	-93504	67250584	-89811	-93481
ENSMUST00000215784	AAGGCTGTCTCAGATATGTTGAT	67250561	67386684	-136123	67392451	-141890	67250584	-136100	-141867
ENSMUST00000215784	AAGGCTGTCTCAGATATGTTGAT	67250561	67388712	-138151	67393574	-143013	67250584	-138128	-142990
ENSMUST00000215784	AAGGCTGTCTCAGATATGTTGAT	67250561	67388712	-138151	67395453	-144892	67250584	-138128	-144869
ENSMUST00000215784	AAGGCTGTCTCAGATATGTTGAT	67250561	67397683	-147122	67559613	-309052	67250584	-147099	-309029
ENSMUST00000031732	CAGCGGGCCCTACTGCTCCTCAC	137621420	137618515	2905	137619584	1836	137619588	1073	4
ENSMUST00000031732	CAGCGGGCCCTACTGCTCCTCAC	137621420	137618515	2905	137619584	1836	137619588	1073	4
ENSMUST00000031732	CAGCGGGCCCTACTGCTCCTCAC	137621420	137622012	-592	137624492	-3072	137619588	-2424	-4904
ENSMUST00000015855	CGGGTTCGAGTCCCGCCCCCTGA	95281923	95262369	19554	95265417	16506	95281946	19577	16529
ENSMUST00000015855	GCGGGTTCGAGTCCCGCCCCCTG	95281922	95262369	19553	95265417	16505	95281945	19576	16528
ENSMUST00000030010	AGCATTAAGGACATGCACAAGGT	53127659	53050458	77201	53059256	68403	53127682	77224	68426
ENSMUST00000030010	AGCATTAAGGACATGCACAAGGT	53127659	53133015	-5356	53159675	-32016	53127682	-5333	-31993
ENSMUST00000020965	CGTGGACATTTCTTACTTCTCAG	28565456	28565525	-69	28570609	-5153	28565479	-46	-5130
ENSMUST00000102692	TGTGGTAGAACTGCTATGTGCCG	60036887	59971258	65629	59983442	53445	60036910	65652	53468
ENSMUST00000102692	TGTGGTAGAACTGCTATGTGCCG	60036887	59974179	62708	59983442	53445	60036910	62731	53468
ENSMUST00000102692	TGTGGTAGAACTGCTATGTGCCG	60036887	59976984	59903	60031712	5175	60036910	59926	5198
ENSMUST00000102692	TGTGGTAGAACTGCTATGTGCCG	60036887	59983558	53329	60046339	-9452	60036910	53352	-9429
ENSMUST00000084616	GGACAGGACTAGCCACCTTGGGC	47039819	47023860	15959	47025685	14134	47039842	15982	14157
ENSMUST00000084616	GGACAGGACTAGCCACCTTGGGC	47039819	47023860	15959	47027100	12719	47039842	15982	12742
ENSMUST00000084616	GGACAGGACTAGCCACCTTGGGC	47039819	47027284	12535	47033115	6704	47039842	12558	6727
ENSMUST00000084616	GGACAGGACTAGCCACCTTGGGC	47039819	47027284	12535	47056948	-17129	47039842	12558	-17106
ENSMUST00000084616	GGACAGGACTAGCCACCTTGGGC	47039819	47030851	8968	47038913	906	47039842	8991	929
ENSMUST00000084616	GGACAGGACTAGCCACCTTGGGC	47039819	47033269	6550	47038913	906	47039842	6573	929
ENSMUST00000084616	GGACAGGACTAGCCACCTTGGGC	47039819	47043642	-3823	47049068	-9249	47039842	-3800	-9226
ENSMUST00000084616	GGACAGGACTAGCCACCTTGGGC	47039819	47045024	-5205	47049068	-9249	47039842	-5182	-9226
ENSMUST00000132484	CCGCTCCGGGTTGAATACATTGT	23509441	23537638	-28197	23543196	-33755	23509464	-28174	-33732
ENSMUST00000132484	CCGCTCCGGGTTGAATACATTGT	23509441	23543324	-33883	23545152	-35711	23509464	-33860	-35688
ENSMUST00000132484	CCGCTCCGGGTTGAATACATTGT	23509441	23543324	-33883	23545152	-35711	23509464	-33860	-35688
ENSMUST00000132484	CCGCTCCGGGTTGAATACATTGT	23509441	23544897	-35456	23545443	-36002	23509464	-35433	-35979
ENSMUST00000132484	CCGCTCCGGGTTGAATACATTGT	23509441	23545274	-35833	23571842	-62401	23509464	-35810	-62378
ENSMUST00000047257	TAGTATGTTGCTTAAGATATTTG	148873050	148889013	-15963	148892509	-19459	148873073	-15940	-19436
ENSMUST00000047257	TAGTATGTTGCTTAAGATATTTG	148873050	148891755	-18705	148893682	-20632	148873073	-18682	-20609
ENSMUST00000047257	TAGTATGTTGCTTAAGATATTTG	148873050	148904729	-31679	148921236	-48186	148873073	-31656	-48163
ENSMUST00000047257	TAGTATGTTGCTTAAGATATTTG	148873050	148904729	-31679	148928525	-55475	148873073	-31656	-55452
ENSMUST00000068156	ACATACCATAGCAATTGAGTTTA	16746055	16668701	77354	16677853	68202	16745661	76960	67808
ENSMUST00000068156	ACATACCATAGCAATTGAGTTTA	16746055	16678109	67946	16680009	66046	16745661	67552	65652
ENSMUST00000068156	ACATACCATAGCAATTGAGTTTA	16746055	16678403	67652	16681869	64186	16745661	67258	63792
ENSMUST00000068156	ACATACCATAGCAATTGAGTTTA	16746055	16703804	42251	16705874	40181	16745661	41857	39787
ENSMUST00000068156	ACATACCATAGCAATTGAGTTTA	16746055	16743058	2997	16745660	395	16745661	2603	1
ENSMUST00000068156	ACATACCATAGCAATTGAGTTTA	16746055	16750181	-4126	16754251	-8196	16745661	-4520	-8590
ENSMUST00000068156	ACATACCATAGCAATTGAGTTTA	16746055	16668701	77354	16677853	68202	16745661	76960	67808
ENSMUST00000068156	ACATACCATAGCAATTGAGTTTA	16746055	16678109	67946	16680009	66046	16745661	67552	65652
ENSMUST00000068156	ACATACCATAGCAATTGAGTTTA	16746055	16678403	67652	16681869	64186	16745661	67258	63792
ENSMUST00000068156	ACATACCATAGCAATTGAGTTTA	16746055	16703804	42251	16705874	40181	16745661	41857	39787
ENSMUST00000068156	ACATACCATAGCAATTGAGTTTA	16746055	16743058	2997	16745660	395	16745661	2603	1
ENSMUST00000068156	ACATACCATAGCAATTGAGTTTA	16746055	16750181	-4126	16754251	-8196	16745661	-4520	-8590
ENSMUST00000071564	TGTTCCCATCGTGTTCAAGGCTT	11767415	11743757	23658	11748363	19052	11767438	23681	19075
ENSMUST00000071564	TGTTCCCATCGTGTTCAAGGCTT	11767415	11747166	20249	11748936	18479	11767438	20272	18502
ENSMUST00000071564	TGTTCCCATCGTGTTCAAGGCTT	11767415	11749606	17809	11755640	11775	11767438	17832	11798
ENSMUST00000071564	TGTTCCCATCGTGTTCAAGGCTT	11767415	11751572	15843	11755640	11775	11767438	15866	11798
ENSMUST00000071564	TGTTCCCATCGTGTTCAAGGCTT	11767415	11755777	11638	11756601	10814	11767438	11661	10837
ENSMUST00000071564	TGTTCCCATCGTGTTCAAGGCTT	11767415	11756689	10726	11758279	9136	11767438	10749	9159
ENSMUST00000071564	TGTTCCCATCGTGTTCAAGGCTT	11767415	11758448	8967	11760480	6935	11767438	8990	6958
ENSMUST00000071564	TGTTCCCATCGTGTTCAAGGCTT	11767415	11758448	8967	11762830	4585	11767438	8990	4608
ENSMUST00000071564	TGTTCCCATCGTGTTCAAGGCTT	11767415	11758448	8967	11762830	4585	11767438	8990	4608
ENSMUST00000071564	TGTTCCCATCGTGTTCAAGGCTT	11767415	11760023	7392	11762830	4585	11767438	7415	4608
ENSMUST00000071564	TGTTCCCATCGTGTTCAAGGCTT	11767415	11760573	6842	11763869	3546	11767438	6865	3569
ENSMUST00000071564	TGTTCCCATCGTGTTCAAGGCTT	11767415	11767711	-296	11777403	-9988	11767438	-273	-9965
ENSMUST00000071564	TGTTCCCATCGTGTTCAAGGCTT	11767415	11767711	-296	11777431	-10016	11767438	-273	-9993
ENSMUST00000071564	TGTTCCCATCGTGTTCAAGGCTT	11767415	11767711	-296	11777431	-10016	11767438	-273	-9993
ENSMUST00000128302	ATCCGTCCGTCGTGAAAAGGTTC	178953730	178957562	-3832	179043736	-90006	178953753	-3809	-89983
ENSMUST00000128302	ATCCGTCCGTCGTGAAAAGGTTC	178953730	179094402	-140672	179248763	-295033	178953753	-140649	-295010
ENSMUST00000128302	ATCCGTCCGTCGTGAAAAGGTTC	178953730	179094402	-140672	179373959	-420229	178953753	-140649	-420206
ENSMUST00000128302	ATCCGTCCGTCGTGAAAAGGTTC	178953730	179094402	-140672	179410406	-456676	178953753	-140649	-456653
ENSMUST00000128302	ATCCGTCCGTCGTGAAAAGGTTC	178953730	179377799	-424069	179410406	-456676	178953753	-424046	-456653
ENSMUST00000128302	ATCCGTCCGTCGTGAAAAGGTTC	178953730	179411785	-458055	179517787	-564057	178953753	-458032	-564034
ENSMUST00000075316	TTAAAATTTAGGGGATGACCTTG	80681451	80688714	-7263	80691319	-9868	80681474	-7240	-9845
ENSMUST00000075316	TTAAAATTTAGGGGATGACCTTG	80681451	80688714	-7263	80692284	-10833	80681474	-7240	-10810
ENSMUST00000075316	TTAAAATTTAGGGGATGACCTTG	80681451	80689351	-7900	80691319	-9868	80681474	-7877	-9845
ENSMUST00000075316	TTAAAATTTAGGGGATGACCTTG	80681451	80689351	-7900	80692284	-10833	80681474	-7877	-10810
ENSMUST00000075316	TTAAAATTTAGGGGATGACCTTG	80681451	80688714	-7263	80692284	-10833	80681474	-7240	-10810
ENSMUST00000075316	TTAAAATTTAGGGGATGACCTTG	80681451	80689351	-7900	80692284	-10833	80681474	-7877	-10810
ENSMUST00000075316	TTAAAATTTAGGGGATGACCTTG	80681451	80690518	-9067	80691702	-10251	80681474	-9044	-10228
ENSMUST00000075316	TTAAAATTTAGGGGATGACCTTG	80681451	80690518	-9067	80692284	-10833	80681474	-9044	-10810
ENSMUST00000075316	TTAAAATTTAGGGGATGACCTTG	80681451	80690518	-9067	80692284	-10833	80681474	-9044	-10810
ENSMUST00000075316	TTAAAATTTAGGGGATGACCTTG	80681451	80691434	-9983	80692284	-10833	80681474	-9960	-10810
ENSMUST00000075316	TTAAAATTTAGGGGATGACCTTG	80681451	80702656	-21205	80707698	-26247	80681474	-21182	-26224
ENSMUST00000075316	TTAAAATTTAGGGGATGACCTTG	80681451	80732234	-50783	80801644	-120193	80681474	-50760	-120170
ENSMUST00000064536	CGGAAACGAGTTAAGCCGCTCTC	21373344	21325626	47718	21328044	45300	21373367	47741	45323
ENSMUST00000064536	CGGAAACGAGTTAAGCCGCTCTC	21373344	21342977	30367	21347296	26048	21373367	30390	26071
ENSMUST00000064536	CGGAAACGAGTTAAGCCGCTCTC	21373344	21342977	30367	21349784	23560	21373367	30390	23583
ENSMUST00000064536	CGGAAACGAGTTAAGCCGCTCTC	21373344	21342977	30367	21349784	23560	21373367	30390	23583
ENSMUST00000064536	CGGAAACGAGTTAAGCCGCTCTC	21373344	21349953	23391	21353882	19462	21373367	23414	19485
ENSMUST00000064536	CGGAAACGAGTTAAGCCGCTCTC	21373344	21354013	19331	21361658	11686	21373367	19354	11709
ENSMUST00000064536	CGGAAACGAGTTAAGCCGCTCTC	21373344	21354013	19331	21373335	9	21373367	19354	32
ENSMUST00000108173	AGAAAAACTTCTGCATGACTTGT	82812421	82810218	2203	82812399	22	82812444	2226	45
ENSMUST00000108173	AGAAAAACTTCTGCATGACTTGT	82812421	82818603	-6182	82871007	-58586	82812444	-6159	-58563
ENSMUST00000227120	CATCCTGACCTTAGACAGCTGTG	23753057	23760467	-7410	23762165	-9108	23753080	-7387	-9085
ENSMUST00000227120	CATCCTGACCTTAGACAGCTGTG	23753057	23760467	-7410	23762165	-9108	23753080	-7387	-9085
ENSMUST00000089770	CTGCAGCCTTCTGCCGGCGATGA	72936988	72693657	243331	72757215	179773	72937011	243354	179796
ENSMUST00000089770	CTGCAGCCTTCTGCCGGCGATGA	72936988	72903681	33307	72936961	27	72937011	33330	50
ENSMUST00000089770	CTGCAGCCTTCTGCCGGCGATGA	72936988	73031643	-94655	73050594	-113606	72937011	-94632	-113583
ENSMUST00000089770	CTGCAGCCTTCTGCCGGCGATGA	72936988	72693657	243331	72757215	179773	72937011	243354	179796
ENSMUST00000089770	CTGCAGCCTTCTGCCGGCGATGA	72936988	72903681	33307	72936961	27	72937011	33330	50
ENSMUST00000089770	CTGCAGCCTTCTGCCGGCGATGA	72936988	73031643	-94655	73050594	-113606	72937011	-94632	-113583
ENSMUST00000036450	CTTTGATCGGGCAGCTGCTGGAT	122065455	122055785	9670	122058342	7113	122065478	9693	7136
ENSMUST00000036450	CTTTGATCGGGCAGCTGCTGGAT	122065455	122065656	-201	122068738	-3283	122065478	-178	-3260
ENSMUST00000036450	CTTTGATCGGGCAGCTGCTGGAT	122065455	122065656	-201	122069868	-4413	122065478	-178	-4390
ENSMUST00000036450	CTTTGATCGGGCAGCTGCTGGAT	122065455	122065656	-201	122069868	-4413	122065478	-178	-4390
ENSMUST00000036450	CTTTGATCGGGCAGCTGCTGGAT	122065455	122066459	-1004	122069868	-4413	122065478	-981	-4390
ENSMUST00000036450	CTTTGATCGGGCAGCTGCTGGAT	122065455	122065656	-201	122070864	-5409	122065478	-178	-5386
ENSMUST00000036450	CTTTGATCGGGCAGCTGCTGGAT	122065455	122071065	-5610	122074503	-9048	122065478	-5587	-9025
ENSMUST00000036450	CTTTGATCGGGCAGCTGCTGGAT	122065455	122072309	-6854	122074503	-9048	122065478	-6831	-9025
ENSMUST00000036450	CTTTGATCGGGCAGCTGCTGGAT	122065455	122073005	-7550	122075294	-9839	122065478	-7527	-9816
ENSMUST00000036450	CTTTGATCGGGCAGCTGCTGGAT	122065455	122073005	-7550	122080232	-14777	122065478	-7527	-14754
ENSMUST00000036450	CTTTGATCGGGCAGCTGCTGGAT	122065455	122083561	-18106	122086862	-21407	122065478	-18083	-21384
ENSMUST00000036450	CTTTGATCGGGCAGCTGCTGGAT	122065455	122083561	-18106	122088132	-22677	122065478	-18083	-22654
ENSMUST00000036450	CTTTGATCGGGCAGCTGCTGGAT	122065455	122083561	-18106	122088132	-22677	122065478	-18083	-22654
ENSMUST00000036450	CTTTGATCGGGCAGCTGCTGGAT	122065455	122085040	-19585	122088132	-22677	122065478	-19562	-22654
ENSMUST00000036450	CTTTGATCGGGCAGCTGCTGGAT	122065455	122097431	-31976	122101645	-36190	122065478	-31953	-36167
ENSMUST00000036450	CTTTGATCGGGCAGCTGCTGGAT	122065455	122098256	-32801	122103907	-38452	122065478	-32778	-38429
ENSMUST00000217550	TGGAAAATTCAGTGATGACTTTG	67319451	67242432	77019	67255858	63593	67319474	77042	63616
ENSMUST00000217550	TGGAAAATTCAGTGATGACTTTG	67319451	67262980	56471	67272609	46842	67319474	56494	46865
ENSMUST00000217550	TGGAAAATTCAGTGATGACTTTG	67319451	67262980	56471	67275320	44131	67319474	56494	44154
ENSMUST00000217550	TGGAAAATTCAGTGATGACTTTG	67319451	67262980	56471	67275320	44131	67319474	56494	44154
ENSMUST00000217550	TGGAAAATTCAGTGATGACTTTG	67319451	67266923	52528	67275320	44131	67319474	52551	44154
ENSMUST00000217550	TGGAAAATTCAGTGATGACTTTG	67319451	67278129	41322	67289981	29470	67319474	41345	29493
ENSMUST00000217550	TGGAAAATTCAGTGATGACTTTG	67319451	67340395	-20944	67344065	-24614	67319474	-20921	-24591
ENSMUST00000217550	TGGAAAATTCAGTGATGACTTTG	67319451	67386684	-67233	67392451	-73000	67319474	-67210	-72977
ENSMUST00000217550	TGGAAAATTCAGTGATGACTTTG	67319451	67388712	-69261	67393574	-74123	67319474	-69238	-74100
ENSMUST00000217550	TGGAAAATTCAGTGATGACTTTG	67319451	67388712	-69261	67395453	-76002	67319474	-69238	-75979
ENSMUST00000217550	TGGAAAATTCAGTGATGACTTTG	67319451	67397683	-78232	67559613	-240162	67319474	-78209	-240139
ENSMUST00000035045	CTGAGGGGAGGAGGCCGCCGGGC	99437111	99389812	47299	99411392	25719	99437134	47322	25742
ENSMUST00000035045	CTGAGGGGAGGAGGCCGCCGGGC	99437111	99393045	44066	99411392	25719	99437134	44089	25742
ENSMUST00000035045	CTGAGGGGAGGAGGCCGCCGGGC	99437111	99394622	42489	99425776	11335	99437134	42512	11358
ENSMUST00000035045	CTGAGGGGAGGAGGCCGCCGGGC	99437111	99394622	42489	99436309	802	99437134	42512	825
ENSMUST00000035045	CTGAGGGGAGGAGGCCGCCGGGC	99437111	99394622	42489	99436880	231	99437134	42512	254
ENSMUST00000029438	ACACTGGATACCCGCTGAGTCCT	103744111	103750918	-6807	103754200	-10089	103744134	-6784	-10066
ENSMUST00000029438	ACACTGGATACCCGCTGAGTCCT	103744111	103754322	-10211	103758534	-14423	103744134	-10188	-14400
ENSMUST00000029438	ACACTGGATACCCGCTGAGTCCT	103744111	103769521	-25410	103790994	-46883	103744134	-25387	-46860
ENSMUST00000029438	ACACTGGATACCCGCTGAGTCCT	103744111	103750918	-6807	103754200	-10089	103744134	-6784	-10066
ENSMUST00000029438	ACACTGGATACCCGCTGAGTCCT	103744111	103754322	-10211	103758534	-14423	103744134	-10188	-14400
ENSMUST00000029438	ACACTGGATACCCGCTGAGTCCT	103744111	103769521	-25410	103790994	-46883	103744134	-25387	-46860
ENSMUST00000028279	CAACAGAGTACCCACATGGGCAC	37626546	37624590	1956	37626481	65	37626569	1979	88
ENSMUST00000028279	CAACAGAGTACCCACATGGGCAC	37626546	37645691	-19145	37703191	-76645	37626569	-19122	-76622
ENSMUST00000028279	CAACAGAGTACCCACATGGGCAC	37626546	37645691	-19145	37703666	-77120	37626569	-19122	-77097
ENSMUST00000028279	CAACAGAGTACCCACATGGGCAC	37626546	37647285	-20739	37703048	-76502	37626569	-20716	-76479
ENSMUST00000028926	CCCCTGTCATGGTGGTAACAGGG	148695794	148697506	-1712	148698930	-3136	148695817	-1689	-3113
ENSMUST00000028926	CCCCTGTCATGGTGGTAACAGGG	148695794	148698999	-3205	148703060	-7266	148695817	-3182	-7243
ENSMUST00000028926	CCCCTGTCATGGTGGTAACAGGG	148695794	148707023	-11229	148709316	-13522	148695817	-11206	-13499
ENSMUST00000028926	CCCCTGTCATGGTGGTAACAGGG	148695794	148697506	-1712	148698930	-3136	148695817	-1689	-3113
ENSMUST00000028926	CCCCTGTCATGGTGGTAACAGGG	148695794	148698999	-3205	148703060	-7266	148695817	-3182	-7243
ENSMUST00000028926	CCCCTGTCATGGTGGTAACAGGG	148695794	148707023	-11229	148709316	-13522	148695817	-11206	-13499
ENSMUST00000108831	AGCCCTGTGGATGAAGCTACTGA	181234534	181229909	4625	181230333	4201	181234557	4648	4224
ENSMUST00000238759	GGACGCTGGCAGAGGCCCTGGGA	119404177	119331618	72559	119339760	64417	119404200	72582	64440
ENSMUST00000238759	GGACGCTGGCAGAGGCCCTGGGA	119404177	119333721	70456	119349729	54448	119404200	70479	54471
ENSMUST00000238759	GGACGCTGGCAGAGGCCCTGGGA	119404177	119339873	64304	119356637	47540	119404200	64327	47563
ENSMUST00000238759	GGACGCTGGCAGAGGCCCTGGGA	119404177	119349874	54303	119356637	47540	119404200	54326	47563
ENSMUST00000238759	GGACGCTGGCAGAGGCCCTGGGA	119404177	119349874	54303	119393541	10636	119404200	54326	10659
ENSMUST00000238759	GGACGCTGGCAGAGGCCCTGGGA	119404177	119339873	64304	119359557	44620	119404200	64327	44643
ENSMUST00000238759	GGACGCTGGCAGAGGCCCTGGGA	119404177	119353224	50953	119359557	44620	119404200	50976	44643
ENSMUST00000238759	GGACGCTGGCAGAGGCCCTGGGA	119404177	119353224	50953	119393541	10636	119404200	50976	10659
ENSMUST00000238759	GGACGCTGGCAGAGGCCCTGGGA	119404177	119359737	44440	119373601	30576	119404200	44463	30599
ENSMUST00000238759	GGACGCTGGCAGAGGCCCTGGGA	119404177	119359737	44440	119393541	10636	119404200	44463	10659
ENSMUST00000238759	GGACGCTGGCAGAGGCCCTGGGA	119404177	119359737	44440	119393556	10621	119404200	44463	10644
ENSMUST00000238759	GGACGCTGGCAGAGGCCCTGGGA	119404177	119359737	44440	119393541	10636	119404200	44463	10659
ENSMUST00000238759	GGACGCTGGCAGAGGCCCTGGGA	119404177	119368017	36160	119393541	10636	119404200	36183	10659
ENSMUST00000238759	GGACGCTGGCAGAGGCCCTGGGA	119404177	119373765	30412	119393541	10636	119404200	30435	10659
ENSMUST00000238759	GGACGCTGGCAGAGGCCCTGGGA	119404177	119368017	36160	119393541	10636	119404200	36183	10659
ENSMUST00000238759	GGACGCTGGCAGAGGCCCTGGGA	119404177	119377345	26832	119393541	10636	119404200	26855	10659
ENSMUST00000238759	GGACGCTGGCAGAGGCCCTGGGA	119404177	119401150	3027	119415135	-10958	119404200	3050	-10935
ENSMUST00000107127	CACACAACCCATCCAAGAGCAGC	98073182	98098371	-25189	98102549	-29367	98073205	-25166	-29344
ENSMUST00000107127	CACACAACCCATCCAAGAGCAGC	98073182	98107105	-33923	98117715	-44533	98073205	-33900	-44510
ENSMUST00000107127	CACACAACCCATCCAAGAGCAGC	98073182	98098371	-25189	98102549	-29367	98073205	-25166	-29344
ENSMUST00000107127	CACACAACCCATCCAAGAGCAGC	98073182	98107105	-33923	98117715	-44533	98073205	-33900	-44510
ENSMUST00000173495	CCAGGATTCTTGTTTCACCCGCA	29977330	29952850	24480	29957312	20018	29972687	19837	15375
ENSMUST00000173495	CCAGGATTCTTGTTTCACCCGCA	29977330	29966819	10511	29977258	72	29972687	5868	-4571
ENSMUST00000173495	CCAGGATTCTTGTTTCACCCGCA	29977330	29966819	10511	29979600	-2270	29972687	5868	-6913
ENSMUST00000126854	AGGGAGGCTAGCGGTTGCTCAGA	97745617	97748670	-3053	97749650	-4033	97745640	-3030	-4010
ENSMUST00000126854	AGGGAGGCTAGCGGTTGCTCAGA	97745617	97750888	-5271	97754237	-8620	97745640	-5248	-8597
ENSMUST00000126854	AGGGAGGCTAGCGGTTGCTCAGA	97745617	97754319	-8702	97757178	-11561	97745640	-8679	-11538
ENSMUST00000126854	AGGGAGGCTAGCGGTTGCTCAGA	97745617	97758105	-12488	97758841	-13224	97745640	-12465	-13201
ENSMUST00000126854	AGGGAGGCTAGCGGTTGCTCAGA	97745617	97758988	-13371	97759324	-13707	97745640	-13348	-13684
ENSMUST00000126854	AGGGAGGCTAGCGGTTGCTCAGA	97745617	97761581	-15964	97766761	-21144	97745640	-15941	-21121
ENSMUST00000114960	CGGCCATTATGCCTCCCAGCAAA	34314231	33977664	336567	33985174	329057	34314254	336590	329080
ENSMUST00000114960	CGGCCATTATGCCTCCCAGCAAA	34314231	33993030	321201	34009269	304962	34314254	321224	304985
ENSMUST00000114960	CGGCCATTATGCCTCCCAGCAAA	34314231	33993663	320568	34010521	303710	34314254	320591	303733
ENSMUST00000114960	CGGCCATTATGCCTCCCAGCAAA	34314231	33993663	320568	34013957	300274	34314254	320591	300297
ENSMUST00000114960	CGGCCATTATGCCTCCCAGCAAA	34314231	34040009	274222	34053559	260672	34314254	274245	260695
ENSMUST00000114960	CGGCCATTATGCCTCCCAGCAAA	34314231	34174527	139704	34176266	137965	34314254	139727	137988
ENSMUST00000114960	CGGCCATTATGCCTCCCAGCAAA	34314231	34178407	135824	34187414	126817	34314254	135847	126840
ENSMUST00000114960	CGGCCATTATGCCTCCCAGCAAA	34314231	34182750	131481	34189667	124564	34314254	131504	124587
ENSMUST00000114960	CGGCCATTATGCCTCCCAGCAAA	34314231	34256360	57871	34294117	20114	34314254	57894	20137
ENSMUST00000114960	CGGCCATTATGCCTCCCAGCAAA	34314231	34314360	-129	34356884	-42653	34314254	-106	-42630
ENSMUST00000114960	CGGCCATTATGCCTCCCAGCAAA	34314231	34361009	-46778	34513913	-199682	34314254	-46755	-199659
ENSMUST00000114960	CGGCCATTATGCCTCCCAGCAAA	34314231	34385399	-71168	34513913	-199682	34314254	-71145	-199659
ENSMUST00000005719	TGAAATCCAAAGTGATTGTCATG	4418307	4289089	129218	4297408	120899	4418330	129241	120922
ENSMUST00000005719	TGAAATCCAAAGTGATTGTCATG	4418307	4298846	119461	4307155	111152	4418330	119484	111175
ENSMUST00000005719	TGAAATCCAAAGTGATTGTCATG	4418307	4298846	119461	4311524	106783	4418330	119484	106806
ENSMUST00000005719	TGAAATCCAAAGTGATTGTCATG	4418307	4312789	105518	4417852	455	4418330	105541	478
ENSMUST00000034472	AGACGAGGCTGCTTCATCAGCAGT	27098940	27098974	-34	27101237	-2297	27098964	-10	-2273
ENSMUST00000034472	AGACGAGGCTGCTTCATCAGCAGT	27098940	27105620	-6680	27155290	-56350	27098964	-6656	-56326
ENSMUST00000112308	TTTCTTTTTGCGGCACTGTGTGAC	84770474	84707178	63296	84710290	60184	84770498	63320	60208
ENSMUST00000112308	TTTCTTTTTGCGGCACTGTGTGAC	84770474	84712894	57580	84716626	53848	84770498	57604	53872
ENSMUST00000112308	TTTCTTTTTGCGGCACTGTGTGAC	84770474	84764545	5929	84769594	880	84770498	5953	904
ENSMUST00000112308	TTTCTTTTTGCGGCACTGTGTGAC	84770474	84773329	-2855	84776940	-6466	84770498	-2831	-6442
ENSMUST00000022023	GCCTATTGGATTGCTCCGTGCAGC	56831427	56783844	47583	56804512	26915	56822426	38582	17914
ENSMUST00000022023	GCCTATTGGATTGCTCCGTGCAGC	56831427	56810617	20810	56887338	-55911	56822426	11809	-64912
ENSMUST00000022023	GCCTATTGGATTGCTCCGTGCAGC	56831427	56822641	8786	56831285	142	56822426	-215	-8859
ENSMUST00000022023	GCCTATTGGATTGCTCCGTGCAGC	56831427	56822641	8786	56860889	-29462	56822426	-215	-38463
ENSMUST00000022023	GCCTATTGGATTGCTCCGTGCAGC	56831427	56822641	8786	56860889	-29462	56822426	-215	-38463
ENSMUST00000022023	GCCTATTGGATTGCTCCGTGCAGC	56831427	56822641	8786	56860889	-29462	56822426	-215	-38463
ENSMUST00000022023	GCCTATTGGATTGCTCCGTGCAGC	56831427	56822641	8786	56887338	-55911	56822426	-215	-64912
ENSMUST00000022023	GCCTATTGGATTGCTCCGTGCAGC	56831427	56826973	4454	56860889	-29462	56822426	-4547	-38463
ENSMUST00000022023	GCCTATTGGATTGCTCCGTGCAGC	56831427	56822641	8786	56887338	-55911	56822426	-215	-64912
ENSMUST00000022023	GCCTATTGGATTGCTCCGTGCAGC	56831427	56831450	-23	56887338	-55911	56822426	-9024	-64912
ENSMUST00000067680	ATCATTGTTACTACCATGGACATG	133998163	133975528	22635	133998157	6	133998187	22659	30
ENSMUST00000021458	TCTGTACGGCATATACTCTCCTCT	76580998	76583933	-2935	76597725	-16727	76581022	-2911	-16703
ENSMUST00000021458	TCTGTACGGCATATACTCTCCTCT	76580998	76612198	-31200	76619038	-38040	76581022	-31176	-38016
ENSMUST00000021458	TCTGTACGGCATATACTCTCCTCT	76580998	76629704	-48706	76632379	-51381	76581022	-48682	-51357
ENSMUST00000021458	TCTGTACGGCATATACTCTCCTCT	76580998	76632531	-51533	76709934	-128936	76581022	-51509	-128912
ENSMUST00000046425	CGGAGAGGAGGACGCCGCCGGACG	129641031	129634545	6486	129639228	1803	129641055	6510	1827
ENSMUST00000021603	TGTACTGGAGGACCAAACCCAAAA	101749310	101812205	-62895	101818733	-69423	101749334	-62871	-69399
ENSMUST00000044616	TTGTACCATAGATGAGAAGCGGTT	11239334	11209465	29869	11213705	25629	11239358	29893	25653
ENSMUST00000044616	TTGTACCATAGATGAGAAGCGGTT	11239334	11211932	27402	11213705	25629	11239358	27426	25653
ENSMUST00000044616	TTGTACCATAGATGAGAAGCGGTT	11239334	11228984	10350	11231652	7682	11239358	10374	7706
ENSMUST00000044616	TTGTACCATAGATGAGAAGCGGTT	11239334	11247903	-8569	11252775	-13441	11239358	-8545	-13417
ENSMUST00000021259	AGTAATACAGAGGGTGCGGAGCCC	69226185	69225133	1052	69227486	-1301	69226209	1076	-1277
ENSMUST00000011302	CGGAAGGTCGGCGGTTCGGTCCCA	113000261	112960358	39903	112961722	38539	113000285	39927	38563
ENSMUST00000084289	ATGTGATTACAAGGCATCTCCCCT	126517530	126510135	7395	126511725	5805	126517554	7419	5829
ENSMUST00000084289	ATGTGATTACAAGGCATCTCCCCT	126517530	126510135	7395	126511998	5532	126517554	7419	5556
ENSMUST00000084289	ATGTGATTACAAGGCATCTCCCCT	126517530	126510135	7395	126512519	5011	126517554	7419	5035
ENSMUST00000084289	ATGTGATTACAAGGCATCTCCCCT	126517530	126516971	559	126517375	155	126517554	583	179
ENSMUST00000084289	ATGTGATTACAAGGCATCTCCCCT	126517530	126516971	559	126520190	-2660	126517554	583	-2636
ENSMUST00000025992	GTTTTTATGCTGATCGTTTGGCAG	14969501	14969695	-194	15007695	-38194	14969525	-170	-38170
ENSMUST00000025992	GTTTTTATGCTGATCGTTTGGCAG	14969501	14974285	-4784	15007695	-38194	14969525	-4760	-38170
ENSMUST00000025992	GTTTTTATGCTGATCGTTTGGCAG	14969501	14974285	-4784	15061767	-92266	14969525	-4760	-92242
ENSMUST00000058860	GAGCTGCAGGAAGGCGGGGACGGC	30956417	30954802	1615	30956148	269	30956162	1360	14
ENSMUST00000058860	GAGCTGCAGGAAGGCGGGGACGGC	30956417	30954802	1615	30955289	1128	30956162	1360	873
ENSMUST00000058860	GAGCTGCAGGAAGGCGGGGACGGC	30956417	30954802	1615	30955799	618	30956162	1360	363
ENSMUST00000058860	GAGCTGCAGGAAGGCGGGGACGGC	30956417	30954802	1615	30955799	618	30956162	1360	363
ENSMUST00000058860	GAGCTGCAGGAAGGCGGGGACGGC	30956417	30954802	1615	30956148	269	30956162	1360	14
ENSMUST00000058860	GAGCTGCAGGAAGGCGGGGACGGC	30956417	30955193	1224	30955799	618	30956162	969	363
ENSMUST00000058860	GAGCTGCAGGAAGGCGGGGACGGC	30956417	30955440	977	30956148	269	30956162	722	14
ENSMUST00000058860	GAGCTGCAGGAAGGCGGGGACGGC	30956417	30955440	977	30956148	269	30956162	722	14
ENSMUST00000058860	GAGCTGCAGGAAGGCGGGGACGGC	30956417	30954802	1615	30956381	36	30956162	1360	-219
ENSMUST00000058860	GAGCTGCAGGAAGGCGGGGACGGC	30956417	30956267	150	30956695	-278	30956162	-105	-533
ENSMUST00000058860	GAGCTGCAGGAAGGCGGGGACGGC	30956417	30954802	1615	30956148	269	30956162	1360	14
ENSMUST00000058860	GAGCTGCAGGAAGGCGGGGACGGC	30956417	30954802	1615	30955289	1128	30956162	1360	873
ENSMUST00000058860	GAGCTGCAGGAAGGCGGGGACGGC	30956417	30954802	1615	30955799	618	30956162	1360	363
ENSMUST00000058860	GAGCTGCAGGAAGGCGGGGACGGC	30956417	30954802	1615	30955799	618	30956162	1360	363
ENSMUST00000058860	GAGCTGCAGGAAGGCGGGGACGGC	30956417	30954802	1615	30956148	269	30956162	1360	14
ENSMUST00000058860	GAGCTGCAGGAAGGCGGGGACGGC	30956417	30955193	1224	30955799	618	30956162	969	363
ENSMUST00000058860	GAGCTGCAGGAAGGCGGGGACGGC	30956417	30955440	977	30956148	269	30956162	722	14
ENSMUST00000058860	GAGCTGCAGGAAGGCGGGGACGGC	30956417	30955440	977	30956148	269	30956162	722	14
ENSMUST00000058860	GAGCTGCAGGAAGGCGGGGACGGC	30956417	30954802	1615	30956381	36	30956162	1360	-219
ENSMUST00000058860	GAGCTGCAGGAAGGCGGGGACGGC	30956417	30956267	150	30956695	-278	30956162	-105	-533
ENSMUST00000112460	TGACATTCTGGGATGTCAGTTTGT	34877757	34821223	56534	34827119	50638	34877781	56558	50662
ENSMUST00000112460	TGACATTCTGGGATGTCAGTTTGT	34877757	34827373	50384	34878523	-766	34877781	50408	-742
ENSMUST00000033547	TGGGATATCCATCTCTTGAGACTT	75786123	75799490	-13367	75800501	-14378	75786147	-13343	-14354
ENSMUST00000033547	TGGGATATCCATCTCTTGAGACTT	75786123	75805880	-19757	75826872	-40749	75786147	-19733	-40725
ENSMUST00000028883	TCAGTAGTCGAGTTGGCTGCGGGA	129688069	129688615	-546	129698435	-10366	129688093	-522	-10342
ENSMUST00000028883	TCAGTAGTCGAGTTGGCTGCGGGA	129688069	129689885	-1816	129699707	-11638	129688093	-1792	-11614
ENSMUST00000103076	GCTCAAGACAGCTACCATCCAAGG	103209465	103209871	-406	103218341	-8876	103209489	-382	-8852
ENSMUST00000191275	ACAAGATCAAGTCTTGTCATAGCT	103820406	103823406	-3000	103827906	-7500	103820430	-2976	-7476
ENSMUST00000191275	ACAAGATCAAGTCTTGTCATAGCT	103820406	103823406	-3000	103830187	-9781	103820430	-2976	-9757
ENSMUST00000191275	ACAAGATCAAGTCTTGTCATAGCT	103820406	103823406	-3000	103827906	-7500	103820430	-2976	-7476
ENSMUST00000191275	ACAAGATCAAGTCTTGTCATAGCT	103820406	103823406	-3000	103830187	-9781	103820430	-2976	-9757
ENSMUST00000191275	ACAAGATCAAGTCTTGTCATAGCT	103820406	103823406	-3000	103833497	-13091	103820430	-2976	-13067
ENSMUST00000191275	ACAAGATCAAGTCTTGTCATAGCT	103820406	103823406	-3000	103830187	-9781	103820430	-2976	-9757
ENSMUST00000191275	ACAAGATCAAGTCTTGTCATAGCT	103820406	103823406	-3000	103833497	-13091	103820430	-2976	-13067
ENSMUST00000191275	ACAAGATCAAGTCTTGTCATAGCT	103820406	103824848	-4442	103830187	-9781	103820430	-4418	-9757
ENSMUST00000191275	ACAAGATCAAGTCTTGTCATAGCT	103820406	103824926	-4520	103830187	-9781	103820430	-4496	-9757
ENSMUST00000191275	ACAAGATCAAGTCTTGTCATAGCT	103820406	103824926	-4520	103833497	-13091	103820430	-4496	-13067
ENSMUST00000191275	ACAAGATCAAGTCTTGTCATAGCT	103820406	103823406	-3000	103833497	-13091	103820430	-2976	-13067
ENSMUST00000191275	ACAAGATCAAGTCTTGTCATAGCT	103820406	103824926	-4520	103833497	-13091	103820430	-4496	-13067
ENSMUST00000191275	ACAAGATCAAGTCTTGTCATAGCT	103820406	103828023	-7617	103833497	-13091	103820430	-7593	-13067
ENSMUST00000191275	ACAAGATCAAGTCTTGTCATAGCT	103820406	103868898	-48492	103886140	-65734	103820430	-48468	-65710
ENSMUST00000058383	TTTGAAAGTTCTTGGATGACTGTA	83806016	83808892	-2876	83814721	-8705	83806040	-2852	-8681
ENSMUST00000058383	TTTGAAAGTTCTTGGATGACTGTA	83806016	83810075	-4059	83831270	-25254	83806040	-4035	-25230
ENSMUST00000058383	TTTGAAAGTTCTTGGATGACTGTA	83806016	83814869	-8853	83831634	-25618	83806040	-8829	-25594
ENSMUST00000032508	CCGGGAAAAGAAGCTCTATGCCAA	128432612	128435856	-3244	128438405	-5793	128432636	-3220	-5769
ENSMUST00000177594	CATATCATTCTGTCCCTTGAGAAT	83315445	83316934	-1489	83319413	-3968	83315469	-1465	-3944
ENSMUST00000108321	CTTGTGGCTTCAGTCCTGGGCTTA	20011514	20003431	8083	20010799	715	20011538	8107	739
ENSMUST00000108321	CTTGTGGCTTCAGTCCTGGGCTTA	20011514	20018919	-7405	20022757	-11243	20011538	-7381	-11219
ENSMUST00000108321	CTTGTGGCTTCAGTCCTGGGCTTA	20011514	20022839	-11325	20028959	-17445	20011538	-11301	-17421
ENSMUST00000108321	CTTGTGGCTTCAGTCCTGGGCTTA	20011514	20025920	-14406	20028959	-17445	20011538	-14382	-17421
ENSMUST00000108321	CTTGTGGCTTCAGTCCTGGGCTTA	20011514	20030409	-18895	20035048	-23534	20011538	-18871	-23510
ENSMUST00000040468	AAGCCAGATTTATTGAAGACTACC	46578486	46581650	-3164	46586606	-8120	46578510	-3140	-8096
ENSMUST00000040468	AAGCCAGATTTATTGAAGACTACC	46578486	46605214	-26728	46610439	-31953	46578510	-26704	-31929
ENSMUST00000094646	GAAATTGAAACGGGGCTAAAGCTA	106769879	106780660	-10781	106786702	-16823	106769903	-10757	-16799
ENSMUST00000094646	GAAATTGAAACGGGGCTAAAGCTA	106769879	106780660	-10781	106786702	-16823	106769903	-10757	-16799
ENSMUST00000169397	GTGCTGCCTGAGCTATTGAGAGAG	34028968	34030734	-1766	34031547	-2579	34028992	-1742	-2555
ENSMUST00000081619	GCTTCGGCAAGACCTCGGGCACCG	47261602	47268936	-7334	47272007	-10405	47261626	-7310	-10381
ENSMUST00000081619	GCTTCGGCAAGACCTCGGGCACCG	47261602	47278430	-16828	47286604	-25002	47261626	-16804	-24978
ENSMUST00000081619	GCTTCGGCAAGACCTCGGGCACCG	47261602	47314166	-52564	47343439	-81837	47261626	-52540	-81813
ENSMUST00000081619	GCTTCGGCAAGACCTCGGGCACCG	47261602	47314166	-52564	47364622	-103020	47261626	-52540	-102996
ENSMUST00000033717	CCTGAGAAAGCTGTTAAAACTATT	169311774	169315721	-3947	169316995	-5221	169311798	-3923	-5197
ENSMUST00000154376	TGGTCTTGACTGGAGCACGCTTAT	37022492	37025087	-2595	37054259	-31767	37022516	-2571	-31743
ENSMUST00000154376	TGGTCTTGACTGGAGCACGCTTAT	37022492	37044703	-22211	37068172	-45680	37022516	-22187	-45656
ENSMUST00000154376	TGGTCTTGACTGGAGCACGCTTAT	37022492	37088560	-66068	37126331	-103839	37022516	-66044	-103815
ENSMUST00000154376	TGGTCTTGACTGGAGCACGCTTAT	37022492	37088587	-66095	37126331	-103839	37022516	-66071	-103815
ENSMUST00000154376	TGGTCTTGACTGGAGCACGCTTAT	37022492	37088587	-66095	37139130	-116638	37022516	-66071	-116614
ENSMUST00000154376	TGGTCTTGACTGGAGCACGCTTAT	37022492	37126388	-103896	37173966	-151474	37022516	-103872	-151450
ENSMUST00000154376	TGGTCTTGACTGGAGCACGCTTAT	37022492	37126388	-103896	37173966	-151474	37022516	-103872	-151450
ENSMUST00000154376	TGGTCTTGACTGGAGCACGCTTAT	37022492	37139221	-116729	37207294	-184802	37022516	-116705	-184778
ENSMUST00000121759	GCAATTCGGATGCTCTTCCACACC	90964293	90939034	25259	90944354	19939	90964317	25283	19963
ENSMUST00000121759	GCAATTCGGATGCTCTTCCACACC	90964293	90939034	25259	90944354	19939	90964317	25283	19963
ENSMUST00000121759	GCAATTCGGATGCTCTTCCACACC	90964293	90946862	17431	90948065	16228	90964317	17455	16252
ENSMUST00000121759	GCAATTCGGATGCTCTTCCACACC	90964293	90946862	17431	90949698	14595	90964317	17455	14619
ENSMUST00000121759	GCAATTCGGATGCTCTTCCACACC	90964293	90946862	17431	90950350	13943	90964317	17455	13967
ENSMUST00000121759	GCAATTCGGATGCTCTTCCACACC	90964293	90946862	17431	90949698	14595	90964317	17455	14619
ENSMUST00000121759	GCAATTCGGATGCTCTTCCACACC	90964293	90946862	17431	90950350	13943	90964317	17455	13967
ENSMUST00000121759	GCAATTCGGATGCTCTTCCACACC	90964293	90947053	17240	90949698	14595	90964317	17264	14619
ENSMUST00000121759	GCAATTCGGATGCTCTTCCACACC	90964293	90947053	17240	90950350	13943	90964317	17264	13967
ENSMUST00000121759	GCAATTCGGATGCTCTTCCACACC	90964293	90946862	17431	90950350	13943	90964317	17455	13967
ENSMUST00000121759	GCAATTCGGATGCTCTTCCACACC	90964293	90947053	17240	90950350	13943	90964317	17264	13967
ENSMUST00000121759	GCAATTCGGATGCTCTTCCACACC	90964293	90948113	16180	90950350	13943	90964317	16204	13967
ENSMUST00000121759	GCAATTCGGATGCTCTTCCACACC	90964293	90963976	317	90964504	-211	90964317	341	-187
ENSMUST00000121759	GCAATTCGGATGCTCTTCCACACC	90964293	90964405	-112	90967299	-3006	90964317	-88	-2982
ENSMUST00000121759	GCAATTCGGATGCTCTTCCACACC	90964293	90969374	-5081	90973909	-9616	90964317	-5057	-9592
ENSMUST00000121759	GCAATTCGGATGCTCTTCCACACC	90964293	90976751	-12458	90979750	-15457	90964317	-12434	-15433
ENSMUST00000121759	GCAATTCGGATGCTCTTCCACACC	90964293	90978770	-14477	90980948	-16655	90964317	-14453	-16631
ENSMUST00000121759	GCAATTCGGATGCTCTTCCACACC	90964293	90981869	-17576	90988141	-23848	90964317	-17552	-23824
ENSMUST00000121759	GCAATTCGGATGCTCTTCCACACC	90964293	90981869	-17576	90991379	-27086	90964317	-17552	-27062
ENSMUST00000121759	GCAATTCGGATGCTCTTCCACACC	90964293	90994027	-29734	91010972	-46679	90964317	-29710	-46655
ENSMUST00000210317	TGACCTTAATTAAGCAACACCAGG	13179393	13177142	2251	13179582	-189	13179417	2275	-165
ENSMUST00000210317	TGACCTTAATTAAGCAACACCAGG	13179393	13179508	-115	13186882	-7489	13179417	-91	-7465
ENSMUST00000066285	CAGAGAGGAAGTTCCACAGCTTTG	58825319	58806112	19207	58820999	4320	58825343	19231	4344
ENSMUST00000066285	CAGAGAGGAAGTTCCACAGCTTTG	58825319	58822168	3151	58827555	-2236	58825343	3175	-2212
ENSMUST00000066285	CAGAGAGGAAGTTCCACAGCTTTG	58825319	58825437	-118	58860846	-35527	58825343	-94	-35503
ENSMUST00000066285	CAGAGAGGAAGTTCCACAGCTTTG	58825319	58827680	-2361	58860846	-35527	58825343	-2337	-35503
ENSMUST00000173135	ACCCGGCTAAGCATGGGGAGCAGC	88936251	88925411	10840	88927010	9241	88933587	8176	6577
ENSMUST00000173135	ACCCGGCTAAGCATGGGGAGCAGC	88936251	88925411	10840	88928208	8043	88933587	8176	5379
ENSMUST00000173135	ACCCGGCTAAGCATGGGGAGCAGC	88936251	88925411	10840	88929395	6856	88933587	8176	4192
ENSMUST00000173135	ACCCGGCTAAGCATGGGGAGCAGC	88936251	88927070	9181	88928446	7805	88933587	6517	5141
ENSMUST00000173135	ACCCGGCTAAGCATGGGGAGCAGC	88936251	88927070	9181	88929395	6856	88933587	6517	4192
ENSMUST00000173135	ACCCGGCTAAGCATGGGGAGCAGC	88936251	88925411	10840	88930475	5776	88933587	8176	3112
ENSMUST00000173135	ACCCGGCTAAGCATGGGGAGCAGC	88936251	88925411	10840	88933564	2687	88933587	8176	23
ENSMUST00000173135	ACCCGGCTAAGCATGGGGAGCAGC	88936251	88928527	7724	88930475	5776	88933587	5060	3112
ENSMUST00000173135	ACCCGGCTAAGCATGGGGAGCAGC	88936251	88929526	6725	88930911	5340	88933587	4061	2676
ENSMUST00000173135	ACCCGGCTAAGCATGGGGAGCAGC	88936251	88929526	6725	88933564	2687	88933587	4061	23
ENSMUST00000173135	ACCCGGCTAAGCATGGGGAGCAGC	88936251	88929526	6725	88942774	-6523	88933587	4061	-9187
ENSMUST00000173135	ACCCGGCTAAGCATGGGGAGCAGC	88936251	88929526	6725	88942774	-6523	88933587	4061	-9187
ENSMUST00000173135	ACCCGGCTAAGCATGGGGAGCAGC	88936251	88931020	5231	88936148	103	88933587	2567	-2561
ENSMUST00000173135	ACCCGGCTAAGCATGGGGAGCAGC	88936251	88931020	5231	88942774	-6523	88933587	2567	-9187
ENSMUST00000173135	ACCCGGCTAAGCATGGGGAGCAGC	88936251	88931020	5231	88949867	-13616	88933587	2567	-16280
ENSMUST00000173135	ACCCGGCTAAGCATGGGGAGCAGC	88936251	88931020	5231	88942774	-6523	88933587	2567	-9187
ENSMUST00000173135	ACCCGGCTAAGCATGGGGAGCAGC	88936251	88931020	5231	88949867	-13616	88933587	2567	-16280
ENSMUST00000173135	ACCCGGCTAAGCATGGGGAGCAGC	88936251	88933666	2585	88942774	-6523	88933587	-79	-9187
ENSMUST00000173135	ACCCGGCTAAGCATGGGGAGCAGC	88936251	88933666	2585	88949867	-13616	88933587	-79	-16280
ENSMUST00000173135	ACCCGGCTAAGCATGGGGAGCAGC	88936251	88931020	5231	88949867	-13616	88933587	2567	-16280
ENSMUST00000173135	ACCCGGCTAAGCATGGGGAGCAGC	88936251	88933666	2585	88949867	-13616	88933587	-79	-16280
ENSMUST00000173135	ACCCGGCTAAGCATGGGGAGCAGC	88936251	88936253	-2	88949867	-13616	88933587	-2666	-16280
ENSMUST00000193763	GAGAAGTCAGCTGAGTCTTGTGAT	36585923	36563020	22903	36564830	21093	36585947	22927	21117
ENSMUST00000193763	GAGAAGTCAGCTGAGTCTTGTGAT	36585923	36563020	22903	36578518	7405	36585947	22927	7429
ENSMUST00000193763	GAGAAGTCAGCTGAGTCTTGTGAT	36585923	36563020	22903	36578518	7405	36585947	22927	7429
ENSMUST00000193763	GAGAAGTCAGCTGAGTCTTGTGAT	36585923	36564482	21441	36578518	7405	36585947	21465	7429
ENSMUST00000193763	GAGAAGTCAGCTGAGTCTTGTGAT	36585923	36564908	21015	36585915	8	36585947	21039	32
ENSMUST00000193763	GAGAAGTCAGCTGAGTCTTGTGAT	36585923	36578644	7279	36589236	-3313	36585947	7303	-3289
ENSMUST00000015449	AGGGCCTGAGTGGACGATCCCCAC	8733660	8739471	-5811	8741427	-7767	8733684	-5787	-7743
ENSMUST00000015449	AGGGCCTGAGTGGACGATCCCCAC	8733660	8756761	-23101	8784197	-50537	8733684	-23077	-50513
ENSMUST00000015449	AGGGCCTGAGTGGACGATCCCCAC	8733660	8786434	-52774	8814240	-80580	8733684	-52750	-80556
ENSMUST00000015449	AGGGCCTGAGTGGACGATCCCCAC	8733660	8789601	-55941	8885723	-152063	8733684	-55917	-152039
ENSMUST00000015449	AGGGCCTGAGTGGACGATCCCCAC	8733660	8814457	-80797	8885723	-152063	8733684	-80773	-152039
ENSMUST00000099512	CTGCTCTGAAGGAACTCGGCAAAG	94267396	94268698	-1302	94313517	-46121	94267420	-1278	-46097
ENSMUST00000042766	AGAACAGGAAATGTCAAAAGTGACT	57508419	57514076	-5657	57515592	-7173	57508444	-5632	-7148
ENSMUST00000042766	AGAACAGGAAATGTCAAAAGTGACT	57508419	57515758	-7339	57524736	-16317	57508444	-7314	-16292
ENSMUST00000023006	TTGCATCAGCAAGAAATAGAAAGGC	66489545	66380571	108974	66437594	51951	66489570	108999	51976
ENSMUST00000023006	TTGCATCAGCAAGAAATAGAAAGGC	66489545	66438425	51120	66447593	41952	66489570	51145	41977
ENSMUST00000023006	TTGCATCAGCAAGAAATAGAAAGGC	66489545	66449634	39911	66469816	19729	66489570	39936	19754
ENSMUST00000023006	TTGCATCAGCAAGAAATAGAAAGGC	66489545	66469989	19556	66489472	73	66489570	19581	98
ENSMUST00000023006	TTGCATCAGCAAGAAATAGAAAGGC	66489545	66469989	19556	66500774	-11229	66489570	19581	-11204
ENSMUST00000066640	AAGGAGGTGCTGACAATAGGAAATT	151029846	151030916	-1070	151039236	-9390	151029871	-1045	-9365
ENSMUST00000078308	TGGGGTATAGCTCAGTTGGCAGAGT	157137899	157158837	-20938	157163702	-25803	157137924	-20913	-25778
ENSMUST00000078308	TGGGGTATAGCTCAGTTGGCAGAGT	157137899	157179252	-41353	157230038	-92139	157137924	-41328	-92114
ENSMUST00000078308	TGGGGTATAGCTCAGTTGGCAGAGT	157137899	157230145	-92246	157299136	-161237	157137924	-92221	-161212
ENSMUST00000030886	ACCACTGGAGGTTCCGCCCCTGCTG	147868523	147862949	5574	147865188	3335	147868548	5599	3360
ENSMUST00000030886	ACCACTGGAGGTTCCGCCCCTGCTG	147868523	147866014	2509	147868368	155	147868548	2534	180
ENSMUST00000030886	ACCACTGGAGGTTCCGCCCCTGCTG	147868523	147866419	2104	147868068	455	147868548	2129	480
ENSMUST00000030886	ACCACTGGAGGTTCCGCCCCTGCTG	147868523	147866419	2104	147868368	155	147868548	2129	180
ENSMUST00000030886	ACCACTGGAGGTTCCGCCCCTGCTG	147868523	147866419	2104	147868368	155	147868548	2129	180
ENSMUST00000156473	CCACTGGCTCAGAATGAACGCTGTC	101213790	101102435	111355	101214400	-610	101213815	111380	-585
ENSMUST00000156473	CCACTGGCTCAGAATGAACGCTGTC	101213790	101102435	111355	101222261	-8471	101213815	111380	-8446
ENSMUST00000156473	CCACTGGCTCAGAATGAACGCTGTC	101213790	101213864	-74	101215482	-1692	101213815	-49	-1667
ENSMUST00000156473	CCACTGGCTCAGAATGAACGCTGTC	101213790	101214525	-735	101222261	-8471	101213815	-710	-8446
ENSMUST00000047534	TTTTTGAGAAGTTTAGGAAGGTTGC	34814927	34817404	-2477	34819591	-4664	34814952	-2452	-4639
ENSMUST00000047534	TTTTTGAGAAGTTTAGGAAGGTTGC	34814927	34817404	-2477	34819866	-4939	34814952	-2452	-4914
ENSMUST00000047534	TTTTTGAGAAGTTTAGGAAGGTTGC	34814927	34817404	-2477	34819866	-4939	34814952	-2452	-4914
ENSMUST00000047534	TTTTTGAGAAGTTTAGGAAGGTTGC	34814927	34818126	-3199	34819866	-4939	34814952	-3174	-4914
ENSMUST00000047534	TTTTTGAGAAGTTTAGGAAGGTTGC	34814927	34818126	-3199	34828766	-13839	34814952	-3174	-13814
ENSMUST00000047534	TTTTTGAGAAGTTTAGGAAGGTTGC	34814927	34817404	-2477	34819866	-4939	34814952	-2452	-4914
ENSMUST00000047534	TTTTTGAGAAGTTTAGGAAGGTTGC	34814927	34818126	-3199	34819866	-4939	34814952	-3174	-4914
ENSMUST00000047534	TTTTTGAGAAGTTTAGGAAGGTTGC	34814927	34819769	-4842	34828766	-13839	34814952	-4817	-13814
ENSMUST00000047534	TTTTTGAGAAGTTTAGGAAGGTTGC	34814927	34818126	-3199	34828766	-13839	34814952	-3174	-13814
ENSMUST00000047534	TTTTTGAGAAGTTTAGGAAGGTTGC	34814927	34819769	-4842	34824019	-9092	34814952	-4817	-9067
ENSMUST00000047534	TTTTTGAGAAGTTTAGGAAGGTTGC	34814927	34819769	-4842	34828766	-13839	34814952	-4817	-13814
ENSMUST00000047534	TTTTTGAGAAGTTTAGGAAGGTTGC	34814927	34818126	-3199	34828766	-13839	34814952	-3174	-13814
ENSMUST00000047534	TTTTTGAGAAGTTTAGGAAGGTTGC	34814927	34819769	-4842	34824019	-9092	34814952	-4817	-9067
ENSMUST00000047534	TTTTTGAGAAGTTTAGGAAGGTTGC	34814927	34819769	-4842	34828766	-13839	34814952	-4817	-13814
ENSMUST00000047534	TTTTTGAGAAGTTTAGGAAGGTTGC	34814927	34819769	-4842	34828766	-13839	34814952	-4817	-13814
ENSMUST00000047534	TTTTTGAGAAGTTTAGGAAGGTTGC	34814927	34819963	-5036	34828766	-13839	34814952	-5011	-13814
ENSMUST00000047534	TTTTTGAGAAGTTTAGGAAGGTTGC	34814927	34820009	-5082	34828766	-13839	34814952	-5057	-13814
ENSMUST00000047534	TTTTTGAGAAGTTTAGGAAGGTTGC	34814927	34820009	-5082	34836732	-21805	34814952	-5057	-21780
ENSMUST00000047534	TTTTTGAGAAGTTTAGGAAGGTTGC	34814927	34820009	-5082	34842827	-27900	34814952	-5057	-27875
ENSMUST00000029741	TAAATTAGCCCCGACCCTGAGTTCT	96727608	96712060	15548	96714094	13514	96725839	13779	11745
ENSMUST00000029741	TAAATTAGCCCCGACCCTGAGTTCT	96727608	96716480	11128	96719233	8375	96725839	9359	6606
ENSMUST00000029741	TAAATTAGCCCCGACCCTGAGTTCT	96727608	96716480	11128	96719233	8375	96725839	9359	6606
ENSMUST00000029741	TAAATTAGCCCCGACCCTGAGTTCT	96727608	96719565	8043	96727348	260	96725839	6274	-1509
ENSMUST00000029741	TAAATTAGCCCCGACCCTGAGTTCT	96727608	96722625	4983	96723796	3812	96725839	3214	2043
ENSMUST00000029741	TAAATTAGCCCCGACCCTGAGTTCT	96727608	96722625	4983	96727348	260	96725839	3214	-1509
ENSMUST00000029741	TAAATTAGCCCCGACCCTGAGTTCT	96727608	96722625	4983	96727348	260	96725839	3214	-1509
ENSMUST00000029741	TAAATTAGCCCCGACCCTGAGTTCT	96727608	96724052	3556	96727348	260	96725839	1787	-1509
ENSMUST00000166495	GGTGTGGTGCTGCATGGCTGTCCTC	18215661	18231823	-16162	18293953	-78292	18215686	-16137	-78267
ENSMUST00000166495	GGTGTGGTGCTGCATGGCTGTCCTC	18215661	18231823	-16162	18306972	-91311	18215686	-16137	-91286
ENSMUST00000166495	GGTGTGGTGCTGCATGGCTGTCCTC	18215661	18231823	-16162	18306972	-91311	18215686	-16137	-91286
ENSMUST00000166495	GGTGTGGTGCTGCATGGCTGTCCTC	18215661	18231823	-16162	18392290	-176629	18215686	-16137	-176604
ENSMUST00000166495	GGTGTGGTGCTGCATGGCTGTCCTC	18215661	18284786	-69125	18306972	-91311	18215686	-69100	-91286
ENSMUST00000166495	GGTGTGGTGCTGCATGGCTGTCCTC	18215661	18294044	-78383	18307914	-92253	18215686	-78358	-92228
ENSMUST00000166495	GGTGTGGTGCTGCATGGCTGTCCTC	18215661	18231823	-16162	18316898	-101237	18215686	-16137	-101212
ENSMUST00000166495	GGTGTGGTGCTGCATGGCTGTCCTC	18215661	18308949	-93288	18316898	-101237	18215686	-93263	-101212
ENSMUST00000166495	GGTGTGGTGCTGCATGGCTGTCCTC	18215661	18231823	-16162	18392290	-176629	18215686	-16137	-176604
ENSMUST00000111752	TTCTCCTATGATCTGAGCCAGGTAC	121858157	121884823	-26666	121887353	-29196	121858182	-26641	-29171
ENSMUST00000111752	TTCTCCTATGATCTGAGCCAGGTAC	121858157	121887488	-29331	121921313	-63156	121858182	-29306	-63131
ENSMUST00000111752	TTCTCCTATGATCTGAGCCAGGTAC	121858157	121887488	-29331	122047570	-189413	121858182	-29306	-189388
ENSMUST00000111752	TTCTCCTATGATCTGAGCCAGGTAC	121858157	121898355	-40198	122002230	-144073	121858182	-40173	-144048
ENSMUST00000111752	TTCTCCTATGATCTGAGCCAGGTAC	121858157	121898355	-40198	122043769	-185612	121858182	-40173	-185587
ENSMUST00000111752	TTCTCCTATGATCTGAGCCAGGTAC	121858157	121898355	-40198	122049775	-191618	121858182	-40173	-191593
ENSMUST00000111752	TTCTCCTATGATCTGAGCCAGGTAC	121858157	121921361	-63204	122002230	-144073	121858182	-63179	-144048
ENSMUST00000111752	TTCTCCTATGATCTGAGCCAGGTAC	121858157	121921361	-63204	122043769	-185612	121858182	-63179	-185587
ENSMUST00000111752	TTCTCCTATGATCTGAGCCAGGTAC	121858157	121921361	-63204	122049775	-191618	121858182	-63179	-191593
ENSMUST00000111752	TTCTCCTATGATCTGAGCCAGGTAC	121858157	121898355	-40198	122047570	-189413	121858182	-40173	-189388
ENSMUST00000111752	TTCTCCTATGATCTGAGCCAGGTAC	121858157	121898355	-40198	122049775	-191618	121858182	-40173	-191593
ENSMUST00000111752	TTCTCCTATGATCTGAGCCAGGTAC	121858157	121921361	-63204	122049775	-191618	121858182	-63179	-191593
ENSMUST00000111752	TTCTCCTATGATCTGAGCCAGGTAC	121858157	121924915	-66758	122047570	-189413	121858182	-66733	-189388
ENSMUST00000111752	TTCTCCTATGATCTGAGCCAGGTAC	121858157	121924915	-66758	122049775	-191618	121858182	-66733	-191593
ENSMUST00000111752	TTCTCCTATGATCTGAGCCAGGTAC	121858157	121924915	-66758	122050015	-191858	121858182	-66733	-191833
ENSMUST00000066640	AGGAGGTGCTGACAATAGGAAATTG	151029847	151030916	-1069	151039236	-9389	151029872	-1044	-9364
ENSMUST00000118077	ATCCCGGCCAGCATCTCATCGGCCT	93993560	93993654	-94	93996837	-3277	93993585	-69	-3252
ENSMUST00000118077	ATCCCGGCCAGCATCTCATCGGCCT	93993560	93993666	-106	93996837	-3277	93993585	-81	-3252
ENSMUST00000118077	ATCCCGGCCAGCATCTCATCGGCCT	93993560	93993654	-94	94000350	-6790	93993585	-69	-6765
ENSMUST00000034057	CTGAAACTGAAGATTTTGACTCTGA	61877145	61533575	343570	61535685	341460	61877170	343595	341485
ENSMUST00000094646	AAATTGAAACGGGGCTAAAGCTAAT	106769880	106780660	-10780	106786702	-16822	106769905	-10755	-16797
ENSMUST00000094646	AAATTGAAACGGGGCTAAAGCTAAT	106769880	106780660	-10780	106786702	-16822	106769905	-10755	-16797
ENSMUST00000007482	GGCGTAGTCTCGTTTAAATGGGTTA	6054191	6055200	-1009	6057658	-3467	6054216	-984	-3442
ENSMUST00000007482	GGCGTAGTCTCGTTTAAATGGGTTA	6054191	6055200	-1009	6057658	-3467	6054216	-984	-3442
ENSMUST00000212510	TTGCAATTCTTCAATCTGTAAAAGC	143671356	143608557	62799	143615302	56054	143671381	62824	56079
ENSMUST00000212510	TTGCAATTCTTCAATCTGTAAAAGC	143671356	143609511	61845	143617278	54078	143671381	61870	54103
ENSMUST00000212510	TTGCAATTCTTCAATCTGTAAAAGC	143671356	143627881	43475	143667624	3732	143671381	43500	3757
ENSMUST00000212510	TTGCAATTCTTCAATCTGTAAAAGC	143671356	143670068	1288	143677638	-6282	143671381	1313	-6257
ENSMUST00000212510	TTGCAATTCTTCAATCTGTAAAAGC	143671356	143677855	-6499	143691274	-19918	143671381	-6474	-19893
ENSMUST00000020123	AGTCCAGGGTGGGGTCGGCAGTTTG	91161006	91151797	9209	91153084	7922	91161031	9234	7947
ENSMUST00000020123	AGTCCAGGGTGGGGTCGGCAGTTTG	91161006	91151797	9209	91158747	2259	91161031	9234	2284
ENSMUST00000020123	AGTCCAGGGTGGGGTCGGCAGTTTG	91161006	91151797	9209	91158747	2259	91161031	9234	2284
ENSMUST00000020123	AGTCCAGGGTGGGGTCGGCAGTTTG	91161006	91152738	8268	91158747	2259	91161031	8293	2284
ENSMUST00000020123	AGTCCAGGGTGGGGTCGGCAGTTTG	91161006	91153180	7826	91158747	2259	91161031	7851	2284
ENSMUST00000114059	TCCTGGGATATCCATCTCTTGAGAC	75786111	75799490	-13379	75800501	-14390	75786136	-13354	-14365
ENSMUST00000114059	TCCTGGGATATCCATCTCTTGAGAC	75786111	75805880	-19769	75826872	-40761	75786136	-19744	-40736
ENSMUST00000114438	TGTTTTCTGTTTTGTGGGCCTGCTC	73795354	73796477	-1123	73798193	-2839	73795379	-1098	-2814
ENSMUST00000114438	TGTTTTCTGTTTTGTGGGCCTGCTC	73795354	73796477	-1123	73798757	-3403	73795379	-1098	-3378
ENSMUST00000114438	TGTTTTCTGTTTTGTGGGCCTGCTC	73795354	73796477	-1123	73799833	-4479	73795379	-1098	-4454
ENSMUST00000114438	TGTTTTCTGTTTTGTGGGCCTGCTC	73795354	73796477	-1123	73824281	-28927	73795379	-1098	-28902
ENSMUST00000114438	TGTTTTCTGTTTTGTGGGCCTGCTC	73795354	73796477	-1123	73798757	-3403	73795379	-1098	-3378
ENSMUST00000114438	TGTTTTCTGTTTTGTGGGCCTGCTC	73795354	73796477	-1123	73799833	-4479	73795379	-1098	-4454
ENSMUST00000114438	TGTTTTCTGTTTTGTGGGCCTGCTC	73795354	73796477	-1123	73824281	-28927	73795379	-1098	-28902
ENSMUST00000114438	TGTTTTCTGTTTTGTGGGCCTGCTC	73795354	73796892	-1538	73798757	-3403	73795379	-1513	-3378
ENSMUST00000114438	TGTTTTCTGTTTTGTGGGCCTGCTC	73795354	73796892	-1538	73799833	-4479	73795379	-1513	-4454
ENSMUST00000114438	TGTTTTCTGTTTTGTGGGCCTGCTC	73795354	73796892	-1538	73824281	-28927	73795379	-1513	-28902
ENSMUST00000114438	TGTTTTCTGTTTTGTGGGCCTGCTC	73795354	73796477	-1123	73799833	-4479	73795379	-1098	-4454
ENSMUST00000114438	TGTTTTCTGTTTTGTGGGCCTGCTC	73795354	73796477	-1123	73824281	-28927	73795379	-1098	-28902
ENSMUST00000114438	TGTTTTCTGTTTTGTGGGCCTGCTC	73795354	73796892	-1538	73799833	-4479	73795379	-1513	-4454
ENSMUST00000114438	TGTTTTCTGTTTTGTGGGCCTGCTC	73795354	73796892	-1538	73824281	-28927	73795379	-1513	-28902
ENSMUST00000114438	TGTTTTCTGTTTTGTGGGCCTGCTC	73795354	73798292	-2938	73799833	-4479	73795379	-2913	-4454
ENSMUST00000114438	TGTTTTCTGTTTTGTGGGCCTGCTC	73795354	73798292	-2938	73824281	-28927	73795379	-2913	-28902
ENSMUST00000114438	TGTTTTCTGTTTTGTGGGCCTGCTC	73795354	73796477	-1123	73824281	-28927	73795379	-1098	-28902
ENSMUST00000114438	TGTTTTCTGTTTTGTGGGCCTGCTC	73795354	73796892	-1538	73824281	-28927	73795379	-1513	-28902
ENSMUST00000114438	TGTTTTCTGTTTTGTGGGCCTGCTC	73795354	73798292	-2938	73824281	-28927	73795379	-2913	-28902
ENSMUST00000114438	TGTTTTCTGTTTTGTGGGCCTGCTC	73795354	73798848	-3494	73824281	-28927	73795379	-3469	-28902
ENSMUST00000108173	GAAAAACTTCTGCATGACTTGTTCG	82812422	82810218	2204	82812399	23	82812447	2229	48
ENSMUST00000108173	GAAAAACTTCTGCATGACTTGTTCG	82812422	82818603	-6181	82871007	-58585	82812447	-6156	-58560
ENSMUST00000122091	CGTTGCATTAATCTCAAAAGATTAG	64137735	64147406	-9671	64149398	-11663	64137760	-9646	-11638
ENSMUST00000122091	CGTTGCATTAATCTCAAAAGATTAG	64137735	64160976	-23241	64162563	-24828	64137760	-23216	-24803
ENSMUST00000122091	CGTTGCATTAATCTCAAAAGATTAG	64137735	64162759	-25024	64165362	-27627	64137760	-24999	-27602
ENSMUST00000122091	CGTTGCATTAATCTCAAAAGATTAG	64137735	64162763	-25028	64165362	-27627	64137760	-25003	-27602
ENSMUST00000122091	CGTTGCATTAATCTCAAAAGATTAG	64137735	64164465	-26730	64165362	-27627	64137760	-26705	-27602
ENSMUST00000122091	CGTTGCATTAATCTCAAAAGATTAG	64137735	64168664	-30929	64172817	-35082	64137760	-30904	-35057
ENSMUST00000004565	AGTCTCTGGCAAGACCCCCCTCATC	119470955	119478123	-7168	119504576	-33621	119470980	-7143	-33596
ENSMUST00000108659	GATGTGGTGAACATCATGACCAACT	69498709	69484066	14643	69486958	11751	69498734	14668	11776
ENSMUST00000108659	GATGTGGTGAACATCATGACCAACT	69498709	69495264	3445	69497813	896	69498734	3470	921
ENSMUST00000108659	GATGTGGTGAACATCATGACCAACT	69498709	69516680	-17971	69518275	-19566	69498734	-17946	-19541
ENSMUST00000108659	GATGTGGTGAACATCATGACCAACT	69498709	69529553	-30844	69544376	-45667	69498734	-30819	-45642
ENSMUST00000112703	GGAGGGGCTCATGGAGGACAGACGG	120334832	120329459	5373	120334768	64	120334857	5398	89
ENSMUST00000112703	GGAGGGGCTCATGGAGGACAGACGG	120334832	120334917	-85	120339134	-4302	120334857	-60	-4277
ENSMUST00000112703	GGAGGGGCTCATGGAGGACAGACGG	120334832	120334917	-85	120341972	-7140	120334857	-60	-7115
ENSMUST00000112703	GGAGGGGCTCATGGAGGACAGACGG	120334832	120334917	-85	120341972	-7140	120334857	-60	-7115
ENSMUST00000112703	GGAGGGGCTCATGGAGGACAGACGG	120334832	120338160	-3328	120341972	-7140	120334857	-3303	-7115
ENSMUST00000021282	CATTTTCTTCTCCTGAACTCCAAGCC	68985733	68993038	-7305	68993565	-7832	68985759	-7279	-7806
ENSMUST00000021282	CATTTTCTTCTCCTGAACTCCAAGCC	68985733	68993038	-7305	68993807	-8074	68985759	-7279	-8048
ENSMUST00000239411	AATGATCTCTGGAATACATTATCAGA	114504223	114518196	-13973	114588426	-84203	114503001	-15195	-85425
ENSMUST00000239411	AATGATCTCTGGAATACATTATCAGA	114504223	114588540	-84317	114696010	-191787	114503001	-85539	-193009
ENSMUST00000239411	AATGATCTCTGGAATACATTATCAGA	114504223	114588540	-84317	114787941	-283718	114503001	-85539	-284940
ENSMUST00000239411	AATGATCTCTGGAATACATTATCAGA	114504223	114588540	-84317	114787941	-283718	114503001	-85539	-284940
ENSMUST00000239411	AATGATCTCTGGAATACATTATCAGA	114504223	114592206	-87983	114787941	-283718	114503001	-89205	-284940
ENSMUST00000239411	AATGATCTCTGGAATACATTATCAGA	114504223	114518196	-13973	114588426	-84203	114503001	-15195	-85425
ENSMUST00000239411	AATGATCTCTGGAATACATTATCAGA	114504223	114588540	-84317	114696010	-191787	114503001	-85539	-193009
ENSMUST00000239411	AATGATCTCTGGAATACATTATCAGA	114504223	114588540	-84317	114787941	-283718	114503001	-85539	-284940
ENSMUST00000239411	AATGATCTCTGGAATACATTATCAGA	114504223	114588540	-84317	114787941	-283718	114503001	-85539	-284940
ENSMUST00000239411	AATGATCTCTGGAATACATTATCAGA	114504223	114592206	-87983	114787941	-283718	114503001	-89205	-284940
ENSMUST00000166495	TGGTGCTGCATGGCTGTCCTCCCAGA	18215665	18231823	-16158	18293953	-78288	18215691	-16132	-78262
ENSMUST00000166495	TGGTGCTGCATGGCTGTCCTCCCAGA	18215665	18231823	-16158	18306972	-91307	18215691	-16132	-91281
ENSMUST00000166495	TGGTGCTGCATGGCTGTCCTCCCAGA	18215665	18231823	-16158	18306972	-91307	18215691	-16132	-91281
ENSMUST00000166495	TGGTGCTGCATGGCTGTCCTCCCAGA	18215665	18231823	-16158	18392290	-176625	18215691	-16132	-176599
ENSMUST00000166495	TGGTGCTGCATGGCTGTCCTCCCAGA	18215665	18284786	-69121	18306972	-91307	18215691	-69095	-91281
ENSMUST00000166495	TGGTGCTGCATGGCTGTCCTCCCAGA	18215665	18294044	-78379	18307914	-92249	18215691	-78353	-92223
ENSMUST00000166495	TGGTGCTGCATGGCTGTCCTCCCAGA	18215665	18231823	-16158	18316898	-101233	18215691	-16132	-101207
ENSMUST00000166495	TGGTGCTGCATGGCTGTCCTCCCAGA	18215665	18308949	-93284	18316898	-101233	18215691	-93258	-101207
ENSMUST00000166495	TGGTGCTGCATGGCTGTCCTCCCAGA	18215665	18231823	-16158	18392290	-176625	18215691	-16132	-176599
ENSMUST00000022765	ATTTCTCATTGCTCTTCTGTCCTGCC	52263526	52264767	-1241	52275442	-11916	52263552	-1215	-11890
ENSMUST00000022765	ATTTCTCATTGCTCTTCTGTCCTGCC	52263526	52266301	-2775	52275442	-11916	52263552	-2749	-11890
ENSMUST00000022765	ATTTCTCATTGCTCTTCTGTCCTGCC	52263526	52268734	-5208	52275442	-11916	52263552	-5182	-11890
ENSMUST00000022765	ATTTCTCATTGCTCTTCTGTCCTGCC	52263526	52268734	-5208	52275442	-11916	52263552	-5182	-11890
ENSMUST00000022765	ATTTCTCATTGCTCTTCTGTCCTGCC	52263526	52264767	-1241	52275442	-11916	52263552	-1215	-11890
ENSMUST00000022765	ATTTCTCATTGCTCTTCTGTCCTGCC	52263526	52266301	-2775	52275442	-11916	52263552	-2749	-11890
ENSMUST00000022765	ATTTCTCATTGCTCTTCTGTCCTGCC	52263526	52268734	-5208	52275442	-11916	52263552	-5182	-11890
ENSMUST00000022765	ATTTCTCATTGCTCTTCTGTCCTGCC	52263526	52268734	-5208	52275442	-11916	52263552	-5182	-11890
ENSMUST00000171143	GGAATATAGCTCAGTTGGTAGAGTGT	108973002	108980294	-7292	108985311	-12309	108973028	-7266	-12283
ENSMUST00000064405	TTAAATGTTAATTGATGGGGTTAGTT	63543865	63546236	-2371	63566578	-22713	63543891	-2345	-22687
ENSMUST00000064405	TTAAATGTTAATTGATGGGGTTAGTT	63543865	63603633	-59768	63612849	-68984	63543891	-59742	-68958
ENSMUST00000061506	AAGGCGGCGGAAGGTGGGGATTGATG	105574260	105190274	383986	105254794	319466	105574286	384012	319492
ENSMUST00000061506	AAGGCGGCGGAAGGTGGGGATTGATG	105574260	105190274	383986	105271498	302762	105574286	384012	302788
ENSMUST00000061506	AAGGCGGCGGAAGGTGGGGATTGATG	105574260	105254909	319351	105303593	270667	105574286	319377	270693
ENSMUST00000061506	AAGGCGGCGGAAGGTGGGGATTGATG	105574260	105348549	225711	105413216	161044	105574286	225737	161070
ENSMUST00000061506	AAGGCGGCGGAAGGTGGGGATTGATG	105574260	105370778	203482	105573666	594	105574286	203508	620
ENSMUST00000192195	CCGGTAATGATGAATGAGGCTGTGCT	171632738	171636374	-3636	171638662	-5924	171632764	-3610	-5898
ENSMUST00000057258	GTGACCAGCCAGTGACCTTGAGAGTG	38673224	38674853	-1629	38683192	-9968	38673250	-1603	-9942
ENSMUST00000057258	GTGACCAGCCAGTGACCTTGAGAGTG	38673224	38674853	-1629	38684678	-11454	38673250	-1603	-11428
ENSMUST00000057258	GTGACCAGCCAGTGACCTTGAGAGTG	38673224	38674674	-1450	38684678	-11454	38673250	-1424	-11428
ENSMUST00000057258	GTGACCAGCCAGTGACCTTGAGAGTG	38673224	38674853	-1629	38684678	-11454	38673250	-1603	-11428
ENSMUST00000057258	GTGACCAGCCAGTGACCTTGAGAGTG	38673224	38682782	-9558	38684678	-11454	38673250	-9532	-11428
ENSMUST00000118593	CACTACCCTCTCCTACCATCTTCCTG	107741108	107756739	-15631	107760024	-18916	107741134	-15605	-18890
ENSMUST00000030087	ATTATGGGACAGTCGGGGGCTTCAGA	62457448	62449758	7690	62457439	9	62457474	7716	35
ENSMUST00000030087	ATTATGGGACAGTCGGGGGCTTCAGA	62457448	62453937	3511	62457439	9	62457474	3537	35
ENSMUST00000030087	ATTATGGGACAGTCGGGGGCTTCAGA	62457448	62449758	7690	62460519	-3071	62457474	7716	-3045
ENSMUST00000030087	ATTATGGGACAGTCGGGGGCTTCAGA	62457448	62453937	3511	62460321	-2873	62457474	3537	-2847
ENSMUST00000030087	ATTATGGGACAGTCGGGGGCTTCAGA	62457448	62457581	-133	62460321	-2873	62457474	-107	-2847
ENSMUST00000030087	ATTATGGGACAGTCGGGGGCTTCAGA	62457448	62457581	-133	62460519	-3071	62457474	-107	-3045
ENSMUST00000030087	ATTATGGGACAGTCGGGGGCTTCAGA	62457448	62457581	-133	62462140	-4692	62457474	-107	-4666
ENSMUST00000030087	ATTATGGGACAGTCGGGGGCTTCAGA	62457448	62457581	-133	62460519	-3071	62457474	-107	-3045
ENSMUST00000030087	ATTATGGGACAGTCGGGGGCTTCAGA	62457448	62458883	-1435	62460519	-3071	62457474	-1409	-3045
ENSMUST00000030087	ATTATGGGACAGTCGGGGGCTTCAGA	62457448	62457581	-133	62462140	-4692	62457474	-107	-4666
ENSMUST00000030087	ATTATGGGACAGTCGGGGGCTTCAGA	62457448	62458883	-1435	62462140	-4692	62457474	-1409	-4666
ENSMUST00000165199	CTCAGTCAGACTCCATGGTTTTTGCC	89477421	89474134	3287	89474539	2882	89475530	1396	991
ENSMUST00000165199	CTCAGTCAGACTCCATGGTTTTTGCC	89477421	89475005	2416	89475507	1914	89475530	525	23
ENSMUST00000109877	TCCCTAGCAACAGTCGAAGCTCTGCT	151594554	151597258	-2704	151600977	-6423	151594580	-2678	-6397
ENSMUST00000109877	TCCCTAGCAACAGTCGAAGCTCTGCT	151594554	151597258	-2704	151600977	-6423	151594580	-2678	-6397
ENSMUST00000109877	TCCCTAGCAACAGTCGAAGCTCTGCT	151594554	151600364	-5810	151632147	-37593	151594580	-5784	-37567
ENSMUST00000109877	TCCCTAGCAACAGTCGAAGCTCTGCT	151594554	151601074	-6520	151602380	-7826	151594580	-6494	-7800
ENSMUST00000109877	TCCCTAGCAACAGTCGAAGCTCTGCT	151594554	151601074	-6520	151632147	-37593	151594580	-6494	-37567
ENSMUST00000109877	TCCCTAGCAACAGTCGAAGCTCTGCT	151594554	151601631	-7077	151632147	-37593	151594580	-7051	-37567
ENSMUST00000075774	TCTTCAGGCCGGACAACTTCGTGTTC	34128958	34128531	427	34129245	-287	34126750	-1781	-2495
ENSMUST00000098873	GAGGACATAGTTCAGTGGTAGAACGT	95183658	95200291	-16633	95204640	-20982	95183684	-16607	-20956
ENSMUST00000098873	GAGGACATAGTTCAGTGGTAGAACGT	95183658	95206602	-22944	95216213	-32555	95183684	-22918	-32529
ENSMUST00000098873	GAGGACATAGTTCAGTGGTAGAACGT	95183658	95206602	-22944	95217588	-33930	95183684	-22918	-33904
ENSMUST00000098873	GAGGACATAGTTCAGTGGTAGAACGT	95183658	95206602	-22944	95217588	-33930	95183684	-22918	-33904
ENSMUST00000098873	GAGGACATAGTTCAGTGGTAGAACGT	95183658	95208936	-25278	95217588	-33930	95183684	-25252	-33904
ENSMUST00000106224	AATACTGGGTGTTAAAGGGCGCATAG	123350688	123351951	-1263	123355055	-4367	123350714	-1237	-4341
ENSMUST00000106224	AATACTGGGTGTTAAAGGGCGCATAG	123350688	123361027	-10339	123365272	-14584	123350714	-10313	-14558
ENSMUST00000106224	AATACTGGGTGTTAAAGGGCGCATAG	123350688	123365347	-14659	123367874	-17186	123350714	-14633	-17160
ENSMUST00000106224	AATACTGGGTGTTAAAGGGCGCATAG	123350688	123368037	-17349	123369804	-19116	123350714	-17323	-19090
ENSMUST00000106224	AATACTGGGTGTTAAAGGGCGCATAG	123350688	123368037	-17349	123369804	-19116	123350714	-17323	-19090
ENSMUST00000106224	AATACTGGGTGTTAAAGGGCGCATAG	123350688	123369968	-19280	123371771	-21083	123350714	-19254	-21057
ENSMUST00000106224	AATACTGGGTGTTAAAGGGCGCATAG	123350688	123378812	-28124	123381226	-30538	123350714	-28098	-30512
ENSMUST00000106224	AATACTGGGTGTTAAAGGGCGCATAG	123350688	123385686	-34998	123387227	-36539	123350714	-34972	-36513
ENSMUST00000106224	AATACTGGGTGTTAAAGGGCGCATAG	123350688	123387431	-36743	123390523	-39835	123350714	-36717	-39809
ENSMUST00000106224	AATACTGGGTGTTAAAGGGCGCATAG	123350688	123395247	-44559	123397747	-47059	123350714	-44533	-47033
ENSMUST00000106224	AATACTGGGTGTTAAAGGGCGCATAG	123350688	123395997	-45309	123397747	-47059	123350714	-45283	-47033
ENSMUST00000106224	AATACTGGGTGTTAAAGGGCGCATAG	123350688	123395997	-45309	123399342	-48654	123350714	-45283	-48628
ENSMUST00000106224	AATACTGGGTGTTAAAGGGCGCATAG	123350688	123395997	-45309	123399342	-48654	123350714	-45283	-48628
ENSMUST00000106224	AATACTGGGTGTTAAAGGGCGCATAG	123350688	123397420	-46732	123399342	-48654	123350714	-46706	-48628
ENSMUST00000106224	AATACTGGGTGTTAAAGGGCGCATAG	123350688	123401563	-50875	123431997	-81309	123350714	-50849	-81283
ENSMUST00000106224	AATACTGGGTGTTAAAGGGCGCATAG	123350688	123440791	-90103	123444834	-94146	123350714	-90077	-94120
ENSMUST00000106224	AATACTGGGTGTTAAAGGGCGCATAG	123350688	123458011	-107323	123461084	-110396	123350714	-107297	-110370
ENSMUST00000106224	AATACTGGGTGTTAAAGGGCGCATAG	123350688	123480322	-129634	123484026	-133338	123350714	-129608	-133312
ENSMUST00000106224	AATACTGGGTGTTAAAGGGCGCATAG	123350688	123497882	-147194	123502163	-151475	123350714	-147168	-151449
ENSMUST00000106224	AATACTGGGTGTTAAAGGGCGCATAG	123350688	123500025	-149337	123503183	-152495	123350714	-149311	-152469
ENSMUST00000106224	AATACTGGGTGTTAAAGGGCGCATAG	123350688	123536294	-185606	123544741	-194053	123350714	-185580	-194027
ENSMUST00000106224	AATACTGGGTGTTAAAGGGCGCATAG	123350688	123544831	-194143	123683969	-333281	123350714	-194117	-333255
ENSMUST00000106224	AATACTGGGTGTTAAAGGGCGCATAG	123350688	123351951	-1263	123355055	-4367	123350714	-1237	-4341
ENSMUST00000106224	AATACTGGGTGTTAAAGGGCGCATAG	123350688	123361027	-10339	123365272	-14584	123350714	-10313	-14558
ENSMUST00000106224	AATACTGGGTGTTAAAGGGCGCATAG	123350688	123365347	-14659	123367874	-17186	123350714	-14633	-17160
ENSMUST00000106224	AATACTGGGTGTTAAAGGGCGCATAG	123350688	123368037	-17349	123369804	-19116	123350714	-17323	-19090
ENSMUST00000106224	AATACTGGGTGTTAAAGGGCGCATAG	123350688	123368037	-17349	123369804	-19116	123350714	-17323	-19090
ENSMUST00000106224	AATACTGGGTGTTAAAGGGCGCATAG	123350688	123369968	-19280	123371771	-21083	123350714	-19254	-21057
ENSMUST00000106224	AATACTGGGTGTTAAAGGGCGCATAG	123350688	123378812	-28124	123381226	-30538	123350714	-28098	-30512
ENSMUST00000106224	AATACTGGGTGTTAAAGGGCGCATAG	123350688	123385686	-34998	123387227	-36539	123350714	-34972	-36513
ENSMUST00000106224	AATACTGGGTGTTAAAGGGCGCATAG	123350688	123387431	-36743	123390523	-39835	123350714	-36717	-39809
ENSMUST00000106224	AATACTGGGTGTTAAAGGGCGCATAG	123350688	123395247	-44559	123397747	-47059	123350714	-44533	-47033
ENSMUST00000106224	AATACTGGGTGTTAAAGGGCGCATAG	123350688	123395997	-45309	123397747	-47059	123350714	-45283	-47033
ENSMUST00000106224	AATACTGGGTGTTAAAGGGCGCATAG	123350688	123395997	-45309	123399342	-48654	123350714	-45283	-48628
ENSMUST00000106224	AATACTGGGTGTTAAAGGGCGCATAG	123350688	123395997	-45309	123399342	-48654	123350714	-45283	-48628
ENSMUST00000106224	AATACTGGGTGTTAAAGGGCGCATAG	123350688	123397420	-46732	123399342	-48654	123350714	-46706	-48628
ENSMUST00000106224	AATACTGGGTGTTAAAGGGCGCATAG	123350688	123401563	-50875	123431997	-81309	123350714	-50849	-81283
ENSMUST00000106224	AATACTGGGTGTTAAAGGGCGCATAG	123350688	123440791	-90103	123444834	-94146	123350714	-90077	-94120
ENSMUST00000106224	AATACTGGGTGTTAAAGGGCGCATAG	123350688	123458011	-107323	123461084	-110396	123350714	-107297	-110370
ENSMUST00000106224	AATACTGGGTGTTAAAGGGCGCATAG	123350688	123480322	-129634	123484026	-133338	123350714	-129608	-133312
ENSMUST00000106224	AATACTGGGTGTTAAAGGGCGCATAG	123350688	123497882	-147194	123502163	-151475	123350714	-147168	-151449
ENSMUST00000106224	AATACTGGGTGTTAAAGGGCGCATAG	123350688	123500025	-149337	123503183	-152495	123350714	-149311	-152469
ENSMUST00000106224	AATACTGGGTGTTAAAGGGCGCATAG	123350688	123536294	-185606	123544741	-194053	123350714	-185580	-194027
ENSMUST00000106224	AATACTGGGTGTTAAAGGGCGCATAG	123350688	123544831	-194143	123683969	-333281	123350714	-194117	-333255
ENSMUST00000106224	AATACTGGGTGTTAAAGGGCGCATAG	123350688	123351951	-1263	123355055	-4367	123350714	-1237	-4341
ENSMUST00000106224	AATACTGGGTGTTAAAGGGCGCATAG	123350688	123361027	-10339	123365272	-14584	123350714	-10313	-14558
ENSMUST00000106224	AATACTGGGTGTTAAAGGGCGCATAG	123350688	123365347	-14659	123367874	-17186	123350714	-14633	-17160
ENSMUST00000106224	AATACTGGGTGTTAAAGGGCGCATAG	123350688	123368037	-17349	123369804	-19116	123350714	-17323	-19090
ENSMUST00000106224	AATACTGGGTGTTAAAGGGCGCATAG	123350688	123368037	-17349	123369804	-19116	123350714	-17323	-19090
ENSMUST00000106224	AATACTGGGTGTTAAAGGGCGCATAG	123350688	123369968	-19280	123371771	-21083	123350714	-19254	-21057
ENSMUST00000106224	AATACTGGGTGTTAAAGGGCGCATAG	123350688	123378812	-28124	123381226	-30538	123350714	-28098	-30512
ENSMUST00000106224	AATACTGGGTGTTAAAGGGCGCATAG	123350688	123385686	-34998	123387227	-36539	123350714	-34972	-36513
ENSMUST00000106224	AATACTGGGTGTTAAAGGGCGCATAG	123350688	123387431	-36743	123390523	-39835	123350714	-36717	-39809
ENSMUST00000106224	AATACTGGGTGTTAAAGGGCGCATAG	123350688	123395247	-44559	123397747	-47059	123350714	-44533	-47033
ENSMUST00000106224	AATACTGGGTGTTAAAGGGCGCATAG	123350688	123395997	-45309	123397747	-47059	123350714	-45283	-47033
ENSMUST00000106224	AATACTGGGTGTTAAAGGGCGCATAG	123350688	123395997	-45309	123399342	-48654	123350714	-45283	-48628
ENSMUST00000106224	AATACTGGGTGTTAAAGGGCGCATAG	123350688	123395997	-45309	123399342	-48654	123350714	-45283	-48628
ENSMUST00000106224	AATACTGGGTGTTAAAGGGCGCATAG	123350688	123397420	-46732	123399342	-48654	123350714	-46706	-48628
ENSMUST00000106224	AATACTGGGTGTTAAAGGGCGCATAG	123350688	123401563	-50875	123431997	-81309	123350714	-50849	-81283
ENSMUST00000106224	AATACTGGGTGTTAAAGGGCGCATAG	123350688	123440791	-90103	123444834	-94146	123350714	-90077	-94120
ENSMUST00000106224	AATACTGGGTGTTAAAGGGCGCATAG	123350688	123458011	-107323	123461084	-110396	123350714	-107297	-110370
ENSMUST00000106224	AATACTGGGTGTTAAAGGGCGCATAG	123350688	123480322	-129634	123484026	-133338	123350714	-129608	-133312
ENSMUST00000106224	AATACTGGGTGTTAAAGGGCGCATAG	123350688	123497882	-147194	123502163	-151475	123350714	-147168	-151449
ENSMUST00000106224	AATACTGGGTGTTAAAGGGCGCATAG	123350688	123500025	-149337	123503183	-152495	123350714	-149311	-152469
ENSMUST00000106224	AATACTGGGTGTTAAAGGGCGCATAG	123350688	123536294	-185606	123544741	-194053	123350714	-185580	-194027
ENSMUST00000106224	AATACTGGGTGTTAAAGGGCGCATAG	123350688	123544831	-194143	123683969	-333281	123350714	-194117	-333255
ENSMUST00000023812	GCTGTGGAGACCTGCCTGGGCTTCGT	102501260	102502745	-1485	102503724	-2464	102501286	-1459	-2438
ENSMUST00000023812	GCTGTGGAGACCTGCCTGGGCTTCGT	102501260	102503647	-2387	102504114	-2854	102501286	-2361	-2828
ENSMUST00000023812	GCTGTGGAGACCTGCCTGGGCTTCGT	102501260	102504306	-3046	102505089	-3829	102501286	-3020	-3803
ENSMUST00000023812	GCTGTGGAGACCTGCCTGGGCTTCGT	102501260	102505568	-4308	102509289	-8029	102501286	-4282	-8003
ENSMUST00000023812	GCTGTGGAGACCTGCCTGGGCTTCGT	102501260	102505568	-4308	102509918	-8658	102501286	-4282	-8632
ENSMUST00000023812	GCTGTGGAGACCTGCCTGGGCTTCGT	102501260	102505568	-4308	102516787	-15527	102501286	-4282	-15501
ENSMUST00000023812	GCTGTGGAGACCTGCCTGGGCTTCGT	102501260	102505568	-4308	102509918	-8658	102501286	-4282	-8632
ENSMUST00000023812	GCTGTGGAGACCTGCCTGGGCTTCGT	102501260	102505568	-4308	102510583	-9323	102501286	-4282	-9297
ENSMUST00000023812	GCTGTGGAGACCTGCCTGGGCTTCGT	102501260	102505568	-4308	102516787	-15527	102501286	-4282	-15501
ENSMUST00000023812	GCTGTGGAGACCTGCCTGGGCTTCGT	102501260	102509378	-8118	102510583	-9323	102501286	-8092	-9297
ENSMUST00000023812	GCTGTGGAGACCTGCCTGGGCTTCGT	102501260	102509378	-8118	102516787	-15527	102501286	-8092	-15501
ENSMUST00000030420	TTGTGTCTTCTAGAGCCTGGGGCCTCC	136929731	136936198	-6467	136938531	-8800	136929758	-6440	-8773
ENSMUST00000016023	GGACTGTGATCCGGAGATGCACGTGAA	45639557	45531957	107600	45534152	105405	45639584	107627	105432
ENSMUST00000016023	GGACTGTGATCCGGAGATGCACGTGAA	45639557	45537735	101822	45540841	98716	45639584	101849	98743
ENSMUST00000016023	GGACTGTGATCCGGAGATGCACGTGAA	45639557	45542365	97192	45555097	84460	45639584	97219	84487
ENSMUST00000002839	ACTCCATGGAGACAGAGACGCCCACAG	46684314	46684126	188	46684505	-191	46684341	215	-164
ENSMUST00000032410	GGGCCCAGGAGGATCTGCTGGAGGAGC	113372503	113367180	5323	113370938	1565	113372530	5350	1592
ENSMUST00000032410	GGGCCCAGGAGGATCTGCTGGAGGAGC	113372503	113375259	-2756	113376891	-4388	113372530	-2729	-4361
ENSMUST00000032410	GGGCCCAGGAGGATCTGCTGGAGGAGC	113372503	113376064	-3561	113377315	-4812	113372530	-3534	-4785
ENSMUST00000032410	GGGCCCAGGAGGATCTGCTGGAGGAGC	113372503	113376064	-3561	113377489	-4986	113372530	-3534	-4959
ENSMUST00000032410	GGGCCCAGGAGGATCTGCTGGAGGAGC	113372503	113376945	-4442	113377489	-4986	113372530	-4415	-4959
ENSMUST00000121227	AGGTTTGCCTGGAGAGAAAGGTGAAAG	79603428	79678378	-74950	79680292	-76864	79601779	-76599	-78513
ENSMUST00000057062	GTAAAGCTAACACCAGAAGCCTCGTAT	183278211	183278438	-227	183280799	-2588	183278238	-200	-2561
ENSMUST00000057062	GTAAAGCTAACACCAGAAGCCTCGTAT	183278211	183285142	-6931	183287740	-9529	183278238	-6904	-9502
ENSMUST00000057062	GTAAAGCTAACACCAGAAGCCTCGTAT	183278211	183292003	-13792	183294333	-16122	183278238	-13765	-16095
ENSMUST00000057062	GTAAAGCTAACACCAGAAGCCTCGTAT	183278211	183292003	-13792	183294333	-16122	183278238	-13765	-16095
ENSMUST00000057062	GTAAAGCTAACACCAGAAGCCTCGTAT	183278211	183292581	-14370	183294776	-16565	183278238	-14343	-16538
ENSMUST00000057062	GTAAAGCTAACACCAGAAGCCTCGTAT	183278211	183292581	-14370	183296902	-18691	183278238	-14343	-18664
ENSMUST00000057062	GTAAAGCTAACACCAGAAGCCTCGTAT	183278211	183292581	-14370	183296902	-18691	183278238	-14343	-18664
ENSMUST00000057062	GTAAAGCTAACACCAGAAGCCTCGTAT	183278211	183294450	-16239	183296902	-18691	183278238	-16212	-18664
ENSMUST00000091291	TTATAACCTCATGAACATCACCCGGGG	3258682	3156023	102659	3159452	99230	3258709	102686	99257
ENSMUST00000091291	TTATAACCTCATGAACATCACCCGGGG	3258682	3159582	99100	3161680	97002	3258709	99127	97029
ENSMUST00000091291	TTATAACCTCATGAACATCACCCGGGG	3258682	3174888	83794	3189124	69558	3258709	83821	69585
ENSMUST00000091291	TTATAACCTCATGAACATCACCCGGGG	3258682	3189292	69390	3194794	63888	3258709	69417	63915
ENSMUST00000091291	TTATAACCTCATGAACATCACCCGGGG	3258682	3211700	46982	3279028	-20346	3258709	47009	-20319
ENSMUST00000064099	CCTCGCGTCGGCCACGGAGCTCTGCGG	4658741	4636273	22468	4639690	19051	4658768	22495	19078
ENSMUST00000064099	CCTCGCGTCGGCCACGGAGCTCTGCGG	4658741	4640373	18368	4641264	17477	4658768	18395	17504
ENSMUST00000064099	CCTCGCGTCGGCCACGGAGCTCTGCGG	4658741	4641180	17561	4641927	16814	4658768	17588	16841
ENSMUST00000064099	CCTCGCGTCGGCCACGGAGCTCTGCGG	4658741	4641417	17324	4641927	16814	4658768	17351	16841
ENSMUST00000064099	CCTCGCGTCGGCCACGGAGCTCTGCGG	4658741	4643286	15455	4646707	12034	4658768	15482	12061
ENSMUST00000064099	CCTCGCGTCGGCCACGGAGCTCTGCGG	4658741	4643555	15186	4658480	261	4658768	15213	288
ENSMUST00000041367	TTCTGCTCTTTCAGTGACTATGACATA	84098460	84097852	608	84098198	262	84098487	635	289
ENSMUST00000041367	TTCTGCTCTTTCAGTGACTATGACATA	84098460	84102881	-4421	84104616	-6156	84098487	-4394	-6129
ENSMUST00000110661	TCTATCTAGCTCAGTGGTAGAGCACTT	121159614	121166718	-7104	121169809	-10195	121159641	-7077	-10168
ENSMUST00000053917	TTGTTCTCAGGTTGCCAAAATAAAAAG	9314904	9316672	-1768	9332783	-17879	9314931	-1741	-17852
ENSMUST00000053917	TTGTTCTCAGGTTGCCAAAATAAAAAG	9314904	9319571	-4667	9345193	-30289	9314931	-4640	-30262
ENSMUST00000053917	TTGTTCTCAGGTTGCCAAAATAAAAAG	9314904	9332950	-18046	9386734	-71830	9314931	-18019	-71803
ENSMUST00000053917	TTGTTCTCAGGTTGCCAAAATAAAAAG	9314904	9332950	-18046	9449517	-134613	9314931	-18019	-134586
ENSMUST00000053917	TTGTTCTCAGGTTGCCAAAATAAAAAG	9314904	9353507	-38603	9386734	-71830	9314931	-38576	-71803
ENSMUST00000053917	TTGTTCTCAGGTTGCCAAAATAAAAAG	9314904	9353507	-38603	9449517	-134613	9314931	-38576	-134586
ENSMUST00000053917	TTGTTCTCAGGTTGCCAAAATAAAAAG	9314904	9332950	-18046	9449517	-134613	9314931	-18019	-134586
ENSMUST00000053917	TTGTTCTCAGGTTGCCAAAATAAAAAG	9314904	9353507	-38603	9449517	-134613	9314931	-38576	-134586
ENSMUST00000053917	TTGTTCTCAGGTTGCCAAAATAAAAAG	9314904	9377828	-62924	9449517	-134613	9314931	-62897	-134586
ENSMUST00000043305	TGAAGCCTTCGCCTGCCAGCAGTGGAC	133300623	133304245	-3622	133308748	-8125	133300650	-3595	-8098
ENSMUST00000043305	TGAAGCCTTCGCCTGCCAGCAGTGGAC	133300623	133308936	-8313	133313759	-13136	133300650	-8286	-13109
ENSMUST00000043305	TGAAGCCTTCGCCTGCCAGCAGTGGAC	133300623	133313806	-13183	133323827	-23204	133300650	-13156	-23177
ENSMUST00000043305	TGAAGCCTTCGCCTGCCAGCAGTGGAC	133300623	133322255	-21632	133338995	-38372	133300650	-21605	-38345
ENSMUST00000002336	GGGATGACAGGTGTGAGCCACCATGCC	6673936	6689564	-15628	6696368	-22432	6673963	-15601	-22405
ENSMUST00000043897	TAAATTGTGTCTTTGCATCACTTCTGG	25844500	25840107	4393	25840437	4063	25844527	4420	4090
ENSMUST00000043897	TAAATTGTGTCTTTGCATCACTTCTGG	25844500	25841855	2645	25842179	2321	25844527	2672	2348
ENSMUST00000043897	TAAATTGTGTCTTTGCATCACTTCTGG	25844500	25842288	2212	25843106	1394	25844527	2239	1421
ENSMUST00000043897	TAAATTGTGTCTTTGCATCACTTCTGG	25844500	25840107	4393	25840437	4063	25844527	4420	4090
ENSMUST00000043897	TAAATTGTGTCTTTGCATCACTTCTGG	25844500	25841855	2645	25842179	2321	25844527	2672	2348
ENSMUST00000043897	TAAATTGTGTCTTTGCATCACTTCTGG	25844500	25842288	2212	25843106	1394	25844527	2239	1421
ENSMUST00000209935	CGCAAATCCGGGATGACTTGTGTGTAG	24781661	24742151	39510	24746656	35005	24781688	39537	35032
ENSMUST00000209935	CGCAAATCCGGGATGACTTGTGTGTAG	24781661	24786329	-4668	24804357	-22696	24781688	-4641	-22669
ENSMUST00000068892	TCGTCTGGCTACGGACAAGGGGACGTC	25822801	25817508	5293	25818545	4256	25822828	5320	4283
ENSMUST00000068892	TCGTCTGGCTACGGACAAGGGGACGTC	25822801	25817663	5138	25819625	3176	25822828	5165	3203
ENSMUST00000068892	TCGTCTGGCTACGGACAAGGGGACGTC	25822801	25828859	-6058	25832639	-9838	25822828	-6031	-9811
ENSMUST00000068892	TCGTCTGGCTACGGACAAGGGGACGTC	25822801	25831348	-8547	25833750	-10949	25822828	-8520	-10922
ENSMUST00000182226	CTTACTTCCAAGCTTAGGAAGGCTGAG	144514934	144477989	36945	144481084	33850	144514456	36467	33372
ENSMUST00000182226	CTTACTTCCAAGCTTAGGAAGGCTGAG	144514934	144485208	29726	144489196	25738	144514456	29248	25260
ENSMUST00000182226	CTTACTTCCAAGCTTAGGAAGGCTGAG	144514934	144485208	29726	144491451	23483	144514456	29248	23005
ENSMUST00000182226	CTTACTTCCAAGCTTAGGAAGGCTGAG	144514934	144485211	29723	144489196	25738	144514456	29245	25260
ENSMUST00000182226	CTTACTTCCAAGCTTAGGAAGGCTGAG	144514934	144485211	29723	144491451	23483	144514456	29245	23005
ENSMUST00000182226	CTTACTTCCAAGCTTAGGAAGGCTGAG	144514934	144488717	26217	144491451	23483	144514456	25739	23005
ENSMUST00000182226	CTTACTTCCAAGCTTAGGAAGGCTGAG	144514934	144488717	26217	144491741	23193	144514456	25739	22715
ENSMUST00000182226	CTTACTTCCAAGCTTAGGAAGGCTGAG	144514934	144500403	14531	144504902	10032	144514456	14053	9554
ENSMUST00000182226	CTTACTTCCAAGCTTAGGAAGGCTGAG	144514934	144514524	410	144515985	-1051	144514456	-68	-1529
ENSMUST00000182226	CTTACTTCCAAGCTTAGGAAGGCTGAG	144514934	144514524	410	144517599	-2665	144514456	-68	-3143
ENSMUST00000182226	CTTACTTCCAAGCTTAGGAAGGCTGAG	144514934	144517746	-2812	144519544	-4610	144514456	-3290	-5088
ENSMUST00000115096	CTGTCGCTGCTTGGGCTCCGGGGCTGGA	32587855	32215729	372126	32234508	353347	32587883	372154	353375
ENSMUST00000115096	CTGTCGCTGCTTGGGCTCCGGGGCTGGA	32587855	32239537	348318	32310460	277395	32587883	348346	277423
ENSMUST00000115096	CTGTCGCTGCTTGGGCTCCGGGGCTGGA	32587855	32215729	372126	32234508	353347	32587883	372154	353375
ENSMUST00000115096	CTGTCGCTGCTTGGGCTCCGGGGCTGGA	32587855	32239537	348318	32310460	277395	32587883	348346	277423
ENSMUST00000103140	GTTGAACCCAGACCGCCAGTCGCCCTCT	155634373	155637766	-3393	155639472	-5099	155634401	-3365	-5071
ENSMUST00000103140	GTTGAACCCAGACCGCCAGTCGCCCTCT	155634373	155640557	-6184	155643391	-9018	155634401	-6156	-8990
ENSMUST00000103140	GTTGAACCCAGACCGCCAGTCGCCCTCT	155634373	155643450	-9077	155650418	-16045	155634401	-9049	-16017
ENSMUST00000103140	GTTGAACCCAGACCGCCAGTCGCCCTCT	155634373	155645059	-10686	155653492	-19119	155634401	-10658	-19091
ENSMUST00000103140	GTTGAACCCAGACCGCCAGTCGCCCTCT	155634373	155645059	-10686	155653492	-19119	155634401	-10658	-19091
ENSMUST00000103140	GTTGAACCCAGACCGCCAGTCGCCCTCT	155634373	155668469	-34096	155672989	-38616	155634401	-34068	-38588
ENSMUST00000103140	GTTGAACCCAGACCGCCAGTCGCCCTCT	155634373	155637766	-3393	155639472	-5099	155634401	-3365	-5071
ENSMUST00000103140	GTTGAACCCAGACCGCCAGTCGCCCTCT	155634373	155640557	-6184	155643391	-9018	155634401	-6156	-8990
ENSMUST00000103140	GTTGAACCCAGACCGCCAGTCGCCCTCT	155634373	155643450	-9077	155650418	-16045	155634401	-9049	-16017
ENSMUST00000103140	GTTGAACCCAGACCGCCAGTCGCCCTCT	155634373	155645059	-10686	155653492	-19119	155634401	-10658	-19091
ENSMUST00000103140	GTTGAACCCAGACCGCCAGTCGCCCTCT	155634373	155645059	-10686	155653492	-19119	155634401	-10658	-19091
ENSMUST00000103140	GTTGAACCCAGACCGCCAGTCGCCCTCT	155634373	155668469	-34096	155672989	-38616	155634401	-34068	-38588
ENSMUST00000171143	TGGGGAATATAGCTCAGTTGGTAGAGTG	108972999	108980294	-7295	108985311	-12312	108973027	-7267	-12284
ENSMUST00000062122	ACTTTGTTGGCTCTCTGAATCAGGAAGC	93098066	93069428	28638	93083150	14916	93098094	28666	14944
ENSMUST00000062122	ACTTTGTTGGCTCTCTGAATCAGGAAGC	93098066	93074471	23595	93083150	14916	93098094	23623	14944
ENSMUST00000064405	TAAATGTTAATTGATGGGGTTAGTTAAA	63543866	63546236	-2370	63566578	-22712	63543894	-2342	-22684
ENSMUST00000064405	TAAATGTTAATTGATGGGGTTAGTTAAA	63543866	63603633	-59767	63612849	-68983	63543894	-59739	-68955
ENSMUST00000045617	TGAATATTATCTCCACTGAATTTAGTAC	100680908	100694199	-13291	100698912	-18004	100680936	-13263	-17976
ENSMUST00000022497	ATTTTTCTTTTAATTTTAATGTTATAAT	61534245	61535241	-996	61545681	-11436	61534273	-968	-11408
ENSMUST00000022497	ATTTTTCTTTTAATTTTAATGTTATAAT	61534245	61535241	-996	61549743	-15498	61534273	-968	-15470
ENSMUST00000022497	ATTTTTCTTTTAATTTTAATGTTATAAT	61534245	61535241	-996	61556520	-22275	61534273	-968	-22247
ENSMUST00000186648	CGTCATTGAAATGTGTCAGTTATTGGTC	84768654	84724814	43840	84725735	42919	84768682	43868	42947
ENSMUST00000186648	CGTCATTGAAATGTGTCAGTTATTGGTC	84768654	84728289	40365	84731622	37032	84768682	40393	37060
ENSMUST00000186648	CGTCATTGAAATGTGTCAGTTATTGGTC	84768654	84728289	40365	84731622	37032	84768682	40393	37060
ENSMUST00000186648	CGTCATTGAAATGTGTCAGTTATTGGTC	84768654	84737080	31574	84739513	29141	84768682	31602	29169
ENSMUST00000186648	CGTCATTGAAATGTGTCAGTTATTGGTC	84768654	84742338	26316	84743819	24835	84768682	26344	24863
ENSMUST00000186648	CGTCATTGAAATGTGTCAGTTATTGGTC	84768654	84776412	-7758	84782826	-14172	84768682	-7730	-14144
ENSMUST00000186648	CGTCATTGAAATGTGTCAGTTATTGGTC	84768654	84776412	-7758	84782826	-14172	84768682	-7730	-14144
ENSMUST00000186648	CGTCATTGAAATGTGTCAGTTATTGGTC	84768654	84777507	-8853	84814822	-46168	84768682	-8825	-46140
ENSMUST00000186648	CGTCATTGAAATGTGTCAGTTATTGGTC	84768654	84782963	-14309	84814822	-46168	84768682	-14281	-46140
ENSMUST00000186648	CGTCATTGAAATGTGTCAGTTATTGGTC	84768654	84786196	-17542	84814822	-46168	84768682	-17514	-46140
ENSMUST00000186648	CGTCATTGAAATGTGTCAGTTATTGGTC	84768654	84794327	-25673	84814822	-46168	84768682	-25645	-46140
ENSMUST00000186648	CGTCATTGAAATGTGTCAGTTATTGGTC	84768654	84794327	-25673	84839228	-70574	84768682	-25645	-70546
ENSMUST00000110974	CAGCTAAGGAGTCGTTGAAGACGGTGAAG	185315897	185288184	27713	185290485	25412	185315926	27742	25441
ENSMUST00000110974	CAGCTAAGGAGTCGTTGAAGACGGTGAAG	185315897	185291425	24472	185295554	20343	185315926	24501	20372
ENSMUST00000110974	CAGCTAAGGAGTCGTTGAAGACGGTGAAG	185315897	185323815	-7918	185327619	-11722	185315926	-7889	-11693
ENSMUST00000038027	TCTTTATAATCGCCTCCAAGACCTTCACC	34220746	34207900	12846	34215955	4791	34219046	11146	3091
ENSMUST00000038027	TCTTTATAATCGCCTCCAAGACCTTCACC	34220746	34208310	12436	34218297	2449	34219046	10736	749
ENSMUST00000166791	AGCCAGGGCTTCTCCATAGCTCCTTTTGG	127191924	127194641	-2717	127195022	-3098	127191953	-2688	-3069
ENSMUST00000166791	AGCCAGGGCTTCTCCATAGCTCCTTTTGG	127191924	127194641	-2717	127195360	-3436	127191953	-2688	-3407
ENSMUST00000084125	AATATTCTGGAATGGACTTGGTGTTAATT	148616232	148615829	403	148617565	-1333	148616261	432	-1304
ENSMUST00000084125	AATATTCTGGAATGGACTTGGTGTTAATT	148616232	148615829	403	148617565	-1333	148616261	432	-1304
ENSMUST00000084125	AATATTCTGGAATGGACTTGGTGTTAATT	148616232	148615829	403	148618664	-2432	148616261	432	-2403
ENSMUST00000084125	AATATTCTGGAATGGACTTGGTGTTAATT	148616232	148619354	-3122	148625124	-8892	148616261	-3093	-8863
ENSMUST00000084125	AATATTCTGGAATGGACTTGGTGTTAATT	148616232	148622112	-5880	148626680	-10448	148616261	-5851	-10419
ENSMUST00000058688	TTTTTCAACCTGAAACTCTTGAAAACTAAG	105282643	105284954	-2311	105356342	-73699	105282673	-2281	-73669
ENSMUST00000021045	TTTGGGGCGGGGGCTGTTCTTGTTTGTCTA	80880961	80881681	-720	80886595	-5634	80880991	-690	-5604
ENSMUST00000021045	TTTGGGGCGGGGGCTGTTCTTGTTTGTCTA	80880961	80952607	-71646	81151757	-270796	80880991	-71616	-270766
ENSMUST00000021045	TTTGGGGCGGGGGCTGTTCTTGTTTGTCTA	80880961	80881681	-720	80886595	-5634	80880991	-690	-5604
ENSMUST00000021045	TTTGGGGCGGGGGCTGTTCTTGTTTGTCTA	80880961	80952607	-71646	81151757	-270796	80880991	-71616	-270766
ENSMUST00000000137	AATTATAATTGTTGTAGTAACATTCACATT	20063487	20064859	-1372	20077187	-13700	20063517	-1342	-13670
ENSMUST00000000137	AATTATAATTGTTGTAGTAACATTCACATT	20063487	20064859	-1372	20100822	-37335	20063517	-1342	-37305
ENSMUST00000000137	AATTATAATTGTTGTAGTAACATTCACATT	20063487	20072588	-9101	20080022	-16535	20063517	-9071	-16505
ENSMUST00000000137	AATTATAATTGTTGTAGTAACATTCACATT	20063487	20077333	-13846	20080661	-17174	20063517	-13816	-17144
ENSMUST00000000137	AATTATAATTGTTGTAGTAACATTCACATT	20063487	20080798	-17311	20094229	-30742	20063517	-17281	-30712
ENSMUST00000000137	AATTATAATTGTTGTAGTAACATTCACATT	20063487	20094445	-30958	20112804	-49317	20063517	-30928	-49287
ENSMUST00000000137	AATTATAATTGTTGTAGTAACATTCACATT	20063487	20064859	-1372	20077187	-13700	20063517	-1342	-13670
ENSMUST00000000137	AATTATAATTGTTGTAGTAACATTCACATT	20063487	20064859	-1372	20100822	-37335	20063517	-1342	-37305
ENSMUST00000000137	AATTATAATTGTTGTAGTAACATTCACATT	20063487	20072588	-9101	20080022	-16535	20063517	-9071	-16505
ENSMUST00000000137	AATTATAATTGTTGTAGTAACATTCACATT	20063487	20077333	-13846	20080661	-17174	20063517	-13816	-17144
ENSMUST00000000137	AATTATAATTGTTGTAGTAACATTCACATT	20063487	20080798	-17311	20094229	-30742	20063517	-17281	-30712
ENSMUST00000000137	AATTATAATTGTTGTAGTAACATTCACATT	20063487	20094445	-30958	20112804	-49317	20063517	-30928	-49287
ENSMUST00000179598	TTACTGCTAATGCCTAGTATGTGGAATCTG	133656473	133621801	34672	133622983	33490	133656503	34702	33520
ENSMUST00000179598	TTACTGCTAATGCCTAGTATGTGGAATCTG	133656473	133627270	29203	133637348	19125	133656503	29233	19155
ENSMUST00000179598	TTACTGCTAATGCCTAGTATGTGGAATCTG	133656473	133633860	22613	133637348	19125	133656503	22643	19155
ENSMUST00000179598	TTACTGCTAATGCCTAGTATGTGGAATCTG	133656473	133640735	15738	133647335	9138	133656503	15768	9168
ENSMUST00000162280	GTCTTGGGCTGTATGATCTTTCCTGATGGC	113176459	113176682	-223	113195214	-18755	113176489	-193	-18725
ENSMUST00000162280	GTCTTGGGCTGTATGATCTTTCCTGATGGC	113176459	113176682	-223	113195214	-18755	113176489	-193	-18725
ENSMUST00000002412	ATGTACACACACTAACACACCTTCTCGCCT	70094625	70097631	-3006	70100232	-5607	70094655	-2976	-5577
ENSMUST00000002412	ATGTACACACACTAACACACCTTCTCGCCT	70094625	70102059	-7434	70103943	-9318	70094655	-7404	-9288
ENSMUST00000002412	ATGTACACACACTAACACACCTTCTCGCCT	70094625	70115387	-20762	70120727	-26102	70094655	-20732	-26072
ENSMUST00000002412	ATGTACACACACTAACACACCTTCTCGCCT	70094625	70097631	-3006	70100232	-5607	70094655	-2976	-5577
ENSMUST00000002412	ATGTACACACACTAACACACCTTCTCGCCT	70094625	70102059	-7434	70103943	-9318	70094655	-7404	-9288
ENSMUST00000002412	ATGTACACACACTAACACACCTTCTCGCCT	70094625	70115387	-20762	70120727	-26102	70094655	-20732	-26072
ENSMUST00000002412	ATGTACACACACTAACACACCTTCTCGCCT	70094625	70097631	-3006	70100232	-5607	70094655	-2976	-5577
ENSMUST00000002412	ATGTACACACACTAACACACCTTCTCGCCT	70094625	70102059	-7434	70103943	-9318	70094655	-7404	-9288
ENSMUST00000002412	ATGTACACACACTAACACACCTTCTCGCCT	70094625	70115387	-20762	70120727	-26102	70094655	-20732	-26072
ENSMUST00000223803	TTGCCGATGCCTGTGACCTAACCATAGACG	30042188	30047371	-5183	30050233	-8045	30042218	-5153	-8015
ENSMUST00000223803	TTGCCGATGCCTGTGACCTAACCATAGACG	30042188	30047371	-5183	30051369	-9181	30042218	-5153	-9151
ENSMUST00000223803	TTGCCGATGCCTGTGACCTAACCATAGACG	30042188	30047371	-5183	30051369	-9181	30042218	-5153	-9151
ENSMUST00000223803	TTGCCGATGCCTGTGACCTAACCATAGACG	30042188	30049120	-6932	30051369	-9181	30042218	-6902	-9151
ENSMUST00000223803	TTGCCGATGCCTGTGACCTAACCATAGACG	30042188	30071086	-28898	30074908	-32720	30042218	-28868	-32690
ENSMUST00000223803	TTGCCGATGCCTGTGACCTAACCATAGACG	30042188	30082539	-40351	30095317	-53129	30042218	-40321	-53099
ENSMUST00000223803	TTGCCGATGCCTGTGACCTAACCATAGACG	30042188	30124942	-82754	30130116	-87928	30042218	-82724	-87898
ENSMUST00000223803	TTGCCGATGCCTGTGACCTAACCATAGACG	30042188	30130204	-88016	30178544	-136356	30042218	-87986	-136326
ENSMUST00000223803	TTGCCGATGCCTGTGACCTAACCATAGACG	30042188	30142717	-100529	30178544	-136356	30042218	-100499	-136326
ENSMUST00000155901	GTTTGGATGGCTGTTACTACACACTGGATC	96076142	96077392	-1250	96082869	-6727	96076172	-1220	-6697
ENSMUST00000155901	GTTTGGATGGCTGTTACTACACACTGGATC	96076142	96077392	-1250	96082869	-6727	96076172	-1220	-6697
ENSMUST00000155901	GTTTGGATGGCTGTTACTACACACTGGATC	96076142	96080135	-3993	96086141	-9999	96076172	-3963	-9969
ENSMUST00000155901	GTTTGGATGGCTGTTACTACACACTGGATC	96076142	96129028	-52886	96134010	-57868	96076172	-52856	-57838
ENSMUST00000155901	GTTTGGATGGCTGTTACTACACACTGGATC	96076142	96129028	-52886	96134010	-57868	96076172	-52856	-57838
ENSMUST00000073192	TAAAATGTATAAAATTCTAGTGCCTGAAATC	30931286	30934747	-3461	30939496	-8210	30931317	-3430	-8179
ENSMUST00000073192	TAAAATGTATAAAATTCTAGTGCCTGAAATC	30931286	30935059	-3773	30939496	-8210	30931317	-3742	-8179
ENSMUST00000073192	TAAAATGTATAAAATTCTAGTGCCTGAAATC	30931286	30935059	-3773	30943038	-11752	30931317	-3742	-11721
ENSMUST00000073192	TAAAATGTATAAAATTCTAGTGCCTGAAATC	30931286	30935059	-3773	30943038	-11752	30931317	-3742	-11721
ENSMUST00000073192	TAAAATGTATAAAATTCTAGTGCCTGAAATC	30931286	30935445	-4159	30943038	-11752	30931317	-4128	-11721
ENSMUST00000073192	TAAAATGTATAAAATTCTAGTGCCTGAAATC	30931286	30948523	-17237	30950740	-19454	30931317	-17206	-19423
ENSMUST00000073192	TAAAATGTATAAAATTCTAGTGCCTGAAATC	30931286	30949977	-18691	30950740	-19454	30931317	-18660	-19423
ENSMUST00000073192	TAAAATGTATAAAATTCTAGTGCCTGAAATC	30931286	30934747	-3461	30939496	-8210	30931317	-3430	-8179
ENSMUST00000073192	TAAAATGTATAAAATTCTAGTGCCTGAAATC	30931286	30935059	-3773	30939496	-8210	30931317	-3742	-8179
ENSMUST00000073192	TAAAATGTATAAAATTCTAGTGCCTGAAATC	30931286	30935059	-3773	30943038	-11752	30931317	-3742	-11721
ENSMUST00000073192	TAAAATGTATAAAATTCTAGTGCCTGAAATC	30931286	30935059	-3773	30943038	-11752	30931317	-3742	-11721
ENSMUST00000073192	TAAAATGTATAAAATTCTAGTGCCTGAAATC	30931286	30935445	-4159	30943038	-11752	30931317	-4128	-11721
ENSMUST00000073192	TAAAATGTATAAAATTCTAGTGCCTGAAATC	30931286	30948523	-17237	30950740	-19454	30931317	-17206	-19423
ENSMUST00000073192	TAAAATGTATAAAATTCTAGTGCCTGAAATC	30931286	30949977	-18691	30950740	-19454	30931317	-18660	-19423
ENSMUST00000177846	TAAAATACCATTGAGAAGATATTAATGTTAA	154306431	154307005	-574	154316742	-10311	154306462	-543	-10280
ENSMUST00000177846	TAAAATACCATTGAGAAGATATTAATGTTAA	154306431	154311723	-5292	154321626	-15195	154306462	-5261	-15164
ENSMUST00000078308	TTTCTTTGCCCAGCCATTATGTCTCCCAGTC	157163825	157158837	4988	157163702	123	157163856	5019	154
ENSMUST00000078308	TTTCTTTGCCCAGCCATTATGTCTCCCAGTC	157163825	157179252	-15427	157230038	-66213	157163856	-15396	-66182
ENSMUST00000078308	TTTCTTTGCCCAGCCATTATGTCTCCCAGTC	157163825	157230145	-66320	157299136	-135311	157163856	-66289	-135280
ENSMUST00000085585	GGAAGATCCCCTTGGGCCCAACTGCTACTAT	34353491	34345958	7533	34351285	2206	34353522	7564	2237
ENSMUST00000085585	GGAAGATCCCCTTGGGCCCAACTGCTACTAT	34353491	34347982	5509	34353389	102	34353522	5540	133
ENSMUST00000085585	GGAAGATCCCCTTGGGCCCAACTGCTACTAT	34353491	34357496	-4005	34365614	-12123	34353522	-3974	-12092
ENSMUST00000085585	GGAAGATCCCCTTGGGCCCAACTGCTACTAT	34353491	34357942	-4451	34371054	-17563	34353522	-4420	-17532
ENSMUST00000085585	GGAAGATCCCCTTGGGCCCAACTGCTACTAT	34353491	34365737	-12246	34375228	-21737	34353522	-12215	-21706
ENSMUST00000028300	ACTTTGCCCTTGGATGTAGATGCAGCCAGTG	26059163	26061670	-2507	26064453	-5290	26059194	-2476	-5259
ENSMUST00000028300	ACTTTGCCCTTGGATGTAGATGCAGCCAGTG	26059163	26062297	-3134	26089542	-30379	26059194	-3103	-30348
ENSMUST00000028300	ACTTTGCCCTTGGATGTAGATGCAGCCAGTG	26059163	26064618	-5455	26122688	-63525	26059194	-5424	-63494
ENSMUST00000057610	GGGCCCAGAACTGTATCATTCTTCTCTCCAA	49473378	49460738	12640	49463925	9453	49471980	11242	8055
ENSMUST00000057610	GGGCCCAGAACTGTATCATTCTTCTCTCCAA	49473378	49462201	11177	49464462	8916	49471980	9779	7518
ENSMUST00000057610	GGGCCCAGAACTGTATCATTCTTCTCTCCAA	49473378	49473392	-14	49476447	-3069	49471980	-1412	-4467
ENSMUST00000057610	GGGCCCAGAACTGTATCATTCTTCTCTCCAA	49473378	49485494	-12116	49488186	-14808	49471980	-13514	-16206
ENSMUST00000057610	GGGCCCAGAACTGTATCATTCTTCTCTCCAA	49473378	49494449	-21071	49498705	-25327	49471980	-22469	-26725
ENSMUST00000057610	GGGCCCAGAACTGTATCATTCTTCTCTCCAA	49473378	49496214	-22836	49564202	-90824	49471980	-24234	-92222
ENSMUST00000208538	GAAGCTGGCAGGACTCCTCCGCACCTTCATG	30529925	30530047	-122	30530275	-350	30529956	-91	-319
ENSMUST00000208538	GAAGCTGGCAGGACTCCTCCGCACCTTCATG	30529925	30530195	-270	30530424	-499	30529956	-239	-468
ENSMUST00000102939	AGGGAGGCTGCAGAGAAGGAGAGCAACGCGG	24679594	24608146	71448	24610110	69484	24679625	71479	69515
ENSMUST00000102939	AGGGAGGCTGCAGAGAAGGAGAGCAACGCGG	24679594	24616946	62648	24618254	61340	24679625	62679	61371
ENSMUST00000102939	AGGGAGGCTGCAGAGAAGGAGAGCAACGCGG	24679594	24616946	62648	24622598	56996	24679625	62679	57027
ENSMUST00000102939	AGGGAGGCTGCAGAGAAGGAGAGCAACGCGG	24679594	24616946	62648	24622598	56996	24679625	62679	57027
ENSMUST00000102939	AGGGAGGCTGCAGAGAAGGAGAGCAACGCGG	24679594	24617786	61808	24622598	56996	24679625	61839	57027
ENSMUST00000102939	AGGGAGGCTGCAGAGAAGGAGAGCAACGCGG	24679594	24622707	56887	24626822	52772	24679625	56918	52803
ENSMUST00000102939	AGGGAGGCTGCAGAGAAGGAGAGCAACGCGG	24679594	24622707	56887	24631898	47696	24679625	56918	47727
ENSMUST00000102939	AGGGAGGCTGCAGAGAAGGAGAGCAACGCGG	24679594	24622707	56887	24635095	44499	24679625	56918	44530
ENSMUST00000102939	AGGGAGGCTGCAGAGAAGGAGAGCAACGCGG	24679594	24622707	56887	24631898	47696	24679625	56918	47727
ENSMUST00000102939	AGGGAGGCTGCAGAGAAGGAGAGCAACGCGG	24679594	24625334	54260	24631898	47696	24679625	54291	47727
ENSMUST00000102939	AGGGAGGCTGCAGAGAAGGAGAGCAACGCGG	24679594	24622707	56887	24635095	44499	24679625	56918	44530
ENSMUST00000102939	AGGGAGGCTGCAGAGAAGGAGAGCAACGCGG	24679594	24622707	56887	24637425	42169	24679625	56918	42200
ENSMUST00000102939	AGGGAGGCTGCAGAGAAGGAGAGCAACGCGG	24679594	24625334	54260	24635095	44499	24679625	54291	44530
ENSMUST00000102939	AGGGAGGCTGCAGAGAAGGAGAGCAACGCGG	24679594	24622707	56887	24637425	42169	24679625	56918	42200
ENSMUST00000102939	AGGGAGGCTGCAGAGAAGGAGAGCAACGCGG	24679594	24632026	47568	24637425	42169	24679625	47599	42200
ENSMUST00000102939	AGGGAGGCTGCAGAGAAGGAGAGCAACGCGG	24679594	24637517	42077	24639093	40501	24679625	42108	40532
ENSMUST00000102939	AGGGAGGCTGCAGAGAAGGAGAGCAACGCGG	24679594	24639210	40384	24648478	31116	24679625	40415	31147
ENSMUST00000102939	AGGGAGGCTGCAGAGAAGGAGAGCAACGCGG	24679594	24648562	31032	24649993	29601	24679625	31063	29632
ENSMUST00000102939	AGGGAGGCTGCAGAGAAGGAGAGCAACGCGG	24679594	24653064	26530	24656710	22884	24679625	26561	22915
ENSMUST00000102939	AGGGAGGCTGCAGAGAAGGAGAGCAACGCGG	24679594	24654480	25114	24657290	22304	24679625	25145	22335
ENSMUST00000102939	AGGGAGGCTGCAGAGAAGGAGAGCAACGCGG	24679594	24679640	-46	24685767	-6173	24679625	-15	-6142
ENSMUST00000102939	AGGGAGGCTGCAGAGAAGGAGAGCAACGCGG	24679594	24679643	-49	24685767	-6173	24679625	-18	-6142
ENSMUST00000102939	AGGGAGGCTGCAGAGAAGGAGAGCAACGCGG	24679594	24697347	-17753	24699925	-20331	24679625	-17722	-20300
ENSMUST00000102939	AGGGAGGCTGCAGAGAAGGAGAGCAACGCGG	24679594	24706344	-26750	24719044	-39450	24679625	-26719	-39419
ENSMUST00000102939	AGGGAGGCTGCAGAGAAGGAGAGCAACGCGG	24679594	24706344	-26750	24719044	-39450	24679625	-26719	-39419
ENSMUST00000102939	AGGGAGGCTGCAGAGAAGGAGAGCAACGCGG	24679594	24719101	-39507	24721307	-41713	24679625	-39476	-41682
ENSMUST00000102939	AGGGAGGCTGCAGAGAAGGAGAGCAACGCGG	24679594	24732348	-52754	24758281	-78687	24679625	-52723	-78656
ENSMUST00000038359	GCCCAACATTCTCTCCAAATCTCATAACTAT	98630176	98590884	39292	98594751	35425	98630207	39323	35456
ENSMUST00000038359	GCCCAACATTCTCTCCAAATCTCATAACTAT	98630176	98597184	32992	98602582	27594	98630207	33023	27625
ENSMUST00000038359	GCCCAACATTCTCTCCAAATCTCATAACTAT	98630176	98597184	32992	98610666	19510	98630207	33023	19541
ENSMUST00000038359	GCCCAACATTCTCTCCAAATCTCATAACTAT	98630176	98597184	32992	98610666	19510	98630207	33023	19541
ENSMUST00000038359	GCCCAACATTCTCTCCAAATCTCATAACTAT	98630176	98600827	29349	98610666	19510	98630207	29380	19541
ENSMUST00000038359	GCCCAACATTCTCTCCAAATCTCATAACTAT	98630176	98613157	17019	98619298	10878	98630207	17050	10909
ENSMUST00000038359	GCCCAACATTCTCTCCAAATCTCATAACTAT	98630176	98619469	10707	98626465	3711	98630207	10738	3742
ENSMUST00000038359	GCCCAACATTCTCTCCAAATCTCATAACTAT	98630176	98637520	-7344	98646448	-16272	98630207	-7313	-16241
ENSMUST00000038359	GCCCAACATTCTCTCCAAATCTCATAACTAT	98630176	98637520	-7344	98647804	-17628	98630207	-7313	-17597
ENSMUST00000038359	GCCCAACATTCTCTCCAAATCTCATAACTAT	98630176	98641668	-11492	98646448	-16272	98630207	-11461	-16241
ENSMUST00000038359	GCCCAACATTCTCTCCAAATCTCATAACTAT	98630176	98637520	-7344	98647804	-17628	98630207	-7313	-17597
ENSMUST00000038359	GCCCAACATTCTCTCCAAATCTCATAACTAT	98630176	98641668	-11492	98647804	-17628	98630207	-11461	-17597
ENSMUST00000064656	ATTTAGAAGCTTGTCATCCTTGAGGGCCCATC	67909322	67889091	20231	67897433	11889	67909354	20263	11921
ENSMUST00000064656	ATTTAGAAGCTTGTCATCCTTGAGGGCCCATC	67909322	67889990	19332	67909200	122	67909354	19364	154
ENSMUST00000111836	AGCCAGGAAAACGCCTGTCACTCAAACTCCAA	152846174	152841184	4990	152843229	2945	152846206	5022	2977
ENSMUST00000111836	AGCCAGGAAAACGCCTGTCACTCAAACTCCAA	152846174	152841593	4581	152844035	2139	152846206	4613	2171
ENSMUST00000111836	AGCCAGGAAAACGCCTGTCACTCAAACTCCAA	152846174	152859014	-12840	152860449	-14275	152846206	-12808	-14243
ENSMUST00000046373	TACACCAATTCTGCTGCCCTGCCGCTGACACC	121444172	121376531	67641	121379994	64178	121444204	67673	64210
ENSMUST00000046373	TACACCAATTCTGCTGCCCTGCCGCTGACACC	121444172	121376531	67641	121381648	62524	121444204	67673	62556
ENSMUST00000046373	TACACCAATTCTGCTGCCCTGCCGCTGACACC	121444172	121376531	67641	121381648	62524	121444204	67673	62556
ENSMUST00000046373	TACACCAATTCTGCTGCCCTGCCGCTGACACC	121444172	121379909	64263	121381648	62524	121444204	64295	62556
ENSMUST00000046373	TACACCAATTCTGCTGCCCTGCCGCTGACACC	121444172	121390122	54050	121444156	16	121444204	54082	48
ENSMUST00000046373	TACACCAATTCTGCTGCCCTGCCGCTGACACC	121444172	121410775	33397	121444156	16	121444204	33429	48
ENSMUST00000046373	TACACCAATTCTGCTGCCCTGCCGCTGACACC	121444172	121413616	30556	121444156	16	121444204	30588	48
ENSMUST00000046373	TACACCAATTCTGCTGCCCTGCCGCTGACACC	121444172	121428567	15605	121473024	-28852	121444204	15637	-28820
ENSMUST00000168755	TATTTTTTTATGCCTGCTTATTTTAAATTTGG	88411078	88412897	-1819	88420500	-9422	88411110	-1787	-9390
ENSMUST00000112066	TCCTCTGAGTTCCGCTGCTCAAGATCCCTAAG	115479793	115478408	1385	115480230	-437	115478023	-385	-2207
ENSMUST00000109552	TTACGGAAAAGTAGCCCAGGGACATCTAATAA	85229650	85217011	12639	85219405	10245	85228608	11597	9203
ENSMUST00000109552	TTACGGAAAAGTAGCCCAGGGACATCTAATAA	85229650	85218259	11391	85221470	8180	85228608	10349	7138
ENSMUST00000109552	TTACGGAAAAGTAGCCCAGGGACATCTAATAA	85229650	85227124	2526	85229604	46	85228608	1484	-996
ENSMUST00000109552	TTACGGAAAAGTAGCCCAGGGACATCTAATAA	85229650	85228307	1343	85229604	46	85228608	301	-996
ENSMUST00000109552	TTACGGAAAAGTAGCCCAGGGACATCTAATAA	85229650	85244338	-14688	85250431	-20781	85228608	-15730	-21823
ENSMUST00000109552	TTACGGAAAAGTAGCCCAGGGACATCTAATAA	85229650	85217011	12639	85219405	10245	85228608	11597	9203
ENSMUST00000109552	TTACGGAAAAGTAGCCCAGGGACATCTAATAA	85229650	85218259	11391	85221470	8180	85228608	10349	7138
ENSMUST00000109552	TTACGGAAAAGTAGCCCAGGGACATCTAATAA	85229650	85227124	2526	85229604	46	85228608	1484	-996
ENSMUST00000109552	TTACGGAAAAGTAGCCCAGGGACATCTAATAA	85229650	85228307	1343	85229604	46	85228608	301	-996
ENSMUST00000109552	TTACGGAAAAGTAGCCCAGGGACATCTAATAA	85229650	85244338	-14688	85250431	-20781	85228608	-15730	-21823
ENSMUST00000168630	ATTTTGACCAATATTCTGAGAGACTGAAGATG	28648388	28675439	-27051	28694514	-46126	28648420	-27019	-46094
ENSMUST00000168630	ATTTTGACCAATATTCTGAGAGACTGAAGATG	28648388	28719994	-71606	28741479	-93091	28648420	-71574	-93059
ENSMUST00000168630	ATTTTGACCAATATTCTGAGAGACTGAAGATG	28648388	28719994	-71606	28758957	-110569	28648420	-71574	-110537
ENSMUST00000168630	ATTTTGACCAATATTCTGAGAGACTGAAGATG	28648388	28724406	-76018	28741479	-93091	28648420	-75986	-93059
ENSMUST00000168630	ATTTTGACCAATATTCTGAGAGACTGAAGATG	28648388	28724406	-76018	28758957	-110569	28648420	-75986	-110537
ENSMUST00000168630	ATTTTGACCAATATTCTGAGAGACTGAAGATG	28648388	28719994	-71606	28758957	-110569	28648420	-71574	-110537
ENSMUST00000168630	ATTTTGACCAATATTCTGAGAGACTGAAGATG	28648388	28724406	-76018	28758957	-110569	28648420	-75986	-110537
ENSMUST00000168630	ATTTTGACCAATATTCTGAGAGACTGAAGATG	28648388	28725162	-76774	28758957	-110569	28648420	-76742	-110537
ENSMUST00000168630	ATTTTGACCAATATTCTGAGAGACTGAAGATG	28648388	28759122	-110734	28761698	-113310	28648420	-110702	-113278
ENSMUST00000005493	CTGGGAACAAGTGCAAGACACTGACACGCAAG	8708599	8636339	72260	8642181	66418	8708631	72292	66450
ENSMUST00000005493	CTGGGAACAAGTGCAAGACACTGACACGCAAG	8708599	8651053	57546	8688287	20312	8708631	57578	20344
ENSMUST00000005493	CTGGGAACAAGTGCAAGACACTGACACGCAAG	8708599	8681176	27423	8688287	20312	8708631	27455	20344
ENSMUST00000005493	CTGGGAACAAGTGCAAGACACTGACACGCAAG	8708599	8651053	57546	8708561	38	8708631	57578	70
ENSMUST00000005493	CTGGGAACAAGTGCAAGACACTGACACGCAAG	8708599	8636339	72260	8642181	66418	8708631	72292	66450
ENSMUST00000005493	CTGGGAACAAGTGCAAGACACTGACACGCAAG	8708599	8651053	57546	8688287	20312	8708631	57578	20344
ENSMUST00000005493	CTGGGAACAAGTGCAAGACACTGACACGCAAG	8708599	8681176	27423	8688287	20312	8708631	27455	20344
ENSMUST00000005493	CTGGGAACAAGTGCAAGACACTGACACGCAAG	8708599	8651053	57546	8708561	38	8708631	57578	70
ENSMUST00000081848	CAGTTACAACCGCCTCAAGAGTCTCATAGAGC	89093695	89100831	-7136	89101861	-8166	89093727	-7104	-8134
ENSMUST00000117394	GAGCAGCCATTCAGTGCCCAGCATGTCCATCA	126874725	126867179	7546	126871401	3324	126874757	7578	3356
ENSMUST00000146021	CCTGTCACGACTGCTCTCCTCATTCCTCAAAA	132007188	131928572	78616	131935738	71450	132007220	78648	71482
ENSMUST00000146021	CCTGTCACGACTGCTCTCCTCATTCCTCAAAA	132007188	131935867	71321	131957642	49546	132007220	71353	49578
ENSMUST00000146021	CCTGTCACGACTGCTCTCCTCATTCCTCAAAA	132007188	131957819	49369	131963928	43260	132007220	49401	43292
ENSMUST00000146021	CCTGTCACGACTGCTCTCCTCATTCCTCAAAA	132007188	131957819	49369	131964130	43058	132007220	49401	43090
ENSMUST00000146021	CCTGTCACGACTGCTCTCCTCATTCCTCAAAA	132007188	131957819	49369	131967787	39401	132007220	49401	39433
ENSMUST00000146021	CCTGTCACGACTGCTCTCCTCATTCCTCAAAA	132007188	131957819	49369	131964130	43058	132007220	49401	43090
ENSMUST00000146021	CCTGTCACGACTGCTCTCCTCATTCCTCAAAA	132007188	131957819	49369	131967787	39401	132007220	49401	39433
ENSMUST00000146021	CCTGTCACGACTGCTCTCCTCATTCCTCAAAA	132007188	131962986	44202	131964130	43058	132007220	44234	43090
ENSMUST00000146021	CCTGTCACGACTGCTCTCCTCATTCCTCAAAA	132007188	131962986	44202	131967787	39401	132007220	44234	39433
ENSMUST00000146021	CCTGTCACGACTGCTCTCCTCATTCCTCAAAA	132007188	131957819	49369	131967787	39401	132007220	49401	39433
ENSMUST00000146021	CCTGTCACGACTGCTCTCCTCATTCCTCAAAA	132007188	131962986	44202	131967787	39401	132007220	44234	39433
ENSMUST00000146021	CCTGTCACGACTGCTCTCCTCATTCCTCAAAA	132007188	131963970	43218	131967787	39401	132007220	43250	39433
ENSMUST00000146021	CCTGTCACGACTGCTCTCCTCATTCCTCAAAA	132007188	131991286	15902	132000199	6989	132007220	15934	7021
ENSMUST00000025166	CACACACACACACACACACTTCTCGGCGCGCAC	16808865	16590353	218512	16622127	186738	16808898	218545	186771
ENSMUST00000025166	CACACACACACACACACACTTCTCGGCGCGCAC	16808865	16650498	158367	16808334	531	16808898	158400	564
ENSMUST00000006478	CTTCGCCCTCGCCTACTTTCCCTATTTCATCAC	30729490	30728289	1201	30728656	834	30729523	1234	867
ENSMUST00000006478	CTTCGCCCTCGCCTACTTTCCCTATTTCATCAC	30729490	30728289	1201	30729201	289	30729523	1234	322
ENSMUST00000006478	CTTCGCCCTCGCCTACTTTCCCTATTTCATCAC	30729490	30728289	1201	30729343	147	30729523	1234	180
ENSMUST00000006478	CTTCGCCCTCGCCTACTTTCCCTATTTCATCAC	30729490	30728289	1201	30729343	147	30729523	1234	180
ENSMUST00000006478	CTTCGCCCTCGCCTACTTTCCCTATTTCATCAC	30729490	30728716	774	30729343	147	30729523	807	180
ENSMUST00000088615	TCGAGATATGGTTGTACGGTGTATAGCACAAAT	10159605	10138996	20609	10141558	18047	10159638	20642	18080
ENSMUST00000088615	TCGAGATATGGTTGTACGGTGTATAGCACAAAT	10159605	10153524	6081	10154280	5325	10159638	6114	5358
ENSMUST00000088615	TCGAGATATGGTTGTACGGTGTATAGCACAAAT	10159605	10158060	1545	10159876	-271	10159638	1578	-238
ENSMUST00000088615	TCGAGATATGGTTGTACGGTGTATAGCACAAAT	10159605	10174195	-14590	10180869	-21264	10159638	-14557	-21231
ENSMUST00000088615	TCGAGATATGGTTGTACGGTGTATAGCACAAAT	10159605	10184181	-24576	10188756	-29151	10159638	-24543	-29118
ENSMUST00000088615	TCGAGATATGGTTGTACGGTGTATAGCACAAAT	10159605	10189678	-30073	10198842	-39237	10159638	-30040	-39204
ENSMUST00000088615	TCGAGATATGGTTGTACGGTGTATAGCACAAAT	10159605	10204909	-45304	10213043	-53438	10159638	-45271	-53405
ENSMUST00000088615	TCGAGATATGGTTGTACGGTGTATAGCACAAAT	10159605	10214271	-54666	10216528	-56923	10159638	-54633	-56890
ENSMUST00000088615	TCGAGATATGGTTGTACGGTGTATAGCACAAAT	10159605	10215993	-56388	10232370	-72765	10159638	-56355	-72732
ENSMUST00000088615	TCGAGATATGGTTGTACGGTGTATAGCACAAAT	10159605	10138996	20609	10141558	18047	10159638	20642	18080
ENSMUST00000088615	TCGAGATATGGTTGTACGGTGTATAGCACAAAT	10159605	10153524	6081	10154280	5325	10159638	6114	5358
ENSMUST00000088615	TCGAGATATGGTTGTACGGTGTATAGCACAAAT	10159605	10158060	1545	10159876	-271	10159638	1578	-238
ENSMUST00000088615	TCGAGATATGGTTGTACGGTGTATAGCACAAAT	10159605	10174195	-14590	10180869	-21264	10159638	-14557	-21231
ENSMUST00000088615	TCGAGATATGGTTGTACGGTGTATAGCACAAAT	10159605	10184181	-24576	10188756	-29151	10159638	-24543	-29118
ENSMUST00000088615	TCGAGATATGGTTGTACGGTGTATAGCACAAAT	10159605	10189678	-30073	10198842	-39237	10159638	-30040	-39204
ENSMUST00000088615	TCGAGATATGGTTGTACGGTGTATAGCACAAAT	10159605	10204909	-45304	10213043	-53438	10159638	-45271	-53405
ENSMUST00000088615	TCGAGATATGGTTGTACGGTGTATAGCACAAAT	10159605	10214271	-54666	10216528	-56923	10159638	-54633	-56890
ENSMUST00000088615	TCGAGATATGGTTGTACGGTGTATAGCACAAAT	10159605	10215993	-56388	10232370	-72765	10159638	-56355	-72732
ENSMUST00000099274	AGCTCTTTGGCTGCAGAAAAATGAATAGTATAA	59300725	59301708	-983	59315257	-14532	59300758	-950	-14499
ENSMUST00000099274	AGCTCTTTGGCTGCAGAAAAATGAATAGTATAA	59300725	59305320	-4595	59327750	-27025	59300758	-4562	-26992
ENSMUST00000099274	AGCTCTTTGGCTGCAGAAAAATGAATAGTATAA	59300725	59315360	-14635	59344718	-43993	59300758	-14602	-43960
ENSMUST00000099274	AGCTCTTTGGCTGCAGAAAAATGAATAGTATAA	59300725	59301708	-983	59315257	-14532	59300758	-950	-14499
ENSMUST00000099274	AGCTCTTTGGCTGCAGAAAAATGAATAGTATAA	59300725	59305320	-4595	59327750	-27025	59300758	-4562	-26992
ENSMUST00000099274	AGCTCTTTGGCTGCAGAAAAATGAATAGTATAA	59300725	59315360	-14635	59344718	-43993	59300758	-14602	-43960
ENSMUST00000041769	TTCATAAAACCTATGGCTTCCACTTTACCATAC	104428121	104420682	7439	104425438	2683	104428154	7472	2716
ENSMUST00000041769	TTCATAAAACCTATGGCTTCCACTTTACCATAC	104428121	104423230	4891	104425438	2683	104428154	4924	2716
ENSMUST00000041769	TTCATAAAACCTATGGCTTCCACTTTACCATAC	104428121	104429508	-1387	104437362	-9241	104428154	-1354	-9208
ENSMUST00000041769	TTCATAAAACCTATGGCTTCCACTTTACCATAC	104428121	104437593	-9472	104442694	-14573	104428154	-9439	-14540
ENSMUST00000041769	TTCATAAAACCTATGGCTTCCACTTTACCATAC	104428121	104440590	-12469	104442694	-14573	104428154	-12436	-14540
ENSMUST00000075869	GTTAACACAATGCTATTATTTATTCCTAATCTT	36964985	36970743	-5758	36990103	-25118	36965018	-5725	-25085
ENSMUST00000018821	TTCTGGAGTCTCTCCTACACCAAATCATCCTCC	102406229	102403535	2694	102403790	2439	102405705	2170	1915
ENSMUST00000018821	TTCTGGAGTCTCTCCTACACCAAATCATCCTCC	102406229	102405079	1150	102406205	24	102405705	626	-500
ENSMUST00000018821	TTCTGGAGTCTCTCCTACACCAAATCATCCTCC	102406229	102405079	1150	102406205	24	102405705	626	-500
ENSMUST00000018821	TTCTGGAGTCTCTCCTACACCAAATCATCCTCC	102406229	102405826	403	102406361	-132	102405705	-121	-656
ENSMUST00000036719	GCCCCTGTGATCAAGGACCGTGATTACCACCTG	166599606	166569448	30158	166571529	28077	166599638	30190	28109
ENSMUST00000036719	GCCCCTGTGATCAAGGACCGTGATTACCACCTG	166599606	166576705	22901	166580216	19390	166599638	22933	19422
ENSMUST00000036719	GCCCCTGTGATCAAGGACCGTGATTACCACCTG	166599606	166589646	9960	166592200	7406	166599638	9992	7438
ENSMUST00000036719	GCCCCTGTGATCAAGGACCGTGATTACCACCTG	166599606	166592349	7257	166593759	5847	166599638	7289	5879
ENSMUST00000036719	GCCCCTGTGATCAAGGACCGTGATTACCACCTG	166599606	166599681	-75	166601723	-2117	166599638	-43	-2085
ENSMUST00000036719	GCCCCTGTGATCAAGGACCGTGATTACCACCTG	166599606	166617966	-18360	166633365	-33759	166599638	-18328	-33727
ENSMUST00000036719	GCCCCTGTGATCAAGGACCGTGATTACCACCTG	166599606	166633467	-33861	166644748	-45142	166599638	-33829	-45110
ENSMUST00000036719	GCCCCTGTGATCAAGGACCGTGATTACCACCTG	166599606	166638419	-38813	166646973	-47367	166599638	-38781	-47335
ENSMUST00000049005	AAGGAAAAAAAGAATAGAACCCACTGTGTAATG	34413103	34415882	-2779	34424945	-11842	34413136	-2746	-11809
ENSMUST00000049005	AAGGAAAAAAAGAATAGAACCCACTGTGTAATG	34413103	34447978	-34875	34503173	-90070	34413136	-34842	-90037
ENSMUST00000049005	AAGGAAAAAAAGAATAGAACCCACTGTGTAATG	34413103	34460612	-47509	34502394	-89291	34413136	-47476	-89258
ENSMUST00000049005	AAGGAAAAAAAGAATAGAACCCACTGTGTAATG	34413103	34415882	-2779	34424945	-11842	34413136	-2746	-11809
ENSMUST00000049005	AAGGAAAAAAAGAATAGAACCCACTGTGTAATG	34413103	34447978	-34875	34503173	-90070	34413136	-34842	-90037
ENSMUST00000049005	AAGGAAAAAAAGAATAGAACCCACTGTGTAATG	34413103	34460612	-47509	34502394	-89291	34413136	-47476	-89258
ENSMUST00000117177	AAGATGTAGCTCAGTCGGTAGAGCACTTGCCTA	118192729	118201431	-8702	118228783	-36054	118192762	-8669	-36021
ENSMUST00000117177	AAGATGTAGCTCAGTCGGTAGAGCACTTGCCTA	118192729	118232502	-39773	118237126	-44397	118192762	-39740	-44364
ENSMUST00000117177	AAGATGTAGCTCAGTCGGTAGAGCACTTGCCTA	118192729	118232502	-39773	118242457	-49728	118192762	-39740	-49695
ENSMUST00000117177	AAGATGTAGCTCAGTCGGTAGAGCACTTGCCTA	118192729	118232502	-39773	118242457	-49728	118192762	-39740	-49695
ENSMUST00000117177	AAGATGTAGCTCAGTCGGTAGAGCACTTGCCTA	118192729	118234217	-41488	118242457	-49728	118192762	-41455	-49695
ENSMUST00000117177	AAGATGTAGCTCAGTCGGTAGAGCACTTGCCTA	118192729	118232502	-39773	118242457	-49728	118192762	-39740	-49695
ENSMUST00000117177	AAGATGTAGCTCAGTCGGTAGAGCACTTGCCTA	118192729	118234217	-41488	118242457	-49728	118192762	-41455	-49695
ENSMUST00000117177	AAGATGTAGCTCAGTCGGTAGAGCACTTGCCTA	118192729	118242985	-50256	118244829	-52100	118192762	-50223	-52067
ENSMUST00000117177	AAGATGTAGCTCAGTCGGTAGAGCACTTGCCTA	118192729	118242985	-50256	118244971	-52242	118192762	-50223	-52209
ENSMUST00000117177	AAGATGTAGCTCAGTCGGTAGAGCACTTGCCTA	118192729	118243031	-50302	118244829	-52100	118192762	-50269	-52067
ENSMUST00000117177	AAGATGTAGCTCAGTCGGTAGAGCACTTGCCTA	118192729	118243031	-50302	118244971	-52242	118192762	-50269	-52209
ENSMUST00000108340	TACCAGGAGGCAGCCGACCTGCCTGATGCCCCT	9531992	9514678	17314	9529885	2107	9532025	17347	2140
ENSMUST00000108340	TACCAGGAGGCAGCCGACCTGCCTGATGCCCCT	9531992	9532065	-73	9542224	-10232	9532025	-40	-10199
ENSMUST00000108340	TACCAGGAGGCAGCCGACCTGCCTGATGCCCCT	9531992	9542310	-10318	9594662	-62670	9532025	-10285	-62637
ENSMUST00000108340	TACCAGGAGGCAGCCGACCTGCCTGATGCCCCT	9531992	9576973	-44981	9594662	-62670	9532025	-44948	-62637
ENSMUST00000108340	TACCAGGAGGCAGCCGACCTGCCTGATGCCCCT	9531992	9595415	-63423	9601306	-69314	9532025	-63390	-69281
ENSMUST00000108340	TACCAGGAGGCAGCCGACCTGCCTGATGCCCCT	9531992	9598301	-66309	9601306	-69314	9532025	-66276	-69281
ENSMUST00000108340	TACCAGGAGGCAGCCGACCTGCCTGATGCCCCT	9531992	9598780	-66788	9602468	-70476	9532025	-66755	-70443
ENSMUST00000108340	TACCAGGAGGCAGCCGACCTGCCTGATGCCCCT	9531992	9601363	-69371	9604515	-72523	9532025	-69338	-72490
ENSMUST00000108340	TACCAGGAGGCAGCCGACCTGCCTGATGCCCCT	9531992	9602501	-70509	9607796	-75804	9532025	-70476	-75771
ENSMUST00000108340	TACCAGGAGGCAGCCGACCTGCCTGATGCCCCT	9531992	9604629	-72637	9610412	-78420	9532025	-72604	-78387
ENSMUST00000108340	TACCAGGAGGCAGCCGACCTGCCTGATGCCCCT	9531992	9604629	-72637	9610842	-78850	9532025	-72604	-78817
ENSMUST00000108340	TACCAGGAGGCAGCCGACCTGCCTGATGCCCCT	9531992	9604629	-72637	9635900	-103908	9532025	-72604	-103875
ENSMUST00000108340	TACCAGGAGGCAGCCGACCTGCCTGATGCCCCT	9531992	9604629	-72637	9610842	-78850	9532025	-72604	-78817
ENSMUST00000108340	TACCAGGAGGCAGCCGACCTGCCTGATGCCCCT	9531992	9607871	-75879	9610842	-78850	9532025	-75846	-78817
ENSMUST00000108340	TACCAGGAGGCAGCCGACCTGCCTGATGCCCCT	9531992	9604629	-72637	9635900	-103908	9532025	-72604	-103875
ENSMUST00000108340	TACCAGGAGGCAGCCGACCTGCCTGATGCCCCT	9531992	9607871	-75879	9635900	-103908	9532025	-75846	-103875
ENSMUST00000108340	TACCAGGAGGCAGCCGACCTGCCTGATGCCCCT	9531992	9610938	-78946	9635900	-103908	9532025	-78913	-103875
ENSMUST00000108340	TACCAGGAGGCAGCCGACCTGCCTGATGCCCCT	9531992	9635969	-103977	9639197	-107205	9532025	-103944	-107172
ENSMUST00000038027	AAGGGTACACTGGCAAATCCATCACGGACATCA	34220869	34207900	12969	34215955	4914	34220902	13002	4947
ENSMUST00000038027	AAGGGTACACTGGCAAATCCATCACGGACATCA	34220869	34208310	12559	34218297	2572	34220902	12592	2605
ENSMUST00000080665	TGGGCCGAGTGCACATGGTGGAGGATCTTCTGA	66145455	65851195	294260	65870919	274536	66133565	282370	262646
ENSMUST00000080665	TGGGCCGAGTGCACATGGTGGAGGATCTTCTGA	66145455	65851195	294260	65870919	274536	66133565	282370	262646
ENSMUST00000080665	TGGGCCGAGTGCACATGGTGGAGGATCTTCTGA	66145455	65855414	290041	65870919	274536	66133565	278151	262646
ENSMUST00000080665	TGGGCCGAGTGCACATGGTGGAGGATCTTCTGA	66145455	65905401	240054	65911790	233665	66133565	228164	221775
ENSMUST00000080665	TGGGCCGAGTGCACATGGTGGAGGATCTTCTGA	66145455	65947729	197726	65955204	190251	66133565	185836	178361
ENSMUST00000080665	TGGGCCGAGTGCACATGGTGGAGGATCTTCTGA	66145455	65955783	189672	65969965	175490	66133565	177782	163600
ENSMUST00000080665	TGGGCCGAGTGCACATGGTGGAGGATCTTCTGA	66145455	65970128	175327	65981185	164270	66133565	163437	152380
ENSMUST00000080665	TGGGCCGAGTGCACATGGTGGAGGATCTTCTGA	66145455	65981347	164108	65992703	152752	66133565	152218	140862
ENSMUST00000080665	TGGGCCGAGTGCACATGGTGGAGGATCTTCTGA	66145455	65989954	155501	65992703	152752	66133565	143611	140862
ENSMUST00000080665	TGGGCCGAGTGCACATGGTGGAGGATCTTCTGA	66145455	66005832	139623	66025135	120320	66133565	127733	108430
ENSMUST00000080665	TGGGCCGAGTGCACATGGTGGAGGATCTTCTGA	66145455	66061125	84330	66072740	72715	66133565	72440	60825
ENSMUST00000080665	TGGGCCGAGTGCACATGGTGGAGGATCTTCTGA	66145455	66108586	36869	66117408	28047	66133565	24979	16157
ENSMUST00000080665	TGGGCCGAGTGCACATGGTGGAGGATCTTCTGA	66145455	66118968	26487	66121825	23630	66133565	14597	11740
ENSMUST00000080665	TGGGCCGAGTGCACATGGTGGAGGATCTTCTGA	66145455	66118968	26487	66130563	14892	66133565	14597	3002
ENSMUST00000080665	TGGGCCGAGTGCACATGGTGGAGGATCTTCTGA	66145455	66147404	-1949	66159856	-14401	66133565	-13839	-26291
ENSMUST00000080665	TGGGCCGAGTGCACATGGTGGAGGATCTTCTGA	66145455	66147404	-1949	66168056	-22601	66133565	-13839	-34491
ENSMUST00000080665	TGGGCCGAGTGCACATGGTGGAGGATCTTCTGA	66145455	66155547	-10092	66159856	-14401	66133565	-21982	-26291
ENSMUST00000080665	TGGGCCGAGTGCACATGGTGGAGGATCTTCTGA	66145455	66155547	-10092	66168056	-22601	66133565	-21982	-34491
ENSMUST00000080665	TGGGCCGAGTGCACATGGTGGAGGATCTTCTGA	66145455	66155547	-10092	66159856	-14401	66133565	-21982	-26291
ENSMUST00000080665	TGGGCCGAGTGCACATGGTGGAGGATCTTCTGA	66145455	66155547	-10092	66168056	-22601	66133565	-21982	-34491
ENSMUST00000080665	TGGGCCGAGTGCACATGGTGGAGGATCTTCTGA	66145455	66147404	-1949	66168056	-22601	66133565	-13839	-34491
ENSMUST00000080665	TGGGCCGAGTGCACATGGTGGAGGATCTTCTGA	66145455	66155547	-10092	66168056	-22601	66133565	-21982	-34491
ENSMUST00000080665	TGGGCCGAGTGCACATGGTGGAGGATCTTCTGA	66145455	66156973	-11518	66168056	-22601	66133565	-23408	-34491
ENSMUST00000080665	TGGGCCGAGTGCACATGGTGGAGGATCTTCTGA	66145455	66156978	-11523	66168056	-22601	66133565	-23413	-34491
ENSMUST00000075316	TACCCTCATCATCATCTCCTCCTACACGGCTAA	80702511	80688714	13797	80691319	11192	80702544	13830	11225
ENSMUST00000075316	TACCCTCATCATCATCTCCTCCTACACGGCTAA	80702511	80688714	13797	80692284	10227	80702544	13830	10260
ENSMUST00000075316	TACCCTCATCATCATCTCCTCCTACACGGCTAA	80702511	80689351	13160	80691319	11192	80702544	13193	11225
ENSMUST00000075316	TACCCTCATCATCATCTCCTCCTACACGGCTAA	80702511	80689351	13160	80692284	10227	80702544	13193	10260
ENSMUST00000075316	TACCCTCATCATCATCTCCTCCTACACGGCTAA	80702511	80688714	13797	80692284	10227	80702544	13830	10260
ENSMUST00000075316	TACCCTCATCATCATCTCCTCCTACACGGCTAA	80702511	80689351	13160	80692284	10227	80702544	13193	10260
ENSMUST00000075316	TACCCTCATCATCATCTCCTCCTACACGGCTAA	80702511	80690518	11993	80691702	10809	80702544	12026	10842
ENSMUST00000075316	TACCCTCATCATCATCTCCTCCTACACGGCTAA	80702511	80690518	11993	80692284	10227	80702544	12026	10260
ENSMUST00000075316	TACCCTCATCATCATCTCCTCCTACACGGCTAA	80702511	80690518	11993	80692284	10227	80702544	12026	10260
ENSMUST00000075316	TACCCTCATCATCATCTCCTCCTACACGGCTAA	80702511	80691434	11077	80692284	10227	80702544	11110	10260
ENSMUST00000075316	TACCCTCATCATCATCTCCTCCTACACGGCTAA	80702511	80702656	-145	80707698	-5187	80702544	-112	-5154
ENSMUST00000075316	TACCCTCATCATCATCTCCTCCTACACGGCTAA	80702511	80732234	-29723	80801644	-99133	80702544	-29690	-99100
ENSMUST00000032421	ATATTTCCTTCCACGATAACTCATGCGTGTATAC	142822940	142829270	-6330	142914023	-91083	142822974	-6296	-91049
ENSMUST00000032421	ATATTTCCTTCCACGATAACTCATGCGTGTATAC	142822940	142867946	-45006	142914023	-91083	142822974	-44972	-91049
ENSMUST00000077078	CCTCCTCCTCACAGCACAATCCTTACCTGCCAAC	3417413	3426678	-9265	3432399	-14986	3417447	-9231	-14952
ENSMUST00000077078	CCTCCTCCTCACAGCACAATCCTTACCTGCCAAC	3417413	3426678	-9265	3452208	-34795	3417447	-9231	-34761
ENSMUST00000077078	CCTCCTCCTCACAGCACAATCCTTACCTGCCAAC	3417413	3419979	-2566	3452208	-34795	3417447	-2532	-34761
ENSMUST00000077078	CCTCCTCCTCACAGCACAATCCTTACCTGCCAAC	3417413	3426678	-9265	3452208	-34795	3417447	-9231	-34761
ENSMUST00000077078	CCTCCTCCTCACAGCACAATCCTTACCTGCCAAC	3417413	3428902	-11489	3438204	-20791	3417447	-11455	-20757
ENSMUST00000077078	CCTCCTCCTCACAGCACAATCCTTACCTGCCAAC	3417413	3428902	-11489	3452208	-34795	3417447	-11455	-34761
ENSMUST00000077078	CCTCCTCCTCACAGCACAATCCTTACCTGCCAAC	3417413	3428902	-11489	3452208	-34795	3417447	-11455	-34761
ENSMUST00000077078	CCTCCTCCTCACAGCACAATCCTTACCTGCCAAC	3417413	3432620	-15207	3452208	-34795	3417447	-15173	-34761
ENSMUST00000027393	TCTAGTAAGCTCCAAAATTTGCTCCATGACAATA	71088217	71065651	22566	71074542	13675	71074543	8892	1
ENSMUST00000027127	CCAGAAGAACAAAAAGAAAGAAAAATAATGAAGT	55003141	54988155	14986	54994329	8812	55003175	15020	8846
ENSMUST00000027127	CCAGAAGAACAAAAAGAAAGAAAAATAATGAAGT	55003141	54996928	6213	54998037	5104	55003175	6247	5138
ENSMUST00000027127	CCAGAAGAACAAAAAGAAAGAAAAATAATGAAGT	55003141	54996928	6213	54999626	3515	55003175	6247	3549
ENSMUST00000027127	CCAGAAGAACAAAAAGAAAGAAAAATAATGAAGT	55003141	54996928	6213	54999626	3515	55003175	6247	3549
ENSMUST00000027127	CCAGAAGAACAAAAAGAAAGAAAAATAATGAAGT	55003141	54997194	5947	54999626	3515	55003175	5981	3549
ENSMUST00000027127	CCAGAAGAACAAAAAGAAAGAAAAATAATGAAGT	55003141	55000387	2754	55001011	2130	55003175	2788	2164
ENSMUST00000027127	CCAGAAGAACAAAAAGAAAGAAAAATAATGAAGT	55003141	55014562	-11421	55016375	-13234	55003175	-11387	-13200
ENSMUST00000027127	CCAGAAGAACAAAAAGAAAGAAAAATAATGAAGT	55003141	55016490	-13349	55019233	-16092	55003175	-13315	-16058
ENSMUST00000131309	TTTCAGCATTCTCTACCTTGTGCCACTCTTGGTTG	65235799	65202932	32867	65252943	-17144	65235834	32902	-17109
ENSMUST00000131309	TTTCAGCATTCTCTACCTTGTGCCACTCTTGGTTG	65235799	65235931	-132	65252943	-17144	65235834	-97	-17109
ENSMUST00000131309	TTTCAGCATTCTCTACCTTGTGCCACTCTTGGTTG	65235799	65202932	32867	65252943	-17144	65235834	32902	-17109
ENSMUST00000131309	TTTCAGCATTCTCTACCTTGTGCCACTCTTGGTTG	65235799	65235931	-132	65252943	-17144	65235834	-97	-17109
ENSMUST00000003961	GCTCGCCCTACGGACTGCACCACCTATACATACCA	45339188	45341784	-2596	45343552	-4364	45339223	-2561	-4329
ENSMUST00000003961	GCTCGCCCTACGGACTGCACCACCTATACATACCA	45339188	45342501	-3313	45343740	-4552	45339223	-3278	-4517
ENSMUST00000003961	GCTCGCCCTACGGACTGCACCACCTATACATACCA	45339188	45348625	-9437	45352086	-12898	45339223	-9402	-12863
ENSMUST00000168574	CCGGCCATTCCAAGTGTGGCTTCATCACCTTGACC	84036435	84038507	-2072	84284340	-247905	84036470	-2037	-247870
ENSMUST00000040603	ACAAAACCTTATAAGAAAGACGAGAACTCGATCAA	116779320	116744935	34385	116751984	27336	116779355	34420	27371
ENSMUST00000040603	ACAAAACCTTATAAGAAAGACGAGAACTCGATCAA	116779320	116746704	32616	116751984	27336	116779355	32651	27371
ENSMUST00000040603	ACAAAACCTTATAAGAAAGACGAGAACTCGATCAA	116779320	116752196	27124	116754872	24448	116779355	27159	24483
ENSMUST00000040603	ACAAAACCTTATAAGAAAGACGAGAACTCGATCAA	116779320	116781344	-2024	116782519	-3199	116779355	-1989	-3164
ENSMUST00000040603	ACAAAACCTTATAAGAAAGACGAGAACTCGATCAA	116779320	116788707	-9387	116791005	-11685	116779355	-9352	-11650
ENSMUST00000040603	ACAAAACCTTATAAGAAAGACGAGAACTCGATCAA	116779320	116744935	34385	116751984	27336	116779355	34420	27371
ENSMUST00000040603	ACAAAACCTTATAAGAAAGACGAGAACTCGATCAA	116779320	116746704	32616	116751984	27336	116779355	32651	27371
ENSMUST00000040603	ACAAAACCTTATAAGAAAGACGAGAACTCGATCAA	116779320	116752196	27124	116754872	24448	116779355	27159	24483
ENSMUST00000040603	ACAAAACCTTATAAGAAAGACGAGAACTCGATCAA	116779320	116781344	-2024	116782519	-3199	116779355	-1989	-3164
ENSMUST00000040603	ACAAAACCTTATAAGAAAGACGAGAACTCGATCAA	116779320	116788707	-9387	116791005	-11685	116779355	-9352	-11650
ENSMUST00000105439	AAGCTGCTTAGTTTACACCTCCGCTCCAACTCACT	64088316	63930267	158049	64089709	-1393	64088351	158084	-1358
ENSMUST00000047194	TGGGGTATAGCTCAGCTGGCAGAGTGCTTGCCTAG	121064226	121068364	-4138	121074438	-10212	121064261	-4103	-10177
ENSMUST00000102655	ATTTTCACTGTACATACAGTTCAGGGATTGCGAAC	79835588	79878248	-42660	79905989	-70401	79835623	-42625	-70366
ENSMUST00000102655	ATTTTCACTGTACATACAGTTCAGGGATTGCGAAC	79835588	79887941	-52353	79901811	-66223	79835623	-52318	-66188
ENSMUST00000102655	ATTTTCACTGTACATACAGTTCAGGGATTGCGAAC	79835588	79897205	-61617	79901811	-66223	79835623	-61582	-66188
ENSMUST00000102655	ATTTTCACTGTACATACAGTTCAGGGATTGCGAAC	79835588	79887941	-52353	79905989	-70401	79835623	-52318	-70366
ENSMUST00000102655	ATTTTCACTGTACATACAGTTCAGGGATTGCGAAC	79835588	79878248	-42660	79927674	-92086	79835623	-42625	-92051
ENSMUST00000102655	ATTTTCACTGTACATACAGTTCAGGGATTGCGAAC	79835588	79887941	-52353	80128733	-293145	79835623	-52318	-293110
ENSMUST00000102655	ATTTTCACTGTACATACAGTTCAGGGATTGCGAAC	79835588	79906172	-70584	80128733	-293145	79835623	-70549	-293110
ENSMUST00000131070	AGTTGTAAAGACAGAGAGGTGAACGCTGTCGATTC	37325187	37288208	36979	37290669	34518	37325222	37014	34553
ENSMUST00000131070	AGTTGTAAAGACAGAGAGGTGAACGCTGTCGATTC	37325187	37288208	36979	37295882	29305	37325222	37014	29340
ENSMUST00000131070	AGTTGTAAAGACAGAGAGGTGAACGCTGTCGATTC	37325187	37288208	36979	37295882	29305	37325222	37014	29340
ENSMUST00000131070	AGTTGTAAAGACAGAGAGGTGAACGCTGTCGATTC	37325187	37298174	27013	37309787	15400	37325222	27048	15435
ENSMUST00000131070	AGTTGTAAAGACAGAGAGGTGAACGCTGTCGATTC	37325187	37312163	13024	37313979	11208	37325222	13059	11243
ENSMUST00000131070	AGTTGTAAAGACAGAGAGGTGAACGCTGTCGATTC	37325187	37325317	-130	37330427	-5240	37325222	-95	-5205
ENSMUST00000118163	TTATTTGAGGCTGCACATGCACTCTCTCCTACTCT	54416445	54366627	49818	54369209	47236	54416480	49853	47271
ENSMUST00000118163	TTATTTGAGGCTGCACATGCACTCTCTCCTACTCT	54416445	54379003	37442	54380907	35538	54416480	37477	35573
ENSMUST00000118163	TTATTTGAGGCTGCACATGCACTCTCTCCTACTCT	54416445	54393876	22569	54399941	16504	54416480	22604	16539
ENSMUST00000118163	TTATTTGAGGCTGCACATGCACTCTCTCCTACTCT	54416445	54393876	22569	54399941	16504	54416480	22604	16539
ENSMUST00000118163	TTATTTGAGGCTGCACATGCACTCTCTCCTACTCT	54416445	54396367	20078	54399941	16504	54416480	20113	16539
ENSMUST00000118163	TTATTTGAGGCTGCACATGCACTCTCTCCTACTCT	54416445	54396370	20075	54399941	16504	54416480	20110	16539
ENSMUST00000118163	TTATTTGAGGCTGCACATGCACTCTCTCCTACTCT	54416445	54404221	12224	54406596	9849	54416480	12259	9884
ENSMUST00000118163	TTATTTGAGGCTGCACATGCACTCTCTCCTACTCT	54416445	54411710	4735	54419744	-3299	54416480	4770	-3264
ENSMUST00000118163	TTATTTGAGGCTGCACATGCACTCTCTCCTACTCT	54416445	54419972	-3527	54426381	-9936	54416480	-3492	-9901
ENSMUST00000118163	TTATTTGAGGCTGCACATGCACTCTCTCCTACTCT	54416445	54428123	-11678	54446371	-29926	54416480	-11643	-29891
ENSMUST00000118163	TTATTTGAGGCTGCACATGCACTCTCTCCTACTCT	54416445	54451841	-35396	54458853	-42408	54416480	-35361	-42373
ENSMUST00000118163	TTATTTGAGGCTGCACATGCACTCTCTCCTACTCT	54416445	54473023	-56578	54477456	-61011	54416480	-56543	-60976
ENSMUST00000118163	TTATTTGAGGCTGCACATGCACTCTCTCCTACTCT	54416445	54477528	-61083	54501350	-84905	54416480	-61048	-84870
ENSMUST00000199942	TTTCCCACCTGCCCTCTCTGCAGCTGCTATTGCTG	52564011	52538780	25231	52554402	9609	52562135	23355	7733
ENSMUST00000199942	TTTCCCACCTGCCCTCTCTGCAGCTGCTATTGCTG	52564011	52538780	25231	52554402	9609	52562135	23355	7733
ENSMUST00000199942	TTTCCCACCTGCCCTCTCTGCAGCTGCTATTGCTG	52564011	52555733	8278	52562125	1886	52562135	6402	10
ENSMUST00000117177	AAAGGGAGAACAGGTGAACTAACAGTGTGGGTTAC	118192934	118201431	-8497	118228783	-35849	118192969	-8462	-35814
ENSMUST00000117177	AAAGGGAGAACAGGTGAACTAACAGTGTGGGTTAC	118192934	118232502	-39568	118237126	-44192	118192969	-39533	-44157
ENSMUST00000117177	AAAGGGAGAACAGGTGAACTAACAGTGTGGGTTAC	118192934	118232502	-39568	118242457	-49523	118192969	-39533	-49488
ENSMUST00000117177	AAAGGGAGAACAGGTGAACTAACAGTGTGGGTTAC	118192934	118232502	-39568	118242457	-49523	118192969	-39533	-49488
ENSMUST00000117177	AAAGGGAGAACAGGTGAACTAACAGTGTGGGTTAC	118192934	118234217	-41283	118242457	-49523	118192969	-41248	-49488
ENSMUST00000117177	AAAGGGAGAACAGGTGAACTAACAGTGTGGGTTAC	118192934	118232502	-39568	118242457	-49523	118192969	-39533	-49488
ENSMUST00000117177	AAAGGGAGAACAGGTGAACTAACAGTGTGGGTTAC	118192934	118234217	-41283	118242457	-49523	118192969	-41248	-49488
ENSMUST00000117177	AAAGGGAGAACAGGTGAACTAACAGTGTGGGTTAC	118192934	118242985	-50051	118244829	-51895	118192969	-50016	-51860
ENSMUST00000117177	AAAGGGAGAACAGGTGAACTAACAGTGTGGGTTAC	118192934	118242985	-50051	118244971	-52037	118192969	-50016	-52002
ENSMUST00000117177	AAAGGGAGAACAGGTGAACTAACAGTGTGGGTTAC	118192934	118243031	-50097	118244829	-51895	118192969	-50062	-51860
ENSMUST00000117177	AAAGGGAGAACAGGTGAACTAACAGTGTGGGTTAC	118192934	118243031	-50097	118244971	-52037	118192969	-50062	-52002
ENSMUST00000071103	GATATCGATAAAGGGCATGTGAAGTTCTCTAAGAA	13239151	13220467	18684	13223675	15476	13237737	17270	14062
ENSMUST00000071103	GATATCGATAAAGGGCATGTGAAGTTCTCTAAGAA	13239151	13225490	13661	13229092	10059	13237737	12247	8645
ENSMUST00000071103	GATATCGATAAAGGGCATGTGAAGTTCTCTAAGAA	13239151	13243956	-4805	13245685	-6534	13237737	-6219	-7948
ENSMUST00000071103	GATATCGATAAAGGGCATGTGAAGTTCTCTAAGAA	13239151	13243956	-4805	13246025	-6874	13237737	-6219	-8288
ENSMUST00000071103	GATATCGATAAAGGGCATGTGAAGTTCTCTAAGAA	13239151	13243956	-4805	13246025	-6874	13237737	-6219	-8288
ENSMUST00000071103	GATATCGATAAAGGGCATGTGAAGTTCTCTAAGAA	13239151	13244997	-5846	13246025	-6874	13237737	-7260	-8288
ENSMUST00000086465	AAAAAAAAAGAAAAAAAAATGCCCCGTGTCATGTG	134201442	134203590	-2148	134235227	-33785	134201477	-2113	-33750
ENSMUST00000086465	AAAAAAAAAGAAAAAAAAATGCCCCGTGTCATGTG	134201442	134203590	-2148	134235227	-33785	134201477	-2113	-33750
ENSMUST00000078886	AGCCCGAGCCCATTCACCTCTCGGTGTCCACCCCT	141478108	141479389	-1281	141483724	-5616	141478143	-1246	-5581
ENSMUST00000078886	AGCCCGAGCCCATTCACCTCTCGGTGTCCACCCCT	141478108	141479389	-1281	141487565	-9457	141478143	-1246	-9422
ENSMUST00000078886	AGCCCGAGCCCATTCACCTCTCGGTGTCCACCCCT	141478108	141483825	-5717	141487565	-9457	141478143	-5682	-9422
ENSMUST00000031490	ATCACACTGGATGTTGTCCTTGTAGGAGACGGTGC	110785447	110786227	-780	110787083	-1636	110785482	-745	-1601
ENSMUST00000031490	ATCACACTGGATGTTGTCCTTGTAGGAGACGGTGC	110785447	110793113	-7666	110793814	-8367	110785482	-7631	-8332
ENSMUST00000031490	ATCACACTGGATGTTGTCCTTGTAGGAGACGGTGC	110785447	110794667	-9220	110795731	-10284	110785482	-9185	-10249
ENSMUST00000031490	ATCACACTGGATGTTGTCCTTGTAGGAGACGGTGC	110785447	110796500	-11053	110799123	-13676	110785482	-11018	-13641
ENSMUST00000031490	ATCACACTGGATGTTGTCCTTGTAGGAGACGGTGC	110785447	110796500	-11053	110809004	-23557	110785482	-11018	-23522
ENSMUST00000036450	AGGGTGTGACTTTCATTCCCGGTTCATCCTCTACT	122088265	122055785	32480	122058342	29923	122088300	32515	29958
ENSMUST00000036450	AGGGTGTGACTTTCATTCCCGGTTCATCCTCTACT	122088265	122065656	22609	122068738	19527	122088300	22644	19562
ENSMUST00000036450	AGGGTGTGACTTTCATTCCCGGTTCATCCTCTACT	122088265	122065656	22609	122069868	18397	122088300	22644	18432
ENSMUST00000036450	AGGGTGTGACTTTCATTCCCGGTTCATCCTCTACT	122088265	122065656	22609	122069868	18397	122088300	22644	18432
ENSMUST00000036450	AGGGTGTGACTTTCATTCCCGGTTCATCCTCTACT	122088265	122066459	21806	122069868	18397	122088300	21841	18432
ENSMUST00000036450	AGGGTGTGACTTTCATTCCCGGTTCATCCTCTACT	122088265	122065656	22609	122070864	17401	122088300	22644	17436
ENSMUST00000036450	AGGGTGTGACTTTCATTCCCGGTTCATCCTCTACT	122088265	122071065	17200	122074503	13762	122088300	17235	13797
ENSMUST00000036450	AGGGTGTGACTTTCATTCCCGGTTCATCCTCTACT	122088265	122072309	15956	122074503	13762	122088300	15991	13797
ENSMUST00000036450	AGGGTGTGACTTTCATTCCCGGTTCATCCTCTACT	122088265	122073005	15260	122075294	12971	122088300	15295	13006
ENSMUST00000036450	AGGGTGTGACTTTCATTCCCGGTTCATCCTCTACT	122088265	122073005	15260	122080232	8033	122088300	15295	8068
ENSMUST00000036450	AGGGTGTGACTTTCATTCCCGGTTCATCCTCTACT	122088265	122083561	4704	122086862	1403	122088300	4739	1438
ENSMUST00000036450	AGGGTGTGACTTTCATTCCCGGTTCATCCTCTACT	122088265	122083561	4704	122088132	133	122088300	4739	168
ENSMUST00000036450	AGGGTGTGACTTTCATTCCCGGTTCATCCTCTACT	122088265	122083561	4704	122088132	133	122088300	4739	168
ENSMUST00000036450	AGGGTGTGACTTTCATTCCCGGTTCATCCTCTACT	122088265	122085040	3225	122088132	133	122088300	3260	168
ENSMUST00000036450	AGGGTGTGACTTTCATTCCCGGTTCATCCTCTACT	122088265	122097431	-9166	122101645	-13380	122088300	-9131	-13345
ENSMUST00000036450	AGGGTGTGACTTTCATTCCCGGTTCATCCTCTACT	122088265	122098256	-9991	122103907	-15642	122088300	-9956	-15607
ENSMUST00000095974	TCTCCAGCTACCGGATCCTATCTTGGCCCTGCATTT	42315432	42318994	-3562	42321249	-5817	42315468	-3526	-5781
ENSMUST00000095974	TCTCCAGCTACCGGATCCTATCTTGGCCCTGCATTT	42315432	42321343	-5911	42321906	-6474	42315468	-5875	-6438
ENSMUST00000095974	TCTCCAGCTACCGGATCCTATCTTGGCCCTGCATTT	42315432	42318994	-3562	42321249	-5817	42315468	-3526	-5781
ENSMUST00000095974	TCTCCAGCTACCGGATCCTATCTTGGCCCTGCATTT	42315432	42321343	-5911	42321906	-6474	42315468	-5875	-6438
ENSMUST00000046603	CGTGCTCATCATCATCTACCATGCCAGGGCCACACT	108591726	108572086	19640	108580906	10820	108591762	19676	10856
ENSMUST00000046603	CGTGCTCATCATCATCTACCATGCCAGGGCCACACT	108591726	108581029	10697	108582669	9057	108591762	10733	9093
ENSMUST00000046603	CGTGCTCATCATCATCTACCATGCCAGGGCCACACT	108591726	108583149	8577	108585340	6386	108591762	8613	6422
ENSMUST00000046603	CGTGCTCATCATCATCTACCATGCCAGGGCCACACT	108591726	108585534	6192	108591649	77	108591762	6228	113
ENSMUST00000046603	CGTGCTCATCATCATCTACCATGCCAGGGCCACACT	108591726	108585534	6192	108591649	77	108591762	6228	113
ENSMUST00000046603	CGTGCTCATCATCATCTACCATGCCAGGGCCACACT	108591726	108592392	-666	108597860	-6134	108591762	-630	-6098
ENSMUST00000046603	CGTGCTCATCATCATCTACCATGCCAGGGCCACACT	108591726	108609480	-17754	108616908	-25182	108591762	-17718	-25146
ENSMUST00000046603	CGTGCTCATCATCATCTACCATGCCAGGGCCACACT	108591726	108613638	-21912	108623259	-31533	108591762	-21876	-31497
ENSMUST00000046603	CGTGCTCATCATCATCTACCATGCCAGGGCCACACT	108591726	108613638	-21912	108625029	-33303	108591762	-21876	-33267
ENSMUST00000046603	CGTGCTCATCATCATCTACCATGCCAGGGCCACACT	108591726	108613638	-21912	108629500	-37774	108591762	-21876	-37738
ENSMUST00000046603	CGTGCTCATCATCATCTACCATGCCAGGGCCACACT	108591726	108613638	-21912	108629500	-37774	108591762	-21876	-37738
ENSMUST00000046603	CGTGCTCATCATCATCTACCATGCCAGGGCCACACT	108591726	108617051	-25325	108629500	-37774	108591762	-25289	-37738
ENSMUST00000059595	CTCAAGTCCCCTCTGGTCTCTCAGTCTCTCGCATTT	107938847	107939680	-833	107953641	-14794	107938883	-797	-14758
ENSMUST00000059595	CTCAAGTCCCCTCTGGTCTCTCAGTCTCTCGCATTT	107938847	107939680	-833	107961572	-22725	107938883	-797	-22689
ENSMUST00000059595	CTCAAGTCCCCTCTGGTCTCTCAGTCTCTCGCATTT	107938847	107939680	-833	107961572	-22725	107938883	-797	-22689
ENSMUST00000059595	CTCAAGTCCCCTCTGGTCTCTCAGTCTCTCGCATTT	107938847	107951606	-12759	107961572	-22725	107938883	-12723	-22689
ENSMUST00000059595	CTCAAGTCCCCTCTGGTCTCTCAGTCTCTCGCATTT	107938847	107953749	-14902	107978233	-39386	107938883	-14866	-39350
ENSMUST00000059595	CTCAAGTCCCCTCTGGTCTCTCAGTCTCTCGCATTT	107938847	107978372	-39525	107981610	-42763	107938883	-39489	-42727
ENSMUST00000059595	CTCAAGTCCCCTCTGGTCTCTCAGTCTCTCGCATTT	107938847	108057873	-119026	108340645	-401798	107938883	-118990	-401762
ENSMUST00000059595	CTCAAGTCCCCTCTGGTCTCTCAGTCTCTCGCATTT	107938847	108192212	-253365	108343494	-404647	107938883	-253329	-404611
ENSMUST00000032891	ACATACTCGCTCTAATAGAGCTACCATCTGCTAATA	118171923	118135618	36305	118136873	35050	118171959	36341	35086
ENSMUST00000032891	ACATACTCGCTCTAATAGAGCTACCATCTGCTAATA	118171923	118140657	31266	118141719	30204	118171959	31302	30240
ENSMUST00000032891	ACATACTCGCTCTAATAGAGCTACCATCTGCTAATA	118171923	118154750	17173	118156516	15407	118171959	17209	15443
ENSMUST00000032891	ACATACTCGCTCTAATAGAGCTACCATCTGCTAATA	118171923	118156735	15188	118157054	14869	118171959	15224	14905
ENSMUST00000032891	ACATACTCGCTCTAATAGAGCTACCATCTGCTAATA	118171923	118163374	8549	118166363	5560	118171959	8585	5596
ENSMUST00000032891	ACATACTCGCTCTAATAGAGCTACCATCTGCTAATA	118171923	118189346	-17423	118190488	-18565	118171959	-17387	-18529
ENSMUST00000032891	ACATACTCGCTCTAATAGAGCTACCATCTGCTAATA	118171923	118213052	-41129	118243204	-71281	118171959	-41093	-71245
ENSMUST00000032891	ACATACTCGCTCTAATAGAGCTACCATCTGCTAATA	118171923	118135618	36305	118136873	35050	118171959	36341	35086
ENSMUST00000032891	ACATACTCGCTCTAATAGAGCTACCATCTGCTAATA	118171923	118140657	31266	118141719	30204	118171959	31302	30240
ENSMUST00000032891	ACATACTCGCTCTAATAGAGCTACCATCTGCTAATA	118171923	118154750	17173	118156516	15407	118171959	17209	15443
ENSMUST00000032891	ACATACTCGCTCTAATAGAGCTACCATCTGCTAATA	118171923	118156735	15188	118157054	14869	118171959	15224	14905
ENSMUST00000032891	ACATACTCGCTCTAATAGAGCTACCATCTGCTAATA	118171923	118163374	8549	118166363	5560	118171959	8585	5596
ENSMUST00000032891	ACATACTCGCTCTAATAGAGCTACCATCTGCTAATA	118171923	118189346	-17423	118190488	-18565	118171959	-17387	-18529
ENSMUST00000032891	ACATACTCGCTCTAATAGAGCTACCATCTGCTAATA	118171923	118213052	-41129	118243204	-71281	118171959	-41093	-71245
ENSMUST00000182213	AAATATCACAGTCTGCTCTTCCTCCTCTTCCTGGGA	6069898	6052923	16975	6057516	12382	6069934	17011	12418
ENSMUST00000182213	AAATATCACAGTCTGCTCTTCCTCCTCTTCCTGGGA	6069898	6052923	16975	6061846	8052	6069934	17011	8088
ENSMUST00000182213	AAATATCACAGTCTGCTCTTCCTCCTCTTCCTGGGA	6069898	6052923	16975	6061846	8052	6069934	17011	8088
ENSMUST00000182213	AAATATCACAGTCTGCTCTTCCTCCTCTTCCTGGGA	6069898	6056993	12905	6061846	8052	6069934	12941	8088
ENSMUST00000182213	AAATATCACAGTCTGCTCTTCCTCCTCTTCCTGGGA	6069898	6064421	5477	6069830	68	6069934	5513	104
ENSMUST00000182213	AAATATCACAGTCTGCTCTTCCTCCTCTTCCTGGGA	6069898	6064421	5477	6111684	-41786	6069934	5513	-41750
ENSMUST00000182213	AAATATCACAGTCTGCTCTTCCTCCTCTTCCTGGGA	6069898	6064421	5477	6111684	-41786	6069934	5513	-41750
ENSMUST00000182213	AAATATCACAGTCTGCTCTTCCTCCTCTTCCTGGGA	6069898	6064421	5477	6115813	-45915	6069934	5513	-45879
ENSMUST00000182213	AAATATCACAGTCTGCTCTTCCTCCTCTTCCTGGGA	6069898	6065845	4053	6111684	-41786	6069934	4089	-41750
ENSMUST00000182213	AAATATCACAGTCTGCTCTTCCTCCTCTTCCTGGGA	6069898	6070091	-193	6111684	-41786	6069934	-157	-41750
ENSMUST00000182213	AAATATCACAGTCTGCTCTTCCTCCTCTTCCTGGGA	6069898	6070091	-193	6115813	-45915	6069934	-157	-45879
ENSMUST00000182213	AAATATCACAGTCTGCTCTTCCTCCTCTTCCTGGGA	6069898	6070091	-193	6135803	-65905	6069934	-157	-65869
ENSMUST00000182213	AAATATCACAGTCTGCTCTTCCTCCTCTTCCTGGGA	6069898	6039455	30443	6115813	-45915	6069934	30479	-45879
ENSMUST00000182213	AAATATCACAGTCTGCTCTTCCTCCTCTTCCTGGGA	6069898	6064421	5477	6115813	-45915	6069934	5513	-45879
ENSMUST00000182213	AAATATCACAGTCTGCTCTTCCTCCTCTTCCTGGGA	6069898	6070091	-193	6115813	-45915	6069934	-157	-45879
ENSMUST00000182213	AAATATCACAGTCTGCTCTTCCTCCTCTTCCTGGGA	6069898	6073286	-3388	6115813	-45915	6069934	-3352	-45879
ENSMUST00000182213	AAATATCACAGTCTGCTCTTCCTCCTCTTCCTGGGA	6069898	6070091	-193	6135803	-65905	6069934	-157	-65869
ENSMUST00000182213	AAATATCACAGTCTGCTCTTCCTCCTCTTCCTGGGA	6069898	6070091	-193	6135817	-65919	6069934	-157	-65883
ENSMUST00000182213	AAATATCACAGTCTGCTCTTCCTCCTCTTCCTGGGA	6069898	6073286	-3388	6135803	-65905	6069934	-3352	-65869
ENSMUST00000039782	ATGAGAAAATCAAAAGTTTTATTTGGGAACTAATCA	160983803	160950187	33616	160957035	26768	160983839	33652	26804
ENSMUST00000039782	ATGAGAAAATCAAAAGTTTTATTTGGGAACTAATCA	160983803	160969555	14248	160977458	6345	160983839	14284	6381
ENSMUST00000039782	ATGAGAAAATCAAAAGTTTTATTTGGGAACTAATCA	160983803	160982713	1090	160983662	141	160983839	1126	177
ENSMUST00000039782	ATGAGAAAATCAAAAGTTTTATTTGGGAACTAATCA	160983803	160992279	-8476	161013021	-29218	160983839	-8440	-29182
ENSMUST00000039782	ATGAGAAAATCAAAAGTTTTATTTGGGAACTAATCA	160983803	161021088	-37285	161026248	-42445	160983839	-37249	-42409
ENSMUST00000039782	ATGAGAAAATCAAAAGTTTTATTTGGGAACTAATCA	160983803	161039343	-55540	161052387	-68584	160983839	-55504	-68548
ENSMUST00000039782	ATGAGAAAATCAAAAGTTTTATTTGGGAACTAATCA	160983803	161039343	-55540	161059918	-76115	160983839	-55504	-76079
ENSMUST00000039782	ATGAGAAAATCAAAAGTTTTATTTGGGAACTAATCA	160983803	161039343	-55540	161052387	-68584	160983839	-55504	-68548
ENSMUST00000039782	ATGAGAAAATCAAAAGTTTTATTTGGGAACTAATCA	160983803	161039343	-55540	161059918	-76115	160983839	-55504	-76079
ENSMUST00000039782	ATGAGAAAATCAAAAGTTTTATTTGGGAACTAATCA	160983803	161042129	-58326	161059918	-76115	160983839	-58290	-76079
ENSMUST00000090559	AGCTGGGAGCATCAGCAACACAGGCCCCAGAGCACT	92412693	92413947	-1254	92422161	-9468	92411649	-2298	-10512
ENSMUST00000179865	AATTCAGAATTGACTATAATTGAACACCTGCTAAAA	50295189	50297137	-1948	50298116	-2927	50295225	-1912	-2891
ENSMUST00000179865	AATTCAGAATTGACTATAATTGAACACCTGCTAAAA	50295189	50301054	-5865	50304325	-9136	50295225	-5829	-9100
ENSMUST00000179865	AATTCAGAATTGACTATAATTGAACACCTGCTAAAA	50295189	50308929	-13740	50310793	-15604	50295225	-13704	-15568
ENSMUST00000179865	AATTCAGAATTGACTATAATTGAACACCTGCTAAAA	50295189	50308929	-13740	50325492	-30303	50295225	-13704	-30267
ENSMUST00000179865	AATTCAGAATTGACTATAATTGAACACCTGCTAAAA	50295189	50310867	-15678	50325492	-30303	50295225	-15642	-30267
ENSMUST00000179865	AATTCAGAATTGACTATAATTGAACACCTGCTAAAA	50295189	50310867	-15678	50325492	-30303	50295225	-15642	-30267
ENSMUST00000172298	AGCGACGCCCCCTGGTCCCGCCGCCGTTGCCACCGCC	64737652	64716988	20664	64726623	11029	64737689	20701	11066
ENSMUST00000172298	AGCGACGCCCCCTGGTCCCGCCGCCGTTGCCACCGCC	64737652	64716988	20664	64726623	11029	64737689	20701	11066
ENSMUST00000172298	AGCGACGCCCCCTGGTCCCGCCGCCGTTGCCACCGCC	64737652	64725582	12070	64737583	69	64737689	12107	106
ENSMUST00000172298	AGCGACGCCCCCTGGTCCCGCCGCCGTTGCCACCGCC	64737652	64726817	10835	64737583	69	64737689	10872	106
ENSMUST00000172298	AGCGACGCCCCCTGGTCCCGCCGCCGTTGCCACCGCC	64737652	64716988	20664	64726623	11029	64737689	20701	11066
ENSMUST00000172298	AGCGACGCCCCCTGGTCCCGCCGCCGTTGCCACCGCC	64737652	64716988	20664	64726623	11029	64737689	20701	11066
ENSMUST00000172298	AGCGACGCCCCCTGGTCCCGCCGCCGTTGCCACCGCC	64737652	64725582	12070	64737583	69	64737689	12107	106
ENSMUST00000172298	AGCGACGCCCCCTGGTCCCGCCGCCGTTGCCACCGCC	64737652	64726817	10835	64737583	69	64737689	10872	106
ENSMUST00000059595	TAAACCATGTGTACGTTCATTCTAATCTCTGGGAGAT	107934331	107939680	-5349	107953641	-19310	107934368	-5312	-19273
ENSMUST00000059595	TAAACCATGTGTACGTTCATTCTAATCTCTGGGAGAT	107934331	107939680	-5349	107961572	-27241	107934368	-5312	-27204
ENSMUST00000059595	TAAACCATGTGTACGTTCATTCTAATCTCTGGGAGAT	107934331	107939680	-5349	107961572	-27241	107934368	-5312	-27204
ENSMUST00000059595	TAAACCATGTGTACGTTCATTCTAATCTCTGGGAGAT	107934331	107951606	-17275	107961572	-27241	107934368	-17238	-27204
ENSMUST00000059595	TAAACCATGTGTACGTTCATTCTAATCTCTGGGAGAT	107934331	107953749	-19418	107978233	-43902	107934368	-19381	-43865
ENSMUST00000059595	TAAACCATGTGTACGTTCATTCTAATCTCTGGGAGAT	107934331	107978372	-44041	107981610	-47279	107934368	-44004	-47242
ENSMUST00000059595	TAAACCATGTGTACGTTCATTCTAATCTCTGGGAGAT	107934331	108057873	-123542	108340645	-406314	107934368	-123505	-406277
ENSMUST00000059595	TAAACCATGTGTACGTTCATTCTAATCTCTGGGAGAT	107934331	108192212	-257881	108343494	-409163	107934368	-257844	-409126
ENSMUST00000112113	GACCCGTTCCTCCACCGGCTGCGCCCCATGCTCAGCT	115194331	115176270	18061	115186011	8320	115194368	18098	8357
ENSMUST00000112113	GACCCGTTCCTCCACCGGCTGCGCCCCATGCTCAGCT	115194331	115176270	18061	115186011	8320	115194368	18098	8357
ENSMUST00000092973	CCACTCGGAAAGAGATCCCCTCCCAGGCTGTCCCTCG	69299491	69300315	-824	69303093	-3602	69299528	-787	-3565
ENSMUST00000092973	CCACTCGGAAAGAGATCCCCTCCCAGGCTGTCCCTCG	69299491	69303264	-3773	69305486	-5995	69299528	-3736	-5958
ENSMUST00000092973	CCACTCGGAAAGAGATCCCCTCCCAGGCTGTCCCTCG	69299491	69319974	-20483	69321355	-21864	69299528	-20446	-21827
ENSMUST00000092973	CCACTCGGAAAGAGATCCCCTCCCAGGCTGTCCCTCG	69299491	69320974	-21483	69321848	-22357	69299528	-21446	-22320
ENSMUST00000092973	CCACTCGGAAAGAGATCCCCTCCCAGGCTGTCCCTCG	69299491	69321419	-21928	69322689	-23198	69299528	-21891	-23161
ENSMUST00000056919	CCGCCGCCGCCGCCGCGCTCCTCCTCTTGCTTGGGCA	95488590	95457488	31102	95460677	27913	95488627	31139	27950
ENSMUST00000056919	CCGCCGCCGCCGCCGCGCTCCTCCTCTTGCTTGGGCA	95488590	95461629	26961	95473370	15220	95488627	26998	15257
ENSMUST00000056919	CCGCCGCCGCCGCCGCGCTCCTCCTCTTGCTTGGGCA	95488590	95465710	22880	95477211	11379	95488627	22917	11416
ENSMUST00000056919	CCGCCGCCGCCGCCGCGCTCCTCCTCTTGCTTGGGCA	95488590	95465710	22880	95487564	1026	95488627	22917	1063
ENSMUST00000111159	GCCAAGGGTCTTCACCCTCACCACCTTTCACTCACAT	177022334	177025449	-3115	177043774	-21440	177022371	-3078	-21403
ENSMUST00000111159	GCCAAGGGTCTTCACCCTCACCACCTTTCACTCACAT	177022334	177043862	-21528	177059333	-36999	177022371	-21491	-36962
ENSMUST00000111159	GCCAAGGGTCTTCACCCTCACCACCTTTCACTCACAT	177022334	177050252	-27918	177067210	-44876	177022371	-27881	-44839
ENSMUST00000111159	GCCAAGGGTCTTCACCCTCACCACCTTTCACTCACAT	177022334	177050252	-27918	177078773	-56439	177022371	-27881	-56402
ENSMUST00000111159	GCCAAGGGTCTTCACCCTCACCACCTTTCACTCACAT	177022334	177050252	-27918	177078773	-56439	177022371	-27881	-56402
ENSMUST00000111159	GCCAAGGGTCTTCACCCTCACCACCTTTCACTCACAT	177022334	177059462	-37128	177078773	-56439	177022371	-37091	-56402
ENSMUST00000111159	GCCAAGGGTCTTCACCCTCACCACCTTTCACTCACAT	177022334	177067333	-44999	177080200	-57866	177022371	-44962	-57829
ENSMUST00000111159	GCCAAGGGTCTTCACCCTCACCACCTTTCACTCACAT	177022334	177067333	-44999	177130970	-108636	177022371	-44962	-108599
ENSMUST00000111159	GCCAAGGGTCTTCACCCTCACCACCTTTCACTCACAT	177022334	177080266	-57932	177130970	-108636	177022371	-57895	-108599
ENSMUST00000111159	GCCAAGGGTCTTCACCCTCACCACCTTTCACTCACAT	177022334	177080266	-57932	177248675	-226341	177022371	-57895	-226304
ENSMUST00000111159	GCCAAGGGTCTTCACCCTCACCACCTTTCACTCACAT	177022334	177097098	-74764	177109626	-87292	177022371	-74727	-87255
ENSMUST00000111159	GCCAAGGGTCTTCACCCTCACCACCTTTCACTCACAT	177022334	177097098	-74764	177130970	-108636	177022371	-74727	-108599
ENSMUST00000111159	GCCAAGGGTCTTCACCCTCACCACCTTTCACTCACAT	177022334	177097098	-74764	177130970	-108636	177022371	-74727	-108599
ENSMUST00000111159	GCCAAGGGTCTTCACCCTCACCACCTTTCACTCACAT	177022334	177097098	-74764	177248675	-226341	177022371	-74727	-226304
ENSMUST00000111159	GCCAAGGGTCTTCACCCTCACCACCTTTCACTCACAT	177022334	177103106	-80772	177130970	-108636	177022371	-80735	-108599
ENSMUST00000111159	GCCAAGGGTCTTCACCCTCACCACCTTTCACTCACAT	177022334	177080266	-57932	177248675	-226341	177022371	-57895	-226304
ENSMUST00000111159	GCCAAGGGTCTTCACCCTCACCACCTTTCACTCACAT	177022334	177097098	-74764	177248675	-226341	177022371	-74727	-226304
ENSMUST00000111159	GCCAAGGGTCTTCACCCTCACCACCTTTCACTCACAT	177022334	177109738	-87404	177248675	-226341	177022371	-87367	-226304
ENSMUST00000111159	GCCAAGGGTCTTCACCCTCACCACCTTTCACTCACAT	177022334	177131096	-108762	177258145	-235811	177022371	-108725	-235774
ENSMUST00000107793	GCGGGTGCTGAAGCTAGTTCGCTTCCTGCCGGCACTG	94443248	94409876	33372	94411438	31810	94443285	33409	31847
ENSMUST00000107793	GCGGGTGCTGAAGCTAGTTCGCTTCCTGCCGGCACTG	94443248	94411616	31632	94414930	28318	94443285	31669	28355
ENSMUST00000107793	GCGGGTGCTGAAGCTAGTTCGCTTCCTGCCGGCACTG	94443248	94411616	31632	94415742	27506	94443285	31669	27543
ENSMUST00000107793	GCGGGTGCTGAAGCTAGTTCGCTTCCTGCCGGCACTG	94443248	94411616	31632	94415742	27506	94443285	31669	27543
ENSMUST00000107793	GCGGGTGCTGAAGCTAGTTCGCTTCCTGCCGGCACTG	94443248	94413224	30024	94415742	27506	94443285	30061	27543
ENSMUST00000107793	GCGGGTGCTGAAGCTAGTTCGCTTCCTGCCGGCACTG	94443248	94416655	26593	94417154	26094	94443285	26630	26131
ENSMUST00000107793	GCGGGTGCTGAAGCTAGTTCGCTTCCTGCCGGCACTG	94443248	94416704	26544	94417154	26094	94443285	26581	26131
ENSMUST00000107793	GCGGGTGCTGAAGCTAGTTCGCTTCCTGCCGGCACTG	94443248	94418970	24278	94425763	17485	94443285	24315	17522
ENSMUST00000107793	GCGGGTGCTGAAGCTAGTTCGCTTCCTGCCGGCACTG	94443248	94418970	24278	94425784	17464	94443285	24315	17501
ENSMUST00000107793	GCGGGTGCTGAAGCTAGTTCGCTTCCTGCCGGCACTG	94443248	94438189	5059	94442729	519	94443285	5096	556
ENSMUST00000107793	GCGGGTGCTGAAGCTAGTTCGCTTCCTGCCGGCACTG	94443248	94442885	363	94443174	74	94443285	400	111
ENSMUST00000107793	GCGGGTGCTGAAGCTAGTTCGCTTCCTGCCGGCACTG	94443248	94463501	-20253	94465820	-22572	94443285	-20216	-22535
ENSMUST00000107793	GCGGGTGCTGAAGCTAGTTCGCTTCCTGCCGGCACTG	94443248	94463501	-20253	94466115	-22867	94443285	-20216	-22830
ENSMUST00000107793	GCGGGTGCTGAAGCTAGTTCGCTTCCTGCCGGCACTG	94443248	94463501	-20253	94466115	-22867	94443285	-20216	-22830
ENSMUST00000107793	GCGGGTGCTGAAGCTAGTTCGCTTCCTGCCGGCACTG	94443248	94465496	-22248	94466115	-22867	94443285	-22211	-22830
ENSMUST00000023741	TTTTTAATTATGGGCGTGGGATGGCGGCTGAGGCAAA	98832640	98835467	-2827	98837074	-4434	98832677	-2790	-4397
ENSMUST00000023741	TTTTTAATTATGGGCGTGGGATGGCGGCTGAGGCAAA	98832640	98837431	-4791	98840560	-7920	98832677	-4754	-7883
ENSMUST00000023741	TTTTTAATTATGGGCGTGGGATGGCGGCTGAGGCAAA	98832640	98853705	-21065	98854032	-21392	98832677	-21028	-21355
ENSMUST00000023741	TTTTTAATTATGGGCGTGGGATGGCGGCTGAGGCAAA	98832640	98854106	-21466	98854530	-21890	98832677	-21429	-21853
ENSMUST00000023741	TTTTTAATTATGGGCGTGGGATGGCGGCTGAGGCAAA	98832640	98854851	-22211	98855309	-22669	98832677	-22174	-22632
ENSMUST00000023741	TTTTTAATTATGGGCGTGGGATGGCGGCTGAGGCAAA	98832640	98856389	-23749	98857387	-24747	98832677	-23712	-24710
ENSMUST00000023741	TTTTTAATTATGGGCGTGGGATGGCGGCTGAGGCAAA	98832640	98865293	-32653	98865788	-33148	98832677	-32616	-33111
ENSMUST00000159855	GTTTGGAAACTAGCCCCATAACCGACACTGACCTGGC	103148568	103114235	34333	103120505	28063	103148605	34370	28100
ENSMUST00000159855	GTTTGGAAACTAGCCCCATAACCGACACTGACCTGGC	103148568	103117220	31348	103120505	28063	103148605	31385	28100
ENSMUST00000159855	GTTTGGAAACTAGCCCCATAACCGACACTGACCTGGC	103148568	103136639	11929	103139236	9332	103148605	11966	9369
ENSMUST00000159855	GTTTGGAAACTAGCCCCATAACCGACACTGACCTGGC	103148568	103136639	11929	103139236	9332	103148605	11966	9369
ENSMUST00000159855	GTTTGGAAACTAGCCCCATAACCGACACTGACCTGGC	103148568	103138818	9750	103142743	5825	103148605	9787	5862
ENSMUST00000159855	GTTTGGAAACTAGCCCCATAACCGACACTGACCTGGC	103148568	103139476	9092	103142743	5825	103148605	9129	5862
ENSMUST00000159855	GTTTGGAAACTAGCCCCATAACCGACACTGACCTGGC	103148568	103148665	-97	103153925	-5357	103148605	-60	-5320
ENSMUST00000159855	GTTTGGAAACTAGCCCCATAACCGACACTGACCTGGC	103148568	103154170	-5602	103155123	-6555	103148605	-5565	-6518
ENSMUST00000159855	GTTTGGAAACTAGCCCCATAACCGACACTGACCTGGC	103148568	103156767	-8199	103172566	-23998	103148605	-8162	-23961
ENSMUST00000159855	GTTTGGAAACTAGCCCCATAACCGACACTGACCTGGC	103148568	103173919	-25351	103182353	-33785	103148605	-25314	-33748
ENSMUST00000159855	GTTTGGAAACTAGCCCCATAACCGACACTGACCTGGC	103148568	103174990	-26422	103182353	-33785	103148605	-26385	-33748
ENSMUST00000159855	GTTTGGAAACTAGCCCCATAACCGACACTGACCTGGC	103148568	103177330	-28762	103184831	-36263	103148605	-28725	-36226
ENSMUST00000159855	GTTTGGAAACTAGCCCCATAACCGACACTGACCTGGC	103148568	103182494	-33926	103185583	-37015	103148605	-33889	-36978
ENSMUST00000159855	GTTTGGAAACTAGCCCCATAACCGACACTGACCTGGC	103148568	103185681	-37113	103191566	-42998	103148605	-37076	-42961
ENSMUST00000159855	GTTTGGAAACTAGCCCCATAACCGACACTGACCTGGC	103148568	103201437	-52869	103206635	-58067	103148605	-52832	-58030
ENSMUST00000159855	GTTTGGAAACTAGCCCCATAACCGACACTGACCTGGC	103148568	103204540	-55972	103206635	-58067	103148605	-55935	-58030
ENSMUST00000159855	GTTTGGAAACTAGCCCCATAACCGACACTGACCTGGC	103148568	103208927	-60359	103212522	-63954	103148605	-60322	-63917
ENSMUST00000159855	GTTTGGAAACTAGCCCCATAACCGACACTGACCTGGC	103148568	103227554	-78986	103232525	-83957	103148605	-78949	-83920
ENSMUST00000159855	GTTTGGAAACTAGCCCCATAACCGACACTGACCTGGC	103148568	103247900	-99332	103252408	-103840	103148605	-99295	-103803
ENSMUST00000159855	GTTTGGAAACTAGCCCCATAACCGACACTGACCTGGC	103148568	103248566	-99998	103260195	-111627	103148605	-99961	-111590
ENSMUST00000159855	GTTTGGAAACTAGCCCCATAACCGACACTGACCTGGC	103148568	103262821	-114253	103275788	-127220	103148605	-114216	-127183
ENSMUST00000159855	GTTTGGAAACTAGCCCCATAACCGACACTGACCTGGC	103148568	103262821	-114253	103276372	-127804	103148605	-114216	-127767
ENSMUST00000159855	GTTTGGAAACTAGCCCCATAACCGACACTGACCTGGC	103148568	103314514	-165946	103346215	-197647	103148605	-165909	-197610
ENSMUST00000202651	CACAGCTCATCCTCTCTGCTGCCTTTCCACTACAACA	76209921	76227227	-17306	76230164	-20243	76209958	-17269	-20206
ENSMUST00000202651	CACAGCTCATCCTCTCTGCTGCCTTTCCACTACAACA	76209921	76227227	-17306	76230164	-20243	76209958	-17269	-20206
ENSMUST00000202651	CACAGCTCATCCTCTCTGCTGCCTTTCCACTACAACA	76209921	76230359	-20438	76235765	-25844	76209958	-20401	-25807
ENSMUST00000202651	CACAGCTCATCCTCTCTGCTGCCTTTCCACTACAACA	76209921	76230359	-20438	76236281	-26360	76209958	-20401	-26323
ENSMUST00000202651	CACAGCTCATCCTCTCTGCTGCCTTTCCACTACAACA	76209921	76230359	-20438	76236281	-26360	76209958	-20401	-26323
ENSMUST00000202651	CACAGCTCATCCTCTCTGCTGCCTTTCCACTACAACA	76209921	76231548	-21627	76236281	-26360	76209958	-21590	-26323
ENSMUST00000202651	CACAGCTCATCCTCTCTGCTGCCTTTCCACTACAACA	76209921	76254441	-44520	76265790	-55869	76209958	-44483	-55832
ENSMUST00000202651	CACAGCTCATCCTCTCTGCTGCCTTTCCACTACAACA	76209921	76254463	-44542	76265790	-55869	76209958	-44505	-55832
ENSMUST00000202651	CACAGCTCATCCTCTCTGCTGCCTTTCCACTACAACA	76209921	76265939	-56018	76266799	-56878	76209958	-55981	-56841
ENSMUST00000202651	CACAGCTCATCCTCTCTGCTGCCTTTCCACTACAACA	76209921	76266889	-56968	76303423	-93502	76209958	-56931	-93465
ENSMUST00000139819	CACATGTCCCTGCTCTACCCTGTGGCCATCCGGACTCT	122349278	122349539	-261	122354028	-4750	122349316	-223	-4712
ENSMUST00000139819	CACATGTCCCTGCTCTACCCTGTGGCCATCCGGACTCT	122349278	122349539	-261	122354028	-4750	122349316	-223	-4712
ENSMUST00000139819	CACATGTCCCTGCTCTACCCTGTGGCCATCCGGACTCT	122349278	122353960	-4682	122355474	-6196	122349316	-4644	-6158
ENSMUST00000139819	CACATGTCCCTGCTCTACCCTGTGGCCATCCGGACTCT	122349278	122353960	-4682	122357082	-7804	122349316	-4644	-7766
ENSMUST00000139819	CACATGTCCCTGCTCTACCCTGTGGCCATCCGGACTCT	122349278	122353960	-4682	122357082	-7804	122349316	-4644	-7766
ENSMUST00000139819	CACATGTCCCTGCTCTACCCTGTGGCCATCCGGACTCT	122349278	122354197	-4919	122357082	-7804	122349316	-4881	-7766
ENSMUST00000032891	CTTCGAGTCTGGAGAGTTTGTTGAATGCACTGAGCAGT	118180409	118135618	44791	118136873	43536	118180447	44829	43574
ENSMUST00000032891	CTTCGAGTCTGGAGAGTTTGTTGAATGCACTGAGCAGT	118180409	118140657	39752	118141719	38690	118180447	39790	38728
ENSMUST00000032891	CTTCGAGTCTGGAGAGTTTGTTGAATGCACTGAGCAGT	118180409	118154750	25659	118156516	23893	118180447	25697	23931
ENSMUST00000032891	CTTCGAGTCTGGAGAGTTTGTTGAATGCACTGAGCAGT	118180409	118156735	23674	118157054	23355	118180447	23712	23393
ENSMUST00000032891	CTTCGAGTCTGGAGAGTTTGTTGAATGCACTGAGCAGT	118180409	118163374	17035	118166363	14046	118180447	17073	14084
ENSMUST00000032891	CTTCGAGTCTGGAGAGTTTGTTGAATGCACTGAGCAGT	118180409	118189346	-8937	118190488	-10079	118180447	-8899	-10041
ENSMUST00000032891	CTTCGAGTCTGGAGAGTTTGTTGAATGCACTGAGCAGT	118180409	118213052	-32643	118243204	-62795	118180447	-32605	-62757
ENSMUST00000032891	CTTCGAGTCTGGAGAGTTTGTTGAATGCACTGAGCAGT	118180409	118135618	44791	118136873	43536	118180447	44829	43574
ENSMUST00000032891	CTTCGAGTCTGGAGAGTTTGTTGAATGCACTGAGCAGT	118180409	118140657	39752	118141719	38690	118180447	39790	38728
ENSMUST00000032891	CTTCGAGTCTGGAGAGTTTGTTGAATGCACTGAGCAGT	118180409	118154750	25659	118156516	23893	118180447	25697	23931
ENSMUST00000032891	CTTCGAGTCTGGAGAGTTTGTTGAATGCACTGAGCAGT	118180409	118156735	23674	118157054	23355	118180447	23712	23393
ENSMUST00000032891	CTTCGAGTCTGGAGAGTTTGTTGAATGCACTGAGCAGT	118180409	118163374	17035	118166363	14046	118180447	17073	14084
ENSMUST00000032891	CTTCGAGTCTGGAGAGTTTGTTGAATGCACTGAGCAGT	118180409	118189346	-8937	118190488	-10079	118180447	-8899	-10041
ENSMUST00000032891	CTTCGAGTCTGGAGAGTTTGTTGAATGCACTGAGCAGT	118180409	118213052	-32643	118243204	-62795	118180447	-32605	-62757
ENSMUST00000053699	GAGAAGAAGGGGCGTCTGATTGTGGAACATAGTGTTTT	125751762	125740917	10845	125747384	4378	125751800	10883	4416
ENSMUST00000053699	GAGAAGAAGGGGCGTCTGATTGTGGAACATAGTGTTTT	125751762	125744033	7729	125747384	4378	125751800	7767	4416
ENSMUST00000053699	GAGAAGAAGGGGCGTCTGATTGTGGAACATAGTGTTTT	125751762	125740917	10845	125750278	1484	125751800	10883	1522
ENSMUST00000053699	GAGAAGAAGGGGCGTCTGATTGTGGAACATAGTGTTTT	125751762	125758246	-6484	125767374	-15612	125751800	-6446	-15574
ENSMUST00000053699	GAGAAGAAGGGGCGTCTGATTGTGGAACATAGTGTTTT	125751762	125767490	-15728	125768106	-16344	125751800	-15690	-16306
ENSMUST00000053699	GAGAAGAAGGGGCGTCTGATTGTGGAACATAGTGTTTT	125751762	125771544	-19782	125775552	-23790	125751800	-19744	-23752
ENSMUST00000053699	GAGAAGAAGGGGCGTCTGATTGTGGAACATAGTGTTTT	125751762	125773500	-21738	125782598	-30836	125751800	-21700	-30798
ENSMUST00000020523	TGGGGATTTAGCTCAGTGGTAGAGCGCTTGCTTGCAAG	23647661	23656130	-8469	23665746	-18085	23647699	-8431	-18047
ENSMUST00000108407	GTGGAAGCGCATCTGCTTTCCTTGCTGTCTGTGCAAAT	76417439	76424173	-6734	76425266	-7827	76417477	-6696	-7789
ENSMUST00000108407	GTGGAAGCGCATCTGCTTTCCTTGCTGTCTGTGCAAAT	76417439	76455713	-38274	76456599	-39160	76417477	-38236	-39122
ENSMUST00000108407	GTGGAAGCGCATCTGCTTTCCTTGCTGTCTGTGCAAAT	76417439	76456722	-39283	76463527	-46088	76417477	-39245	-46050
ENSMUST00000108407	GTGGAAGCGCATCTGCTTTCCTTGCTGTCTGTGCAAAT	76417439	76459346	-41907	76463527	-46088	76417477	-41869	-46050
ENSMUST00000108407	GTGGAAGCGCATCTGCTTTCCTTGCTGTCTGTGCAAAT	76417439	76468776	-51337	76478994	-61555	76417477	-51299	-61517
ENSMUST00000108407	GTGGAAGCGCATCTGCTTTCCTTGCTGTCTGTGCAAAT	76417439	76479180	-61741	76508887	-91448	76417477	-61703	-91410
ENSMUST00000108407	GTGGAAGCGCATCTGCTTTCCTTGCTGTCTGTGCAAAT	76417439	76486536	-69097	76571030	-153591	76417477	-69059	-153553
ENSMUST00000108407	GTGGAAGCGCATCTGCTTTCCTTGCTGTCTGTGCAAAT	76417439	76424173	-6734	76425266	-7827	76417477	-6696	-7789
ENSMUST00000108407	GTGGAAGCGCATCTGCTTTCCTTGCTGTCTGTGCAAAT	76417439	76455713	-38274	76456599	-39160	76417477	-38236	-39122
ENSMUST00000108407	GTGGAAGCGCATCTGCTTTCCTTGCTGTCTGTGCAAAT	76417439	76456722	-39283	76463527	-46088	76417477	-39245	-46050
ENSMUST00000108407	GTGGAAGCGCATCTGCTTTCCTTGCTGTCTGTGCAAAT	76417439	76459346	-41907	76463527	-46088	76417477	-41869	-46050
ENSMUST00000108407	GTGGAAGCGCATCTGCTTTCCTTGCTGTCTGTGCAAAT	76417439	76468776	-51337	76478994	-61555	76417477	-51299	-61517
ENSMUST00000108407	GTGGAAGCGCATCTGCTTTCCTTGCTGTCTGTGCAAAT	76417439	76479180	-61741	76508887	-91448	76417477	-61703	-91410
ENSMUST00000108407	GTGGAAGCGCATCTGCTTTCCTTGCTGTCTGTGCAAAT	76417439	76486536	-69097	76571030	-153591	76417477	-69059	-153553
ENSMUST00000058496	AACTGCCTACAGACATCATCACAGCAGCCTCCTCACTT	77529685	77549475	-19790	77553672	-23987	77529723	-19752	-23949
ENSMUST00000058496	AACTGCCTACAGACATCATCACAGCAGCCTCCTCACTT	77529685	77551000	-21315	77555563	-25878	77529723	-21277	-25840
ENSMUST00000058496	AACTGCCTACAGACATCATCACAGCAGCCTCCTCACTT	77529685	77555698	-26013	77560253	-30568	77529723	-25975	-30530
ENSMUST00000058496	AACTGCCTACAGACATCATCACAGCAGCCTCCTCACTT	77529685	77565839	-36154	77573695	-44010	77529723	-36116	-43972
ENSMUST00000161938	TGCTGGACGGTGCCGGGGCCCTGGGCAAGTTTGACTTC	124128675	124123659	5016	124125298	3377	124128713	5054	3415
ENSMUST00000161938	TGCTGGACGGTGCCGGGGCCCTGGGCAAGTTTGACTTC	124128675	124124087	4588	124125298	3377	124128713	4626	3415
ENSMUST00000161938	TGCTGGACGGTGCCGGGGCCCTGGGCAAGTTTGACTTC	124128675	124125463	3212	124127176	1499	124128713	3250	1537
ENSMUST00000161938	TGCTGGACGGTGCCGGGGCCCTGGGCAAGTTTGACTTC	124128675	124129402	-727	124133167	-4492	124128713	-689	-4454
ENSMUST00000161938	TGCTGGACGGTGCCGGGGCCCTGGGCAAGTTTGACTTC	124128675	124136401	-7726	124142068	-13393	124128713	-7688	-13355
ENSMUST00000161938	TGCTGGACGGTGCCGGGGCCCTGGGCAAGTTTGACTTC	124128675	124136401	-7726	124152543	-23868	124128713	-7688	-23830
ENSMUST00000161938	TGCTGGACGGTGCCGGGGCCCTGGGCAAGTTTGACTTC	124128675	124136401	-7726	124152543	-23868	124128713	-7688	-23830
ENSMUST00000161938	TGCTGGACGGTGCCGGGGCCCTGGGCAAGTTTGACTTC	124128675	124140751	-12076	124143432	-14757	124128713	-12038	-14719
ENSMUST00000161938	TGCTGGACGGTGCCGGGGCCCTGGGCAAGTTTGACTTC	124128675	124140751	-12076	124152543	-23868	124128713	-12038	-23830
ENSMUST00000161938	TGCTGGACGGTGCCGGGGCCCTGGGCAAGTTTGACTTC	124128675	124140751	-12076	124152543	-23868	124128713	-12038	-23830
ENSMUST00000161938	TGCTGGACGGTGCCGGGGCCCTGGGCAAGTTTGACTTC	124128675	124142190	-13515	124152543	-23868	124128713	-13477	-23830
ENSMUST00000161938	TGCTGGACGGTGCCGGGGCCCTGGGCAAGTTTGACTTC	124128675	124143647	-14972	124186938	-58263	124128713	-14934	-58225
ENSMUST00000013842	GCCTTAAAGGTCCTTCCTAAATCTCCCTAGTCTTGCCT	172198345	172200581	-2236	172206596	-8251	172198383	-2198	-8213
ENSMUST00000110701	GGCCAGGGGACTTCTCAGAAGAATTGTCAACACTGTTT	120716173	120720989	-4816	120723191	-7018	120716211	-4778	-6980
ENSMUST00000110701	GGCCAGGGGACTTCTCAGAAGAATTGTCAACACTGTTT	120716173	120720989	-4816	120723191	-7018	120716211	-4778	-6980
ENSMUST00000110701	GGCCAGGGGACTTCTCAGAAGAATTGTCAACACTGTTT	120716173	120722758	-6585	120723191	-7018	120716211	-6547	-6980
ENSMUST00000110701	GGCCAGGGGACTTCTCAGAAGAATTGTCAACACTGTTT	120716173	120730099	-13926	120730701	-14528	120716211	-13888	-14490
ENSMUST00000110701	GGCCAGGGGACTTCTCAGAAGAATTGTCAACACTGTTT	120716173	120730099	-13926	120730701	-14528	120716211	-13888	-14490
ENSMUST00000110701	GGCCAGGGGACTTCTCAGAAGAATTGTCAACACTGTTT	120716173	120730099	-13926	120730701	-14528	120716211	-13888	-14490
ENSMUST00000110701	GGCCAGGGGACTTCTCAGAAGAATTGTCAACACTGTTT	120716173	120746289	-30116	120750237	-34064	120716211	-30078	-34026
ENSMUST00000110701	GGCCAGGGGACTTCTCAGAAGAATTGTCAACACTGTTT	120716173	120777599	-61426	120790281	-74108	120716211	-61388	-74070
ENSMUST00000110701	GGCCAGGGGACTTCTCAGAAGAATTGTCAACACTGTTT	120716173	120777599	-61426	120790281	-74108	120716211	-61388	-74070
ENSMUST00000110701	GGCCAGGGGACTTCTCAGAAGAATTGTCAACACTGTTT	120716173	120783799	-67626	120790281	-74108	120716211	-67588	-74070
ENSMUST00000110701	GGCCAGGGGACTTCTCAGAAGAATTGTCAACACTGTTT	120716173	120783799	-67626	120806758	-90585	120716211	-67588	-90547
ENSMUST00000076454	GGAAAAATTTTAAAAGATCAAGATACTCTGAGTCAGCA	58198983	58179668	19315	58183181	15802	58199021	19353	15840
ENSMUST00000076454	GGAAAAATTTTAAAAGATCAAGATACTCTGAGTCAGCA	58198983	58196672	2311	58215283	-16300	58199021	2349	-16262
ENSMUST00000198607	CCAGGGTTACTATCCCTCCACCAACCCTCGGAGTCGCC	69500485	69500637	-152	69502905	-2420	69500523	-114	-2382
ENSMUST00000198607	CCAGGGTTACTATCCCTCCACCAACCCTCGGAGTCGCC	69500485	69503078	-2593	69504605	-4120	69500523	-2555	-4082
ENSMUST00000198607	CCAGGGTTACTATCCCTCCACCAACCCTCGGAGTCGCC	69500485	69503735	-3250	69506915	-6430	69500523	-3212	-6392
ENSMUST00000198389	AAGTTCAGGGCGGCCACACAGTGCGAGTTCTCCAAACA	35919104	35897875	21229	35919000	104	35919142	21267	142
ENSMUST00000198389	AAGTTCAGGGCGGCCACACAGTGCGAGTTCTCCAAACA	35919104	35919169	-65	35932784	-13680	35919142	-27	-13642
ENSMUST00000109552	TAAGCTATCTGTGCAGAATATTGCGCACTTTTTCCACA	85215078	85217011	-1933	85219405	-4327	85215116	-1895	-4289
ENSMUST00000109552	TAAGCTATCTGTGCAGAATATTGCGCACTTTTTCCACA	85215078	85218259	-3181	85221470	-6392	85215116	-3143	-6354
ENSMUST00000109552	TAAGCTATCTGTGCAGAATATTGCGCACTTTTTCCACA	85215078	85227124	-12046	85229604	-14526	85215116	-12008	-14488
ENSMUST00000109552	TAAGCTATCTGTGCAGAATATTGCGCACTTTTTCCACA	85215078	85228307	-13229	85229604	-14526	85215116	-13191	-14488
ENSMUST00000109552	TAAGCTATCTGTGCAGAATATTGCGCACTTTTTCCACA	85215078	85244338	-29260	85250431	-35353	85215116	-29222	-35315
ENSMUST00000109552	TAAGCTATCTGTGCAGAATATTGCGCACTTTTTCCACA	85215078	85217011	-1933	85219405	-4327	85215116	-1895	-4289
ENSMUST00000109552	TAAGCTATCTGTGCAGAATATTGCGCACTTTTTCCACA	85215078	85218259	-3181	85221470	-6392	85215116	-3143	-6354
ENSMUST00000109552	TAAGCTATCTGTGCAGAATATTGCGCACTTTTTCCACA	85215078	85227124	-12046	85229604	-14526	85215116	-12008	-14488
ENSMUST00000109552	TAAGCTATCTGTGCAGAATATTGCGCACTTTTTCCACA	85215078	85228307	-13229	85229604	-14526	85215116	-13191	-14488
ENSMUST00000109552	TAAGCTATCTGTGCAGAATATTGCGCACTTTTTCCACA	85215078	85244338	-29260	85250431	-35353	85215116	-29222	-35315
ENSMUST00000090243	TGCCTTCCTGGGGTCATCCCGTACTCACTGGCCTACGCC	39349506	39349518	-12	39352653	-3147	39347316	-2202	-5337
ENSMUST00000090243	TGCCTTCCTGGGGTCATCCCGTACTCACTGGCCTACGCC	39349506	39352750	-3244	39357399	-7893	39347316	-5434	-10083
ENSMUST00000090243	TGCCTTCCTGGGGTCATCCCGTACTCACTGGCCTACGCC	39349506	39355122	-5616	39359949	-10443	39347316	-7806	-12633
ENSMUST00000090243	TGCCTTCCTGGGGTCATCCCGTACTCACTGGCCTACGCC	39349506	39360042	-10536	39366888	-17382	39347316	-12726	-19572
ENSMUST00000090243	TGCCTTCCTGGGGTCATCCCGTACTCACTGGCCTACGCC	39349506	39364611	-15105	39372846	-23340	39347316	-17295	-25530
ENSMUST00000090243	TGCCTTCCTGGGGTCATCCCGTACTCACTGGCCTACGCC	39349506	39367046	-17540	39372078	-22572	39347316	-19730	-24762
ENSMUST00000090243	TGCCTTCCTGGGGTCATCCCGTACTCACTGGCCTACGCC	39349506	39367046	-17540	39372846	-23340	39347316	-19730	-25530
ENSMUST00000090243	TGCCTTCCTGGGGTCATCCCGTACTCACTGGCCTACGCC	39349506	39367046	-17540	39377618	-28112	39347316	-19730	-30302
ENSMUST00000090243	TGCCTTCCTGGGGTCATCCCGTACTCACTGGCCTACGCC	39349506	39367046	-17540	39372078	-22572	39347316	-19730	-24762
ENSMUST00000090243	TGCCTTCCTGGGGTCATCCCGTACTCACTGGCCTACGCC	39349506	39367046	-17540	39372846	-23340	39347316	-19730	-25530
ENSMUST00000090243	TGCCTTCCTGGGGTCATCCCGTACTCACTGGCCTACGCC	39349506	39367046	-17540	39377234	-27728	39347316	-19730	-29918
ENSMUST00000090243	TGCCTTCCTGGGGTCATCCCGTACTCACTGGCCTACGCC	39349506	39367046	-17540	39377618	-28112	39347316	-19730	-30302
ENSMUST00000090243	TGCCTTCCTGGGGTCATCCCGTACTCACTGGCCTACGCC	39349506	39367766	-18260	39372846	-23340	39347316	-20450	-25530
ENSMUST00000090243	TGCCTTCCTGGGGTCATCCCGTACTCACTGGCCTACGCC	39349506	39367766	-18260	39377234	-27728	39347316	-20450	-29918
ENSMUST00000090243	TGCCTTCCTGGGGTCATCCCGTACTCACTGGCCTACGCC	39349506	39367766	-18260	39377618	-28112	39347316	-20450	-30302
ENSMUST00000090243	TGCCTTCCTGGGGTCATCCCGTACTCACTGGCCTACGCC	39349506	39367046	-17540	39377234	-27728	39347316	-19730	-29918
ENSMUST00000090243	TGCCTTCCTGGGGTCATCCCGTACTCACTGGCCTACGCC	39349506	39367046	-17540	39377618	-28112	39347316	-19730	-30302
ENSMUST00000090243	TGCCTTCCTGGGGTCATCCCGTACTCACTGGCCTACGCC	39349506	39367766	-18260	39377234	-27728	39347316	-20450	-29918
ENSMUST00000090243	TGCCTTCCTGGGGTCATCCCGTACTCACTGGCCTACGCC	39349506	39367766	-18260	39377618	-28112	39347316	-20450	-30302
ENSMUST00000090243	TGCCTTCCTGGGGTCATCCCGTACTCACTGGCCTACGCC	39349506	39372137	-22631	39377234	-27728	39347316	-24821	-29918
ENSMUST00000090243	TGCCTTCCTGGGGTCATCCCGTACTCACTGGCCTACGCC	39349506	39372137	-22631	39377618	-28112	39347316	-24821	-30302
ENSMUST00000026665	AAGTTTGTTAAAAGGCTAAAGAGCTCTCTAGAACCTGCT	119079604	119082301	-2697	119084562	-4958	119079643	-2658	-4919
ENSMUST00000107359	GTTGTAAAAAGAAGATATGGGAACTTGGTTAAAATACTG	70428296	70433531	-5235	70448662	-20366	70428335	-5196	-20327
ENSMUST00000107359	GTTGTAAAAAGAAGATATGGGAACTTGGTTAAAATACTG	70428296	70456000	-27704	70488130	-59834	70428335	-27665	-59795
ENSMUST00000107359	GTTGTAAAAAGAAGATATGGGAACTTGGTTAAAATACTG	70428296	70456000	-27704	70534227	-105931	70428335	-27665	-105892
ENSMUST00000118209	AGAACGCGGCCGCCCTAGGTCCAGGGGTATTACAGGCAA	105958876	105943063	15813	105951590	7286	105955913	12850	4323
ENSMUST00000118209	AGAACGCGGCCGCCCTAGGTCCAGGGGTATTACAGGCAA	105958876	105943866	15010	105954017	4859	105955913	12047	1896
ENSMUST00000118209	AGAACGCGGCCGCCCTAGGTCCAGGGGTATTACAGGCAA	105958876	105943866	15010	105955895	2981	105955913	12047	18
ENSMUST00000118209	AGAACGCGGCCGCCCTAGGTCCAGGGGTATTACAGGCAA	105958876	105943866	15010	105955895	2981	105955913	12047	18
ENSMUST00000118209	AGAACGCGGCCGCCCTAGGTCCAGGGGTATTACAGGCAA	105958876	105951716	7160	105955895	2981	105955913	4197	18
ENSMUST00000118209	AGAACGCGGCCGCCCTAGGTCCAGGGGTATTACAGGCAA	105958876	105951716	7160	105958861	15	105955913	4197	-2948
ENSMUST00000118209	AGAACGCGGCCGCCCTAGGTCCAGGGGTATTACAGGCAA	105958876	105956041	2835	105958861	15	105955913	-128	-2948
ENSMUST00000118209	AGAACGCGGCCGCCCTAGGTCCAGGGGTATTACAGGCAA	105958876	105956041	2835	105959147	-271	105955913	-128	-3234
ENSMUST00000071268	CAGGGTGCCTGAGTCTCACCATTCTCCTATTGCTGTCTG	126866697	126867179	-482	126871401	-4704	126866736	-443	-4665
ENSMUST00000088615	AACTGCACCCTGGATATCTTCAAAACCACAATTCCTCAC	10153514	10138996	14518	10141558	11956	10151830	12834	10272
ENSMUST00000088615	AACTGCACCCTGGATATCTTCAAAACCACAATTCCTCAC	10153514	10153524	-10	10154280	-766	10151830	-1694	-2450
ENSMUST00000088615	AACTGCACCCTGGATATCTTCAAAACCACAATTCCTCAC	10153514	10158060	-4546	10159876	-6362	10151830	-6230	-8046
ENSMUST00000088615	AACTGCACCCTGGATATCTTCAAAACCACAATTCCTCAC	10153514	10174195	-20681	10180869	-27355	10151830	-22365	-29039
ENSMUST00000088615	AACTGCACCCTGGATATCTTCAAAACCACAATTCCTCAC	10153514	10184181	-30667	10188756	-35242	10151830	-32351	-36926
ENSMUST00000088615	AACTGCACCCTGGATATCTTCAAAACCACAATTCCTCAC	10153514	10189678	-36164	10198842	-45328	10151830	-37848	-47012
ENSMUST00000088615	AACTGCACCCTGGATATCTTCAAAACCACAATTCCTCAC	10153514	10204909	-51395	10213043	-59529	10151830	-53079	-61213
ENSMUST00000088615	AACTGCACCCTGGATATCTTCAAAACCACAATTCCTCAC	10153514	10214271	-60757	10216528	-63014	10151830	-62441	-64698
ENSMUST00000088615	AACTGCACCCTGGATATCTTCAAAACCACAATTCCTCAC	10153514	10215993	-62479	10232370	-78856	10151830	-64163	-80540
ENSMUST00000088615	AACTGCACCCTGGATATCTTCAAAACCACAATTCCTCAC	10153514	10138996	14518	10141558	11956	10151830	12834	10272
ENSMUST00000088615	AACTGCACCCTGGATATCTTCAAAACCACAATTCCTCAC	10153514	10153524	-10	10154280	-766	10151830	-1694	-2450
ENSMUST00000088615	AACTGCACCCTGGATATCTTCAAAACCACAATTCCTCAC	10153514	10158060	-4546	10159876	-6362	10151830	-6230	-8046
ENSMUST00000088615	AACTGCACCCTGGATATCTTCAAAACCACAATTCCTCAC	10153514	10174195	-20681	10180869	-27355	10151830	-22365	-29039
ENSMUST00000088615	AACTGCACCCTGGATATCTTCAAAACCACAATTCCTCAC	10153514	10184181	-30667	10188756	-35242	10151830	-32351	-36926
ENSMUST00000088615	AACTGCACCCTGGATATCTTCAAAACCACAATTCCTCAC	10153514	10189678	-36164	10198842	-45328	10151830	-37848	-47012
ENSMUST00000088615	AACTGCACCCTGGATATCTTCAAAACCACAATTCCTCAC	10153514	10204909	-51395	10213043	-59529	10151830	-53079	-61213
ENSMUST00000088615	AACTGCACCCTGGATATCTTCAAAACCACAATTCCTCAC	10153514	10214271	-60757	10216528	-63014	10151830	-62441	-64698
ENSMUST00000088615	AACTGCACCCTGGATATCTTCAAAACCACAATTCCTCAC	10153514	10215993	-62479	10232370	-78856	10151830	-64163	-80540
ENSMUST00000046266	AAAAAAAAAAAATTGCAGCTGTTAGAACTTTTCCTCATT	84152128	84153031	-903	84156426	-4298	84152167	-864	-4259
ENSMUST00000025253	CAGAGATGAGTCAGTCTGACAGTGGAGTGGACCTGAGTG	35153522	35150326	3196	35150816	2706	35153561	3235	2745
ENSMUST00000025253	CAGAGATGAGTCAGTCTGACAGTGGAGTGGACCTGAGTG	35153522	35150326	3196	35152617	905	35153561	3235	944
ENSMUST00000025253	CAGAGATGAGTCAGTCTGACAGTGGAGTGGACCTGAGTG	35153522	35150326	3196	35152617	905	35153561	3235	944
ENSMUST00000025253	CAGAGATGAGTCAGTCTGACAGTGGAGTGGACCTGAGTG	35153522	35154237	-715	35154791	-1269	35153561	-676	-1230
ENSMUST00000025253	CAGAGATGAGTCAGTCTGACAGTGGAGTGGACCTGAGTG	35153522	35157207	-3685	35157878	-4356	35153561	-3646	-4317
ENSMUST00000025253	CAGAGATGAGTCAGTCTGACAGTGGAGTGGACCTGAGTG	35153522	35159413	-5891	35160096	-6574	35153561	-5852	-6535
ENSMUST00000025253	CAGAGATGAGTCAGTCTGACAGTGGAGTGGACCTGAGTG	35153522	35160187	-6665	35160752	-7230	35153561	-6626	-7191
ENSMUST00000025253	CAGAGATGAGTCAGTCTGACAGTGGAGTGGACCTGAGTG	35153522	35161909	-8387	35162871	-9349	35153561	-8348	-9310
ENSMUST00000001319	AGTGAAGACGCTGTAAATAGGTTCAGATCTTACCGTCTA	8620428	8622444	-2016	8639205	-18777	8620467	-1977	-18738
ENSMUST00000001319	AGTGAAGACGCTGTAAATAGGTTCAGATCTTACCGTCTA	8620428	8622444	-2016	8660483	-40055	8620467	-1977	-40016
ENSMUST00000001319	AGTGAAGACGCTGTAAATAGGTTCAGATCTTACCGTCTA	8620428	8623240	-2812	8660483	-40055	8620467	-2773	-40016
ENSMUST00000021347	TTTTTCTTTCTTCGTTCTGCAAACATACACAAGACACTCG	91806514	91814004	-7490	91814973	-8459	91806554	-7450	-8419
ENSMUST00000021347	TTTTTCTTTCTTCGTTCTGCAAACATACACAAGACACTCG	91806514	91820110	-13596	91824819	-18305	91806554	-13556	-18265
ENSMUST00000021347	TTTTTCTTTCTTCGTTCTGCAAACATACACAAGACACTCG	91806514	91820110	-13596	91826504	-19990	91806554	-13556	-19950
ENSMUST00000021347	TTTTTCTTTCTTCGTTCTGCAAACATACACAAGACACTCG	91806514	91820110	-13596	91826504	-19990	91806554	-13556	-19950
ENSMUST00000021347	TTTTTCTTTCTTCGTTCTGCAAACATACACAAGACACTCG	91806514	91823590	-17076	91825296	-18782	91806554	-17036	-18742
ENSMUST00000021347	TTTTTCTTTCTTCGTTCTGCAAACATACACAAGACACTCG	91806514	91823590	-17076	91826504	-19990	91806554	-17036	-19950
ENSMUST00000021347	TTTTTCTTTCTTCGTTCTGCAAACATACACAAGACACTCG	91806514	91823590	-17076	91826504	-19990	91806554	-17036	-19950
ENSMUST00000021347	TTTTTCTTTCTTCGTTCTGCAAACATACACAAGACACTCG	91806514	91824974	-18460	91826504	-19990	91806554	-18420	-19950
ENSMUST00000021347	TTTTTCTTTCTTCGTTCTGCAAACATACACAAGACACTCG	91806514	91831674	-25160	91841637	-35123	91806554	-25120	-35083
ENSMUST00000021347	TTTTTCTTTCTTCGTTCTGCAAACATACACAAGACACTCG	91806514	91831674	-25160	91841637	-35123	91806554	-25120	-35083
ENSMUST00000021347	TTTTTCTTTCTTCGTTCTGCAAACATACACAAGACACTCG	91806514	91831674	-25160	91841637	-35123	91806554	-25120	-35083
ENSMUST00000021347	TTTTTCTTTCTTCGTTCTGCAAACATACACAAGACACTCG	91806514	91841854	-35340	91848958	-42444	91806554	-35300	-42404
ENSMUST00000205765	TCTTTTTATTAAGCCTAGATGGGACTGTGACTCCCAAGTG	4086118	4108275	-22157	4114773	-28655	4086158	-22117	-28615
ENSMUST00000205765	TCTTTTTATTAAGCCTAGATGGGACTGTGACTCCCAAGTG	4086118	4128686	-42568	4138744	-52626	4086158	-42528	-52586
ENSMUST00000205765	TCTTTTTATTAAGCCTAGATGGGACTGTGACTCCCAAGTG	4086118	4155033	-68915	4213138	-127020	4086158	-68875	-126980
ENSMUST00000205765	TCTTTTTATTAAGCCTAGATGGGACTGTGACTCCCAAGTG	4086118	4108275	-22157	4114773	-28655	4086158	-22117	-28615
ENSMUST00000205765	TCTTTTTATTAAGCCTAGATGGGACTGTGACTCCCAAGTG	4086118	4128686	-42568	4138744	-52626	4086158	-42528	-52586
ENSMUST00000205765	TCTTTTTATTAAGCCTAGATGGGACTGTGACTCCCAAGTG	4086118	4155033	-68915	4213138	-127020	4086158	-68875	-126980
ENSMUST00000036187	GAATTGGGCCTATTTAAGGACAGCTCCAGTGAAATGTCTG	26209323	26220759	-11436	26222220	-12897	26209363	-11396	-12857
ENSMUST00000154230	ATCTGTCATTCTAAGAGAGAAACCTCAGTCTGGCCGCCAG	20881635	20853069	28566	20854934	26701	20881675	28606	26741
ENSMUST00000154230	ATCTGTCATTCTAAGAGAGAAACCTCAGTCTGGCCGCCAG	20881635	20853069	28566	20854934	26701	20881675	28606	26741
ENSMUST00000154230	ATCTGTCATTCTAAGAGAGAAACCTCAGTCTGGCCGCCAG	20881635	20853069	28566	20854934	26701	20881675	28606	26741
ENSMUST00000154230	ATCTGTCATTCTAAGAGAGAAACCTCAGTCTGGCCGCCAG	20881635	20853069	28566	20855353	26282	20881675	28606	26322
ENSMUST00000154230	ATCTGTCATTCTAAGAGAGAAACCTCAGTCTGGCCGCCAG	20881635	20855040	26595	20855580	26055	20881675	26635	26095
ENSMUST00000154230	ATCTGTCATTCTAAGAGAGAAACCTCAGTCTGGCCGCCAG	20881635	20860036	21599	20860970	20665	20881675	21639	20705
ENSMUST00000154230	ATCTGTCATTCTAAGAGAGAAACCTCAGTCTGGCCGCCAG	20881635	20881851	-216	20887105	-5470	20881675	-176	-5430
ENSMUST00000154230	ATCTGTCATTCTAAGAGAGAAACCTCAGTCTGGCCGCCAG	20881635	20889953	-8318	20912276	-30641	20881675	-8278	-30601
ENSMUST00000154230	ATCTGTCATTCTAAGAGAGAAACCTCAGTCTGGCCGCCAG	20881635	20892177	-10542	20914631	-32996	20881675	-10502	-32956
ENSMUST00000154230	ATCTGTCATTCTAAGAGAGAAACCTCAGTCTGGCCGCCAG	20881635	20892177	-10542	20967329	-85694	20881675	-10502	-85654
ENSMUST00000077458	CTTTTCCCTTAGGACTGAACCACACTAGCACCGGTTGATT	32789351	32789637	-286	32796015	-6664	32789391	-246	-6624
ENSMUST00000077458	CTTTTCCCTTAGGACTGAACCACACTAGCACCGGTTGATT	32789351	32789637	-286	32798104	-8753	32789391	-246	-8713
ENSMUST00000077458	CTTTTCCCTTAGGACTGAACCACACTAGCACCGGTTGATT	32789351	32800681	-11330	32806068	-16717	32789391	-11290	-16677
ENSMUST00000077458	CTTTTCCCTTAGGACTGAACCACACTAGCACCGGTTGATT	32789351	32801929	-12578	32806068	-16717	32789391	-12538	-16677
ENSMUST00000077458	CTTTTCCCTTAGGACTGAACCACACTAGCACCGGTTGATT	32789351	32806786	-17435	32809100	-19749	32789391	-17395	-19709
ENSMUST00000077458	CTTTTCCCTTAGGACTGAACCACACTAGCACCGGTTGATT	32789351	32809208	-19857	32812020	-22669	32789391	-19817	-22629
ENSMUST00000077458	CTTTTCCCTTAGGACTGAACCACACTAGCACCGGTTGATT	32789351	32809208	-19857	32814878	-25527	32789391	-19817	-25487
ENSMUST00000077458	CTTTTCCCTTAGGACTGAACCACACTAGCACCGGTTGATT	32789351	32817389	-28038	32821834	-32483	32789391	-27998	-32443
ENSMUST00000077458	CTTTTCCCTTAGGACTGAACCACACTAGCACCGGTTGATT	32789351	32818505	-29154	32821834	-32483	32789391	-29114	-32443
ENSMUST00000077458	CTTTTCCCTTAGGACTGAACCACACTAGCACCGGTTGATT	32789351	32819910	-30559	32823535	-34184	32789391	-30519	-34144
ENSMUST00000077458	CTTTTCCCTTAGGACTGAACCACACTAGCACCGGTTGATT	32789351	32789637	-286	32796015	-6664	32789391	-246	-6624
ENSMUST00000077458	CTTTTCCCTTAGGACTGAACCACACTAGCACCGGTTGATT	32789351	32789637	-286	32798104	-8753	32789391	-246	-8713
ENSMUST00000077458	CTTTTCCCTTAGGACTGAACCACACTAGCACCGGTTGATT	32789351	32800681	-11330	32806068	-16717	32789391	-11290	-16677
ENSMUST00000077458	CTTTTCCCTTAGGACTGAACCACACTAGCACCGGTTGATT	32789351	32801929	-12578	32806068	-16717	32789391	-12538	-16677
ENSMUST00000077458	CTTTTCCCTTAGGACTGAACCACACTAGCACCGGTTGATT	32789351	32806786	-17435	32809100	-19749	32789391	-17395	-19709
ENSMUST00000077458	CTTTTCCCTTAGGACTGAACCACACTAGCACCGGTTGATT	32789351	32809208	-19857	32812020	-22669	32789391	-19817	-22629
ENSMUST00000077458	CTTTTCCCTTAGGACTGAACCACACTAGCACCGGTTGATT	32789351	32809208	-19857	32814878	-25527	32789391	-19817	-25487
ENSMUST00000077458	CTTTTCCCTTAGGACTGAACCACACTAGCACCGGTTGATT	32789351	32817389	-28038	32821834	-32483	32789391	-27998	-32443
ENSMUST00000077458	CTTTTCCCTTAGGACTGAACCACACTAGCACCGGTTGATT	32789351	32818505	-29154	32821834	-32483	32789391	-29114	-32443
ENSMUST00000077458	CTTTTCCCTTAGGACTGAACCACACTAGCACCGGTTGATT	32789351	32819910	-30559	32823535	-34184	32789391	-30519	-34144
ENSMUST00000172733	CGCATCTGCAGCTGCTTCCTCTGACCCTGACCCTGATGCC	64281078	64293024	-11946	64308621	-27543	64281118	-11906	-27503
ENSMUST00000172733	CGCATCTGCAGCTGCTTCCTCTGACCCTGACCCTGATGCC	64281078	64309666	-28588	64313000	-31922	64281118	-28548	-31882
ENSMUST00000072406	GATTGGTCTGGCCGACGACTCAGTGCGCTCCCTAAAGCTC	85076021	85066297	9724	85070427	5594	85071922	5625	1495
ENSMUST00000072406	GATTGGTCTGGCCGACGACTCAGTGCGCTCCCTAAAGCTC	85076021	85066297	9724	85071911	4110	85071922	5625	11
ENSMUST00000072406	GATTGGTCTGGCCGACGACTCAGTGCGCTCCCTAAAGCTC	85076021	85070603	5418	85075865	156	85071922	1319	-3943
ENSMUST00000072406	GATTGGTCTGGCCGACGACTCAGTGCGCTCCCTAAAGCTC	85076021	85083315	-7294	85090105	-14084	85071922	-11393	-18183
ENSMUST00000182627	CTATCACAGTGTCTGCCCTGTGAGGAATGAGAGCGCCTCA	29408901	29409872	-971	29415782	-6881	29408941	-931	-6841
ENSMUST00000182627	CTATCACAGTGTCTGCCCTGTGAGGAATGAGAGCGCCTCA	29408901	29409872	-971	29415810	-6909	29408941	-931	-6869
ENSMUST00000182627	CTATCACAGTGTCTGCCCTGTGAGGAATGAGAGCGCCTCA	29408901	29409872	-971	29417764	-8863	29408941	-931	-8823
ENSMUST00000182627	CTATCACAGTGTCTGCCCTGTGAGGAATGAGAGCGCCTCA	29408901	29409872	-971	29417764	-8863	29408941	-931	-8823
ENSMUST00000182627	CTATCACAGTGTCTGCCCTGTGAGGAATGAGAGCGCCTCA	29408901	29413801	-4900	29417764	-8863	29408941	-4860	-8823
ENSMUST00000182627	CTATCACAGTGTCTGCCCTGTGAGGAATGAGAGCGCCTCA	29408901	29409872	-971	29417764	-8863	29408941	-931	-8823
ENSMUST00000182627	CTATCACAGTGTCTGCCCTGTGAGGAATGAGAGCGCCTCA	29408901	29413801	-4900	29417764	-8863	29408941	-4860	-8823
ENSMUST00000182627	CTATCACAGTGTCTGCCCTGTGAGGAATGAGAGCGCCTCA	29408901	29421782	-12881	29433971	-25070	29408941	-12841	-25030
ENSMUST00000182627	CTATCACAGTGTCTGCCCTGTGAGGAATGAGAGCGCCTCA	29408901	29450065	-41164	29454691	-45790	29408941	-41124	-45750
ENSMUST00000182627	CTATCACAGTGTCTGCCCTGTGAGGAATGAGAGCGCCTCA	29408901	29459567	-50666	29473433	-64532	29408941	-50626	-64492
ENSMUST00000182627	CTATCACAGTGTCTGCCCTGTGAGGAATGAGAGCGCCTCA	29408901	29469310	-60409	29473433	-64532	29408941	-60369	-64492
ENSMUST00000182627	CTATCACAGTGTCTGCCCTGTGAGGAATGAGAGCGCCTCA	29408901	29472023	-63122	29475387	-66486	29408941	-63082	-66446
ENSMUST00000182627	CTATCACAGTGTCTGCCCTGTGAGGAATGAGAGCGCCTCA	29408901	29475628	-66727	29490009	-81108	29408941	-66687	-81068
ENSMUST00000182627	CTATCACAGTGTCTGCCCTGTGAGGAATGAGAGCGCCTCA	29408901	29475628	-66727	29490009	-81108	29408941	-66687	-81068
ENSMUST00000182627	CTATCACAGTGTCTGCCCTGTGAGGAATGAGAGCGCCTCA	29408901	29479902	-71001	29541243	-132342	29408941	-70961	-132302
ENSMUST00000072299	ATATAATATTAGTAGCACTGAGACCCTTCCCCCACGGTAAT	11325813	11326504	-691	11386814	-61001	11325854	-650	-60960
ENSMUST00000072299	ATATAATATTAGTAGCACTGAGACCCTTCCCCCACGGTAAT	11325813	11332216	-6403	11436356	-110543	11325854	-6362	-110502
ENSMUST00000162280	TCTTGGGCTGTATGATCTTTCCTGATGGCTGGGATGCTGAG	113176460	113176682	-222	113195214	-18754	113176501	-181	-18713
ENSMUST00000162280	TCTTGGGCTGTATGATCTTTCCTGATGGCTGGGATGCTGAG	113176460	113176682	-222	113195214	-18754	113176501	-181	-18713
ENSMUST00000076623	TCCTAACCCAGTCAAGCATATATGATAACAGGAAGGAAAAA	62733050	62604656	128394	62611703	121347	62730551	125895	118848
ENSMUST00000076623	TCCTAACCCAGTCAAGCATATATGATAACAGGAAGGAAAAA	62733050	62611767	121283	62615003	118047	62730551	118784	115548
ENSMUST00000076623	TCCTAACCCAGTCAAGCATATATGATAACAGGAAGGAAAAA	62733050	62636069	96981	62641327	91723	62730551	94482	89224
ENSMUST00000076623	TCCTAACCCAGTCAAGCATATATGATAACAGGAAGGAAAAA	62733050	62639036	94014	62642794	90256	62730551	91515	87757
ENSMUST00000076623	TCCTAACCCAGTCAAGCATATATGATAACAGGAAGGAAAAA	62733050	62706728	26322	62730520	2530	62730551	23823	31
ENSMUST00000076623	TCCTAACCCAGTCAAGCATATATGATAACAGGAAGGAAAAA	62733050	62733061	-11	62734987	-1937	62730551	-2510	-4436
ENSMUST00000041124	TGAGCCGCTCAGCCCCCACCACCCTCTACCTCGTGCACACT	9447492	9439882	7610	9445959	1533	9447533	7651	1574
ENSMUST00000041124	TGAGCCGCTCAGCCCCCACCACCCTCTACCTCGTGCACACT	9447492	9443906	3586	9445959	1533	9447533	3627	1574
ENSMUST00000177517	CCGGACCTCCAGTCCCTGCGCTACGCCCTGTCGCTCTACAC	71634611	71630675	3936	71634516	95	71634652	3977	136
ENSMUST00000177517	CCGGACCTCCAGTCCCTGCGCTACGCCCTGTCGCTCTACAC	71634611	71631046	3565	71634516	95	71634652	3606	136
ENSMUST00000177517	CCGGACCTCCAGTCCCTGCGCTACGCCCTGTCGCTCTACAC	71634611	71635226	-615	71639216	-4605	71634652	-574	-4564
ENSMUST00000177517	CCGGACCTCCAGTCCCTGCGCTACGCCCTGTCGCTCTACAC	71634611	71636567	-1956	71639216	-4605	71634652	-1915	-4564
ENSMUST00000177517	CCGGACCTCCAGTCCCTGCGCTACGCCCTGTCGCTCTACAC	71634611	71636567	-1956	71639216	-4605	71634652	-1915	-4564
ENSMUST00000177517	CCGGACCTCCAGTCCCTGCGCTACGCCCTGTCGCTCTACAC	71634611	71635226	-615	71639699	-5088	71634652	-574	-5047
ENSMUST00000177517	CCGGACCTCCAGTCCCTGCGCTACGCCCTGTCGCTCTACAC	71634611	71637810	-3199	71639699	-5088	71634652	-3158	-5047
ENSMUST00000177517	CCGGACCTCCAGTCCCTGCGCTACGCCCTGTCGCTCTACAC	71634611	71642206	-7595	71644552	-9941	71634652	-7554	-9900
ENSMUST00000177517	CCGGACCTCCAGTCCCTGCGCTACGCCCTGTCGCTCTACAC	71634611	71642206	-7595	71644552	-9941	71634652	-7554	-9900
ENSMUST00000177517	CCGGACCTCCAGTCCCTGCGCTACGCCCTGTCGCTCTACAC	71634611	71644969	-10358	71645897	-11286	71634652	-10317	-11245
ENSMUST00000177517	CCGGACCTCCAGTCCCTGCGCTACGCCCTGTCGCTCTACAC	71634611	71649922	-15311	71651123	-16512	71634652	-15270	-16471
ENSMUST00000177517	CCGGACCTCCAGTCCCTGCGCTACGCCCTGTCGCTCTACAC	71634611	71650677	-16066	71651952	-17341	71634652	-16025	-17300
ENSMUST00000177517	CCGGACCTCCAGTCCCTGCGCTACGCCCTGTCGCTCTACAC	71634611	71655204	-20593	71655662	-21051	71634652	-20552	-21010
ENSMUST00000177517	CCGGACCTCCAGTCCCTGCGCTACGCCCTGTCGCTCTACAC	71634611	71655741	-21130	71658002	-23391	71634652	-21089	-23350
ENSMUST00000177517	CCGGACCTCCAGTCCCTGCGCTACGCCCTGTCGCTCTACAC	71634611	71661851	-27240	71662839	-28228	71634652	-27199	-28187
ENSMUST00000177517	CCGGACCTCCAGTCCCTGCGCTACGCCCTGTCGCTCTACAC	71634611	71661851	-27240	71662854	-28243	71634652	-27199	-28202
ENSMUST00000177517	CCGGACCTCCAGTCCCTGCGCTACGCCCTGTCGCTCTACAC	71634611	71664276	-29665	71666640	-32029	71634652	-29624	-31988
ENSMUST00000177517	CCGGACCTCCAGTCCCTGCGCTACGCCCTGTCGCTCTACAC	71634611	71664276	-29665	71671625	-37014	71634652	-29624	-36973
ENSMUST00000177517	CCGGACCTCCAGTCCCTGCGCTACGCCCTGTCGCTCTACAC	71634611	71664276	-29665	71671625	-37014	71634652	-29624	-36973
ENSMUST00000177517	CCGGACCTCCAGTCCCTGCGCTACGCCCTGTCGCTCTACAC	71634611	71666078	-31467	71671625	-37014	71634652	-31426	-36973
ENSMUST00000018691	TTGTTTCTTCAATTCACTGCTCCAGGATTGCTCTTTCTAAT	97715560	97720481	-4921	97722939	-7379	97715601	-4880	-7338
ENSMUST00000018691	TTGTTTCTTCAATTCACTGCTCCAGGATTGCTCTTTCTAAT	97715560	97722978	-7418	97726704	-11144	97715601	-7377	-11103
ENSMUST00000018691	TTGTTTCTTCAATTCACTGCTCCAGGATTGCTCTTTCTAAT	97715560	97724525	-8965	97726704	-11144	97715601	-8924	-11103
ENSMUST00000018691	TTGTTTCTTCAATTCACTGCTCCAGGATTGCTCTTTCTAAT	97715560	97726857	-11297	97732657	-17097	97715601	-11256	-17056
ENSMUST00000037391	GTCCCAGACGGTCCAGGTCTGAGGATCCAATAGGGAAGCTG	71421696	71424089	-2393	71438133	-16437	71421737	-2352	-16396
ENSMUST00000037391	GTCCCAGACGGTCCAGGTCTGAGGATCCAATAGGGAAGCTG	71421696	71429166	-7470	71438133	-16437	71421737	-7429	-16396
ENSMUST00000037391	GTCCCAGACGGTCCAGGTCTGAGGATCCAATAGGGAAGCTG	71421696	71438199	-16503	71441073	-19377	71421737	-16462	-19336
ENSMUST00000037391	GTCCCAGACGGTCCAGGTCTGAGGATCCAATAGGGAAGCTG	71421696	71441145	-19449	71450610	-28914	71421737	-19408	-28873
ENSMUST00000037391	GTCCCAGACGGTCCAGGTCTGAGGATCCAATAGGGAAGCTG	71421696	71441145	-19449	71492521	-70825	71421737	-19408	-70784
ENSMUST00000037391	GTCCCAGACGGTCCAGGTCTGAGGATCCAATAGGGAAGCTG	71421696	71441145	-19449	71492521	-70825	71421737	-19408	-70784
ENSMUST00000037391	GTCCCAGACGGTCCAGGTCTGAGGATCCAATAGGGAAGCTG	71421696	71450007	-28311	71492521	-70825	71421737	-28270	-70784
ENSMUST00000076110	CAAAACCTCTGATGACTCTGGGCTTGAACTTGATAACAACA	151473202	151473344	-142	151500718	-27516	151473243	-101	-27475
ENSMUST00000076110	CAAAACCTCTGATGACTCTGGGCTTGAACTTGATAACAACA	151473202	151477032	-3830	151500718	-27516	151473243	-3789	-27475
ENSMUST00000076110	CAAAACCTCTGATGACTCTGGGCTTGAACTTGATAACAACA	151473202	151478625	-5423	151500718	-27516	151473243	-5382	-27475
ENSMUST00000029796	TCAAAAAGCCTGTATGGCTGCTCACTCATTAATCTTCTGCCA	138926532	138927712	-1180	138945662	-19130	138926574	-1138	-19088
ENSMUST00000029796	TCAAAAAGCCTGTATGGCTGCTCACTCATTAATCTTCTGCCA	138926532	138927712	-1180	138963824	-37292	138926574	-1138	-37250
ENSMUST00000029796	TCAAAAAGCCTGTATGGCTGCTCACTCATTAATCTTCTGCCA	138926532	138927712	-1180	138955321	-28789	138926574	-1138	-28747
ENSMUST00000029796	TCAAAAAGCCTGTATGGCTGCTCACTCATTAATCTTCTGCCA	138926532	138955461	-28929	138957409	-30877	138926574	-28887	-30835
ENSMUST00000029796	TCAAAAAGCCTGTATGGCTGCTCACTCATTAATCTTCTGCCA	138926532	138963950	-37418	139015545	-89013	138926574	-37376	-88971
ENSMUST00000029796	TCAAAAAGCCTGTATGGCTGCTCACTCATTAATCTTCTGCCA	138926532	138965996	-39464	139015545	-89013	138926574	-39422	-88971
ENSMUST00000029796	TCAAAAAGCCTGTATGGCTGCTCACTCATTAATCTTCTGCCA	138926532	139021935	-95403	139075035	-148503	138926574	-95361	-148461
ENSMUST00000215036	CATTTGATCCAAGGCTGTTCATTTCCGTTAACCATATCCATC	75573937	75577252	-3315	75586047	-12110	75573979	-3273	-12068
ENSMUST00000215036	CATTTGATCCAAGGCTGTTCATTTCCGTTAACCATATCCATC	75573937	75587976	-14039	75594920	-20983	75573979	-13997	-20941
ENSMUST00000151288	CTTCACACCGCTTATTGGCTCTGCAAGTGACCGCTGCACCCT	73589446	73584549	4897	73586018	3428	73589488	4939	3470
ENSMUST00000151288	CTTCACACCGCTTATTGGCTCTGCAAGTGACCGCTGCACCCT	73589446	73587085	2361	73589385	61	73589488	2403	103
ENSMUST00000151288	CTTCACACCGCTTATTGGCTCTGCAAGTGACCGCTGCACCCT	73589446	73587085	2361	73589385	61	73589488	2403	103
ENSMUST00000056149	ACTTCTTCCATTCTGCCCACCTGTCTGTCACCTAACCTGGCC	150833046	150833140	-94	150835272	-2226	150833088	-52	-2184
ENSMUST00000056149	ACTTCTTCCATTCTGCCCACCTGTCTGTCACCTAACCTGGCC	150833046	150834406	-1360	150837351	-4305	150833088	-1318	-4263
ENSMUST00000056149	ACTTCTTCCATTCTGCCCACCTGTCTGTCACCTAACCTGGCC	150833046	150835351	-2305	150838314	-5268	150833088	-2263	-5226
ENSMUST00000056149	ACTTCTTCCATTCTGCCCACCTGTCTGTCACCTAACCTGGCC	150833046	150838394	-5348	150839719	-6673	150833088	-5306	-6631
ENSMUST00000056149	ACTTCTTCCATTCTGCCCACCTGTCTGTCACCTAACCTGGCC	150833046	150839849	-6803	150843390	-10344	150833088	-6761	-10302
ENSMUST00000056149	ACTTCTTCCATTCTGCCCACCTGTCTGTCACCTAACCTGGCC	150833046	150839849	-6803	150846243	-13197	150833088	-6761	-13155
ENSMUST00000056149	ACTTCTTCCATTCTGCCCACCTGTCTGTCACCTAACCTGGCC	150833046	150843421	-10375	150848351	-15305	150833088	-10333	-15263
ENSMUST00000056149	ACTTCTTCCATTCTGCCCACCTGTCTGTCACCTAACCTGGCC	150833046	150843421	-10375	150858359	-25313	150833088	-10333	-25271
ENSMUST00000056149	ACTTCTTCCATTCTGCCCACCTGTCTGTCACCTAACCTGGCC	150833046	150843421	-10375	150858359	-25313	150833088	-10333	-25271
ENSMUST00000056149	ACTTCTTCCATTCTGCCCACCTGTCTGTCACCTAACCTGGCC	150833046	150846363	-13317	150858359	-25313	150833088	-13275	-25271
ENSMUST00000056149	ACTTCTTCCATTCTGCCCACCTGTCTGTCACCTAACCTGGCC	150833046	150848457	-15411	150904356	-71310	150833088	-15369	-71268
ENSMUST00000056149	ACTTCTTCCATTCTGCCCACCTGTCTGTCACCTAACCTGGCC	150833046	150858484	-25438	150904356	-71310	150833088	-25396	-71268
ENSMUST00000036161	ACGTGAACCTTGCCTGGAGCATCTCTCCATACCTCGCTGTGCA	17297073	17281109	15964	17282285	14788	17295399	14290	13114
ENSMUST00000036161	ACGTGAACCTTGCCTGGAGCATCTCTCCATACCTCGCTGTGCA	17297073	17281109	15964	17282616	14457	17295399	14290	12783
ENSMUST00000036161	ACGTGAACCTTGCCTGGAGCATCTCTCCATACCTCGCTGTGCA	17297073	17281109	15964	17282616	14457	17295399	14290	12783
ENSMUST00000036161	ACGTGAACCTTGCCTGGAGCATCTCTCCATACCTCGCTGTGCA	17297073	17282008	15065	17282616	14457	17295399	13391	12783
ENSMUST00000036161	ACGTGAACCTTGCCTGGAGCATCTCTCCATACCTCGCTGTGCA	17297073	17283409	13664	17291114	5959	17295399	11990	4285
ENSMUST00000036161	ACGTGAACCTTGCCTGGAGCATCTCTCCATACCTCGCTGTGCA	17297073	17291235	5838	17293842	3231	17295399	4164	1557
ENSMUST00000036161	ACGTGAACCTTGCCTGGAGCATCTCTCCATACCTCGCTGTGCA	17297073	17297089	-16	17297550	-477	17295399	-1690	-2151
ENSMUST00000036161	ACGTGAACCTTGCCTGGAGCATCTCTCCATACCTCGCTGTGCA	17297073	17297670	-597	17300992	-3919	17295399	-2271	-5593
ENSMUST00000036161	ACGTGAACCTTGCCTGGAGCATCTCTCCATACCTCGCTGTGCA	17297073	17299569	-2496	17300992	-3919	17295399	-4170	-5593
ENSMUST00000036161	ACGTGAACCTTGCCTGGAGCATCTCTCCATACCTCGCTGTGCA	17297073	17299569	-2496	17302990	-5917	17295399	-4170	-7591
ENSMUST00000036161	ACGTGAACCTTGCCTGGAGCATCTCTCCATACCTCGCTGTGCA	17297073	17303443	-6370	17308065	-10992	17295399	-8044	-12666
ENSMUST00000036161	ACGTGAACCTTGCCTGGAGCATCTCTCCATACCTCGCTGTGCA	17297073	17307830	-10757	17309305	-12232	17295399	-12431	-13906
ENSMUST00000036161	ACGTGAACCTTGCCTGGAGCATCTCTCCATACCTCGCTGTGCA	17297073	17309398	-12325	17315548	-18475	17295399	-13999	-20149
ENSMUST00000036161	ACGTGAACCTTGCCTGGAGCATCTCTCCATACCTCGCTGTGCA	17297073	17312471	-15398	17316961	-19888	17295399	-17072	-21562
ENSMUST00000036161	ACGTGAACCTTGCCTGGAGCATCTCTCCATACCTCGCTGTGCA	17297073	17317045	-19972	17318279	-21206	17295399	-21646	-22880
ENSMUST00000036161	ACGTGAACCTTGCCTGGAGCATCTCTCCATACCTCGCTGTGCA	17297073	17318404	-21331	17323036	-25963	17295399	-23005	-27637
ENSMUST00000036161	ACGTGAACCTTGCCTGGAGCATCTCTCCATACCTCGCTGTGCA	17297073	17318553	-21480	17325112	-28039	17295399	-23154	-29713
ENSMUST00000036161	ACGTGAACCTTGCCTGGAGCATCTCTCCATACCTCGCTGTGCA	17297073	17318553	-21480	17325112	-28039	17295399	-23154	-29713
ENSMUST00000036161	ACGTGAACCTTGCCTGGAGCATCTCTCCATACCTCGCTGTGCA	17297073	17326049	-28976	17350761	-53688	17295399	-30650	-55362
ENSMUST00000036161	ACGTGAACCTTGCCTGGAGCATCTCTCCATACCTCGCTGTGCA	17297073	17354966	-57893	17357545	-60472	17295399	-59567	-62146
ENSMUST00000036161	ACGTGAACCTTGCCTGGAGCATCTCTCCATACCTCGCTGTGCA	17297073	17359086	-62013	17363946	-66873	17295399	-63687	-68547
ENSMUST00000036161	ACGTGAACCTTGCCTGGAGCATCTCTCCATACCTCGCTGTGCA	17297073	17360593	-63520	17367403	-70330	17295399	-65194	-72004
ENSMUST00000036161	ACGTGAACCTTGCCTGGAGCATCTCTCCATACCTCGCTGTGCA	17297073	17367552	-70479	17376917	-79844	17295399	-72153	-81518
ENSMUST00000036161	ACGTGAACCTTGCCTGGAGCATCTCTCCATACCTCGCTGTGCA	17297073	17367552	-70479	17405633	-108560	17295399	-72153	-110234
ENSMUST00000036161	ACGTGAACCTTGCCTGGAGCATCTCTCCATACCTCGCTGTGCA	17297073	17377177	-80104	17405633	-108560	17295399	-81778	-110234
ENSMUST00000036161	ACGTGAACCTTGCCTGGAGCATCTCTCCATACCTCGCTGTGCA	17297073	17378514	-81441	17386235	-89162	17295399	-83115	-90836
ENSMUST00000036161	ACGTGAACCTTGCCTGGAGCATCTCTCCATACCTCGCTGTGCA	17297073	17378514	-81441	17389340	-92267	17295399	-83115	-93941
ENSMUST00000036161	ACGTGAACCTTGCCTGGAGCATCTCTCCATACCTCGCTGTGCA	17297073	17378514	-81441	17405633	-108560	17295399	-83115	-110234
ENSMUST00000036161	ACGTGAACCTTGCCTGGAGCATCTCTCCATACCTCGCTGTGCA	17297073	17378514	-81441	17389340	-92267	17295399	-83115	-93941
ENSMUST00000036161	ACGTGAACCTTGCCTGGAGCATCTCTCCATACCTCGCTGTGCA	17297073	17378514	-81441	17405633	-108560	17295399	-83115	-110234
ENSMUST00000036161	ACGTGAACCTTGCCTGGAGCATCTCTCCATACCTCGCTGTGCA	17297073	17381889	-84816	17389340	-92267	17295399	-86490	-93941
ENSMUST00000036161	ACGTGAACCTTGCCTGGAGCATCTCTCCATACCTCGCTGTGCA	17297073	17381889	-84816	17405633	-108560	17295399	-86490	-110234
ENSMUST00000036161	ACGTGAACCTTGCCTGGAGCATCTCTCCATACCTCGCTGTGCA	17297073	17378514	-81441	17405633	-108560	17295399	-83115	-110234
ENSMUST00000036161	ACGTGAACCTTGCCTGGAGCATCTCTCCATACCTCGCTGTGCA	17297073	17381889	-84816	17405633	-108560	17295399	-86490	-110234
ENSMUST00000036161	ACGTGAACCTTGCCTGGAGCATCTCTCCATACCTCGCTGTGCA	17297073	17386329	-89256	17405633	-108560	17295399	-90930	-110234
ENSMUST00000022629	AGGCTCAGGACGCTACATTCCCCGGAAGCCCTTCCCTGACTTT	66807980	66808041	-61	66814954	-6974	66808023	-18	-6931
ENSMUST00000022629	AGGCTCAGGACGCTACATTCCCCGGAAGCCCTTCCCTGACTTT	66807980	66834376	-26396	66865081	-57101	66808023	-26353	-57058
ENSMUST00000163663	CTAACTTACCCAGGGGGGCCTGTGCTCTCTTACTCACCTCTGT	36571292	36593458	-22166	36732587	-161295	36571335	-22123	-161252
ENSMUST00000163663	CTAACTTACCCAGGGGGGCCTGTGCTCTCTTACTCACCTCTGT	36571292	36593458	-22166	36763644	-192352	36571335	-22123	-192309
ENSMUST00000163663	CTAACTTACCCAGGGGGGCCTGTGCTCTCTTACTCACCTCTGT	36571292	36850295	-279003	36937559	-366267	36571335	-278960	-366224
ENSMUST00000163663	CTAACTTACCCAGGGGGGCCTGTGCTCTCTTACTCACCTCTGT	36571292	36858075	-286783	36952120	-380828	36571335	-286740	-380785
ENSMUST00000025253	CCTTTGAAAGAGAAGCTGATCTCAGGGCCTCTGTCCCCCATGT	35156531	35150326	6205	35150816	5715	35156574	6248	5758
ENSMUST00000025253	CCTTTGAAAGAGAAGCTGATCTCAGGGCCTCTGTCCCCCATGT	35156531	35150326	6205	35152617	3914	35156574	6248	3957
ENSMUST00000025253	CCTTTGAAAGAGAAGCTGATCTCAGGGCCTCTGTCCCCCATGT	35156531	35150326	6205	35152617	3914	35156574	6248	3957
ENSMUST00000025253	CCTTTGAAAGAGAAGCTGATCTCAGGGCCTCTGTCCCCCATGT	35156531	35154237	2294	35154791	1740	35156574	2337	1783
ENSMUST00000025253	CCTTTGAAAGAGAAGCTGATCTCAGGGCCTCTGTCCCCCATGT	35156531	35157207	-676	35157878	-1347	35156574	-633	-1304
ENSMUST00000025253	CCTTTGAAAGAGAAGCTGATCTCAGGGCCTCTGTCCCCCATGT	35156531	35159413	-2882	35160096	-3565	35156574	-2839	-3522
ENSMUST00000025253	CCTTTGAAAGAGAAGCTGATCTCAGGGCCTCTGTCCCCCATGT	35156531	35160187	-3656	35160752	-4221	35156574	-3613	-4178
ENSMUST00000025253	CCTTTGAAAGAGAAGCTGATCTCAGGGCCTCTGTCCCCCATGT	35156531	35161909	-5378	35162871	-6340	35156574	-5335	-6297
ENSMUST00000225431	CATACTTCAATGACAATATCCTCACCCTAATACGGACCCTGGT	23314148	23300042	14106	23309039	5109	23314191	14149	5152
ENSMUST00000225431	CATACTTCAATGACAATATCCTCACCCTAATACGGACCCTGGT	23314148	23300042	14106	23311648	2500	23314191	14149	2543
ENSMUST00000225431	CATACTTCAATGACAATATCCTCACCCTAATACGGACCCTGGT	23314148	23300045	14103	23309039	5109	23314191	14146	5152
ENSMUST00000225431	CATACTTCAATGACAATATCCTCACCCTAATACGGACCCTGGT	23314148	23300045	14103	23311648	2500	23314191	14146	2543
ENSMUST00000225431	CATACTTCAATGACAATATCCTCACCCTAATACGGACCCTGGT	23314148	23300042	14106	23311648	2500	23314191	14149	2543
ENSMUST00000225431	CATACTTCAATGACAATATCCTCACCCTAATACGGACCCTGGT	23314148	23300045	14103	23311648	2500	23314191	14146	2543
ENSMUST00000225431	CATACTTCAATGACAATATCCTCACCCTAATACGGACCCTGGT	23314148	23306753	7395	23311648	2500	23314191	7438	2543
ENSMUST00000225431	CATACTTCAATGACAATATCCTCACCCTAATACGGACCCTGGT	23314148	23330970	-16822	23336944	-22796	23314191	-16779	-22753
ENSMUST00000225431	CATACTTCAATGACAATATCCTCACCCTAATACGGACCCTGGT	23314148	23330970	-16822	23363800	-49652	23314191	-16779	-49609
ENSMUST00000225431	CATACTTCAATGACAATATCCTCACCCTAATACGGACCCTGGT	23314148	23373261	-59113	23435949	-121801	23314191	-59070	-121758
ENSMUST00000225431	CATACTTCAATGACAATATCCTCACCCTAATACGGACCCTGGT	23314148	23386353	-72205	23435949	-121801	23314191	-72162	-121758
ENSMUST00000225431	CATACTTCAATGACAATATCCTCACCCTAATACGGACCCTGGT	23314148	23386353	-72205	23425566	-111418	23314191	-72162	-111375
ENSMUST00000225431	CATACTTCAATGACAATATCCTCACCCTAATACGGACCCTGGT	23314148	23386353	-72205	23435940	-121792	23314191	-72162	-121749
ENSMUST00000225431	CATACTTCAATGACAATATCCTCACCCTAATACGGACCCTGGT	23314148	23386353	-72205	23435949	-121801	23314191	-72162	-121758
ENSMUST00000225431	CATACTTCAATGACAATATCCTCACCCTAATACGGACCCTGGT	23314148	23386353	-72205	23435949	-121801	23314191	-72162	-121758
ENSMUST00000225431	CATACTTCAATGACAATATCCTCACCCTAATACGGACCCTGGT	23314148	23386353	-72205	23435940	-121792	23314191	-72162	-121749
ENSMUST00000225431	CATACTTCAATGACAATATCCTCACCCTAATACGGACCCTGGT	23314148	23386353	-72205	23435949	-121801	23314191	-72162	-121758
ENSMUST00000225431	CATACTTCAATGACAATATCCTCACCCTAATACGGACCCTGGT	23314148	23386353	-72205	23435949	-121801	23314191	-72162	-121758
ENSMUST00000225431	CATACTTCAATGACAATATCCTCACCCTAATACGGACCCTGGT	23314148	23391007	-76859	23435949	-121801	23314191	-76816	-121758
ENSMUST00000225431	CATACTTCAATGACAATATCCTCACCCTAATACGGACCCTGGT	23314148	23386353	-72205	23441992	-127844	23314191	-72162	-127801
ENSMUST00000225431	CATACTTCAATGACAATATCCTCACCCTAATACGGACCCTGGT	23314148	23386353	-72205	23441992	-127844	23314191	-72162	-127801
ENSMUST00000225431	CATACTTCAATGACAATATCCTCACCCTAATACGGACCCTGGT	23314148	23442079	-127931	23451598	-137450	23314191	-127888	-137407
ENSMUST00000225431	CATACTTCAATGACAATATCCTCACCCTAATACGGACCCTGGT	23314148	23442079	-127931	23463100	-148952	23314191	-127888	-148909
ENSMUST00000225431	CATACTTCAATGACAATATCCTCACCCTAATACGGACCCTGGT	23314148	23463210	-149062	23501124	-186976	23314191	-149019	-186933
ENSMUST00000225431	CATACTTCAATGACAATATCCTCACCCTAATACGGACCCTGGT	23314148	23509900	-195752	23526724	-212576	23314191	-195709	-212533
ENSMUST00000225431	CATACTTCAATGACAATATCCTCACCCTAATACGGACCCTGGT	23314148	23526627	-212479	23528349	-214201	23314191	-212436	-214158
ENSMUST00000225431	CATACTTCAATGACAATATCCTCACCCTAATACGGACCCTGGT	23314148	23650186	-336038	24003747	-689599	23314191	-335995	-689556
ENSMUST00000004673	CAACACGCACCCAACCTGGAGAACATTGAACTCTACTGGAATA	51908128	51906725	1403	51907245	883	51907585	860	340
ENSMUST00000004673	CAACACGCACCCAACCTGGAGAACATTGAACTCTACTGGAATA	51908128	51908171	-43	51908567	-439	51907585	-586	-982
ENSMUST00000004673	CAACACGCACCCAACCTGGAGAACATTGAACTCTACTGGAATA	51908128	51908386	-258	51908873	-745	51907585	-801	-1288
ENSMUST00000004673	CAACACGCACCCAACCTGGAGAACATTGAACTCTACTGGAATA	51908128	51908934	-806	51910314	-2186	51907585	-1349	-2729
ENSMUST00000004673	CAACACGCACCCAACCTGGAGAACATTGAACTCTACTGGAATA	51908128	51908934	-806	51910679	-2551	51907585	-1349	-3094
ENSMUST00000004673	CAACACGCACCCAACCTGGAGAACATTGAACTCTACTGGAATA	51908128	51908934	-806	51910679	-2551	51907585	-1349	-3094
ENSMUST00000004673	CAACACGCACCCAACCTGGAGAACATTGAACTCTACTGGAATA	51908128	51910120	-1992	51910679	-2551	51907585	-2535	-3094
ENSMUST00000004673	CAACACGCACCCAACCTGGAGAACATTGAACTCTACTGGAATA	51908128	51910785	-2657	51911465	-3337	51907585	-3200	-3880
ENSMUST00000030872	CATTTACTTAGGACTGTGTTTTGCTCTATGAACTATCCCCTGC	22486850	22487217	-367	22516703	-29853	22486893	-324	-29810
ENSMUST00000030872	CATTTACTTAGGACTGTGTTTTGCTCTATGAACTATCCCCTGC	22486850	22533874	-47024	22546397	-59547	22486893	-46981	-59504
ENSMUST00000030872	CATTTACTTAGGACTGTGTTTTGCTCTATGAACTATCCCCTGC	22486850	22546504	-59654	22547923	-61073	22486893	-59611	-61030
ENSMUST00000100561	TTTTCGCCCAGTGTGGATGGTGATGGGGACAGGAAGAAGCGCT	94438155	94409876	28279	94411438	26717	94437838	27962	26400
ENSMUST00000100561	TTTTCGCCCAGTGTGGATGGTGATGGGGACAGGAAGAAGCGCT	94438155	94411616	26539	94414930	23225	94437838	26222	22908
ENSMUST00000100561	TTTTCGCCCAGTGTGGATGGTGATGGGGACAGGAAGAAGCGCT	94438155	94411616	26539	94415742	22413	94437838	26222	22096
ENSMUST00000100561	TTTTCGCCCAGTGTGGATGGTGATGGGGACAGGAAGAAGCGCT	94438155	94411616	26539	94415742	22413	94437838	26222	22096
ENSMUST00000100561	TTTTCGCCCAGTGTGGATGGTGATGGGGACAGGAAGAAGCGCT	94438155	94413224	24931	94415742	22413	94437838	24614	22096
ENSMUST00000100561	TTTTCGCCCAGTGTGGATGGTGATGGGGACAGGAAGAAGCGCT	94438155	94416655	21500	94417154	21001	94437838	21183	20684
ENSMUST00000100561	TTTTCGCCCAGTGTGGATGGTGATGGGGACAGGAAGAAGCGCT	94438155	94416704	21451	94417154	21001	94437838	21134	20684
ENSMUST00000100561	TTTTCGCCCAGTGTGGATGGTGATGGGGACAGGAAGAAGCGCT	94438155	94418970	19185	94425763	12392	94437838	18868	12075
ENSMUST00000100561	TTTTCGCCCAGTGTGGATGGTGATGGGGACAGGAAGAAGCGCT	94438155	94418970	19185	94425784	12371	94437838	18868	12054
ENSMUST00000100561	TTTTCGCCCAGTGTGGATGGTGATGGGGACAGGAAGAAGCGCT	94438155	94438189	-34	94442729	-4574	94437838	-351	-4891
ENSMUST00000100561	TTTTCGCCCAGTGTGGATGGTGATGGGGACAGGAAGAAGCGCT	94438155	94442885	-4730	94443174	-5019	94437838	-5047	-5336
ENSMUST00000100561	TTTTCGCCCAGTGTGGATGGTGATGGGGACAGGAAGAAGCGCT	94438155	94463501	-25346	94465820	-27665	94437838	-25663	-27982
ENSMUST00000100561	TTTTCGCCCAGTGTGGATGGTGATGGGGACAGGAAGAAGCGCT	94438155	94463501	-25346	94466115	-27960	94437838	-25663	-28277
ENSMUST00000100561	TTTTCGCCCAGTGTGGATGGTGATGGGGACAGGAAGAAGCGCT	94438155	94463501	-25346	94466115	-27960	94437838	-25663	-28277
ENSMUST00000100561	TTTTCGCCCAGTGTGGATGGTGATGGGGACAGGAAGAAGCGCT	94438155	94465496	-27341	94466115	-27960	94437838	-27658	-28277
ENSMUST00000180572	TTGTAAACTTGTTGCATTTTTATATGATTTTCTTGACTGCACG	156166018	156166653	-635	156167281	-1263	156166061	-592	-1220
ENSMUST00000180572	TTGTAAACTTGTTGCATTTTTATATGATTTTCTTGACTGCACG	156166018	156167506	-1488	156168545	-2527	156166061	-1445	-2484
ENSMUST00000180572	TTGTAAACTTGTTGCATTTTTATATGATTTTCTTGACTGCACG	156166018	156167506	-1488	156168732	-2714	156166061	-1445	-2671
ENSMUST00000180572	TTGTAAACTTGTTGCATTTTTATATGATTTTCTTGACTGCACG	156166018	156167506	-1488	156168732	-2714	156166061	-1445	-2671
ENSMUST00000180572	TTGTAAACTTGTTGCATTTTTATATGATTTTCTTGACTGCACG	156166018	156167506	-1488	156168732	-2714	156166061	-1445	-2671
ENSMUST00000180572	TTGTAAACTTGTTGCATTTTTATATGATTTTCTTGACTGCACG	156166018	156167809	-1791	156168732	-2714	156166061	-1748	-2671
ENSMUST00000180572	TTGTAAACTTGTTGCATTTTTATATGATTTTCTTGACTGCACG	156166018	156167506	-1488	156168902	-2884	156166061	-1445	-2841
ENSMUST00000180572	TTGTAAACTTGTTGCATTTTTATATGATTTTCTTGACTGCACG	156166018	156169336	-3318	156169769	-3751	156166061	-3275	-3708
ENSMUST00000180572	TTGTAAACTTGTTGCATTTTTATATGATTTTCTTGACTGCACG	156166018	156170230	-4212	156170578	-4560	156166061	-4169	-4517
ENSMUST00000180572	TTGTAAACTTGTTGCATTTTTATATGATTTTCTTGACTGCACG	156166018	156172882	-6864	156173542	-7524	156166061	-6821	-7481
ENSMUST00000180572	TTGTAAACTTGTTGCATTTTTATATGATTTTCTTGACTGCACG	156166018	156173130	-7112	156173542	-7524	156166061	-7069	-7481
ENSMUST00000180572	TTGTAAACTTGTTGCATTTTTATATGATTTTCTTGACTGCACG	156166018	156175020	-9002	156176218	-10200	156166061	-8959	-10157
ENSMUST00000180572	TTGTAAACTTGTTGCATTTTTATATGATTTTCTTGACTGCACG	156166018	156179608	-13590	156195243	-29225	156166061	-13547	-29182
ENSMUST00000089317	TTGGACCTCGAGCAGAGCGGGACCCTGTTGGAAGTCGGCACCT	93815779	93679002	136777	93682951	132828	93815822	136820	132871
ENSMUST00000089317	TTGGACCTCGAGCAGAGCGGGACCCTGTTGGAAGTCGGCACCT	93815779	93686875	128904	93697193	118586	93815822	128947	118629
ENSMUST00000089317	TTGGACCTCGAGCAGAGCGGGACCCTGTTGGAAGTCGGCACCT	93815779	93686875	128904	93697193	118586	93815822	128947	118629
ENSMUST00000089317	TTGGACCTCGAGCAGAGCGGGACCCTGTTGGAAGTCGGCACCT	93815779	93701381	114398	93708003	107776	93815822	114441	107819
ENSMUST00000089317	TTGGACCTCGAGCAGAGCGGGACCCTGTTGGAAGTCGGCACCT	93815779	93708220	107559	93745433	70346	93815822	107602	70389
ENSMUST00000089317	TTGGACCTCGAGCAGAGCGGGACCCTGTTGGAAGTCGGCACCT	93815779	93760765	55014	93773606	42173	93815822	55057	42216
ENSMUST00000089317	TTGGACCTCGAGCAGAGCGGGACCCTGTTGGAAGTCGGCACCT	93815779	93747374	68405	93792346	23433	93815822	68448	23476
ENSMUST00000089317	TTGGACCTCGAGCAGAGCGGGACCCTGTTGGAAGTCGGCACCT	93815779	93773689	42090	93792346	23433	93815822	42133	23476
ENSMUST00000089317	TTGGACCTCGAGCAGAGCGGGACCCTGTTGGAAGTCGGCACCT	93815779	93773689	42090	93815705	74	93815822	42133	117
ENSMUST00000089317	TTGGACCTCGAGCAGAGCGGGACCCTGTTGGAAGTCGGCACCT	93815779	93773689	42090	93815705	74	93815822	42133	117
ENSMUST00000089317	TTGGACCTCGAGCAGAGCGGGACCCTGTTGGAAGTCGGCACCT	93815779	93785646	30133	93815705	74	93815822	30176	117
ENSMUST00000089317	TTGGACCTCGAGCAGAGCGGGACCCTGTTGGAAGTCGGCACCT	93815779	93792553	23226	93913323	-97544	93815822	23269	-97501
ENSMUST00000089317	TTGGACCTCGAGCAGAGCGGGACCCTGTTGGAAGTCGGCACCT	93815779	93792553	23226	93943203	-127424	93815822	23269	-127381
ENSMUST00000089317	TTGGACCTCGAGCAGAGCGGGACCCTGTTGGAAGTCGGCACCT	93815779	93815825	-46	94283009	-467230	93815822	-3	-467187
ENSMUST00000105631	CCCTGTCCCCTACTCCACTGTGCACCGGGCTTGTTTTGAACAA	154984873	154984965	-92	154986214	-1341	154984916	-49	-1298
ENSMUST00000105631	CCCTGTCCCCTACTCCACTGTGCACCGGGCTTGTTTTGAACAA	154984873	154984965	-92	154986718	-1845	154984916	-49	-1802
ENSMUST00000105631	CCCTGTCCCCTACTCCACTGTGCACCGGGCTTGTTTTGAACAA	154984873	154991197	-6324	154992532	-7659	154984916	-6281	-7616
ENSMUST00000105631	CCCTGTCCCCTACTCCACTGTGCACCGGGCTTGTTTTGAACAA	154984873	155009137	-24264	155019199	-34326	154984916	-24221	-34283
ENSMUST00000107596	AAACTGCCACATCGGGGGACCCTGTACCTGGTCCCCTCACCCCT	97512251	97525575	-13324	97526528	-14277	97512295	-13280	-14233
ENSMUST00000107596	AAACTGCCACATCGGGGGACCCTGTACCTGGTCCCCTCACCCCT	97512251	97526254	-14003	97526781	-14530	97512295	-13959	-14486
ENSMUST00000107596	AAACTGCCACATCGGGGGACCCTGTACCTGGTCCCCTCACCCCT	97512251	97536506	-24255	97542533	-30282	97512295	-24211	-30238
ENSMUST00000107596	AAACTGCCACATCGGGGGACCCTGTACCTGGTCCCCTCACCCCT	97512251	97537239	-24988	97548879	-36628	97512295	-24944	-36584
ENSMUST00000107596	AAACTGCCACATCGGGGGACCCTGTACCTGGTCCCCTCACCCCT	97512251	97537239	-24988	97551676	-39425	97512295	-24944	-39381
ENSMUST00000107596	AAACTGCCACATCGGGGGACCCTGTACCTGGTCCCCTCACCCCT	97512251	97537239	-24988	97573795	-61544	97512295	-24944	-61500
ENSMUST00000107596	AAACTGCCACATCGGGGGACCCTGTACCTGGTCCCCTCACCCCT	97512251	97537239	-24988	97551676	-39425	97512295	-24944	-39381
ENSMUST00000107596	AAACTGCCACATCGGGGGACCCTGTACCTGGTCCCCTCACCCCT	97512251	97542557	-30306	97551676	-39425	97512295	-30262	-39381
ENSMUST00000107596	AAACTGCCACATCGGGGGACCCTGTACCTGGTCCCCTCACCCCT	97512251	97537239	-24988	97573795	-61544	97512295	-24944	-61500
ENSMUST00000107596	AAACTGCCACATCGGGGGACCCTGTACCTGGTCCCCTCACCCCT	97512251	97542557	-30306	97573795	-61544	97512295	-30262	-61500
ENSMUST00000011285	CTTTCGTTCTGATATGGTATGCTGCATCTGTGAGGTAAAGGAGA	69797204	69798678	-1474	69801432	-4228	69797248	-1430	-4184
ENSMUST00000011285	CTTTCGTTCTGATATGGTATGCTGCATCTGTGAGGTAAAGGAGA	69797204	69799455	-2251	69801432	-4228	69797248	-2207	-4184
ENSMUST00000010239	AATGCAGCGGACGGGGCGGCGGCCGGGGAGAAGAACGGTCTGGT	8713546	8709783	3763	8712729	817	8713590	3807	861
ENSMUST00000010239	AATGCAGCGGACGGGGCGGCGGCCGGGGAGAAGAACGGTCTGGT	8713546	8709783	3763	8722983	-9437	8713590	3807	-9393
ENSMUST00000010239	AATGCAGCGGACGGGGCGGCGGCCGGGGAGAAGAACGGTCTGGT	8713546	8709783	3763	8712729	817	8713590	3807	861
ENSMUST00000010239	AATGCAGCGGACGGGGCGGCGGCCGGGGAGAAGAACGGTCTGGT	8713546	8709783	3763	8722983	-9437	8713590	3807	-9393
ENSMUST00000085546	TACAGTCTGGGGGTTGTAAATTGGCATGGAAATTTAAAGCAGGT	149047100	149050751	-3651	149184447	-137347	149047144	-3607	-137303
ENSMUST00000225661	ATATGGTGTTGGCTGAAAGATGTGTGTTGCTTAGTGCTGAAATT	20860445	20821023	39422	20828468	31977	20860489	39466	32021
ENSMUST00000225661	ATATGGTGTTGGCTGAAAGATGTGTGTTGCTTAGTGCTGAAATT	20860445	20828648	31797	20831609	28836	20860489	31841	28880
ENSMUST00000225661	ATATGGTGTTGGCTGAAAGATGTGTGTTGCTTAGTGCTGAAATT	20860445	20833046	27399	20836746	23699	20860489	27443	23743
ENSMUST00000225661	ATATGGTGTTGGCTGAAAGATGTGTGTTGCTTAGTGCTGAAATT	20860445	20837189	23256	20845577	14868	20860489	23300	14912
ENSMUST00000225661	ATATGGTGTTGGCTGAAAGATGTGTGTTGCTTAGTGCTGAAATT	20860445	20841682	18763	20845577	14868	20860489	18807	14912
ENSMUST00000225661	ATATGGTGTTGGCTGAAAGATGTGTGTTGCTTAGTGCTGAAATT	20860445	20841682	18763	20846448	13997	20860489	18807	14041
ENSMUST00000225661	ATATGGTGTTGGCTGAAAGATGTGTGTTGCTTAGTGCTGAAATT	20860445	20852854	7591	20860432	13	20860489	7635	57
ENSMUST00000225661	ATATGGTGTTGGCTGAAAGATGTGTGTTGCTTAGTGCTGAAATT	20860445	20855076	5369	20862894	-2449	20860489	5413	-2405
ENSMUST00000225661	ATATGGTGTTGGCTGAAAGATGTGTGTTGCTTAGTGCTGAAATT	20860445	20863618	-3173	20865949	-5504	20860489	-3129	-5460
ENSMUST00000225661	ATATGGTGTTGGCTGAAAGATGTGTGTTGCTTAGTGCTGAAATT	20860445	20866206	-5761	20870598	-10153	20860489	-5717	-10109
ENSMUST00000225661	ATATGGTGTTGGCTGAAAGATGTGTGTTGCTTAGTGCTGAAATT	20860445	20874704	-14259	20895910	-35465	20860489	-14215	-35421
ENSMUST00000087517	AAATACTGTCATCCCTCAAGCCAGGGTCCACCAGCACTGTCACA	180658261	180672418	-14157	180673474	-15213	180658305	-14113	-15169
ENSMUST00000087517	AAATACTGTCATCCCTCAAGCCAGGGTCCACCAGCACTGTCACA	180658261	180673591	-15330	180674967	-16706	180658305	-15286	-16662
ENSMUST00000087517	AAATACTGTCATCCCTCAAGCCAGGGTCCACCAGCACTGTCACA	180658261	180685176	-26915	180691863	-33602	180658305	-26871	-33558
ENSMUST00000087517	AAATACTGTCATCCCTCAAGCCAGGGTCCACCAGCACTGTCACA	180658261	180687797	-29536	180691863	-33602	180658305	-29492	-33558
ENSMUST00000087517	AAATACTGTCATCCCTCAAGCCAGGGTCCACCAGCACTGTCACA	180658261	180689655	-31394	180691863	-33602	180658305	-31350	-33558
ENSMUST00000027186	TGTTGGACAGCTGAAGATGAACTTGGTAGACAGGCTGAAGAGGC	58900875	58904182	-3307	58908522	-7647	58900919	-3263	-7603
ENSMUST00000027186	TGTTGGACAGCTGAAGATGAACTTGGTAGACAGGCTGAAGAGGC	58900875	58915823	-14948	58919220	-18345	58900919	-14904	-18301
ENSMUST00000027186	TGTTGGACAGCTGAAGATGAACTTGGTAGACAGGCTGAAGAGGC	58900875	58923638	-22763	58935745	-34870	58900919	-22719	-34826
ENSMUST00000027186	TGTTGGACAGCTGAAGATGAACTTGGTAGACAGGCTGAAGAGGC	58900875	58926727	-25852	58946246	-45371	58900919	-25808	-45327
ENSMUST00000027186	TGTTGGACAGCTGAAGATGAACTTGGTAGACAGGCTGAAGAGGC	58900875	58904182	-3307	58908522	-7647	58900919	-3263	-7603
ENSMUST00000027186	TGTTGGACAGCTGAAGATGAACTTGGTAGACAGGCTGAAGAGGC	58900875	58915823	-14948	58919220	-18345	58900919	-14904	-18301
ENSMUST00000027186	TGTTGGACAGCTGAAGATGAACTTGGTAGACAGGCTGAAGAGGC	58900875	58923638	-22763	58935745	-34870	58900919	-22719	-34826
ENSMUST00000027186	TGTTGGACAGCTGAAGATGAACTTGGTAGACAGGCTGAAGAGGC	58900875	58926727	-25852	58946246	-45371	58900919	-25808	-45327
ENSMUST00000238317	GTGGCAGCACAGTCCACCACTCTTCCCTCTCTAAGTGGCAGACA	158175323	158084546	90777	158127214	48109	158170572	86026	43358
ENSMUST00000238317	GTGGCAGCACAGTCCACCACTCTTCCCTCTCTAAGTGGCAGACA	158175323	158084546	90777	158127214	48109	158170572	86026	43358
ENSMUST00000238317	GTGGCAGCACAGTCCACCACTCTTCCCTCTCTAAGTGGCAGACA	158175323	158104502	70821	158135187	40136	158170572	66070	35385
ENSMUST00000238317	GTGGCAGCACAGTCCACCACTCTTCCCTCTCTAAGTGGCAGACA	158175323	158127307	48016	158148579	26744	158170572	43265	21993
ENSMUST00000238317	GTGGCAGCACAGTCCACCACTCTTCCCTCTCTAAGTGGCAGACA	158175323	158135409	39914	158156787	18536	158170572	35163	13785
ENSMUST00000238317	GTGGCAGCACAGTCCACCACTCTTCCCTCTCTAAGTGGCAGACA	158175323	158135409	39914	158160232	15091	158170572	35163	10340
ENSMUST00000238317	GTGGCAGCACAGTCCACCACTCTTCCCTCTCTAAGTGGCAGACA	158175323	158135409	39914	158160232	15091	158170572	35163	10340
ENSMUST00000238317	GTGGCAGCACAGTCCACCACTCTTCCCTCTCTAAGTGGCAGACA	158175323	158148699	26624	158160232	15091	158170572	21873	10340
ENSMUST00000238317	GTGGCAGCACAGTCCACCACTCTTCCCTCTCTAAGTGGCAGACA	158175323	158164072	11251	158170555	4768	158170572	6500	17
ENSMUST00000238317	GTGGCAGCACAGTCCACCACTCTTCCCTCTCTAAGTGGCAGACA	158175323	158164072	11251	158177208	-1885	158170572	6500	-6636
ENSMUST00000238317	GTGGCAGCACAGTCCACCACTCTTCCCTCTCTAAGTGGCAGACA	158175323	158164072	11251	158177208	-1885	158170572	6500	-6636
ENSMUST00000238317	GTGGCAGCACAGTCCACCACTCTTCCCTCTCTAAGTGGCAGACA	158175323	158164072	11251	158181540	-6217	158170572	6500	-10968
ENSMUST00000238317	GTGGCAGCACAGTCCACCACTCTTCCCTCTCTAAGTGGCAGACA	158175323	158164386	10937	158175102	221	158170572	6186	-4530
ENSMUST00000238317	GTGGCAGCACAGTCCACCACTCTTCCCTCTCTAAGTGGCAGACA	158175323	158164386	10937	158177208	-1885	158170572	6186	-6636
ENSMUST00000238317	GTGGCAGCACAGTCCACCACTCTTCCCTCTCTAAGTGGCAGACA	158175323	158164386	10937	158177208	-1885	158170572	6186	-6636
ENSMUST00000238317	GTGGCAGCACAGTCCACCACTCTTCCCTCTCTAAGTGGCAGACA	158175323	158170756	4567	158177208	-1885	158170572	-184	-6636
ENSMUST00000238317	GTGGCAGCACAGTCCACCACTCTTCCCTCTCTAAGTGGCAGACA	158175323	158170756	4567	158179764	-4441	158170572	-184	-9192
ENSMUST00000238317	GTGGCAGCACAGTCCACCACTCTTCCCTCTCTAAGTGGCAGACA	158175323	158170756	4567	158181540	-6217	158170572	-184	-10968
ENSMUST00000238317	GTGGCAGCACAGTCCACCACTCTTCCCTCTCTAAGTGGCAGACA	158175323	158198189	-22866	158240448	-65125	158170572	-27617	-69876
ENSMUST00000238317	GTGGCAGCACAGTCCACCACTCTTCCCTCTCTAAGTGGCAGACA	158175323	158202494	-27171	158240448	-65125	158170572	-31922	-69876
ENSMUST00000238317	GTGGCAGCACAGTCCACCACTCTTCCCTCTCTAAGTGGCAGACA	158175323	158209764	-34441	158288979	-113656	158170572	-39192	-118407
ENSMUST00000238317	GTGGCAGCACAGTCCACCACTCTTCCCTCTCTAAGTGGCAGACA	158175323	158289036	-113713	158303336	-128013	158170572	-118464	-132764
ENSMUST00000238317	GTGGCAGCACAGTCCACCACTCTTCCCTCTCTAAGTGGCAGACA	158175323	158292022	-116699	158318434	-143111	158170572	-121450	-147862
ENSMUST00000238317	GTGGCAGCACAGTCCACCACTCTTCCCTCTCTAAGTGGCAGACA	158175323	158303415	-128092	158353264	-177941	158170572	-132843	-182692
ENSMUST00000238317	GTGGCAGCACAGTCCACCACTCTTCCCTCTCTAAGTGGCAGACA	158175323	158318552	-143229	158413129	-237806	158170572	-147980	-242557
ENSMUST00000238317	GTGGCAGCACAGTCCACCACTCTTCCCTCTCTAAGTGGCAGACA	158175323	158318552	-143229	158561105	-385782	158170572	-147980	-390533
ENSMUST00000238317	GTGGCAGCACAGTCCACCACTCTTCCCTCTCTAAGTGGCAGACA	158175323	158353467	-178144	158452691	-277368	158170572	-182895	-282119
ENSMUST00000238317	GTGGCAGCACAGTCCACCACTCTTCCCTCTCTAAGTGGCAGACA	158175323	158353467	-178144	158561105	-385782	158170572	-182895	-390533
ENSMUST00000238317	GTGGCAGCACAGTCCACCACTCTTCCCTCTCTAAGTGGCAGACA	158175323	158084546	90777	158127214	48109	158170572	86026	43358
ENSMUST00000238317	GTGGCAGCACAGTCCACCACTCTTCCCTCTCTAAGTGGCAGACA	158175323	158084546	90777	158127214	48109	158170572	86026	43358
ENSMUST00000238317	GTGGCAGCACAGTCCACCACTCTTCCCTCTCTAAGTGGCAGACA	158175323	158104502	70821	158135187	40136	158170572	66070	35385
ENSMUST00000238317	GTGGCAGCACAGTCCACCACTCTTCCCTCTCTAAGTGGCAGACA	158175323	158127307	48016	158148579	26744	158170572	43265	21993
ENSMUST00000238317	GTGGCAGCACAGTCCACCACTCTTCCCTCTCTAAGTGGCAGACA	158175323	158135409	39914	158156787	18536	158170572	35163	13785
ENSMUST00000238317	GTGGCAGCACAGTCCACCACTCTTCCCTCTCTAAGTGGCAGACA	158175323	158135409	39914	158160232	15091	158170572	35163	10340
ENSMUST00000238317	GTGGCAGCACAGTCCACCACTCTTCCCTCTCTAAGTGGCAGACA	158175323	158135409	39914	158160232	15091	158170572	35163	10340
ENSMUST00000238317	GTGGCAGCACAGTCCACCACTCTTCCCTCTCTAAGTGGCAGACA	158175323	158148699	26624	158160232	15091	158170572	21873	10340
ENSMUST00000238317	GTGGCAGCACAGTCCACCACTCTTCCCTCTCTAAGTGGCAGACA	158175323	158164072	11251	158170555	4768	158170572	6500	17
ENSMUST00000238317	GTGGCAGCACAGTCCACCACTCTTCCCTCTCTAAGTGGCAGACA	158175323	158164072	11251	158177208	-1885	158170572	6500	-6636
ENSMUST00000238317	GTGGCAGCACAGTCCACCACTCTTCCCTCTCTAAGTGGCAGACA	158175323	158164072	11251	158177208	-1885	158170572	6500	-6636
ENSMUST00000238317	GTGGCAGCACAGTCCACCACTCTTCCCTCTCTAAGTGGCAGACA	158175323	158164072	11251	158181540	-6217	158170572	6500	-10968
ENSMUST00000238317	GTGGCAGCACAGTCCACCACTCTTCCCTCTCTAAGTGGCAGACA	158175323	158164386	10937	158175102	221	158170572	6186	-4530
ENSMUST00000238317	GTGGCAGCACAGTCCACCACTCTTCCCTCTCTAAGTGGCAGACA	158175323	158164386	10937	158177208	-1885	158170572	6186	-6636
ENSMUST00000238317	GTGGCAGCACAGTCCACCACTCTTCCCTCTCTAAGTGGCAGACA	158175323	158164386	10937	158177208	-1885	158170572	6186	-6636
ENSMUST00000238317	GTGGCAGCACAGTCCACCACTCTTCCCTCTCTAAGTGGCAGACA	158175323	158170756	4567	158177208	-1885	158170572	-184	-6636
ENSMUST00000238317	GTGGCAGCACAGTCCACCACTCTTCCCTCTCTAAGTGGCAGACA	158175323	158170756	4567	158179764	-4441	158170572	-184	-9192
ENSMUST00000238317	GTGGCAGCACAGTCCACCACTCTTCCCTCTCTAAGTGGCAGACA	158175323	158170756	4567	158181540	-6217	158170572	-184	-10968
ENSMUST00000238317	GTGGCAGCACAGTCCACCACTCTTCCCTCTCTAAGTGGCAGACA	158175323	158198189	-22866	158240448	-65125	158170572	-27617	-69876
ENSMUST00000238317	GTGGCAGCACAGTCCACCACTCTTCCCTCTCTAAGTGGCAGACA	158175323	158202494	-27171	158240448	-65125	158170572	-31922	-69876
ENSMUST00000238317	GTGGCAGCACAGTCCACCACTCTTCCCTCTCTAAGTGGCAGACA	158175323	158209764	-34441	158288979	-113656	158170572	-39192	-118407
ENSMUST00000238317	GTGGCAGCACAGTCCACCACTCTTCCCTCTCTAAGTGGCAGACA	158175323	158289036	-113713	158303336	-128013	158170572	-118464	-132764
ENSMUST00000238317	GTGGCAGCACAGTCCACCACTCTTCCCTCTCTAAGTGGCAGACA	158175323	158292022	-116699	158318434	-143111	158170572	-121450	-147862
ENSMUST00000238317	GTGGCAGCACAGTCCACCACTCTTCCCTCTCTAAGTGGCAGACA	158175323	158303415	-128092	158353264	-177941	158170572	-132843	-182692
ENSMUST00000238317	GTGGCAGCACAGTCCACCACTCTTCCCTCTCTAAGTGGCAGACA	158175323	158318552	-143229	158413129	-237806	158170572	-147980	-242557
ENSMUST00000238317	GTGGCAGCACAGTCCACCACTCTTCCCTCTCTAAGTGGCAGACA	158175323	158318552	-143229	158561105	-385782	158170572	-147980	-390533
ENSMUST00000238317	GTGGCAGCACAGTCCACCACTCTTCCCTCTCTAAGTGGCAGACA	158175323	158353467	-178144	158452691	-277368	158170572	-182895	-282119
ENSMUST00000238317	GTGGCAGCACAGTCCACCACTCTTCCCTCTCTAAGTGGCAGACA	158175323	158353467	-178144	158561105	-385782	158170572	-182895	-390533
ENSMUST00000001672	TTTCCAACAGAAACTGTTAAATTTGGTCCTGAGCGCATGTATATT	40204315	40207123	-2808	40212938	-8623	40204360	-2763	-8578
ENSMUST00000102592	GGTCTTCGATTGGCCAGCCATATATTTGTAAAGGAAATTTCACAA	65337053	65301283	35770	65306369	30684	65337098	35815	30729
ENSMUST00000102592	GGTCTTCGATTGGCCAGCCATATATTTGTAAAGGAAATTTCACAA	65337053	65303218	33835	65311003	26050	65337098	33880	26095
ENSMUST00000102592	GGTCTTCGATTGGCCAGCCATATATTTGTAAAGGAAATTTCACAA	65337053	65313424	23629	65314658	22395	65337098	23674	22440
ENSMUST00000102592	GGTCTTCGATTGGCCAGCCATATATTTGTAAAGGAAATTTCACAA	65337053	65313424	23629	65317986	19067	65337098	23674	19112
ENSMUST00000102592	GGTCTTCGATTGGCCAGCCATATATTTGTAAAGGAAATTTCACAA	65337053	65324097	12956	65328923	8130	65337098	13001	8175
ENSMUST00000102592	GGTCTTCGATTGGCCAGCCATATATTTGTAAAGGAAATTTCACAA	65337053	65342719	-5666	65354831	-17778	65337098	-5621	-17733
ENSMUST00000118317	GATGGGAGATTTCATGGAACCCGGTCAGGAAAGCTCTGAACCAGG	103742746	103750918	-8172	103754200	-11454	103742791	-8127	-11409
ENSMUST00000118317	GATGGGAGATTTCATGGAACCCGGTCAGGAAAGCTCTGAACCAGG	103742746	103754322	-11576	103758534	-15788	103742791	-11531	-15743
ENSMUST00000118317	GATGGGAGATTTCATGGAACCCGGTCAGGAAAGCTCTGAACCAGG	103742746	103769521	-26775	103790994	-48248	103742791	-26730	-48203
ENSMUST00000023312	AAGTTGCGTGTGGCACAGACCCGACGGCGCAGCGCCACAGTCCCC	52453822	52253236	200586	52270646	183176	52453867	200631	183221
ENSMUST00000023312	AAGTTGCGTGTGGCACAGACCCGACGGCGCAGCGCCACAGTCCCC	52453822	52268499	185323	52270646	183176	52453867	185368	183221
ENSMUST00000023312	AAGTTGCGTGTGGCACAGACCCGACGGCGCAGCGCCACAGTCCCC	52453822	52296984	156838	52309811	144011	52453867	156883	144056
ENSMUST00000023312	AAGTTGCGTGTGGCACAGACCCGACGGCGCAGCGCCACAGTCCCC	52453822	52296984	156838	52452392	1430	52453867	156883	1475
ENSMUST00000023312	AAGTTGCGTGTGGCACAGACCCGACGGCGCAGCGCCACAGTCCCC	52453822	52296984	156838	52452392	1430	52453867	156883	1475
ENSMUST00000023312	AAGTTGCGTGTGGCACAGACCCGACGGCGCAGCGCCACAGTCCCC	52453822	52305778	148044	52452392	1430	52453867	148089	1475
ENSMUST00000110969	AAAAAAATCCCTAAGCCTCCTTCCAACCCATGGACGCCACGCCCT	9206761	9208032	-1271	9770076	-563315	9206806	-1226	-563270
ENSMUST00000031009	ACCTGATCGCAAAAAAGGAAAAGCACGTCCTCCCAAGATAGCCGA	38155639	38138872	16767	38155607	32	38155684	16812	77
ENSMUST00000031009	ACCTGATCGCAAAAAAGGAAAAGCACGTCCTCCCAAGATAGCCGA	38155639	38144819	10820	38158876	-3237	38155684	10865	-3192
ENSMUST00000031009	ACCTGATCGCAAAAAAGGAAAAGCACGTCCTCCCAAGATAGCCGA	38155639	38155724	-85	38159390	-3751	38155684	-40	-3706
ENSMUST00000031009	ACCTGATCGCAAAAAAGGAAAAGCACGTCCTCCCAAGATAGCCGA	38155639	38138872	16767	38155607	32	38155684	16812	77
ENSMUST00000031009	ACCTGATCGCAAAAAAGGAAAAGCACGTCCTCCCAAGATAGCCGA	38155639	38144819	10820	38158876	-3237	38155684	10865	-3192
ENSMUST00000031009	ACCTGATCGCAAAAAAGGAAAAGCACGTCCTCCCAAGATAGCCGA	38155639	38155724	-85	38159390	-3751	38155684	-40	-3706
ENSMUST00000021921	TTTAGAGACTGGCTTCAAGGACTTCAGGATGCATTTGACAGTGAC	63532842	63534408	-1566	63539232	-6390	63527188	-7220	-12044
ENSMUST00000021921	TTTAGAGACTGGCTTCAAGGACTTCAGGATGCATTTGACAGTGAC	63532842	63540837	-7995	63542164	-9322	63527188	-13649	-14976
ENSMUST00000021921	TTTAGAGACTGGCTTCAAGGACTTCAGGATGCATTTGACAGTGAC	63532842	63548185	-15343	63573091	-40249	63527188	-20997	-45903
ENSMUST00000041342	CTTCCTATGTGTCCTCCCTCACTTCCCAATCCCACCCTCTCCGCC	24607007	24608146	-1139	24610110	-3103	24607052	-1094	-3058
ENSMUST00000041342	CTTCCTATGTGTCCTCCCTCACTTCCCAATCCCACCCTCTCCGCC	24607007	24616946	-9939	24618254	-11247	24607052	-9894	-11202
ENSMUST00000041342	CTTCCTATGTGTCCTCCCTCACTTCCCAATCCCACCCTCTCCGCC	24607007	24616946	-9939	24622598	-15591	24607052	-9894	-15546
ENSMUST00000041342	CTTCCTATGTGTCCTCCCTCACTTCCCAATCCCACCCTCTCCGCC	24607007	24616946	-9939	24622598	-15591	24607052	-9894	-15546
ENSMUST00000041342	CTTCCTATGTGTCCTCCCTCACTTCCCAATCCCACCCTCTCCGCC	24607007	24617786	-10779	24622598	-15591	24607052	-10734	-15546
ENSMUST00000041342	CTTCCTATGTGTCCTCCCTCACTTCCCAATCCCACCCTCTCCGCC	24607007	24622707	-15700	24626822	-19815	24607052	-15655	-19770
ENSMUST00000041342	CTTCCTATGTGTCCTCCCTCACTTCCCAATCCCACCCTCTCCGCC	24607007	24622707	-15700	24631898	-24891	24607052	-15655	-24846
ENSMUST00000041342	CTTCCTATGTGTCCTCCCTCACTTCCCAATCCCACCCTCTCCGCC	24607007	24622707	-15700	24635095	-28088	24607052	-15655	-28043
ENSMUST00000041342	CTTCCTATGTGTCCTCCCTCACTTCCCAATCCCACCCTCTCCGCC	24607007	24622707	-15700	24631898	-24891	24607052	-15655	-24846
ENSMUST00000041342	CTTCCTATGTGTCCTCCCTCACTTCCCAATCCCACCCTCTCCGCC	24607007	24625334	-18327	24631898	-24891	24607052	-18282	-24846
ENSMUST00000041342	CTTCCTATGTGTCCTCCCTCACTTCCCAATCCCACCCTCTCCGCC	24607007	24622707	-15700	24635095	-28088	24607052	-15655	-28043
ENSMUST00000041342	CTTCCTATGTGTCCTCCCTCACTTCCCAATCCCACCCTCTCCGCC	24607007	24622707	-15700	24637425	-30418	24607052	-15655	-30373
ENSMUST00000041342	CTTCCTATGTGTCCTCCCTCACTTCCCAATCCCACCCTCTCCGCC	24607007	24625334	-18327	24635095	-28088	24607052	-18282	-28043
ENSMUST00000041342	CTTCCTATGTGTCCTCCCTCACTTCCCAATCCCACCCTCTCCGCC	24607007	24622707	-15700	24637425	-30418	24607052	-15655	-30373
ENSMUST00000041342	CTTCCTATGTGTCCTCCCTCACTTCCCAATCCCACCCTCTCCGCC	24607007	24632026	-25019	24637425	-30418	24607052	-24974	-30373
ENSMUST00000041342	CTTCCTATGTGTCCTCCCTCACTTCCCAATCCCACCCTCTCCGCC	24607007	24637517	-30510	24639093	-32086	24607052	-30465	-32041
ENSMUST00000041342	CTTCCTATGTGTCCTCCCTCACTTCCCAATCCCACCCTCTCCGCC	24607007	24639210	-32203	24648478	-41471	24607052	-32158	-41426
ENSMUST00000041342	CTTCCTATGTGTCCTCCCTCACTTCCCAATCCCACCCTCTCCGCC	24607007	24648562	-41555	24649993	-42986	24607052	-41510	-42941
ENSMUST00000041342	CTTCCTATGTGTCCTCCCTCACTTCCCAATCCCACCCTCTCCGCC	24607007	24653064	-46057	24656710	-49703	24607052	-46012	-49658
ENSMUST00000041342	CTTCCTATGTGTCCTCCCTCACTTCCCAATCCCACCCTCTCCGCC	24607007	24654480	-47473	24657290	-50283	24607052	-47428	-50238
ENSMUST00000041342	CTTCCTATGTGTCCTCCCTCACTTCCCAATCCCACCCTCTCCGCC	24607007	24679640	-72633	24685767	-78760	24607052	-72588	-78715
ENSMUST00000041342	CTTCCTATGTGTCCTCCCTCACTTCCCAATCCCACCCTCTCCGCC	24607007	24679643	-72636	24685767	-78760	24607052	-72591	-78715
ENSMUST00000041342	CTTCCTATGTGTCCTCCCTCACTTCCCAATCCCACCCTCTCCGCC	24607007	24697347	-90340	24699925	-92918	24607052	-90295	-92873
ENSMUST00000041342	CTTCCTATGTGTCCTCCCTCACTTCCCAATCCCACCCTCTCCGCC	24607007	24706344	-99337	24719044	-112037	24607052	-99292	-111992
ENSMUST00000041342	CTTCCTATGTGTCCTCCCTCACTTCCCAATCCCACCCTCTCCGCC	24607007	24706344	-99337	24719044	-112037	24607052	-99292	-111992
ENSMUST00000041342	CTTCCTATGTGTCCTCCCTCACTTCCCAATCCCACCCTCTCCGCC	24607007	24719101	-112094	24721307	-114300	24607052	-112049	-114255
ENSMUST00000041342	CTTCCTATGTGTCCTCCCTCACTTCCCAATCCCACCCTCTCCGCC	24607007	24732348	-125341	24758281	-151274	24607052	-125296	-151229
ENSMUST00000149964	TTCCTGGCTTGAGTTCCTGTCCCTTTTGATTGTGGCCTCTGGAAA	181079591	181082456	-2865	181086875	-7284	181079636	-2820	-7239
ENSMUST00000149964	TTCCTGGCTTGAGTTCCTGTCCCTTTTGATTGTGGCCTCTGGAAA	181079591	181082456	-2865	181086968	-7377	181079636	-2820	-7332
ENSMUST00000149964	TTCCTGGCTTGAGTTCCTGTCCCTTTTGATTGTGGCCTCTGGAAA	181079591	181082456	-2865	181087574	-7983	181079636	-2820	-7938
ENSMUST00000149964	TTCCTGGCTTGAGTTCCTGTCCCTTTTGATTGTGGCCTCTGGAAA	181079591	181082456	-2865	181087574	-7983	181079636	-2820	-7938
ENSMUST00000149964	TTCCTGGCTTGAGTTCCTGTCCCTTTTGATTGTGGCCTCTGGAAA	181079591	181088534	-8943	181095341	-15750	181079636	-8898	-15705
ENSMUST00000149964	TTCCTGGCTTGAGTTCCTGTCCCTTTTGATTGTGGCCTCTGGAAA	181079591	181088534	-8943	181096949	-17358	181079636	-8898	-17313
ENSMUST00000149964	TTCCTGGCTTGAGTTCCTGTCCCTTTTGATTGTGGCCTCTGGAAA	181079591	181088570	-8979	181095341	-15750	181079636	-8934	-15705
ENSMUST00000149964	TTCCTGGCTTGAGTTCCTGTCCCTTTTGATTGTGGCCTCTGGAAA	181079591	181088570	-8979	181096949	-17358	181079636	-8934	-17313
ENSMUST00000149964	TTCCTGGCTTGAGTTCCTGTCCCTTTTGATTGTGGCCTCTGGAAA	181079591	181100618	-21027	181104886	-25295	181079636	-20982	-25250
ENSMUST00000149964	TTCCTGGCTTGAGTTCCTGTCCCTTTTGATTGTGGCCTCTGGAAA	181079591	181100618	-21027	181109021	-29430	181079636	-20982	-29385
ENSMUST00000149964	TTCCTGGCTTGAGTTCCTGTCCCTTTTGATTGTGGCCTCTGGAAA	181079591	181104981	-25390	181109674	-30083	181079636	-25345	-30038
ENSMUST00000149964	TTCCTGGCTTGAGTTCCTGTCCCTTTTGATTGTGGCCTCTGGAAA	181079591	181104981	-25390	181111999	-32408	181079636	-25345	-32363
ENSMUST00000149964	TTCCTGGCTTGAGTTCCTGTCCCTTTTGATTGTGGCCTCTGGAAA	181079591	181109785	-30194	181113062	-33471	181079636	-30149	-33426
ENSMUST00000149964	TTCCTGGCTTGAGTTCCTGTCCCTTTTGATTGTGGCCTCTGGAAA	181079591	181113238	-33647	181114638	-35047	181079636	-33602	-35002
ENSMUST00000110168	CAGTGGCAGGGGTTCCAAATCAAACAAATGTACAAAAGAGCCAAGT	58053707	58048785	4922	58064054	-10347	58053753	4968	-10301
ENSMUST00000110168	CAGTGGCAGGGGTTCCAAATCAAACAAATGTACAAAAGAGCCAAGT	58053707	58048785	4922	58069318	-15611	58053753	4968	-15565
ENSMUST00000110168	CAGTGGCAGGGGTTCCAAATCAAACAAATGTACAAAAGAGCCAAGT	58053707	58048785	4922	58069318	-15611	58053753	4968	-15565
ENSMUST00000110168	CAGTGGCAGGGGTTCCAAATCAAACAAATGTACAAAAGAGCCAAGT	58053707	58055082	-1375	58069318	-15611	58053753	-1329	-15565
ENSMUST00000110168	CAGTGGCAGGGGTTCCAAATCAAACAAATGTACAAAAGAGCCAAGT	58053707	58055082	-1375	58076156	-22449	58053753	-1329	-22403
ENSMUST00000110168	CAGTGGCAGGGGTTCCAAATCAAACAAATGTACAAAAGAGCCAAGT	58053707	58048785	4922	58064054	-10347	58053753	4968	-10301
ENSMUST00000110168	CAGTGGCAGGGGTTCCAAATCAAACAAATGTACAAAAGAGCCAAGT	58053707	58048785	4922	58069318	-15611	58053753	4968	-15565
ENSMUST00000110168	CAGTGGCAGGGGTTCCAAATCAAACAAATGTACAAAAGAGCCAAGT	58053707	58048785	4922	58069318	-15611	58053753	4968	-15565
ENSMUST00000110168	CAGTGGCAGGGGTTCCAAATCAAACAAATGTACAAAAGAGCCAAGT	58053707	58055082	-1375	58069318	-15611	58053753	-1329	-15565
ENSMUST00000110168	CAGTGGCAGGGGTTCCAAATCAAACAAATGTACAAAAGAGCCAAGT	58053707	58055082	-1375	58076156	-22449	58053753	-1329	-22403
ENSMUST00000022629	GAAGAAAACTGTACACACTGAACGCATAGCCCGCTTAGAGATCACA	66804400	66808041	-3641	66814954	-10554	66804446	-3595	-10508
ENSMUST00000022629	GAAGAAAACTGTACACACTGAACGCATAGCCCGCTTAGAGATCACA	66804400	66834376	-29976	66865081	-60681	66804446	-29930	-60635
ENSMUST00000159451	CTACCCAGCCTCTCTCCTGCCACAAACGGCTCAGCCACAGAGTTAT	112124838	112119309	5529	112127278	-2440	112124884	5575	-2394
ENSMUST00000159451	CTACCCAGCCTCTCTCCTGCCACAAACGGCTCAGCCACAGAGTTAT	112124838	112125000	-162	112127278	-2440	112124884	-116	-2394
ENSMUST00000159451	CTACCCAGCCTCTCTCCTGCCACAAACGGCTCAGCCACAGAGTTAT	112124838	112127460	-2622	112143308	-18470	112124884	-2576	-18424
ENSMUST00000159451	CTACCCAGCCTCTCTCCTGCCACAAACGGCTCAGCCACAGAGTTAT	112124838	112136681	-11843	112147422	-22584	112124884	-11797	-22538
ENSMUST00000159451	CTACCCAGCCTCTCTCCTGCCACAAACGGCTCAGCCACAGAGTTAT	112124838	112136681	-11843	112176094	-51256	112124884	-11797	-51210
ENSMUST00000159451	CTACCCAGCCTCTCTCCTGCCACAAACGGCTCAGCCACAGAGTTAT	112124838	112136681	-11843	112176094	-51256	112124884	-11797	-51210
ENSMUST00000159451	CTACCCAGCCTCTCTCCTGCCACAAACGGCTCAGCCACAGAGTTAT	112124838	112143538	-18700	112149334	-24496	112124884	-18654	-24450
ENSMUST00000159451	CTACCCAGCCTCTCTCCTGCCACAAACGGCTCAGCCACAGAGTTAT	112124838	112143538	-18700	112176094	-51256	112124884	-18654	-51210
ENSMUST00000159451	CTACCCAGCCTCTCTCCTGCCACAAACGGCTCAGCCACAGAGTTAT	112124838	112143538	-18700	112155417	-30579	112124884	-18654	-30533
ENSMUST00000159451	CTACCCAGCCTCTCTCCTGCCACAAACGGCTCAGCCACAGAGTTAT	112124838	112143538	-18700	112176094	-51256	112124884	-18654	-51210
ENSMUST00000159451	CTACCCAGCCTCTCTCCTGCCACAAACGGCTCAGCCACAGAGTTAT	112124838	112147482	-22644	112176094	-51256	112124884	-22598	-51210
ENSMUST00000159451	CTACCCAGCCTCTCTCCTGCCACAAACGGCTCAGCCACAGAGTTAT	112124838	112149372	-24534	112157689	-32851	112124884	-24488	-32805
ENSMUST00000159451	CTACCCAGCCTCTCTCCTGCCACAAACGGCTCAGCCACAGAGTTAT	112124838	112143538	-18700	112176094	-51256	112124884	-18654	-51210
ENSMUST00000159451	CTACCCAGCCTCTCTCCTGCCACAAACGGCTCAGCCACAGAGTTAT	112124838	112149372	-24534	112176094	-51256	112124884	-24488	-51210
ENSMUST00000159451	CTACCCAGCCTCTCTCCTGCCACAAACGGCTCAGCCACAGAGTTAT	112124838	112149372	-24534	112176094	-51256	112124884	-24488	-51210
ENSMUST00000159451	CTACCCAGCCTCTCTCCTGCCACAAACGGCTCAGCCACAGAGTTAT	112124838	112155519	-30681	112176094	-51256	112124884	-30635	-51210
ENSMUST00000159451	CTACCCAGCCTCTCTCCTGCCACAAACGGCTCAGCCACAGAGTTAT	112124838	112067309	57529	112177657	-52819	112124884	57575	-52773
ENSMUST00000159451	CTACCCAGCCTCTCTCCTGCCACAAACGGCTCAGCCACAGAGTTAT	112124838	112176235	-51397	112177657	-52819	112124884	-51351	-52773
ENSMUST00000159451	CTACCCAGCCTCTCTCCTGCCACAAACGGCTCAGCCACAGAGTTAT	112124838	112177736	-52898	112183494	-58656	112124884	-52852	-58610
ENSMUST00000159451	CTACCCAGCCTCTCTCCTGCCACAAACGGCTCAGCCACAGAGTTAT	112124838	112182820	-57982	112184268	-59430	112124884	-57936	-59384
ENSMUST00000159451	CTACCCAGCCTCTCTCCTGCCACAAACGGCTCAGCCACAGAGTTAT	112124838	112185769	-60931	112187589	-62751	112124884	-60885	-62705
ENSMUST00000159451	CTACCCAGCCTCTCTCCTGCCACAAACGGCTCAGCCACAGAGTTAT	112124838	112185769	-60931	112233091	-108253	112124884	-60885	-108207
ENSMUST00000159451	CTACCCAGCCTCTCTCCTGCCACAAACGGCTCAGCCACAGAGTTAT	112124838	112185769	-60931	112234309	-109471	112124884	-60885	-109425
ENSMUST00000159451	CTACCCAGCCTCTCTCCTGCCACAAACGGCTCAGCCACAGAGTTAT	112124838	112187766	-62928	112233091	-108253	112124884	-62882	-108207
ENSMUST00000159451	CTACCCAGCCTCTCTCCTGCCACAAACGGCTCAGCCACAGAGTTAT	112124838	112187766	-62928	112233645	-108807	112124884	-62882	-108761
ENSMUST00000159451	CTACCCAGCCTCTCTCCTGCCACAAACGGCTCAGCCACAGAGTTAT	112124838	112187766	-62928	112233796	-108958	112124884	-62882	-108912
ENSMUST00000159451	CTACCCAGCCTCTCTCCTGCCACAAACGGCTCAGCCACAGAGTTAT	112124838	112187766	-62928	112234309	-109471	112124884	-62882	-109425
ENSMUST00000159451	CTACCCAGCCTCTCTCCTGCCACAAACGGCTCAGCCACAGAGTTAT	112124838	112187766	-62928	112235649	-110811	112124884	-62882	-110765
ENSMUST00000159451	CTACCCAGCCTCTCTCCTGCCACAAACGGCTCAGCCACAGAGTTAT	112124838	112187766	-62928	112217227	-92389	112124884	-62882	-92343
ENSMUST00000159451	CTACCCAGCCTCTCTCCTGCCACAAACGGCTCAGCCACAGAGTTAT	112124838	112187766	-62928	112217255	-92417	112124884	-62882	-92371
ENSMUST00000055506	TTTTCACCTGGCGATTTCCCACCACCATCTGCACTGAATCCTTCCA	125647372	125642639	4733	125643873	3499	125647418	4779	3545
ENSMUST00000055506	TTTTCACCTGGCGATTTCCCACCACCATCTGCACTGAATCCTTCCA	125647372	125648569	-1197	125651862	-4490	125647418	-1151	-4444
ENSMUST00000055506	TTTTCACCTGGCGATTTCCCACCACCATCTGCACTGAATCCTTCCA	125647372	125663546	-16174	125667311	-19939	125647418	-16128	-19893
ENSMUST00000055506	TTTTCACCTGGCGATTTCCCACCACCATCTGCACTGAATCCTTCCA	125647372	125663546	-16174	125667993	-20621	125647418	-16128	-20575
ENSMUST00000055506	TTTTCACCTGGCGATTTCCCACCACCATCTGCACTGAATCCTTCCA	125647372	125663546	-16174	125668853	-21481	125647418	-16128	-21435
ENSMUST00000055506	TTTTCACCTGGCGATTTCCCACCACCATCTGCACTGAATCCTTCCA	125647372	125669767	-22395	125672684	-25312	125647418	-22349	-25266
ENSMUST00000055506	TTTTCACCTGGCGATTTCCCACCACCATCTGCACTGAATCCTTCCA	125647372	125677616	-30244	125681101	-33729	125647418	-30198	-33683
ENSMUST00000055506	TTTTCACCTGGCGATTTCCCACCACCATCTGCACTGAATCCTTCCA	125647372	125681263	-33891	125696460	-49088	125647418	-33845	-49042
ENSMUST00000020896	TCCTGATTGCCTTGGTGGGGCTAATTGGAGCTGTAAAACACCACCA	36024012	36015772	8240	36021800	2212	36024058	8286	2258
ENSMUST00000020896	TCCTGATTGCCTTGGTGGGGCTAATTGGAGCTGTAAAACACCACCA	36024012	36015772	8240	36042250	-18238	36024058	8286	-18192
ENSMUST00000020896	TCCTGATTGCCTTGGTGGGGCTAATTGGAGCTGTAAAACACCACCA	36024012	36015772	8240	36022752	1260	36024058	8286	1306
ENSMUST00000020896	TCCTGATTGCCTTGGTGGGGCTAATTGGAGCTGTAAAACACCACCA	36024012	36015772	8240	36042250	-18238	36024058	8286	-18192
ENSMUST00000020896	TCCTGATTGCCTTGGTGGGGCTAATTGGAGCTGTAAAACACCACCA	36024012	36020603	3409	36042250	-18238	36024058	3455	-18192
ENSMUST00000020896	TCCTGATTGCCTTGGTGGGGCTAATTGGAGCTGTAAAACACCACCA	36024012	36024072	-60	36042250	-18238	36024058	-14	-18192
ENSMUST00000046022	CATTTGGGGATGTAGGGCTGCTCACAGGGGATGTGCAGCTGCACCC	34846099	34839605	6494	34839996	6103	34846145	6540	6149
ENSMUST00000046022	CATTTGGGGATGTAGGGCTGCTCACAGGGGATGTGCAGCTGCACCC	34846099	34841218	4881	34841670	4429	34846145	4927	4475
ENSMUST00000046022	CATTTGGGGATGTAGGGCTGCTCACAGGGGATGTGCAGCTGCACCC	34846099	34845912	187	34846521	-422	34846145	233	-376
ENSMUST00000046022	CATTTGGGGATGTAGGGCTGCTCACAGGGGATGTGCAGCTGCACCC	34846099	34845912	187	34846521	-422	34846145	233	-376
ENSMUST00000046022	CATTTGGGGATGTAGGGCTGCTCACAGGGGATGTGCAGCTGCACCC	34846099	34846995	-896	34847407	-1308	34846145	-850	-1262
ENSMUST00000046022	CATTTGGGGATGTAGGGCTGCTCACAGGGGATGTGCAGCTGCACCC	34846099	34847461	-1362	34847903	-1804	34846145	-1316	-1758
ENSMUST00000046022	CATTTGGGGATGTAGGGCTGCTCACAGGGGATGTGCAGCTGCACCC	34846099	34848225	-2126	34849895	-3796	34846145	-2080	-3750
ENSMUST00000046022	CATTTGGGGATGTAGGGCTGCTCACAGGGGATGTGCAGCTGCACCC	34846099	34848434	-2335	34850133	-4034	34846145	-2289	-3988
ENSMUST00000085715	AAGATGTCTTCGAGGACGGCGCTGGCCCCGGGCAACGATCGAAACT	19458768	19433536	25232	19436937	21831	19458814	25278	21877
ENSMUST00000085715	AAGATGTCTTCGAGGACGGCGCTGGCCCCGGGCAACGATCGAAACT	19458768	19434716	24052	19436937	21831	19458814	24098	21877
ENSMUST00000088615	AGGTCTCCAACAATTCGAGATATGGTTGTACGGTGTATAGCACAAA	10159591	10138996	20595	10141558	18033	10159637	20641	18079
ENSMUST00000088615	AGGTCTCCAACAATTCGAGATATGGTTGTACGGTGTATAGCACAAA	10159591	10153524	6067	10154280	5311	10159637	6113	5357
ENSMUST00000088615	AGGTCTCCAACAATTCGAGATATGGTTGTACGGTGTATAGCACAAA	10159591	10158060	1531	10159876	-285	10159637	1577	-239
ENSMUST00000088615	AGGTCTCCAACAATTCGAGATATGGTTGTACGGTGTATAGCACAAA	10159591	10174195	-14604	10180869	-21278	10159637	-14558	-21232
ENSMUST00000088615	AGGTCTCCAACAATTCGAGATATGGTTGTACGGTGTATAGCACAAA	10159591	10184181	-24590	10188756	-29165	10159637	-24544	-29119
ENSMUST00000088615	AGGTCTCCAACAATTCGAGATATGGTTGTACGGTGTATAGCACAAA	10159591	10189678	-30087	10198842	-39251	10159637	-30041	-39205
ENSMUST00000088615	AGGTCTCCAACAATTCGAGATATGGTTGTACGGTGTATAGCACAAA	10159591	10204909	-45318	10213043	-53452	10159637	-45272	-53406
ENSMUST00000088615	AGGTCTCCAACAATTCGAGATATGGTTGTACGGTGTATAGCACAAA	10159591	10214271	-54680	10216528	-56937	10159637	-54634	-56891
ENSMUST00000088615	AGGTCTCCAACAATTCGAGATATGGTTGTACGGTGTATAGCACAAA	10159591	10215993	-56402	10232370	-72779	10159637	-56356	-72733
ENSMUST00000088615	AGGTCTCCAACAATTCGAGATATGGTTGTACGGTGTATAGCACAAA	10159591	10138996	20595	10141558	18033	10159637	20641	18079
ENSMUST00000088615	AGGTCTCCAACAATTCGAGATATGGTTGTACGGTGTATAGCACAAA	10159591	10153524	6067	10154280	5311	10159637	6113	5357
ENSMUST00000088615	AGGTCTCCAACAATTCGAGATATGGTTGTACGGTGTATAGCACAAA	10159591	10158060	1531	10159876	-285	10159637	1577	-239
ENSMUST00000088615	AGGTCTCCAACAATTCGAGATATGGTTGTACGGTGTATAGCACAAA	10159591	10174195	-14604	10180869	-21278	10159637	-14558	-21232
ENSMUST00000088615	AGGTCTCCAACAATTCGAGATATGGTTGTACGGTGTATAGCACAAA	10159591	10184181	-24590	10188756	-29165	10159637	-24544	-29119
ENSMUST00000088615	AGGTCTCCAACAATTCGAGATATGGTTGTACGGTGTATAGCACAAA	10159591	10189678	-30087	10198842	-39251	10159637	-30041	-39205
ENSMUST00000088615	AGGTCTCCAACAATTCGAGATATGGTTGTACGGTGTATAGCACAAA	10159591	10204909	-45318	10213043	-53452	10159637	-45272	-53406
ENSMUST00000088615	AGGTCTCCAACAATTCGAGATATGGTTGTACGGTGTATAGCACAAA	10159591	10214271	-54680	10216528	-56937	10159637	-54634	-56891
ENSMUST00000088615	AGGTCTCCAACAATTCGAGATATGGTTGTACGGTGTATAGCACAAA	10159591	10215993	-56402	10232370	-72779	10159637	-56356	-72733
ENSMUST00000027421	AGACTTTGGGGCCTAACTAGTGAATGGTAGTGTCTAGAAAGGGTAT	84839285	84724814	114471	84725735	113550	84814850	90036	89115
ENSMUST00000027421	AGACTTTGGGGCCTAACTAGTGAATGGTAGTGTCTAGAAAGGGTAT	84839285	84728289	110996	84731622	107663	84814850	86561	83228
ENSMUST00000027421	AGACTTTGGGGCCTAACTAGTGAATGGTAGTGTCTAGAAAGGGTAT	84839285	84728289	110996	84731622	107663	84814850	86561	83228
ENSMUST00000027421	AGACTTTGGGGCCTAACTAGTGAATGGTAGTGTCTAGAAAGGGTAT	84839285	84737080	102205	84739513	99772	84814850	77770	75337
ENSMUST00000027421	AGACTTTGGGGCCTAACTAGTGAATGGTAGTGTCTAGAAAGGGTAT	84839285	84742338	96947	84743819	95466	84814850	72512	71031
ENSMUST00000027421	AGACTTTGGGGCCTAACTAGTGAATGGTAGTGTCTAGAAAGGGTAT	84839285	84776412	62873	84782826	56459	84814850	38438	32024
ENSMUST00000027421	AGACTTTGGGGCCTAACTAGTGAATGGTAGTGTCTAGAAAGGGTAT	84839285	84776412	62873	84782826	56459	84814850	38438	32024
ENSMUST00000027421	AGACTTTGGGGCCTAACTAGTGAATGGTAGTGTCTAGAAAGGGTAT	84839285	84777507	61778	84814822	24463	84814850	37343	28
ENSMUST00000027421	AGACTTTGGGGCCTAACTAGTGAATGGTAGTGTCTAGAAAGGGTAT	84839285	84782963	56322	84814822	24463	84814850	31887	28
ENSMUST00000027421	AGACTTTGGGGCCTAACTAGTGAATGGTAGTGTCTAGAAAGGGTAT	84839285	84786196	53089	84814822	24463	84814850	28654	28
ENSMUST00000027421	AGACTTTGGGGCCTAACTAGTGAATGGTAGTGTCTAGAAAGGGTAT	84839285	84794327	44958	84814822	24463	84814850	20523	28
ENSMUST00000027421	AGACTTTGGGGCCTAACTAGTGAATGGTAGTGTCTAGAAAGGGTAT	84839285	84794327	44958	84839228	57	84814850	20523	-24378
ENSMUST00000211537	ACCCTCACGCTGCCTCCTGTACCTGTGCCGCCTGTTGTGATGACAT	141321128	141297616	23512	141310761	10367	141321174	23558	10413
ENSMUST00000211537	ACCCTCACGCTGCCTCCTGTACCTGTGCCGCCTGTTGTGATGACAT	141321128	141313348	7780	141314861	6267	141321174	7826	6313
ENSMUST00000211537	ACCCTCACGCTGCCTCCTGTACCTGTGCCGCCTGTTGTGATGACAT	141321128	141322065	-937	141322889	-1761	141321174	-891	-1715
ENSMUST00000211537	ACCCTCACGCTGCCTCCTGTACCTGTGCCGCCTGTTGTGATGACAT	141321128	141322065	-937	141324081	-2953	141321174	-891	-2907
ENSMUST00000211537	ACCCTCACGCTGCCTCCTGTACCTGTGCCGCCTGTTGTGATGACAT	141321128	141322065	-937	141327278	-6150	141321174	-891	-6104
ENSMUST00000211537	ACCCTCACGCTGCCTCCTGTACCTGTGCCGCCTGTTGTGATGACAT	141321128	141322065	-937	141324081	-2953	141321174	-891	-2907
ENSMUST00000211537	ACCCTCACGCTGCCTCCTGTACCTGTGCCGCCTGTTGTGATGACAT	141321128	141322608	-1480	141324081	-2953	141321174	-1434	-2907
ENSMUST00000211537	ACCCTCACGCTGCCTCCTGTACCTGTGCCGCCTGTTGTGATGACAT	141321128	141322065	-937	141327278	-6150	141321174	-891	-6104
ENSMUST00000211537	ACCCTCACGCTGCCTCCTGTACCTGTGCCGCCTGTTGTGATGACAT	141321128	141322608	-1480	141327278	-6150	141321174	-1434	-6104
ENSMUST00000162412	TGTTTGATGCTTGGGATGCCTTCGCTCACCTGCCTGCCCTGATGCA	95024455	95034386	-9931	95042899	-18444	95024501	-9885	-18398
ENSMUST00000162412	TGTTTGATGCTTGGGATGCCTTCGCTCACCTGCCTGCCCTGATGCA	95024455	95043472	-19017	95047736	-23281	95024501	-18971	-23235
ENSMUST00000162412	TGTTTGATGCTTGGGATGCCTTCGCTCACCTGCCTGCCCTGATGCA	95024455	95052930	-28475	95085172	-60717	95024501	-28429	-60671
ENSMUST00000162412	TGTTTGATGCTTGGGATGCCTTCGCTCACCTGCCTGCCCTGATGCA	95024455	95052930	-28475	95086727	-62272	95024501	-28429	-62226
ENSMUST00000162412	TGTTTGATGCTTGGGATGCCTTCGCTCACCTGCCTGCCCTGATGCA	95024455	95052930	-28475	95086727	-62272	95024501	-28429	-62226
ENSMUST00000162412	TGTTTGATGCTTGGGATGCCTTCGCTCACCTGCCTGCCCTGATGCA	95024455	95052930	-28475	95090277	-65822	95024501	-28429	-65776
ENSMUST00000162412	TGTTTGATGCTTGGGATGCCTTCGCTCACCTGCCTGCCCTGATGCA	95024455	95083174	-58719	95086727	-62272	95024501	-58673	-62226
ENSMUST00000162412	TGTTTGATGCTTGGGATGCCTTCGCTCACCTGCCTGCCCTGATGCA	95024455	95052930	-28475	95090277	-65822	95024501	-28429	-65776
ENSMUST00000162412	TGTTTGATGCTTGGGATGCCTTCGCTCACCTGCCTGCCCTGATGCA	95024455	95085261	-60806	95090277	-65822	95024501	-60760	-65776
ENSMUST00000162412	TGTTTGATGCTTGGGATGCCTTCGCTCACCTGCCTGCCCTGATGCA	95024455	95052930	-28475	95095635	-71180	95024501	-28429	-71134
ENSMUST00000162412	TGTTTGATGCTTGGGATGCCTTCGCTCACCTGCCTGCCCTGATGCA	95024455	95107845	-83390	95222474	-198019	95024501	-83344	-197973
ENSMUST00000162412	TGTTTGATGCTTGGGATGCCTTCGCTCACCTGCCTGCCCTGATGCA	95024455	95107845	-83390	95250133	-225678	95024501	-83344	-225632
ENSMUST00000162412	TGTTTGATGCTTGGGATGCCTTCGCTCACCTGCCTGCCCTGATGCA	95024455	95107845	-83390	95222474	-198019	95024501	-83344	-197973
ENSMUST00000162412	TGTTTGATGCTTGGGATGCCTTCGCTCACCTGCCTGCCCTGATGCA	95024455	95107845	-83390	95250133	-225678	95024501	-83344	-225632
ENSMUST00000114863	TGTGAGCAGAGCAGGAAGGTCAGGTGAGAGTGGCTGTAGGAGGTCC	27752569	27753995	-1426	27786070	-33501	27752615	-1380	-33455
ENSMUST00000114863	TGTGAGCAGAGCAGGAAGGTCAGGTGAGAGTGGCTGTAGGAGGTCC	27752569	27753995	-1426	27786070	-33501	27752615	-1380	-33455
ENSMUST00000114863	TGTGAGCAGAGCAGGAAGGTCAGGTGAGAGTGGCTGTAGGAGGTCC	27752569	27768239	-15670	27793908	-41339	27752615	-15624	-41293
ENSMUST00000114863	TGTGAGCAGAGCAGGAAGGTCAGGTGAGAGTGGCTGTAGGAGGTCC	27752569	27768239	-15670	27820176	-67607	27752615	-15624	-67561
ENSMUST00000114863	TGTGAGCAGAGCAGGAAGGTCAGGTGAGAGTGGCTGTAGGAGGTCC	27752569	27768239	-15670	27820176	-67607	27752615	-15624	-67561
ENSMUST00000114863	TGTGAGCAGAGCAGGAAGGTCAGGTGAGAGTGGCTGTAGGAGGTCC	27752569	27786268	-33699	27820176	-67607	27752615	-33653	-67561
ENSMUST00000049074	CCTGTCCTGGCGGTCATTCTCATCATACTCATTGTCATCGCCATCC	118223341	118213864	9477	118220492	2849	118220500	6636	8
ENSMUST00000049074	CCTGTCCTGGCGGTCATTCTCATCATACTCATTGTCATCGCCATCC	118223341	118217189	6152	118220492	2849	118220500	3311	8
ENSMUST00000049074	CCTGTCCTGGCGGTCATTCTCATCATACTCATTGTCATCGCCATCC	118223341	118225126	-1785	118226453	-3112	118220500	-4626	-5953
ENSMUST00000049074	CCTGTCCTGGCGGTCATTCTCATCATACTCATTGTCATCGCCATCC	118223341	118226571	-3230	118230694	-7353	118220500	-6071	-10194
ENSMUST00000049074	CCTGTCCTGGCGGTCATTCTCATCATACTCATTGTCATCGCCATCC	118223341	118230888	-7547	118234958	-11617	118220500	-10388	-14458
ENSMUST00000049074	CCTGTCCTGGCGGTCATTCTCATCATACTCATTGTCATCGCCATCC	118223341	118236494	-13153	118248898	-25557	118220500	-15994	-28398
ENSMUST00000049074	CCTGTCCTGGCGGTCATTCTCATCATACTCATTGTCATCGCCATCC	118223341	118238008	-14667	118257488	-34147	118220500	-17508	-36988
ENSMUST00000049074	CCTGTCCTGGCGGTCATTCTCATCATACTCATTGTCATCGCCATCC	118223341	118269317	-45976	118277348	-54007	118220500	-48817	-56848
ENSMUST00000223490	GACCTCTACGTTACCGCCATTACCTTTGCCTCCCATGCTGCCTGAA	17772896	17739192	33704	17751670	21226	17772942	33750	21272
ENSMUST00000234131	AATTGGCATCATTTACCTCATCACTACTACTAACTACTAACTAACT	81382225	81432774	-50549	81441651	-59426	81382271	-50503	-59380
ENSMUST00000234131	AATTGGCATCATTTACCTCATCACTACTACTAACTACTAACTAACT	81382225	81432774	-50549	81441772	-59547	81382271	-50503	-59501
ENSMUST00000234131	AATTGGCATCATTTACCTCATCACTACTACTAACTACTAACTAACT	81382225	81432774	-50549	81441772	-59547	81382271	-50503	-59501
ENSMUST00000234131	AATTGGCATCATTTACCTCATCACTACTACTAACTACTAACTAACT	81382225	81437813	-55588	81441772	-59547	81382271	-55542	-59501
ENSMUST00000234131	AATTGGCATCATTTACCTCATCACTACTACTAACTACTAACTAACT	81382225	81441790	-59565	81445486	-63261	81382271	-59519	-63215
ENSMUST00000106267	CACACACACACACACCCTTCTTTAAGGCTATGCTCCCATTCAGGTTT	127805324	127811236	-5912	127815063	-9739	127805371	-5865	-9692
ENSMUST00000106267	CACACACACACACACCCTTCTTTAAGGCTATGCTCCCATTCAGGTTT	127805324	127814987	-9663	127815345	-10021	127805371	-9616	-9974
ENSMUST00000075845	CGTTCTCTCTCCTGTCCTGCAATCCCAAACTTGTAAATCTTCCCACT	16564043	16498689	65354	16561457	2586	16564090	65401	2633
ENSMUST00000075845	CGTTCTCTCTCCTGTCCTGCAATCCCAAACTTGTAAATCTTCCCACT	16564043	16498689	65354	16614471	-50428	16564090	65401	-50381
ENSMUST00000075845	CGTTCTCTCTCCTGTCCTGCAATCCCAAACTTGTAAATCTTCCCACT	16564043	16512485	51558	16561457	2586	16564090	51605	2633
ENSMUST00000075845	CGTTCTCTCTCCTGTCCTGCAATCCCAAACTTGTAAATCTTCCCACT	16564043	16498689	65354	16614471	-50428	16564090	65401	-50381
ENSMUST00000075845	CGTTCTCTCTCCTGTCCTGCAATCCCAAACTTGTAAATCTTCCCACT	16564043	16549207	14836	16614471	-50428	16564090	14883	-50381
ENSMUST00000169020	CTGTACAGCCGTCCTGTATAGTGTACCCTCTCACTGCGCCCTCTAAC	111154656	111181036	-26380	111187713	-33057	111154703	-26333	-33010
ENSMUST00000169020	CTGTACAGCCGTCCTGTATAGTGTACCCTCTCACTGCGCCCTCTAAC	111154656	111188850	-34194	111192523	-37867	111154703	-34147	-37820
ENSMUST00000169020	CTGTACAGCCGTCCTGTATAGTGTACCCTCTCACTGCGCCCTCTAAC	111154656	111197808	-43152	111201525	-46869	111154703	-43105	-46822
ENSMUST00000170810	GATGAGACAGATCCCGTACACCATGATGAAGTTCGCCTGCTTTGAAC	91118076	91117323	753	91118698	-622	91118123	800	-575
ENSMUST00000170810	GATGAGACAGATCCCGTACACCATGATGAAGTTCGCCTGCTTTGAAC	91118076	91119706	-1630	91122206	-4130	91118123	-1583	-4083
ENSMUST00000170810	GATGAGACAGATCCCGTACACCATGATGAAGTTCGCCTGCTTTGAAC	91118076	91119706	-1630	91123557	-5481	91118123	-1583	-5434
ENSMUST00000170810	GATGAGACAGATCCCGTACACCATGATGAAGTTCGCCTGCTTTGAAC	91118076	91119706	-1630	91123557	-5481	91118123	-1583	-5434
ENSMUST00000170810	GATGAGACAGATCCCGTACACCATGATGAAGTTCGCCTGCTTTGAAC	91118076	91119706	-1630	91123557	-5481	91118123	-1583	-5434
ENSMUST00000170810	GATGAGACAGATCCCGTACACCATGATGAAGTTCGCCTGCTTTGAAC	91118076	91122043	-3967	91123557	-5481	91118123	-3920	-5434
ENSMUST00000043624	GTTTAAAGACTGTAATTTTGATAGTTGCTGTATTTGTGTCTGCAATA	86298658	86272563	26095	86275373	23285	86298705	26142	23332
ENSMUST00000043624	GTTTAAAGACTGTAATTTTGATAGTTGCTGTATTTGTGTCTGCAATA	86298658	86272563	26095	86276819	21839	86298705	26142	21886
ENSMUST00000043624	GTTTAAAGACTGTAATTTTGATAGTTGCTGTATTTGTGTCTGCAATA	86298658	86276968	21690	86278763	19895	86298705	21737	19942
ENSMUST00000043624	GTTTAAAGACTGTAATTTTGATAGTTGCTGTATTTGTGTCTGCAATA	86298658	86301555	-2897	86306983	-8325	86298705	-2850	-8278
ENSMUST00000043624	GTTTAAAGACTGTAATTTTGATAGTTGCTGTATTTGTGTCTGCAATA	86298658	86327912	-29254	86329167	-30509	86298705	-29207	-30462
ENSMUST00000043624	GTTTAAAGACTGTAATTTTGATAGTTGCTGTATTTGTGTCTGCAATA	86298658	86332028	-33370	86355273	-56615	86298705	-33323	-56568
ENSMUST00000043624	GTTTAAAGACTGTAATTTTGATAGTTGCTGTATTTGTGTCTGCAATA	86298658	86272563	26095	86275373	23285	86298705	26142	23332
ENSMUST00000043624	GTTTAAAGACTGTAATTTTGATAGTTGCTGTATTTGTGTCTGCAATA	86298658	86272563	26095	86276819	21839	86298705	26142	21886
ENSMUST00000043624	GTTTAAAGACTGTAATTTTGATAGTTGCTGTATTTGTGTCTGCAATA	86298658	86276968	21690	86278763	19895	86298705	21737	19942
ENSMUST00000043624	GTTTAAAGACTGTAATTTTGATAGTTGCTGTATTTGTGTCTGCAATA	86298658	86301555	-2897	86306983	-8325	86298705	-2850	-8278
ENSMUST00000043624	GTTTAAAGACTGTAATTTTGATAGTTGCTGTATTTGTGTCTGCAATA	86298658	86327912	-29254	86329167	-30509	86298705	-29207	-30462
ENSMUST00000043624	GTTTAAAGACTGTAATTTTGATAGTTGCTGTATTTGTGTCTGCAATA	86298658	86332028	-33370	86355273	-56615	86298705	-33323	-56568
ENSMUST00000043624	GTTTAAAGACTGTAATTTTGATAGTTGCTGTATTTGTGTCTGCAATA	86298658	86272563	26095	86275373	23285	86298705	26142	23332
ENSMUST00000043624	GTTTAAAGACTGTAATTTTGATAGTTGCTGTATTTGTGTCTGCAATA	86298658	86272563	26095	86276819	21839	86298705	26142	21886
ENSMUST00000043624	GTTTAAAGACTGTAATTTTGATAGTTGCTGTATTTGTGTCTGCAATA	86298658	86276968	21690	86278763	19895	86298705	21737	19942
ENSMUST00000043624	GTTTAAAGACTGTAATTTTGATAGTTGCTGTATTTGTGTCTGCAATA	86298658	86301555	-2897	86306983	-8325	86298705	-2850	-8278
ENSMUST00000043624	GTTTAAAGACTGTAATTTTGATAGTTGCTGTATTTGTGTCTGCAATA	86298658	86327912	-29254	86329167	-30509	86298705	-29207	-30462
ENSMUST00000043624	GTTTAAAGACTGTAATTTTGATAGTTGCTGTATTTGTGTCTGCAATA	86298658	86332028	-33370	86355273	-56615	86298705	-33323	-56568
ENSMUST00000114488	ACTCCAGACATGCCTGCTGTGTCTGCGTTCTTCAGCCTCGCTGCACT	50200525	50202575	-2050	50220444	-19919	50200572	-2003	-19872
ENSMUST00000114488	ACTCCAGACATGCCTGCTGTGTCTGCGTTCTTCAGCCTCGCTGCACT	50200525	50209144	-8619	50220444	-19919	50200572	-8572	-19872
ENSMUST00000114488	ACTCCAGACATGCCTGCTGTGTCTGCGTTCTTCAGCCTCGCTGCACT	50200525	50247856	-47331	50262415	-61890	50200572	-47284	-61843
ENSMUST00000114488	ACTCCAGACATGCCTGCTGTGTCTGCGTTCTTCAGCCTCGCTGCACT	50200525	50280539	-80014	50330833	-130308	50200572	-79967	-130261
ENSMUST00000114488	ACTCCAGACATGCCTGCTGTGTCTGCGTTCTTCAGCCTCGCTGCACT	50200525	50280539	-80014	50331028	-130503	50200572	-79967	-130456
ENSMUST00000101497	GTTTGTCTCCAAGTTCTTTGAGCATCACCCAGTACCACAGGAGGAGG	39660885	39623710	37175	39639589	21296	39660932	37222	21343
ENSMUST00000101497	GTTTGTCTCCAAGTTCTTTGAGCATCACCCAGTACCACAGGAGGAGG	39660885	39627840	33045	39639589	21296	39660932	33092	21343
ENSMUST00000101497	GTTTGTCTCCAAGTTCTTTGAGCATCACCCAGTACCACAGGAGGAGG	39660885	39644380	16505	39648449	12436	39660932	16552	12483
ENSMUST00000101497	GTTTGTCTCCAAGTTCTTTGAGCATCACCCAGTACCACAGGAGGAGG	39660885	39648486	12399	39651604	9281	39660932	12446	9328
ENSMUST00000000137	AATTCATGGCTGTGGGTTAATTATAATTGTTGTAGTAACATTCACAT	20063469	20064859	-1390	20077187	-13718	20063516	-1343	-13671
ENSMUST00000000137	AATTCATGGCTGTGGGTTAATTATAATTGTTGTAGTAACATTCACAT	20063469	20064859	-1390	20100822	-37353	20063516	-1343	-37306
ENSMUST00000000137	AATTCATGGCTGTGGGTTAATTATAATTGTTGTAGTAACATTCACAT	20063469	20072588	-9119	20080022	-16553	20063516	-9072	-16506
ENSMUST00000000137	AATTCATGGCTGTGGGTTAATTATAATTGTTGTAGTAACATTCACAT	20063469	20077333	-13864	20080661	-17192	20063516	-13817	-17145
ENSMUST00000000137	AATTCATGGCTGTGGGTTAATTATAATTGTTGTAGTAACATTCACAT	20063469	20080798	-17329	20094229	-30760	20063516	-17282	-30713
ENSMUST00000000137	AATTCATGGCTGTGGGTTAATTATAATTGTTGTAGTAACATTCACAT	20063469	20094445	-30976	20112804	-49335	20063516	-30929	-49288
ENSMUST00000000137	AATTCATGGCTGTGGGTTAATTATAATTGTTGTAGTAACATTCACAT	20063469	20064859	-1390	20077187	-13718	20063516	-1343	-13671
ENSMUST00000000137	AATTCATGGCTGTGGGTTAATTATAATTGTTGTAGTAACATTCACAT	20063469	20064859	-1390	20100822	-37353	20063516	-1343	-37306
ENSMUST00000000137	AATTCATGGCTGTGGGTTAATTATAATTGTTGTAGTAACATTCACAT	20063469	20072588	-9119	20080022	-16553	20063516	-9072	-16506
ENSMUST00000000137	AATTCATGGCTGTGGGTTAATTATAATTGTTGTAGTAACATTCACAT	20063469	20077333	-13864	20080661	-17192	20063516	-13817	-17145
ENSMUST00000000137	AATTCATGGCTGTGGGTTAATTATAATTGTTGTAGTAACATTCACAT	20063469	20080798	-17329	20094229	-30760	20063516	-17282	-30713
ENSMUST00000000137	AATTCATGGCTGTGGGTTAATTATAATTGTTGTAGTAACATTCACAT	20063469	20094445	-30976	20112804	-49335	20063516	-30929	-49288
ENSMUST00000026704	ATTATGCTAACAAGTACAATATCATGTTGGTGAGACTGAACTCAAAG	87487686	87484923	2763	87486235	1451	87486616	1693	381
ENSMUST00000026704	ATTATGCTAACAAGTACAATATCATGTTGGTGAGACTGAACTCAAAG	87487686	87485744	1942	87486235	1451	87486616	872	381
ENSMUST00000026704	ATTATGCTAACAAGTACAATATCATGTTGGTGAGACTGAACTCAAAG	87487686	87493786	-6100	87495728	-8042	87486616	-7170	-9112
ENSMUST00000047239	GTTTTCATCGATGAACACGGGGAAGTCAGATCCTGTTACTTAAAGTC	125877578	125855361	22217	125861106	16472	125875262	19901	14156
ENSMUST00000047239	GTTTTCATCGATGAACACGGGGAAGTCAGATCCTGTTACTTAAAGTC	125877578	125855361	22217	125863085	14493	125875262	19901	12177
ENSMUST00000047239	GTTTTCATCGATGAACACGGGGAAGTCAGATCCTGTTACTTAAAGTC	125877578	125855361	22217	125865922	11656	125875262	19901	9340
ENSMUST00000047239	GTTTTCATCGATGAACACGGGGAAGTCAGATCCTGTTACTTAAAGTC	125877578	125863231	14347	125875226	2352	125875262	12031	36
ENSMUST00000112790	TCTGATGTTCGTTCTCATCCTGCTCAACACCATCTGCCTGGCCATGCA	118652789	118627570	25219	118637729	15060	118651975	24405	14246
ENSMUST00000112790	TCTGATGTTCGTTCTCATCCTGCTCAACACCATCTGCCTGGCCATGCA	118652789	118627570	25219	118651947	842	118651975	24405	28
ENSMUST00000112790	TCTGATGTTCGTTCTCATCCTGCTCAACACCATCTGCCTGGCCATGCA	118652789	118627570	25219	118637729	15060	118651975	24405	14246
ENSMUST00000112790	TCTGATGTTCGTTCTCATCCTGCTCAACACCATCTGCCTGGCCATGCA	118652789	118627570	25219	118638426	14363	118651975	24405	13549
ENSMUST00000112790	TCTGATGTTCGTTCTCATCCTGCTCAACACCATCTGCCTGGCCATGCA	118652789	118627570	25219	118651947	842	118651975	24405	28
ENSMUST00000112790	TCTGATGTTCGTTCTCATCCTGCTCAACACCATCTGCCTGGCCATGCA	118652789	118627570	25219	118638426	14363	118651975	24405	13549
ENSMUST00000112790	TCTGATGTTCGTTCTCATCCTGCTCAACACCATCTGCCTGGCCATGCA	118652789	118627570	25219	118651947	842	118651975	24405	28
ENSMUST00000112790	TCTGATGTTCGTTCTCATCCTGCTCAACACCATCTGCCTGGCCATGCA	118652789	118630431	22358	118638426	14363	118651975	21544	13549
ENSMUST00000112790	TCTGATGTTCGTTCTCATCCTGCTCAACACCATCTGCCTGGCCATGCA	118652789	118630431	22358	118651947	842	118651975	21544	28
ENSMUST00000112790	TCTGATGTTCGTTCTCATCCTGCTCAACACCATCTGCCTGGCCATGCA	118652789	118627570	25219	118651947	842	118651975	24405	28
ENSMUST00000112790	TCTGATGTTCGTTCTCATCCTGCTCAACACCATCTGCCTGGCCATGCA	118652789	118630431	22358	118651947	842	118651975	21544	28
ENSMUST00000112790	TCTGATGTTCGTTCTCATCCTGCTCAACACCATCTGCCTGGCCATGCA	118652789	118637813	14976	118651947	842	118651975	14162	28
ENSMUST00000112790	TCTGATGTTCGTTCTCATCCTGCTCAACACCATCTGCCTGGCCATGCA	118652789	118656259	-3470	118657314	-4525	118651975	-4284	-5339
ENSMUST00000112790	TCTGATGTTCGTTCTCATCCTGCTCAACACCATCTGCCTGGCCATGCA	118652789	118670456	-17667	118674554	-21765	118651975	-18481	-22579
ENSMUST00000112790	TCTGATGTTCGTTCTCATCCTGCTCAACACCATCTGCCTGGCCATGCA	118652789	118670456	-17667	118675819	-23030	118651975	-18481	-23844
ENSMUST00000112790	TCTGATGTTCGTTCTCATCCTGCTCAACACCATCTGCCTGGCCATGCA	118652789	118670456	-17667	118675819	-23030	118651975	-18481	-23844
ENSMUST00000112790	TCTGATGTTCGTTCTCATCCTGCTCAACACCATCTGCCTGGCCATGCA	118652789	118674405	-21616	118675819	-23030	118651975	-22430	-23844
ENSMUST00000112790	TCTGATGTTCGTTCTCATCCTGCTCAACACCATCTGCCTGGCCATGCA	118652789	118713347	-60558	118734850	-82061	118651975	-61372	-82875
ENSMUST00000071555	GAAATGGCTACTGCTGCATCATCTTCCTCCTTGGAGAAGAGTTACGAG	120347226	120347349	-123	120347635	-409	120347274	-75	-361
ENSMUST00000071555	GAAATGGCTACTGCTGCATCATCTTCCTCCTTGGAGAAGAGTTACGAG	120347226	120347875	-649	120348424	-1198	120347274	-601	-1150
ENSMUST00000058496	GTGAGCCGGTGCCGCCGCCCGCTTGAGGAGAGAGGAGGGGTCCCACTC	77607243	77549475	57768	77553672	53571	77607291	57816	53619
ENSMUST00000058496	GTGAGCCGGTGCCGCCGCCCGCTTGAGGAGAGAGGAGGGGTCCCACTC	77607243	77551000	56243	77555563	51680	77607291	56291	51728
ENSMUST00000058496	GTGAGCCGGTGCCGCCGCCCGCTTGAGGAGAGAGGAGGGGTCCCACTC	77607243	77555698	51545	77560253	46990	77607291	51593	47038
ENSMUST00000058496	GTGAGCCGGTGCCGCCGCCCGCTTGAGGAGAGAGGAGGGGTCCCACTC	77607243	77565839	41404	77573695	33548	77607291	41452	33596
ENSMUST00000028016	AGAAGGTGTGCCTAATGGTGCAGGACAGAAGAATTCCAAGGATGCTGC	162702267	162673656	28611	162676690	25577	162702315	28659	25625
ENSMUST00000028016	AGAAGGTGTGCCTAATGGTGCAGGACAGAAGAATTCCAAGGATGCTGC	162702267	162673656	28611	162675604	26663	162702315	28659	26711
ENSMUST00000028016	AGAAGGTGTGCCTAATGGTGCAGGACAGAAGAATTCCAAGGATGCTGC	162702267	162673656	28611	162676690	25577	162702315	28659	25625
ENSMUST00000028016	AGAAGGTGTGCCTAATGGTGCAGGACAGAAGAATTCCAAGGATGCTGC	162702267	162674151	28116	162676690	25577	162702315	28164	25625
ENSMUST00000028016	AGAAGGTGTGCCTAATGGTGCAGGACAGAAGAATTCCAAGGATGCTGC	162702267	162673656	28611	162677354	24913	162702315	28659	24961
ENSMUST00000028016	AGAAGGTGTGCCTAATGGTGCAGGACAGAAGAATTCCAAGGATGCTGC	162702267	162684256	18011	162691140	11127	162702315	18059	11175
ENSMUST00000028016	AGAAGGTGTGCCTAATGGTGCAGGACAGAAGAATTCCAAGGATGCTGC	162702267	162684256	18011	162692372	9895	162702315	18059	9943
ENSMUST00000028016	AGAAGGTGTGCCTAATGGTGCAGGACAGAAGAATTCCAAGGATGCTGC	162702267	162684256	18011	162692372	9895	162702315	18059	9943
ENSMUST00000028016	AGAAGGTGTGCCTAATGGTGCAGGACAGAAGAATTCCAAGGATGCTGC	162702267	162688217	14050	162692372	9895	162702315	14098	9943
ENSMUST00000028016	AGAAGGTGTGCCTAATGGTGCAGGACAGAAGAATTCCAAGGATGCTGC	162702267	162720606	-18339	162723109	-20842	162702315	-18291	-20794
ENSMUST00000028016	AGAAGGTGTGCCTAATGGTGCAGGACAGAAGAATTCCAAGGATGCTGC	162702267	162720606	-18339	162723109	-20842	162702315	-18291	-20794
ENSMUST00000040583	GCCCAGGTGGAGAATTGGCAGTGATCAGGACTTGGGTATTGAATTGCT	51888856	51889714	-858	51893649	-4793	51888904	-810	-4745
ENSMUST00000040583	GCCCAGGTGGAGAATTGGCAGTGATCAGGACTTGGGTATTGAATTGCT	51888856	51915143	-26287	51918583	-29727	51888904	-26239	-29679
ENSMUST00000040583	GCCCAGGTGGAGAATTGGCAGTGATCAGGACTTGGGTATTGAATTGCT	51888856	51915143	-26287	51920389	-31533	51888904	-26239	-31485
ENSMUST00000040583	GCCCAGGTGGAGAATTGGCAGTGATCAGGACTTGGGTATTGAATTGCT	51888856	51915143	-26287	51920389	-31533	51888904	-26239	-31485
ENSMUST00000040583	GCCCAGGTGGAGAATTGGCAGTGATCAGGACTTGGGTATTGAATTGCT	51888856	51916256	-27400	51920389	-31533	51888904	-27352	-31485
ENSMUST00000040583	GCCCAGGTGGAGAATTGGCAGTGATCAGGACTTGGGTATTGAATTGCT	51888856	51925417	-36561	51938070	-49214	51888904	-36513	-49166
ENSMUST00000040583	GCCCAGGTGGAGAATTGGCAGTGATCAGGACTTGGGTATTGAATTGCT	51888856	51957187	-68331	51961432	-72576	51888904	-68283	-72528
ENSMUST00000113560	TGTGCCCTGTGTCCCTGCTCCTTCCGGGCTCCCAGTCCACCTGCTCAT	31026528	31036254	-9726	31037155	-10627	31026576	-9678	-10579
ENSMUST00000113560	TGTGCCCTGTGTCCCTGCTCCTTCCGGGCTCCCAGTCCACCTGCTCAT	31026528	31040514	-13986	31052984	-26456	31026576	-13938	-26408
ENSMUST00000113560	TGTGCCCTGTGTCCCTGCTCCTTCCGGGCTCCCAGTCCACCTGCTCAT	31026528	31040514	-13986	31054023	-27495	31026576	-13938	-27447
ENSMUST00000113560	TGTGCCCTGTGTCCCTGCTCCTTCCGGGCTCCCAGTCCACCTGCTCAT	31026528	31044896	-18368	31052984	-26456	31026576	-18320	-26408
ENSMUST00000113560	TGTGCCCTGTGTCCCTGCTCCTTCCGGGCTCCCAGTCCACCTGCTCAT	31026528	31044896	-18368	31054023	-27495	31026576	-18320	-27447
ENSMUST00000113560	TGTGCCCTGTGTCCCTGCTCCTTCCGGGCTCCCAGTCCACCTGCTCAT	31026528	31040514	-13986	31054023	-27495	31026576	-13938	-27447
ENSMUST00000113560	TGTGCCCTGTGTCCCTGCTCCTTCCGGGCTCCCAGTCCACCTGCTCAT	31026528	31044896	-18368	31054023	-27495	31026576	-18320	-27447
ENSMUST00000113560	TGTGCCCTGTGTCCCTGCTCCTTCCGGGCTCCCAGTCCACCTGCTCAT	31026528	31040514	-13986	31054023	-27495	31026576	-13938	-27447
ENSMUST00000113560	TGTGCCCTGTGTCCCTGCTCCTTCCGGGCTCCCAGTCCACCTGCTCAT	31026528	31048288	-21760	31054023	-27495	31026576	-21712	-27447
ENSMUST00000113560	TGTGCCCTGTGTCCCTGCTCCTTCCGGGCTCCCAGTCCACCTGCTCAT	31026528	31040514	-13986	31054023	-27495	31026576	-13938	-27447
ENSMUST00000113560	TGTGCCCTGTGTCCCTGCTCCTTCCGGGCTCCCAGTCCACCTGCTCAT	31026528	31044896	-18368	31054023	-27495	31026576	-18320	-27447
ENSMUST00000113560	TGTGCCCTGTGTCCCTGCTCCTTCCGGGCTCCCAGTCCACCTGCTCAT	31026528	31053167	-26639	31055427	-28899	31026576	-26591	-28851
ENSMUST00000113560	TGTGCCCTGTGTCCCTGCTCCTTCCGGGCTCCCAGTCCACCTGCTCAT	31026528	31055574	-29046	31082973	-56445	31026576	-28998	-56397
ENSMUST00000113560	TGTGCCCTGTGTCCCTGCTCCTTCCGGGCTCCCAGTCCACCTGCTCAT	31026528	31084085	-57557	31141778	-115250	31026576	-57509	-115202
ENSMUST00000113560	TGTGCCCTGTGTCCCTGCTCCTTCCGGGCTCCCAGTCCACCTGCTCAT	31026528	31097150	-70622	31141778	-115250	31026576	-70574	-115202
ENSMUST00000095974	AATGCCTCTTTTCTCCATTTCACTCTGCTTTCCTGGTTCTGTTCTCTC	42316146	42318994	-2848	42321249	-5103	42316194	-2800	-5055
ENSMUST00000095974	AATGCCTCTTTTCTCCATTTCACTCTGCTTTCCTGGTTCTGTTCTCTC	42316146	42321343	-5197	42321906	-5760	42316194	-5149	-5712
ENSMUST00000095974	AATGCCTCTTTTCTCCATTTCACTCTGCTTTCCTGGTTCTGTTCTCTC	42316146	42318994	-2848	42321249	-5103	42316194	-2800	-5055
ENSMUST00000095974	AATGCCTCTTTTCTCCATTTCACTCTGCTTTCCTGGTTCTGTTCTCTC	42316146	42321343	-5197	42321906	-5760	42316194	-5149	-5712
ENSMUST00000074468	AGAATGACGAGGGTGTCTGAATTCCTCAAGGTCGCCGAGCAAGTTGGT	86825046	86767336	57710	86773518	51528	86821749	54413	48231
ENSMUST00000074468	AGAATGACGAGGGTGTCTGAATTCCTCAAGGTCGCCGAGCAAGTTGGT	86825046	86769561	55485	86775591	49455	86821749	52188	46158
ENSMUST00000074468	AGAATGACGAGGGTGTCTGAATTCCTCAAGGTCGCCGAGCAAGTTGGT	86825046	86773623	51423	86775591	49455	86821749	48126	46158
ENSMUST00000074468	AGAATGACGAGGGTGTCTGAATTCCTCAAGGTCGCCGAGCAAGTTGGT	86825046	86783434	41612	86791484	33562	86821749	38315	30265
ENSMUST00000074468	AGAATGACGAGGGTGTCTGAATTCCTCAAGGTCGCCGAGCAAGTTGGT	86825046	86783434	41612	86791953	33093	86821749	38315	29796
ENSMUST00000074468	AGAATGACGAGGGTGTCTGAATTCCTCAAGGTCGCCGAGCAAGTTGGT	86825046	86792025	33021	86792466	32580	86821749	29724	29283
ENSMUST00000074468	AGAATGACGAGGGTGTCTGAATTCCTCAAGGTCGCCGAGCAAGTTGGT	86825046	86792241	32805	86793356	31690	86821749	29508	28393
ENSMUST00000074468	AGAATGACGAGGGTGTCTGAATTCCTCAAGGTCGCCGAGCAAGTTGGT	86825046	86792736	32310	86798537	26509	86821749	29013	23212
ENSMUST00000074468	AGAATGACGAGGGTGTCTGAATTCCTCAAGGTCGCCGAGCAAGTTGGT	86825046	86783434	41612	86804454	20592	86821749	38315	17295
ENSMUST00000074468	AGAATGACGAGGGTGTCTGAATTCCTCAAGGTCGCCGAGCAAGTTGGT	86825046	86793464	31582	86798829	26217	86821749	28285	22920
ENSMUST00000074468	AGAATGACGAGGGTGTCTGAATTCCTCAAGGTCGCCGAGCAAGTTGGT	86825046	86798699	26347	86804454	20592	86821749	23050	17295
ENSMUST00000074468	AGAATGACGAGGGTGTCTGAATTCCTCAAGGTCGCCGAGCAAGTTGGT	86825046	86806578	18468	86821731	3315	86821749	15171	18
ENSMUST00000074468	AGAATGACGAGGGTGTCTGAATTCCTCAAGGTCGCCGAGCAAGTTGGT	86825046	86809548	15498	86815429	9617	86821749	12201	6320
ENSMUST00000074468	AGAATGACGAGGGTGTCTGAATTCCTCAAGGTCGCCGAGCAAGTTGGT	86825046	86809548	15498	86821731	3315	86821749	12201	18
ENSMUST00000074468	AGAATGACGAGGGTGTCTGAATTCCTCAAGGTCGCCGAGCAAGTTGGT	86825046	86821773	3273	86835108	-10062	86821749	-24	-13359
ENSMUST00000074468	AGAATGACGAGGGTGTCTGAATTCCTCAAGGTCGCCGAGCAAGTTGGT	86825046	86821773	3273	86879421	-54375	86821749	-24	-57672
ENSMUST00000074468	AGAATGACGAGGGTGTCTGAATTCCTCAAGGTCGCCGAGCAAGTTGGT	86825046	86825077	-31	86836627	-11581	86821749	-3328	-14878
ENSMUST00000074468	AGAATGACGAGGGTGTCTGAATTCCTCAAGGTCGCCGAGCAAGTTGGT	86825046	86838133	-13087	86879421	-54375	86821749	-16384	-57672
ENSMUST00000074468	AGAATGACGAGGGTGTCTGAATTCCTCAAGGTCGCCGAGCAAGTTGGT	86825046	86838867	-13821	86879421	-54375	86821749	-17118	-57672
ENSMUST00000086693	ACGTCCTCGGGCACCTGTACATACACTGCTCTGTCCCTGCCCTCACCT	66337837	66338154	-317	66342825	-4988	66337885	-269	-4940
ENSMUST00000086693	ACGTCCTCGGGCACCTGTACATACACTGCTCTGTCCCTGCCCTCACCT	66337837	66348521	-10684	66358021	-20184	66337885	-10636	-20136
ENSMUST00000086693	ACGTCCTCGGGCACCTGTACATACACTGCTCTGTCCCTGCCCTCACCT	66337837	66354377	-16540	66366343	-28506	66337885	-16492	-28458
ENSMUST00000086693	ACGTCCTCGGGCACCTGTACATACACTGCTCTGTCCCTGCCCTCACCT	66337837	66368460	-30623	66377852	-40015	66337885	-30575	-39967
ENSMUST00000086693	ACGTCCTCGGGCACCTGTACATACACTGCTCTGTCCCTGCCCTCACCT	66337837	66380436	-42599	66385859	-48022	66337885	-42551	-47974
ENSMUST00000052885	TACACATCGTCTTCTCCCGGTCCCCCATCAACTGCTTAGAGCATGTTCG	79979528	79978320	1208	79978547	981	79979577	1257	1030
ENSMUST00000052885	TACACATCGTCTTCTCCCGGTCCCCCATCAACTGCTTAGAGCATGTTCG	79979528	79978605	923	79978867	661	79979577	972	710
ENSMUST00000058860	TCCGTACAGAGAGTAATGGAGGCCAGGTGACATACCGCGTAGTCCAGGT	30956244	30954802	1442	30956148	96	30955826	1024	-322
ENSMUST00000058860	TCCGTACAGAGAGTAATGGAGGCCAGGTGACATACCGCGTAGTCCAGGT	30956244	30954802	1442	30955289	955	30955826	1024	537
ENSMUST00000058860	TCCGTACAGAGAGTAATGGAGGCCAGGTGACATACCGCGTAGTCCAGGT	30956244	30954802	1442	30955799	445	30955826	1024	27
ENSMUST00000058860	TCCGTACAGAGAGTAATGGAGGCCAGGTGACATACCGCGTAGTCCAGGT	30956244	30954802	1442	30955799	445	30955826	1024	27
ENSMUST00000058860	TCCGTACAGAGAGTAATGGAGGCCAGGTGACATACCGCGTAGTCCAGGT	30956244	30954802	1442	30956148	96	30955826	1024	-322
ENSMUST00000058860	TCCGTACAGAGAGTAATGGAGGCCAGGTGACATACCGCGTAGTCCAGGT	30956244	30955193	1051	30955799	445	30955826	633	27
ENSMUST00000058860	TCCGTACAGAGAGTAATGGAGGCCAGGTGACATACCGCGTAGTCCAGGT	30956244	30955440	804	30956148	96	30955826	386	-322
ENSMUST00000058860	TCCGTACAGAGAGTAATGGAGGCCAGGTGACATACCGCGTAGTCCAGGT	30956244	30955440	804	30956148	96	30955826	386	-322
ENSMUST00000058860	TCCGTACAGAGAGTAATGGAGGCCAGGTGACATACCGCGTAGTCCAGGT	30956244	30954802	1442	30956381	-137	30955826	1024	-555
ENSMUST00000058860	TCCGTACAGAGAGTAATGGAGGCCAGGTGACATACCGCGTAGTCCAGGT	30956244	30956267	-23	30956695	-451	30955826	-441	-869
ENSMUST00000058860	TCCGTACAGAGAGTAATGGAGGCCAGGTGACATACCGCGTAGTCCAGGT	30956244	30954802	1442	30956148	96	30955826	1024	-322
ENSMUST00000058860	TCCGTACAGAGAGTAATGGAGGCCAGGTGACATACCGCGTAGTCCAGGT	30956244	30954802	1442	30955289	955	30955826	1024	537
ENSMUST00000058860	TCCGTACAGAGAGTAATGGAGGCCAGGTGACATACCGCGTAGTCCAGGT	30956244	30954802	1442	30955799	445	30955826	1024	27
ENSMUST00000058860	TCCGTACAGAGAGTAATGGAGGCCAGGTGACATACCGCGTAGTCCAGGT	30956244	30954802	1442	30955799	445	30955826	1024	27
ENSMUST00000058860	TCCGTACAGAGAGTAATGGAGGCCAGGTGACATACCGCGTAGTCCAGGT	30956244	30954802	1442	30956148	96	30955826	1024	-322
ENSMUST00000058860	TCCGTACAGAGAGTAATGGAGGCCAGGTGACATACCGCGTAGTCCAGGT	30956244	30955193	1051	30955799	445	30955826	633	27
ENSMUST00000058860	TCCGTACAGAGAGTAATGGAGGCCAGGTGACATACCGCGTAGTCCAGGT	30956244	30955440	804	30956148	96	30955826	386	-322
ENSMUST00000058860	TCCGTACAGAGAGTAATGGAGGCCAGGTGACATACCGCGTAGTCCAGGT	30956244	30955440	804	30956148	96	30955826	386	-322
ENSMUST00000058860	TCCGTACAGAGAGTAATGGAGGCCAGGTGACATACCGCGTAGTCCAGGT	30956244	30954802	1442	30956381	-137	30955826	1024	-555
ENSMUST00000058860	TCCGTACAGAGAGTAATGGAGGCCAGGTGACATACCGCGTAGTCCAGGT	30956244	30956267	-23	30956695	-451	30955826	-441	-869
ENSMUST00000085169	TCCGTGTGCAAACGCACACGTATGTGTGTCTGCGTTATAAAATGACTGT	101923414	101936218	-12804	101971090	-47676	101923463	-12755	-47627
ENSMUST00000085169	TCCGTGTGCAAACGCACACGTATGTGTGTCTGCGTTATAAAATGACTGT	101923414	101971338	-47924	101995908	-72494	101923463	-47875	-72445
ENSMUST00000085169	TCCGTGTGCAAACGCACACGTATGTGTGTCTGCGTTATAAAATGACTGT	101923414	102041347	-117933	102194773	-271359	101923463	-117884	-271310
ENSMUST00000085169	TCCGTGTGCAAACGCACACGTATGTGTGTCTGCGTTATAAAATGACTGT	101923414	102067026	-143612	102223387	-299973	101923463	-143563	-299924
ENSMUST00000085169	TCCGTGTGCAAACGCACACGTATGTGTGTCTGCGTTATAAAATGACTGT	101923414	102195455	-272041	102354281	-430867	101923463	-271992	-430818
ENSMUST00000109443	CAGCATCAGGCCCACAGAAGTCTACCCACAAGCAAGGCCCTGGACTTCC	161522289	161534594	-12305	161551746	-29457	161522338	-12256	-29408
ENSMUST00000109443	CAGCATCAGGCCCACAGAAGTCTACCCACAAGCAAGGCCCTGGACTTCC	161522289	161558974	-36685	161564626	-42337	161522338	-36636	-42288
ENSMUST00000109443	CAGCATCAGGCCCACAGAAGTCTACCCACAAGCAAGGCCCTGGACTTCC	161522289	161560285	-37996	161564626	-42337	161522338	-37947	-42288
ENSMUST00000109443	CAGCATCAGGCCCACAGAAGTCTACCCACAAGCAAGGCCCTGGACTTCC	161522289	161575802	-53513	161656141	-133852	161522338	-53464	-133803
ENSMUST00000109443	CAGCATCAGGCCCACAGAAGTCTACCCACAAGCAAGGCCCTGGACTTCC	161522289	161587634	-65345	161656141	-133852	161522338	-65296	-133803
ENSMUST00000109443	CAGCATCAGGCCCACAGAAGTCTACCCACAAGCAAGGCCCTGGACTTCC	161522289	161656290	-134001	161697973	-175684	161522338	-133952	-175635
ENSMUST00000109443	CAGCATCAGGCCCACAGAAGTCTACCCACAAGCAAGGCCCTGGACTTCC	161522289	161656290	-134001	161732878	-210589	161522338	-133952	-210540
ENSMUST00000109443	CAGCATCAGGCCCACAGAAGTCTACCCACAAGCAAGGCCCTGGACTTCC	161522289	161698109	-175820	161732878	-210589	161522338	-175771	-210540
ENSMUST00000109443	CAGCATCAGGCCCACAGAAGTCTACCCACAAGCAAGGCCCTGGACTTCC	161522289	161901557	-379268	162135211	-612922	161522338	-379219	-612873
ENSMUST00000109443	CAGCATCAGGCCCACAGAAGTCTACCCACAAGCAAGGCCCTGGACTTCC	161522289	162238181	-715892	162267987	-745698	161522338	-715843	-745649
ENSMUST00000109443	CAGCATCAGGCCCACAGAAGTCTACCCACAAGCAAGGCCCTGGACTTCC	161522289	162253868	-731579	162278047	-755758	161522338	-731530	-755709
ENSMUST00000109443	CAGCATCAGGCCCACAGAAGTCTACCCACAAGCAAGGCCCTGGACTTCC	161522289	162268069	-745780	162362900	-840611	161522338	-745731	-840562
ENSMUST00000151288	CCAGTAGGGCTGAATGTGAACTCTCAGTGTGCCTCCTGCGTGCTTGTGT	73578479	73584549	-6070	73586018	-7539	73578528	-6021	-7490
ENSMUST00000151288	CCAGTAGGGCTGAATGTGAACTCTCAGTGTGCCTCCTGCGTGCTTGTGT	73578479	73587085	-8606	73589385	-10906	73578528	-8557	-10857
ENSMUST00000151288	CCAGTAGGGCTGAATGTGAACTCTCAGTGTGCCTCCTGCGTGCTTGTGT	73578479	73587085	-8606	73589385	-10906	73578528	-8557	-10857
ENSMUST00000033058	TGGCCATGCTATGATGATGTGACCTGCAGCCAGCCAGATGCCCTCACGA	110315182	110340074	-24892	110348854	-33672	110313985	-26089	-34869
ENSMUST00000033058	TGGCCATGCTATGATGATGTGACCTGCAGCCAGCCAGATGCCCTCACGA	110315182	110340074	-24892	110348854	-33672	110313985	-26089	-34869
ENSMUST00000033058	TGGCCATGCTATGATGATGTGACCTGCAGCCAGCCAGATGCCCTCACGA	110315182	110341364	-26182	110348854	-33672	110313985	-27379	-34869
ENSMUST00000033058	TGGCCATGCTATGATGATGTGACCTGCAGCCAGCCAGATGCCCTCACGA	110315182	110348995	-33813	110362039	-46857	110313985	-35010	-48054
ENSMUST00000033058	TGGCCATGCTATGATGATGTGACCTGCAGCCAGCCAGATGCCCTCACGA	110315182	110365897	-50715	110369391	-54209	110313985	-51912	-55406
ENSMUST00000033058	TGGCCATGCTATGATGATGTGACCTGCAGCCAGCCAGATGCCCTCACGA	110315182	110378134	-62952	110420791	-105609	110313985	-64149	-106806
ENSMUST00000033058	TGGCCATGCTATGATGATGTGACCTGCAGCCAGCCAGATGCCCTCACGA	110315182	110442367	-127185	110449894	-134712	110313985	-128382	-135909
ENSMUST00000033058	TGGCCATGCTATGATGATGTGACCTGCAGCCAGCCAGATGCCCTCACGA	110315182	110461242	-146060	110464587	-149405	110313985	-147257	-150602
ENSMUST00000033058	TGGCCATGCTATGATGATGTGACCTGCAGCCAGCCAGATGCCCTCACGA	110315182	110464707	-149525	110560257	-245075	110313985	-150722	-246272
ENSMUST00000163666	TTCCCTAACCTAGTCACCTCGTTCCTAAAGGCTTTCCTACCCCAGCCAA	69667359	69668753	-1394	69670614	-3255	69667408	-1345	-3206
ENSMUST00000163666	TTCCCTAACCTAGTCACCTCGTTCCTAAAGGCTTTCCTACCCCAGCCAA	69667359	69669246	-1887	69670614	-3255	69667408	-1838	-3206
ENSMUST00000163666	TTCCCTAACCTAGTCACCTCGTTCCTAAAGGCTTTCCTACCCCAGCCAA	69667359	69670747	-3388	69672278	-4919	69667408	-3339	-4870
ENSMUST00000163666	TTCCCTAACCTAGTCACCTCGTTCCTAAAGGCTTTCCTACCCCAGCCAA	69667359	69670747	-3388	69672278	-4919	69667408	-3339	-4870
ENSMUST00000029374	TTGCTGAGTGTGGCCCTGAGCCTATTCCATACCCAGATCCGGCACTGAA	55968284	55630339	337945	55642736	325548	55968333	337994	325597
ENSMUST00000029374	TTGCTGAGTGTGGCCCTGAGCCTATTCCATACCCAGATCCGGCACTGAA	55968284	55649767	318517	55665573	302711	55968333	318566	302760
ENSMUST00000029374	TTGCTGAGTGTGGCCCTGAGCCTATTCCATACCCAGATCCGGCACTGAA	55968284	55649767	318517	55680897	287387	55968333	318566	287436
ENSMUST00000029374	TTGCTGAGTGTGGCCCTGAGCCTATTCCATACCCAGATCCGGCACTGAA	55968284	55665741	302543	55690820	277464	55968333	302592	277513
ENSMUST00000029374	TTGCTGAGTGTGGCCCTGAGCCTATTCCATACCCAGATCCGGCACTGAA	55968284	55665741	302543	55710626	257658	55968333	302592	257707
ENSMUST00000029374	TTGCTGAGTGTGGCCCTGAGCCTATTCCATACCCAGATCCGGCACTGAA	55968284	55690940	277344	55710626	257658	55968333	277393	257707
ENSMUST00000029374	TTGCTGAGTGTGGCCCTGAGCCTATTCCATACCCAGATCCGGCACTGAA	55968284	55786577	181707	55819282	149002	55968333	181756	149051
ENSMUST00000029374	TTGCTGAGTGTGGCCCTGAGCCTATTCCATACCCAGATCCGGCACTGAA	55968284	55786577	181707	55934512	33772	55968333	181756	33821
ENSMUST00000029374	TTGCTGAGTGTGGCCCTGAGCCTATTCCATACCCAGATCCGGCACTGAA	55968284	55805380	162904	55853770	114514	55968333	162953	114563
ENSMUST00000029374	TTGCTGAGTGTGGCCCTGAGCCTATTCCATACCCAGATCCGGCACTGAA	55968284	55873783	94501	55934512	33772	55968333	94550	33821
ENSMUST00000029374	TTGCTGAGTGTGGCCCTGAGCCTATTCCATACCCAGATCCGGCACTGAA	55968284	55891674	76610	55953035	15249	55968333	76659	15298
ENSMUST00000029374	TTGCTGAGTGTGGCCCTGAGCCTATTCCATACCCAGATCCGGCACTGAA	55968284	55891674	76610	55967911	373	55968333	76659	422
ENSMUST00000029374	TTGCTGAGTGTGGCCCTGAGCCTATTCCATACCCAGATCCGGCACTGAA	55968284	55891674	76610	55955338	12946	55968333	76659	12995
ENSMUST00000029374	TTGCTGAGTGTGGCCCTGAGCCTATTCCATACCCAGATCCGGCACTGAA	55968284	55891674	76610	55967911	373	55968333	76659	422
ENSMUST00000029374	TTGCTGAGTGTGGCCCTGAGCCTATTCCATACCCAGATCCGGCACTGAA	55968284	55992514	-24230	56000486	-32202	55968333	-24181	-32153
ENSMUST00000029374	TTGCTGAGTGTGGCCCTGAGCCTATTCCATACCCAGATCCGGCACTGAA	55968284	56019474	-51190	56031452	-63168	55968333	-51141	-63119
ENSMUST00000029374	TTGCTGAGTGTGGCCCTGAGCCTATTCCATACCCAGATCCGGCACTGAA	55968284	56031550	-63266	56032490	-64206	55968333	-63217	-64157
ENSMUST00000029374	TTGCTGAGTGTGGCCCTGAGCCTATTCCATACCCAGATCCGGCACTGAA	55968284	56036049	-67765	56040853	-72569	55968333	-67716	-72520
ENSMUST00000029374	TTGCTGAGTGTGGCCCTGAGCCTATTCCATACCCAGATCCGGCACTGAA	55968284	56040962	-72678	56079858	-111574	55968333	-72629	-111525
ENSMUST00000029374	TTGCTGAGTGTGGCCCTGAGCCTATTCCATACCCAGATCCGGCACTGAA	55968284	56058083	-89799	56079858	-111574	55968333	-89750	-111525
ENSMUST00000029374	TTGCTGAGTGTGGCCCTGAGCCTATTCCATACCCAGATCCGGCACTGAA	55968284	56058830	-90546	56082371	-114087	55968333	-90497	-114038
ENSMUST00000029374	TTGCTGAGTGTGGCCCTGAGCCTATTCCATACCCAGATCCGGCACTGAA	55968284	56058830	-90546	56085241	-116957	55968333	-90497	-116908
ENSMUST00000029374	TTGCTGAGTGTGGCCCTGAGCCTATTCCATACCCAGATCCGGCACTGAA	55968284	56087070	-118786	56090888	-122604	55968333	-118737	-122555
ENSMUST00000056484	CTACCAGTCCCCCGTCTACTTTTACACTTTCTACCACCACTGCCAGGCA	69827130	69826079	1051	69827715	-585	69827179	1100	-536
ENSMUST00000056484	CTACCAGTCCCCCGTCTACTTTTACACTTTCTACCACCACTGCCAGGCA	69827130	69828514	-1384	69833981	-6851	69827179	-1335	-6802
ENSMUST00000107132	TCCCTTGACCAGCTTCAGTTCCTCTCAGTGCTCTCGCCTCTAAAGCCTG	102290412	102292207	-1795	102292704	-2292	102290461	-1746	-2243
ENSMUST00000107132	TCCCTTGACCAGCTTCAGTTCCTCTCAGTGCTCTCGCCTCTAAAGCCTG	102290412	102293095	-2683	102293645	-3233	102290461	-2634	-3184
ENSMUST00000107132	TCCCTTGACCAGCTTCAGTTCCTCTCAGTGCTCTCGCCTCTAAAGCCTG	102290412	102293152	-2740	102293645	-3233	102290461	-2691	-3184
ENSMUST00000107132	TCCCTTGACCAGCTTCAGTTCCTCTCAGTGCTCTCGCCTCTAAAGCCTG	102290412	102293095	-2683	102293645	-3233	102290461	-2634	-3184
ENSMUST00000107132	TCCCTTGACCAGCTTCAGTTCCTCTCAGTGCTCTCGCCTCTAAAGCCTG	102290412	102293095	-2683	102293843	-3431	102290461	-2634	-3382
ENSMUST00000176652	ACAGGCCTGTGCGCTGCCCCAACAACCCCAGCTGCCCACCCCTTCTCAA	24512981	24510075	2906	24510455	2526	24513030	2955	2575
ENSMUST00000176652	ACAGGCCTGTGCGCTGCCCCAACAACCCCAGCTGCCCACCCCTTCTCAA	24512981	24510572	2409	24511571	1410	24513030	2458	1459
ENSMUST00000176652	ACAGGCCTGTGCGCTGCCCCAACAACCCCAGCTGCCCACCCCTTCTCAA	24512981	24510698	2283	24511571	1410	24513030	2332	1459
ENSMUST00000176652	ACAGGCCTGTGCGCTGCCCCAACAACCCCAGCTGCCCACCCCTTCTCAA	24512981	24513084	-103	24513898	-917	24513030	-54	-868
ENSMUST00000176652	ACAGGCCTGTGCGCTGCCCCAACAACCCCAGCTGCCCACCCCTTCTCAA	24512981	24513932	-951	24516504	-3523	24513030	-902	-3474
ENSMUST00000176652	ACAGGCCTGTGCGCTGCCCCAACAACCCCAGCTGCCCACCCCTTCTCAA	24512981	24514217	-1236	24516504	-3523	24513030	-1187	-3474
ENSMUST00000176652	ACAGGCCTGTGCGCTGCCCCAACAACCCCAGCTGCCCACCCCTTCTCAA	24512981	24514217	-1236	24516504	-3523	24513030	-1187	-3474
ENSMUST00000176652	ACAGGCCTGTGCGCTGCCCCAACAACCCCAGCTGCCCACCCCTTCTCAA	24512981	24514829	-1848	24518741	-5760	24513030	-1799	-5711
ENSMUST00000176652	ACAGGCCTGTGCGCTGCCCCAACAACCCCAGCTGCCCACCCCTTCTCAA	24512981	24514866	-1885	24518741	-5760	24513030	-1836	-5711
ENSMUST00000176652	ACAGGCCTGTGCGCTGCCCCAACAACCCCAGCTGCCCACCCCTTCTCAA	24512981	24514829	-1848	24518741	-5760	24513030	-1799	-5711
ENSMUST00000176652	ACAGGCCTGTGCGCTGCCCCAACAACCCCAGCTGCCCACCCCTTCTCAA	24512981	24514866	-1885	24518741	-5760	24513030	-1836	-5711
ENSMUST00000174598	CCATTTTCCCGGCTTTCTGGTTCTCCAGTCTTTCCTCCCTAAGCACACG	101900107	101844659	55448	101847102	53005	101900156	55497	53054
ENSMUST00000174598	CCATTTTCCCGGCTTTCTGGTTCTCCAGTCTTTCCTCCCTAAGCACACG	101900107	101855896	44211	101860417	39690	101900156	44260	39739
ENSMUST00000174598	CCATTTTCCCGGCTTTCTGGTTCTCCAGTCTTTCCTCCCTAAGCACACG	101900107	101876009	24098	101882422	17685	101900156	24147	17734
ENSMUST00000174598	CCATTTTCCCGGCTTTCTGGTTCTCCAGTCTTTCCTCCCTAAGCACACG	101900107	101882650	17457	101884042	16065	101900156	17506	16114
ENSMUST00000174598	CCATTTTCCCGGCTTTCTGGTTCTCCAGTCTTTCCTCCCTAAGCACACG	101900107	101895144	4963	101898426	1681	101900156	5012	1730
ENSMUST00000174598	CCATTTTCCCGGCTTTCTGGTTCTCCAGTCTTTCCTCCCTAAGCACACG	101900107	101931005	-30898	101937281	-37174	101900156	-30849	-37125
ENSMUST00000174598	CCATTTTCCCGGCTTTCTGGTTCTCCAGTCTTTCCTCCCTAAGCACACG	101900107	101968992	-68885	102009788	-109681	101900156	-68836	-109632
ENSMUST00000174598	CCATTTTCCCGGCTTTCTGGTTCTCCAGTCTTTCCTCCCTAAGCACACG	101900107	101981589	-81482	102041654	-141547	101900156	-81433	-141498
ENSMUST00000199321	TTACTTTGATAACTGTCCTCTCTTAACTATTCCTGGCCGAACACATCCT	52169969	52161736	8233	52166700	3269	52170018	8282	3318
ENSMUST00000199321	TTACTTTGATAACTGTCCTCTCTTAACTATTCCTGGCCGAACACATCCT	52169969	52181175	-11206	52190279	-20310	52170018	-11157	-20261
ENSMUST00000184666	CAGCTGTGTCTGGGGCCATCCGACTAAAAATCAATGTGGAGATAAAGGG	73694900	73639185	55715	73667557	27343	73694949	55764	27392
ENSMUST00000184666	CAGCTGTGTCTGGGGCCATCCGACTAAAAATCAATGTGGAGATAAAGGG	73694900	73667647	27253	73680336	14564	73694949	27302	14613
ENSMUST00000184666	CAGCTGTGTCTGGGGCCATCCGACTAAAAATCAATGTGGAGATAAAGGG	73694900	73694986	-86	73930596	-235696	73694949	-37	-235647
ENSMUST00000184666	CAGCTGTGTCTGGGGCCATCCGACTAAAAATCAATGTGGAGATAAAGGG	73694900	73756406	-61506	73758598	-63698	73694949	-61457	-63649
ENSMUST00000184666	CAGCTGTGTCTGGGGCCATCCGACTAAAAATCAATGTGGAGATAAAGGG	73694900	73639185	55715	73667557	27343	73694949	55764	27392
ENSMUST00000184666	CAGCTGTGTCTGGGGCCATCCGACTAAAAATCAATGTGGAGATAAAGGG	73694900	73667647	27253	73680336	14564	73694949	27302	14613
ENSMUST00000184666	CAGCTGTGTCTGGGGCCATCCGACTAAAAATCAATGTGGAGATAAAGGG	73694900	73694986	-86	73930596	-235696	73694949	-37	-235647
ENSMUST00000184666	CAGCTGTGTCTGGGGCCATCCGACTAAAAATCAATGTGGAGATAAAGGG	73694900	73756406	-61506	73758598	-63698	73694949	-61457	-63649
ENSMUST00000133154	TCCCTGCTGATTTTTGTATCATGCATCTGGAAGACAGACTGCAGGAGAT	79462131	79506278	-44147	79508086	-45955	79462180	-44098	-45906
ENSMUST00000133154	TCCCTGCTGATTTTTGTATCATGCATCTGGAAGACAGACTGCAGGAGAT	79462131	79506278	-44147	79512330	-50199	79462180	-44098	-50150
ENSMUST00000133154	TCCCTGCTGATTTTTGTATCATGCATCTGGAAGACAGACTGCAGGAGAT	79462131	79512402	-50271	79515102	-52971	79462180	-50222	-52922
ENSMUST00000133154	TCCCTGCTGATTTTTGTATCATGCATCTGGAAGACAGACTGCAGGAGAT	79462131	79512598	-50467	79518064	-55933	79462180	-50418	-55884
ENSMUST00000167004	TTGTCAACCTCCTGGGTATCTCCCTGACCGTCCTCTTCACCCTGCTGCTT	23191560	23182963	8597	23190715	845	23191610	8647	895
ENSMUST00000167004	TTGTCAACCTCCTGGGTATCTCCCTGACCGTCCTCTTCACCCTGCTGCTT	23191560	23184598	6962	23208298	-16738	23191610	7012	-16688
ENSMUST00000042744	GTACATTGGAGGCAAATATCAGTGCCATGACATCGACGAGTGCTCTCTTG	132906806	132891488	15318	132948046	-41240	132906374	14886	-41672
ENSMUST00000042744	GTACATTGGAGGCAAATATCAGTGCCATGACATCGACGAGTGCTCTCTTG	132906806	132905053	1753	132906694	112	132906374	1321	-320
ENSMUST00000042744	GTACATTGGAGGCAAATATCAGTGCCATGACATCGACGAGTGCTCTCTTG	132906806	132905053	1753	132948046	-41240	132906374	1321	-41672
ENSMUST00000042744	GTACATTGGAGGCAAATATCAGTGCCATGACATCGACGAGTGCTCTCTTG	132906806	132908462	-1656	132917460	-10654	132906374	-2088	-11086
ENSMUST00000042744	GTACATTGGAGGCAAATATCAGTGCCATGACATCGACGAGTGCTCTCTTG	132906806	132910015	-3209	132917460	-10654	132906374	-3641	-11086
ENSMUST00000042744	GTACATTGGAGGCAAATATCAGTGCCATGACATCGACGAGTGCTCTCTTG	132906806	132891488	15318	132948046	-41240	132906374	14886	-41672
ENSMUST00000042744	GTACATTGGAGGCAAATATCAGTGCCATGACATCGACGAGTGCTCTCTTG	132906806	132906469	337	132948046	-41240	132906374	-95	-41672
ENSMUST00000042744	GTACATTGGAGGCAAATATCAGTGCCATGACATCGACGAGTGCTCTCTTG	132906806	132910015	-3209	132948046	-41240	132906374	-3641	-41672
ENSMUST00000042744	GTACATTGGAGGCAAATATCAGTGCCATGACATCGACGAGTGCTCTCTTG	132906806	132917553	-10747	132948046	-41240	132906374	-11179	-41672
ENSMUST00000055808	CCCGCGGTCGCAGCTCGTGCCGCCTCCTTCTCCTCCTCGTCTCAGTAGCT	135934343	135930949	3394	135934322	21	135934393	3444	71
ENSMUST00000027186	TCCTTTACATCAAAAATGAGACTTTCTTATTTGGGGACTTTGAGGCACTG	58901673	58904182	-2509	58908522	-6849	58901723	-2459	-6799
ENSMUST00000027186	TCCTTTACATCAAAAATGAGACTTTCTTATTTGGGGACTTTGAGGCACTG	58901673	58915823	-14150	58919220	-17547	58901723	-14100	-17497
ENSMUST00000027186	TCCTTTACATCAAAAATGAGACTTTCTTATTTGGGGACTTTGAGGCACTG	58901673	58923638	-21965	58935745	-34072	58901723	-21915	-34022
ENSMUST00000027186	TCCTTTACATCAAAAATGAGACTTTCTTATTTGGGGACTTTGAGGCACTG	58901673	58926727	-25054	58946246	-44573	58901723	-25004	-44523
ENSMUST00000027186	TCCTTTACATCAAAAATGAGACTTTCTTATTTGGGGACTTTGAGGCACTG	58901673	58904182	-2509	58908522	-6849	58901723	-2459	-6799
ENSMUST00000027186	TCCTTTACATCAAAAATGAGACTTTCTTATTTGGGGACTTTGAGGCACTG	58901673	58915823	-14150	58919220	-17547	58901723	-14100	-17497
ENSMUST00000027186	TCCTTTACATCAAAAATGAGACTTTCTTATTTGGGGACTTTGAGGCACTG	58901673	58923638	-21965	58935745	-34072	58901723	-21915	-34022
ENSMUST00000027186	TCCTTTACATCAAAAATGAGACTTTCTTATTTGGGGACTTTGAGGCACTG	58901673	58926727	-25054	58946246	-44573	58901723	-25004	-44523
ENSMUST00000064297	TATCCATCCACAGGACCGCAGACTAACCATTTTCCTCATGTAGCTCCACC	51743863	51695241	48622	51700813	43050	51743913	48672	43100
ENSMUST00000064297	TATCCATCCACAGGACCGCAGACTAACCATTTTCCTCATGTAGCTCCACC	51743863	51701262	42601	51707127	36736	51743913	42651	36786
ENSMUST00000064297	TATCCATCCACAGGACCGCAGACTAACCATTTTCCTCATGTAGCTCCACC	51743863	51707303	36560	51712188	31675	51743913	36610	31725
ENSMUST00000064297	TATCCATCCACAGGACCGCAGACTAACCATTTTCCTCATGTAGCTCCACC	51743863	51726594	17269	51731802	12061	51743913	17319	12111
ENSMUST00000064297	TATCCATCCACAGGACCGCAGACTAACCATTTTCCTCATGTAGCTCCACC	51743863	51726594	17269	51731802	12061	51743913	17319	12111
ENSMUST00000064297	TATCCATCCACAGGACCGCAGACTAACCATTTTCCTCATGTAGCTCCACC	51743863	51733927	9936	51743535	328	51743913	9986	378
ENSMUST00000064297	TATCCATCCACAGGACCGCAGACTAACCATTTTCCTCATGTAGCTCCACC	51743863	51734661	9202	51743535	328	51743913	9252	378
ENSMUST00000021001	CCCGAGCCGCTCCTCCCAATGGCGAAGAAGACGTACGACCTGCTTTTCAA	3309825	3253358	56467	3264688	45137	3309875	56517	45187
ENSMUST00000021001	CCCGAGCCGCTCCTCCCAATGGCGAAGAAGACGTACGACCTGCTTTTCAA	3309825	3253358	56467	3309291	534	3309875	56517	584
ENSMUST00000021001	CCCGAGCCGCTCCTCCCAATGGCGAAGAAGACGTACGACCTGCTTTTCAA	3309825	3253358	56467	3309291	534	3309875	56517	584
ENSMUST00000021001	CCCGAGCCGCTCCTCCCAATGGCGAAGAAGACGTACGACCTGCTTTTCAA	3309825	3257005	52820	3309291	534	3309875	52870	584
ENSMUST00000097713	AGTCAGCTCTGATGGGAGAGGAGTTCTTTCCAGGGCTGCCTGTTCCCAAA	64792406	64795214	-2808	64861186	-68780	64792456	-2758	-68730
ENSMUST00000097713	AGTCAGCTCTGATGGGAGAGGAGTTCTTTCCAGGGCTGCCTGTTCCCAAA	64792406	64861250	-68844	64892751	-100345	64792456	-68794	-100295
ENSMUST00000097713	AGTCAGCTCTGATGGGAGAGGAGTTCTTTCCAGGGCTGCCTGTTCCCAAA	64792406	64892897	-100491	64956694	-164288	64792456	-100441	-164238
ENSMUST00000097713	AGTCAGCTCTGATGGGAGAGGAGTTCTTTCCAGGGCTGCCTGTTCCCAAA	64792406	64922482	-130076	64956694	-164288	64792456	-130026	-164238
ENSMUST00000154230	GTGAGTTCCCCGTGTTTCCCACCACCCTGACTTCAGACCGGCTGTTCCGA	20848655	20853069	-4414	20854934	-6279	20848705	-4364	-6229
ENSMUST00000154230	GTGAGTTCCCCGTGTTTCCCACCACCCTGACTTCAGACCGGCTGTTCCGA	20848655	20853069	-4414	20854934	-6279	20848705	-4364	-6229
ENSMUST00000154230	GTGAGTTCCCCGTGTTTCCCACCACCCTGACTTCAGACCGGCTGTTCCGA	20848655	20853069	-4414	20854934	-6279	20848705	-4364	-6229
ENSMUST00000154230	GTGAGTTCCCCGTGTTTCCCACCACCCTGACTTCAGACCGGCTGTTCCGA	20848655	20853069	-4414	20855353	-6698	20848705	-4364	-6648
ENSMUST00000154230	GTGAGTTCCCCGTGTTTCCCACCACCCTGACTTCAGACCGGCTGTTCCGA	20848655	20855040	-6385	20855580	-6925	20848705	-6335	-6875
ENSMUST00000154230	GTGAGTTCCCCGTGTTTCCCACCACCCTGACTTCAGACCGGCTGTTCCGA	20848655	20860036	-11381	20860970	-12315	20848705	-11331	-12265
ENSMUST00000154230	GTGAGTTCCCCGTGTTTCCCACCACCCTGACTTCAGACCGGCTGTTCCGA	20848655	20881851	-33196	20887105	-38450	20848705	-33146	-38400
ENSMUST00000154230	GTGAGTTCCCCGTGTTTCCCACCACCCTGACTTCAGACCGGCTGTTCCGA	20848655	20889953	-41298	20912276	-63621	20848705	-41248	-63571
ENSMUST00000154230	GTGAGTTCCCCGTGTTTCCCACCACCCTGACTTCAGACCGGCTGTTCCGA	20848655	20892177	-43522	20914631	-65976	20848705	-43472	-65926
ENSMUST00000154230	GTGAGTTCCCCGTGTTTCCCACCACCCTGACTTCAGACCGGCTGTTCCGA	20848655	20892177	-43522	20967329	-118674	20848705	-43472	-118624
ENSMUST00000154230	GTGAGTTCCCCGTGTTTCCCACCACCCTGACTTCAGACCGGCTGTTCCGA	20848655	20853069	-4414	20854934	-6279	20848705	-4364	-6229
ENSMUST00000154230	GTGAGTTCCCCGTGTTTCCCACCACCCTGACTTCAGACCGGCTGTTCCGA	20848655	20853069	-4414	20854934	-6279	20848705	-4364	-6229
ENSMUST00000154230	GTGAGTTCCCCGTGTTTCCCACCACCCTGACTTCAGACCGGCTGTTCCGA	20848655	20853069	-4414	20854934	-6279	20848705	-4364	-6229
ENSMUST00000154230	GTGAGTTCCCCGTGTTTCCCACCACCCTGACTTCAGACCGGCTGTTCCGA	20848655	20853069	-4414	20855353	-6698	20848705	-4364	-6648
ENSMUST00000154230	GTGAGTTCCCCGTGTTTCCCACCACCCTGACTTCAGACCGGCTGTTCCGA	20848655	20855040	-6385	20855580	-6925	20848705	-6335	-6875
ENSMUST00000154230	GTGAGTTCCCCGTGTTTCCCACCACCCTGACTTCAGACCGGCTGTTCCGA	20848655	20860036	-11381	20860970	-12315	20848705	-11331	-12265
ENSMUST00000154230	GTGAGTTCCCCGTGTTTCCCACCACCCTGACTTCAGACCGGCTGTTCCGA	20848655	20881851	-33196	20887105	-38450	20848705	-33146	-38400
ENSMUST00000154230	GTGAGTTCCCCGTGTTTCCCACCACCCTGACTTCAGACCGGCTGTTCCGA	20848655	20889953	-41298	20912276	-63621	20848705	-41248	-63571
ENSMUST00000154230	GTGAGTTCCCCGTGTTTCCCACCACCCTGACTTCAGACCGGCTGTTCCGA	20848655	20892177	-43522	20914631	-65976	20848705	-43472	-65926
ENSMUST00000154230	GTGAGTTCCCCGTGTTTCCCACCACCCTGACTTCAGACCGGCTGTTCCGA	20848655	20892177	-43522	20967329	-118674	20848705	-43472	-118624
ENSMUST00000047889	AGCAGCTGTATATCTGACTGGAGTCTCCCTGCCTCGCTCCCGCGCGCATTT	69605583	69601623	3960	69602424	3159	69605634	4011	3210
ENSMUST00000047889	AGCAGCTGTATATCTGACTGGAGTCTCCCTGCCTCGCTCCCGCGCGCATTT	69605583	69601623	3960	69602424	3159	69605634	4011	3210
ENSMUST00000047889	AGCAGCTGTATATCTGACTGGAGTCTCCCTGCCTCGCTCCCGCGCGCATTT	69605583	69601944	3639	69602424	3159	69605634	3690	3210
ENSMUST00000047889	AGCAGCTGTATATCTGACTGGAGTCTCCCTGCCTCGCTCCCGCGCGCATTT	69605583	69602905	2678	69603424	2159	69605634	2729	2210
ENSMUST00000053880	GATATTCCCAACATGCGCTCTCCCTTAATCTGTCCGCCTAGAGCTTTGGCT	136171820	135739146	432674	135772192	399628	136171871	432725	399679
ENSMUST00000053880	GATATTCCCAACATGCGCTCTCCCTTAATCTGTCCGCCTAGAGCTTTGGCT	136171820	135843202	328618	136171415	405	136171871	328669	456
ENSMUST00000053880	GATATTCCCAACATGCGCTCTCCCTTAATCTGTCCGCCTAGAGCTTTGGCT	136171820	135923470	248350	136171415	405	136171871	248401	456
ENSMUST00000053880	GATATTCCCAACATGCGCTCTCCCTTAATCTGTCCGCCTAGAGCTTTGGCT	136171820	136171882	-62	136173472	-1652	136171871	-11	-1601
ENSMUST00000053880	GATATTCCCAACATGCGCTCTCCCTTAATCTGTCCGCCTAGAGCTTTGGCT	136171820	136171882	-62	136173472	-1652	136171871	-11	-1601
ENSMUST00000053880	GATATTCCCAACATGCGCTCTCCCTTAATCTGTCCGCCTAGAGCTTTGGCT	136171820	135739146	432674	135772192	399628	136171871	432725	399679
ENSMUST00000053880	GATATTCCCAACATGCGCTCTCCCTTAATCTGTCCGCCTAGAGCTTTGGCT	136171820	135843202	328618	136171415	405	136171871	328669	456
ENSMUST00000053880	GATATTCCCAACATGCGCTCTCCCTTAATCTGTCCGCCTAGAGCTTTGGCT	136171820	135923470	248350	136171415	405	136171871	248401	456
ENSMUST00000053880	GATATTCCCAACATGCGCTCTCCCTTAATCTGTCCGCCTAGAGCTTTGGCT	136171820	136171882	-62	136173472	-1652	136171871	-11	-1601
ENSMUST00000053880	GATATTCCCAACATGCGCTCTCCCTTAATCTGTCCGCCTAGAGCTTTGGCT	136171820	136171882	-62	136173472	-1652	136171871	-11	-1601
ENSMUST00000092404	TTCCTGTTTTCTCCTGATTGCTCCTGTGTAAAGATGCCTTGTCGTGCAGAA	116850586	116850961	-375	116852020	-1434	116850637	-324	-1383
ENSMUST00000177374	CTGACCCTCCCAGCCCACTACCTCACGGGCCCCCAAACAAAGGCGCAATTC	64111045	64094508	16537	64102402	8643	64102423	7915	21
ENSMUST00000177374	CTGACCCTCCCAGCCCACTACCTCACGGGCCCCCAAACAAAGGCGCAATTC	64111045	64094508	16537	64110905	140	64102423	7915	-8482
ENSMUST00000177374	CTGACCCTCCCAGCCCACTACCTCACGGGCCCCCAAACAAAGGCGCAATTC	64111045	64094508	16537	64119957	-8912	64102423	7915	-17534
ENSMUST00000177374	CTGACCCTCCCAGCCCACTACCTCACGGGCCCCCAAACAAAGGCGCAATTC	64111045	64094508	16537	64119957	-8912	64102423	7915	-17534
ENSMUST00000177374	CTGACCCTCCCAGCCCACTACCTCACGGGCCCCCAAACAAAGGCGCAATTC	64111045	64102472	8573	64119957	-8912	64102423	-49	-17534
ENSMUST00000177374	CTGACCCTCCCAGCCCACTACCTCACGGGCCCCCAAACAAAGGCGCAATTC	64111045	64152930	-41885	64158881	-47836	64102423	-50507	-56458
ENSMUST00000177374	CTGACCCTCCCAGCCCACTACCTCACGGGCCCCCAAACAAAGGCGCAATTC	64111045	64152930	-41885	64158917	-47872	64102423	-50507	-56494
ENSMUST00000177374	CTGACCCTCCCAGCCCACTACCTCACGGGCCCCCAAACAAAGGCGCAATTC	64111045	64208556	-97511	64349827	-238782	64102423	-106133	-247404
ENSMUST00000177374	CTGACCCTCCCAGCCCACTACCTCACGGGCCCCCAAACAAAGGCGCAATTC	64111045	64312475	-201430	64382716	-271671	64102423	-210052	-280293
ENSMUST00000061611	ACAGTGTCACCAGTAGACTGGCAAAACAAAATGGAGTGCCCAGTGCTGAGC	190773389	190702732	70657	190717131	56258	190773440	70708	56309
ENSMUST00000061611	ACAGTGTCACCAGTAGACTGGCAAAACAAAATGGAGTGCCCAGTGCTGAGC	190773389	190773703	-314	190783563	-10174	190773440	-263	-10123
ENSMUST00000061611	ACAGTGTCACCAGTAGACTGGCAAAACAAAATGGAGTGCCCAGTGCTGAGC	190773389	190773703	-314	190798651	-25262	190773440	-263	-25211
ENSMUST00000061611	ACAGTGTCACCAGTAGACTGGCAAAACAAAATGGAGTGCCCAGTGCTGAGC	190773389	190783646	-10257	190799012	-25623	190773440	-10206	-25572
ENSMUST00000061611	ACAGTGTCACCAGTAGACTGGCAAAACAAAATGGAGTGCCCAGTGCTGAGC	190773389	190783646	-10257	190834005	-60616	190773440	-10206	-60565
ENSMUST00000061611	ACAGTGTCACCAGTAGACTGGCAAAACAAAATGGAGTGCCCAGTGCTGAGC	190773389	190783646	-10257	190844486	-71097	190773440	-10206	-71046
ENSMUST00000061611	ACAGTGTCACCAGTAGACTGGCAAAACAAAATGGAGTGCCCAGTGCTGAGC	190773389	190783646	-10257	190844486	-71097	190773440	-10206	-71046
ENSMUST00000061611	ACAGTGTCACCAGTAGACTGGCAAAACAAAATGGAGTGCCCAGTGCTGAGC	190773389	190810121	-36732	190844486	-71097	190773440	-36681	-71046
ENSMUST00000061611	ACAGTGTCACCAGTAGACTGGCAAAACAAAATGGAGTGCCCAGTGCTGAGC	190773389	190810121	-36732	190871591	-98202	190773440	-36681	-98151
ENSMUST00000061611	ACAGTGTCACCAGTAGACTGGCAAAACAAAATGGAGTGCCCAGTGCTGAGC	190773389	190834098	-60709	190871591	-98202	190773440	-60658	-98151
ENSMUST00000061611	ACAGTGTCACCAGTAGACTGGCAAAACAAAATGGAGTGCCCAGTGCTGAGC	190773389	190844602	-71213	190885333	-111944	190773440	-71162	-111893
ENSMUST00000061611	ACAGTGTCACCAGTAGACTGGCAAAACAAAATGGAGTGCCCAGTGCTGAGC	190773389	190844602	-71213	190899450	-126061	190773440	-71162	-126010
ENSMUST00000061611	ACAGTGTCACCAGTAGACTGGCAAAACAAAATGGAGTGCCCAGTGCTGAGC	190773389	190844602	-71213	190911555	-138166	190773440	-71162	-138115
ENSMUST00000061611	ACAGTGTCACCAGTAGACTGGCAAAACAAAATGGAGTGCCCAGTGCTGAGC	190773389	190844602	-71213	190899450	-126061	190773440	-71162	-126010
ENSMUST00000061611	ACAGTGTCACCAGTAGACTGGCAAAACAAAATGGAGTGCCCAGTGCTGAGC	190773389	190871951	-98562	190899450	-126061	190773440	-98511	-126010
ENSMUST00000061611	ACAGTGTCACCAGTAGACTGGCAAAACAAAATGGAGTGCCCAGTGCTGAGC	190773389	190885427	-112038	190899450	-126061	190773440	-111987	-126010
ENSMUST00000061611	ACAGTGTCACCAGTAGACTGGCAAAACAAAATGGAGTGCCCAGTGCTGAGC	190773389	190844602	-71213	190911555	-138166	190773440	-71162	-138115
ENSMUST00000061611	ACAGTGTCACCAGTAGACTGGCAAAACAAAATGGAGTGCCCAGTGCTGAGC	190773389	190871951	-98562	190911555	-138166	190773440	-98511	-138115
ENSMUST00000061611	ACAGTGTCACCAGTAGACTGGCAAAACAAAATGGAGTGCCCAGTGCTGAGC	190773389	190899571	-126182	190911555	-138166	190773440	-126131	-138115
ENSMUST00000061611	ACAGTGTCACCAGTAGACTGGCAAAACAAAATGGAGTGCCCAGTGCTGAGC	190773389	190899571	-126182	190911555	-138166	190773440	-126131	-138115
ENSMUST00000159855	ATGACCAGCATTCCTAAGGAAGAACTCCCACACTGTCCTGCAGGTCCCAAA	103113452	103114235	-783	103120505	-7053	103113503	-732	-7002
ENSMUST00000159855	ATGACCAGCATTCCTAAGGAAGAACTCCCACACTGTCCTGCAGGTCCCAAA	103113452	103117220	-3768	103120505	-7053	103113503	-3717	-7002
ENSMUST00000159855	ATGACCAGCATTCCTAAGGAAGAACTCCCACACTGTCCTGCAGGTCCCAAA	103113452	103136639	-23187	103139236	-25784	103113503	-23136	-25733
ENSMUST00000159855	ATGACCAGCATTCCTAAGGAAGAACTCCCACACTGTCCTGCAGGTCCCAAA	103113452	103136639	-23187	103139236	-25784	103113503	-23136	-25733
ENSMUST00000159855	ATGACCAGCATTCCTAAGGAAGAACTCCCACACTGTCCTGCAGGTCCCAAA	103113452	103138818	-25366	103142743	-29291	103113503	-25315	-29240
ENSMUST00000159855	ATGACCAGCATTCCTAAGGAAGAACTCCCACACTGTCCTGCAGGTCCCAAA	103113452	103139476	-26024	103142743	-29291	103113503	-25973	-29240
ENSMUST00000159855	ATGACCAGCATTCCTAAGGAAGAACTCCCACACTGTCCTGCAGGTCCCAAA	103113452	103148665	-35213	103153925	-40473	103113503	-35162	-40422
ENSMUST00000159855	ATGACCAGCATTCCTAAGGAAGAACTCCCACACTGTCCTGCAGGTCCCAAA	103113452	103154170	-40718	103155123	-41671	103113503	-40667	-41620
ENSMUST00000159855	ATGACCAGCATTCCTAAGGAAGAACTCCCACACTGTCCTGCAGGTCCCAAA	103113452	103156767	-43315	103172566	-59114	103113503	-43264	-59063
ENSMUST00000159855	ATGACCAGCATTCCTAAGGAAGAACTCCCACACTGTCCTGCAGGTCCCAAA	103113452	103173919	-60467	103182353	-68901	103113503	-60416	-68850
ENSMUST00000159855	ATGACCAGCATTCCTAAGGAAGAACTCCCACACTGTCCTGCAGGTCCCAAA	103113452	103174990	-61538	103182353	-68901	103113503	-61487	-68850
ENSMUST00000159855	ATGACCAGCATTCCTAAGGAAGAACTCCCACACTGTCCTGCAGGTCCCAAA	103113452	103177330	-63878	103184831	-71379	103113503	-63827	-71328
ENSMUST00000159855	ATGACCAGCATTCCTAAGGAAGAACTCCCACACTGTCCTGCAGGTCCCAAA	103113452	103182494	-69042	103185583	-72131	103113503	-68991	-72080
ENSMUST00000159855	ATGACCAGCATTCCTAAGGAAGAACTCCCACACTGTCCTGCAGGTCCCAAA	103113452	103185681	-72229	103191566	-78114	103113503	-72178	-78063
ENSMUST00000159855	ATGACCAGCATTCCTAAGGAAGAACTCCCACACTGTCCTGCAGGTCCCAAA	103113452	103201437	-87985	103206635	-93183	103113503	-87934	-93132
ENSMUST00000159855	ATGACCAGCATTCCTAAGGAAGAACTCCCACACTGTCCTGCAGGTCCCAAA	103113452	103204540	-91088	103206635	-93183	103113503	-91037	-93132
ENSMUST00000159855	ATGACCAGCATTCCTAAGGAAGAACTCCCACACTGTCCTGCAGGTCCCAAA	103113452	103208927	-95475	103212522	-99070	103113503	-95424	-99019
ENSMUST00000159855	ATGACCAGCATTCCTAAGGAAGAACTCCCACACTGTCCTGCAGGTCCCAAA	103113452	103227554	-114102	103232525	-119073	103113503	-114051	-119022
ENSMUST00000159855	ATGACCAGCATTCCTAAGGAAGAACTCCCACACTGTCCTGCAGGTCCCAAA	103113452	103247900	-134448	103252408	-138956	103113503	-134397	-138905
ENSMUST00000159855	ATGACCAGCATTCCTAAGGAAGAACTCCCACACTGTCCTGCAGGTCCCAAA	103113452	103248566	-135114	103260195	-146743	103113503	-135063	-146692
ENSMUST00000159855	ATGACCAGCATTCCTAAGGAAGAACTCCCACACTGTCCTGCAGGTCCCAAA	103113452	103262821	-149369	103275788	-162336	103113503	-149318	-162285
ENSMUST00000159855	ATGACCAGCATTCCTAAGGAAGAACTCCCACACTGTCCTGCAGGTCCCAAA	103113452	103262821	-149369	103276372	-162920	103113503	-149318	-162869
ENSMUST00000159855	ATGACCAGCATTCCTAAGGAAGAACTCCCACACTGTCCTGCAGGTCCCAAA	103113452	103314514	-201062	103346215	-232763	103113503	-201011	-232712
ENSMUST00000036380	ACCCCTGCCGTCGCCGCTGCCATGACGGGGCTGGAGTTGCTCTACCTCGGG	117887242	117884641	2601	117885628	1614	117887293	2652	1665
ENSMUST00000036380	ACCCCTGCCGTCGCCGCTGCCATGACGGGGCTGGAGTTGCTCTACCTCGGG	117887242	117884641	2601	117886067	1175	117887293	2652	1226
ENSMUST00000036380	ACCCCTGCCGTCGCCGCTGCCATGACGGGGCTGGAGTTGCTCTACCTCGGG	117887242	117885294	1948	117885803	1439	117887293	1999	1490
ENSMUST00000036380	ACCCCTGCCGTCGCCGCTGCCATGACGGGGCTGGAGTTGCTCTACCTCGGG	117887242	117885294	1948	117886067	1175	117887293	1999	1226
ENSMUST00000036380	ACCCCTGCCGTCGCCGCTGCCATGACGGGGCTGGAGTTGCTCTACCTCGGG	117887242	117885873	1369	117886275	967	117887293	1420	1018
ENSMUST00000036380	ACCCCTGCCGTCGCCGCTGCCATGACGGGGCTGGAGTTGCTCTACCTCGGG	117887242	117886359	883	117887169	73	117887293	934	124
ENSMUST00000036380	ACCCCTGCCGTCGCCGCTGCCATGACGGGGCTGGAGTTGCTCTACCTCGGG	117887242	117886359	883	117887169	73	117887293	934	124
ENSMUST00000016294	ATAAAGTTTCTGGCTGGACTGTACAGTATTACTATGATGGGCTTGGGCGAC	42536338	42536868	-530	42543968	-7630	42536389	-479	-7579
ENSMUST00000016294	ATAAAGTTTCTGGCTGGACTGTACAGTATTACTATGATGGGCTTGGGCGAC	42536338	42608528	-72190	42657456	-121118	42536389	-72139	-121067
ENSMUST00000016294	ATAAAGTTTCTGGCTGGACTGTACAGTATTACTATGATGGGCTTGGGCGAC	42536338	42642808	-106470	42657456	-121118	42536389	-106419	-121067
ENSMUST00000016294	ATAAAGTTTCTGGCTGGACTGTACAGTATTACTATGATGGGCTTGGGCGAC	42536338	42813559	-277221	42820180	-283842	42536389	-277170	-283791
ENSMUST00000016294	ATAAAGTTTCTGGCTGGACTGTACAGTATTACTATGATGGGCTTGGGCGAC	42536338	42827240	-290902	42899687	-363349	42536389	-290851	-363298
ENSMUST00000016294	ATAAAGTTTCTGGCTGGACTGTACAGTATTACTATGATGGGCTTGGGCGAC	42536338	42827240	-290902	42899687	-363349	42536389	-290851	-363298
ENSMUST00000016294	ATAAAGTTTCTGGCTGGACTGTACAGTATTACTATGATGGGCTTGGGCGAC	42536338	43074797	-538459	43274754	-738416	42536389	-538408	-738365
ENSMUST00000037048	CTGTCCTCAGCCACCTCTATTCCTGGGCTAGCCTCATCCTAAGATGCCACAT	142563521	142564941	-1420	142569465	-5944	142563573	-1368	-5892
ENSMUST00000037048	CTGTCCTCAGCCACCTCTATTCCTGGGCTAGCCTCATCCTAAGATGCCACAT	142563521	142564941	-1420	142574796	-11275	142563573	-1368	-11223
ENSMUST00000037048	CTGTCCTCAGCCACCTCTATTCCTGGGCTAGCCTCATCCTAAGATGCCACAT	142563521	142569567	-6046	142580180	-16659	142563573	-5994	-16607
ENSMUST00000037048	CTGTCCTCAGCCACCTCTATTCCTGGGCTAGCCTCATCCTAAGATGCCACAT	142563521	142569567	-6046	142608557	-45036	142563573	-5994	-44984
ENSMUST00000037048	CTGTCCTCAGCCACCTCTATTCCTGGGCTAGCCTCATCCTAAGATGCCACAT	142563521	142574871	-11350	142580180	-16659	142563573	-11298	-16607
ENSMUST00000037048	CTGTCCTCAGCCACCTCTATTCCTGGGCTAGCCTCATCCTAAGATGCCACAT	142563521	142574871	-11350	142608557	-45036	142563573	-11298	-44984
ENSMUST00000037048	CTGTCCTCAGCCACCTCTATTCCTGGGCTAGCCTCATCCTAAGATGCCACAT	142563521	142569567	-6046	142608557	-45036	142563573	-5994	-44984
ENSMUST00000037048	CTGTCCTCAGCCACCTCTATTCCTGGGCTAGCCTCATCCTAAGATGCCACAT	142563521	142574871	-11350	142608557	-45036	142563573	-11298	-44984
ENSMUST00000037048	CTGTCCTCAGCCACCTCTATTCCTGGGCTAGCCTCATCCTAAGATGCCACAT	142563521	142575346	-11825	142608557	-45036	142563573	-11773	-44984
ENSMUST00000098334	CACAAACAAGGGCCACATAGGTCGCCCAGTGCTGCCGATGAGTCCCGGCAGC	122884042	122887626	-3584	122898573	-14531	122884094	-3532	-14479
ENSMUST00000098334	CACAAACAAGGGCCACATAGGTCGCCCAGTGCTGCCGATGAGTCCCGGCAGC	122884042	122896156	-12114	122898573	-14531	122884094	-12062	-14479
ENSMUST00000098334	CACAAACAAGGGCCACATAGGTCGCCCAGTGCTGCCGATGAGTCCCGGCAGC	122884042	122896707	-12665	122899603	-15561	122884094	-12613	-15509
ENSMUST00000098334	CACAAACAAGGGCCACATAGGTCGCCCAGTGCTGCCGATGAGTCCCGGCAGC	122884042	122899807	-15765	122908667	-24625	122884094	-15713	-24573
ENSMUST00000098334	CACAAACAAGGGCCACATAGGTCGCCCAGTGCTGCCGATGAGTCCCGGCAGC	122884042	122899804	-15762	122908667	-24625	122884094	-15710	-24573
ENSMUST00000098334	CACAAACAAGGGCCACATAGGTCGCCCAGTGCTGCCGATGAGTCCCGGCAGC	122884042	122900149	-16107	122908667	-24625	122884094	-16055	-24573
ENSMUST00000098334	CACAAACAAGGGCCACATAGGTCGCCCAGTGCTGCCGATGAGTCCCGGCAGC	122884042	122908806	-24764	122974728	-90686	122884094	-24712	-90634
ENSMUST00000084770	CGCTCTCGCCTCTTGGCTACCCCCGGACTCCGGCTACGCTACTAGGACAGCG	25800013	25620820	179193	25799588	425	25800065	179245	477
ENSMUST00000099274	ACCAGCTCATCAAATTGGTTGTTTCGGGTTGTGCTTATAGCTTTGGCTTTTT	59299527	59301708	-2181	59315257	-15730	59299579	-2129	-15678
ENSMUST00000099274	ACCAGCTCATCAAATTGGTTGTTTCGGGTTGTGCTTATAGCTTTGGCTTTTT	59299527	59305320	-5793	59327750	-28223	59299579	-5741	-28171
ENSMUST00000099274	ACCAGCTCATCAAATTGGTTGTTTCGGGTTGTGCTTATAGCTTTGGCTTTTT	59299527	59315360	-15833	59344718	-45191	59299579	-15781	-45139
ENSMUST00000099274	ACCAGCTCATCAAATTGGTTGTTTCGGGTTGTGCTTATAGCTTTGGCTTTTT	59299527	59301708	-2181	59315257	-15730	59299579	-2129	-15678
ENSMUST00000099274	ACCAGCTCATCAAATTGGTTGTTTCGGGTTGTGCTTATAGCTTTGGCTTTTT	59299527	59305320	-5793	59327750	-28223	59299579	-5741	-28171
ENSMUST00000099274	ACCAGCTCATCAAATTGGTTGTTTCGGGTTGTGCTTATAGCTTTGGCTTTTT	59299527	59315360	-15833	59344718	-45191	59299579	-15781	-45139
ENSMUST00000053880	TGTCATTTTCCTGGCCAGCTACACTGCCAACTTAGCCGCCTTCATGATCCAA	135772338	135739146	33192	135772192	146	135772390	33244	198
ENSMUST00000053880	TGTCATTTTCCTGGCCAGCTACACTGCCAACTTAGCCGCCTTCATGATCCAA	135772338	135843202	-70864	136171415	-399077	135772390	-70812	-399025
ENSMUST00000053880	TGTCATTTTCCTGGCCAGCTACACTGCCAACTTAGCCGCCTTCATGATCCAA	135772338	135923470	-151132	136171415	-399077	135772390	-151080	-399025
ENSMUST00000053880	TGTCATTTTCCTGGCCAGCTACACTGCCAACTTAGCCGCCTTCATGATCCAA	135772338	136171882	-399544	136173472	-401134	135772390	-399492	-401082
ENSMUST00000053880	TGTCATTTTCCTGGCCAGCTACACTGCCAACTTAGCCGCCTTCATGATCCAA	135772338	136171882	-399544	136173472	-401134	135772390	-399492	-401082
ENSMUST00000053880	TGTCATTTTCCTGGCCAGCTACACTGCCAACTTAGCCGCCTTCATGATCCAA	135772338	135739146	33192	135772192	146	135772390	33244	198
ENSMUST00000053880	TGTCATTTTCCTGGCCAGCTACACTGCCAACTTAGCCGCCTTCATGATCCAA	135772338	135843202	-70864	136171415	-399077	135772390	-70812	-399025
ENSMUST00000053880	TGTCATTTTCCTGGCCAGCTACACTGCCAACTTAGCCGCCTTCATGATCCAA	135772338	135923470	-151132	136171415	-399077	135772390	-151080	-399025
ENSMUST00000053880	TGTCATTTTCCTGGCCAGCTACACTGCCAACTTAGCCGCCTTCATGATCCAA	135772338	136171882	-399544	136173472	-401134	135772390	-399492	-401082
ENSMUST00000053880	TGTCATTTTCCTGGCCAGCTACACTGCCAACTTAGCCGCCTTCATGATCCAA	135772338	136171882	-399544	136173472	-401134	135772390	-399492	-401082
ENSMUST00000004378	GTCACCACCGCCACTGCCACCGCCACCGCCGCCAACGCCACCGACTGAGTCT	124769610	124763924	5686	124766530	3080	124769662	5738	3132
ENSMUST00000004378	GTCACCACCGCCACTGCCACCGCCACCGCCGCCAACGCCACCGACTGAGTCT	124769610	124763924	5686	124767032	2578	124769662	5738	2630
ENSMUST00000004378	GTCACCACCGCCACTGCCACCGCCACCGCCGCCAACGCCACCGACTGAGTCT	124769610	124766327	3283	124767032	2578	124769662	3335	2630
ENSMUST00000004378	GTCACCACCGCCACTGCCACCGCCACCGCCGCCAACGCCACCGACTGAGTCT	124769610	124763924	5686	124769436	174	124769662	5738	226
ENSMUST00000004378	GTCACCACCGCCACTGCCACCGCCACCGCCGCCAACGCCACCGACTGAGTCT	124769610	124767796	1814	124769436	174	124769662	1866	226
ENSMUST00000004378	GTCACCACCGCCACTGCCACCGCCACCGCCGCCAACGCCACCGACTGAGTCT	124769610	124767796	1814	124769248	362	124769662	1866	414
ENSMUST00000004378	GTCACCACCGCCACTGCCACCGCCACCGCCGCCAACGCCACCGACTGAGTCT	124769610	124767796	1814	124769436	174	124769662	1866	226
ENSMUST00000004378	GTCACCACCGCCACTGCCACCGCCACCGCCGCCAACGCCACCGACTGAGTCT	124769610	124767796	1814	124769248	362	124769662	1866	414
ENSMUST00000004378	GTCACCACCGCCACTGCCACCGCCACCGCCGCCAACGCCACCGACTGAGTCT	124769610	124767796	1814	124769436	174	124769662	1866	226
ENSMUST00000089770	TGCAGCCTTCTGCCGGCGATGAGATCGCCACCAACGTATCTGTTCAGCTGTA	72936989	72693657	243332	72757215	179774	72937041	243384	179826
ENSMUST00000089770	TGCAGCCTTCTGCCGGCGATGAGATCGCCACCAACGTATCTGTTCAGCTGTA	72936989	72903681	33308	72936961	28	72937041	33360	80
ENSMUST00000089770	TGCAGCCTTCTGCCGGCGATGAGATCGCCACCAACGTATCTGTTCAGCTGTA	72936989	73031643	-94654	73050594	-113605	72937041	-94602	-113553
ENSMUST00000089770	TGCAGCCTTCTGCCGGCGATGAGATCGCCACCAACGTATCTGTTCAGCTGTA	72936989	72693657	243332	72757215	179774	72937041	243384	179826
ENSMUST00000089770	TGCAGCCTTCTGCCGGCGATGAGATCGCCACCAACGTATCTGTTCAGCTGTA	72936989	72903681	33308	72936961	28	72937041	33360	80
ENSMUST00000089770	TGCAGCCTTCTGCCGGCGATGAGATCGCCACCAACGTATCTGTTCAGCTGTA	72936989	73031643	-94654	73050594	-113605	72937041	-94602	-113553
ENSMUST00000044009	CCCTCGGCCGCCCTACAGCATTAGTCTGCCATGGCCCGGGAGAACGGCGAGA	5714394	5339257	375137	5361988	352406	5714446	375189	352458
ENSMUST00000044009	CCCTCGGCCGCCCTACAGCATTAGTCTGCCATGGCCCGGGAGAACGGCGAGA	5714394	5362127	352267	5565648	148746	5714446	352319	148798
ENSMUST00000044009	CCCTCGGCCGCCCTACAGCATTAGTCTGCCATGGCCCGGGAGAACGGCGAGA	5714394	5362127	352267	5714145	249	5714446	352319	301
ENSMUST00000044009	CCCTCGGCCGCCCTACAGCATTAGTCTGCCATGGCCCGGGAGAACGGCGAGA	5714394	5362127	352267	5714145	249	5714446	352319	301
ENSMUST00000044009	CCCTCGGCCGCCCTACAGCATTAGTCTGCCATGGCCCGGGAGAACGGCGAGA	5714394	5445144	269250	5676231	38163	5714446	269302	38215
ENSMUST00000044009	CCCTCGGCCGCCCTACAGCATTAGTCTGCCATGGCCCGGGAGAACGGCGAGA	5714394	5445144	269250	5714145	249	5714446	269302	301
ENSMUST00000030164	TGTCACTGCTGTTGCTCCTCCGCCTCAGCGAGTCCAGCCCCGGCCTAGTCGG	43000372	42980634	19738	42982530	17842	43000424	19790	17894
ENSMUST00000030164	TGTCACTGCTGTTGCTCCTCCGCCTCAGCGAGTCCAGCCCCGGCCTAGTCGG	43000372	42982686	17686	42983363	17009	43000424	17738	17061
ENSMUST00000163139	ACAAAAGTTCGTGGATGACCTGTTCGAGACCATCTTCAGCACGGCGCACCGT	89322479	89321069	1410	89322730	-251	89322531	1462	-199
ENSMUST00000163139	ACAAAAGTTCGTGGATGACCTGTTCGAGACCATCTTCAGCACGGCGCACCGT	89322479	89335493	-13014	89340522	-18043	89322531	-12962	-17991
ENSMUST00000038584	GGTTACCCCGCCGCCTCAGCCGCCACCCACCGCCCGCCACCGCCCGGGCGAC	70825238	70714165	111073	70717781	107457	70825290	111125	107509
ENSMUST00000038584	GGTTACCCCGCCGCCTCAGCCGCCACCCACCGCCCGCCACCGCCCGGGCGAC	70825238	70725577	99661	70738420	86818	70825290	99713	86870
ENSMUST00000038584	GGTTACCCCGCCGCCTCAGCCGCCACCCACCGCCCGCCACCGCCCGGGCGAC	70825238	70725577	99661	70742053	83185	70825290	99713	83237
ENSMUST00000038584	GGTTACCCCGCCGCCTCAGCCGCCACCCACCGCCCGCCACCGCCCGGGCGAC	70825238	70749327	75911	70752234	73004	70825290	75963	73056
ENSMUST00000038584	GGTTACCCCGCCGCCTCAGCCGCCACCCACCGCCCGCCACCGCCCGGGCGAC	70825238	70754486	70752	70770003	55235	70825290	70804	55287
ENSMUST00000038584	GGTTACCCCGCCGCCTCAGCCGCCACCCACCGCCCGCCACCGCCCGGGCGAC	70825238	70757549	67689	70770003	55235	70825290	67741	55287
ENSMUST00000038584	GGTTACCCCGCCGCCTCAGCCGCCACCCACCGCCCGCCACCGCCCGGGCGAC	70825238	70757549	67689	70825192	46	70825290	67741	98
ENSMUST00000038584	GGTTACCCCGCCGCCTCAGCCGCCACCCACCGCCCGCCACCGCCCGGGCGAC	70825238	70770075	55163	70825192	46	70825290	55215	98
ENSMUST00000108661	GATCATAAGTTGTTGCTGACGGGGACCCCGCTGCAGAACAACCTGGAGGAGC	69356582	69348521	8061	69348920	7662	69356634	8113	7714
ENSMUST00000108661	GATCATAAGTTGTTGCTGACGGGGACCCCGCTGCAGAACAACCTGGAGGAGC	69356582	69349056	7526	69349789	6793	69356634	7578	6845
ENSMUST00000108661	GATCATAAGTTGTTGCTGACGGGGACCCCGCTGCAGAACAACCTGGAGGAGC	69356582	69351169	5413	69352546	4036	69356634	5465	4088
ENSMUST00000108661	GATCATAAGTTGTTGCTGACGGGGACCCCGCTGCAGAACAACCTGGAGGAGC	69356582	69355772	810	69356535	47	69356634	862	99
ENSMUST00000111752	GCCTTTTATCCGGATGCAGTTGTGGCTGTCGGACCAGCTGGGCCAGGGCCAG	121868546	121884823	-16277	121887353	-18807	121868598	-16225	-18755
ENSMUST00000111752	GCCTTTTATCCGGATGCAGTTGTGGCTGTCGGACCAGCTGGGCCAGGGCCAG	121868546	121887488	-18942	121921313	-52767	121868598	-18890	-52715
ENSMUST00000111752	GCCTTTTATCCGGATGCAGTTGTGGCTGTCGGACCAGCTGGGCCAGGGCCAG	121868546	121887488	-18942	122047570	-179024	121868598	-18890	-178972
ENSMUST00000111752	GCCTTTTATCCGGATGCAGTTGTGGCTGTCGGACCAGCTGGGCCAGGGCCAG	121868546	121898355	-29809	122002230	-133684	121868598	-29757	-133632
ENSMUST00000111752	GCCTTTTATCCGGATGCAGTTGTGGCTGTCGGACCAGCTGGGCCAGGGCCAG	121868546	121898355	-29809	122043769	-175223	121868598	-29757	-175171
ENSMUST00000111752	GCCTTTTATCCGGATGCAGTTGTGGCTGTCGGACCAGCTGGGCCAGGGCCAG	121868546	121898355	-29809	122049775	-181229	121868598	-29757	-181177
ENSMUST00000111752	GCCTTTTATCCGGATGCAGTTGTGGCTGTCGGACCAGCTGGGCCAGGGCCAG	121868546	121921361	-52815	122002230	-133684	121868598	-52763	-133632
ENSMUST00000111752	GCCTTTTATCCGGATGCAGTTGTGGCTGTCGGACCAGCTGGGCCAGGGCCAG	121868546	121921361	-52815	122043769	-175223	121868598	-52763	-175171
ENSMUST00000111752	GCCTTTTATCCGGATGCAGTTGTGGCTGTCGGACCAGCTGGGCCAGGGCCAG	121868546	121921361	-52815	122049775	-181229	121868598	-52763	-181177
ENSMUST00000111752	GCCTTTTATCCGGATGCAGTTGTGGCTGTCGGACCAGCTGGGCCAGGGCCAG	121868546	121898355	-29809	122047570	-179024	121868598	-29757	-178972
ENSMUST00000111752	GCCTTTTATCCGGATGCAGTTGTGGCTGTCGGACCAGCTGGGCCAGGGCCAG	121868546	121898355	-29809	122049775	-181229	121868598	-29757	-181177
ENSMUST00000111752	GCCTTTTATCCGGATGCAGTTGTGGCTGTCGGACCAGCTGGGCCAGGGCCAG	121868546	121921361	-52815	122049775	-181229	121868598	-52763	-181177
ENSMUST00000111752	GCCTTTTATCCGGATGCAGTTGTGGCTGTCGGACCAGCTGGGCCAGGGCCAG	121868546	121924915	-56369	122047570	-179024	121868598	-56317	-178972
ENSMUST00000111752	GCCTTTTATCCGGATGCAGTTGTGGCTGTCGGACCAGCTGGGCCAGGGCCAG	121868546	121924915	-56369	122049775	-181229	121868598	-56317	-181177
ENSMUST00000111752	GCCTTTTATCCGGATGCAGTTGTGGCTGTCGGACCAGCTGGGCCAGGGCCAG	121868546	121924915	-56369	122050015	-181469	121868598	-56317	-181417
ENSMUST00000075845	ACAAGGTGAATCTTATGACCAGTGAGAACCTGTCCATCTGCTTCTGGCCCAC	16493739	16498689	-4950	16561457	-67718	16493791	-4898	-67666
ENSMUST00000075845	ACAAGGTGAATCTTATGACCAGTGAGAACCTGTCCATCTGCTTCTGGCCCAC	16493739	16498689	-4950	16614471	-120732	16493791	-4898	-120680
ENSMUST00000075845	ACAAGGTGAATCTTATGACCAGTGAGAACCTGTCCATCTGCTTCTGGCCCAC	16493739	16512485	-18746	16561457	-67718	16493791	-18694	-67666
ENSMUST00000075845	ACAAGGTGAATCTTATGACCAGTGAGAACCTGTCCATCTGCTTCTGGCCCAC	16493739	16498689	-4950	16614471	-120732	16493791	-4898	-120680
ENSMUST00000075845	ACAAGGTGAATCTTATGACCAGTGAGAACCTGTCCATCTGCTTCTGGCCCAC	16493739	16549207	-55468	16614471	-120732	16493791	-55416	-120680
ENSMUST00000075845	ACAAGGTGAATCTTATGACCAGTGAGAACCTGTCCATCTGCTTCTGGCCCAC	16493739	16498689	-4950	16561457	-67718	16493791	-4898	-67666
ENSMUST00000075845	ACAAGGTGAATCTTATGACCAGTGAGAACCTGTCCATCTGCTTCTGGCCCAC	16493739	16498689	-4950	16614471	-120732	16493791	-4898	-120680
ENSMUST00000075845	ACAAGGTGAATCTTATGACCAGTGAGAACCTGTCCATCTGCTTCTGGCCCAC	16493739	16512485	-18746	16561457	-67718	16493791	-18694	-67666
ENSMUST00000075845	ACAAGGTGAATCTTATGACCAGTGAGAACCTGTCCATCTGCTTCTGGCCCAC	16493739	16498689	-4950	16614471	-120732	16493791	-4898	-120680
ENSMUST00000075845	ACAAGGTGAATCTTATGACCAGTGAGAACCTGTCCATCTGCTTCTGGCCCAC	16493739	16549207	-55468	16614471	-120732	16493791	-55416	-120680
ENSMUST00000174462	GAAAAACCTTTTCTAGATCTACTCAGCTTACTGAACACATAAGAACACACAC	20495971	20500953	-4982	20505051	-9080	20496023	-4930	-9028
ENSMUST00000174462	GAAAAACCTTTTCTAGATCTACTCAGCTTACTGAACACATAAGAACACACAC	20495971	20506065	-10094	20508018	-12047	20496023	-10042	-11995
ENSMUST00000174462	GAAAAACCTTTTCTAGATCTACTCAGCTTACTGAACACATAAGAACACACAC	20495971	20506065	-10094	20521019	-25048	20496023	-10042	-24996
ENSMUST00000174462	GAAAAACCTTTTCTAGATCTACTCAGCTTACTGAACACATAAGAACACACAC	20495971	20506065	-10094	20521343	-25372	20496023	-10042	-25320
ENSMUST00000174462	GAAAAACCTTTTCTAGATCTACTCAGCTTACTGAACACATAAGAACACACAC	20495971	20506065	-10094	20521354	-25383	20496023	-10042	-25331
ENSMUST00000174462	GAAAAACCTTTTCTAGATCTACTCAGCTTACTGAACACATAAGAACACACAC	20495971	20506065	-10094	20521343	-25372	20496023	-10042	-25320
ENSMUST00000174462	GAAAAACCTTTTCTAGATCTACTCAGCTTACTGAACACATAAGAACACACAC	20495971	20506065	-10094	20521354	-25383	20496023	-10042	-25331
ENSMUST00000174462	GAAAAACCTTTTCTAGATCTACTCAGCTTACTGAACACATAAGAACACACAC	20495971	20508185	-12214	20521343	-25372	20496023	-12162	-25320
ENSMUST00000174462	GAAAAACCTTTTCTAGATCTACTCAGCTTACTGAACACATAAGAACACACAC	20495971	20508185	-12214	20521354	-25383	20496023	-12162	-25331
ENSMUST00000049005	TCTCTCTATGACTTCCTGAAATGTGCCACACTAGACACCAGAGCCCTACTCAA	34422646	34415882	6764	34424945	-2299	34422699	6817	-2246
ENSMUST00000049005	TCTCTCTATGACTTCCTGAAATGTGCCACACTAGACACCAGAGCCCTACTCAA	34422646	34447978	-25332	34503173	-80527	34422699	-25279	-80474
ENSMUST00000049005	TCTCTCTATGACTTCCTGAAATGTGCCACACTAGACACCAGAGCCCTACTCAA	34422646	34460612	-37966	34502394	-79748	34422699	-37913	-79695
ENSMUST00000049005	TCTCTCTATGACTTCCTGAAATGTGCCACACTAGACACCAGAGCCCTACTCAA	34422646	34415882	6764	34424945	-2299	34422699	6817	-2246
ENSMUST00000049005	TCTCTCTATGACTTCCTGAAATGTGCCACACTAGACACCAGAGCCCTACTCAA	34422646	34447978	-25332	34503173	-80527	34422699	-25279	-80474
ENSMUST00000049005	TCTCTCTATGACTTCCTGAAATGTGCCACACTAGACACCAGAGCCCTACTCAA	34422646	34460612	-37966	34502394	-79748	34422699	-37913	-79695
ENSMUST00000090300	GATTTACCAAGCTGCTTGAACTTTTGGAAGCCATACCTGAGATTTTACAAGTG	14127228	14114353	12875	14115989	11239	14125965	11612	9976
ENSMUST00000090300	GATTTACCAAGCTGCTTGAACTTTTGGAAGCCATACCTGAGATTTTACAAGTG	14127228	14137018	-9790	14141642	-14414	14125965	-11053	-15677
ENSMUST00000090300	GATTTACCAAGCTGCTTGAACTTTTGGAAGCCATACCTGAGATTTTACAAGTG	14127228	14138521	-11293	14141642	-14414	14125965	-12556	-15677
ENSMUST00000090300	GATTTACCAAGCTGCTTGAACTTTTGGAAGCCATACCTGAGATTTTACAAGTG	14127228	14142045	-14817	14145916	-18688	14125965	-16080	-19951
ENSMUST00000090300	GATTTACCAAGCTGCTTGAACTTTTGGAAGCCATACCTGAGATTTTACAAGTG	14127228	14146089	-18861	14149015	-21787	14125965	-20124	-23050
ENSMUST00000090300	GATTTACCAAGCTGCTTGAACTTTTGGAAGCCATACCTGAGATTTTACAAGTG	14127228	14152712	-25484	14159143	-31915	14125965	-26747	-33178
ENSMUST00000053733	GAAGAAGAAGAAGGGGGGTGCCAGAAAAAGAAAAAGTCTTAAAGGGCAAAGAA	84416390	84108056	308334	84142277	274113	84416443	308387	274166
ENSMUST00000053733	GAAGAAGAAGAAGGGGGGTGCCAGAAAAAGAAAAAGTCTTAAAGGGCAAAGAA	84416390	84142383	274007	84156411	259979	84416443	274060	260032
ENSMUST00000053733	GAAGAAGAAGAAGGGGGGTGCCAGAAAAAGAAAAAGTCTTAAAGGGCAAAGAA	84416390	84142383	274007	84331227	85163	84416443	274060	85216
ENSMUST00000053733	GAAGAAGAAGAAGGGGGGTGCCAGAAAAAGAAAAAGTCTTAAAGGGCAAAGAA	84416390	84156536	259854	84237398	178992	84416443	259907	179045
ENSMUST00000053733	GAAGAAGAAGAAGGGGGGTGCCAGAAAAAGAAAAAGTCTTAAAGGGCAAAGAA	84416390	84156536	259854	84331227	85163	84416443	259907	85216
ENSMUST00000053733	GAAGAAGAAGAAGGGGGGTGCCAGAAAAAGAAAAAGTCTTAAAGGGCAAAGAA	84416390	84156536	259854	84331227	85163	84416443	259907	85216
ENSMUST00000053733	GAAGAAGAAGAAGGGGGGTGCCAGAAAAAGAAAAAGTCTTAAAGGGCAAAGAA	84416390	84156536	259854	84386218	30172	84416443	259907	30225
ENSMUST00000053733	GAAGAAGAAGAAGGGGGGTGCCAGAAAAAGAAAAAGTCTTAAAGGGCAAAGAA	84416390	84233918	182472	84331227	85163	84416443	182525	85216
ENSMUST00000053733	GAAGAAGAAGAAGGGGGGTGCCAGAAAAAGAAAAAGTCTTAAAGGGCAAAGAA	84416390	84233918	182472	84331227	85163	84416443	182525	85216
ENSMUST00000053733	GAAGAAGAAGAAGGGGGGTGCCAGAAAAAGAAAAAGTCTTAAAGGGCAAAGAA	84416390	84156536	259854	84386218	30172	84416443	259907	30225
ENSMUST00000053733	GAAGAAGAAGAAGGGGGGTGCCAGAAAAAGAAAAAGTCTTAAAGGGCAAAGAA	84416390	84237554	178836	84386218	30172	84416443	178889	30225
ENSMUST00000053733	GAAGAAGAAGAAGGGGGGTGCCAGAAAAAGAAAAAGTCTTAAAGGGCAAAGAA	84416390	84331891	84499	84416318	72	84416443	84552	125
ENSMUST00000118489	GTAGGACTCTGCCCTCGAATGGACCCTGTGGATGGCACCCAGCTGCTTAAGTA	27438792	27426833	11959	27434532	4260	27438845	12012	4313
ENSMUST00000118489	GTAGGACTCTGCCCTCGAATGGACCCTGTGGATGGCACCCAGCTGCTTAAGTA	27438792	27426833	11959	27438295	497	27438845	12012	550
ENSMUST00000118489	GTAGGACTCTGCCCTCGAATGGACCCTGTGGATGGCACCCAGCTGCTTAAGTA	27438792	27454622	-15830	27502646	-63854	27438845	-15777	-63801
ENSMUST00000118489	GTAGGACTCTGCCCTCGAATGGACCCTGTGGATGGCACCCAGCTGCTTAAGTA	27438792	27454622	-15830	27512791	-73999	27438845	-15777	-73946
ENSMUST00000118489	GTAGGACTCTGCCCTCGAATGGACCCTGTGGATGGCACCCAGCTGCTTAAGTA	27438792	27454622	-15830	27512791	-73999	27438845	-15777	-73946
ENSMUST00000118489	GTAGGACTCTGCCCTCGAATGGACCCTGTGGATGGCACCCAGCTGCTTAAGTA	27438792	27473124	-34332	27512791	-73999	27438845	-34279	-73946
ENSMUST00000035208	CTGTGTTGGACTTAAGAGCCCGAGTTCCCGGGATTTAGCTTTCTTCACACTAT	108098583	108117559	-18976	108139186	-40603	108098636	-18923	-40550
ENSMUST00000098473	AACTTCCGTACCATAGGATTTTTATCATGCTGCTGTTGGAGCTCAATGCACCC	95729188	95720485	8703	95721505	7683	95729241	8756	7736
ENSMUST00000098473	AACTTCCGTACCATAGGATTTTTATCATGCTGCTGTTGGAGCTCAATGCACCC	95729188	95733323	-4135	95735685	-6497	95729241	-4082	-6444
ENSMUST00000098473	AACTTCCGTACCATAGGATTTTTATCATGCTGCTGTTGGAGCTCAATGCACCC	95729188	95734148	-4960	95735685	-6497	95729241	-4907	-6444
ENSMUST00000098473	AACTTCCGTACCATAGGATTTTTATCATGCTGCTGTTGGAGCTCAATGCACCC	95729188	95740834	-11646	95741780	-12592	95729241	-11593	-12539
ENSMUST00000098473	AACTTCCGTACCATAGGATTTTTATCATGCTGCTGTTGGAGCTCAATGCACCC	95729188	95748399	-19211	95751740	-22552	95729241	-19158	-22499
ENSMUST00000098473	AACTTCCGTACCATAGGATTTTTATCATGCTGCTGTTGGAGCTCAATGCACCC	95729188	95760250	-31062	95761322	-32134	95729241	-31009	-32081
ENSMUST00000098473	AACTTCCGTACCATAGGATTTTTATCATGCTGCTGTTGGAGCTCAATGCACCC	95729188	95760625	-31437	95762989	-33801	95729241	-31384	-33748
ENSMUST00000098473	AACTTCCGTACCATAGGATTTTTATCATGCTGCTGTTGGAGCTCAATGCACCC	95729188	95775386	-46198	95807332	-78144	95729241	-46145	-78091
ENSMUST00000020496	CGCAGAGATAATCTCCCGAAGGTCCCTGCTCAGGTTTCTTTATGCACAGCTCGA	77313513	77317350	-3837	77325865	-12352	77313567	-3783	-12298
ENSMUST00000020496	CGCAGAGATAATCTCCCGAAGGTCCCTGCTCAGGTTTCTTTATGCACAGCTCGA	77313513	77317350	-3837	77325865	-12352	77313567	-3783	-12298
ENSMUST00000020496	CGCAGAGATAATCTCCCGAAGGTCCCTGCTCAGGTTTCTTTATGCACAGCTCGA	77313513	77322583	-9070	77325865	-12352	77313567	-9016	-12298
ENSMUST00000020496	CGCAGAGATAATCTCCCGAAGGTCCCTGCTCAGGTTTCTTTATGCACAGCTCGA	77313513	77325940	-12427	77418094	-104581	77313567	-12373	-104527
ENSMUST00000020496	CGCAGAGATAATCTCCCGAAGGTCCCTGCTCAGGTTTCTTTATGCACAGCTCGA	77313513	77359735	-46222	77418094	-104581	77313567	-46168	-104527
ENSMUST00000043897	TCCCAAGACCTTTGTACACTGTGCTACCATATACAAGCGTTATTACATGGATGG	25840087	25840107	-20	25840437	-350	25839723	-384	-714
ENSMUST00000043897	TCCCAAGACCTTTGTACACTGTGCTACCATATACAAGCGTTATTACATGGATGG	25840087	25841855	-1768	25842179	-2092	25839723	-2132	-2456
ENSMUST00000043897	TCCCAAGACCTTTGTACACTGTGCTACCATATACAAGCGTTATTACATGGATGG	25840087	25842288	-2201	25843106	-3019	25839723	-2565	-3383
ENSMUST00000043897	TCCCAAGACCTTTGTACACTGTGCTACCATATACAAGCGTTATTACATGGATGG	25840087	25840107	-20	25840437	-350	25839723	-384	-714
ENSMUST00000043897	TCCCAAGACCTTTGTACACTGTGCTACCATATACAAGCGTTATTACATGGATGG	25840087	25841855	-1768	25842179	-2092	25839723	-2132	-2456
ENSMUST00000043897	TCCCAAGACCTTTGTACACTGTGCTACCATATACAAGCGTTATTACATGGATGG	25840087	25842288	-2201	25843106	-3019	25839723	-2565	-3383
ENSMUST00000137217	ATTTATTTATGATTTTCATTTCTGTTGGTTTGCTGAACATAGTTTCATATCACA	152610419	152617355	-6936	152623125	-12706	152610473	-6882	-12652
ENSMUST00000137217	ATTTATTTATGATTTTCATTTCTGTTGGTTTGCTGAACATAGTTTCATATCACA	152610419	152617355	-6936	152623125	-12706	152610473	-6882	-12652
ENSMUST00000137217	ATTTATTTATGATTTTCATTTCTGTTGGTTTGCTGAACATAGTTTCATATCACA	152610419	152617355	-6936	152643812	-33393	152610473	-6882	-33339
ENSMUST00000137217	ATTTATTTATGATTTTCATTTCTGTTGGTTTGCTGAACATAGTTTCATATCACA	152610419	152617355	-6936	152643812	-33393	152610473	-6882	-33339
ENSMUST00000226284	TATCCTGACTGTACTCCTACATGAAATAAACTGCACACGCACATCTGGCCCGTG	24596062	24596953	-891	24597204	-1142	24596116	-837	-1088
ENSMUST00000226284	TATCCTGACTGTACTCCTACATGAAATAAACTGCACACGCACATCTGGCCCGTG	24596062	24604418	-8356	24604827	-8765	24596116	-8302	-8711
ENSMUST00000226284	TATCCTGACTGTACTCCTACATGAAATAAACTGCACACGCACATCTGGCCCGTG	24596062	24607801	-11739	24608943	-12881	24596116	-11685	-12827
ENSMUST00000226284	TATCCTGACTGTACTCCTACATGAAATAAACTGCACACGCACATCTGGCCCGTG	24596062	24610571	-14509	24614351	-18289	24596116	-14455	-18235
ENSMUST00000226284	TATCCTGACTGTACTCCTACATGAAATAAACTGCACACGCACATCTGGCCCGTG	24596062	24615599	-19537	24619414	-23352	24596116	-19483	-23298
ENSMUST00000226284	TATCCTGACTGTACTCCTACATGAAATAAACTGCACACGCACATCTGGCCCGTG	24596062	24626371	-30309	24628941	-32879	24596116	-30255	-32825
ENSMUST00000226284	TATCCTGACTGTACTCCTACATGAAATAAACTGCACACGCACATCTGGCCCGTG	24596062	24626743	-30681	24628941	-32879	24596116	-30627	-32825
ENSMUST00000226284	TATCCTGACTGTACTCCTACATGAAATAAACTGCACACGCACATCTGGCCCGTG	24596062	24629086	-33024	24630912	-34850	24596116	-32970	-34796
ENSMUST00000038193	TTTTTCTTGGTACAGGGCTGGAACTCAGCGCCTTGCACATACTGGTGAGCAGCC	111449597	111459046	-9449	111465788	-16191	111449651	-9395	-16137
ENSMUST00000038193	TTTTTCTTGGTACAGGGCTGGAACTCAGCGCCTTGCACATACTGGTGAGCAGCC	111449597	111459049	-9452	111465788	-16191	111449651	-9398	-16137
ENSMUST00000038193	TTTTTCTTGGTACAGGGCTGGAACTCAGCGCCTTGCACATACTGGTGAGCAGCC	111449597	111460655	-11058	111465788	-16191	111449651	-11004	-16137
ENSMUST00000038193	TTTTTCTTGGTACAGGGCTGGAACTCAGCGCCTTGCACATACTGGTGAGCAGCC	111449597	111460912	-11315	111462155	-12558	111449651	-11261	-12504
ENSMUST00000038193	TTTTTCTTGGTACAGGGCTGGAACTCAGCGCCTTGCACATACTGGTGAGCAGCC	111449597	111460912	-11315	111465788	-16191	111449651	-11261	-16137
ENSMUST00000038193	TTTTTCTTGGTACAGGGCTGGAACTCAGCGCCTTGCACATACTGGTGAGCAGCC	111449597	111466922	-17325	111476043	-26446	111449651	-17271	-26392
ENSMUST00000038193	TTTTTCTTGGTACAGGGCTGGAACTCAGCGCCTTGCACATACTGGTGAGCAGCC	111449597	111476197	-26600	111480442	-30845	111449651	-26546	-30791
ENSMUST00000038193	TTTTTCTTGGTACAGGGCTGGAACTCAGCGCCTTGCACATACTGGTGAGCAGCC	111449597	111504470	-54873	111521927	-72330	111449651	-54819	-72276
ENSMUST00000230022	ATATTTTCCATGAGACTTTCGGGCGAACCTTAGAATCTGTGGACCCACTAGGTG	16324006	16314043	9963	16316333	7673	16324060	10017	7727
ENSMUST00000230022	ATATTTTCCATGAGACTTTCGGGCGAACCTTAGAATCTGTGGACCCACTAGGTG	16324006	16316778	7228	16319451	4555	16324060	7282	4609
ENSMUST00000230022	ATATTTTCCATGAGACTTTCGGGCGAACCTTAGAATCTGTGGACCCACTAGGTG	16324006	16321676	2330	16323621	385	16324060	2384	439
ENSMUST00000230022	ATATTTTCCATGAGACTTTCGGGCGAACCTTAGAATCTGTGGACCCACTAGGTG	16324006	16323419	587	16323974	32	16324060	641	86
ENSMUST00000230022	ATATTTTCCATGAGACTTTCGGGCGAACCTTAGAATCTGTGGACCCACTAGGTG	16324006	16324095	-89	16332000	-7994	16324060	-35	-7940
ENSMUST00000230022	ATATTTTCCATGAGACTTTCGGGCGAACCTTAGAATCTGTGGACCCACTAGGTG	16324006	16324095	-89	16333828	-9822	16324060	-35	-9768
ENSMUST00000230022	ATATTTTCCATGAGACTTTCGGGCGAACCTTAGAATCTGTGGACCCACTAGGTG	16324006	16324095	-89	16333828	-9822	16324060	-35	-9768
ENSMUST00000230022	ATATTTTCCATGAGACTTTCGGGCGAACCTTAGAATCTGTGGACCCACTAGGTG	16324006	16324095	-89	16336852	-12846	16324060	-35	-12792
ENSMUST00000230022	ATATTTTCCATGAGACTTTCGGGCGAACCTTAGAATCTGTGGACCCACTAGGTG	16324006	16330009	-6003	16333828	-9822	16324060	-5949	-9768
ENSMUST00000230022	ATATTTTCCATGAGACTTTCGGGCGAACCTTAGAATCTGTGGACCCACTAGGTG	16324006	16324095	-89	16336852	-12846	16324060	-35	-12792
ENSMUST00000230022	ATATTTTCCATGAGACTTTCGGGCGAACCTTAGAATCTGTGGACCCACTAGGTG	16324006	16332132	-8126	16336852	-12846	16324060	-8072	-12792
ENSMUST00000230022	ATATTTTCCATGAGACTTTCGGGCGAACCTTAGAATCTGTGGACCCACTAGGTG	16324006	16337015	-13009	16340995	-16989	16324060	-12955	-16935
ENSMUST00000230022	ATATTTTCCATGAGACTTTCGGGCGAACCTTAGAATCTGTGGACCCACTAGGTG	16324006	16338679	-14673	16341421	-17415	16324060	-14619	-17361
ENSMUST00000230022	ATATTTTCCATGAGACTTTCGGGCGAACCTTAGAATCTGTGGACCCACTAGGTG	16324006	16341067	-17061	16345997	-21991	16324060	-17007	-21937
ENSMUST00000230022	ATATTTTCCATGAGACTTTCGGGCGAACCTTAGAATCTGTGGACCCACTAGGTG	16324006	16341468	-17462	16345979	-21973	16324060	-17408	-21919
ENSMUST00000230022	ATATTTTCCATGAGACTTTCGGGCGAACCTTAGAATCTGTGGACCCACTAGGTG	16324006	16341468	-17462	16345997	-21991	16324060	-17408	-21937
ENSMUST00000115228	GACCCTGTCCTACCTGATGCCAACTGTACATAGGACCCTACCTGCCTGCCTCCCC	24897685	24893398	4287	24894130	3555	24897740	4342	3610
ENSMUST00000115228	GACCCTGTCCTACCTGATGCCAACTGTACATAGGACCCTACCTGCCTGCCTCCCC	24897685	24897319	366	24899144	-1459	24897740	421	-1404
ENSMUST00000115228	GACCCTGTCCTACCTGATGCCAACTGTACATAGGACCCTACCTGCCTGCCTCCCC	24897685	24900855	-3170	24901105	-3420	24897740	-3115	-3365
ENSMUST00000115228	GACCCTGTCCTACCTGATGCCAACTGTACATAGGACCCTACCTGCCTGCCTCCCC	24897685	24901019	-3334	24901339	-3654	24897740	-3279	-3599
ENSMUST00000115228	GACCCTGTCCTACCTGATGCCAACTGTACATAGGACCCTACCTGCCTGCCTCCCC	24897685	24901787	-4102	24903003	-5318	24897740	-4047	-5263
ENSMUST00000115228	GACCCTGTCCTACCTGATGCCAACTGTACATAGGACCCTACCTGCCTGCCTCCCC	24897685	24903384	-5699	24904648	-6963	24897740	-5644	-6908
ENSMUST00000115228	GACCCTGTCCTACCTGATGCCAACTGTACATAGGACCCTACCTGCCTGCCTCCCC	24897685	24904051	-6366	24904906	-7221	24897740	-6311	-7166
ENSMUST00000115228	GACCCTGTCCTACCTGATGCCAACTGTACATAGGACCCTACCTGCCTGCCTCCCC	24897685	24907386	-9701	24909149	-11464	24897740	-9646	-11409
ENSMUST00000115228	GACCCTGTCCTACCTGATGCCAACTGTACATAGGACCCTACCTGCCTGCCTCCCC	24897685	24907386	-9701	24912747	-15062	24897740	-9646	-15007
ENSMUST00000115228	GACCCTGTCCTACCTGATGCCAACTGTACATAGGACCCTACCTGCCTGCCTCCCC	24897685	24907386	-9701	24912747	-15062	24897740	-9646	-15007
ENSMUST00000115228	GACCCTGTCCTACCTGATGCCAACTGTACATAGGACCCTACCTGCCTGCCTCCCC	24897685	24908428	-10743	24912747	-15062	24897740	-10688	-15007
ENSMUST00000115228	GACCCTGTCCTACCTGATGCCAACTGTACATAGGACCCTACCTGCCTGCCTCCCC	24897685	24918139	-20454	24923815	-26130	24897740	-20399	-26075
ENSMUST00000115228	GACCCTGTCCTACCTGATGCCAACTGTACATAGGACCCTACCTGCCTGCCTCCCC	24897685	24918136	-20451	24923815	-26130	24897740	-20396	-26075
ENSMUST00000115228	GACCCTGTCCTACCTGATGCCAACTGTACATAGGACCCTACCTGCCTGCCTCCCC	24897685	24918139	-20454	24924146	-26461	24897740	-20399	-26406
ENSMUST00000115228	GACCCTGTCCTACCTGATGCCAACTGTACATAGGACCCTACCTGCCTGCCTCCCC	24897685	24924217	-26532	24936536	-38851	24897740	-26477	-38796
ENSMUST00000043200	AGTGTATACACTGATCAGTACCTCCCTTGAGGCTGAGCTTCCTCGCAGACCCACA	120968755	120975453	-6698	120982126	-13371	120968810	-6643	-13316
ENSMUST00000043200	AGTGTATACACTGATCAGTACCTCCCTTGAGGCTGAGCTTCCTCGCAGACCCACA	120968755	120975453	-6698	121016748	-47993	120968810	-6643	-47938
ENSMUST00000043200	AGTGTATACACTGATCAGTACCTCCCTTGAGGCTGAGCTTCCTCGCAGACCCACA	120968755	120977037	-8282	121016748	-47993	120968810	-8227	-47938
ENSMUST00000043200	AGTGTATACACTGATCAGTACCTCCCTTGAGGCTGAGCTTCCTCGCAGACCCACA	120968755	120983192	-14437	121016748	-47993	120968810	-14382	-47938
ENSMUST00000047421	GGCCCGCACTGCCCTCCTGACTGGACTCACGCCGGGCACCCACTACCAGCTGGAT	118479790	118473008	6782	118474299	5491	118479845	6837	5546
ENSMUST00000047421	GGCCCGCACTGCCCTCCTGACTGGACTCACGCCGGGCACCCACTACCAGCTGGAT	118479790	118479903	-113	118480410	-620	118479845	-58	-565
ENSMUST00000090227	GATTTAAAACAGCTGTCGTGAGTAAGGGCTTCTTCAGATACTCTCCAATAATAGC	31458921	31467779	-8858	31471616	-12695	31458976	-8803	-12640
ENSMUST00000090227	GATTTAAAACAGCTGTCGTGAGTAAGGGCTTCTTCAGATACTCTCCAATAATAGC	31458921	31478496	-19575	31482497	-23576	31458976	-19520	-23521
ENSMUST00000115096	CACTTTCACGGTTATCCCCGACTTTGACATCTACTACGTCTATGGCTTCAGCAGT	32517273	32215729	301544	32234508	282765	32517328	301599	282820
ENSMUST00000115096	CACTTTCACGGTTATCCCCGACTTTGACATCTACTACGTCTATGGCTTCAGCAGT	32517273	32239537	277736	32310460	206813	32517328	277791	206868
ENSMUST00000115096	CACTTTCACGGTTATCCCCGACTTTGACATCTACTACGTCTATGGCTTCAGCAGT	32517273	32215729	301544	32234508	282765	32517328	301599	282820
ENSMUST00000115096	CACTTTCACGGTTATCCCCGACTTTGACATCTACTACGTCTATGGCTTCAGCAGT	32517273	32239537	277736	32310460	206813	32517328	277791	206868
ENSMUST00000048716	AGGCTGGCAGACTGCTGTATAGCATCCCACTCTCTGGCTGTAATATAACGATGCC	49263125	49273772	-10647	49275609	-12484	49263180	-10592	-12429
ENSMUST00000048716	AGGCTGGCAGACTGCTGTATAGCATCCCACTCTCTGGCTGTAATATAACGATGCC	49263125	49281275	-18150	49285693	-22568	49263180	-18095	-22513
ENSMUST00000048716	AGGCTGGCAGACTGCTGTATAGCATCCCACTCTCTGGCTGTAATATAACGATGCC	49263125	49296821	-33696	49316382	-53257	49263180	-33641	-53202
ENSMUST00000048716	AGGCTGGCAGACTGCTGTATAGCATCCCACTCTCTGGCTGTAATATAACGATGCC	49263125	49273772	-10647	49275609	-12484	49263180	-10592	-12429
ENSMUST00000048716	AGGCTGGCAGACTGCTGTATAGCATCCCACTCTCTGGCTGTAATATAACGATGCC	49263125	49281275	-18150	49285693	-22568	49263180	-18095	-22513
ENSMUST00000048716	AGGCTGGCAGACTGCTGTATAGCATCCCACTCTCTGGCTGTAATATAACGATGCC	49263125	49296821	-33696	49316382	-53257	49263180	-33641	-53202
ENSMUST00000078482	ATCACTACCACAGCCATCCTGGACCGGGAAATCTGGGCAGAAACACGGCTGGTACT	105757711	105759273	-1562	105761802	-4091	105757292	-1981	-4510
ENSMUST00000078482	ATCACTACCACAGCCATCCTGGACCGGGAAATCTGGGCAGAAACACGGCTGGTACT	105757711	105761023	-3312	105761802	-4091	105757292	-3731	-4510
ENSMUST00000040275	TCTCCATCTGACACTGCCAACTGCTCTGTCACTAAAATCCCCACGCCAGTGCCCAA	43021314	43004414	16900	43074592	-53278	43021370	16956	-53222
ENSMUST00000040275	TCTCCATCTGACACTGCCAACTGCTCTGTCACTAAAATCCCCACGCCAGTGCCCAA	43021314	43004414	16900	43127778	-106464	43021370	16956	-106408
ENSMUST00000040275	TCTCCATCTGACACTGCCAACTGCTCTGTCACTAAAATCCCCACGCCAGTGCCCAA	43021314	43004414	16900	43157907	-136593	43021370	16956	-136537
ENSMUST00000040275	TCTCCATCTGACACTGCCAACTGCTCTGTCACTAAAATCCCCACGCCAGTGCCCAA	43021314	43004414	16900	43127778	-106464	43021370	16956	-106408
ENSMUST00000040275	TCTCCATCTGACACTGCCAACTGCTCTGTCACTAAAATCCCCACGCCAGTGCCCAA	43021314	43004414	16900	43157907	-136593	43021370	16956	-136537
ENSMUST00000040275	TCTCCATCTGACACTGCCAACTGCTCTGTCACTAAAATCCCCACGCCAGTGCCCAA	43021314	43022918	-1604	43127778	-106464	43021370	-1548	-106408
ENSMUST00000040275	TCTCCATCTGACACTGCCAACTGCTCTGTCACTAAAATCCCCACGCCAGTGCCCAA	43021314	43022918	-1604	43157907	-136593	43021370	-1548	-136537
ENSMUST00000040275	TCTCCATCTGACACTGCCAACTGCTCTGTCACTAAAATCCCCACGCCAGTGCCCAA	43021314	43004414	16900	43157907	-136593	43021370	16956	-136537
ENSMUST00000040275	TCTCCATCTGACACTGCCAACTGCTCTGTCACTAAAATCCCCACGCCAGTGCCCAA	43021314	43022918	-1604	43157907	-136593	43021370	-1548	-136537
ENSMUST00000040275	TCTCCATCTGACACTGCCAACTGCTCTGTCACTAAAATCCCCACGCCAGTGCCCAA	43021314	43074688	-53374	43157907	-136593	43021370	-53318	-136537
ENSMUST00000048409	CATTTTGCTGCATCGGAAGGTTTAATCAACATGTAGTGCCCACACTGGTTTCAATG	53911607	53912894	-1287	53921322	-9715	53911663	-1231	-9659
ENSMUST00000048409	CATTTTGCTGCATCGGAAGGTTTAATCAACATGTAGTGCCCACACTGGTTTCAATG	53911607	53912894	-1287	53924399	-12792	53911663	-1231	-12736
ENSMUST00000048409	CATTTTGCTGCATCGGAAGGTTTAATCAACATGTAGTGCCCACACTGGTTTCAATG	53911607	53912894	-1287	53924399	-12792	53911663	-1231	-12736
ENSMUST00000048409	CATTTTGCTGCATCGGAAGGTTTAATCAACATGTAGTGCCCACACTGGTTTCAATG	53911607	53919726	-8119	53924399	-12792	53911663	-8063	-12736
ENSMUST00000048409	CATTTTGCTGCATCGGAAGGTTTAATCAACATGTAGTGCCCACACTGGTTTCAATG	53911607	53912894	-1287	53946847	-35240	53911663	-1231	-35184
ENSMUST00000048409	CATTTTGCTGCATCGGAAGGTTTAATCAACATGTAGTGCCCACACTGGTTTCAATG	53911607	53921373	-9766	53925965	-14358	53911663	-9710	-14302
ENSMUST00000048409	CATTTTGCTGCATCGGAAGGTTTAATCAACATGTAGTGCCCACACTGGTTTCAATG	53911607	53921373	-9766	53946847	-35240	53911663	-9710	-35184
ENSMUST00000048409	CATTTTGCTGCATCGGAAGGTTTAATCAACATGTAGTGCCCACACTGGTTTCAATG	53911607	53931584	-19977	53935560	-23953	53911663	-19921	-23897
ENSMUST00000048409	CATTTTGCTGCATCGGAAGGTTTAATCAACATGTAGTGCCCACACTGGTTTCAATG	53911607	53931584	-19977	53975024	-63417	53911663	-19921	-63361
ENSMUST00000048409	CATTTTGCTGCATCGGAAGGTTTAATCAACATGTAGTGCCCACACTGGTTTCAATG	53911607	53935875	-24268	53975024	-63417	53911663	-24212	-63361
ENSMUST00000105369	AGAATGCCCGCCTCACCCACCTCCACCTACCGCCCCTCAAAATCGCTACTATCCAT	80135415	80135246	169	80136349	-934	80135471	225	-878
ENSMUST00000105369	AGAATGCCCGCCTCACCCACCTCCACCTACCGCCCCTCAAAATCGCTACTATCCAT	80135415	80135546	-131	80136689	-1274	80135471	-75	-1218
ENSMUST00000105369	AGAATGCCCGCCTCACCCACCTCCACCTACCGCCCCTCAAAATCGCTACTATCCAT	80135415	80136494	-1079	80136873	-1458	80135471	-1023	-1402
ENSMUST00000105369	AGAATGCCCGCCTCACCCACCTCCACCTACCGCCCCTCAAAATCGCTACTATCCAT	80135415	80136494	-1079	80136873	-1458	80135471	-1023	-1402
ENSMUST00000105369	AGAATGCCCGCCTCACCCACCTCCACCTACCGCCCCTCAAAATCGCTACTATCCAT	80135415	80136494	-1079	80136873	-1458	80135471	-1023	-1402
ENSMUST00000105369	AGAATGCCCGCCTCACCCACCTCCACCTACCGCCCCTCAAAATCGCTACTATCCAT	80135415	80136938	-1523	80137287	-1872	80135471	-1467	-1816
ENSMUST00000105369	AGAATGCCCGCCTCACCCACCTCCACCTACCGCCCCTCAAAATCGCTACTATCCAT	80135415	80136938	-1523	80139085	-3670	80135471	-1467	-3614
ENSMUST00000111147	TCAAATATGGGGGATAATCTGGATGGGCTGCTGCTGTGCTCAATGTGAACTATTTA	103765807	103768903	-3096	103771696	-5889	103765863	-3040	-5833
ENSMUST00000111147	TCAAATATGGGGGATAATCTGGATGGGCTGCTGCTGTGCTCAATGTGAACTATTTA	103765807	103775765	-9958	103776104	-10297	103765863	-9902	-10241
ENSMUST00000111147	TCAAATATGGGGGATAATCTGGATGGGCTGCTGCTGTGCTCAATGTGAACTATTTA	103765807	103783205	-17398	103796187	-30380	103765863	-17342	-30324
ENSMUST00000111147	TCAAATATGGGGGATAATCTGGATGGGCTGCTGCTGTGCTCAATGTGAACTATTTA	103765807	103783205	-17398	103796730	-30923	103765863	-17342	-30867
ENSMUST00000078482	ACGTGGTAGCTCGGGATCCAGACCTGGGGGAGGCTGCCCGCGTGTCCTATCGCCTT	105762906	105759273	3633	105761802	1104	105762962	3689	1160
ENSMUST00000078482	ACGTGGTAGCTCGGGATCCAGACCTGGGGGAGGCTGCCCGCGTGTCCTATCGCCTT	105762906	105761023	1883	105761802	1104	105762962	1939	1160
ENSMUST00000169449	AAACAGGAAAGCCAGGCCCTAGCAGAGACTCCACTCTCTCTCCTCCTCTCCACATG	107469798	107471549	-1751	107473535	-3737	107469854	-1695	-3681
ENSMUST00000169449	AAACAGGAAAGCCAGGCCCTAGCAGAGACTCCACTCTCTCTCCTCCTCTCCACATG	107469798	107476920	-7122	107491419	-21621	107469854	-7066	-21565
ENSMUST00000169449	AAACAGGAAAGCCAGGCCCTAGCAGAGACTCCACTCTCTCTCCTCCTCTCCACATG	107469798	107476920	-7122	107493058	-23260	107469854	-7066	-23204
ENSMUST00000169449	AAACAGGAAAGCCAGGCCCTAGCAGAGACTCCACTCTCTCTCCTCCTCTCCACATG	107469798	107476920	-7122	107493058	-23260	107469854	-7066	-23204
ENSMUST00000169449	AAACAGGAAAGCCAGGCCCTAGCAGAGACTCCACTCTCTCTCCTCCTCTCCACATG	107469798	107477418	-7620	107493058	-23260	107469854	-7564	-23204
ENSMUST00000169449	AAACAGGAAAGCCAGGCCCTAGCAGAGACTCCACTCTCTCTCCTCCTCTCCACATG	107469798	107493240	-23442	107495665	-25867	107469854	-23386	-25811
ENSMUST00000039782	GCCCCTGAATGAGAAGGATATGGAGATGATTTGCAGGGCTCTGCTGGTGTACTGTG	160983729	160950187	33542	160957035	26694	160983785	33598	26750
ENSMUST00000039782	GCCCCTGAATGAGAAGGATATGGAGATGATTTGCAGGGCTCTGCTGGTGTACTGTG	160983729	160969555	14174	160977458	6271	160983785	14230	6327
ENSMUST00000039782	GCCCCTGAATGAGAAGGATATGGAGATGATTTGCAGGGCTCTGCTGGTGTACTGTG	160983729	160982713	1016	160983662	67	160983785	1072	123
ENSMUST00000039782	GCCCCTGAATGAGAAGGATATGGAGATGATTTGCAGGGCTCTGCTGGTGTACTGTG	160983729	160992279	-8550	161013021	-29292	160983785	-8494	-29236
ENSMUST00000039782	GCCCCTGAATGAGAAGGATATGGAGATGATTTGCAGGGCTCTGCTGGTGTACTGTG	160983729	161021088	-37359	161026248	-42519	160983785	-37303	-42463
ENSMUST00000039782	GCCCCTGAATGAGAAGGATATGGAGATGATTTGCAGGGCTCTGCTGGTGTACTGTG	160983729	161039343	-55614	161052387	-68658	160983785	-55558	-68602
ENSMUST00000039782	GCCCCTGAATGAGAAGGATATGGAGATGATTTGCAGGGCTCTGCTGGTGTACTGTG	160983729	161039343	-55614	161059918	-76189	160983785	-55558	-76133
ENSMUST00000039782	GCCCCTGAATGAGAAGGATATGGAGATGATTTGCAGGGCTCTGCTGGTGTACTGTG	160983729	161039343	-55614	161052387	-68658	160983785	-55558	-68602
ENSMUST00000039782	GCCCCTGAATGAGAAGGATATGGAGATGATTTGCAGGGCTCTGCTGGTGTACTGTG	160983729	161039343	-55614	161059918	-76189	160983785	-55558	-76133
ENSMUST00000039782	GCCCCTGAATGAGAAGGATATGGAGATGATTTGCAGGGCTCTGCTGGTGTACTGTG	160983729	161042129	-58400	161059918	-76189	160983785	-58344	-76133
ENSMUST00000101527	CATTTGGAACCATTGTTTTTACAGTCTTAGTATTCACCGTAACTCTGAAGCTCGCC	60240814	60225793	15021	60236556	4258	60238502	12709	1946
ENSMUST00000101527	CATTTGGAACCATTGTTTTTACAGTCTTAGTATTCACCGTAACTCTGAAGCTCGCC	60240814	60238573	2241	60242761	-1947	60238502	-71	-4259
ENSMUST00000101527	CATTTGGAACCATTGTTTTTACAGTCTTAGTATTCACCGTAACTCTGAAGCTCGCC	60240814	60281729	-40915	60290569	-49755	60238502	-43227	-52067
ENSMUST00000101527	CATTTGGAACCATTGTTTTTACAGTCTTAGTATTCACCGTAACTCTGAAGCTCGCC	60240814	60292383	-51569	60295188	-54374	60238502	-53881	-56686
ENSMUST00000088010	GCCCCGAAGACCAAGACTACTCCTCGACTTCCTCTGAGACCCCCAATCCTCCCAAAG	31158396	31173061	-14665	31174231	-15835	31158453	-14608	-15778
ENSMUST00000088010	GCCCCGAAGACCAAGACTACTCCTCGACTTCCTCTGAGACCCCCAATCCTCCCAAAG	31158396	31173061	-14665	31173767	-15371	31158453	-14608	-15314
ENSMUST00000088010	GCCCCGAAGACCAAGACTACTCCTCGACTTCCTCTGAGACCCCCAATCCTCCCAAAG	31158396	31174495	-16099	31179883	-21487	31158453	-16042	-21430
ENSMUST00000043624	CCAAGATAACTGCTTTTATGCAGGCTTTACCCCTGAAAAACTCCTTTCTACAGTGCT	86268794	86272563	-3769	86275373	-6579	86268851	-3712	-6522
ENSMUST00000043624	CCAAGATAACTGCTTTTATGCAGGCTTTACCCCTGAAAAACTCCTTTCTACAGTGCT	86268794	86272563	-3769	86276819	-8025	86268851	-3712	-7968
ENSMUST00000043624	CCAAGATAACTGCTTTTATGCAGGCTTTACCCCTGAAAAACTCCTTTCTACAGTGCT	86268794	86276968	-8174	86278763	-9969	86268851	-8117	-9912
ENSMUST00000043624	CCAAGATAACTGCTTTTATGCAGGCTTTACCCCTGAAAAACTCCTTTCTACAGTGCT	86268794	86301555	-32761	86306983	-38189	86268851	-32704	-38132
ENSMUST00000043624	CCAAGATAACTGCTTTTATGCAGGCTTTACCCCTGAAAAACTCCTTTCTACAGTGCT	86268794	86327912	-59118	86329167	-60373	86268851	-59061	-60316
ENSMUST00000043624	CCAAGATAACTGCTTTTATGCAGGCTTTACCCCTGAAAAACTCCTTTCTACAGTGCT	86268794	86332028	-63234	86355273	-86479	86268851	-63177	-86422
ENSMUST00000043624	CCAAGATAACTGCTTTTATGCAGGCTTTACCCCTGAAAAACTCCTTTCTACAGTGCT	86268794	86272563	-3769	86275373	-6579	86268851	-3712	-6522
ENSMUST00000043624	CCAAGATAACTGCTTTTATGCAGGCTTTACCCCTGAAAAACTCCTTTCTACAGTGCT	86268794	86272563	-3769	86276819	-8025	86268851	-3712	-7968
ENSMUST00000043624	CCAAGATAACTGCTTTTATGCAGGCTTTACCCCTGAAAAACTCCTTTCTACAGTGCT	86268794	86276968	-8174	86278763	-9969	86268851	-8117	-9912
ENSMUST00000043624	CCAAGATAACTGCTTTTATGCAGGCTTTACCCCTGAAAAACTCCTTTCTACAGTGCT	86268794	86301555	-32761	86306983	-38189	86268851	-32704	-38132
ENSMUST00000043624	CCAAGATAACTGCTTTTATGCAGGCTTTACCCCTGAAAAACTCCTTTCTACAGTGCT	86268794	86327912	-59118	86329167	-60373	86268851	-59061	-60316
ENSMUST00000043624	CCAAGATAACTGCTTTTATGCAGGCTTTACCCCTGAAAAACTCCTTTCTACAGTGCT	86268794	86332028	-63234	86355273	-86479	86268851	-63177	-86422
ENSMUST00000043624	CCAAGATAACTGCTTTTATGCAGGCTTTACCCCTGAAAAACTCCTTTCTACAGTGCT	86268794	86272563	-3769	86275373	-6579	86268851	-3712	-6522
ENSMUST00000043624	CCAAGATAACTGCTTTTATGCAGGCTTTACCCCTGAAAAACTCCTTTCTACAGTGCT	86268794	86272563	-3769	86276819	-8025	86268851	-3712	-7968
ENSMUST00000043624	CCAAGATAACTGCTTTTATGCAGGCTTTACCCCTGAAAAACTCCTTTCTACAGTGCT	86268794	86276968	-8174	86278763	-9969	86268851	-8117	-9912
ENSMUST00000043624	CCAAGATAACTGCTTTTATGCAGGCTTTACCCCTGAAAAACTCCTTTCTACAGTGCT	86268794	86301555	-32761	86306983	-38189	86268851	-32704	-38132
ENSMUST00000043624	CCAAGATAACTGCTTTTATGCAGGCTTTACCCCTGAAAAACTCCTTTCTACAGTGCT	86268794	86327912	-59118	86329167	-60373	86268851	-59061	-60316
ENSMUST00000043624	CCAAGATAACTGCTTTTATGCAGGCTTTACCCCTGAAAAACTCCTTTCTACAGTGCT	86268794	86332028	-63234	86355273	-86479	86268851	-63177	-86422
ENSMUST00000100143	TTGAGGAAGACCATCTTTCCCATTATTCTCCCTGGTCTTGTGGTACCATAGGCTCTT	37378898	37376790	2108	37377133	1765	37378955	2165	1822
ENSMUST00000100143	TTGAGGAAGACCATCTTTCCCATTATTCTCCCTGGTCTTGTGGTACCATAGGCTCTT	37378898	37385460	-6562	37398243	-19345	37378955	-6505	-19288
ENSMUST00000100143	TTGAGGAAGACCATCTTTCCCATTATTCTCCCTGGTCTTGTGGTACCATAGGCTCTT	37378898	37385460	-6562	37398243	-19345	37378955	-6505	-19288
ENSMUST00000100143	TTGAGGAAGACCATCTTTCCCATTATTCTCCCTGGTCTTGTGGTACCATAGGCTCTT	37378898	37389774	-10876	37398243	-19345	37378955	-10819	-19288
ENSMUST00000100143	TTGAGGAAGACCATCTTTCCCATTATTCTCCCTGGTCTTGTGGTACCATAGGCTCTT	37378898	37414812	-35914	37422766	-43868	37378955	-35857	-43811
ENSMUST00000100143	TTGAGGAAGACCATCTTTCCCATTATTCTCCCTGGTCTTGTGGTACCATAGGCTCTT	37378898	37376790	2108	37377133	1765	37378955	2165	1822
ENSMUST00000100143	TTGAGGAAGACCATCTTTCCCATTATTCTCCCTGGTCTTGTGGTACCATAGGCTCTT	37378898	37385460	-6562	37398243	-19345	37378955	-6505	-19288
ENSMUST00000100143	TTGAGGAAGACCATCTTTCCCATTATTCTCCCTGGTCTTGTGGTACCATAGGCTCTT	37378898	37385460	-6562	37398243	-19345	37378955	-6505	-19288
ENSMUST00000100143	TTGAGGAAGACCATCTTTCCCATTATTCTCCCTGGTCTTGTGGTACCATAGGCTCTT	37378898	37389774	-10876	37398243	-19345	37378955	-10819	-19288
ENSMUST00000100143	TTGAGGAAGACCATCTTTCCCATTATTCTCCCTGGTCTTGTGGTACCATAGGCTCTT	37378898	37414812	-35914	37422766	-43868	37378955	-35857	-43811
ENSMUST00000103186	ACTGCCCTGCAGCCCCAGTGACAGGAGGAGACCATACTCCCCGACAGCGCCATGGCC	86757473	86695690	61783	86702208	55265	86757530	61840	55322
ENSMUST00000103186	ACTGCCCTGCAGCCCCAGTGACAGGAGGAGACCATACTCCCCGACAGCGCCATGGCC	86757473	86697340	60133	86702208	55265	86757530	60190	55322
ENSMUST00000103186	ACTGCCCTGCAGCCCCAGTGACAGGAGGAGACCATACTCCCCGACAGCGCCATGGCC	86757473	86725271	32202	86730210	27263	86757530	32259	27320
ENSMUST00000103186	ACTGCCCTGCAGCCCCAGTGACAGGAGGAGACCATACTCCCCGACAGCGCCATGGCC	86757473	86730831	26642	86733575	23898	86757530	26699	23955
ENSMUST00000103186	ACTGCCCTGCAGCCCCAGTGACAGGAGGAGACCATACTCCCCGACAGCGCCATGGCC	86757473	86733844	23629	86757247	226	86757530	23686	283
ENSMUST00000103186	ACTGCCCTGCAGCCCCAGTGACAGGAGGAGACCATACTCCCCGACAGCGCCATGGCC	86757473	86733844	23629	86757247	226	86757530	23686	283
ENSMUST00000103186	ACTGCCCTGCAGCCCCAGTGACAGGAGGAGACCATACTCCCCGACAGCGCCATGGCC	86757473	86695690	61783	86702208	55265	86757530	61840	55322
ENSMUST00000103186	ACTGCCCTGCAGCCCCAGTGACAGGAGGAGACCATACTCCCCGACAGCGCCATGGCC	86757473	86697340	60133	86702208	55265	86757530	60190	55322
ENSMUST00000103186	ACTGCCCTGCAGCCCCAGTGACAGGAGGAGACCATACTCCCCGACAGCGCCATGGCC	86757473	86725271	32202	86730210	27263	86757530	32259	27320
ENSMUST00000103186	ACTGCCCTGCAGCCCCAGTGACAGGAGGAGACCATACTCCCCGACAGCGCCATGGCC	86757473	86730831	26642	86733575	23898	86757530	26699	23955
ENSMUST00000103186	ACTGCCCTGCAGCCCCAGTGACAGGAGGAGACCATACTCCCCGACAGCGCCATGGCC	86757473	86733844	23629	86757247	226	86757530	23686	283
ENSMUST00000103186	ACTGCCCTGCAGCCCCAGTGACAGGAGGAGACCATACTCCCCGACAGCGCCATGGCC	86757473	86733844	23629	86757247	226	86757530	23686	283
ENSMUST00000087517	CTCTCTTTGGGAAAAAGAAATCATTTGAGCCGTCTGGAAAAGAATCTGTTGGGTCTA	180658396	180672418	-14022	180673474	-15078	180658453	-13965	-15021
ENSMUST00000087517	CTCTCTTTGGGAAAAAGAAATCATTTGAGCCGTCTGGAAAAGAATCTGTTGGGTCTA	180658396	180673591	-15195	180674967	-16571	180658453	-15138	-16514
ENSMUST00000087517	CTCTCTTTGGGAAAAAGAAATCATTTGAGCCGTCTGGAAAAGAATCTGTTGGGTCTA	180658396	180685176	-26780	180691863	-33467	180658453	-26723	-33410
ENSMUST00000087517	CTCTCTTTGGGAAAAAGAAATCATTTGAGCCGTCTGGAAAAGAATCTGTTGGGTCTA	180658396	180687797	-29401	180691863	-33467	180658453	-29344	-33410
ENSMUST00000087517	CTCTCTTTGGGAAAAAGAAATCATTTGAGCCGTCTGGAAAAGAATCTGTTGGGTCTA	180658396	180689655	-31259	180691863	-33467	180658453	-31202	-33410
ENSMUST00000073687	CCAGGGTCCGCATTGCCTCCAGCTACCACTCTGAAGGGGACGGAGACACCTCCTACC	24158571	24158754	-183	24164030	-5459	24158628	-126	-5402
ENSMUST00000073687	CCAGGGTCCGCATTGCCTCCAGCTACCACTCTGAAGGGGACGGAGACACCTCCTACC	24158571	24190501	-31930	24192791	-34220	24158628	-31873	-34163
ENSMUST00000073687	CCAGGGTCCGCATTGCCTCCAGCTACCACTCTGAAGGGGACGGAGACACCTCCTACC	24158571	24192954	-34383	24245146	-86575	24158628	-34326	-86518
ENSMUST00000200299	GAAAACATCGTGGCGCTGTATGACTTCCAGGAAATGGCTAATTCTGTCTACCTGGTCA	110809019	110786227	22792	110787083	21936	110799155	12928	12072
ENSMUST00000200299	GAAAACATCGTGGCGCTGTATGACTTCCAGGAAATGGCTAATTCTGTCTACCTGGTCA	110809019	110793113	15906	110793814	15205	110799155	6042	5341
ENSMUST00000200299	GAAAACATCGTGGCGCTGTATGACTTCCAGGAAATGGCTAATTCTGTCTACCTGGTCA	110809019	110794667	14352	110795731	13288	110799155	4488	3424
ENSMUST00000200299	GAAAACATCGTGGCGCTGTATGACTTCCAGGAAATGGCTAATTCTGTCTACCTGGTCA	110809019	110796500	12519	110799123	9896	110799155	2655	32
ENSMUST00000200299	GAAAACATCGTGGCGCTGTATGACTTCCAGGAAATGGCTAATTCTGTCTACCTGGTCA	110809019	110796500	12519	110809004	15	110799155	2655	-9849
ENSMUST00000107757	GTTGGACCCTCACTACCCCAAAGTCTGTGGGCACAGAGGGAACGTCTTGGACATCAAA	46551340	46551445	-105	46601816	-50476	46551398	-47	-50418
ENSMUST00000113615	CTTCACTGTCCTCCTCTTCCACTTCGACTACCCGAGGCTCTCACAGGGCTTCCTGCTT	5674985	5665247	9738	5665707	9278	5675043	9796	9336
ENSMUST00000113615	CTTCACTGTCCTCCTCTTCCACTTCGACTACCCGAGGCTCTCACAGGGCTTCCTGCTT	5674985	5671776	3209	5672757	2228	5675043	3267	2286
ENSMUST00000113615	CTTCACTGTCCTCCTCTTCCACTTCGACTACCCGAGGCTCTCACAGGGCTTCCTGCTT	5674985	5680000	-5015	5681431	-6446	5675043	-4957	-6388
ENSMUST00000105799	ACCACCTTCCTCCTGCCAGGCCAAAAGCACCTATGTGTCACCAGCCTCCTCATCTGCC	140516754	140516868	-114	140521164	-4410	140516812	-56	-4352
ENSMUST00000105799	ACCACCTTCCTCCTGCCAGGCCAAAAGCACCTATGTGTCACCAGCCTCCTCATCTGCC	140516754	140547086	-30332	140552527	-35773	140516812	-30274	-35715
ENSMUST00000105799	ACCACCTTCCTCCTGCCAGGCCAAAAGCACCTATGTGTCACCAGCCTCCTCATCTGCC	140516754	140547086	-30332	140562713	-45959	140516812	-30274	-45901
ENSMUST00000105799	ACCACCTTCCTCCTGCCAGGCCAAAAGCACCTATGTGTCACCAGCCTCCTCATCTGCC	140516754	140552649	-35895	140564186	-47432	140516812	-35837	-47374
ENSMUST00000105799	ACCACCTTCCTCCTGCCAGGCCAAAAGCACCTATGTGTCACCAGCCTCCTCATCTGCC	140516754	140568520	-51766	140570256	-53502	140516812	-51708	-53444
ENSMUST00000105799	ACCACCTTCCTCCTGCCAGGCCAAAAGCACCTATGTGTCACCAGCCTCCTCATCTGCC	140516754	140583932	-67178	140591817	-75063	140516812	-67120	-75005
ENSMUST00000105799	ACCACCTTCCTCCTGCCAGGCCAAAAGCACCTATGTGTCACCAGCCTCCTCATCTGCC	140516754	140616992	-100238	140649335	-132581	140516812	-100180	-132523
ENSMUST00000208290	GAAACTGACAGGGCAGAAGTGACTGAGCCAGGTGTCACCACTGAGCTGGTCCACTTTG	112653641	112640673	12968	112641552	12089	112653699	13026	12147
ENSMUST00000208290	GAAACTGACAGGGCAGAAGTGACTGAGCCAGGTGTCACCACTGAGCTGGTCCACTTTG	112653641	112645310	8331	112652458	1183	112653699	8389	1241
ENSMUST00000208290	GAAACTGACAGGGCAGAAGTGACTGAGCCAGGTGTCACCACTGAGCTGGTCCACTTTG	112653641	112647119	6522	112649272	4369	112653699	6580	4427
ENSMUST00000208290	GAAACTGACAGGGCAGAAGTGACTGAGCCAGGTGTCACCACTGAGCTGGTCCACTTTG	112653641	112647119	6522	112650111	3530	112653699	6580	3588
ENSMUST00000208290	GAAACTGACAGGGCAGAAGTGACTGAGCCAGGTGTCACCACTGAGCTGGTCCACTTTG	112653641	112647119	6522	112652458	1183	112653699	6580	1241
ENSMUST00000208290	GAAACTGACAGGGCAGAAGTGACTGAGCCAGGTGTCACCACTGAGCTGGTCCACTTTG	112653641	112653786	-145	112656499	-2858	112653699	-87	-2800
ENSMUST00000208290	GAAACTGACAGGGCAGAAGTGACTGAGCCAGGTGTCACCACTGAGCTGGTCCACTTTG	112653641	112667896	-14255	112669230	-15589	112653699	-14197	-15531
ENSMUST00000208290	GAAACTGACAGGGCAGAAGTGACTGAGCCAGGTGTCACCACTGAGCTGGTCCACTTTG	112653641	112670693	-17052	112675268	-21627	112653699	-16994	-21569
ENSMUST00000208290	GAAACTGACAGGGCAGAAGTGACTGAGCCAGGTGTCACCACTGAGCTGGTCCACTTTG	112653641	112670693	-17052	112675268	-21627	112653699	-16994	-21569
ENSMUST00000208290	GAAACTGACAGGGCAGAAGTGACTGAGCCAGGTGTCACCACTGAGCTGGTCCACTTTG	112653641	112678547	-24906	112686574	-32933	112653699	-24848	-32875
ENSMUST00000208290	GAAACTGACAGGGCAGAAGTGACTGAGCCAGGTGTCACCACTGAGCTGGTCCACTTTG	112653641	112712540	-58899	112728846	-75205	112653699	-58841	-75147
ENSMUST00000208290	GAAACTGACAGGGCAGAAGTGACTGAGCCAGGTGTCACCACTGAGCTGGTCCACTTTG	112653641	112718129	-64488	112730305	-76664	112653699	-64430	-76606
ENSMUST00000208290	GAAACTGACAGGGCAGAAGTGACTGAGCCAGGTGTCACCACTGAGCTGGTCCACTTTG	112653641	112846140	-192499	112849477	-195836	112653699	-192441	-195778
ENSMUST00000208290	GAAACTGACAGGGCAGAAGTGACTGAGCCAGGTGTCACCACTGAGCTGGTCCACTTTG	112653641	112867378	-213737	112874933	-221292	112653699	-213679	-221234
ENSMUST00000208290	GAAACTGACAGGGCAGAAGTGACTGAGCCAGGTGTCACCACTGAGCTGGTCCACTTTG	112653641	112869109	-215468	112886491	-232850	112653699	-215410	-232792
ENSMUST00000050556	TTTTAAATGCTCTGTTCATACTCTTGTTTTATAATTAAAATTTACATTCATTATGTGT	41788750	41788949	-199	41794226	-5476	41788808	-141	-5418
ENSMUST00000050556	TTTTAAATGCTCTGTTCATACTCTTGTTTTATAATTAAAATTTACATTCATTATGTGT	41788750	41822160	-33410	41823968	-35218	41788808	-33352	-35160
ENSMUST00000050556	TTTTAAATGCTCTGTTCATACTCTTGTTTTATAATTAAAATTTACATTCATTATGTGT	41788750	41826601	-37851	41828752	-40002	41788808	-37793	-39944
ENSMUST00000039926	TTTATTTATTTAAGCTAGTGATCTGGCAACTGTGCGGGGCGGCCCTAAAGCTCTGTTTT	142080792	142083030	-2238	142083591	-2799	142080851	-2179	-2740
ENSMUST00000100024	GGTTTTCGATACTGCAACCTCCTCAAATATTAGCACTGCCTCCCCGCGCCTGTCCTATT	28445927	28162535	283392	28372912	73015	28445986	283451	73074
ENSMUST00000100024	GGTTTTCGATACTGCAACCTCCTCAAATATTAGCACTGCCTCCCCGCGCCTGTCCTATT	28445927	28162535	283392	28398277	47650	28445986	283451	47709
ENSMUST00000100024	GGTTTTCGATACTGCAACCTCCTCAAATATTAGCACTGCCTCCCCGCGCCTGTCCTATT	28445927	28162535	283392	28398277	47650	28445986	283451	47709
ENSMUST00000100024	GGTTTTCGATACTGCAACCTCCTCAAATATTAGCACTGCCTCCCCGCGCCTGTCCTATT	28445927	28189632	256295	28398277	47650	28445986	256354	47709
ENSMUST00000100024	GGTTTTCGATACTGCAACCTCCTCAAATATTAGCACTGCCTCCCCGCGCCTGTCCTATT	28445927	28373016	72911	28444992	935	28445986	72970	994
ENSMUST00000003501	TAACTATTTATTCTCCTTGTTGGCCTGTAAGGACCTTTGTGTATATTTCTGTTCCTTCA	22017819	22018854	-1035	22026172	-8353	22017878	-976	-8294
ENSMUST00000003501	TAACTATTTATTCTCCTTGTTGGCCTGTAAGGACCTTTGTGTATATTTCTGTTCCTTCA	22017819	22024712	-6893	22026507	-8688	22017878	-6834	-8629
ENSMUST00000085701	AGAAAGGGGGGTGGACATACGCTATGGACTTTCCTGCCACCTACACTAGAGACAAGAAA	144217403	144196458	20945	144198554	18849	144216957	20499	18403
ENSMUST00000085701	AGAAAGGGGGGTGGACATACGCTATGGACTTTCCTGCCACCTACACTAGAGACAAGAAA	144217403	144198690	18713	144199729	17674	144216957	18267	17228
ENSMUST00000085701	AGAAAGGGGGGTGGACATACGCTATGGACTTTCCTGCCACCTACACTAGAGACAAGAAA	144217403	144199309	18094	144200814	16589	144216957	17648	16143
ENSMUST00000085701	AGAAAGGGGGGTGGACATACGCTATGGACTTTCCTGCCACCTACACTAGAGACAAGAAA	144217403	144199786	17617	144201011	16392	144216957	17171	15946
ENSMUST00000085701	AGAAAGGGGGGTGGACATACGCTATGGACTTTCCTGCCACCTACACTAGAGACAAGAAA	144217403	144201108	16295	144204624	12779	144216957	15849	12333
ENSMUST00000085701	AGAAAGGGGGGTGGACATACGCTATGGACTTTCCTGCCACCTACACTAGAGACAAGAAA	144217403	144217408	-5	144223494	-6091	144216957	-451	-6537
ENSMUST00000075387	GCACACGCCTGCCCTAAGGAAGGGTCTGCCGTCCCTGAAGCAACTCAACTCGGCCCGGA	112475211	112426758	48453	112436282	38929	112475270	48512	38988
ENSMUST00000075387	GCACACGCCTGCCCTAAGGAAGGGTCTGCCGTCCCTGAAGCAACTCAACTCGGCCCGGA	112475211	112426758	48453	112438401	36810	112475270	48512	36869
ENSMUST00000075387	GCACACGCCTGCCCTAAGGAAGGGTCTGCCGTCCCTGAAGCAACTCAACTCGGCCCGGA	112475211	112426758	48453	112438401	36810	112475270	48512	36869
ENSMUST00000075387	GCACACGCCTGCCCTAAGGAAGGGTCTGCCGTCCCTGAAGCAACTCAACTCGGCCCGGA	112475211	112428570	46641	112438401	36810	112475270	46700	36869
ENSMUST00000075387	GCACACGCCTGCCCTAAGGAAGGGTCTGCCGTCCCTGAAGCAACTCAACTCGGCCCGGA	112475211	112436474	38737	112440813	34398	112475270	38796	34457
ENSMUST00000075387	GCACACGCCTGCCCTAAGGAAGGGTCTGCCGTCCCTGAAGCAACTCAACTCGGCCCGGA	112475211	112466111	9100	112576771	-101560	112475270	9159	-101501
ENSMUST00000042661	GCAGGCCACAAGGTGAATGTATATAGCATGAGAGGCGGGCACTGCCCGGACGTGGCTGT	140622525	140623531	-1006	140626450	-3925	140622584	-947	-3866
ENSMUST00000042661	GCAGGCCACAAGGTGAATGTATATAGCATGAGAGGCGGGCACTGCCCGGACGTGGCTGT	140622525	140623531	-1006	140627121	-4596	140622584	-947	-4537
ENSMUST00000042661	GCAGGCCACAAGGTGAATGTATATAGCATGAGAGGCGGGCACTGCCCGGACGTGGCTGT	140622525	140631585	-9060	140633264	-10739	140622584	-9001	-10680
ENSMUST00000042661	GCAGGCCACAAGGTGAATGTATATAGCATGAGAGGCGGGCACTGCCCGGACGTGGCTGT	140622525	140631585	-9060	140633563	-11038	140622584	-9001	-10979
ENSMUST00000042661	GCAGGCCACAAGGTGAATGTATATAGCATGAGAGGCGGGCACTGCCCGGACGTGGCTGT	140622525	140633636	-11111	140635181	-12656	140622584	-11052	-12597
ENSMUST00000052550	AACCATTACACGGGCTTTCATTAACGGGACGGGACTAGAGACAGTTATTTCAAGAGATA	41282237	40597074	685163	40600253	681984	41269187	672113	668934
ENSMUST00000052550	AACCATTACACGGGCTTTCATTAACGGGACGGGACTAGAGACAGTTATTTCAAGAGATA	41282237	40637880	644357	40657363	624874	41269187	631307	611824
ENSMUST00000052550	AACCATTACACGGGCTTTCATTAACGGGACGGGACTAGAGACAGTTATTTCAAGAGATA	41282237	40661576	620661	40665072	617165	41269187	607611	604115
ENSMUST00000052550	AACCATTACACGGGCTTTCATTAACGGGACGGGACTAGAGACAGTTATTTCAAGAGATA	41282237	40663789	618448	40677490	604747	41269187	605398	591697
ENSMUST00000052550	AACCATTACACGGGCTTTCATTAACGGGACGGGACTAGAGACAGTTATTTCAAGAGATA	41282237	40703939	578298	40725381	556856	41269187	565248	543806
ENSMUST00000052550	AACCATTACACGGGCTTTCATTAACGGGACGGGACTAGAGACAGTTATTTCAAGAGATA	41282237	40742868	539369	40801391	480846	41269187	526319	467796
ENSMUST00000052550	AACCATTACACGGGCTTTCATTAACGGGACGGGACTAGAGACAGTTATTTCAAGAGATA	41282237	40821734	460503	40851630	430607	41269187	447453	417557
ENSMUST00000052550	AACCATTACACGGGCTTTCATTAACGGGACGGGACTAGAGACAGTTATTTCAAGAGATA	41282237	40822695	459542	40858401	423836	41269187	446492	410786
ENSMUST00000052550	AACCATTACACGGGCTTTCATTAACGGGACGGGACTAGAGACAGTTATTTCAAGAGATA	41282237	40858583	423654	40869114	413123	41269187	410604	400073
ENSMUST00000052550	AACCATTACACGGGCTTTCATTAACGGGACGGGACTAGAGACAGTTATTTCAAGAGATA	41282237	40882268	399969	40889221	393016	41269187	386919	379966
ENSMUST00000052550	AACCATTACACGGGCTTTCATTAACGGGACGGGACTAGAGACAGTTATTTCAAGAGATA	41282237	40882268	399969	40902976	379261	41269187	386919	366211
ENSMUST00000052550	AACCATTACACGGGCTTTCATTAACGGGACGGGACTAGAGACAGTTATTTCAAGAGATA	41282237	40919255	362982	40927200	355037	41269187	349932	341987
ENSMUST00000052550	AACCATTACACGGGCTTTCATTAACGGGACGGGACTAGAGACAGTTATTTCAAGAGATA	41282237	40928022	354215	41004567	277670	41269187	341165	264620
ENSMUST00000052550	AACCATTACACGGGCTTTCATTAACGGGACGGGACTAGAGACAGTTATTTCAAGAGATA	41282237	41296160	-13923	41312475	-30238	41269187	-26973	-43288
ENSMUST00000052550	AACCATTACACGGGCTTTCATTAACGGGACGGGACTAGAGACAGTTATTTCAAGAGATA	41282237	41476815	-194578	41501998	-219761	41269187	-207628	-232811
ENSMUST00000178410	GTCATTCGCCCAGATCTACAGCTGGAATTCTGTGCTGAAGGGTCTAAAAACTCTTTTTA	112187887	112119309	68578	112127278	60609	112185629	66320	58351
ENSMUST00000178410	GTCATTCGCCCAGATCTACAGCTGGAATTCTGTGCTGAAGGGTCTAAAAACTCTTTTTA	112187887	112125000	62887	112127278	60609	112185629	60629	58351
ENSMUST00000178410	GTCATTCGCCCAGATCTACAGCTGGAATTCTGTGCTGAAGGGTCTAAAAACTCTTTTTA	112187887	112127460	60427	112143308	44579	112185629	58169	42321
ENSMUST00000178410	GTCATTCGCCCAGATCTACAGCTGGAATTCTGTGCTGAAGGGTCTAAAAACTCTTTTTA	112187887	112136681	51206	112147422	40465	112185629	48948	38207
ENSMUST00000178410	GTCATTCGCCCAGATCTACAGCTGGAATTCTGTGCTGAAGGGTCTAAAAACTCTTTTTA	112187887	112136681	51206	112176094	11793	112185629	48948	9535
ENSMUST00000178410	GTCATTCGCCCAGATCTACAGCTGGAATTCTGTGCTGAAGGGTCTAAAAACTCTTTTTA	112187887	112136681	51206	112176094	11793	112185629	48948	9535
ENSMUST00000178410	GTCATTCGCCCAGATCTACAGCTGGAATTCTGTGCTGAAGGGTCTAAAAACTCTTTTTA	112187887	112143538	44349	112149334	38553	112185629	42091	36295
ENSMUST00000178410	GTCATTCGCCCAGATCTACAGCTGGAATTCTGTGCTGAAGGGTCTAAAAACTCTTTTTA	112187887	112143538	44349	112176094	11793	112185629	42091	9535
ENSMUST00000178410	GTCATTCGCCCAGATCTACAGCTGGAATTCTGTGCTGAAGGGTCTAAAAACTCTTTTTA	112187887	112143538	44349	112155417	32470	112185629	42091	30212
ENSMUST00000178410	GTCATTCGCCCAGATCTACAGCTGGAATTCTGTGCTGAAGGGTCTAAAAACTCTTTTTA	112187887	112143538	44349	112176094	11793	112185629	42091	9535
ENSMUST00000178410	GTCATTCGCCCAGATCTACAGCTGGAATTCTGTGCTGAAGGGTCTAAAAACTCTTTTTA	112187887	112147482	40405	112176094	11793	112185629	38147	9535
ENSMUST00000178410	GTCATTCGCCCAGATCTACAGCTGGAATTCTGTGCTGAAGGGTCTAAAAACTCTTTTTA	112187887	112149372	38515	112157689	30198	112185629	36257	27940
ENSMUST00000178410	GTCATTCGCCCAGATCTACAGCTGGAATTCTGTGCTGAAGGGTCTAAAAACTCTTTTTA	112187887	112143538	44349	112176094	11793	112185629	42091	9535
ENSMUST00000178410	GTCATTCGCCCAGATCTACAGCTGGAATTCTGTGCTGAAGGGTCTAAAAACTCTTTTTA	112187887	112149372	38515	112176094	11793	112185629	36257	9535
ENSMUST00000178410	GTCATTCGCCCAGATCTACAGCTGGAATTCTGTGCTGAAGGGTCTAAAAACTCTTTTTA	112187887	112149372	38515	112176094	11793	112185629	36257	9535
ENSMUST00000178410	GTCATTCGCCCAGATCTACAGCTGGAATTCTGTGCTGAAGGGTCTAAAAACTCTTTTTA	112187887	112155519	32368	112176094	11793	112185629	30110	9535
ENSMUST00000178410	GTCATTCGCCCAGATCTACAGCTGGAATTCTGTGCTGAAGGGTCTAAAAACTCTTTTTA	112187887	112067309	120578	112177657	10230	112185629	118320	7972
ENSMUST00000178410	GTCATTCGCCCAGATCTACAGCTGGAATTCTGTGCTGAAGGGTCTAAAAACTCTTTTTA	112187887	112176235	11652	112177657	10230	112185629	9394	7972
ENSMUST00000178410	GTCATTCGCCCAGATCTACAGCTGGAATTCTGTGCTGAAGGGTCTAAAAACTCTTTTTA	112187887	112177736	10151	112183494	4393	112185629	7893	2135
ENSMUST00000178410	GTCATTCGCCCAGATCTACAGCTGGAATTCTGTGCTGAAGGGTCTAAAAACTCTTTTTA	112187887	112182820	5067	112184268	3619	112185629	2809	1361
ENSMUST00000178410	GTCATTCGCCCAGATCTACAGCTGGAATTCTGTGCTGAAGGGTCTAAAAACTCTTTTTA	112187887	112185769	2118	112187589	298	112185629	-140	-1960
ENSMUST00000178410	GTCATTCGCCCAGATCTACAGCTGGAATTCTGTGCTGAAGGGTCTAAAAACTCTTTTTA	112187887	112185769	2118	112233091	-45204	112185629	-140	-47462
ENSMUST00000178410	GTCATTCGCCCAGATCTACAGCTGGAATTCTGTGCTGAAGGGTCTAAAAACTCTTTTTA	112187887	112185769	2118	112234309	-46422	112185629	-140	-48680
ENSMUST00000178410	GTCATTCGCCCAGATCTACAGCTGGAATTCTGTGCTGAAGGGTCTAAAAACTCTTTTTA	112187887	112187766	121	112233091	-45204	112185629	-2137	-47462
ENSMUST00000178410	GTCATTCGCCCAGATCTACAGCTGGAATTCTGTGCTGAAGGGTCTAAAAACTCTTTTTA	112187887	112187766	121	112233645	-45758	112185629	-2137	-48016
ENSMUST00000178410	GTCATTCGCCCAGATCTACAGCTGGAATTCTGTGCTGAAGGGTCTAAAAACTCTTTTTA	112187887	112187766	121	112233796	-45909	112185629	-2137	-48167
ENSMUST00000178410	GTCATTCGCCCAGATCTACAGCTGGAATTCTGTGCTGAAGGGTCTAAAAACTCTTTTTA	112187887	112187766	121	112234309	-46422	112185629	-2137	-48680
ENSMUST00000178410	GTCATTCGCCCAGATCTACAGCTGGAATTCTGTGCTGAAGGGTCTAAAAACTCTTTTTA	112187887	112187766	121	112235649	-47762	112185629	-2137	-50020
ENSMUST00000178410	GTCATTCGCCCAGATCTACAGCTGGAATTCTGTGCTGAAGGGTCTAAAAACTCTTTTTA	112187887	112187766	121	112217227	-29340	112185629	-2137	-31598
ENSMUST00000178410	GTCATTCGCCCAGATCTACAGCTGGAATTCTGTGCTGAAGGGTCTAAAAACTCTTTTTA	112187887	112187766	121	112217255	-29368	112185629	-2137	-31626
ENSMUST00000162065	CAGGGGCGACAGCACGTCCAGTACCAGGAGTGCTGGGAAACTGTCCAAAACAGGTTCTG	112143496	112119309	24187	112127278	16218	112136471	17162	9193
ENSMUST00000162065	CAGGGGCGACAGCACGTCCAGTACCAGGAGTGCTGGGAAACTGTCCAAAACAGGTTCTG	112143496	112125000	18496	112127278	16218	112136471	11471	9193
ENSMUST00000162065	CAGGGGCGACAGCACGTCCAGTACCAGGAGTGCTGGGAAACTGTCCAAAACAGGTTCTG	112143496	112127460	16036	112143308	188	112136471	9011	-6837
ENSMUST00000162065	CAGGGGCGACAGCACGTCCAGTACCAGGAGTGCTGGGAAACTGTCCAAAACAGGTTCTG	112143496	112136681	6815	112147422	-3926	112136471	-210	-10951
ENSMUST00000162065	CAGGGGCGACAGCACGTCCAGTACCAGGAGTGCTGGGAAACTGTCCAAAACAGGTTCTG	112143496	112136681	6815	112176094	-32598	112136471	-210	-39623
ENSMUST00000162065	CAGGGGCGACAGCACGTCCAGTACCAGGAGTGCTGGGAAACTGTCCAAAACAGGTTCTG	112143496	112136681	6815	112176094	-32598	112136471	-210	-39623
ENSMUST00000162065	CAGGGGCGACAGCACGTCCAGTACCAGGAGTGCTGGGAAACTGTCCAAAACAGGTTCTG	112143496	112143538	-42	112149334	-5838	112136471	-7067	-12863
ENSMUST00000162065	CAGGGGCGACAGCACGTCCAGTACCAGGAGTGCTGGGAAACTGTCCAAAACAGGTTCTG	112143496	112143538	-42	112176094	-32598	112136471	-7067	-39623
ENSMUST00000162065	CAGGGGCGACAGCACGTCCAGTACCAGGAGTGCTGGGAAACTGTCCAAAACAGGTTCTG	112143496	112143538	-42	112155417	-11921	112136471	-7067	-18946
ENSMUST00000162065	CAGGGGCGACAGCACGTCCAGTACCAGGAGTGCTGGGAAACTGTCCAAAACAGGTTCTG	112143496	112143538	-42	112176094	-32598	112136471	-7067	-39623
ENSMUST00000162065	CAGGGGCGACAGCACGTCCAGTACCAGGAGTGCTGGGAAACTGTCCAAAACAGGTTCTG	112143496	112147482	-3986	112176094	-32598	112136471	-11011	-39623
ENSMUST00000162065	CAGGGGCGACAGCACGTCCAGTACCAGGAGTGCTGGGAAACTGTCCAAAACAGGTTCTG	112143496	112149372	-5876	112157689	-14193	112136471	-12901	-21218
ENSMUST00000162065	CAGGGGCGACAGCACGTCCAGTACCAGGAGTGCTGGGAAACTGTCCAAAACAGGTTCTG	112143496	112143538	-42	112176094	-32598	112136471	-7067	-39623
ENSMUST00000162065	CAGGGGCGACAGCACGTCCAGTACCAGGAGTGCTGGGAAACTGTCCAAAACAGGTTCTG	112143496	112149372	-5876	112176094	-32598	112136471	-12901	-39623
ENSMUST00000162065	CAGGGGCGACAGCACGTCCAGTACCAGGAGTGCTGGGAAACTGTCCAAAACAGGTTCTG	112143496	112149372	-5876	112176094	-32598	112136471	-12901	-39623
ENSMUST00000162065	CAGGGGCGACAGCACGTCCAGTACCAGGAGTGCTGGGAAACTGTCCAAAACAGGTTCTG	112143496	112155519	-12023	112176094	-32598	112136471	-19048	-39623
ENSMUST00000162065	CAGGGGCGACAGCACGTCCAGTACCAGGAGTGCTGGGAAACTGTCCAAAACAGGTTCTG	112143496	112067309	76187	112177657	-34161	112136471	69162	-41186
ENSMUST00000162065	CAGGGGCGACAGCACGTCCAGTACCAGGAGTGCTGGGAAACTGTCCAAAACAGGTTCTG	112143496	112176235	-32739	112177657	-34161	112136471	-39764	-41186
ENSMUST00000162065	CAGGGGCGACAGCACGTCCAGTACCAGGAGTGCTGGGAAACTGTCCAAAACAGGTTCTG	112143496	112177736	-34240	112183494	-39998	112136471	-41265	-47023
ENSMUST00000162065	CAGGGGCGACAGCACGTCCAGTACCAGGAGTGCTGGGAAACTGTCCAAAACAGGTTCTG	112143496	112182820	-39324	112184268	-40772	112136471	-46349	-47797
ENSMUST00000162065	CAGGGGCGACAGCACGTCCAGTACCAGGAGTGCTGGGAAACTGTCCAAAACAGGTTCTG	112143496	112185769	-42273	112187589	-44093	112136471	-49298	-51118
ENSMUST00000162065	CAGGGGCGACAGCACGTCCAGTACCAGGAGTGCTGGGAAACTGTCCAAAACAGGTTCTG	112143496	112185769	-42273	112233091	-89595	112136471	-49298	-96620
ENSMUST00000162065	CAGGGGCGACAGCACGTCCAGTACCAGGAGTGCTGGGAAACTGTCCAAAACAGGTTCTG	112143496	112185769	-42273	112234309	-90813	112136471	-49298	-97838
ENSMUST00000162065	CAGGGGCGACAGCACGTCCAGTACCAGGAGTGCTGGGAAACTGTCCAAAACAGGTTCTG	112143496	112187766	-44270	112233091	-89595	112136471	-51295	-96620
ENSMUST00000162065	CAGGGGCGACAGCACGTCCAGTACCAGGAGTGCTGGGAAACTGTCCAAAACAGGTTCTG	112143496	112187766	-44270	112233645	-90149	112136471	-51295	-97174
ENSMUST00000162065	CAGGGGCGACAGCACGTCCAGTACCAGGAGTGCTGGGAAACTGTCCAAAACAGGTTCTG	112143496	112187766	-44270	112233796	-90300	112136471	-51295	-97325
ENSMUST00000162065	CAGGGGCGACAGCACGTCCAGTACCAGGAGTGCTGGGAAACTGTCCAAAACAGGTTCTG	112143496	112187766	-44270	112234309	-90813	112136471	-51295	-97838
ENSMUST00000162065	CAGGGGCGACAGCACGTCCAGTACCAGGAGTGCTGGGAAACTGTCCAAAACAGGTTCTG	112143496	112187766	-44270	112235649	-92153	112136471	-51295	-99178
ENSMUST00000162065	CAGGGGCGACAGCACGTCCAGTACCAGGAGTGCTGGGAAACTGTCCAAAACAGGTTCTG	112143496	112187766	-44270	112217227	-73731	112136471	-51295	-80756
ENSMUST00000162065	CAGGGGCGACAGCACGTCCAGTACCAGGAGTGCTGGGAAACTGTCCAAAACAGGTTCTG	112143496	112187766	-44270	112217255	-73759	112136471	-51295	-80784
ENSMUST00000190298	AGCTGTCTTTCTGCCCTCTAACTGAACATGCATGAAAAGTCAATAAACCCTACTTTTTA	135439752	135455330	-15578	135458655	-18903	135439811	-15519	-18844
ENSMUST00000190298	AGCTGTCTTTCTGCCCTCTAACTGAACATGCATGAAAAGTCAATAAACCCTACTTTTTA	135439752	135463799	-24047	135464705	-24953	135439811	-23988	-24894
ENSMUST00000190298	AGCTGTCTTTCTGCCCTCTAACTGAACATGCATGAAAAGTCAATAAACCCTACTTTTTA	135439752	135463799	-24047	135465838	-26086	135439811	-23988	-26027
ENSMUST00000190298	AGCTGTCTTTCTGCCCTCTAACTGAACATGCATGAAAAGTCAATAAACCCTACTTTTTA	135439752	135464758	-25006	135467640	-27888	135439811	-24947	-27829
ENSMUST00000190298	AGCTGTCTTTCTGCCCTCTAACTGAACATGCATGAAAAGTCAATAAACCCTACTTTTTA	135439752	135467789	-28037	135469631	-29879	135439811	-27978	-29820
ENSMUST00000190298	AGCTGTCTTTCTGCCCTCTAACTGAACATGCATGAAAAGTCAATAAACCCTACTTTTTA	135439752	135537299	-97547	135602544	-162792	135439811	-97488	-162733
ENSMUST00000021045	GGTTTCCGGAGGGAGCCCACTCTGCTACCCAGGCAGTGGGACCAGGTTGCAGACCCAAAG	80880625	80881681	-1056	80886595	-5970	80880685	-996	-5910
ENSMUST00000021045	GGTTTCCGGAGGGAGCCCACTCTGCTACCCAGGCAGTGGGACCAGGTTGCAGACCCAAAG	80880625	80952607	-71982	81151757	-271132	80880685	-71922	-271072
ENSMUST00000021045	GGTTTCCGGAGGGAGCCCACTCTGCTACCCAGGCAGTGGGACCAGGTTGCAGACCCAAAG	80880625	80881681	-1056	80886595	-5970	80880685	-996	-5910
ENSMUST00000021045	GGTTTCCGGAGGGAGCCCACTCTGCTACCCAGGCAGTGGGACCAGGTTGCAGACCCAAAG	80880625	80952607	-71982	81151757	-271132	80880685	-71922	-271072
ENSMUST00000030455	GCCCCTTGGGTTCCTCTGACCGTGCTTGGCGCCATCCTGATGAGCCAGTCCTGCTTGAAG	116639045	116636669	2376	116637975	1070	116639105	2436	1130
ENSMUST00000030455	GCCCCTTGGGTTCCTCTGACCGTGCTTGGCGCCATCCTGATGAGCCAGTCCTGCTTGAAG	116639045	116636669	2376	116638960	85	116639105	2436	145
ENSMUST00000030455	GCCCCTTGGGTTCCTCTGACCGTGCTTGGCGCCATCCTGATGAGCCAGTCCTGCTTGAAG	116639045	116636669	2376	116638960	85	116639105	2436	145
ENSMUST00000030455	GCCCCTTGGGTTCCTCTGACCGTGCTTGGCGCCATCCTGATGAGCCAGTCCTGCTTGAAG	116639045	116637848	1197	116638960	85	116639105	1257	145
ENSMUST00000030455	GCCCCTTGGGTTCCTCTGACCGTGCTTGGCGCCATCCTGATGAGCCAGTCCTGCTTGAAG	116639045	116638048	997	116639809	-764	116639105	1057	-704
ENSMUST00000030455	GCCCCTTGGGTTCCTCTGACCGTGCTTGGCGCCATCCTGATGAGCCAGTCCTGCTTGAAG	116639045	116638048	997	116651338	-12293	116639105	1057	-12233
ENSMUST00000030455	GCCCCTTGGGTTCCTCTGACCGTGCTTGGCGCCATCCTGATGAGCCAGTCCTGCTTGAAG	116639045	116638048	997	116640990	-1945	116639105	1057	-1885
ENSMUST00000030455	GCCCCTTGGGTTCCTCTGACCGTGCTTGGCGCCATCCTGATGAGCCAGTCCTGCTTGAAG	116639045	116638048	997	116651338	-12293	116639105	1057	-12233
ENSMUST00000030455	GCCCCTTGGGTTCCTCTGACCGTGCTTGGCGCCATCCTGATGAGCCAGTCCTGCTTGAAG	116639045	116641142	-2097	116645503	-6458	116639105	-2037	-6398
ENSMUST00000030455	GCCCCTTGGGTTCCTCTGACCGTGCTTGGCGCCATCCTGATGAGCCAGTCCTGCTTGAAG	116639045	116641142	-2097	116651338	-12293	116639105	-2037	-12233
ENSMUST00000030455	GCCCCTTGGGTTCCTCTGACCGTGCTTGGCGCCATCCTGATGAGCCAGTCCTGCTTGAAG	116639045	116641142	-2097	116651338	-12293	116639105	-2037	-12233
ENSMUST00000030455	GCCCCTTGGGTTCCTCTGACCGTGCTTGGCGCCATCCTGATGAGCCAGTCCTGCTTGAAG	116639045	116641977	-2932	116651338	-12293	116639105	-2872	-12233
ENSMUST00000060255	TGGGGCCTCTGCGCCACACTGTAAGACCCCCTTGATGCAGCCCTCTGAACGCCAAGCCTC	61449692	61449877	-185	61450189	-497	61449752	-125	-437
ENSMUST00000060255	TGGGGCCTCTGCGCCACACTGTAAGACCCCCTTGATGCAGCCCTCTGAACGCCAAGCCTC	61449692	61450243	-551	61450584	-892	61449752	-491	-832
ENSMUST00000060255	TGGGGCCTCTGCGCCACACTGTAAGACCCCCTTGATGCAGCCCTCTGAACGCCAAGCCTC	61449692	61450705	-1013	61450977	-1285	61449752	-953	-1225
ENSMUST00000060255	TGGGGCCTCTGCGCCACACTGTAAGACCCCCTTGATGCAGCCCTCTGAACGCCAAGCCTC	61449692	61450902	-1210	61451320	-1628	61449752	-1150	-1568
ENSMUST00000060255	TGGGGCCTCTGCGCCACACTGTAAGACCCCCTTGATGCAGCCCTCTGAACGCCAAGCCTC	61449692	61451848	-2156	61452259	-2567	61449752	-2096	-2507
ENSMUST00000060255	TGGGGCCTCTGCGCCACACTGTAAGACCCCCTTGATGCAGCCCTCTGAACGCCAAGCCTC	61449692	61452913	-3221	61453618	-3926	61449752	-3161	-3866
ENSMUST00000060255	TGGGGCCTCTGCGCCACACTGTAAGACCCCCTTGATGCAGCCCTCTGAACGCCAAGCCTC	61449692	61452947	-3255	61453618	-3926	61449752	-3195	-3866
ENSMUST00000013262	ATGATTTTATGCTTCTCAGAAGAGGACTGGTCCCTTCTGGACCCGGCACAGACTGGTTTC	59493745	59503100	-9355	59504147	-10402	59493805	-9295	-10342
ENSMUST00000013262	ATGATTTTATGCTTCTCAGAAGAGGACTGGTCCCTTCTGGACCCGGCACAGACTGGTTTC	59493745	59503100	-9355	59504147	-10402	59493805	-9295	-10342
ENSMUST00000013262	ATGATTTTATGCTTCTCAGAAGAGGACTGGTCCCTTCTGGACCCGGCACAGACTGGTTTC	59493745	59503100	-9355	59504147	-10402	59493805	-9295	-10342
ENSMUST00000013262	ATGATTTTATGCTTCTCAGAAGAGGACTGGTCCCTTCTGGACCCGGCACAGACTGGTTTC	59493745	59504254	-10509	59505827	-12082	59493805	-10449	-12022
ENSMUST00000013262	ATGATTTTATGCTTCTCAGAAGAGGACTGGTCCCTTCTGGACCCGGCACAGACTGGTTTC	59493745	59504254	-10509	59506163	-12418	59493805	-10449	-12358
ENSMUST00000000348	TAAAACGAGGGGCTATTACCCCAAAGGGGGTGGTGAAGTGATTGTCCGAGTGTCCCCAGT	116501166	116489338	11828	116494082	7084	116499602	10264	5520
ENSMUST00000000348	TAAAACGAGGGGCTATTACCCCAAAGGGGGTGGTGAAGTGATTGTCCGAGTGTCCCCAGT	116501166	116494177	6989	116497589	3577	116499602	5425	2013
ENSMUST00000000348	TAAAACGAGGGGCTATTACCCCAAAGGGGGTGGTGAAGTGATTGTCCGAGTGTCCCCAGT	116501166	116497714	3452	116504344	-3178	116499602	1888	-4742
ENSMUST00000000348	TAAAACGAGGGGCTATTACCCCAAAGGGGGTGGTGAAGTGATTGTCCGAGTGTCCCCAGT	116501166	116499687	1479	116504344	-3178	116499602	-85	-4742
ENSMUST00000000348	TAAAACGAGGGGCTATTACCCCAAAGGGGGTGGTGAAGTGATTGTCCGAGTGTCCCCAGT	116501166	116501170	-4	116506834	-5668	116499602	-1568	-7232
ENSMUST00000000348	TAAAACGAGGGGCTATTACCCCAAAGGGGGTGGTGAAGTGATTGTCCGAGTGTCCCCAGT	116501166	116501170	-4	116506834	-5668	116499602	-1568	-7232
ENSMUST00000080406	TGGGTGTAGGTGGGTGCCTGGTCCAGAGGCTGAGGCGAGGCTCCCGCGTTCCCATCGCTCT	76870702	76854614	16088	76870652	50	76870763	16149	111
ENSMUST00000080406	TGGGTGTAGGTGGGTGCCTGGTCCAGAGGCTGAGGCGAGGCTCCCGCGTTCCCATCGCTCT	76870702	76869920	782	76870652	50	76870763	843	111
ENSMUST00000078505	GTTACACATCCCTGATTTCTGACGTCTGCTATCCACCTCGGGAGGACTCTGCATACTTTAC	72308226	72212577	95649	72217418	90808	72308287	95710	90869
ENSMUST00000078505	GTTACACATCCCTGATTTCTGACGTCTGCTATCCACCTCGGGAGGACTCTGCATACTTTAC	72308226	72216829	91397	72217418	90808	72308287	91458	90869
ENSMUST00000078505	GTTACACATCCCTGATTTCTGACGTCTGCTATCCACCTCGGGAGGACTCTGCATACTTTAC	72308226	72219395	88831	72236528	71698	72308287	88892	71759
ENSMUST00000078505	GTTACACATCCCTGATTTCTGACGTCTGCTATCCACCTCGGGAGGACTCTGCATACTTTAC	72308226	72223539	84687	72308155	71	72308287	84748	132
ENSMUST00000078505	GTTACACATCCCTGATTTCTGACGTCTGCTATCCACCTCGGGAGGACTCTGCATACTTTAC	72308226	72223539	84687	72408310	-100084	72308287	84748	-100023
ENSMUST00000078505	GTTACACATCCCTGATTTCTGACGTCTGCTATCCACCTCGGGAGGACTCTGCATACTTTAC	72308226	72223539	84687	72408310	-100084	72308287	84748	-100023
ENSMUST00000078505	GTTACACATCCCTGATTTCTGACGTCTGCTATCCACCTCGGGAGGACTCTGCATACTTTAC	72308226	72304418	3808	72408310	-100084	72308287	3869	-100023
ENSMUST00000044332	TATGATGGCATCGTGTGCGTAGGTGGGGACGGCATGTTCAGCGAGGTGCTGCATGGGGTGA	86156648	86142890	13758	86151534	5114	86155032	12142	3498
ENSMUST00000044332	TATGATGGCATCGTGTGCGTAGGTGGGGACGGCATGTTCAGCGAGGTGCTGCATGGGGTGA	86156648	86146390	10258	86151534	5114	86155032	8642	3498
ENSMUST00000044332	TATGATGGCATCGTGTGCGTAGGTGGGGACGGCATGTTCAGCGAGGTGCTGCATGGGGTGA	86156648	86149430	7218	86154973	1675	86155032	5602	59
ENSMUST00000044332	TATGATGGCATCGTGTGCGTAGGTGGGGACGGCATGTTCAGCGAGGTGCTGCATGGGGTGA	86156648	86155119	1529	86159093	-2445	86155032	-87	-4061
ENSMUST00000044332	TATGATGGCATCGTGTGCGTAGGTGGGGACGGCATGTTCAGCGAGGTGCTGCATGGGGTGA	86156648	86159219	-2571	86165821	-9173	86155032	-4187	-10789
ENSMUST00000160844	AAAGTGTGTTTCTTCCGATTCTGCTCTCCTACTGCTGGCACCGCGCCGGTGGTACTTTGAA	91088370	90037384	1050986	90088164	1000206	91088431	1051047	1000267
ENSMUST00000160844	AAAGTGTGTTTCTTCCGATTCTGCTCTCCTACTGCTGGCACCGCGCCGGTGGTACTTTGAA	91088370	90037384	1050986	90162113	926257	91088431	1051047	926318
ENSMUST00000160844	AAAGTGTGTTTCTTCCGATTCTGCTCTCCTACTGCTGGCACCGCGCCGGTGGTACTTTGAA	91088370	90037384	1050986	90088164	1000206	91088431	1051047	1000267
ENSMUST00000160844	AAAGTGTGTTTCTTCCGATTCTGCTCTCCTACTGCTGGCACCGCGCCGGTGGTACTTTGAA	91088370	90037384	1050986	90162113	926257	91088431	1051047	926318
ENSMUST00000160844	AAAGTGTGTTTCTTCCGATTCTGCTCTCCTACTGCTGGCACCGCGCCGGTGGTACTTTGAA	91088370	90059563	1028807	90087973	1000397	91088431	1028868	1000458
ENSMUST00000160844	AAAGTGTGTTTCTTCCGATTCTGCTCTCCTACTGCTGGCACCGCGCCGGTGGTACTTTGAA	91088370	90059563	1028807	90208322	880048	91088431	1028868	880109
ENSMUST00000160844	AAAGTGTGTTTCTTCCGATTCTGCTCTCCTACTGCTGGCACCGCGCCGGTGGTACTTTGAA	91088370	90059563	1028807	90362759	725611	91088431	1028868	725672
ENSMUST00000160844	AAAGTGTGTTTCTTCCGATTCTGCTCTCCTACTGCTGGCACCGCGCCGGTGGTACTTTGAA	91088370	90162433	925937	90208322	880048	91088431	925998	880109
ENSMUST00000160844	AAAGTGTGTTTCTTCCGATTCTGCTCTCCTACTGCTGGCACCGCGCCGGTGGTACTTTGAA	91088370	90162433	925937	90362759	725611	91088431	925998	725672
ENSMUST00000160844	AAAGTGTGTTTCTTCCGATTCTGCTCTCCTACTGCTGGCACCGCGCCGGTGGTACTTTGAA	91088370	90059563	1028807	90362759	725611	91088431	1028868	725672
ENSMUST00000160844	AAAGTGTGTTTCTTCCGATTCTGCTCTCCTACTGCTGGCACCGCGCCGGTGGTACTTTGAA	91088370	90162433	925937	90362759	725611	91088431	925998	725672
ENSMUST00000160844	AAAGTGTGTTTCTTCCGATTCTGCTCTCCTACTGCTGGCACCGCGCCGGTGGTACTTTGAA	91088370	90163881	924489	90362759	725611	91088431	924550	725672
ENSMUST00000160844	AAAGTGTGTTTCTTCCGATTCTGCTCTCCTACTGCTGGCACCGCGCCGGTGGTACTTTGAA	91088370	90059563	1028807	90560740	527630	91088431	1028868	527691
ENSMUST00000160844	AAAGTGTGTTTCTTCCGATTCTGCTCTCCTACTGCTGGCACCGCGCCGGTGGTACTTTGAA	91088370	90163881	924489	90560740	527630	91088431	924550	527691
ENSMUST00000160844	AAAGTGTGTTTCTTCCGATTCTGCTCTCCTACTGCTGGCACCGCGCCGGTGGTACTTTGAA	91088370	90560860	527510	90565304	523066	91088431	527571	523127
ENSMUST00000160844	AAAGTGTGTTTCTTCCGATTCTGCTCTCCTACTGCTGGCACCGCGCCGGTGGTACTTTGAA	91088370	90362941	725429	90623419	464951	91088431	725490	465012
ENSMUST00000160844	AAAGTGTGTTTCTTCCGATTCTGCTCTCCTACTGCTGGCACCGCGCCGGTGGTACTTTGAA	91088370	90597629	490741	90623419	464951	91088431	490802	465012
ENSMUST00000160844	AAAGTGTGTTTCTTCCGATTCTGCTCTCCTACTGCTGGCACCGCGCCGGTGGTACTTTGAA	91088370	90630268	458102	90700743	387627	91088431	458163	387688
ENSMUST00000160844	AAAGTGTGTTTCTTCCGATTCTGCTCTCCTACTGCTGGCACCGCGCCGGTGGTACTTTGAA	91088370	90630268	458102	90991366	97004	91088431	458163	97065
ENSMUST00000160844	AAAGTGTGTTTCTTCCGATTCTGCTCTCCTACTGCTGGCACCGCGCCGGTGGTACTTTGAA	91088370	90643429	444941	90701966	386404	91088431	445002	386465
ENSMUST00000160844	AAAGTGTGTTTCTTCCGATTCTGCTCTCCTACTGCTGGCACCGCGCCGGTGGTACTTTGAA	91088370	90643429	444941	90704065	384305	91088431	445002	384366
ENSMUST00000160844	AAAGTGTGTTTCTTCCGATTCTGCTCTCCTACTGCTGGCACCGCGCCGGTGGTACTTTGAA	91088370	90643429	444941	90704065	384305	91088431	445002	384366
ENSMUST00000160844	AAAGTGTGTTTCTTCCGATTCTGCTCTCCTACTGCTGGCACCGCGCCGGTGGTACTTTGAA	91088370	90700905	387465	90704065	384305	91088431	387526	384366
ENSMUST00000160844	AAAGTGTGTTTCTTCCGATTCTGCTCTCCTACTGCTGGCACCGCGCCGGTGGTACTTTGAA	91088370	90700905	387465	90704065	384305	91088431	387526	384366
ENSMUST00000160844	AAAGTGTGTTTCTTCCGATTCTGCTCTCCTACTGCTGGCACCGCGCCGGTGGTACTTTGAA	91088370	90643429	444941	90991366	97004	91088431	445002	97065
ENSMUST00000160844	AAAGTGTGTTTCTTCCGATTCTGCTCTCCTACTGCTGGCACCGCGCCGGTGGTACTTTGAA	91088370	90704367	384003	90992114	96256	91088431	384064	96317
ENSMUST00000160844	AAAGTGTGTTTCTTCCGATTCTGCTCTCCTACTGCTGGCACCGCGCCGGTGGTACTTTGAA	91088370	90704367	384003	91087954	416	91088431	384064	477
ENSMUST00000160844	AAAGTGTGTTTCTTCCGATTCTGCTCTCCTACTGCTGGCACCGCGCCGGTGGTACTTTGAA	91088370	90991378	96992	90995460	92910	91088431	97053	92971
ENSMUST00000160844	AAAGTGTGTTTCTTCCGATTCTGCTCTCCTACTGCTGGCACCGCGCCGGTGGTACTTTGAA	91088370	90992144	96226	91087954	416	91088431	96287	477
ENSMUST00000211737	TTTGGGTCTTTTGTGCTGTGGCGCACAGTTGGCTAAGCACTCCTGCGCTGAATCGGGCCATT	47288763	47186572	102191	47191838	96925	47288825	102253	96987
ENSMUST00000211737	TTTGGGTCTTTTGTGCTGTGGCGCACAGTTGGCTAAGCACTCCTGCGCTGAATCGGGCCATT	47288763	47194104	94659	47287879	884	47288825	94721	946
ENSMUST00000211737	TTTGGGTCTTTTGTGCTGTGGCGCACAGTTGGCTAAGCACTCCTGCGCTGAATCGGGCCATT	47288763	47186572	102191	47191838	96925	47288825	102253	96987
ENSMUST00000211737	TTTGGGTCTTTTGTGCTGTGGCGCACAGTTGGCTAAGCACTCCTGCGCTGAATCGGGCCATT	47288763	47194104	94659	47287879	884	47288825	94721	946
ENSMUST00000228252	TCGAAATCAGCTGTCTGCCCTGCCCGCCTGCCTGTGTGGTCTGCCTCTCAAAGTCTTAATCG	74835651	74757143	78508	74785490	50161	74835713	78570	50223
ENSMUST00000228252	TCGAAATCAGCTGTCTGCCCTGCCCGCCTGCCTGTGTGGTCTGCCTCTCAAAGTCTTAATCG	74835651	74786390	49261	74795296	40355	74835713	49323	40417
ENSMUST00000228252	TCGAAATCAGCTGTCTGCCCTGCCCGCCTGCCTGTGTGGTCTGCCTCTCAAAGTCTTAATCG	74835651	74804257	31394	74805468	30183	74835713	31456	30245
ENSMUST00000228252	TCGAAATCAGCTGTCTGCCCTGCCCGCCTGCCTGTGTGGTCTGCCTCTCAAAGTCTTAATCG	74835651	74805552	30099	74811599	24052	74835713	30161	24114
ENSMUST00000228252	TCGAAATCAGCTGTCTGCCCTGCCCGCCTGCCTGTGTGGTCTGCCTCTCAAAGTCTTAATCG	74835651	74817132	18519	74819493	16158	74835713	18581	16220
ENSMUST00000228252	TCGAAATCAGCTGTCTGCCCTGCCCGCCTGCCTGTGTGGTCTGCCTCTCAAAGTCTTAATCG	74835651	74826703	8948	74857976	-22325	74835713	9010	-22263
ENSMUST00000228252	TCGAAATCAGCTGTCTGCCCTGCCCGCCTGCCTGTGTGGTCTGCCTCTCAAAGTCTTAATCG	74835651	74826703	8948	74947383	-111732	74835713	9010	-111670
ENSMUST00000228252	TCGAAATCAGCTGTCTGCCCTGCCCGCCTGCCTGTGTGGTCTGCCTCTCAAAGTCTTAATCG	74835651	74826703	8948	74947383	-111732	74835713	9010	-111670
ENSMUST00000228252	TCGAAATCAGCTGTCTGCCCTGCCCGCCTGCCTGTGTGGTCTGCCTCTCAAAGTCTTAATCG	74835651	74835775	-124	74947383	-111732	74835713	-62	-111670
ENSMUST00000023165	ACTTGCTGGACGGACCGCCCAACCCCAAACGAGCCAAACTCAGCTCGCCCGGCTTCTCCGCG	4213923	4108275	105648	4114773	99150	4213985	105710	99212
ENSMUST00000023165	ACTTGCTGGACGGACCGCCCAACCCCAAACGAGCCAAACTCAGCTCGCCCGGCTTCTCCGCG	4213923	4128686	85237	4138744	75179	4213985	85299	75241
ENSMUST00000023165	ACTTGCTGGACGGACCGCCCAACCCCAAACGAGCCAAACTCAGCTCGCCCGGCTTCTCCGCG	4213923	4155033	58890	4213138	785	4213985	58952	847
ENSMUST00000078226	TTTTAATATCCTGTTTTCCTGGCTCTCTAACTGCCTTGCACAATGATATTTCCTTTAAACTG	32950772	32954525	-3753	32956672	-5900	32950834	-3691	-5838
ENSMUST00000078226	TTTTAATATCCTGTTTTCCTGGCTCTCTAACTGCCTTGCACAATGATATTTCCTTTAAACTG	32950772	32954525	-3753	32992905	-42133	32950834	-3691	-42071
ENSMUST00000078226	TTTTAATATCCTGTTTTCCTGGCTCTCTAACTGCCTTGCACAATGATATTTCCTTTAAACTG	32950772	32954525	-3753	32992905	-42133	32950834	-3691	-42071
ENSMUST00000078226	TTTTAATATCCTGTTTTCCTGGCTCTCTAACTGCCTTGCACAATGATATTTCCTTTAAACTG	32950772	32956816	-6044	32992905	-42133	32950834	-5982	-42071
ENSMUST00000078226	TTTTAATATCCTGTTTTCCTGGCTCTCTAACTGCCTTGCACAATGATATTTCCTTTAAACTG	32950772	32958862	-8090	33004303	-53531	32950834	-8028	-53469
ENSMUST00000078226	TTTTAATATCCTGTTTTCCTGGCTCTCTAACTGCCTTGCACAATGATATTTCCTTTAAACTG	32950772	32993001	-42229	33005919	-55147	32950834	-42167	-55085
ENSMUST00000078226	TTTTAATATCCTGTTTTCCTGGCTCTCTAACTGCCTTGCACAATGATATTTCCTTTAAACTG	32950772	33006043	-55271	33014964	-64192	32950834	-55209	-64130
ENSMUST00000078226	TTTTAATATCCTGTTTTCCTGGCTCTCTAACTGCCTTGCACAATGATATTTCCTTTAAACTG	32950772	33006046	-55274	33014964	-64192	32950834	-55212	-64130
ENSMUST00000078226	TTTTAATATCCTGTTTTCCTGGCTCTCTAACTGCCTTGCACAATGATATTTCCTTTAAACTG	32950772	33007316	-56544	33080464	-129692	32950834	-56482	-129630
ENSMUST00000078226	TTTTAATATCCTGTTTTCCTGGCTCTCTAACTGCCTTGCACAATGATATTTCCTTTAAACTG	32950772	33007316	-56544	33142848	-192076	32950834	-56482	-192014
ENSMUST00000078226	TTTTAATATCCTGTTTTCCTGGCTCTCTAACTGCCTTGCACAATGATATTTCCTTTAAACTG	32950772	33015076	-64304	33080464	-129692	32950834	-64242	-129630
ENSMUST00000078226	TTTTAATATCCTGTTTTCCTGGCTCTCTAACTGCCTTGCACAATGATATTTCCTTTAAACTG	32950772	33015076	-64304	33142848	-192076	32950834	-64242	-192014
ENSMUST00000078226	TTTTAATATCCTGTTTTCCTGGCTCTCTAACTGCCTTGCACAATGATATTTCCTTTAAACTG	32950772	33007316	-56544	33142848	-192076	32950834	-56482	-192014
ENSMUST00000078226	TTTTAATATCCTGTTTTCCTGGCTCTCTAACTGCCTTGCACAATGATATTTCCTTTAAACTG	32950772	33015076	-64304	33142848	-192076	32950834	-64242	-192014
ENSMUST00000078226	TTTTAATATCCTGTTTTCCTGGCTCTCTAACTGCCTTGCACAATGATATTTCCTTTAAACTG	32950772	33024800	-74028	33142848	-192076	32950834	-73966	-192014
ENSMUST00000078226	TTTTAATATCCTGTTTTCCTGGCTCTCTAACTGCCTTGCACAATGATATTTCCTTTAAACTG	32950772	33080536	-129764	33142848	-192076	32950834	-129702	-192014
ENSMUST00000021062	AAACATTATCTTATTTGCTGCCTGCCATTGTACACATAAACCACCAGCCATTCCTAGAGAGA	106786352	106782256	4096	106783958	2394	106786122	3866	2164
ENSMUST00000021062	AAACATTATCTTATTTGCTGCCTGCCATTGTACACATAAACCACCAGCCATTCCTAGAGAGA	106786352	106782256	4096	106784100	2252	106786122	3866	2022
ENSMUST00000021062	AAACATTATCTTATTTGCTGCCTGCCATTGTACACATAAACCACCAGCCATTCCTAGAGAGA	106786352	106782256	4096	106784100	2252	106786122	3866	2022
ENSMUST00000021062	AAACATTATCTTATTTGCTGCCTGCCATTGTACACATAAACCACCAGCCATTCCTAGAGAGA	106786352	106782256	4096	106784100	2252	106786122	3866	2022
ENSMUST00000021062	AAACATTATCTTATTTGCTGCCTGCCATTGTACACATAAACCACCAGCCATTCCTAGAGAGA	106786352	106782693	3659	106784100	2252	106786122	3429	2022
ENSMUST00000021062	AAACATTATCTTATTTGCTGCCTGCCATTGTACACATAAACCACCAGCCATTCCTAGAGAGA	106786352	106784018	2334	106784413	1939	106786122	2104	1709
ENSMUST00000021062	AAACATTATCTTATTTGCTGCCTGCCATTGTACACATAAACCACCAGCCATTCCTAGAGAGA	106786352	106785536	816	106786225	127	106786122	586	-103
ENSMUST00000021062	AAACATTATCTTATTTGCTGCCTGCCATTGTACACATAAACCACCAGCCATTCCTAGAGAGA	106786352	106786132	220	106786447	-95	106786122	-10	-325
ENSMUST00000021062	AAACATTATCTTATTTGCTGCCTGCCATTGTACACATAAACCACCAGCCATTCCTAGAGAGA	106786352	106786359	-7	106786908	-556	106786122	-237	-786
ENSMUST00000021062	AAACATTATCTTATTTGCTGCCTGCCATTGTACACATAAACCACCAGCCATTCCTAGAGAGA	106786352	106786544	-192	106788272	-1920	106786122	-422	-2150
ENSMUST00000213324	CAAAAGATGATAACTCCAACCTAGGAGGAAAGACAGATGAAGCCACAGGGAAGACAGAAGCC	75661352	75643944	17408	75661252	100	75651655	7711	-9597
ENSMUST00000213324	CAAAAGATGATAACTCCAACCTAGGAGGAAAGACAGATGAAGCCACAGGGAAGACAGAAGCC	75661352	75651711	9641	75663192	-1840	75651655	-56	-11537
ENSMUST00000213324	CAAAAGATGATAACTCCAACCTAGGAGGAAAGACAGATGAAGCCACAGGGAAGACAGAAGCC	75661352	75661390	-38	75665653	-4301	75651655	-9735	-13998
ENSMUST00000213324	CAAAAGATGATAACTCCAACCTAGGAGGAAAGACAGATGAAGCCACAGGGAAGACAGAAGCC	75661352	75663276	-1924	75669214	-7862	75651655	-11621	-17559
ENSMUST00000213324	CAAAAGATGATAACTCCAACCTAGGAGGAAAGACAGATGAAGCCACAGGGAAGACAGAAGCC	75661352	75676811	-15459	75683634	-22282	75651655	-25156	-31979
ENSMUST00000213324	CAAAAGATGATAACTCCAACCTAGGAGGAAAGACAGATGAAGCCACAGGGAAGACAGAAGCC	75661352	75682179	-20827	75682937	-21585	75651655	-30524	-31282
ENSMUST00000213324	CAAAAGATGATAACTCCAACCTAGGAGGAAAGACAGATGAAGCCACAGGGAAGACAGAAGCC	75661352	75682179	-20827	75683634	-22282	75651655	-30524	-31979
ENSMUST00000213324	CAAAAGATGATAACTCCAACCTAGGAGGAAAGACAGATGAAGCCACAGGGAAGACAGAAGCC	75661352	75682179	-20827	75683634	-22282	75651655	-30524	-31979
ENSMUST00000213324	CAAAAGATGATAACTCCAACCTAGGAGGAAAGACAGATGAAGCCACAGGGAAGACAGAAGCC	75661352	75682319	-20967	75683634	-22282	75651655	-30664	-31979
ENSMUST00000238504	ATTATAGCGTATGGACTGTTGCTGCATCCTAATGCTTACGTTAGGAATGGATGGAATTTACT	30196781	30047371	149410	30050233	146548	30196843	149472	146610
ENSMUST00000238504	ATTATAGCGTATGGACTGTTGCTGCATCCTAATGCTTACGTTAGGAATGGATGGAATTTACT	30196781	30047371	149410	30051369	145412	30196843	149472	145474
ENSMUST00000238504	ATTATAGCGTATGGACTGTTGCTGCATCCTAATGCTTACGTTAGGAATGGATGGAATTTACT	30196781	30047371	149410	30051369	145412	30196843	149472	145474
ENSMUST00000238504	ATTATAGCGTATGGACTGTTGCTGCATCCTAATGCTTACGTTAGGAATGGATGGAATTTACT	30196781	30049120	147661	30051369	145412	30196843	147723	145474
ENSMUST00000238504	ATTATAGCGTATGGACTGTTGCTGCATCCTAATGCTTACGTTAGGAATGGATGGAATTTACT	30196781	30071086	125695	30074908	121873	30196843	125757	121935
ENSMUST00000238504	ATTATAGCGTATGGACTGTTGCTGCATCCTAATGCTTACGTTAGGAATGGATGGAATTTACT	30196781	30082539	114242	30095317	101464	30196843	114304	101526
ENSMUST00000238504	ATTATAGCGTATGGACTGTTGCTGCATCCTAATGCTTACGTTAGGAATGGATGGAATTTACT	30196781	30124942	71839	30130116	66665	30196843	71901	66727
ENSMUST00000238504	ATTATAGCGTATGGACTGTTGCTGCATCCTAATGCTTACGTTAGGAATGGATGGAATTTACT	30196781	30130204	66577	30178544	18237	30196843	66639	18299
ENSMUST00000238504	ATTATAGCGTATGGACTGTTGCTGCATCCTAATGCTTACGTTAGGAATGGATGGAATTTACT	30196781	30142717	54064	30178544	18237	30196843	54126	18299
ENSMUST00000112904	ATCCTACGTATTCAAAATTAGGATCCTTGTGTAGCACTGAACCTGGGAAAGAGATTTAGACT	142318998	142320834	-1836	142327975	-8977	142319060	-1774	-8915
ENSMUST00000112904	ATCCTACGTATTCAAAATTAGGATCCTTGTGTAGCACTGAACCTGGGAAAGAGATTTAGACT	142318998	142351137	-32139	142360386	-41388	142319060	-32077	-41326
ENSMUST00000112904	ATCCTACGTATTCAAAATTAGGATCCTTGTGTAGCACTGAACCTGGGAAAGAGATTTAGACT	142318998	142351137	-32139	142360386	-41388	142319060	-32077	-41326
ENSMUST00000112904	ATCCTACGTATTCAAAATTAGGATCCTTGTGTAGCACTGAACCTGGGAAAGAGATTTAGACT	142318998	142351137	-32139	142360386	-41388	142319060	-32077	-41326
ENSMUST00000112904	ATCCTACGTATTCAAAATTAGGATCCTTGTGTAGCACTGAACCTGGGAAAGAGATTTAGACT	142318998	142351908	-32910	142390304	-71306	142319060	-32848	-71244
ENSMUST00000112904	ATCCTACGTATTCAAAATTAGGATCCTTGTGTAGCACTGAACCTGGGAAAGAGATTTAGACT	142318998	142351908	-32910	142390304	-71306	142319060	-32848	-71244
ENSMUST00000085913	TTTGGCTGCCTTTCTGTCTTACTGCCCGGGCATGGGGGTTGCCCTCCGGATGTACCCACTCAA	172276180	172276009	171	172278256	-2076	172275939	-70	-2317
ENSMUST00000085913	TTTGGCTGCCTTTCTGTCTTACTGCCCGGGCATGGGGGTTGCCCTCCGGATGTACCCACTCAA	172276180	172279836	-3656	172280568	-4388	172275939	-3897	-4629
ENSMUST00000085913	TTTGGCTGCCTTTCTGTCTTACTGCCCGGGCATGGGGGTTGCCCTCCGGATGTACCCACTCAA	172276180	172290724	-14544	172293326	-17146	172275939	-14785	-17387
ENSMUST00000085913	TTTGGCTGCCTTTCTGTCTTACTGCCCGGGCATGGGGGTTGCCCTCCGGATGTACCCACTCAA	172276180	172291396	-15216	172293571	-17391	172275939	-15457	-17632
ENSMUST00000085913	TTTGGCTGCCTTTCTGTCTTACTGCCCGGGCATGGGGGTTGCCCTCCGGATGTACCCACTCAA	172276180	172291396	-15216	172297880	-21700	172275939	-15457	-21941
ENSMUST00000085913	TTTGGCTGCCTTTCTGTCTTACTGCCCGGGCATGGGGGTTGCCCTCCGGATGTACCCACTCAA	172276180	172291396	-15216	172297880	-21700	172275939	-15457	-21941
ENSMUST00000085913	TTTGGCTGCCTTTCTGTCTTACTGCCCGGGCATGGGGGTTGCCCTCCGGATGTACCCACTCAA	172276180	172293386	-17206	172297880	-21700	172275939	-17447	-21941
ENSMUST00000163139	CAAAAGTTCGTGGATGACCTGTTCGAGACCATCTTCAGCACGGCGCACCGTGGCTCAGCCCTA	89322480	89321069	1411	89322730	-250	89322543	1474	-187
ENSMUST00000163139	CAAAAGTTCGTGGATGACCTGTTCGAGACCATCTTCAGCACGGCGCACCGTGGCTCAGCCCTA	89322480	89335493	-13013	89340522	-18042	89322543	-12950	-17979
ENSMUST00000199708	ATCCTTAAGAAACTGTCCAGAACTGTAAAGTTCACCTATGACCTCTACCTGGTGACCAATGGG	9663503	9579626	83877	9612569	50934	9663566	83940	50997
ENSMUST00000199708	ATCCTTAAGAAACTGTCCAGAACTGTAAAGTTCACCTATGACCTCTACCTGGTGACCAATGGG	9663503	9585264	78239	9644098	19405	9663566	78302	19468
ENSMUST00000110516	CAAGTTTGCCAAGAGTCGTCCCATCATCAAGCGTTTCTTGGGAAAGCTGTCAATGCCTGTTCA	14322538	14280521	42017	14297269	25269	14322601	42080	25332
ENSMUST00000110516	CAAGTTTGCCAAGAGTCGTCCCATCATCAAGCGTTTCTTGGGAAAGCTGTCAATGCCTGTTCA	14322538	14285682	36856	14300325	22213	14322601	36919	22276
ENSMUST00000110516	CAAGTTTGCCAAGAGTCGTCCCATCATCAAGCGTTTCTTGGGAAAGCTGTCAATGCCTGTTCA	14322538	14297455	25083	14305975	16563	14322601	25146	16626
ENSMUST00000110516	CAAGTTTGCCAAGAGTCGTCCCATCATCAAGCGTTTCTTGGGAAAGCTGTCAATGCCTGTTCA	14322538	14306933	15605	14316016	6522	14322601	15668	6585
ENSMUST00000110516	CAAGTTTGCCAAGAGTCGTCCCATCATCAAGCGTTTCTTGGGAAAGCTGTCAATGCCTGTTCA	14322538	14346095	-23557	14371954	-49416	14322601	-23494	-49353
ENSMUST00000110516	CAAGTTTGCCAAGAGTCGTCCCATCATCAAGCGTTTCTTGGGAAAGCTGTCAATGCCTGTTCA	14322538	14372062	-49524	14522823	-200285	14322601	-49461	-200222
ENSMUST00000110516	CAAGTTTGCCAAGAGTCGTCCCATCATCAAGCGTTTCTTGGGAAAGCTGTCAATGCCTGTTCA	14322538	14377982	-55444	14522823	-200285	14322601	-55381	-200222
ENSMUST00000032891	ACTTTTTTCTATACCAATCGACAGACTTGCCAAGACTGGCTCACTCGGATCCGCCTCTCCATC	118184503	118135618	48885	118136873	47630	118184566	48948	47693
ENSMUST00000032891	ACTTTTTTCTATACCAATCGACAGACTTGCCAAGACTGGCTCACTCGGATCCGCCTCTCCATC	118184503	118140657	43846	118141719	42784	118184566	43909	42847
ENSMUST00000032891	ACTTTTTTCTATACCAATCGACAGACTTGCCAAGACTGGCTCACTCGGATCCGCCTCTCCATC	118184503	118154750	29753	118156516	27987	118184566	29816	28050
ENSMUST00000032891	ACTTTTTTCTATACCAATCGACAGACTTGCCAAGACTGGCTCACTCGGATCCGCCTCTCCATC	118184503	118156735	27768	118157054	27449	118184566	27831	27512
ENSMUST00000032891	ACTTTTTTCTATACCAATCGACAGACTTGCCAAGACTGGCTCACTCGGATCCGCCTCTCCATC	118184503	118163374	21129	118166363	18140	118184566	21192	18203
ENSMUST00000032891	ACTTTTTTCTATACCAATCGACAGACTTGCCAAGACTGGCTCACTCGGATCCGCCTCTCCATC	118184503	118189346	-4843	118190488	-5985	118184566	-4780	-5922
ENSMUST00000032891	ACTTTTTTCTATACCAATCGACAGACTTGCCAAGACTGGCTCACTCGGATCCGCCTCTCCATC	118184503	118213052	-28549	118243204	-58701	118184566	-28486	-58638
ENSMUST00000032891	ACTTTTTTCTATACCAATCGACAGACTTGCCAAGACTGGCTCACTCGGATCCGCCTCTCCATC	118184503	118135618	48885	118136873	47630	118184566	48948	47693
ENSMUST00000032891	ACTTTTTTCTATACCAATCGACAGACTTGCCAAGACTGGCTCACTCGGATCCGCCTCTCCATC	118184503	118140657	43846	118141719	42784	118184566	43909	42847
ENSMUST00000032891	ACTTTTTTCTATACCAATCGACAGACTTGCCAAGACTGGCTCACTCGGATCCGCCTCTCCATC	118184503	118154750	29753	118156516	27987	118184566	29816	28050
ENSMUST00000032891	ACTTTTTTCTATACCAATCGACAGACTTGCCAAGACTGGCTCACTCGGATCCGCCTCTCCATC	118184503	118156735	27768	118157054	27449	118184566	27831	27512
ENSMUST00000032891	ACTTTTTTCTATACCAATCGACAGACTTGCCAAGACTGGCTCACTCGGATCCGCCTCTCCATC	118184503	118163374	21129	118166363	18140	118184566	21192	18203
ENSMUST00000032891	ACTTTTTTCTATACCAATCGACAGACTTGCCAAGACTGGCTCACTCGGATCCGCCTCTCCATC	118184503	118189346	-4843	118190488	-5985	118184566	-4780	-5922
ENSMUST00000032891	ACTTTTTTCTATACCAATCGACAGACTTGCCAAGACTGGCTCACTCGGATCCGCCTCTCCATC	118184503	118213052	-28549	118243204	-58701	118184566	-28486	-58638
ENSMUST00000192314	CCTGTCATCAGCTGCTGCACCGTTCTCTTCAGACTCCCCACGCCCAACTCACCCATCCCCACA	136281868	136271147	10721	136273749	8119	136281931	10784	8182
ENSMUST00000192314	CCTGTCATCAGCTGCTGCACCGTTCTCTTCAGACTCCCCACGCCCAACTCACCCATCCCCACA	136281868	136293421	-11553	136297741	-15873	136281931	-11490	-15810
ENSMUST00000192314	CCTGTCATCAGCTGCTGCACCGTTCTCTTCAGACTCCCCACGCCCAACTCACCCATCCCCACA	136281868	136293421	-11553	136304294	-22426	136281931	-11490	-22363
ENSMUST00000192314	CCTGTCATCAGCTGCTGCACCGTTCTCTTCAGACTCCCCACGCCCAACTCACCCATCCCCACA	136281868	136293421	-11553	136324736	-42868	136281931	-11490	-42805
ENSMUST00000192314	CCTGTCATCAGCTGCTGCACCGTTCTCTTCAGACTCCCCACGCCCAACTCACCCATCCCCACA	136281868	136293421	-11553	136324736	-42868	136281931	-11490	-42805
ENSMUST00000192314	CCTGTCATCAGCTGCTGCACCGTTCTCTTCAGACTCCCCACGCCCAACTCACCCATCCCCACA	136281868	136297825	-15957	136324736	-42868	136281931	-15894	-42805
ENSMUST00000192314	CCTGTCATCAGCTGCTGCACCGTTCTCTTCAGACTCCCCACGCCCAACTCACCCATCCCCACA	136281868	136297825	-15957	136345298	-63430	136281931	-15894	-63367
ENSMUST00000192314	CCTGTCATCAGCTGCTGCACCGTTCTCTTCAGACTCCCCACGCCCAACTCACCCATCCCCACA	136281868	136297825	-15957	136345298	-63430	136281931	-15894	-63367
ENSMUST00000192314	CCTGTCATCAGCTGCTGCACCGTTCTCTTCAGACTCCCCACGCCCAACTCACCCATCCCCACA	136281868	136304456	-22588	136345298	-63430	136281931	-22525	-63367
ENSMUST00000115050	TGCGGCTGCCTTCCAAGCCATACTCTACTCTACCTATCTTCTCTTTGGGACCTTCTGCCTTGC	67495156	67495276	-120	67496561	-1405	67495219	-57	-1342
ENSMUST00000115050	TGCGGCTGCCTTCCAAGCCATACTCTACTCTACCTATCTTCTCTTTGGGACCTTCTGCCTTGC	67495156	67497314	-2158	67503430	-8274	67495219	-2095	-8211
ENSMUST00000115050	TGCGGCTGCCTTCCAAGCCATACTCTACTCTACCTATCTTCTCTTTGGGACCTTCTGCCTTGC	67495156	67497314	-2158	67505650	-10494	67495219	-2095	-10431
ENSMUST00000115050	TGCGGCTGCCTTCCAAGCCATACTCTACTCTACCTATCTTCTCTTTGGGACCTTCTGCCTTGC	67495156	67506726	-11570	67519290	-24134	67495219	-11507	-24071
ENSMUST00000115050	TGCGGCTGCCTTCCAAGCCATACTCTACTCTACCTATCTTCTCTTTGGGACCTTCTGCCTTGC	67495156	67519420	-24264	67528863	-33707	67495219	-24201	-33644
ENSMUST00000115050	TGCGGCTGCCTTCCAAGCCATACTCTACTCTACCTATCTTCTCTTTGGGACCTTCTGCCTTGC	67495156	67519420	-24264	67530406	-35250	67495219	-24201	-35187
ENSMUST00000034076	TCGGAGTGATCGTGAAATCTAAGGCTGCTTGGTGTTTGTTCTCTGATGCTTGTCAATGCCCCGT	87469250	87470451	-1201	87471976	-2726	87469314	-1137	-2662
ENSMUST00000147563	TTTTTTGATGACTGGAGCTGCTCTTTTCCCTTTTAAAATCACTTCTCTGGCCTCTGTTTCCTCT	123072650	123070618	2032	123084213	-11563	123072714	2096	-11499
ENSMUST00000147563	TTTTTTGATGACTGGAGCTGCTCTTTTCCCTTTTAAAATCACTTCTCTGGCCTCTGTTTCCTCT	123072650	123070618	2032	123089031	-16381	123072714	2096	-16317
ENSMUST00000147563	TTTTTTGATGACTGGAGCTGCTCTTTTCCCTTTTAAAATCACTTCTCTGGCCTCTGTTTCCTCT	123072650	123070618	2032	123100262	-27612	123072714	2096	-27548
ENSMUST00000147563	TTTTTTGATGACTGGAGCTGCTCTTTTCCCTTTTAAAATCACTTCTCTGGCCTCTGTTTCCTCT	123072650	123078321	-5671	123089031	-16381	123072714	-5607	-16317
ENSMUST00000147563	TTTTTTGATGACTGGAGCTGCTCTTTTCCCTTTTAAAATCACTTCTCTGGCCTCTGTTTCCTCT	123072650	123080481	-7831	123084213	-11563	123072714	-7767	-11499
ENSMUST00000147563	TTTTTTGATGACTGGAGCTGCTCTTTTCCCTTTTAAAATCACTTCTCTGGCCTCTGTTTCCTCT	123072650	123070618	2032	123089031	-16381	123072714	2096	-16317
ENSMUST00000147563	TTTTTTGATGACTGGAGCTGCTCTTTTCCCTTTTAAAATCACTTCTCTGGCCTCTGTTTCCTCT	123072650	123070618	2032	123100262	-27612	123072714	2096	-27548
ENSMUST00000147563	TTTTTTGATGACTGGAGCTGCTCTTTTCCCTTTTAAAATCACTTCTCTGGCCTCTGTTTCCTCT	123072650	123080481	-7831	123089031	-16381	123072714	-7767	-16317
ENSMUST00000147563	TTTTTTGATGACTGGAGCTGCTCTTTTCCCTTTTAAAATCACTTCTCTGGCCTCTGTTTCCTCT	123072650	123080481	-7831	123100262	-27612	123072714	-7767	-27548
ENSMUST00000147563	TTTTTTGATGACTGGAGCTGCTCTTTTCCCTTTTAAAATCACTTCTCTGGCCTCTGTTTCCTCT	123072650	123070618	2032	123100262	-27612	123072714	2096	-27548
ENSMUST00000147563	TTTTTTGATGACTGGAGCTGCTCTTTTCCCTTTTAAAATCACTTCTCTGGCCTCTGTTTCCTCT	123072650	123080481	-7831	123100262	-27612	123072714	-7767	-27548
ENSMUST00000147563	TTTTTTGATGACTGGAGCTGCTCTTTTCCCTTTTAAAATCACTTCTCTGGCCTCTGTTTCCTCT	123072650	123084310	-11660	123098922	-26272	123072714	-11596	-26208
ENSMUST00000147563	TTTTTTGATGACTGGAGCTGCTCTTTTCCCTTTTAAAATCACTTCTCTGGCCTCTGTTTCCTCT	123072650	123084310	-11660	123100258	-27608	123072714	-11596	-27544
ENSMUST00000147563	TTTTTTGATGACTGGAGCTGCTCTTTTCCCTTTTAAAATCACTTCTCTGGCCTCTGTTTCCTCT	123072650	123084310	-11660	123100262	-27612	123072714	-11596	-27548
ENSMUST00000147563	TTTTTTGATGACTGGAGCTGCTCTTTTCCCTTTTAAAATCACTTCTCTGGCCTCTGTTTCCTCT	123072650	123089156	-16506	123100262	-27612	123072714	-16442	-27548
ENSMUST00000147563	TTTTTTGATGACTGGAGCTGCTCTTTTCCCTTTTAAAATCACTTCTCTGGCCTCTGTTTCCTCT	123072650	123089156	-16506	123098922	-26272	123072714	-16442	-26208
ENSMUST00000147563	TTTTTTGATGACTGGAGCTGCTCTTTTCCCTTTTAAAATCACTTCTCTGGCCTCTGTTTCCTCT	123072650	123089156	-16506	123100262	-27612	123072714	-16442	-27548
ENSMUST00000147563	TTTTTTGATGACTGGAGCTGCTCTTTTCCCTTTTAAAATCACTTCTCTGGCCTCTGTTTCCTCT	123072650	123084310	-11660	123100258	-27608	123072714	-11596	-27544
ENSMUST00000147563	TTTTTTGATGACTGGAGCTGCTCTTTTCCCTTTTAAAATCACTTCTCTGGCCTCTGTTTCCTCT	123072650	123084310	-11660	123100262	-27612	123072714	-11596	-27548
ENSMUST00000147563	TTTTTTGATGACTGGAGCTGCTCTTTTCCCTTTTAAAATCACTTCTCTGGCCTCTGTTTCCTCT	123072650	123089156	-16506	123100258	-27608	123072714	-16442	-27544
ENSMUST00000147563	TTTTTTGATGACTGGAGCTGCTCTTTTCCCTTTTAAAATCACTTCTCTGGCCTCTGTTTCCTCT	123072650	123089156	-16506	123100262	-27612	123072714	-16442	-27548
ENSMUST00000147563	TTTTTTGATGACTGGAGCTGCTCTTTTCCCTTTTAAAATCACTTCTCTGGCCTCTGTTTCCTCT	123072650	123091132	-18482	123100262	-27612	123072714	-18418	-27548
ENSMUST00000147563	TTTTTTGATGACTGGAGCTGCTCTTTTCCCTTTTAAAATCACTTCTCTGGCCTCTGTTTCCTCT	123072650	123089156	-16506	123112995	-40345	123072714	-16442	-40281
ENSMUST00000147563	TTTTTTGATGACTGGAGCTGCTCTTTTCCCTTTTAAAATCACTTCTCTGGCCTCTGTTTCCTCT	123072650	123089156	-16506	123112995	-40345	123072714	-16442	-40281
ENSMUST00000147563	TTTTTTGATGACTGGAGCTGCTCTTTTCCCTTTTAAAATCACTTCTCTGGCCTCTGTTTCCTCT	123072650	123100592	-27942	123112995	-40345	123072714	-27878	-40281
ENSMUST00000174064	CCCTGGAGGCTAAGGACTTGTTTCGGAAGGAGCTGACTGGCCAATCACAATTGCGAAGATGAAG	19699154	19697103	2051	19698187	967	19698218	1115	31
ENSMUST00000174064	CCCTGGAGGCTAAGGACTTGTTTCGGAAGGAGCTGACTGGCCAATCACAATTGCGAAGATGAAG	19699154	19697103	2051	19698187	967	19698218	1115	31
ENSMUST00000174064	CCCTGGAGGCTAAGGACTTGTTTCGGAAGGAGCTGACTGGCCAATCACAATTGCGAAGATGAAG	19699154	19697647	1507	19699010	144	19698218	571	-792
ENSMUST00000174064	CCCTGGAGGCTAAGGACTTGTTTCGGAAGGAGCTGACTGGCCAATCACAATTGCGAAGATGAAG	19699154	19697647	1507	19699010	144	19698218	571	-792
ENSMUST00000174064	CCCTGGAGGCTAAGGACTTGTTTCGGAAGGAGCTGACTGGCCAATCACAATTGCGAAGATGAAG	19699154	19698253	901	19699010	144	19698218	-35	-792
ENSMUST00000081982	AAGGTCTGGAGGACCAACTTTCTCCACCTGGGAACCGCATCCTAGGTGACAGTTAGATCTGAGG	144470687	144475089	-4402	144479014	-8327	144470751	-4338	-8263
ENSMUST00000081982	AAGGTCTGGAGGACCAACTTTCTCCACCTGGGAACCGCATCCTAGGTGACAGTTAGATCTGAGG	144470687	144475089	-4402	144479604	-8917	144470751	-4338	-8853
ENSMUST00000081982	AAGGTCTGGAGGACCAACTTTCTCCACCTGGGAACCGCATCCTAGGTGACAGTTAGATCTGAGG	144470687	144475089	-4402	144479604	-8917	144470751	-4338	-8853
ENSMUST00000081982	AAGGTCTGGAGGACCAACTTTCTCCACCTGGGAACCGCATCCTAGGTGACAGTTAGATCTGAGG	144470687	144476147	-5460	144479604	-8917	144470751	-5396	-8853
ENSMUST00000081982	AAGGTCTGGAGGACCAACTTTCTCCACCTGGGAACCGCATCCTAGGTGACAGTTAGATCTGAGG	144470687	144488828	-18141	144491771	-21084	144470751	-18077	-21020
ENSMUST00000081982	AAGGTCTGGAGGACCAACTTTCTCCACCTGGGAACCGCATCCTAGGTGACAGTTAGATCTGAGG	144470687	144490277	-19590	144501426	-30739	144470751	-19526	-30675
ENSMUST00000081982	AAGGTCTGGAGGACCAACTTTCTCCACCTGGGAACCGCATCCTAGGTGACAGTTAGATCTGAGG	144470687	144490277	-19590	144502917	-32230	144470751	-19526	-32166
ENSMUST00000081982	AAGGTCTGGAGGACCAACTTTCTCCACCTGGGAACCGCATCCTAGGTGACAGTTAGATCTGAGG	144470687	144490277	-19590	144504339	-33652	144470751	-19526	-33588
ENSMUST00000081982	AAGGTCTGGAGGACCAACTTTCTCCACCTGGGAACCGCATCCTAGGTGACAGTTAGATCTGAGG	144470687	144490277	-19590	144502917	-32230	144470751	-19526	-32166
ENSMUST00000081982	AAGGTCTGGAGGACCAACTTTCTCCACCTGGGAACCGCATCCTAGGTGACAGTTAGATCTGAGG	144470687	144490277	-19590	144504339	-33652	144470751	-19526	-33588
ENSMUST00000081982	AAGGTCTGGAGGACCAACTTTCTCCACCTGGGAACCGCATCCTAGGTGACAGTTAGATCTGAGG	144470687	144491897	-21210	144502917	-32230	144470751	-21146	-32166
ENSMUST00000081982	AAGGTCTGGAGGACCAACTTTCTCCACCTGGGAACCGCATCCTAGGTGACAGTTAGATCTGAGG	144470687	144491897	-21210	144504339	-33652	144470751	-21146	-33588
ENSMUST00000081982	AAGGTCTGGAGGACCAACTTTCTCCACCTGGGAACCGCATCCTAGGTGACAGTTAGATCTGAGG	144470687	144490277	-19590	144504339	-33652	144470751	-19526	-33588
ENSMUST00000081982	AAGGTCTGGAGGACCAACTTTCTCCACCTGGGAACCGCATCCTAGGTGACAGTTAGATCTGAGG	144470687	144491897	-21210	144504339	-33652	144470751	-21146	-33588
ENSMUST00000081982	AAGGTCTGGAGGACCAACTTTCTCCACCTGGGAACCGCATCCTAGGTGACAGTTAGATCTGAGG	144470687	144501519	-30832	144504339	-33652	144470751	-30768	-33588
ENSMUST00000081982	AAGGTCTGGAGGACCAACTTTCTCCACCTGGGAACCGCATCCTAGGTGACAGTTAGATCTGAGG	144470687	144490277	-19590	144504339	-33652	144470751	-19526	-33588
ENSMUST00000081982	AAGGTCTGGAGGACCAACTTTCTCCACCTGGGAACCGCATCCTAGGTGACAGTTAGATCTGAGG	144470687	144491897	-21210	144504339	-33652	144470751	-21146	-33588
ENSMUST00000081982	AAGGTCTGGAGGACCAACTTTCTCCACCTGGGAACCGCATCCTAGGTGACAGTTAGATCTGAGG	144470687	144501519	-30832	144504339	-33652	144470751	-30768	-33588
ENSMUST00000081982	AAGGTCTGGAGGACCAACTTTCTCCACCTGGGAACCGCATCCTAGGTGACAGTTAGATCTGAGG	144470687	144504457	-33770	144510167	-39480	144470751	-33706	-39416
ENSMUST00000025253	AGCAGGACAAACCACCTCGTTTCCGAAGGCTGAAACAAGAACGTGAAAACGCTGCCAGAGGAGC	35156649	35150326	6323	35150816	5833	35156713	6387	5897
ENSMUST00000025253	AGCAGGACAAACCACCTCGTTTCCGAAGGCTGAAACAAGAACGTGAAAACGCTGCCAGAGGAGC	35156649	35150326	6323	35152617	4032	35156713	6387	4096
ENSMUST00000025253	AGCAGGACAAACCACCTCGTTTCCGAAGGCTGAAACAAGAACGTGAAAACGCTGCCAGAGGAGC	35156649	35150326	6323	35152617	4032	35156713	6387	4096
ENSMUST00000025253	AGCAGGACAAACCACCTCGTTTCCGAAGGCTGAAACAAGAACGTGAAAACGCTGCCAGAGGAGC	35156649	35154237	2412	35154791	1858	35156713	2476	1922
ENSMUST00000025253	AGCAGGACAAACCACCTCGTTTCCGAAGGCTGAAACAAGAACGTGAAAACGCTGCCAGAGGAGC	35156649	35157207	-558	35157878	-1229	35156713	-494	-1165
ENSMUST00000025253	AGCAGGACAAACCACCTCGTTTCCGAAGGCTGAAACAAGAACGTGAAAACGCTGCCAGAGGAGC	35156649	35159413	-2764	35160096	-3447	35156713	-2700	-3383
ENSMUST00000025253	AGCAGGACAAACCACCTCGTTTCCGAAGGCTGAAACAAGAACGTGAAAACGCTGCCAGAGGAGC	35156649	35160187	-3538	35160752	-4103	35156713	-3474	-4039
ENSMUST00000025253	AGCAGGACAAACCACCTCGTTTCCGAAGGCTGAAACAAGAACGTGAAAACGCTGCCAGAGGAGC	35156649	35161909	-5260	35162871	-6222	35156713	-5196	-6158
ENSMUST00000002121	ATTGAAAAGTTCAGTGCAGACCTGACCTGCCGGACCTCAGACCTCATGGACAGGAACAATGAGT	78213334	78220090	-6756	78221120	-7786	78213398	-6692	-7722
ENSMUST00000046892	TTGGACCTGCTGGACCATTCGCTCTGTCTTCCTGTCTGTGAGCTACCACCCTAGTCTTCCCCAGC	108519230	108520326	-1096	108548505	-29275	108519295	-1031	-29210
ENSMUST00000178730	GGATGGACAGCCAAGGGCCATAGTCCAGGAGCAAACCAATCCAGTCACAGGACTCTGTGTTTTTA	66154001	66156052	-2051	66157060	-3059	66154066	-1986	-2994
ENSMUST00000178730	GGATGGACAGCCAAGGGCCATAGTCCAGGAGCAAACCAATCCAGTCACAGGACTCTGTGTTTTTA	66154001	66158072	-4071	66158530	-4529	66154066	-4006	-4464
ENSMUST00000178730	GGATGGACAGCCAAGGGCCATAGTCCAGGAGCAAACCAATCCAGTCACAGGACTCTGTGTTTTTA	66154001	66158677	-4676	66165263	-11262	66154066	-4611	-11197
ENSMUST00000178730	GGATGGACAGCCAAGGGCCATAGTCCAGGAGCAAACCAATCCAGTCACAGGACTCTGTGTTTTTA	66154001	66163150	-9149	66166666	-12665	66154066	-9084	-12600
ENSMUST00000178730	GGATGGACAGCCAAGGGCCATAGTCCAGGAGCAAACCAATCCAGTCACAGGACTCTGTGTTTTTA	66154001	66174795	-20794	66175623	-21622	66154066	-20729	-21557
ENSMUST00000178730	GGATGGACAGCCAAGGGCCATAGTCCAGGAGCAAACCAATCCAGTCACAGGACTCTGTGTTTTTA	66154001	66190234	-36233	66280882	-126881	66154066	-36168	-126816
ENSMUST00000109764	GCTGCACTTCCCTTCCACGTCCATCATCCAGCAGTCGAGCCCGTATTTCACACACCCAACCATCC	84721675	84708677	12998	84721642	33	84721740	13063	98
ENSMUST00000109764	GCTGCACTTCCCTTCCACGTCCATCATCCAGCAGTCGAGCCCGTATTTCACACACCCAACCATCC	84721675	84713857	7818	84721642	33	84721740	7883	98
ENSMUST00000109764	GCTGCACTTCCCTTCCACGTCCATCATCCAGCAGTCGAGCCCGTATTTCACACACCCAACCATCC	84721675	84721818	-143	84726468	-4793	84721740	-78	-4728
ENSMUST00000109764	GCTGCACTTCCCTTCCACGTCCATCATCCAGCAGTCGAGCCCGTATTTCACACACCCAACCATCC	84721675	84727967	-6292	84799997	-78322	84721740	-6227	-78257
ENSMUST00000003726	AACCTCCACCCCCACCACCTCCGCCCTCCATGCCACAGCAGACTGCCCCAGCGATGAAGTCCTCGC	32202302	32222165	-19863	32225575	-23273	32202368	-19797	-23207
ENSMUST00000003726	AACCTCCACCCCCACCACCTCCGCCCTCCATGCCACAGCAGACTGCCCCAGCGATGAAGTCCTCGC	32202302	32222165	-19863	32225575	-23273	32202368	-19797	-23207
ENSMUST00000003726	AACCTCCACCCCCACCACCTCCGCCCTCCATGCCACAGCAGACTGCCCCAGCGATGAAGTCCTCGC	32202302	32224222	-21920	32225575	-23273	32202368	-21854	-23207
ENSMUST00000003726	AACCTCCACCCCCACCACCTCCGCCCTCCATGCCACAGCAGACTGCCCCAGCGATGAAGTCCTCGC	32202302	32225713	-23411	32253040	-50738	32202368	-23345	-50672
ENSMUST00000003726	AACCTCCACCCCCACCACCTCCGCCCTCCATGCCACAGCAGACTGCCCCAGCGATGAAGTCCTCGC	32202302	32225713	-23411	32284517	-82215	32202368	-23345	-82149
ENSMUST00000003726	AACCTCCACCCCCACCACCTCCGCCCTCCATGCCACAGCAGACTGCCCCAGCGATGAAGTCCTCGC	32202302	32229735	-27433	32284062	-81760	32202368	-27367	-81694
ENSMUST00000003726	AACCTCCACCCCCACCACCTCCGCCCTCCATGCCACAGCAGACTGCCCCAGCGATGAAGTCCTCGC	32202302	32225713	-23411	32284517	-82215	32202368	-23345	-82149
ENSMUST00000003726	AACCTCCACCCCCACCACCTCCGCCCTCCATGCCACAGCAGACTGCCCCAGCGATGAAGTCCTCGC	32202302	32229735	-27433	32284062	-81760	32202368	-27367	-81694
ENSMUST00000003726	AACCTCCACCCCCACCACCTCCGCCCTCCATGCCACAGCAGACTGCCCCAGCGATGAAGTCCTCGC	32202302	32229735	-27433	32284517	-82215	32202368	-27367	-82149
ENSMUST00000090558	CCCCTTCCCCCGCTGCGCTCATGCCCCAATCCTGTCTTCTGCTTTATCCTGCCCCTGCTCCCTACC	108390934	108393510	-2576	108393935	-3001	108391000	-2510	-2935
ENSMUST00000090558	CCCCTTCCCCCGCTGCGCTCATGCCCCAATCCTGTCTTCTGCTTTATCCTGCCCCTGCTCCCTACC	108390934	108393510	-2576	108394212	-3278	108391000	-2510	-3212
ENSMUST00000090558	CCCCTTCCCCCGCTGCGCTCATGCCCCAATCCTGTCTTCTGCTTTATCCTGCCCCTGCTCCCTACC	108390934	108397410	-6476	108397759	-6825	108391000	-6410	-6759
ENSMUST00000090558	CCCCTTCCCCCGCTGCGCTCATGCCCCAATCCTGTCTTCTGCTTTATCCTGCCCCTGCTCCCTACC	108390934	108401687	-10753	108402447	-11513	108391000	-10687	-11447
ENSMUST00000090558	CCCCTTCCCCCGCTGCGCTCATGCCCCAATCCTGTCTTCTGCTTTATCCTGCCCCTGCTCCCTACC	108390934	108402573	-11639	108403220	-12286	108391000	-11573	-12220
ENSMUST00000048043	CTAAAGCGAGTTCTCCTCCCCACCACCACAGCTAGACTGTCAGCTCTCATCTCCCCTCCACACTTC	62421260	62428032	-6772	62429225	-7965	62421326	-6706	-7899
ENSMUST00000048043	CTAAAGCGAGTTCTCCTCCCCACCACCACAGCTAGACTGTCAGCTCTCATCTCCCCTCCACACTTC	62421260	62429342	-8082	62454528	-33268	62421326	-8016	-33202
ENSMUST00000048043	CTAAAGCGAGTTCTCCTCCCCACCACCACAGCTAGACTGTCAGCTCTCATCTCCCCTCCACACTTC	62421260	62431466	-10206	62454528	-33268	62421326	-10140	-33202
ENSMUST00000048043	CTAAAGCGAGTTCTCCTCCCCACCACCACAGCTAGACTGTCAGCTCTCATCTCCCCTCCACACTTC	62421260	62432506	-11246	62489240	-67980	62421326	-11180	-67914
ENSMUST00000048043	CTAAAGCGAGTTCTCCTCCCCACCACCACAGCTAGACTGTCAGCTCTCATCTCCCCTCCACACTTC	62421260	62454645	-33385	62536652	-115392	62421326	-33319	-115326
ENSMUST00000070330	CTACCTGGAATAACGAAAGTGCCCGTGGGAGACCAGCCGCCAGATATCGAGTATCAGATCAGAGAT	162353546	162011927	341619	162045385	308161	162353612	341685	308227
ENSMUST00000070330	CTACCTGGAATAACGAAAGTGCCCGTGGGAGACCAGCCGCCAGATATCGAGTATCAGATCAGAGAT	162353546	162011927	341619	162084032	269514	162353612	341685	269580
ENSMUST00000070330	CTACCTGGAATAACGAAAGTGCCCGTGGGAGACCAGCCGCCAGATATCGAGTATCAGATCAGAGAT	162353546	162011927	341619	162084032	269514	162353612	341685	269580
ENSMUST00000070330	CTACCTGGAATAACGAAAGTGCCCGTGGGAGACCAGCCGCCAGATATCGAGTATCAGATCAGAGAT	162353546	162019992	333554	162084032	269514	162353612	333620	269580
ENSMUST00000070330	CTACCTGGAATAACGAAAGTGCCCGTGGGAGACCAGCCGCCAGATATCGAGTATCAGATCAGAGAT	162353546	162134566	218980	162285996	67550	162353612	219046	67616
ENSMUST00000070330	CTACCTGGAATAACGAAAGTGCCCGTGGGAGACCAGCCGCCAGATATCGAGTATCAGATCAGAGAT	162353546	162231767	121779	162274487	79059	162353612	121845	79125
ENSMUST00000070330	CTACCTGGAATAACGAAAGTGCCCGTGGGAGACCAGCCGCCAGATATCGAGTATCAGATCAGAGAT	162353546	162231767	121779	162285996	67550	162353612	121845	67616
ENSMUST00000070330	CTACCTGGAATAACGAAAGTGCCCGTGGGAGACCAGCCGCCAGATATCGAGTATCAGATCAGAGAT	162353546	162321112	32434	162353519	27	162353612	32500	93
ENSMUST00000070330	CTACCTGGAATAACGAAAGTGCCCGTGGGAGACCAGCCGCCAGATATCGAGTATCAGATCAGAGAT	162353546	162353723	-177	162407334	-53788	162353612	-111	-53722
ENSMUST00000070330	CTACCTGGAATAACGAAAGTGCCCGTGGGAGACCAGCCGCCAGATATCGAGTATCAGATCAGAGAT	162353546	162355509	-1963	162477662	-124116	162353612	-1897	-124050
ENSMUST00000006754	GATGACGACGACGATGAAGATGACGAAGATGACGACGATGAGGATGAAGACAACGAGTCTGAGGGC	102305949	102310576	-4627	102311379	-5430	102306015	-4561	-5364
ENSMUST00000006754	GATGACGACGACGATGAAGATGACGAAGATGACGACGATGAGGATGAAGACAACGAGTCTGAGGGC	102305949	102310576	-4627	102311753	-5804	102306015	-4561	-5738
ENSMUST00000006754	GATGACGACGACGATGAAGATGACGAAGATGACGACGATGAGGATGAAGACAACGAGTCTGAGGGC	102305949	102310576	-4627	102313897	-7948	102306015	-4561	-7882
ENSMUST00000071135	AGTTCACCGCCATGTTCAGACGCAAGGCCTTCCTGCACTGGTACACGGGCGAAGGCATGGACGAGAT	57080942	57081747	-805	57086230	-5288	57081009	-738	-5221
ENSMUST00000071135	AGTTCACCGCCATGTTCAGACGCAAGGCCTTCCTGCACTGGTACACGGGCGAAGGCATGGACGAGAT	57080942	57081747	-805	57087456	-6514	57081009	-738	-6447
ENSMUST00000071135	AGTTCACCGCCATGTTCAGACGCAAGGCCTTCCTGCACTGGTACACGGGCGAAGGCATGGACGAGAT	57080942	57081747	-805	57087456	-6514	57081009	-738	-6447
ENSMUST00000071135	AGTTCACCGCCATGTTCAGACGCAAGGCCTTCCTGCACTGGTACACGGGCGAAGGCATGGACGAGAT	57080942	57086102	-5160	57087456	-6514	57081009	-5093	-6447
ENSMUST00000046521	CCAGGACCAGAACTCTTCCCAGAATGCCAGACTGCAGCCAACTCCTCCCATTCAGGCACCAGCACCC	97208553	97210716	-2163	97213684	-5131	97208620	-2096	-5064
ENSMUST00000046521	CCAGGACCAGAACTCTTCCCAGAATGCCAGACTGCAGCCAACTCCTCCCATTCAGGCACCAGCACCC	97208553	97216625	-8072	97297756	-89203	97208620	-8005	-89136
ENSMUST00000046521	CCAGGACCAGAACTCTTCCCAGAATGCCAGACTGCAGCCAACTCCTCCCATTCAGGCACCAGCACCC	97208553	97221861	-13308	97297756	-89203	97208620	-13241	-89136
ENSMUST00000044009	TATTTTATACTGCAATTCTGATGTGTTCATTTCTCACAAACTGTACTGACTGACTCAAGGGGAGCTG	5293727	5339257	-45530	5361988	-68261	5293794	-45463	-68194
ENSMUST00000044009	TATTTTATACTGCAATTCTGATGTGTTCATTTCTCACAAACTGTACTGACTGACTCAAGGGGAGCTG	5293727	5362127	-68400	5565648	-271921	5293794	-68333	-271854
ENSMUST00000044009	TATTTTATACTGCAATTCTGATGTGTTCATTTCTCACAAACTGTACTGACTGACTCAAGGGGAGCTG	5293727	5362127	-68400	5714145	-420418	5293794	-68333	-420351
ENSMUST00000044009	TATTTTATACTGCAATTCTGATGTGTTCATTTCTCACAAACTGTACTGACTGACTCAAGGGGAGCTG	5293727	5362127	-68400	5714145	-420418	5293794	-68333	-420351
ENSMUST00000044009	TATTTTATACTGCAATTCTGATGTGTTCATTTCTCACAAACTGTACTGACTGACTCAAGGGGAGCTG	5293727	5445144	-151417	5676231	-382504	5293794	-151350	-382437
ENSMUST00000044009	TATTTTATACTGCAATTCTGATGTGTTCATTTCTCACAAACTGTACTGACTGACTCAAGGGGAGCTG	5293727	5445144	-151417	5714145	-420418	5293794	-151350	-420351
ENSMUST00000032719	AGTGAATGGAAGGGCCATCCCCAACCTGACAAGCCGACCTTCCCCCATGACCTGGAGACTGGGTCAA	109823285	109718366	104919	109719956	103329	109823352	104986	103396
ENSMUST00000032719	AGTGAATGGAAGGGCCATCCCCAACCTGACAAGCCGACCTTCCCCCATGACCTGGAGACTGGGTCAA	109823285	109759049	64236	109764517	58768	109823352	64303	58835
ENSMUST00000032719	AGTGAATGGAAGGGCCATCCCCAACCTGACAAGCCGACCTTCCCCCATGACCTGGAGACTGGGTCAA	109823285	109759049	64236	109766928	56357	109823352	64303	56424
ENSMUST00000032719	AGTGAATGGAAGGGCCATCCCCAACCTGACAAGCCGACCTTCCCCCATGACCTGGAGACTGGGTCAA	109823285	109760528	62757	109766928	56357	109823352	62824	56424
ENSMUST00000032719	AGTGAATGGAAGGGCCATCCCCAACCTGACAAGCCGACCTTCCCCCATGACCTGGAGACTGGGTCAA	109823285	109769438	53847	109816253	7032	109823352	53914	7099
ENSMUST00000032719	AGTGAATGGAAGGGCCATCCCCAACCTGACAAGCCGACCTTCCCCCATGACCTGGAGACTGGGTCAA	109823285	109863891	-40606	109880534	-57249	109823352	-40539	-57182
ENSMUST00000032719	AGTGAATGGAAGGGCCATCCCCAACCTGACAAGCCGACCTTCCCCCATGACCTGGAGACTGGGTCAA	109823285	109863891	-40606	110216701	-393416	109823352	-40539	-393349
ENSMUST00000032719	AGTGAATGGAAGGGCCATCCCCAACCTGACAAGCCGACCTTCCCCCATGACCTGGAGACTGGGTCAA	109823285	109883686	-60401	109903745	-80460	109823352	-60334	-80393
ENSMUST00000032719	AGTGAATGGAAGGGCCATCCCCAACCTGACAAGCCGACCTTCCCCCATGACCTGGAGACTGGGTCAA	109823285	109883686	-60401	110216701	-393416	109823352	-60334	-393349
ENSMUST00000032719	AGTGAATGGAAGGGCCATCCCCAACCTGACAAGCCGACCTTCCCCCATGACCTGGAGACTGGGTCAA	109823285	109903114	-79829	110216701	-393416	109823352	-79762	-393349
ENSMUST00000032719	AGTGAATGGAAGGGCCATCCCCAACCTGACAAGCCGACCTTCCCCCATGACCTGGAGACTGGGTCAA	109823285	110217110	-393825	110455649	-632364	109823352	-393758	-632297
ENSMUST00000053880	CTTGACTGCAGGATCGCCGTGTGGCACACAGGACACATAAACCAGAAAGGTGCTTATTCTTCTCTGG	135716879	135739146	-22267	135772192	-55313	135716946	-22200	-55246
ENSMUST00000053880	CTTGACTGCAGGATCGCCGTGTGGCACACAGGACACATAAACCAGAAAGGTGCTTATTCTTCTCTGG	135716879	135843202	-126323	136171415	-454536	135716946	-126256	-454469
ENSMUST00000053880	CTTGACTGCAGGATCGCCGTGTGGCACACAGGACACATAAACCAGAAAGGTGCTTATTCTTCTCTGG	135716879	135923470	-206591	136171415	-454536	135716946	-206524	-454469
ENSMUST00000053880	CTTGACTGCAGGATCGCCGTGTGGCACACAGGACACATAAACCAGAAAGGTGCTTATTCTTCTCTGG	135716879	136171882	-455003	136173472	-456593	135716946	-454936	-456526
ENSMUST00000053880	CTTGACTGCAGGATCGCCGTGTGGCACACAGGACACATAAACCAGAAAGGTGCTTATTCTTCTCTGG	135716879	136171882	-455003	136173472	-456593	135716946	-454936	-456526
ENSMUST00000060043	AGCCGCCGCAGCAGCCGGACTCAGTGTCCCGCGTCGCCCTCGGGGCGCCTTGTCAGTGCTGAGTGGG	120037719	119927234	110485	119929825	107894	120037786	110552	107961
ENSMUST00000060043	AGCCGCCGCAGCAGCCGGACTCAGTGTCCCGCGTCGCCCTCGGGGCGCCTTGTCAGTGCTGAGTGGG	120037719	119927234	110485	119934255	103464	120037786	110552	103531
ENSMUST00000060043	AGCCGCCGCAGCAGCCGGACTCAGTGTCCCGCGTCGCCCTCGGGGCGCCTTGTCAGTGCTGAGTGGG	120037719	119927234	110485	119934255	103464	120037786	110552	103531
ENSMUST00000060043	AGCCGCCGCAGCAGCCGGACTCAGTGTCCCGCGTCGCCCTCGGGGCGCCTTGTCAGTGCTGAGTGGG	120037719	119928149	109570	119934255	103464	120037786	109637	103531
ENSMUST00000060043	AGCCGCCGCAGCAGCCGGACTCAGTGTCCCGCGTCGCCCTCGGGGCGCCTTGTCAGTGCTGAGTGGG	120037719	119927234	110485	119934255	103464	120037786	110552	103531
ENSMUST00000060043	AGCCGCCGCAGCAGCCGGACTCAGTGTCCCGCGTCGCCCTCGGGGCGCCTTGTCAGTGCTGAGTGGG	120037719	119929867	107852	119934255	103464	120037786	107919	103531
ENSMUST00000060043	AGCCGCCGCAGCAGCCGGACTCAGTGTCCCGCGTCGCCCTCGGGGCGCCTTGTCAGTGCTGAGTGGG	120037719	119927234	110485	119934255	103464	120037786	110552	103531
ENSMUST00000060043	AGCCGCCGCAGCAGCCGGACTCAGTGTCCCGCGTCGCCCTCGGGGCGCCTTGTCAGTGCTGAGTGGG	120037719	119929867	107852	119934255	103464	120037786	107919	103531
ENSMUST00000060043	AGCCGCCGCAGCAGCCGGACTCAGTGTCCCGCGTCGCCCTCGGGGCGCCTTGTCAGTGCTGAGTGGG	120037719	119943866	93853	119946236	91483	120037786	93920	91550
ENSMUST00000060043	AGCCGCCGCAGCAGCCGGACTCAGTGTCCCGCGTCGCCCTCGGGGCGCCTTGTCAGTGCTGAGTGGG	120037719	119943866	93853	119946236	91483	120037786	93920	91550
ENSMUST00000060043	AGCCGCCGCAGCAGCCGGACTCAGTGTCCCGCGTCGCCCTCGGGGCGCCTTGTCAGTGCTGAGTGGG	120037719	119949419	88300	119950498	87221	120037786	88367	87288
ENSMUST00000060043	AGCCGCCGCAGCAGCCGGACTCAGTGTCCCGCGTCGCCCTCGGGGCGCCTTGTCAGTGCTGAGTGGG	120037719	119950130	87589	119950498	87221	120037786	87656	87288
ENSMUST00000060043	AGCCGCCGCAGCAGCCGGACTCAGTGTCCCGCGTCGCCCTCGGGGCGCCTTGTCAGTGCTGAGTGGG	120037719	119950300	87419	119951634	86085	120037786	87486	86152
ENSMUST00000060043	AGCCGCCGCAGCAGCCGGACTCAGTGTCCCGCGTCGCCCTCGGGGCGCCTTGTCAGTGCTGAGTGGG	120037719	119950672	87047	119951634	86085	120037786	87114	86152
ENSMUST00000060043	AGCCGCCGCAGCAGCCGGACTCAGTGTCCCGCGTCGCCCTCGGGGCGCCTTGTCAGTGCTGAGTGGG	120037719	119951995	85724	119953770	83949	120037786	85791	84016
ENSMUST00000060043	AGCCGCCGCAGCAGCCGGACTCAGTGTCCCGCGTCGCCCTCGGGGCGCCTTGTCAGTGCTGAGTGGG	120037719	119951995	85724	119956070	81649	120037786	85791	81716
ENSMUST00000060043	AGCCGCCGCAGCAGCCGGACTCAGTGTCCCGCGTCGCCCTCGGGGCGCCTTGTCAGTGCTGAGTGGG	120037719	119951995	85724	119956070	81649	120037786	85791	81716
ENSMUST00000060043	AGCCGCCGCAGCAGCCGGACTCAGTGTCCCGCGTCGCCCTCGGGGCGCCTTGTCAGTGCTGAGTGGG	120037719	119952969	84750	119956070	81649	120037786	84817	81716
ENSMUST00000060043	AGCCGCCGCAGCAGCCGGACTCAGTGTCCCGCGTCGCCCTCGGGGCGCCTTGTCAGTGCTGAGTGGG	120037719	119951995	85724	119956070	81649	120037786	85791	81716
ENSMUST00000060043	AGCCGCCGCAGCAGCCGGACTCAGTGTCCCGCGTCGCCCTCGGGGCGCCTTGTCAGTGCTGAGTGGG	120037719	119952969	84750	119956070	81649	120037786	84817	81716
ENSMUST00000060043	AGCCGCCGCAGCAGCCGGACTCAGTGTCCCGCGTCGCCCTCGGGGCGCCTTGTCAGTGCTGAGTGGG	120037719	119960724	76995	119968475	69244	120037786	77062	69311
ENSMUST00000060043	AGCCGCCGCAGCAGCCGGACTCAGTGTCCCGCGTCGCCCTCGGGGCGCCTTGTCAGTGCTGAGTGGG	120037719	119963632	74087	119968475	69244	120037786	74154	69311
ENSMUST00000060043	AGCCGCCGCAGCAGCCGGACTCAGTGTCCCGCGTCGCCCTCGGGGCGCCTTGTCAGTGCTGAGTGGG	120037719	119972856	64863	119990091	47628	120037786	64930	47695
ENSMUST00000060043	AGCCGCCGCAGCAGCCGGACTCAGTGTCCCGCGTCGCCCTCGGGGCGCCTTGTCAGTGCTGAGTGGG	120037719	119972856	64863	119992339	45380	120037786	64930	45447
ENSMUST00000002412	TTTGATGTTCCGTGGATCTGTGCTATCTGACACTGTGGATGTTAATGGACTTATTGGACATTTTAATA	70096380	70097631	-1251	70100232	-3852	70096448	-1183	-3784
ENSMUST00000002412	TTTGATGTTCCGTGGATCTGTGCTATCTGACACTGTGGATGTTAATGGACTTATTGGACATTTTAATA	70096380	70102059	-5679	70103943	-7563	70096448	-5611	-7495
ENSMUST00000002412	TTTGATGTTCCGTGGATCTGTGCTATCTGACACTGTGGATGTTAATGGACTTATTGGACATTTTAATA	70096380	70115387	-19007	70120727	-24347	70096448	-18939	-24279
ENSMUST00000002412	TTTGATGTTCCGTGGATCTGTGCTATCTGACACTGTGGATGTTAATGGACTTATTGGACATTTTAATA	70096380	70097631	-1251	70100232	-3852	70096448	-1183	-3784
ENSMUST00000002412	TTTGATGTTCCGTGGATCTGTGCTATCTGACACTGTGGATGTTAATGGACTTATTGGACATTTTAATA	70096380	70102059	-5679	70103943	-7563	70096448	-5611	-7495
ENSMUST00000002412	TTTGATGTTCCGTGGATCTGTGCTATCTGACACTGTGGATGTTAATGGACTTATTGGACATTTTAATA	70096380	70115387	-19007	70120727	-24347	70096448	-18939	-24279
ENSMUST00000002412	TTTGATGTTCCGTGGATCTGTGCTATCTGACACTGTGGATGTTAATGGACTTATTGGACATTTTAATA	70096380	70097631	-1251	70100232	-3852	70096448	-1183	-3784
ENSMUST00000002412	TTTGATGTTCCGTGGATCTGTGCTATCTGACACTGTGGATGTTAATGGACTTATTGGACATTTTAATA	70096380	70102059	-5679	70103943	-7563	70096448	-5611	-7495
ENSMUST00000002412	TTTGATGTTCCGTGGATCTGTGCTATCTGACACTGTGGATGTTAATGGACTTATTGGACATTTTAATA	70096380	70115387	-19007	70120727	-24347	70096448	-18939	-24279
ENSMUST00000074669	GGAGCGGCCGAGTGACGACCGCACACGCTTTGTTTGGACGCGGAGTGAACACAATTATGTACCAAATT	51600186	51601478	-1292	51602592	-2406	51600254	-1224	-2338
ENSMUST00000039438	TTTGGATCCAGGGATGCTAAGTAGAAACTGCATGAGCCACCAGTGCTCCCACACCTTTTACCACCACT	78300926	78198951	101975	78229486	71440	78300994	102043	71508
ENSMUST00000039438	TTTGGATCCAGGGATGCTAAGTAGAAACTGCATGAGCCACCAGTGCTCCCACACCTTTTACCACCACT	78300926	78198951	101975	78247154	53772	78300994	102043	53840
ENSMUST00000039438	TTTGGATCCAGGGATGCTAAGTAGAAACTGCATGAGCCACCAGTGCTCCCACACCTTTTACCACCACT	78300926	78198951	101975	78247154	53772	78300994	102043	53840
ENSMUST00000039438	TTTGGATCCAGGGATGCTAAGTAGAAACTGCATGAGCCACCAGTGCTCCCACACCTTTTACCACCACT	78300926	78204144	96782	78247154	53772	78300994	96850	53840
ENSMUST00000039438	TTTGGATCCAGGGATGCTAAGTAGAAACTGCATGAGCCACCAGTGCTCCCACACCTTTTACCACCACT	78300926	78302747	-1821	78356026	-55100	78300994	-1753	-55032
ENSMUST00000039438	TTTGGATCCAGGGATGCTAAGTAGAAACTGCATGAGCCACCAGTGCTCCCACACCTTTTACCACCACT	78300926	78451955	-151029	78460280	-159354	78300994	-150961	-159286
ENSMUST00000039438	TTTGGATCCAGGGATGCTAAGTAGAAACTGCATGAGCCACCAGTGCTCCCACACCTTTTACCACCACT	78300926	78462942	-162016	78516728	-215802	78300994	-161948	-215734
ENSMUST00000061506	TCCAAGACCGATCACATCCCTGCTCATCTCACCTACGGGAAGCTGCTCGCCTTAACAGGTCGTAAGAG	105303666	105190274	113392	105254794	48872	105271518	81244	16724
ENSMUST00000061506	TCCAAGACCGATCACATCCCTGCTCATCTCACCTACGGGAAGCTGCTCGCCTTAACAGGTCGTAAGAG	105303666	105190274	113392	105271498	32168	105271518	81244	20
ENSMUST00000061506	TCCAAGACCGATCACATCCCTGCTCATCTCACCTACGGGAAGCTGCTCGCCTTAACAGGTCGTAAGAG	105303666	105254909	48757	105303593	73	105271518	16609	-32075
ENSMUST00000061506	TCCAAGACCGATCACATCCCTGCTCATCTCACCTACGGGAAGCTGCTCGCCTTAACAGGTCGTAAGAG	105303666	105348549	-44883	105413216	-109550	105271518	-77031	-141698
ENSMUST00000061506	TCCAAGACCGATCACATCCCTGCTCATCTCACCTACGGGAAGCTGCTCGCCTTAACAGGTCGTAAGAG	105303666	105370778	-67112	105573666	-270000	105271518	-99260	-302148
ENSMUST00000085814	TTTTGAAAATGGTGGAAGGGCTCATGTGGTAGCAACTATGAACCAGAAATAGGACCCTCAGTTACAGA	4249251	4249750	-499	4253656	-4405	4249319	-431	-4337
ENSMUST00000085814	TTTTGAAAATGGTGGAAGGGCTCATGTGGTAGCAACTATGAACCAGAAATAGGACCCTCAGTTACAGA	4249251	4253746	-4495	4263433	-14182	4249319	-4427	-14114
ENSMUST00000085814	TTTTGAAAATGGTGGAAGGGCTCATGTGGTAGCAACTATGAACCAGAAATAGGACCCTCAGTTACAGA	4249251	4296248	-46997	4306423	-57172	4249319	-46929	-57104
ENSMUST00000085814	TTTTGAAAATGGTGGAAGGGCTCATGTGGTAGCAACTATGAACCAGAAATAGGACCCTCAGTTACAGA	4249251	4306564	-57313	4322867	-73616	4249319	-57245	-73548
ENSMUST00000085814	TTTTGAAAATGGTGGAAGGGCTCATGTGGTAGCAACTATGAACCAGAAATAGGACCCTCAGTTACAGA	4249251	4313121	-63870	4322867	-73616	4249319	-63802	-73548
ENSMUST00000085814	TTTTGAAAATGGTGGAAGGGCTCATGTGGTAGCAACTATGAACCAGAAATAGGACCCTCAGTTACAGA	4249251	4315865	-66614	4335780	-86529	4249319	-66546	-86461
ENSMUST00000085814	TTTTGAAAATGGTGGAAGGGCTCATGTGGTAGCAACTATGAACCAGAAATAGGACCCTCAGTTACAGA	4249251	4344502	-95251	4416670	-167419	4249319	-95183	-167351
ENSMUST00000085814	TTTTGAAAATGGTGGAAGGGCTCATGTGGTAGCAACTATGAACCAGAAATAGGACCCTCAGTTACAGA	4249251	4249750	-499	4253656	-4405	4249319	-431	-4337
ENSMUST00000085814	TTTTGAAAATGGTGGAAGGGCTCATGTGGTAGCAACTATGAACCAGAAATAGGACCCTCAGTTACAGA	4249251	4253746	-4495	4263433	-14182	4249319	-4427	-14114
ENSMUST00000085814	TTTTGAAAATGGTGGAAGGGCTCATGTGGTAGCAACTATGAACCAGAAATAGGACCCTCAGTTACAGA	4249251	4296248	-46997	4306423	-57172	4249319	-46929	-57104
ENSMUST00000085814	TTTTGAAAATGGTGGAAGGGCTCATGTGGTAGCAACTATGAACCAGAAATAGGACCCTCAGTTACAGA	4249251	4306564	-57313	4322867	-73616	4249319	-57245	-73548
ENSMUST00000085814	TTTTGAAAATGGTGGAAGGGCTCATGTGGTAGCAACTATGAACCAGAAATAGGACCCTCAGTTACAGA	4249251	4313121	-63870	4322867	-73616	4249319	-63802	-73548
ENSMUST00000085814	TTTTGAAAATGGTGGAAGGGCTCATGTGGTAGCAACTATGAACCAGAAATAGGACCCTCAGTTACAGA	4249251	4315865	-66614	4335780	-86529	4249319	-66546	-86461
ENSMUST00000085814	TTTTGAAAATGGTGGAAGGGCTCATGTGGTAGCAACTATGAACCAGAAATAGGACCCTCAGTTACAGA	4249251	4344502	-95251	4416670	-167419	4249319	-95183	-167351
ENSMUST00000103186	CTGAAGAACTCTTTGCCCGGAAATTTAATGCTCTCTTCGCCCAGGGAAACTACTCAGAGGCTGCAAAG	86726370	86695690	30680	86702208	24162	86726438	30748	24230
ENSMUST00000103186	CTGAAGAACTCTTTGCCCGGAAATTTAATGCTCTCTTCGCCCAGGGAAACTACTCAGAGGCTGCAAAG	86726370	86697340	29030	86702208	24162	86726438	29098	24230
ENSMUST00000103186	CTGAAGAACTCTTTGCCCGGAAATTTAATGCTCTCTTCGCCCAGGGAAACTACTCAGAGGCTGCAAAG	86726370	86725271	1099	86730210	-3840	86726438	1167	-3772
ENSMUST00000103186	CTGAAGAACTCTTTGCCCGGAAATTTAATGCTCTCTTCGCCCAGGGAAACTACTCAGAGGCTGCAAAG	86726370	86730831	-4461	86733575	-7205	86726438	-4393	-7137
ENSMUST00000103186	CTGAAGAACTCTTTGCCCGGAAATTTAATGCTCTCTTCGCCCAGGGAAACTACTCAGAGGCTGCAAAG	86726370	86733844	-7474	86757247	-30877	86726438	-7406	-30809
ENSMUST00000103186	CTGAAGAACTCTTTGCCCGGAAATTTAATGCTCTCTTCGCCCAGGGAAACTACTCAGAGGCTGCAAAG	86726370	86733844	-7474	86757247	-30877	86726438	-7406	-30809
ENSMUST00000031249	CCAGCCACCTCTCCGCAGATCTAGCCAGCATGAAGGCTGTGCTTCTCCTCCTGTGCGCCTTGGGAACC	104113716	104087158	26558	104113376	340	104097760	10602	-15616
ENSMUST00000031249	CCAGCCACCTCTCCGCAGATCTAGCCAGCATGAAGGCTGTGCTTCTCCTCCTGTGCGCCTTGGGAACC	104113716	104090461	23255	104094638	19078	104097760	7299	3122
ENSMUST00000031249	CCAGCCACCTCTCCGCAGATCTAGCCAGCATGAAGGCTGTGCTTCTCCTCCTGTGCGCCTTGGGAACC	104113716	104093373	20343	104097708	16008	104097760	4387	52
ENSMUST00000031249	CCAGCCACCTCTCCGCAGATCTAGCCAGCATGAAGGCTGTGCTTCTCCTCCTGTGCGCCTTGGGAACC	104113716	104094767	18949	104113376	340	104097760	2993	-15616
ENSMUST00000031249	CCAGCCACCTCTCCGCAGATCTAGCCAGCATGAAGGCTGTGCTTCTCCTCCTGTGCGCCTTGGGAACC	104113716	104097773	15943	104113376	340	104097760	-13	-15616
ENSMUST00000036161	GAAGATATAAGCATAATGATTAAGTTTTGGACTGCCATGTTCTCAGATAAGAAGTACCTGACTGCCAG	17299520	17281109	18411	17282285	17235	17297570	16461	15285
ENSMUST00000036161	GAAGATATAAGCATAATGATTAAGTTTTGGACTGCCATGTTCTCAGATAAGAAGTACCTGACTGCCAG	17299520	17281109	18411	17282616	16904	17297570	16461	14954
ENSMUST00000036161	GAAGATATAAGCATAATGATTAAGTTTTGGACTGCCATGTTCTCAGATAAGAAGTACCTGACTGCCAG	17299520	17281109	18411	17282616	16904	17297570	16461	14954
ENSMUST00000036161	GAAGATATAAGCATAATGATTAAGTTTTGGACTGCCATGTTCTCAGATAAGAAGTACCTGACTGCCAG	17299520	17282008	17512	17282616	16904	17297570	15562	14954
ENSMUST00000036161	GAAGATATAAGCATAATGATTAAGTTTTGGACTGCCATGTTCTCAGATAAGAAGTACCTGACTGCCAG	17299520	17283409	16111	17291114	8406	17297570	14161	6456
ENSMUST00000036161	GAAGATATAAGCATAATGATTAAGTTTTGGACTGCCATGTTCTCAGATAAGAAGTACCTGACTGCCAG	17299520	17291235	8285	17293842	5678	17297570	6335	3728
ENSMUST00000036161	GAAGATATAAGCATAATGATTAAGTTTTGGACTGCCATGTTCTCAGATAAGAAGTACCTGACTGCCAG	17299520	17297089	2431	17297550	1970	17297570	481	20
ENSMUST00000036161	GAAGATATAAGCATAATGATTAAGTTTTGGACTGCCATGTTCTCAGATAAGAAGTACCTGACTGCCAG	17299520	17297670	1850	17300992	-1472	17297570	-100	-3422
ENSMUST00000036161	GAAGATATAAGCATAATGATTAAGTTTTGGACTGCCATGTTCTCAGATAAGAAGTACCTGACTGCCAG	17299520	17299569	-49	17300992	-1472	17297570	-1999	-3422
ENSMUST00000036161	GAAGATATAAGCATAATGATTAAGTTTTGGACTGCCATGTTCTCAGATAAGAAGTACCTGACTGCCAG	17299520	17299569	-49	17302990	-3470	17297570	-1999	-5420
ENSMUST00000036161	GAAGATATAAGCATAATGATTAAGTTTTGGACTGCCATGTTCTCAGATAAGAAGTACCTGACTGCCAG	17299520	17303443	-3923	17308065	-8545	17297570	-5873	-10495
ENSMUST00000036161	GAAGATATAAGCATAATGATTAAGTTTTGGACTGCCATGTTCTCAGATAAGAAGTACCTGACTGCCAG	17299520	17307830	-8310	17309305	-9785	17297570	-10260	-11735
ENSMUST00000036161	GAAGATATAAGCATAATGATTAAGTTTTGGACTGCCATGTTCTCAGATAAGAAGTACCTGACTGCCAG	17299520	17309398	-9878	17315548	-16028	17297570	-11828	-17978
ENSMUST00000036161	GAAGATATAAGCATAATGATTAAGTTTTGGACTGCCATGTTCTCAGATAAGAAGTACCTGACTGCCAG	17299520	17312471	-12951	17316961	-17441	17297570	-14901	-19391
ENSMUST00000036161	GAAGATATAAGCATAATGATTAAGTTTTGGACTGCCATGTTCTCAGATAAGAAGTACCTGACTGCCAG	17299520	17317045	-17525	17318279	-18759	17297570	-19475	-20709
ENSMUST00000036161	GAAGATATAAGCATAATGATTAAGTTTTGGACTGCCATGTTCTCAGATAAGAAGTACCTGACTGCCAG	17299520	17318404	-18884	17323036	-23516	17297570	-20834	-25466
ENSMUST00000036161	GAAGATATAAGCATAATGATTAAGTTTTGGACTGCCATGTTCTCAGATAAGAAGTACCTGACTGCCAG	17299520	17318553	-19033	17325112	-25592	17297570	-20983	-27542
ENSMUST00000036161	GAAGATATAAGCATAATGATTAAGTTTTGGACTGCCATGTTCTCAGATAAGAAGTACCTGACTGCCAG	17299520	17318553	-19033	17325112	-25592	17297570	-20983	-27542
ENSMUST00000036161	GAAGATATAAGCATAATGATTAAGTTTTGGACTGCCATGTTCTCAGATAAGAAGTACCTGACTGCCAG	17299520	17326049	-26529	17350761	-51241	17297570	-28479	-53191
ENSMUST00000036161	GAAGATATAAGCATAATGATTAAGTTTTGGACTGCCATGTTCTCAGATAAGAAGTACCTGACTGCCAG	17299520	17354966	-55446	17357545	-58025	17297570	-57396	-59975
ENSMUST00000036161	GAAGATATAAGCATAATGATTAAGTTTTGGACTGCCATGTTCTCAGATAAGAAGTACCTGACTGCCAG	17299520	17359086	-59566	17363946	-64426	17297570	-61516	-66376
ENSMUST00000036161	GAAGATATAAGCATAATGATTAAGTTTTGGACTGCCATGTTCTCAGATAAGAAGTACCTGACTGCCAG	17299520	17360593	-61073	17367403	-67883	17297570	-63023	-69833
ENSMUST00000036161	GAAGATATAAGCATAATGATTAAGTTTTGGACTGCCATGTTCTCAGATAAGAAGTACCTGACTGCCAG	17299520	17367552	-68032	17376917	-77397	17297570	-69982	-79347
ENSMUST00000036161	GAAGATATAAGCATAATGATTAAGTTTTGGACTGCCATGTTCTCAGATAAGAAGTACCTGACTGCCAG	17299520	17367552	-68032	17405633	-106113	17297570	-69982	-108063
ENSMUST00000036161	GAAGATATAAGCATAATGATTAAGTTTTGGACTGCCATGTTCTCAGATAAGAAGTACCTGACTGCCAG	17299520	17377177	-77657	17405633	-106113	17297570	-79607	-108063
ENSMUST00000036161	GAAGATATAAGCATAATGATTAAGTTTTGGACTGCCATGTTCTCAGATAAGAAGTACCTGACTGCCAG	17299520	17378514	-78994	17386235	-86715	17297570	-80944	-88665
ENSMUST00000036161	GAAGATATAAGCATAATGATTAAGTTTTGGACTGCCATGTTCTCAGATAAGAAGTACCTGACTGCCAG	17299520	17378514	-78994	17389340	-89820	17297570	-80944	-91770
ENSMUST00000036161	GAAGATATAAGCATAATGATTAAGTTTTGGACTGCCATGTTCTCAGATAAGAAGTACCTGACTGCCAG	17299520	17378514	-78994	17405633	-106113	17297570	-80944	-108063
ENSMUST00000036161	GAAGATATAAGCATAATGATTAAGTTTTGGACTGCCATGTTCTCAGATAAGAAGTACCTGACTGCCAG	17299520	17378514	-78994	17389340	-89820	17297570	-80944	-91770
ENSMUST00000036161	GAAGATATAAGCATAATGATTAAGTTTTGGACTGCCATGTTCTCAGATAAGAAGTACCTGACTGCCAG	17299520	17378514	-78994	17405633	-106113	17297570	-80944	-108063
ENSMUST00000036161	GAAGATATAAGCATAATGATTAAGTTTTGGACTGCCATGTTCTCAGATAAGAAGTACCTGACTGCCAG	17299520	17381889	-82369	17389340	-89820	17297570	-84319	-91770
ENSMUST00000036161	GAAGATATAAGCATAATGATTAAGTTTTGGACTGCCATGTTCTCAGATAAGAAGTACCTGACTGCCAG	17299520	17381889	-82369	17405633	-106113	17297570	-84319	-108063
ENSMUST00000036161	GAAGATATAAGCATAATGATTAAGTTTTGGACTGCCATGTTCTCAGATAAGAAGTACCTGACTGCCAG	17299520	17378514	-78994	17405633	-106113	17297570	-80944	-108063
ENSMUST00000036161	GAAGATATAAGCATAATGATTAAGTTTTGGACTGCCATGTTCTCAGATAAGAAGTACCTGACTGCCAG	17299520	17381889	-82369	17405633	-106113	17297570	-84319	-108063
ENSMUST00000036161	GAAGATATAAGCATAATGATTAAGTTTTGGACTGCCATGTTCTCAGATAAGAAGTACCTGACTGCCAG	17299520	17386329	-86809	17405633	-106113	17297570	-88759	-108063
ENSMUST00000107693	ACCCCAAGGTCCTGCCCTGTCTGCACACTTTCTGCGAGAGGTGCCTGCAGAACTACATCCCAGCCCAC	84210316	84178178	32138	84192080	18236	84208204	30026	16124
ENSMUST00000114102	TCAAGGAGGAGAGTGACTTCCATGACCTCGAGTCAGTAGTCCAGCAAGTCGAACAGAACCTTGAACTGA	26385542	26383694	1848	26385082	460	26385085	1391	3
ENSMUST00000114102	TCAAGGAGGAGAGTGACTTCCATGACCTCGAGTCAGTAGTCCAGCAAGTCGAACAGAACCTTGAACTGA	26385542	26384821	721	26385497	45	26385085	264	-412
ENSMUST00000114102	TCAAGGAGGAGAGTGACTTCCATGACCTCGAGTCAGTAGTCCAGCAAGTCGAACAGAACCTTGAACTGA	26385542	26384821	721	26385540	2	26385085	264	-455
ENSMUST00000114102	TCAAGGAGGAGAGTGACTTCCATGACCTCGAGTCAGTAGTCCAGCAAGTCGAACAGAACCTTGAACTGA	26385542	26384821	721	26385989	-447	26385085	264	-904
ENSMUST00000114102	TCAAGGAGGAGAGTGACTTCCATGACCTCGAGTCAGTAGTCCAGCAAGTCGAACAGAACCTTGAACTGA	26385542	26384821	721	26386903	-1361	26385085	264	-1818
ENSMUST00000114102	TCAAGGAGGAGAGTGACTTCCATGACCTCGAGTCAGTAGTCCAGCAAGTCGAACAGAACCTTGAACTGA	26385542	26384821	721	26387555	-2013	26385085	264	-2470
ENSMUST00000114102	TCAAGGAGGAGAGTGACTTCCATGACCTCGAGTCAGTAGTCCAGCAAGTCGAACAGAACCTTGAACTGA	26385542	26384821	721	26385989	-447	26385085	264	-904
ENSMUST00000114102	TCAAGGAGGAGAGTGACTTCCATGACCTCGAGTCAGTAGTCCAGCAAGTCGAACAGAACCTTGAACTGA	26385542	26384821	721	26386903	-1361	26385085	264	-1818
ENSMUST00000114102	TCAAGGAGGAGAGTGACTTCCATGACCTCGAGTCAGTAGTCCAGCAAGTCGAACAGAACCTTGAACTGA	26385542	26385145	397	26385989	-447	26385085	-60	-904
ENSMUST00000114102	TCAAGGAGGAGAGTGACTTCCATGACCTCGAGTCAGTAGTCCAGCAAGTCGAACAGAACCTTGAACTGA	26385542	26385145	397	26386903	-1361	26385085	-60	-1818
ENSMUST00000114102	TCAAGGAGGAGAGTGACTTCCATGACCTCGAGTCAGTAGTCCAGCAAGTCGAACAGAACCTTGAACTGA	26385542	26384821	721	26386903	-1361	26385085	264	-1818
ENSMUST00000114102	TCAAGGAGGAGAGTGACTTCCATGACCTCGAGTCAGTAGTCCAGCAAGTCGAACAGAACCTTGAACTGA	26385542	26385145	397	26386903	-1361	26385085	-60	-1818
ENSMUST00000114102	TCAAGGAGGAGAGTGACTTCCATGACCTCGAGTCAGTAGTCCAGCAAGTCGAACAGAACCTTGAACTGA	26385542	26384821	721	26386903	-1361	26385085	264	-1818
ENSMUST00000114102	TCAAGGAGGAGAGTGACTTCCATGACCTCGAGTCAGTAGTCCAGCAAGTCGAACAGAACCTTGAACTGA	26385542	26385145	397	26386903	-1361	26385085	-60	-1818
ENSMUST00000114102	TCAAGGAGGAGAGTGACTTCCATGACCTCGAGTCAGTAGTCCAGCAAGTCGAACAGAACCTTGAACTGA	26385542	26385609	-67	26386903	-1361	26385085	-524	-1818
ENSMUST00000114102	TCAAGGAGGAGAGTGACTTCCATGACCTCGAGTCAGTAGTCCAGCAAGTCGAACAGAACCTTGAACTGA	26385542	26384821	721	26387555	-2013	26385085	264	-2470
ENSMUST00000114102	TCAAGGAGGAGAGTGACTTCCATGACCTCGAGTCAGTAGTCCAGCAAGTCGAACAGAACCTTGAACTGA	26385542	26385145	397	26387555	-2013	26385085	-60	-2470
ENSMUST00000114102	TCAAGGAGGAGAGTGACTTCCATGACCTCGAGTCAGTAGTCCAGCAAGTCGAACAGAACCTTGAACTGA	26385542	26387671	-2129	26388915	-3373	26385085	-2586	-3830
ENSMUST00000114102	TCAAGGAGGAGAGTGACTTCCATGACCTCGAGTCAGTAGTCCAGCAAGTCGAACAGAACCTTGAACTGA	26385542	26387671	-2129	26389148	-3606	26385085	-2586	-4063
ENSMUST00000114102	TCAAGGAGGAGAGTGACTTCCATGACCTCGAGTCAGTAGTCCAGCAAGTCGAACAGAACCTTGAACTGA	26385542	26387671	-2129	26389148	-3606	26385085	-2586	-4063
ENSMUST00000114102	TCAAGGAGGAGAGTGACTTCCATGACCTCGAGTCAGTAGTCCAGCAAGTCGAACAGAACCTTGAACTGA	26385542	26388560	-3018	26389148	-3606	26385085	-3475	-4063
ENSMUST00000043169	TGGAGTATTCTGTCATCTGCAAGCCCTGTTCTTACCTCACCTGTCCACGTTCACCACAGGCCACTTGAG	84918395	84920580	-2185	84921257	-2862	84918464	-2116	-2793
ENSMUST00000043169	TGGAGTATTCTGTCATCTGCAAGCCCTGTTCTTACCTCACCTGTCCACGTTCACCACAGGCCACTTGAG	84918395	84926413	-8018	84927868	-9473	84918464	-7949	-9404
ENSMUST00000043169	TGGAGTATTCTGTCATCTGCAAGCCCTGTTCTTACCTCACCTGTCCACGTTCACCACAGGCCACTTGAG	84918395	84926413	-8018	84930117	-11722	84918464	-7949	-11653
ENSMUST00000043169	TGGAGTATTCTGTCATCTGCAAGCCCTGTTCTTACCTCACCTGTCCACGTTCACCACAGGCCACTTGAG	84918395	84927944	-9549	84931698	-13303	84918464	-9480	-13234
ENSMUST00000043169	TGGAGTATTCTGTCATCTGCAAGCCCTGTTCTTACCTCACCTGTCCACGTTCACCACAGGCCACTTGAG	84918395	84930239	-11844	84931698	-13303	84918464	-11775	-13234
ENSMUST00000043169	TGGAGTATTCTGTCATCTGCAAGCCCTGTTCTTACCTCACCTGTCCACGTTCACCACAGGCCACTTGAG	84918395	84930490	-12095	84934151	-15756	84918464	-12026	-15687
ENSMUST00000043169	TGGAGTATTCTGTCATCTGCAAGCCCTGTTCTTACCTCACCTGTCCACGTTCACCACAGGCCACTTGAG	84918395	84930490	-12095	84940159	-21764	84918464	-12026	-21695
ENSMUST00000043169	TGGAGTATTCTGTCATCTGCAAGCCCTGTTCTTACCTCACCTGTCCACGTTCACCACAGGCCACTTGAG	84918395	84934399	-16004	84940159	-21764	84918464	-15935	-21695
ENSMUST00000043169	TGGAGTATTCTGTCATCTGCAAGCCCTGTTCTTACCTCACCTGTCCACGTTCACCACAGGCCACTTGAG	84918395	84934750	-16355	84940159	-21764	84918464	-16286	-21695
ENSMUST00000043169	TGGAGTATTCTGTCATCTGCAAGCCCTGTTCTTACCTCACCTGTCCACGTTCACCACAGGCCACTTGAG	84918395	84935123	-16728	84941730	-23335	84918464	-16659	-23266
ENSMUST00000043169	TGGAGTATTCTGTCATCTGCAAGCCCTGTTCTTACCTCACCTGTCCACGTTCACCACAGGCCACTTGAG	84918395	84935123	-16728	84943331	-24936	84918464	-16659	-24867
ENSMUST00000043169	TGGAGTATTCTGTCATCTGCAAGCCCTGTTCTTACCTCACCTGTCCACGTTCACCACAGGCCACTTGAG	84918395	84935123	-16728	84951052	-32657	84918464	-16659	-32588
ENSMUST00000043169	TGGAGTATTCTGTCATCTGCAAGCCCTGTTCTTACCTCACCTGTCCACGTTCACCACAGGCCACTTGAG	84918395	84935123	-16728	84943331	-24936	84918464	-16659	-24867
ENSMUST00000043169	TGGAGTATTCTGTCATCTGCAAGCCCTGTTCTTACCTCACCTGTCCACGTTCACCACAGGCCACTTGAG	84918395	84940397	-22002	84943331	-24936	84918464	-21933	-24867
ENSMUST00000043169	TGGAGTATTCTGTCATCTGCAAGCCCTGTTCTTACCTCACCTGTCCACGTTCACCACAGGCCACTTGAG	84918395	84935123	-16728	84943331	-24936	84918464	-16659	-24867
ENSMUST00000043169	TGGAGTATTCTGTCATCTGCAAGCCCTGTTCTTACCTCACCTGTCCACGTTCACCACAGGCCACTTGAG	84918395	84940397	-22002	84943331	-24936	84918464	-21933	-24867
ENSMUST00000043169	TGGAGTATTCTGTCATCTGCAAGCCCTGTTCTTACCTCACCTGTCCACGTTCACCACAGGCCACTTGAG	84918395	84935123	-16728	84951052	-32657	84918464	-16659	-32588
ENSMUST00000043169	TGGAGTATTCTGTCATCTGCAAGCCCTGTTCTTACCTCACCTGTCCACGTTCACCACAGGCCACTTGAG	84918395	84940397	-22002	84951052	-32657	84918464	-21933	-32588
ENSMUST00000043169	TGGAGTATTCTGTCATCTGCAAGCCCTGTTCTTACCTCACCTGTCCACGTTCACCACAGGCCACTTGAG	84918395	84943392	-24997	84970628	-52233	84918464	-24928	-52164
ENSMUST00000043169	TGGAGTATTCTGTCATCTGCAAGCCCTGTTCTTACCTCACCTGTCCACGTTCACCACAGGCCACTTGAG	84918395	84943392	-24997	84970697	-52302	84918464	-24928	-52233
ENSMUST00000043169	TGGAGTATTCTGTCATCTGCAAGCCCTGTTCTTACCTCACCTGTCCACGTTCACCACAGGCCACTTGAG	84918395	84951381	-32986	84965888	-47493	84918464	-32917	-47424
ENSMUST00000043169	TGGAGTATTCTGTCATCTGCAAGCCCTGTTCTTACCTCACCTGTCCACGTTCACCACAGGCCACTTGAG	84918395	84951381	-32986	84970628	-52233	84918464	-32917	-52164
ENSMUST00000043169	TGGAGTATTCTGTCATCTGCAAGCCCTGTTCTTACCTCACCTGTCCACGTTCACCACAGGCCACTTGAG	84918395	84951381	-32986	84970697	-52302	84918464	-32917	-52233
ENSMUST00000106224	TGACACGGAGGCCCTACAATCTCTCATTGACACCCATAAGGAATTCATGAAGAAAGTAGAAGAAAAGCG	123372395	123351951	20444	123355055	17340	123372464	20513	17409
ENSMUST00000106224	TGACACGGAGGCCCTACAATCTCTCATTGACACCCATAAGGAATTCATGAAGAAAGTAGAAGAAAAGCG	123372395	123361027	11368	123365272	7123	123372464	11437	7192
ENSMUST00000106224	TGACACGGAGGCCCTACAATCTCTCATTGACACCCATAAGGAATTCATGAAGAAAGTAGAAGAAAAGCG	123372395	123365347	7048	123367874	4521	123372464	7117	4590
ENSMUST00000106224	TGACACGGAGGCCCTACAATCTCTCATTGACACCCATAAGGAATTCATGAAGAAAGTAGAAGAAAAGCG	123372395	123368037	4358	123369804	2591	123372464	4427	2660
ENSMUST00000106224	TGACACGGAGGCCCTACAATCTCTCATTGACACCCATAAGGAATTCATGAAGAAAGTAGAAGAAAAGCG	123372395	123368037	4358	123369804	2591	123372464	4427	2660
ENSMUST00000106224	TGACACGGAGGCCCTACAATCTCTCATTGACACCCATAAGGAATTCATGAAGAAAGTAGAAGAAAAGCG	123372395	123369968	2427	123371771	624	123372464	2496	693
ENSMUST00000106224	TGACACGGAGGCCCTACAATCTCTCATTGACACCCATAAGGAATTCATGAAGAAAGTAGAAGAAAAGCG	123372395	123378812	-6417	123381226	-8831	123372464	-6348	-8762
ENSMUST00000106224	TGACACGGAGGCCCTACAATCTCTCATTGACACCCATAAGGAATTCATGAAGAAAGTAGAAGAAAAGCG	123372395	123385686	-13291	123387227	-14832	123372464	-13222	-14763
ENSMUST00000106224	TGACACGGAGGCCCTACAATCTCTCATTGACACCCATAAGGAATTCATGAAGAAAGTAGAAGAAAAGCG	123372395	123387431	-15036	123390523	-18128	123372464	-14967	-18059
ENSMUST00000106224	TGACACGGAGGCCCTACAATCTCTCATTGACACCCATAAGGAATTCATGAAGAAAGTAGAAGAAAAGCG	123372395	123395247	-22852	123397747	-25352	123372464	-22783	-25283
ENSMUST00000106224	TGACACGGAGGCCCTACAATCTCTCATTGACACCCATAAGGAATTCATGAAGAAAGTAGAAGAAAAGCG	123372395	123395997	-23602	123397747	-25352	123372464	-23533	-25283
ENSMUST00000106224	TGACACGGAGGCCCTACAATCTCTCATTGACACCCATAAGGAATTCATGAAGAAAGTAGAAGAAAAGCG	123372395	123395997	-23602	123399342	-26947	123372464	-23533	-26878
ENSMUST00000106224	TGACACGGAGGCCCTACAATCTCTCATTGACACCCATAAGGAATTCATGAAGAAAGTAGAAGAAAAGCG	123372395	123395997	-23602	123399342	-26947	123372464	-23533	-26878
ENSMUST00000106224	TGACACGGAGGCCCTACAATCTCTCATTGACACCCATAAGGAATTCATGAAGAAAGTAGAAGAAAAGCG	123372395	123397420	-25025	123399342	-26947	123372464	-24956	-26878
ENSMUST00000106224	TGACACGGAGGCCCTACAATCTCTCATTGACACCCATAAGGAATTCATGAAGAAAGTAGAAGAAAAGCG	123372395	123401563	-29168	123431997	-59602	123372464	-29099	-59533
ENSMUST00000106224	TGACACGGAGGCCCTACAATCTCTCATTGACACCCATAAGGAATTCATGAAGAAAGTAGAAGAAAAGCG	123372395	123440791	-68396	123444834	-72439	123372464	-68327	-72370
ENSMUST00000106224	TGACACGGAGGCCCTACAATCTCTCATTGACACCCATAAGGAATTCATGAAGAAAGTAGAAGAAAAGCG	123372395	123458011	-85616	123461084	-88689	123372464	-85547	-88620
ENSMUST00000106224	TGACACGGAGGCCCTACAATCTCTCATTGACACCCATAAGGAATTCATGAAGAAAGTAGAAGAAAAGCG	123372395	123480322	-107927	123484026	-111631	123372464	-107858	-111562
ENSMUST00000106224	TGACACGGAGGCCCTACAATCTCTCATTGACACCCATAAGGAATTCATGAAGAAAGTAGAAGAAAAGCG	123372395	123497882	-125487	123502163	-129768	123372464	-125418	-129699
ENSMUST00000106224	TGACACGGAGGCCCTACAATCTCTCATTGACACCCATAAGGAATTCATGAAGAAAGTAGAAGAAAAGCG	123372395	123500025	-127630	123503183	-130788	123372464	-127561	-130719
ENSMUST00000106224	TGACACGGAGGCCCTACAATCTCTCATTGACACCCATAAGGAATTCATGAAGAAAGTAGAAGAAAAGCG	123372395	123536294	-163899	123544741	-172346	123372464	-163830	-172277
ENSMUST00000106224	TGACACGGAGGCCCTACAATCTCTCATTGACACCCATAAGGAATTCATGAAGAAAGTAGAAGAAAAGCG	123372395	123544831	-172436	123683969	-311574	123372464	-172367	-311505
ENSMUST00000106224	TGACACGGAGGCCCTACAATCTCTCATTGACACCCATAAGGAATTCATGAAGAAAGTAGAAGAAAAGCG	123372395	123351951	20444	123355055	17340	123372464	20513	17409
ENSMUST00000106224	TGACACGGAGGCCCTACAATCTCTCATTGACACCCATAAGGAATTCATGAAGAAAGTAGAAGAAAAGCG	123372395	123361027	11368	123365272	7123	123372464	11437	7192
ENSMUST00000106224	TGACACGGAGGCCCTACAATCTCTCATTGACACCCATAAGGAATTCATGAAGAAAGTAGAAGAAAAGCG	123372395	123365347	7048	123367874	4521	123372464	7117	4590
ENSMUST00000106224	TGACACGGAGGCCCTACAATCTCTCATTGACACCCATAAGGAATTCATGAAGAAAGTAGAAGAAAAGCG	123372395	123368037	4358	123369804	2591	123372464	4427	2660
ENSMUST00000106224	TGACACGGAGGCCCTACAATCTCTCATTGACACCCATAAGGAATTCATGAAGAAAGTAGAAGAAAAGCG	123372395	123368037	4358	123369804	2591	123372464	4427	2660
ENSMUST00000106224	TGACACGGAGGCCCTACAATCTCTCATTGACACCCATAAGGAATTCATGAAGAAAGTAGAAGAAAAGCG	123372395	123369968	2427	123371771	624	123372464	2496	693
ENSMUST00000106224	TGACACGGAGGCCCTACAATCTCTCATTGACACCCATAAGGAATTCATGAAGAAAGTAGAAGAAAAGCG	123372395	123378812	-6417	123381226	-8831	123372464	-6348	-8762
ENSMUST00000106224	TGACACGGAGGCCCTACAATCTCTCATTGACACCCATAAGGAATTCATGAAGAAAGTAGAAGAAAAGCG	123372395	123385686	-13291	123387227	-14832	123372464	-13222	-14763
ENSMUST00000106224	TGACACGGAGGCCCTACAATCTCTCATTGACACCCATAAGGAATTCATGAAGAAAGTAGAAGAAAAGCG	123372395	123387431	-15036	123390523	-18128	123372464	-14967	-18059
ENSMUST00000106224	TGACACGGAGGCCCTACAATCTCTCATTGACACCCATAAGGAATTCATGAAGAAAGTAGAAGAAAAGCG	123372395	123395247	-22852	123397747	-25352	123372464	-22783	-25283
ENSMUST00000106224	TGACACGGAGGCCCTACAATCTCTCATTGACACCCATAAGGAATTCATGAAGAAAGTAGAAGAAAAGCG	123372395	123395997	-23602	123397747	-25352	123372464	-23533	-25283
ENSMUST00000106224	TGACACGGAGGCCCTACAATCTCTCATTGACACCCATAAGGAATTCATGAAGAAAGTAGAAGAAAAGCG	123372395	123395997	-23602	123399342	-26947	123372464	-23533	-26878
ENSMUST00000106224	TGACACGGAGGCCCTACAATCTCTCATTGACACCCATAAGGAATTCATGAAGAAAGTAGAAGAAAAGCG	123372395	123395997	-23602	123399342	-26947	123372464	-23533	-26878
ENSMUST00000106224	TGACACGGAGGCCCTACAATCTCTCATTGACACCCATAAGGAATTCATGAAGAAAGTAGAAGAAAAGCG	123372395	123397420	-25025	123399342	-26947	123372464	-24956	-26878
ENSMUST00000106224	TGACACGGAGGCCCTACAATCTCTCATTGACACCCATAAGGAATTCATGAAGAAAGTAGAAGAAAAGCG	123372395	123401563	-29168	123431997	-59602	123372464	-29099	-59533
ENSMUST00000106224	TGACACGGAGGCCCTACAATCTCTCATTGACACCCATAAGGAATTCATGAAGAAAGTAGAAGAAAAGCG	123372395	123440791	-68396	123444834	-72439	123372464	-68327	-72370
ENSMUST00000106224	TGACACGGAGGCCCTACAATCTCTCATTGACACCCATAAGGAATTCATGAAGAAAGTAGAAGAAAAGCG	123372395	123458011	-85616	123461084	-88689	123372464	-85547	-88620
ENSMUST00000106224	TGACACGGAGGCCCTACAATCTCTCATTGACACCCATAAGGAATTCATGAAGAAAGTAGAAGAAAAGCG	123372395	123480322	-107927	123484026	-111631	123372464	-107858	-111562
ENSMUST00000106224	TGACACGGAGGCCCTACAATCTCTCATTGACACCCATAAGGAATTCATGAAGAAAGTAGAAGAAAAGCG	123372395	123497882	-125487	123502163	-129768	123372464	-125418	-129699
ENSMUST00000106224	TGACACGGAGGCCCTACAATCTCTCATTGACACCCATAAGGAATTCATGAAGAAAGTAGAAGAAAAGCG	123372395	123500025	-127630	123503183	-130788	123372464	-127561	-130719
ENSMUST00000106224	TGACACGGAGGCCCTACAATCTCTCATTGACACCCATAAGGAATTCATGAAGAAAGTAGAAGAAAAGCG	123372395	123536294	-163899	123544741	-172346	123372464	-163830	-172277
ENSMUST00000106224	TGACACGGAGGCCCTACAATCTCTCATTGACACCCATAAGGAATTCATGAAGAAAGTAGAAGAAAAGCG	123372395	123544831	-172436	123683969	-311574	123372464	-172367	-311505
ENSMUST00000106224	TGACACGGAGGCCCTACAATCTCTCATTGACACCCATAAGGAATTCATGAAGAAAGTAGAAGAAAAGCG	123372395	123351951	20444	123355055	17340	123372464	20513	17409
ENSMUST00000106224	TGACACGGAGGCCCTACAATCTCTCATTGACACCCATAAGGAATTCATGAAGAAAGTAGAAGAAAAGCG	123372395	123361027	11368	123365272	7123	123372464	11437	7192
ENSMUST00000106224	TGACACGGAGGCCCTACAATCTCTCATTGACACCCATAAGGAATTCATGAAGAAAGTAGAAGAAAAGCG	123372395	123365347	7048	123367874	4521	123372464	7117	4590
ENSMUST00000106224	TGACACGGAGGCCCTACAATCTCTCATTGACACCCATAAGGAATTCATGAAGAAAGTAGAAGAAAAGCG	123372395	123368037	4358	123369804	2591	123372464	4427	2660
ENSMUST00000106224	TGACACGGAGGCCCTACAATCTCTCATTGACACCCATAAGGAATTCATGAAGAAAGTAGAAGAAAAGCG	123372395	123368037	4358	123369804	2591	123372464	4427	2660
ENSMUST00000106224	TGACACGGAGGCCCTACAATCTCTCATTGACACCCATAAGGAATTCATGAAGAAAGTAGAAGAAAAGCG	123372395	123369968	2427	123371771	624	123372464	2496	693
ENSMUST00000106224	TGACACGGAGGCCCTACAATCTCTCATTGACACCCATAAGGAATTCATGAAGAAAGTAGAAGAAAAGCG	123372395	123378812	-6417	123381226	-8831	123372464	-6348	-8762
ENSMUST00000106224	TGACACGGAGGCCCTACAATCTCTCATTGACACCCATAAGGAATTCATGAAGAAAGTAGAAGAAAAGCG	123372395	123385686	-13291	123387227	-14832	123372464	-13222	-14763
ENSMUST00000106224	TGACACGGAGGCCCTACAATCTCTCATTGACACCCATAAGGAATTCATGAAGAAAGTAGAAGAAAAGCG	123372395	123387431	-15036	123390523	-18128	123372464	-14967	-18059
ENSMUST00000106224	TGACACGGAGGCCCTACAATCTCTCATTGACACCCATAAGGAATTCATGAAGAAAGTAGAAGAAAAGCG	123372395	123395247	-22852	123397747	-25352	123372464	-22783	-25283
ENSMUST00000106224	TGACACGGAGGCCCTACAATCTCTCATTGACACCCATAAGGAATTCATGAAGAAAGTAGAAGAAAAGCG	123372395	123395997	-23602	123397747	-25352	123372464	-23533	-25283
ENSMUST00000106224	TGACACGGAGGCCCTACAATCTCTCATTGACACCCATAAGGAATTCATGAAGAAAGTAGAAGAAAAGCG	123372395	123395997	-23602	123399342	-26947	123372464	-23533	-26878
ENSMUST00000106224	TGACACGGAGGCCCTACAATCTCTCATTGACACCCATAAGGAATTCATGAAGAAAGTAGAAGAAAAGCG	123372395	123395997	-23602	123399342	-26947	123372464	-23533	-26878
ENSMUST00000106224	TGACACGGAGGCCCTACAATCTCTCATTGACACCCATAAGGAATTCATGAAGAAAGTAGAAGAAAAGCG	123372395	123397420	-25025	123399342	-26947	123372464	-24956	-26878
ENSMUST00000106224	TGACACGGAGGCCCTACAATCTCTCATTGACACCCATAAGGAATTCATGAAGAAAGTAGAAGAAAAGCG	123372395	123401563	-29168	123431997	-59602	123372464	-29099	-59533
ENSMUST00000106224	TGACACGGAGGCCCTACAATCTCTCATTGACACCCATAAGGAATTCATGAAGAAAGTAGAAGAAAAGCG	123372395	123440791	-68396	123444834	-72439	123372464	-68327	-72370
ENSMUST00000106224	TGACACGGAGGCCCTACAATCTCTCATTGACACCCATAAGGAATTCATGAAGAAAGTAGAAGAAAAGCG	123372395	123458011	-85616	123461084	-88689	123372464	-85547	-88620
ENSMUST00000106224	TGACACGGAGGCCCTACAATCTCTCATTGACACCCATAAGGAATTCATGAAGAAAGTAGAAGAAAAGCG	123372395	123480322	-107927	123484026	-111631	123372464	-107858	-111562
ENSMUST00000106224	TGACACGGAGGCCCTACAATCTCTCATTGACACCCATAAGGAATTCATGAAGAAAGTAGAAGAAAAGCG	123372395	123497882	-125487	123502163	-129768	123372464	-125418	-129699
ENSMUST00000106224	TGACACGGAGGCCCTACAATCTCTCATTGACACCCATAAGGAATTCATGAAGAAAGTAGAAGAAAAGCG	123372395	123500025	-127630	123503183	-130788	123372464	-127561	-130719
ENSMUST00000106224	TGACACGGAGGCCCTACAATCTCTCATTGACACCCATAAGGAATTCATGAAGAAAGTAGAAGAAAAGCG	123372395	123536294	-163899	123544741	-172346	123372464	-163830	-172277
ENSMUST00000106224	TGACACGGAGGCCCTACAATCTCTCATTGACACCCATAAGGAATTCATGAAGAAAGTAGAAGAAAAGCG	123372395	123544831	-172436	123683969	-311574	123372464	-172367	-311505
ENSMUST00000217895	TCGCTAAGCCTGTGAGGCCTGGCCACTATCCTGCCTCCTCACCCACCAACCCCTACGGCACCCGGAGCC	127230945	127231077	-132	127233816	-2871	127231014	-63	-2802
ENSMUST00000217895	TCGCTAAGCCTGTGAGGCCTGGCCACTATCCTGCCTCCTCACCCACCAACCCCTACGGCACCCGGAGCC	127230945	127239380	-8435	127241930	-10985	127231014	-8366	-10916
ENSMUST00000022629	TTCCCGAGGGCACCAACGGCACTGAGGAGCGGATGTCTGTCATTTGGGATAAAGCTGTGGTCACTGGGAA	66815047	66808041	7006	66814954	93	66813147	5106	-1807
ENSMUST00000022629	TTCCCGAGGGCACCAACGGCACTGAGGAGCGGATGTCTGTCATTTGGGATAAAGCTGTGGTCACTGGGAA	66815047	66834376	-19329	66865081	-50034	66813147	-21229	-51934
ENSMUST00000103186	AGCCTCCGCCCCCGACCCAAGCTCTCTCGTCTGCCTGCCAGTTCCCTGCGTCCCCGGAGAGTATCCCTCT	86757343	86695690	61653	86702208	55135	86757413	61723	55205
ENSMUST00000103186	AGCCTCCGCCCCCGACCCAAGCTCTCTCGTCTGCCTGCCAGTTCCCTGCGTCCCCGGAGAGTATCCCTCT	86757343	86697340	60003	86702208	55135	86757413	60073	55205
ENSMUST00000103186	AGCCTCCGCCCCCGACCCAAGCTCTCTCGTCTGCCTGCCAGTTCCCTGCGTCCCCGGAGAGTATCCCTCT	86757343	86725271	32072	86730210	27133	86757413	32142	27203
ENSMUST00000103186	AGCCTCCGCCCCCGACCCAAGCTCTCTCGTCTGCCTGCCAGTTCCCTGCGTCCCCGGAGAGTATCCCTCT	86757343	86730831	26512	86733575	23768	86757413	26582	23838
ENSMUST00000103186	AGCCTCCGCCCCCGACCCAAGCTCTCTCGTCTGCCTGCCAGTTCCCTGCGTCCCCGGAGAGTATCCCTCT	86757343	86733844	23499	86757247	96	86757413	23569	166
ENSMUST00000103186	AGCCTCCGCCCCCGACCCAAGCTCTCTCGTCTGCCTGCCAGTTCCCTGCGTCCCCGGAGAGTATCCCTCT	86757343	86733844	23499	86757247	96	86757413	23569	166
ENSMUST00000034699	GCCTACCGCACCTGCTCACCTGCTCTGGGCGCCAGAAGAGCCTGCATCCTCCTTCCAGCCCGGAGCAACT	75683746	75643944	39802	75661252	22494	75683816	39872	22564
ENSMUST00000034699	GCCTACCGCACCTGCTCACCTGCTCTGGGCGCCAGAAGAGCCTGCATCCTCCTTCCAGCCCGGAGCAACT	75683746	75651711	32035	75663192	20554	75683816	32105	20624
ENSMUST00000034699	GCCTACCGCACCTGCTCACCTGCTCTGGGCGCCAGAAGAGCCTGCATCCTCCTTCCAGCCCGGAGCAACT	75683746	75661390	22356	75665653	18093	75683816	22426	18163
ENSMUST00000034699	GCCTACCGCACCTGCTCACCTGCTCTGGGCGCCAGAAGAGCCTGCATCCTCCTTCCAGCCCGGAGCAACT	75683746	75663276	20470	75669214	14532	75683816	20540	14602
ENSMUST00000034699	GCCTACCGCACCTGCTCACCTGCTCTGGGCGCCAGAAGAGCCTGCATCCTCCTTCCAGCCCGGAGCAACT	75683746	75676811	6935	75683634	112	75683816	7005	182
ENSMUST00000034699	GCCTACCGCACCTGCTCACCTGCTCTGGGCGCCAGAAGAGCCTGCATCCTCCTTCCAGCCCGGAGCAACT	75683746	75682179	1567	75682937	809	75683816	1637	879
ENSMUST00000034699	GCCTACCGCACCTGCTCACCTGCTCTGGGCGCCAGAAGAGCCTGCATCCTCCTTCCAGCCCGGAGCAACT	75683746	75682179	1567	75683634	112	75683816	1637	182
ENSMUST00000034699	GCCTACCGCACCTGCTCACCTGCTCTGGGCGCCAGAAGAGCCTGCATCCTCCTTCCAGCCCGGAGCAACT	75683746	75682179	1567	75683634	112	75683816	1637	182
ENSMUST00000034699	GCCTACCGCACCTGCTCACCTGCTCTGGGCGCCAGAAGAGCCTGCATCCTCCTTCCAGCCCGGAGCAACT	75683746	75682319	1427	75683634	112	75683816	1497	182
ENSMUST00000184666	GACAAATGTCTTAGAGCCAGGGTTCAGCTCCTCTGGCTGCATTAGCCAAACCCACGATGTCATGGAAATG	73931496	73639185	292311	73667557	263939	73931566	292381	264009
ENSMUST00000184666	GACAAATGTCTTAGAGCCAGGGTTCAGCTCCTCTGGCTGCATTAGCCAAACCCACGATGTCATGGAAATG	73931496	73667647	263849	73680336	251160	73931566	263919	251230
ENSMUST00000184666	GACAAATGTCTTAGAGCCAGGGTTCAGCTCCTCTGGCTGCATTAGCCAAACCCACGATGTCATGGAAATG	73931496	73694986	236510	73930596	900	73931566	236580	970
ENSMUST00000184666	GACAAATGTCTTAGAGCCAGGGTTCAGCTCCTCTGGCTGCATTAGCCAAACCCACGATGTCATGGAAATG	73931496	73756406	175090	73758598	172898	73931566	175160	172968
ENSMUST00000184666	GACAAATGTCTTAGAGCCAGGGTTCAGCTCCTCTGGCTGCATTAGCCAAACCCACGATGTCATGGAAATG	73931496	73639185	292311	73667557	263939	73931566	292381	264009
ENSMUST00000184666	GACAAATGTCTTAGAGCCAGGGTTCAGCTCCTCTGGCTGCATTAGCCAAACCCACGATGTCATGGAAATG	73931496	73667647	263849	73680336	251160	73931566	263919	251230
ENSMUST00000184666	GACAAATGTCTTAGAGCCAGGGTTCAGCTCCTCTGGCTGCATTAGCCAAACCCACGATGTCATGGAAATG	73931496	73694986	236510	73930596	900	73931566	236580	970
ENSMUST00000184666	GACAAATGTCTTAGAGCCAGGGTTCAGCTCCTCTGGCTGCATTAGCCAAACCCACGATGTCATGGAAATG	73931496	73756406	175090	73758598	172898	73931566	175160	172968
ENSMUST00000238317	ACCCATGTTGGATGACGAGATGCTCATGTATGGAAGTAGTAAAGGCCCACCCCAACAAAAAGCGTCTATG	158161078	158084546	76532	158127214	33864	158161148	76602	33934
ENSMUST00000238317	ACCCATGTTGGATGACGAGATGCTCATGTATGGAAGTAGTAAAGGCCCACCCCAACAAAAAGCGTCTATG	158161078	158084546	76532	158127214	33864	158161148	76602	33934
ENSMUST00000238317	ACCCATGTTGGATGACGAGATGCTCATGTATGGAAGTAGTAAAGGCCCACCCCAACAAAAAGCGTCTATG	158161078	158104502	56576	158135187	25891	158161148	56646	25961
ENSMUST00000238317	ACCCATGTTGGATGACGAGATGCTCATGTATGGAAGTAGTAAAGGCCCACCCCAACAAAAAGCGTCTATG	158161078	158127307	33771	158148579	12499	158161148	33841	12569
ENSMUST00000238317	ACCCATGTTGGATGACGAGATGCTCATGTATGGAAGTAGTAAAGGCCCACCCCAACAAAAAGCGTCTATG	158161078	158135409	25669	158156787	4291	158161148	25739	4361
ENSMUST00000238317	ACCCATGTTGGATGACGAGATGCTCATGTATGGAAGTAGTAAAGGCCCACCCCAACAAAAAGCGTCTATG	158161078	158135409	25669	158160232	846	158161148	25739	916
ENSMUST00000238317	ACCCATGTTGGATGACGAGATGCTCATGTATGGAAGTAGTAAAGGCCCACCCCAACAAAAAGCGTCTATG	158161078	158135409	25669	158160232	846	158161148	25739	916
ENSMUST00000238317	ACCCATGTTGGATGACGAGATGCTCATGTATGGAAGTAGTAAAGGCCCACCCCAACAAAAAGCGTCTATG	158161078	158148699	12379	158160232	846	158161148	12449	916
ENSMUST00000238317	ACCCATGTTGGATGACGAGATGCTCATGTATGGAAGTAGTAAAGGCCCACCCCAACAAAAAGCGTCTATG	158161078	158164072	-2994	158170555	-9477	158161148	-2924	-9407
ENSMUST00000238317	ACCCATGTTGGATGACGAGATGCTCATGTATGGAAGTAGTAAAGGCCCACCCCAACAAAAAGCGTCTATG	158161078	158164072	-2994	158177208	-16130	158161148	-2924	-16060
ENSMUST00000238317	ACCCATGTTGGATGACGAGATGCTCATGTATGGAAGTAGTAAAGGCCCACCCCAACAAAAAGCGTCTATG	158161078	158164072	-2994	158177208	-16130	158161148	-2924	-16060
ENSMUST00000238317	ACCCATGTTGGATGACGAGATGCTCATGTATGGAAGTAGTAAAGGCCCACCCCAACAAAAAGCGTCTATG	158161078	158164072	-2994	158181540	-20462	158161148	-2924	-20392
ENSMUST00000238317	ACCCATGTTGGATGACGAGATGCTCATGTATGGAAGTAGTAAAGGCCCACCCCAACAAAAAGCGTCTATG	158161078	158164386	-3308	158175102	-14024	158161148	-3238	-13954
ENSMUST00000238317	ACCCATGTTGGATGACGAGATGCTCATGTATGGAAGTAGTAAAGGCCCACCCCAACAAAAAGCGTCTATG	158161078	158164386	-3308	158177208	-16130	158161148	-3238	-16060
ENSMUST00000238317	ACCCATGTTGGATGACGAGATGCTCATGTATGGAAGTAGTAAAGGCCCACCCCAACAAAAAGCGTCTATG	158161078	158164386	-3308	158177208	-16130	158161148	-3238	-16060
ENSMUST00000238317	ACCCATGTTGGATGACGAGATGCTCATGTATGGAAGTAGTAAAGGCCCACCCCAACAAAAAGCGTCTATG	158161078	158170756	-9678	158177208	-16130	158161148	-9608	-16060
ENSMUST00000238317	ACCCATGTTGGATGACGAGATGCTCATGTATGGAAGTAGTAAAGGCCCACCCCAACAAAAAGCGTCTATG	158161078	158170756	-9678	158179764	-18686	158161148	-9608	-18616
ENSMUST00000238317	ACCCATGTTGGATGACGAGATGCTCATGTATGGAAGTAGTAAAGGCCCACCCCAACAAAAAGCGTCTATG	158161078	158170756	-9678	158181540	-20462	158161148	-9608	-20392
ENSMUST00000238317	ACCCATGTTGGATGACGAGATGCTCATGTATGGAAGTAGTAAAGGCCCACCCCAACAAAAAGCGTCTATG	158161078	158198189	-37111	158240448	-79370	158161148	-37041	-79300
ENSMUST00000238317	ACCCATGTTGGATGACGAGATGCTCATGTATGGAAGTAGTAAAGGCCCACCCCAACAAAAAGCGTCTATG	158161078	158202494	-41416	158240448	-79370	158161148	-41346	-79300
ENSMUST00000238317	ACCCATGTTGGATGACGAGATGCTCATGTATGGAAGTAGTAAAGGCCCACCCCAACAAAAAGCGTCTATG	158161078	158209764	-48686	158288979	-127901	158161148	-48616	-127831
ENSMUST00000238317	ACCCATGTTGGATGACGAGATGCTCATGTATGGAAGTAGTAAAGGCCCACCCCAACAAAAAGCGTCTATG	158161078	158289036	-127958	158303336	-142258	158161148	-127888	-142188
ENSMUST00000238317	ACCCATGTTGGATGACGAGATGCTCATGTATGGAAGTAGTAAAGGCCCACCCCAACAAAAAGCGTCTATG	158161078	158292022	-130944	158318434	-157356	158161148	-130874	-157286
ENSMUST00000238317	ACCCATGTTGGATGACGAGATGCTCATGTATGGAAGTAGTAAAGGCCCACCCCAACAAAAAGCGTCTATG	158161078	158303415	-142337	158353264	-192186	158161148	-142267	-192116
ENSMUST00000238317	ACCCATGTTGGATGACGAGATGCTCATGTATGGAAGTAGTAAAGGCCCACCCCAACAAAAAGCGTCTATG	158161078	158318552	-157474	158413129	-252051	158161148	-157404	-251981
ENSMUST00000238317	ACCCATGTTGGATGACGAGATGCTCATGTATGGAAGTAGTAAAGGCCCACCCCAACAAAAAGCGTCTATG	158161078	158318552	-157474	158561105	-400027	158161148	-157404	-399957
ENSMUST00000238317	ACCCATGTTGGATGACGAGATGCTCATGTATGGAAGTAGTAAAGGCCCACCCCAACAAAAAGCGTCTATG	158161078	158353467	-192389	158452691	-291613	158161148	-192319	-291543
ENSMUST00000238317	ACCCATGTTGGATGACGAGATGCTCATGTATGGAAGTAGTAAAGGCCCACCCCAACAAAAAGCGTCTATG	158161078	158353467	-192389	158561105	-400027	158161148	-192319	-399957
ENSMUST00000238317	ACCCATGTTGGATGACGAGATGCTCATGTATGGAAGTAGTAAAGGCCCACCCCAACAAAAAGCGTCTATG	158161078	158084546	76532	158127214	33864	158161148	76602	33934
ENSMUST00000238317	ACCCATGTTGGATGACGAGATGCTCATGTATGGAAGTAGTAAAGGCCCACCCCAACAAAAAGCGTCTATG	158161078	158084546	76532	158127214	33864	158161148	76602	33934
ENSMUST00000238317	ACCCATGTTGGATGACGAGATGCTCATGTATGGAAGTAGTAAAGGCCCACCCCAACAAAAAGCGTCTATG	158161078	158104502	56576	158135187	25891	158161148	56646	25961
ENSMUST00000238317	ACCCATGTTGGATGACGAGATGCTCATGTATGGAAGTAGTAAAGGCCCACCCCAACAAAAAGCGTCTATG	158161078	158127307	33771	158148579	12499	158161148	33841	12569
ENSMUST00000238317	ACCCATGTTGGATGACGAGATGCTCATGTATGGAAGTAGTAAAGGCCCACCCCAACAAAAAGCGTCTATG	158161078	158135409	25669	158156787	4291	158161148	25739	4361
ENSMUST00000238317	ACCCATGTTGGATGACGAGATGCTCATGTATGGAAGTAGTAAAGGCCCACCCCAACAAAAAGCGTCTATG	158161078	158135409	25669	158160232	846	158161148	25739	916
ENSMUST00000238317	ACCCATGTTGGATGACGAGATGCTCATGTATGGAAGTAGTAAAGGCCCACCCCAACAAAAAGCGTCTATG	158161078	158135409	25669	158160232	846	158161148	25739	916
ENSMUST00000238317	ACCCATGTTGGATGACGAGATGCTCATGTATGGAAGTAGTAAAGGCCCACCCCAACAAAAAGCGTCTATG	158161078	158148699	12379	158160232	846	158161148	12449	916
ENSMUST00000238317	ACCCATGTTGGATGACGAGATGCTCATGTATGGAAGTAGTAAAGGCCCACCCCAACAAAAAGCGTCTATG	158161078	158164072	-2994	158170555	-9477	158161148	-2924	-9407
ENSMUST00000238317	ACCCATGTTGGATGACGAGATGCTCATGTATGGAAGTAGTAAAGGCCCACCCCAACAAAAAGCGTCTATG	158161078	158164072	-2994	158177208	-16130	158161148	-2924	-16060
ENSMUST00000238317	ACCCATGTTGGATGACGAGATGCTCATGTATGGAAGTAGTAAAGGCCCACCCCAACAAAAAGCGTCTATG	158161078	158164072	-2994	158177208	-16130	158161148	-2924	-16060
ENSMUST00000238317	ACCCATGTTGGATGACGAGATGCTCATGTATGGAAGTAGTAAAGGCCCACCCCAACAAAAAGCGTCTATG	158161078	158164072	-2994	158181540	-20462	158161148	-2924	-20392
ENSMUST00000238317	ACCCATGTTGGATGACGAGATGCTCATGTATGGAAGTAGTAAAGGCCCACCCCAACAAAAAGCGTCTATG	158161078	158164386	-3308	158175102	-14024	158161148	-3238	-13954
ENSMUST00000238317	ACCCATGTTGGATGACGAGATGCTCATGTATGGAAGTAGTAAAGGCCCACCCCAACAAAAAGCGTCTATG	158161078	158164386	-3308	158177208	-16130	158161148	-3238	-16060
ENSMUST00000238317	ACCCATGTTGGATGACGAGATGCTCATGTATGGAAGTAGTAAAGGCCCACCCCAACAAAAAGCGTCTATG	158161078	158164386	-3308	158177208	-16130	158161148	-3238	-16060
ENSMUST00000238317	ACCCATGTTGGATGACGAGATGCTCATGTATGGAAGTAGTAAAGGCCCACCCCAACAAAAAGCGTCTATG	158161078	158170756	-9678	158177208	-16130	158161148	-9608	-16060
ENSMUST00000238317	ACCCATGTTGGATGACGAGATGCTCATGTATGGAAGTAGTAAAGGCCCACCCCAACAAAAAGCGTCTATG	158161078	158170756	-9678	158179764	-18686	158161148	-9608	-18616
ENSMUST00000238317	ACCCATGTTGGATGACGAGATGCTCATGTATGGAAGTAGTAAAGGCCCACCCCAACAAAAAGCGTCTATG	158161078	158170756	-9678	158181540	-20462	158161148	-9608	-20392
ENSMUST00000238317	ACCCATGTTGGATGACGAGATGCTCATGTATGGAAGTAGTAAAGGCCCACCCCAACAAAAAGCGTCTATG	158161078	158198189	-37111	158240448	-79370	158161148	-37041	-79300
ENSMUST00000238317	ACCCATGTTGGATGACGAGATGCTCATGTATGGAAGTAGTAAAGGCCCACCCCAACAAAAAGCGTCTATG	158161078	158202494	-41416	158240448	-79370	158161148	-41346	-79300
ENSMUST00000238317	ACCCATGTTGGATGACGAGATGCTCATGTATGGAAGTAGTAAAGGCCCACCCCAACAAAAAGCGTCTATG	158161078	158209764	-48686	158288979	-127901	158161148	-48616	-127831
ENSMUST00000238317	ACCCATGTTGGATGACGAGATGCTCATGTATGGAAGTAGTAAAGGCCCACCCCAACAAAAAGCGTCTATG	158161078	158289036	-127958	158303336	-142258	158161148	-127888	-142188
ENSMUST00000238317	ACCCATGTTGGATGACGAGATGCTCATGTATGGAAGTAGTAAAGGCCCACCCCAACAAAAAGCGTCTATG	158161078	158292022	-130944	158318434	-157356	158161148	-130874	-157286
ENSMUST00000238317	ACCCATGTTGGATGACGAGATGCTCATGTATGGAAGTAGTAAAGGCCCACCCCAACAAAAAGCGTCTATG	158161078	158303415	-142337	158353264	-192186	158161148	-142267	-192116
ENSMUST00000238317	ACCCATGTTGGATGACGAGATGCTCATGTATGGAAGTAGTAAAGGCCCACCCCAACAAAAAGCGTCTATG	158161078	158318552	-157474	158413129	-252051	158161148	-157404	-251981
ENSMUST00000238317	ACCCATGTTGGATGACGAGATGCTCATGTATGGAAGTAGTAAAGGCCCACCCCAACAAAAAGCGTCTATG	158161078	158318552	-157474	158561105	-400027	158161148	-157404	-399957
ENSMUST00000238317	ACCCATGTTGGATGACGAGATGCTCATGTATGGAAGTAGTAAAGGCCCACCCCAACAAAAAGCGTCTATG	158161078	158353467	-192389	158452691	-291613	158161148	-192319	-291543
ENSMUST00000238317	ACCCATGTTGGATGACGAGATGCTCATGTATGGAAGTAGTAAAGGCCCACCCCAACAAAAAGCGTCTATG	158161078	158353467	-192389	158561105	-400027	158161148	-192319	-399957
ENSMUST00000082057	TCAGAACGAGTCTGAAGGCCCTGTGATACAAGAATCAGCCGAGGCAAGCCAGTTGGAAGTCCCAGTAACA	134240243	134238892	1351	134240242	1	134239525	633	-717
ENSMUST00000082057	TCAGAACGAGTCTGAAGGCCCTGTGATACAAGAATCAGCCGAGGCAAGCCAGTTGGAAGTCCCAGTAACA	134240243	134239571	672	134240872	-629	134239525	-46	-1347
ENSMUST00000082057	TCAGAACGAGTCTGAAGGCCCTGTGATACAAGAATCAGCCGAGGCAAGCCAGTTGGAAGTCCCAGTAACA	134240243	134240284	-41	134242130	-1887	134239525	-759	-2605
ENSMUST00000082057	TCAGAACGAGTCTGAAGGCCCTGTGATACAAGAATCAGCCGAGGCAAGCCAGTTGGAAGTCCCAGTAACA	134240243	134243956	-3713	134245116	-4873	134239525	-4431	-5591
ENSMUST00000082057	TCAGAACGAGTCTGAAGGCCCTGTGATACAAGAATCAGCCGAGGCAAGCCAGTTGGAAGTCCCAGTAACA	134240243	134246895	-6652	134249841	-9598	134239525	-7370	-10316
ENSMUST00000082057	TCAGAACGAGTCTGAAGGCCCTGTGATACAAGAATCAGCCGAGGCAAGCCAGTTGGAAGTCCCAGTAACA	134240243	134266656	-26413	134274538	-34295	134239525	-27131	-35013
ENSMUST00000082057	TCAGAACGAGTCTGAAGGCCCTGTGATACAAGAATCAGCCGAGGCAAGCCAGTTGGAAGTCCCAGTAACA	134240243	134266656	-26413	134279436	-39193	134239525	-27131	-39911
ENSMUST00000082057	TCAGAACGAGTCTGAAGGCCCTGTGATACAAGAATCAGCCGAGGCAAGCCAGTTGGAAGTCCCAGTAACA	134240243	134266656	-26413	134282786	-42543	134239525	-27131	-43261
ENSMUST00000082057	TCAGAACGAGTCTGAAGGCCCTGTGATACAAGAATCAGCCGAGGCAAGCCAGTTGGAAGTCCCAGTAACA	134240243	134266656	-26413	134279436	-39193	134239525	-27131	-39911
ENSMUST00000082057	TCAGAACGAGTCTGAAGGCCCTGTGATACAAGAATCAGCCGAGGCAAGCCAGTTGGAAGTCCCAGTAACA	134240243	134266656	-26413	134282786	-42543	134239525	-27131	-43261
ENSMUST00000082057	TCAGAACGAGTCTGAAGGCCCTGTGATACAAGAATCAGCCGAGGCAAGCCAGTTGGAAGTCCCAGTAACA	134240243	134272586	-32343	134279436	-39193	134239525	-33061	-39911
ENSMUST00000082057	TCAGAACGAGTCTGAAGGCCCTGTGATACAAGAATCAGCCGAGGCAAGCCAGTTGGAAGTCCCAGTAACA	134240243	134272586	-32343	134282786	-42543	134239525	-33061	-43261
ENSMUST00000082057	TCAGAACGAGTCTGAAGGCCCTGTGATACAAGAATCAGCCGAGGCAAGCCAGTTGGAAGTCCCAGTAACA	134240243	134274595	-34352	134279436	-39193	134239525	-35070	-39911
ENSMUST00000082057	TCAGAACGAGTCTGAAGGCCCTGTGATACAAGAATCAGCCGAGGCAAGCCAGTTGGAAGTCCCAGTAACA	134240243	134274595	-34352	134282786	-42543	134239525	-35070	-43261
ENSMUST00000082057	TCAGAACGAGTCTGAAGGCCCTGTGATACAAGAATCAGCCGAGGCAAGCCAGTTGGAAGTCCCAGTAACA	134240243	134266656	-26413	134282786	-42543	134239525	-27131	-43261
ENSMUST00000082057	TCAGAACGAGTCTGAAGGCCCTGTGATACAAGAATCAGCCGAGGCAAGCCAGTTGGAAGTCCCAGTAACA	134240243	134272586	-32343	134282786	-42543	134239525	-33061	-43261
ENSMUST00000082057	TCAGAACGAGTCTGAAGGCCCTGTGATACAAGAATCAGCCGAGGCAAGCCAGTTGGAAGTCCCAGTAACA	134240243	134274595	-34352	134282786	-42543	134239525	-35070	-43261
ENSMUST00000082057	TCAGAACGAGTCTGAAGGCCCTGTGATACAAGAATCAGCCGAGGCAAGCCAGTTGGAAGTCCCAGTAACA	134240243	134276428	-36185	134282786	-42543	134239525	-36903	-43261
ENSMUST00000082057	TCAGAACGAGTCTGAAGGCCCTGTGATACAAGAATCAGCCGAGGCAAGCCAGTTGGAAGTCCCAGTAACA	134240243	134287043	-46800	134293746	-53503	134239525	-47518	-54221
ENSMUST00000082057	TCAGAACGAGTCTGAAGGCCCTGTGATACAAGAATCAGCCGAGGCAAGCCAGTTGGAAGTCCCAGTAACA	134240243	134287043	-46800	134293746	-53503	134239525	-47518	-54221
ENSMUST00000082057	TCAGAACGAGTCTGAAGGCCCTGTGATACAAGAATCAGCCGAGGCAAGCCAGTTGGAAGTCCCAGTAACA	134240243	134287043	-46800	134295509	-55266	134239525	-47518	-55984
ENSMUST00000082057	TCAGAACGAGTCTGAAGGCCCTGTGATACAAGAATCAGCCGAGGCAAGCCAGTTGGAAGTCCCAGTAACA	134240243	134287043	-46800	134295509	-55266	134239525	-47518	-55984
ENSMUST00000082057	TCAGAACGAGTCTGAAGGCCCTGTGATACAAGAATCAGCCGAGGCAAGCCAGTTGGAAGTCCCAGTAACA	134240243	134289421	-49178	134295509	-55266	134239525	-49896	-55984
ENSMUST00000082057	TCAGAACGAGTCTGAAGGCCCTGTGATACAAGAATCAGCCGAGGCAAGCCAGTTGGAAGTCCCAGTAACA	134240243	134295613	-55370	134311672	-71429	134239525	-56088	-72147
ENSMUST00000082057	TCAGAACGAGTCTGAAGGCCCTGTGATACAAGAATCAGCCGAGGCAAGCCAGTTGGAAGTCCCAGTAACA	134240243	134295613	-55370	134311672	-71429	134239525	-56088	-72147
ENSMUST00000082057	TCAGAACGAGTCTGAAGGCCCTGTGATACAAGAATCAGCCGAGGCAAGCCAGTTGGAAGTCCCAGTAACA	134240243	134295613	-55370	134314382	-74139	134239525	-56088	-74857
ENSMUST00000161308	GTTCGCAGCCTTCGCCGCGCCGCTGCCGCTCTCCAACGCCAGCGCCGCCTCTCGCTTGCCGAGCTCCAGCC	180813548	180811949	1599	180813470	78	180813619	1670	149
ENSMUST00000161308	GTTCGCAGCCTTCGCCGCGCCGCTGCCGCTCTCCAACGCCAGCGCCGCCTCTCGCTTGCCGAGCTCCAGCC	180813548	180811949	1599	180813470	78	180813619	1670	149
ENSMUST00000069098	CAGGGGAGAGCTGGACCCAGAACACGCCTAATGAGTGCATCAAGACCCTGGCCGACATGAAGGTCACCCTG	157030606	157033383	-2777	157039826	-9220	157029534	-3849	-10292
ENSMUST00000111333	AGCATTCCGCCAGCGGGGCAACCTCCAAGGACACTTGCGGCTACACACAGGAGAGCGCCCCTACCAGTGCC	91644538	91647846	-3308	91649150	-4612	91644609	-3237	-4541
ENSMUST00000111333	AGCATTCCGCCAGCGGGGCAACCTCCAAGGACACTTGCGGCTACACACAGGAGAGCGCCCCTACCAGTGCC	91644538	91648077	-3539	91649150	-4612	91644609	-3468	-4541
ENSMUST00000111333	AGCATTCCGCCAGCGGGGCAACCTCCAAGGACACTTGCGGCTACACACAGGAGAGCGCCCCTACCAGTGCC	91644538	91647846	-3308	91649150	-4612	91644609	-3237	-4541
ENSMUST00000111333	AGCATTCCGCCAGCGGGGCAACCTCCAAGGACACTTGCGGCTACACACAGGAGAGCGCCCCTACCAGTGCC	91644538	91648077	-3539	91649150	-4612	91644609	-3468	-4541
ENSMUST00000035840	TCCCATTTTCTTGTCTGTTCTGCCGCTGTGTGGGCCTGGGCTATGCGGCAGGGCACATCTTTCATCAGAGC	84711293	84690709	20584	84691885	19408	84711364	20655	19479
ENSMUST00000035840	TCCCATTTTCTTGTCTGTTCTGCCGCTGTGTGGGCCTGGGCTATGCGGCAGGGCACATCTTTCATCAGAGC	84711293	84696400	14893	84710317	976	84711364	14964	1047
ENSMUST00000035840	TCCCATTTTCTTGTCTGTTCTGCCGCTGTGTGGGCCTGGGCTATGCGGCAGGGCACATCTTTCATCAGAGC	84711293	84702454	8839	84714982	-3689	84711364	8910	-3618
ENSMUST00000070143	AGCAGAGAGTGTCTCCAGCGATGAAGAAGTTCACGGATCTGTGGATTCTGACAATCAGCAAAATAAGAAAG	58052585	58048785	3800	58064054	-11469	58052656	3871	-11398
ENSMUST00000070143	AGCAGAGAGTGTCTCCAGCGATGAAGAAGTTCACGGATCTGTGGATTCTGACAATCAGCAAAATAAGAAAG	58052585	58048785	3800	58069318	-16733	58052656	3871	-16662
ENSMUST00000070143	AGCAGAGAGTGTCTCCAGCGATGAAGAAGTTCACGGATCTGTGGATTCTGACAATCAGCAAAATAAGAAAG	58052585	58048785	3800	58069318	-16733	58052656	3871	-16662
ENSMUST00000070143	AGCAGAGAGTGTCTCCAGCGATGAAGAAGTTCACGGATCTGTGGATTCTGACAATCAGCAAAATAAGAAAG	58052585	58055082	-2497	58069318	-16733	58052656	-2426	-16662
ENSMUST00000070143	AGCAGAGAGTGTCTCCAGCGATGAAGAAGTTCACGGATCTGTGGATTCTGACAATCAGCAAAATAAGAAAG	58052585	58055082	-2497	58076156	-23571	58052656	-2426	-23500
ENSMUST00000112658	TGTAATCAATGCATGTCTTTAGTCTGTTAGTTAACCCCATTAGGTAATTTTCTGTCAACCACCATCCCCAT	12372814	12376709	-3895	12418004	-45190	12372885	-3824	-45119
ENSMUST00000112658	TGTAATCAATGCATGTCTTTAGTCTGTTAGTTAACCCCATTAGGTAATTTTCTGTCAACCACCATCCCCAT	12372814	12376709	-3895	12439870	-67056	12372885	-3824	-66985
ENSMUST00000112658	TGTAATCAATGCATGTCTTTAGTCTGTTAGTTAACCCCATTAGGTAATTTTCTGTCAACCACCATCCCCAT	12372814	12376709	-3895	12449721	-76907	12372885	-3824	-76836
ENSMUST00000112658	TGTAATCAATGCATGTCTTTAGTCTGTTAGTTAACCCCATTAGGTAATTTTCTGTCAACCACCATCCCCAT	12372814	12376709	-3895	12439870	-67056	12372885	-3824	-66985
ENSMUST00000112658	TGTAATCAATGCATGTCTTTAGTCTGTTAGTTAACCCCATTAGGTAATTTTCTGTCAACCACCATCCCCAT	12372814	12376709	-3895	12449721	-76907	12372885	-3824	-76836
ENSMUST00000112658	TGTAATCAATGCATGTCTTTAGTCTGTTAGTTAACCCCATTAGGTAATTTTCTGTCAACCACCATCCCCAT	12372814	12411661	-38847	12439870	-67056	12372885	-38776	-66985
ENSMUST00000112658	TGTAATCAATGCATGTCTTTAGTCTGTTAGTTAACCCCATTAGGTAATTTTCTGTCAACCACCATCCCCAT	12372814	12411661	-38847	12449721	-76907	12372885	-38776	-76836
ENSMUST00000112658	TGTAATCAATGCATGTCTTTAGTCTGTTAGTTAACCCCATTAGGTAATTTTCTGTCAACCACCATCCCCAT	12372814	12418037	-45223	12454163	-81349	12372885	-45152	-81278
ENSMUST00000112658	TGTAATCAATGCATGTCTTTAGTCTGTTAGTTAACCCCATTAGGTAATTTTCTGTCAACCACCATCCCCAT	12372814	12440915	-68101	12454163	-81349	12372885	-68030	-81278
ENSMUST00000112658	TGTAATCAATGCATGTCTTTAGTCTGTTAGTTAACCCCATTAGGTAATTTTCTGTCAACCACCATCCCCAT	12372814	12454319	-81505	12465858	-93044	12372885	-81434	-92973
ENSMUST00000112658	TGTAATCAATGCATGTCTTTAGTCTGTTAGTTAACCCCATTAGGTAATTTTCTGTCAACCACCATCCCCAT	12372814	12454319	-81505	12473408	-100594	12372885	-81434	-100523
ENSMUST00000112658	TGTAATCAATGCATGTCTTTAGTCTGTTAGTTAACCCCATTAGGTAATTTTCTGTCAACCACCATCCCCAT	12372814	12457829	-85015	12467022	-94208	12372885	-84944	-94137
ENSMUST00000112658	TGTAATCAATGCATGTCTTTAGTCTGTTAGTTAACCCCATTAGGTAATTTTCTGTCAACCACCATCCCCAT	12372814	12457829	-85015	12473408	-100594	12372885	-84944	-100523
ENSMUST00000112658	TGTAATCAATGCATGTCTTTAGTCTGTTAGTTAACCCCATTAGGTAATTTTCTGTCAACCACCATCCCCAT	12372814	12466000	-93186	12488980	-116166	12372885	-93115	-116095
ENSMUST00000112658	TGTAATCAATGCATGTCTTTAGTCTGTTAGTTAACCCCATTAGGTAATTTTCTGTCAACCACCATCCCCAT	12372814	12467179	-94365	12473408	-100594	12372885	-94294	-100523
ENSMUST00000112658	TGTAATCAATGCATGTCTTTAGTCTGTTAGTTAACCCCATTAGGTAATTTTCTGTCAACCACCATCCCCAT	12372814	12467179	-94365	12488980	-116166	12372885	-94294	-116095
ENSMUST00000112658	TGTAATCAATGCATGTCTTTAGTCTGTTAGTTAACCCCATTAGGTAATTTTCTGTCAACCACCATCCCCAT	12372814	12473515	-100701	12486524	-113710	12372885	-100630	-113639
ENSMUST00000112658	TGTAATCAATGCATGTCTTTAGTCTGTTAGTTAACCCCATTAGGTAATTTTCTGTCAACCACCATCCCCAT	12372814	12473515	-100701	12488980	-116166	12372885	-100630	-116095
ENSMUST00000112658	TGTAATCAATGCATGTCTTTAGTCTGTTAGTTAACCCCATTAGGTAATTTTCTGTCAACCACCATCCCCAT	12372814	12376709	-3895	12488980	-116166	12372885	-3824	-116095
ENSMUST00000112658	TGTAATCAATGCATGTCTTTAGTCTGTTAGTTAACCCCATTAGGTAATTTTCTGTCAACCACCATCCCCAT	12372814	12473515	-100701	12488980	-116166	12372885	-100630	-116095
ENSMUST00000112658	TGTAATCAATGCATGTCTTTAGTCTGTTAGTTAACCCCATTAGGTAATTTTCTGTCAACCACCATCCCCAT	12372814	12485658	-112844	12488980	-116166	12372885	-112773	-116095
ENSMUST00000112658	TGTAATCAATGCATGTCTTTAGTCTGTTAGTTAACCCCATTAGGTAATTTTCTGTCAACCACCATCCCCAT	12372814	12509232	-136418	12522202	-149388	12372885	-136347	-149317
ENSMUST00000112658	TGTAATCAATGCATGTCTTTAGTCTGTTAGTTAACCCCATTAGGTAATTTTCTGTCAACCACCATCCCCAT	12372814	12528581	-155767	12546283	-173469	12372885	-155696	-173398
ENSMUST00000112658	TGTAATCAATGCATGTCTTTAGTCTGTTAGTTAACCCCATTAGGTAATTTTCTGTCAACCACCATCCCCAT	12372814	12528581	-155767	12705511	-332697	12372885	-155696	-332626
ENSMUST00000112658	TGTAATCAATGCATGTCTTTAGTCTGTTAGTTAACCCCATTAGGTAATTTTCTGTCAACCACCATCCCCAT	12372814	12603855	-231041	12705511	-332697	12372885	-230970	-332626
ENSMUST00000026218	TATTTCCAGGGTGCTGATGGCTGTGAATTGGCTGAAAACATCACTTACCTGGGTCGGAAAGGTGTCTTCAC	44131465	44114733	16732	44121848	9617	44129221	14488	7373
ENSMUST00000110677	TGCAGTTGTGGAACCAGCTGGAAACACGAAGCGTTGACTGTAGAGCAGGCTGGACCCGGAAGGTCAGGTTC	144879363	144883706	-4343	144886361	-6998	144879434	-4272	-6927
ENSMUST00000110677	TGCAGTTGTGGAACCAGCTGGAAACACGAAGCGTTGACTGTAGAGCAGGCTGGACCCGGAAGGTCAGGTTC	144879363	144891513	-12150	144894473	-15110	144879434	-12079	-15039
ENSMUST00000110677	TGCAGTTGTGGAACCAGCTGGAAACACGAAGCGTTGACTGTAGAGCAGGCTGGACCCGGAAGGTCAGGTTC	144879363	144893307	-13944	144894473	-15110	144879434	-13873	-15039
ENSMUST00000110677	TGCAGTTGTGGAACCAGCTGGAAACACGAAGCGTTGACTGTAGAGCAGGCTGGACCCGGAAGGTCAGGTTC	144879363	144898058	-18695	144899364	-20001	144879434	-18624	-19930
ENSMUST00000039438	CATCTCAAGGAATATCACTTCCATACACATAGAGAACTGGCGAGGCCTGCACACACTCAATGCTGTGGACAT	78577959	78198951	379008	78229486	348473	78517468	318517	287982
ENSMUST00000039438	CATCTCAAGGAATATCACTTCCATACACATAGAGAACTGGCGAGGCCTGCACACACTCAATGCTGTGGACAT	78577959	78198951	379008	78247154	330805	78517468	318517	270314
ENSMUST00000039438	CATCTCAAGGAATATCACTTCCATACACATAGAGAACTGGCGAGGCCTGCACACACTCAATGCTGTGGACAT	78577959	78198951	379008	78247154	330805	78517468	318517	270314
ENSMUST00000039438	CATCTCAAGGAATATCACTTCCATACACATAGAGAACTGGCGAGGCCTGCACACACTCAATGCTGTGGACAT	78577959	78204144	373815	78247154	330805	78517468	313324	270314
ENSMUST00000039438	CATCTCAAGGAATATCACTTCCATACACATAGAGAACTGGCGAGGCCTGCACACACTCAATGCTGTGGACAT	78577959	78302747	275212	78356026	221933	78517468	214721	161442
ENSMUST00000039438	CATCTCAAGGAATATCACTTCCATACACATAGAGAACTGGCGAGGCCTGCACACACTCAATGCTGTGGACAT	78577959	78451955	126004	78460280	117679	78517468	65513	57188
ENSMUST00000039438	CATCTCAAGGAATATCACTTCCATACACATAGAGAACTGGCGAGGCCTGCACACACTCAATGCTGTGGACAT	78577959	78462942	115017	78516728	61231	78517468	54526	740
ENSMUST00000109510	GTTACAAATCCCTGAACTACCTCTTGACAGCAACGAATTTTGGGTCCATGAGGGTTGTATTCTCTGGGCCAA	82857147	82809787	47360	82815610	41537	82857219	47432	41609
ENSMUST00000109510	GTTACAAATCCCTGAACTACCTCTTGACAGCAACGAATTTTGGGTCCATGAGGGTTGTATTCTCTGGGCCAA	82857147	82825324	31823	82911985	-54838	82857219	31895	-54766
ENSMUST00000052011	TTAAGAACCTGTGATACCAAATCTTCAGCTATCGTCTTGGAAGAACATGGAATACCTAACAGTGAATGGAAT	14448451	14465418	-16967	14468151	-19700	14448523	-16895	-19628
ENSMUST00000052011	TTAAGAACCTGTGATACCAAATCTTCAGCTATCGTCTTGGAAGAACATGGAATACCTAACAGTGAATGGAAT	14448451	14466701	-18250	14468151	-19700	14448523	-18178	-19628
ENSMUST00000052011	TTAAGAACCTGTGATACCAAATCTTCAGCTATCGTCTTGGAAGAACATGGAATACCTAACAGTGAATGGAAT	14448451	14517973	-69522	14564388	-115937	14448523	-69450	-115865
ENSMUST00000052011	TTAAGAACCTGTGATACCAAATCTTCAGCTATCGTCTTGGAAGAACATGGAATACCTAACAGTGAATGGAAT	14448451	14544862	-96411	14594383	-145932	14448523	-96339	-145860
ENSMUST00000070174	AAGGTACATGACCAGTTTGTAAGCCCGTTGCCTGCTATGTCTCCGTTAGTCTGTCTCTCCCTTTTCATAACT	78965071	78965176	-105	79006972	-41901	78965143	-33	-41829
ENSMUST00000070174	AAGGTACATGACCAGTTTGTAAGCCCGTTGCCTGCTATGTCTCCGTTAGTCTGTCTCTCCCTTTTCATAACT	78965071	78965176	-105	79007312	-42241	78965143	-33	-42169
ENSMUST00000070174	AAGGTACATGACCAGTTTGTAAGCCCGTTGCCTGCTATGTCTCCGTTAGTCTGTCTCTCCCTTTTCATAACT	78965071	78965173	-102	79006972	-41901	78965143	-30	-41829
ENSMUST00000070174	AAGGTACATGACCAGTTTGTAAGCCCGTTGCCTGCTATGTCTCCGTTAGTCTGTCTCTCCCTTTTCATAACT	78965071	78965173	-102	79007312	-42241	78965143	-30	-42169
ENSMUST00000145596	CGTCAGCGTCCTGGACTCACTCATGAGCGCGACATACTTCAATGACAATATCCTCACCCTAATACGGACCCT	23330965	23300042	30923	23309039	21926	23314190	14148	5151
ENSMUST00000145596	CGTCAGCGTCCTGGACTCACTCATGAGCGCGACATACTTCAATGACAATATCCTCACCCTAATACGGACCCT	23330965	23300042	30923	23311648	19317	23314190	14148	2542
ENSMUST00000145596	CGTCAGCGTCCTGGACTCACTCATGAGCGCGACATACTTCAATGACAATATCCTCACCCTAATACGGACCCT	23330965	23300045	30920	23309039	21926	23314190	14145	5151
ENSMUST00000145596	CGTCAGCGTCCTGGACTCACTCATGAGCGCGACATACTTCAATGACAATATCCTCACCCTAATACGGACCCT	23330965	23300045	30920	23311648	19317	23314190	14145	2542
ENSMUST00000145596	CGTCAGCGTCCTGGACTCACTCATGAGCGCGACATACTTCAATGACAATATCCTCACCCTAATACGGACCCT	23330965	23300042	30923	23311648	19317	23314190	14148	2542
ENSMUST00000145596	CGTCAGCGTCCTGGACTCACTCATGAGCGCGACATACTTCAATGACAATATCCTCACCCTAATACGGACCCT	23330965	23300045	30920	23311648	19317	23314190	14145	2542
ENSMUST00000145596	CGTCAGCGTCCTGGACTCACTCATGAGCGCGACATACTTCAATGACAATATCCTCACCCTAATACGGACCCT	23330965	23306753	24212	23311648	19317	23314190	7437	2542
ENSMUST00000145596	CGTCAGCGTCCTGGACTCACTCATGAGCGCGACATACTTCAATGACAATATCCTCACCCTAATACGGACCCT	23330965	23330970	-5	23336944	-5979	23314190	-16780	-22754
ENSMUST00000145596	CGTCAGCGTCCTGGACTCACTCATGAGCGCGACATACTTCAATGACAATATCCTCACCCTAATACGGACCCT	23330965	23330970	-5	23363800	-32835	23314190	-16780	-49610
ENSMUST00000145596	CGTCAGCGTCCTGGACTCACTCATGAGCGCGACATACTTCAATGACAATATCCTCACCCTAATACGGACCCT	23330965	23373261	-42296	23435949	-104984	23314190	-59071	-121759
ENSMUST00000145596	CGTCAGCGTCCTGGACTCACTCATGAGCGCGACATACTTCAATGACAATATCCTCACCCTAATACGGACCCT	23330965	23386353	-55388	23435949	-104984	23314190	-72163	-121759
ENSMUST00000145596	CGTCAGCGTCCTGGACTCACTCATGAGCGCGACATACTTCAATGACAATATCCTCACCCTAATACGGACCCT	23330965	23386353	-55388	23425566	-94601	23314190	-72163	-111376
ENSMUST00000145596	CGTCAGCGTCCTGGACTCACTCATGAGCGCGACATACTTCAATGACAATATCCTCACCCTAATACGGACCCT	23330965	23386353	-55388	23435940	-104975	23314190	-72163	-121750
ENSMUST00000145596	CGTCAGCGTCCTGGACTCACTCATGAGCGCGACATACTTCAATGACAATATCCTCACCCTAATACGGACCCT	23330965	23386353	-55388	23435949	-104984	23314190	-72163	-121759
ENSMUST00000145596	CGTCAGCGTCCTGGACTCACTCATGAGCGCGACATACTTCAATGACAATATCCTCACCCTAATACGGACCCT	23330965	23386353	-55388	23435949	-104984	23314190	-72163	-121759
ENSMUST00000145596	CGTCAGCGTCCTGGACTCACTCATGAGCGCGACATACTTCAATGACAATATCCTCACCCTAATACGGACCCT	23330965	23386353	-55388	23435940	-104975	23314190	-72163	-121750
ENSMUST00000145596	CGTCAGCGTCCTGGACTCACTCATGAGCGCGACATACTTCAATGACAATATCCTCACCCTAATACGGACCCT	23330965	23386353	-55388	23435949	-104984	23314190	-72163	-121759
ENSMUST00000145596	CGTCAGCGTCCTGGACTCACTCATGAGCGCGACATACTTCAATGACAATATCCTCACCCTAATACGGACCCT	23330965	23386353	-55388	23435949	-104984	23314190	-72163	-121759
ENSMUST00000145596	CGTCAGCGTCCTGGACTCACTCATGAGCGCGACATACTTCAATGACAATATCCTCACCCTAATACGGACCCT	23330965	23391007	-60042	23435949	-104984	23314190	-76817	-121759
ENSMUST00000145596	CGTCAGCGTCCTGGACTCACTCATGAGCGCGACATACTTCAATGACAATATCCTCACCCTAATACGGACCCT	23330965	23386353	-55388	23441992	-111027	23314190	-72163	-127802
ENSMUST00000145596	CGTCAGCGTCCTGGACTCACTCATGAGCGCGACATACTTCAATGACAATATCCTCACCCTAATACGGACCCT	23330965	23386353	-55388	23441992	-111027	23314190	-72163	-127802
ENSMUST00000145596	CGTCAGCGTCCTGGACTCACTCATGAGCGCGACATACTTCAATGACAATATCCTCACCCTAATACGGACCCT	23330965	23442079	-111114	23451598	-120633	23314190	-127889	-137408
ENSMUST00000145596	CGTCAGCGTCCTGGACTCACTCATGAGCGCGACATACTTCAATGACAATATCCTCACCCTAATACGGACCCT	23330965	23442079	-111114	23463100	-132135	23314190	-127889	-148910
ENSMUST00000145596	CGTCAGCGTCCTGGACTCACTCATGAGCGCGACATACTTCAATGACAATATCCTCACCCTAATACGGACCCT	23330965	23463210	-132245	23501124	-170159	23314190	-149020	-186934
ENSMUST00000145596	CGTCAGCGTCCTGGACTCACTCATGAGCGCGACATACTTCAATGACAATATCCTCACCCTAATACGGACCCT	23330965	23509900	-178935	23526724	-195759	23314190	-195710	-212534
ENSMUST00000145596	CGTCAGCGTCCTGGACTCACTCATGAGCGCGACATACTTCAATGACAATATCCTCACCCTAATACGGACCCT	23330965	23526627	-195662	23528349	-197384	23314190	-212437	-214159
ENSMUST00000145596	CGTCAGCGTCCTGGACTCACTCATGAGCGCGACATACTTCAATGACAATATCCTCACCCTAATACGGACCCT	23330965	23650186	-319221	24003747	-672782	23314190	-335996	-689557
ENSMUST00000145596	CGTCAGCGTCCTGGACTCACTCATGAGCGCGACATACTTCAATGACAATATCCTCACCCTAATACGGACCCT	23330965	23300042	30923	23309039	21926	23314190	14148	5151
ENSMUST00000145596	CGTCAGCGTCCTGGACTCACTCATGAGCGCGACATACTTCAATGACAATATCCTCACCCTAATACGGACCCT	23330965	23300042	30923	23311648	19317	23314190	14148	2542
ENSMUST00000145596	CGTCAGCGTCCTGGACTCACTCATGAGCGCGACATACTTCAATGACAATATCCTCACCCTAATACGGACCCT	23330965	23300045	30920	23309039	21926	23314190	14145	5151
ENSMUST00000145596	CGTCAGCGTCCTGGACTCACTCATGAGCGCGACATACTTCAATGACAATATCCTCACCCTAATACGGACCCT	23330965	23300045	30920	23311648	19317	23314190	14145	2542
ENSMUST00000145596	CGTCAGCGTCCTGGACTCACTCATGAGCGCGACATACTTCAATGACAATATCCTCACCCTAATACGGACCCT	23330965	23300042	30923	23311648	19317	23314190	14148	2542
ENSMUST00000145596	CGTCAGCGTCCTGGACTCACTCATGAGCGCGACATACTTCAATGACAATATCCTCACCCTAATACGGACCCT	23330965	23300045	30920	23311648	19317	23314190	14145	2542
ENSMUST00000145596	CGTCAGCGTCCTGGACTCACTCATGAGCGCGACATACTTCAATGACAATATCCTCACCCTAATACGGACCCT	23330965	23306753	24212	23311648	19317	23314190	7437	2542
ENSMUST00000145596	CGTCAGCGTCCTGGACTCACTCATGAGCGCGACATACTTCAATGACAATATCCTCACCCTAATACGGACCCT	23330965	23330970	-5	23336944	-5979	23314190	-16780	-22754
ENSMUST00000145596	CGTCAGCGTCCTGGACTCACTCATGAGCGCGACATACTTCAATGACAATATCCTCACCCTAATACGGACCCT	23330965	23330970	-5	23363800	-32835	23314190	-16780	-49610
ENSMUST00000145596	CGTCAGCGTCCTGGACTCACTCATGAGCGCGACATACTTCAATGACAATATCCTCACCCTAATACGGACCCT	23330965	23373261	-42296	23435949	-104984	23314190	-59071	-121759
ENSMUST00000145596	CGTCAGCGTCCTGGACTCACTCATGAGCGCGACATACTTCAATGACAATATCCTCACCCTAATACGGACCCT	23330965	23386353	-55388	23435949	-104984	23314190	-72163	-121759
ENSMUST00000145596	CGTCAGCGTCCTGGACTCACTCATGAGCGCGACATACTTCAATGACAATATCCTCACCCTAATACGGACCCT	23330965	23386353	-55388	23425566	-94601	23314190	-72163	-111376
ENSMUST00000145596	CGTCAGCGTCCTGGACTCACTCATGAGCGCGACATACTTCAATGACAATATCCTCACCCTAATACGGACCCT	23330965	23386353	-55388	23435940	-104975	23314190	-72163	-121750
ENSMUST00000145596	CGTCAGCGTCCTGGACTCACTCATGAGCGCGACATACTTCAATGACAATATCCTCACCCTAATACGGACCCT	23330965	23386353	-55388	23435949	-104984	23314190	-72163	-121759
ENSMUST00000145596	CGTCAGCGTCCTGGACTCACTCATGAGCGCGACATACTTCAATGACAATATCCTCACCCTAATACGGACCCT	23330965	23386353	-55388	23435949	-104984	23314190	-72163	-121759
ENSMUST00000145596	CGTCAGCGTCCTGGACTCACTCATGAGCGCGACATACTTCAATGACAATATCCTCACCCTAATACGGACCCT	23330965	23386353	-55388	23435940	-104975	23314190	-72163	-121750
ENSMUST00000145596	CGTCAGCGTCCTGGACTCACTCATGAGCGCGACATACTTCAATGACAATATCCTCACCCTAATACGGACCCT	23330965	23386353	-55388	23435949	-104984	23314190	-72163	-121759
ENSMUST00000145596	CGTCAGCGTCCTGGACTCACTCATGAGCGCGACATACTTCAATGACAATATCCTCACCCTAATACGGACCCT	23330965	23386353	-55388	23435949	-104984	23314190	-72163	-121759
ENSMUST00000145596	CGTCAGCGTCCTGGACTCACTCATGAGCGCGACATACTTCAATGACAATATCCTCACCCTAATACGGACCCT	23330965	23391007	-60042	23435949	-104984	23314190	-76817	-121759
ENSMUST00000145596	CGTCAGCGTCCTGGACTCACTCATGAGCGCGACATACTTCAATGACAATATCCTCACCCTAATACGGACCCT	23330965	23386353	-55388	23441992	-111027	23314190	-72163	-127802
ENSMUST00000145596	CGTCAGCGTCCTGGACTCACTCATGAGCGCGACATACTTCAATGACAATATCCTCACCCTAATACGGACCCT	23330965	23386353	-55388	23441992	-111027	23314190	-72163	-127802
ENSMUST00000145596	CGTCAGCGTCCTGGACTCACTCATGAGCGCGACATACTTCAATGACAATATCCTCACCCTAATACGGACCCT	23330965	23442079	-111114	23451598	-120633	23314190	-127889	-137408
ENSMUST00000145596	CGTCAGCGTCCTGGACTCACTCATGAGCGCGACATACTTCAATGACAATATCCTCACCCTAATACGGACCCT	23330965	23442079	-111114	23463100	-132135	23314190	-127889	-148910
ENSMUST00000145596	CGTCAGCGTCCTGGACTCACTCATGAGCGCGACATACTTCAATGACAATATCCTCACCCTAATACGGACCCT	23330965	23463210	-132245	23501124	-170159	23314190	-149020	-186934
ENSMUST00000145596	CGTCAGCGTCCTGGACTCACTCATGAGCGCGACATACTTCAATGACAATATCCTCACCCTAATACGGACCCT	23330965	23509900	-178935	23526724	-195759	23314190	-195710	-212534
ENSMUST00000145596	CGTCAGCGTCCTGGACTCACTCATGAGCGCGACATACTTCAATGACAATATCCTCACCCTAATACGGACCCT	23330965	23526627	-195662	23528349	-197384	23314190	-212437	-214159
ENSMUST00000145596	CGTCAGCGTCCTGGACTCACTCATGAGCGCGACATACTTCAATGACAATATCCTCACCCTAATACGGACCCT	23330965	23650186	-319221	24003747	-672782	23314190	-335996	-689557
ENSMUST00000107691	ATGTCAGGCTTGATAGCTCAATAAGAAATAACACAAATTTTTTTTTCTTAACACACAAATATTGGTATGAAC	84163342	84178178	-14836	84192080	-28738	84163414	-14764	-28666
ENSMUST00000154230	AGGATGATAGACGCGGTATTCACGAAAGACCCAGGCAGCAAGAAATGCACAAGCCTTTCCGAGGCTCAAATTT	20881040	20853069	27971	20854934	26106	20881113	28044	26179
ENSMUST00000154230	AGGATGATAGACGCGGTATTCACGAAAGACCCAGGCAGCAAGAAATGCACAAGCCTTTCCGAGGCTCAAATTT	20881040	20853069	27971	20854934	26106	20881113	28044	26179
ENSMUST00000154230	AGGATGATAGACGCGGTATTCACGAAAGACCCAGGCAGCAAGAAATGCACAAGCCTTTCCGAGGCTCAAATTT	20881040	20853069	27971	20854934	26106	20881113	28044	26179
ENSMUST00000154230	AGGATGATAGACGCGGTATTCACGAAAGACCCAGGCAGCAAGAAATGCACAAGCCTTTCCGAGGCTCAAATTT	20881040	20853069	27971	20855353	25687	20881113	28044	25760
ENSMUST00000154230	AGGATGATAGACGCGGTATTCACGAAAGACCCAGGCAGCAAGAAATGCACAAGCCTTTCCGAGGCTCAAATTT	20881040	20855040	26000	20855580	25460	20881113	26073	25533
ENSMUST00000154230	AGGATGATAGACGCGGTATTCACGAAAGACCCAGGCAGCAAGAAATGCACAAGCCTTTCCGAGGCTCAAATTT	20881040	20860036	21004	20860970	20070	20881113	21077	20143
ENSMUST00000154230	AGGATGATAGACGCGGTATTCACGAAAGACCCAGGCAGCAAGAAATGCACAAGCCTTTCCGAGGCTCAAATTT	20881040	20881851	-811	20887105	-6065	20881113	-738	-5992
ENSMUST00000154230	AGGATGATAGACGCGGTATTCACGAAAGACCCAGGCAGCAAGAAATGCACAAGCCTTTCCGAGGCTCAAATTT	20881040	20889953	-8913	20912276	-31236	20881113	-8840	-31163
ENSMUST00000154230	AGGATGATAGACGCGGTATTCACGAAAGACCCAGGCAGCAAGAAATGCACAAGCCTTTCCGAGGCTCAAATTT	20881040	20892177	-11137	20914631	-33591	20881113	-11064	-33518
ENSMUST00000154230	AGGATGATAGACGCGGTATTCACGAAAGACCCAGGCAGCAAGAAATGCACAAGCCTTTCCGAGGCTCAAATTT	20881040	20892177	-11137	20967329	-86289	20881113	-11064	-86216
ENSMUST00000057207	AACCCTCCAAATACTGCAGTTGGAAATGCGCTGCCCTGTCTGCCATCGCCGCCGCCCTCCTCTTGGCCATTTT	36273384	36052022	221362	36063088	210296	36273457	221435	210369
ENSMUST00000057207	AACCCTCCAAATACTGCAGTTGGAAATGCGCTGCCCTGTCTGCCATCGCCGCCGCCCTCCTCTTGGCCATTTT	36273384	36106865	166519	36141482	131902	36273457	166592	131975
ENSMUST00000057207	AACCCTCCAAATACTGCAGTTGGAAATGCGCTGCCCTGTCTGCCATCGCCGCCGCCCTCCTCTTGGCCATTTT	36273384	36106865	166519	36141482	131902	36273457	166592	131975
ENSMUST00000057207	AACCCTCCAAATACTGCAGTTGGAAATGCGCTGCCCTGTCTGCCATCGCCGCCGCCCTCCTCTTGGCCATTTT	36273384	36106865	166519	36147014	126370	36273457	166592	126443
ENSMUST00000057207	AACCCTCCAAATACTGCAGTTGGAAATGCGCTGCCCTGTCTGCCATCGCCGCCGCCCTCCTCTTGGCCATTTT	36273384	36141683	131701	36163718	109666	36273457	131774	109739
ENSMUST00000057207	AACCCTCCAAATACTGCAGTTGGAAATGCGCTGCCCTGTCTGCCATCGCCGCCGCCCTCCTCTTGGCCATTTT	36273384	36207110	66274	36273230	154	36273457	66347	227
ENSMUST00000057207	AACCCTCCAAATACTGCAGTTGGAAATGCGCTGCCCTGTCTGCCATCGCCGCCGCCCTCCTCTTGGCCATTTT	36273384	36273469	-85	36385118	-111734	36273457	-12	-111661
ENSMUST00000057207	AACCCTCCAAATACTGCAGTTGGAAATGCGCTGCCCTGTCTGCCATCGCCGCCGCCCTCCTCTTGGCCATTTT	36273384	36300430	-27046	36677468	-404084	36273457	-26973	-404011
ENSMUST00000057207	AACCCTCCAAATACTGCAGTTGGAAATGCGCTGCCCTGTCTGCCATCGCCGCCGCCCTCCTCTTGGCCATTTT	36273384	36300430	-27046	36864667	-591283	36273457	-26973	-591210
ENSMUST00000057207	AACCCTCCAAATACTGCAGTTGGAAATGCGCTGCCCTGTCTGCCATCGCCGCCGCCCTCCTCTTGGCCATTTT	36273384	36385328	-111944	36943940	-670556	36273457	-111871	-670483
ENSMUST00000057207	AACCCTCCAAATACTGCAGTTGGAAATGCGCTGCCCTGTCTGCCATCGCCGCCGCCCTCCTCTTGGCCATTTT	36273384	36864943	-591559	37145527	-872143	36273457	-591486	-872070
ENSMUST00000057207	AACCCTCCAAATACTGCAGTTGGAAATGCGCTGCCCTGTCTGCCATCGCCGCCGCCCTCCTCTTGGCCATTTT	36273384	36944241	-670857	37145527	-872143	36273457	-670784	-872070
ENSMUST00000106845	CAACAAAGCATTCTGGATTCCCTGTGAGGATGGATAATGCTGTGCCAATTGTACCCCAGGCGCCTGCTGCTCA	103754224	103750918	3306	103754200	24	103754297	3379	97
ENSMUST00000106845	CAACAAAGCATTCTGGATTCCCTGTGAGGATGGATAATGCTGTGCCAATTGTACCCCAGGCGCCTGCTGCTCA	103754224	103754322	-98	103758534	-4310	103754297	-25	-4237
ENSMUST00000106845	CAACAAAGCATTCTGGATTCCCTGTGAGGATGGATAATGCTGTGCCAATTGTACCCCAGGCGCCTGCTGCTCA	103754224	103769521	-15297	103790994	-36770	103754297	-15224	-36697
ENSMUST00000187541	AGGGCCAGCATCCTTCCCCACAGCACTACATCTCCGAGCCCTATCTGGCCCTCCATGAAGACTCCCACGCCTCA	154391030	154402173	-11143	154407711	-16681	154391104	-11069	-16607
ENSMUST00000187541	AGGGCCAGCATCCTTCCCCACAGCACTACATCTCCGAGCCCTATCTGGCCCTCCATGAAGACTCCCACGCCTCA	154391030	154414081	-23051	154421027	-29997	154391104	-22977	-29923
ENSMUST00000187541	AGGGCCAGCATCCTTCCCCACAGCACTACATCTCCGAGCCCTATCTGGCCCTCCATGAAGACTCCCACGCCTCA	154391030	154414081	-23051	154425836	-34806	154391104	-22977	-34732
ENSMUST00000187541	AGGGCCAGCATCCTTCCCCACAGCACTACATCTCCGAGCCCTATCTGGCCCTCCATGAAGACTCCCACGCCTCA	154391030	154448942	-57912	154465718	-74688	154391104	-57838	-74614
ENSMUST00000187541	AGGGCCAGCATCCTTCCCCACAGCACTACATCTCCGAGCCCTATCTGGCCCTCCATGAAGACTCCCACGCCTCA	154391030	154472713	-81683	154477765	-86735	154391104	-81609	-86661
ENSMUST00000187541	AGGGCCAGCATCCTTCCCCACAGCACTACATCTCCGAGCCCTATCTGGCCCTCCATGAAGACTCCCACGCCTCA	154391030	154486707	-95677	154488784	-97754	154391104	-95603	-97680
ENSMUST00000163666	ACGAGAGGAGTGGAAGCTTGACACATTGTGTGACTTGTATGAGACGCTGACCATCACCCAGGCAGTCATCTTTA	69668196	69668753	-557	69670614	-2418	69668270	-483	-2344
ENSMUST00000163666	ACGAGAGGAGTGGAAGCTTGACACATTGTGTGACTTGTATGAGACGCTGACCATCACCCAGGCAGTCATCTTTA	69668196	69669246	-1050	69670614	-2418	69668270	-976	-2344
ENSMUST00000163666	ACGAGAGGAGTGGAAGCTTGACACATTGTGTGACTTGTATGAGACGCTGACCATCACCCAGGCAGTCATCTTTA	69668196	69670747	-2551	69672278	-4082	69668270	-2477	-4008
ENSMUST00000163666	ACGAGAGGAGTGGAAGCTTGACACATTGTGTGACTTGTATGAGACGCTGACCATCACCCAGGCAGTCATCTTTA	69668196	69670747	-2551	69672278	-4082	69668270	-2477	-4008
ENSMUST00000053880	GTCAAGGGGACACGTGGGGGAGAGAAATGAGCTCATCGCCAAGGGTACATCCCTGGAAAGCCAGAGAGCATGAA	135716404	135739146	-22742	135772192	-55788	135716478	-22668	-55714
ENSMUST00000053880	GTCAAGGGGACACGTGGGGGAGAGAAATGAGCTCATCGCCAAGGGTACATCCCTGGAAAGCCAGAGAGCATGAA	135716404	135843202	-126798	136171415	-455011	135716478	-126724	-454937
ENSMUST00000053880	GTCAAGGGGACACGTGGGGGAGAGAAATGAGCTCATCGCCAAGGGTACATCCCTGGAAAGCCAGAGAGCATGAA	135716404	135923470	-207066	136171415	-455011	135716478	-206992	-454937
ENSMUST00000053880	GTCAAGGGGACACGTGGGGGAGAGAAATGAGCTCATCGCCAAGGGTACATCCCTGGAAAGCCAGAGAGCATGAA	135716404	136171882	-455478	136173472	-457068	135716478	-455404	-456994
ENSMUST00000053880	GTCAAGGGGACACGTGGGGGAGAGAAATGAGCTCATCGCCAAGGGTACATCCCTGGAAAGCCAGAGAGCATGAA	135716404	136171882	-455478	136173472	-457068	135716478	-455404	-456994
ENSMUST00000053880	GTCAAGGGGACACGTGGGGGAGAGAAATGAGCTCATCGCCAAGGGTACATCCCTGGAAAGCCAGAGAGCATGAA	135716404	135739146	-22742	135772192	-55788	135716478	-22668	-55714
ENSMUST00000053880	GTCAAGGGGACACGTGGGGGAGAGAAATGAGCTCATCGCCAAGGGTACATCCCTGGAAAGCCAGAGAGCATGAA	135716404	135843202	-126798	136171415	-455011	135716478	-126724	-454937
ENSMUST00000053880	GTCAAGGGGACACGTGGGGGAGAGAAATGAGCTCATCGCCAAGGGTACATCCCTGGAAAGCCAGAGAGCATGAA	135716404	135923470	-207066	136171415	-455011	135716478	-206992	-454937
ENSMUST00000053880	GTCAAGGGGACACGTGGGGGAGAGAAATGAGCTCATCGCCAAGGGTACATCCCTGGAAAGCCAGAGAGCATGAA	135716404	136171882	-455478	136173472	-457068	135716478	-455404	-456994
ENSMUST00000053880	GTCAAGGGGACACGTGGGGGAGAGAAATGAGCTCATCGCCAAGGGTACATCCCTGGAAAGCCAGAGAGCATGAA	135716404	136171882	-455478	136173472	-457068	135716478	-455404	-456994
ENSMUST00000023165	CACAGGGCAATATCAAGAACCCTGGCAGTATGTGGATGATGTCTGGCTTATGTTCAACAATGCGTGGCTATATA	4108112	4108275	-163	4114773	-6661	4108186	-89	-6587
ENSMUST00000023165	CACAGGGCAATATCAAGAACCCTGGCAGTATGTGGATGATGTCTGGCTTATGTTCAACAATGCGTGGCTATATA	4108112	4128686	-20574	4138744	-30632	4108186	-20500	-30558
ENSMUST00000023165	CACAGGGCAATATCAAGAACCCTGGCAGTATGTGGATGATGTCTGGCTTATGTTCAACAATGCGTGGCTATATA	4108112	4155033	-46921	4213138	-105026	4108186	-46847	-104952
ENSMUST00000049057	GCGGGATGACTTCTTCCGTGCCAAACCGCGCTCCGCCAGCCGACCGGCCGCCGAGCCTCCTGGTGCCCGCACCG	102437195	102438909	-1714	102439659	-2464	102437269	-1640	-2390
ENSMUST00000049057	GCGGGATGACTTCTTCCGTGCCAAACCGCGCTCCGCCAGCCGACCGGCCGCCGAGCCTCCTGGTGCCCGCACCG	102437195	102438909	-1714	102439659	-2464	102437269	-1640	-2390
ENSMUST00000005504	TCAGCATCACAACGCACACCACTGCTTAGAGATCACAGTCAACTGCAGCCCTATTATTGACCACTGTATAATCC	88009041	87992356	16685	87993146	15895	88009115	16759	15969
ENSMUST00000005504	TCAGCATCACAACGCACACCACTGCTTAGAGATCACAGTCAACTGCAGCCCTATTATTGACCACTGTATAATCC	88009041	87997635	11406	88000771	8270	88009115	11480	8344
ENSMUST00000005504	TCAGCATCACAACGCACACCACTGCTTAGAGATCACAGTCAACTGCAGCCCTATTATTGACCACTGTATAATCC	88009041	88009310	-269	88012556	-3515	88009115	-195	-3441
ENSMUST00000005504	TCAGCATCACAACGCACACCACTGCTTAGAGATCACAGTCAACTGCAGCCCTATTATTGACCACTGTATAATCC	88009041	88011068	-2027	88012556	-3515	88009115	-1953	-3441
ENSMUST00000005504	TCAGCATCACAACGCACACCACTGCTTAGAGATCACAGTCAACTGCAGCCCTATTATTGACCACTGTATAATCC	88009041	88012686	-3645	88015398	-6357	88009115	-3571	-6283
ENSMUST00000005504	TCAGCATCACAACGCACACCACTGCTTAGAGATCACAGTCAACTGCAGCCCTATTATTGACCACTGTATAATCC	88009041	88012686	-3645	88015398	-6357	88009115	-3571	-6283
ENSMUST00000047037	ATGCAAGTGTAATTACTTTCTAAGGCCCTTCTAGCTATGATTTTTTTGGAACTGTGTGAATGTAGTATATTCATT	41796270	41806714	-10444	41812458	-16188	41796345	-10369	-16113
ENSMUST00000047037	ATGCAAGTGTAATTACTTTCTAAGGCCCTTCTAGCTATGATTTTTTTGGAACTGTGTGAATGTAGTATATTCATT	41796270	41844805	-48535	41858063	-61793	41796345	-48460	-61718
ENSMUST00000047037	ATGCAAGTGTAATTACTTTCTAAGGCCCTTCTAGCTATGATTTTTTTGGAACTGTGTGAATGTAGTATATTCATT	41796270	41872686	-76416	41879885	-83615	41796345	-76341	-83540
ENSMUST00000047037	ATGCAAGTGTAATTACTTTCTAAGGCCCTTCTAGCTATGATTTTTTTGGAACTGTGTGAATGTAGTATATTCATT	41796270	41879937	-83667	41897791	-101521	41796345	-83592	-101446
ENSMUST00000047037	ATGCAAGTGTAATTACTTTCTAAGGCCCTTCTAGCTATGATTTTTTTGGAACTGTGTGAATGTAGTATATTCATT	41796270	41879937	-83667	41897791	-101521	41796345	-83592	-101446
ENSMUST00000047037	ATGCAAGTGTAATTACTTTCTAAGGCCCTTCTAGCTATGATTTTTTTGGAACTGTGTGAATGTAGTATATTCATT	41796270	41882000	-85730	41911800	-115530	41796345	-85655	-115455
ENSMUST00000140485	CTGCTCTTCCAGAGGACCAGAGTTCAATTCCCAGCACCCTCGTCGGGCAACTCAAAACCACCTATAACTCCAGCT	60489274	60495535	-6261	60498423	-9149	60489349	-6186	-9074
ENSMUST00000140485	CTGCTCTTCCAGAGGACCAGAGTTCAATTCCCAGCACCCTCGTCGGGCAACTCAAAACCACCTATAACTCCAGCT	60489274	60501877	-12603	60503517	-14243	60489349	-12528	-14168
ENSMUST00000140485	CTGCTCTTCCAGAGGACCAGAGTTCAATTCCCAGCACCCTCGTCGGGCAACTCAAAACCACCTATAACTCCAGCT	60489274	60503595	-14321	60518979	-29705	60489349	-14246	-29630
ENSMUST00000140485	CTGCTCTTCCAGAGGACCAGAGTTCAATTCCCAGCACCCTCGTCGGGCAACTCAAAACCACCTATAACTCCAGCT	60489274	60503595	-14321	60525591	-36317	60489349	-14246	-36242
ENSMUST00000140485	CTGCTCTTCCAGAGGACCAGAGTTCAATTCCCAGCACCCTCGTCGGGCAACTCAAAACCACCTATAACTCCAGCT	60489274	60503595	-14321	60525591	-36317	60489349	-14246	-36242
ENSMUST00000140485	CTGCTCTTCCAGAGGACCAGAGTTCAATTCCCAGCACCCTCGTCGGGCAACTCAAAACCACCTATAACTCCAGCT	60489274	60510491	-21217	60525591	-36317	60489349	-21142	-36242
ENSMUST00000140485	CTGCTCTTCCAGAGGACCAGAGTTCAATTCCCAGCACCCTCGTCGGGCAACTCAAAACCACCTATAACTCCAGCT	60489274	60526100	-36826	60533286	-44012	60489349	-36751	-43937
ENSMUST00000161354	CCTTTTGTGCCCCAAGCTGACACTCACTCACCTGCCCCTCCTCCAGCTGCCTGCTGCTCACTCAAACTTCTGTTC	44274538	44277558	-3020	44278031	-3493	44274613	-2945	-3418
ENSMUST00000161354	CCTTTTGTGCCCCAAGCTGACACTCACTCACCTGCCCCTCCTCCAGCTGCCTGCTGCTCACTCAAACTTCTGTTC	44274538	44278130	-3592	44279302	-4764	44274613	-3517	-4689
ENSMUST00000176922	TCTTTCCTTTCTTTCCTTTCTTTCCTTTCTTTCCTTTCTTTCCTTTCTTTCCTTTCTTTCCTTTCTTTCCTTTCT	8852585	8805946	46639	8820410	32175	8852660	46714	32250
ENSMUST00000176922	TCTTTCCTTTCTTTCCTTTCTTTCCTTTCTTTCCTTTCTTTCCTTTCTTTCCTTTCTTTCCTTTCTTTCCTTTCT	8852585	8805946	46639	8835296	17289	8852660	46714	17364
ENSMUST00000176922	TCTTTCCTTTCTTTCCTTTCTTTCCTTTCTTTCCTTTCTTTCCTTTCTTTCCTTTCTTTCCTTTCTTTCCTTTCT	8852585	8805946	46639	8836782	15803	8852660	46714	15878
ENSMUST00000176922	TCTTTCCTTTCTTTCCTTTCTTTCCTTTCTTTCCTTTCTTTCCTTTCTTTCCTTTCTTTCCTTTCTTTCCTTTCT	8852585	8805946	46639	8871482	-18897	8852660	46714	-18822
ENSMUST00000176922	TCTTTCCTTTCTTTCCTTTCTTTCCTTTCTTTCCTTTCTTTCCTTTCTTTCCTTTCTTTCCTTTCTTTCCTTTCT	8852585	8805946	46639	8836782	15803	8852660	46714	15878
ENSMUST00000176922	TCTTTCCTTTCTTTCCTTTCTTTCCTTTCTTTCCTTTCTTTCCTTTCTTTCCTTTCTTTCCTTTCTTTCCTTTCT	8852585	8820545	32040	8836782	15803	8852660	32115	15878
ENSMUST00000176922	TCTTTCCTTTCTTTCCTTTCTTTCCTTTCTTTCCTTTCTTTCCTTTCTTTCCTTTCTTTCCTTTCTTTCCTTTCT	8852585	8805946	46639	8871482	-18897	8852660	46714	-18822
ENSMUST00000176922	TCTTTCCTTTCTTTCCTTTCTTTCCTTTCTTTCCTTTCTTTCCTTTCTTTCCTTTCTTTCCTTTCTTTCCTTTCT	8852585	8820545	32040	8871482	-18897	8852660	32115	-18822
ENSMUST00000176922	TCTTTCCTTTCTTTCCTTTCTTTCCTTTCTTTCCTTTCTTTCCTTTCTTTCCTTTCTTTCCTTTCTTTCCTTTCT	8852585	8837023	15562	8847614	4971	8852660	15637	5046
ENSMUST00000176922	TCTTTCCTTTCTTTCCTTTCTTTCCTTTCTTTCCTTTCTTTCCTTTCTTTCCTTTCTTTCCTTTCTTTCCTTTCT	8852585	8842806	9779	8847614	4971	8852660	9854	5046
ENSMUST00000176922	TCTTTCCTTTCTTTCCTTTCTTTCCTTTCTTTCCTTTCTTTCCTTTCTTTCCTTTCTTTCCTTTCTTTCCTTTCT	8852585	8844831	7754	8849533	3052	8852660	7829	3127
ENSMUST00000176922	TCTTTCCTTTCTTTCCTTTCTTTCCTTTCTTTCCTTTCTTTCCTTTCTTTCCTTTCTTTCCTTTCTTTCCTTTCT	8852585	8805946	46639	8871482	-18897	8852660	46714	-18822
ENSMUST00000176922	TCTTTCCTTTCTTTCCTTTCTTTCCTTTCTTTCCTTTCTTTCCTTTCTTTCCTTTCTTTCCTTTCTTTCCTTTCT	8852585	8854095	-1510	8871482	-18897	8852660	-1435	-18822
ENSMUST00000176922	TCTTTCCTTTCTTTCCTTTCTTTCCTTTCTTTCCTTTCTTTCCTTTCTTTCCTTTCTTTCCTTTCTTTCCTTTCT	8852585	8856928	-4343	8870869	-18284	8852660	-4268	-18209
ENSMUST00000176922	TCTTTCCTTTCTTTCCTTTCTTTCCTTTCTTTCCTTTCTTTCCTTTCTTTCCTTTCTTTCCTTTCTTTCCTTTCT	8852585	8856928	-4343	8871482	-18897	8852660	-4268	-18822
ENSMUST00000176922	TCTTTCCTTTCTTTCCTTTCTTTCCTTTCTTTCCTTTCTTTCCTTTCTTTCCTTTCTTTCCTTTCTTTCCTTTCT	8852585	8861265	-8680	8870869	-18284	8852660	-8605	-18209
ENSMUST00000176922	TCTTTCCTTTCTTTCCTTTCTTTCCTTTCTTTCCTTTCTTTCCTTTCTTTCCTTTCTTTCCTTTCTTTCCTTTCT	8852585	8861265	-8680	8871482	-18897	8852660	-8605	-18822
ENSMUST00000005493	AAATATGACCAAAAGCAACGGAGAAGAGCCTAGGATGGGGGGCAGGATGGAGAGATTGCAGCAAGGGGTCCGCAA	8708656	8636339	72317	8642181	66475	8708731	72392	66550
ENSMUST00000005493	AAATATGACCAAAAGCAACGGAGAAGAGCCTAGGATGGGGGGCAGGATGGAGAGATTGCAGCAAGGGGTCCGCAA	8708656	8651053	57603	8688287	20369	8708731	57678	20444
ENSMUST00000005493	AAATATGACCAAAAGCAACGGAGAAGAGCCTAGGATGGGGGGCAGGATGGAGAGATTGCAGCAAGGGGTCCGCAA	8708656	8681176	27480	8688287	20369	8708731	27555	20444
ENSMUST00000005493	AAATATGACCAAAAGCAACGGAGAAGAGCCTAGGATGGGGGGCAGGATGGAGAGATTGCAGCAAGGGGTCCGCAA	8708656	8651053	57603	8708561	95	8708731	57678	170
ENSMUST00000005493	AAATATGACCAAAAGCAACGGAGAAGAGCCTAGGATGGGGGGCAGGATGGAGAGATTGCAGCAAGGGGTCCGCAA	8708656	8636339	72317	8642181	66475	8708731	72392	66550
ENSMUST00000005493	AAATATGACCAAAAGCAACGGAGAAGAGCCTAGGATGGGGGGCAGGATGGAGAGATTGCAGCAAGGGGTCCGCAA	8708656	8651053	57603	8688287	20369	8708731	57678	20444
ENSMUST00000005493	AAATATGACCAAAAGCAACGGAGAAGAGCCTAGGATGGGGGGCAGGATGGAGAGATTGCAGCAAGGGGTCCGCAA	8708656	8681176	27480	8688287	20369	8708731	27555	20444
ENSMUST00000005493	AAATATGACCAAAAGCAACGGAGAAGAGCCTAGGATGGGGGGCAGGATGGAGAGATTGCAGCAAGGGGTCCGCAA	8708656	8651053	57603	8708561	95	8708731	57678	170
ENSMUST00000032825	GGGGCCTCCTGGCCCTGCCTCCCAGGCCCTGCTGCCTTCTGTGGCTGACGACCTTCTTGGCCTTCCCTTCTGATT	79133961	79143050	-9089	79145246	-11285	79134036	-9014	-11210
ENSMUST00000087517	ATAGAATCCAGGACTAAGTTGCTTAATGAAAGCAAGAAGAACACTACTAAACCAGAAACCATTCCTGACATGGAA	180673243	180672418	825	180673474	-231	180673318	900	-156
ENSMUST00000087517	ATAGAATCCAGGACTAAGTTGCTTAATGAAAGCAAGAAGAACACTACTAAACCAGAAACCATTCCTGACATGGAA	180673243	180673591	-348	180674967	-1724	180673318	-273	-1649
ENSMUST00000087517	ATAGAATCCAGGACTAAGTTGCTTAATGAAAGCAAGAAGAACACTACTAAACCAGAAACCATTCCTGACATGGAA	180673243	180685176	-11933	180691863	-18620	180673318	-11858	-18545
ENSMUST00000087517	ATAGAATCCAGGACTAAGTTGCTTAATGAAAGCAAGAAGAACACTACTAAACCAGAAACCATTCCTGACATGGAA	180673243	180687797	-14554	180691863	-18620	180673318	-14479	-18545
ENSMUST00000087517	ATAGAATCCAGGACTAAGTTGCTTAATGAAAGCAAGAAGAACACTACTAAACCAGAAACCATTCCTGACATGGAA	180673243	180689655	-16412	180691863	-18620	180673318	-16337	-18545
ENSMUST00000165566	ATTTCCCCTTTGGATTTACCAAGTTACTAAGAACTTCGGGACTTGCGTCCAAATCTTGACTGTATGACTCTTACT	27765284	27793819	-28535	27802381	-37097	27765359	-28460	-37022
ENSMUST00000165566	ATTTCCCCTTTGGATTTACCAAGTTACTAAGAACTTCGGGACTTGCGTCCAAATCTTGACTGTATGACTCTTACT	27765284	27802479	-37195	27806792	-41508	27765359	-37120	-41433
ENSMUST00000165566	ATTTCCCCTTTGGATTTACCAAGTTACTAAGAACTTCGGGACTTGCGTCCAAATCTTGACTGTATGACTCTTACT	27765284	27802479	-37195	27813577	-48293	27765359	-37120	-48218
ENSMUST00000165566	ATTTCCCCTTTGGATTTACCAAGTTACTAAGAACTTCGGGACTTGCGTCCAAATCTTGACTGTATGACTCTTACT	27765284	27806908	-41624	27815484	-50200	27765359	-41549	-50125
ENSMUST00000165566	ATTTCCCCTTTGGATTTACCAAGTTACTAAGAACTTCGGGACTTGCGTCCAAATCTTGACTGTATGACTCTTACT	27765284	27813690	-48406	27826032	-60748	27765359	-48331	-60673
ENSMUST00000165566	ATTTCCCCTTTGGATTTACCAAGTTACTAAGAACTTCGGGACTTGCGTCCAAATCTTGACTGTATGACTCTTACT	27765284	27830792	-65508	27849710	-84426	27765359	-65433	-84351
ENSMUST00000165566	ATTTCCCCTTTGGATTTACCAAGTTACTAAGAACTTCGGGACTTGCGTCCAAATCTTGACTGTATGACTCTTACT	27765284	27849969	-84685	27900778	-135494	27765359	-84610	-135419
ENSMUST00000165566	ATTTCCCCTTTGGATTTACCAAGTTACTAAGAACTTCGGGACTTGCGTCCAAATCTTGACTGTATGACTCTTACT	27765284	27849969	-84685	28010971	-245687	27765359	-84610	-245612
ENSMUST00000165566	ATTTCCCCTTTGGATTTACCAAGTTACTAAGAACTTCGGGACTTGCGTCCAAATCTTGACTGTATGACTCTTACT	27765284	27849969	-84685	28010971	-245687	27765359	-84610	-245612
ENSMUST00000165566	ATTTCCCCTTTGGATTTACCAAGTTACTAAGAACTTCGGGACTTGCGTCCAAATCTTGACTGTATGACTCTTACT	27765284	27867610	-102326	27982853	-217569	27765359	-102251	-217494
ENSMUST00000165566	ATTTCCCCTTTGGATTTACCAAGTTACTAAGAACTTCGGGACTTGCGTCCAAATCTTGACTGTATGACTCTTACT	27765284	27867610	-102326	28010668	-245384	27765359	-102251	-245309
ENSMUST00000165566	ATTTCCCCTTTGGATTTACCAAGTTACTAAGAACTTCGGGACTTGCGTCCAAATCTTGACTGTATGACTCTTACT	27765284	27867610	-102326	28010971	-245687	27765359	-102251	-245612
ENSMUST00000165566	ATTTCCCCTTTGGATTTACCAAGTTACTAAGAACTTCGGGACTTGCGTCCAAATCTTGACTGTATGACTCTTACT	27765284	27900903	-135619	27982853	-217569	27765359	-135544	-217494
ENSMUST00000165566	ATTTCCCCTTTGGATTTACCAAGTTACTAAGAACTTCGGGACTTGCGTCCAAATCTTGACTGTATGACTCTTACT	27765284	27900903	-135619	28010668	-245384	27765359	-135544	-245309
ENSMUST00000165566	ATTTCCCCTTTGGATTTACCAAGTTACTAAGAACTTCGGGACTTGCGTCCAAATCTTGACTGTATGACTCTTACT	27765284	27900903	-135619	28010971	-245687	27765359	-135544	-245612
ENSMUST00000165566	ATTTCCCCTTTGGATTTACCAAGTTACTAAGAACTTCGGGACTTGCGTCCAAATCTTGACTGTATGACTCTTACT	27765284	27867610	-102326	28010971	-245687	27765359	-102251	-245612
ENSMUST00000165566	ATTTCCCCTTTGGATTTACCAAGTTACTAAGAACTTCGGGACTTGCGTCCAAATCTTGACTGTATGACTCTTACT	27765284	27900903	-135619	28010971	-245687	27765359	-135544	-245612
ENSMUST00000165566	ATTTCCCCTTTGGATTTACCAAGTTACTAAGAACTTCGGGACTTGCGTCCAAATCTTGACTGTATGACTCTTACT	27765284	27923266	-157982	28010971	-245687	27765359	-157907	-245612
ENSMUST00000131309	TGTCACGGCTGACGGATCATTCCAGGCACAGTAGTTCTCATCGGCTCAACGAGCAGTCCCGACACAGCAGCATCC	65192508	65202932	-10424	65252943	-60435	65192583	-10349	-60360
ENSMUST00000131309	TGTCACGGCTGACGGATCATTCCAGGCACAGTAGTTCTCATCGGCTCAACGAGCAGTCCCGACACAGCAGCATCC	65192508	65235931	-43423	65252943	-60435	65192583	-43348	-60360
ENSMUST00000131309	TGTCACGGCTGACGGATCATTCCAGGCACAGTAGTTCTCATCGGCTCAACGAGCAGTCCCGACACAGCAGCATCC	65192508	65202932	-10424	65252943	-60435	65192583	-10349	-60360
ENSMUST00000131309	TGTCACGGCTGACGGATCATTCCAGGCACAGTAGTTCTCATCGGCTCAACGAGCAGTCCCGACACAGCAGCATCC	65192508	65235931	-43423	65252943	-60435	65192583	-43348	-60360
ENSMUST00000094646	TACTGTAATGGGAAACTTTAATAAGAAAATGACTTTCTTCTGGACTTTGGGATGTTTCCTGTGGATGATGTGGGT	106770271	106780660	-10389	106786702	-16431	106770346	-10314	-16356
ENSMUST00000094646	TACTGTAATGGGAAACTTTAATAAGAAAATGACTTTCTTCTGGACTTTGGGATGTTTCCTGTGGATGATGTGGGT	106770271	106780660	-10389	106786702	-16431	106770346	-10314	-16356
ENSMUST00000032216	GTTCTTCTTTCCTGCCTTCCCTCACCATCCCATATGTTCCGGTCCCTGCGAAGCCTCTCCTTGCCCTCTACACCCC	124913988	124914232	-244	124914634	-646	124914064	-168	-570
ENSMUST00000032216	GTTCTTCTTTCCTGCCTTCCCTCACCATCCCATATGTTCCGGTCCCTGCGAAGCCTCTCCTTGCCCTCTACACCCC	124913988	124914232	-244	124914634	-646	124914064	-168	-570
ENSMUST00000154230	ATGACCCACATGGTCACGCACATGCCTGACCAGTATAAGATCGTAGAGACTCTCATCCAGCATCATGACTGGTTTT	20855664	20853069	2595	20854934	730	20855388	2319	454
ENSMUST00000154230	ATGACCCACATGGTCACGCACATGCCTGACCAGTATAAGATCGTAGAGACTCTCATCCAGCATCATGACTGGTTTT	20855664	20853069	2595	20854934	730	20855388	2319	454
ENSMUST00000154230	ATGACCCACATGGTCACGCACATGCCTGACCAGTATAAGATCGTAGAGACTCTCATCCAGCATCATGACTGGTTTT	20855664	20853069	2595	20854934	730	20855388	2319	454
ENSMUST00000154230	ATGACCCACATGGTCACGCACATGCCTGACCAGTATAAGATCGTAGAGACTCTCATCCAGCATCATGACTGGTTTT	20855664	20853069	2595	20855353	311	20855388	2319	35
ENSMUST00000154230	ATGACCCACATGGTCACGCACATGCCTGACCAGTATAAGATCGTAGAGACTCTCATCCAGCATCATGACTGGTTTT	20855664	20855040	624	20855580	84	20855388	348	-192
ENSMUST00000154230	ATGACCCACATGGTCACGCACATGCCTGACCAGTATAAGATCGTAGAGACTCTCATCCAGCATCATGACTGGTTTT	20855664	20860036	-4372	20860970	-5306	20855388	-4648	-5582
ENSMUST00000154230	ATGACCCACATGGTCACGCACATGCCTGACCAGTATAAGATCGTAGAGACTCTCATCCAGCATCATGACTGGTTTT	20855664	20881851	-26187	20887105	-31441	20855388	-26463	-31717
ENSMUST00000154230	ATGACCCACATGGTCACGCACATGCCTGACCAGTATAAGATCGTAGAGACTCTCATCCAGCATCATGACTGGTTTT	20855664	20889953	-34289	20912276	-56612	20855388	-34565	-56888
ENSMUST00000154230	ATGACCCACATGGTCACGCACATGCCTGACCAGTATAAGATCGTAGAGACTCTCATCCAGCATCATGACTGGTTTT	20855664	20892177	-36513	20914631	-58967	20855388	-36789	-59243
ENSMUST00000154230	ATGACCCACATGGTCACGCACATGCCTGACCAGTATAAGATCGTAGAGACTCTCATCCAGCATCATGACTGGTTTT	20855664	20892177	-36513	20967329	-111665	20855388	-36789	-111941
ENSMUST00000161051	ATGTGGGTGTAGAGTCTAAACTCATCCTTAAAGGGGTCATACTGCTGATTGTGGACAAAGCCTTAGAAGAGCCAAA	111079354	111073950	5404	111074339	5015	111078457	4507	4118
ENSMUST00000161051	ATGTGGGTGTAGAGTCTAAACTCATCCTTAAAGGGGTCATACTGCTGATTGTGGACAAAGCCTTAGAAGAGCCAAA	111079354	111075441	3913	111076695	2659	111078457	3016	1762
ENSMUST00000161051	ATGTGGGTGTAGAGTCTAAACTCATCCTTAAAGGGGTCATACTGCTGATTGTGGACAAAGCCTTAGAAGAGCCAAA	111079354	111075712	3642	111076695	2659	111078457	2745	1762
ENSMUST00000161051	ATGTGGGTGTAGAGTCTAAACTCATCCTTAAAGGGGTCATACTGCTGATTGTGGACAAAGCCTTAGAAGAGCCAAA	111079354	111075712	3642	111076937	2417	111078457	2745	1520
ENSMUST00000161051	ATGTGGGTGTAGAGTCTAAACTCATCCTTAAAGGGGTCATACTGCTGATTGTGGACAAAGCCTTAGAAGAGCCAAA	111079354	111077323	2031	111077636	1718	111078457	1134	821
ENSMUST00000161051	ATGTGGGTGTAGAGTCTAAACTCATCCTTAAAGGGGTCATACTGCTGATTGTGGACAAAGCCTTAGAAGAGCCAAA	111079354	111077492	1862	111078024	1330	111078457	965	433
ENSMUST00000161051	ATGTGGGTGTAGAGTCTAAACTCATCCTTAAAGGGGTCATACTGCTGATTGTGGACAAAGCCTTAGAAGAGCCAAA	111079354	111078553	801	111080181	-827	111078457	-96	-1724
ENSMUST00000161051	ATGTGGGTGTAGAGTCTAAACTCATCCTTAAAGGGGTCATACTGCTGATTGTGGACAAAGCCTTAGAAGAGCCAAA	111079354	111080322	-968	111081506	-2152	111078457	-1865	-3049
ENSMUST00000161051	ATGTGGGTGTAGAGTCTAAACTCATCCTTAAAGGGGTCATACTGCTGATTGTGGACAAAGCCTTAGAAGAGCCAAA	111079354	111073950	5404	111074339	5015	111078457	4507	4118
ENSMUST00000161051	ATGTGGGTGTAGAGTCTAAACTCATCCTTAAAGGGGTCATACTGCTGATTGTGGACAAAGCCTTAGAAGAGCCAAA	111079354	111075441	3913	111076695	2659	111078457	3016	1762
ENSMUST00000161051	ATGTGGGTGTAGAGTCTAAACTCATCCTTAAAGGGGTCATACTGCTGATTGTGGACAAAGCCTTAGAAGAGCCAAA	111079354	111075712	3642	111076695	2659	111078457	2745	1762
ENSMUST00000161051	ATGTGGGTGTAGAGTCTAAACTCATCCTTAAAGGGGTCATACTGCTGATTGTGGACAAAGCCTTAGAAGAGCCAAA	111079354	111075712	3642	111076937	2417	111078457	2745	1520
ENSMUST00000161051	ATGTGGGTGTAGAGTCTAAACTCATCCTTAAAGGGGTCATACTGCTGATTGTGGACAAAGCCTTAGAAGAGCCAAA	111079354	111077323	2031	111077636	1718	111078457	1134	821
ENSMUST00000161051	ATGTGGGTGTAGAGTCTAAACTCATCCTTAAAGGGGTCATACTGCTGATTGTGGACAAAGCCTTAGAAGAGCCAAA	111079354	111077492	1862	111078024	1330	111078457	965	433
ENSMUST00000161051	ATGTGGGTGTAGAGTCTAAACTCATCCTTAAAGGGGTCATACTGCTGATTGTGGACAAAGCCTTAGAAGAGCCAAA	111079354	111078553	801	111080181	-827	111078457	-96	-1724
ENSMUST00000161051	ATGTGGGTGTAGAGTCTAAACTCATCCTTAAAGGGGTCATACTGCTGATTGTGGACAAAGCCTTAGAAGAGCCAAA	111079354	111080322	-968	111081506	-2152	111078457	-1865	-3049
ENSMUST00000114292	ACCTTCCCCGACACCCCGGCATCTCCGCATCACCTGCCTGAGCAACCTCCGGGCGGGCTCTGGGACTTGCCTCGAG	67620468	66663211	957257	66747198	873270	67620544	957333	873346
ENSMUST00000114292	ACCTTCCCCGACACCCCGGCATCTCCGCATCACCTGCCTGAGCAACCTCCGGGCGGGCTCTGGGACTTGCCTCGAG	67620468	66664506	955962	66747198	873270	67620544	956038	873346
ENSMUST00000114292	ACCTTCCCCGACACCCCGGCATCTCCGCATCACCTGCCTGAGCAACCTCCGGGCGGGCTCTGGGACTTGCCTCGAG	67620468	66771697	848771	66812729	807739	67620544	848847	807815
ENSMUST00000114292	ACCTTCCCCGACACCCCGGCATCTCCGCATCACCTGCCTGAGCAACCTCCGGGCGGGCTCTGGGACTTGCCTCGAG	67620468	66815461	805007	66953273	667195	67620544	805083	667271
ENSMUST00000151937	TCCGGCTGCACTTTGGGCACAACCGCAAGAAGCACCTGAACTATGTGGAATTCACTCAGTTCCTCCAGGAATTGCAA	71324052	71276522	47530	71279515	44537	71314997	38475	35482
ENSMUST00000151937	TCCGGCTGCACTTTGGGCACAACCGCAAGAAGCACCTGAACTATGTGGAATTCACTCAGTTCCTCCAGGAATTGCAA	71324052	71293440	30612	71296664	27388	71314997	21557	18333
ENSMUST00000151937	TCCGGCTGCACTTTGGGCACAACCGCAAGAAGCACCTGAACTATGTGGAATTCACTCAGTTCCTCCAGGAATTGCAA	71324052	71324115	-63	71343889	-19837	71314997	-9118	-28892
ENSMUST00000151937	TCCGGCTGCACTTTGGGCACAACCGCAAGAAGCACCTGAACTATGTGGAATTCACTCAGTTCCTCCAGGAATTGCAA	71324052	71333720	-9668	71366526	-42474	71314997	-18723	-51529
ENSMUST00000079746	TTTTCCTTTTCTACGTTGGAACGTGCCCCGGAATGTGGCCGTCGGCACACTTCTCAGGACAATGAATCCTTCCTGTT	33248277	33248686	-409	33249586	-1309	33248354	-332	-1232
ENSMUST00000079746	TTTTCCTTTTCTACGTTGGAACGTGCCCCGGAATGTGGCCGTCGGCACACTTCTCAGGACAATGAATCCTTCCTGTT	33248277	33248686	-409	33250370	-2093	33248354	-332	-2016
ENSMUST00000079746	TTTTCCTTTTCTACGTTGGAACGTGCCCCGGAATGTGGCCGTCGGCACACTTCTCAGGACAATGAATCCTTCCTGTT	33248277	33251072	-2795	33261008	-12731	33248354	-2718	-12654
ENSMUST00000079746	TTTTCCTTTTCTACGTTGGAACGTGCCCCGGAATGTGGCCGTCGGCACACTTCTCAGGACAATGAATCCTTCCTGTT	33248277	33251072	-2795	33266882	-18605	33248354	-2718	-18528
ENSMUST00000079746	TTTTCCTTTTCTACGTTGGAACGTGCCCCGGAATGTGGCCGTCGGCACACTTCTCAGGACAATGAATCCTTCCTGTT	33248277	33251072	-2795	33266882	-18605	33248354	-2718	-18528
ENSMUST00000079746	TTTTCCTTTTCTACGTTGGAACGTGCCCCGGAATGTGGCCGTCGGCACACTTCTCAGGACAATGAATCCTTCCTGTT	33248277	33259344	-11067	33266882	-18605	33248354	-10990	-18528
ENSMUST00000079746	TTTTCCTTTTCTACGTTGGAACGTGCCCCGGAATGTGGCCGTCGGCACACTTCTCAGGACAATGAATCCTTCCTGTT	33248277	33251072	-2795	33269441	-21164	33248354	-2718	-21087
ENSMUST00000079746	TTTTCCTTTTCTACGTTGGAACGTGCCCCGGAATGTGGCCGTCGGCACACTTCTCAGGACAATGAATCCTTCCTGTT	33248277	33261153	-12876	33274778	-26501	33248354	-12799	-26424
ENSMUST00000079746	TTTTCCTTTTCTACGTTGGAACGTGCCCCGGAATGTGGCCGTCGGCACACTTCTCAGGACAATGAATCCTTCCTGTT	33248277	33267037	-18760	33274547	-26270	33248354	-18683	-26193
ENSMUST00000079746	TTTTCCTTTTCTACGTTGGAACGTGCCCCGGAATGTGGCCGTCGGCACACTTCTCAGGACAATGAATCCTTCCTGTT	33248277	33267037	-18760	33274778	-26501	33248354	-18683	-26424
ENSMUST00000075845	AACTCTGTTTTACTTGAACTTCCAATTGGACTACACAAGAAGCGCATTGAGCTGTCTGTTCTTTCATACCATTCCTC	16564101	16498689	65412	16561457	2644	16564178	65489	2721
ENSMUST00000075845	AACTCTGTTTTACTTGAACTTCCAATTGGACTACACAAGAAGCGCATTGAGCTGTCTGTTCTTTCATACCATTCCTC	16564101	16498689	65412	16614471	-50370	16564178	65489	-50293
ENSMUST00000075845	AACTCTGTTTTACTTGAACTTCCAATTGGACTACACAAGAAGCGCATTGAGCTGTCTGTTCTTTCATACCATTCCTC	16564101	16512485	51616	16561457	2644	16564178	51693	2721
ENSMUST00000075845	AACTCTGTTTTACTTGAACTTCCAATTGGACTACACAAGAAGCGCATTGAGCTGTCTGTTCTTTCATACCATTCCTC	16564101	16498689	65412	16614471	-50370	16564178	65489	-50293
ENSMUST00000075845	AACTCTGTTTTACTTGAACTTCCAATTGGACTACACAAGAAGCGCATTGAGCTGTCTGTTCTTTCATACCATTCCTC	16564101	16549207	14894	16614471	-50370	16564178	14971	-50293
ENSMUST00000154230	ATTGAGGCCAATCGCAAAGAGGACCCACTGGATCGGCTACGAACATTAAAGAGACTAATTCATGACCTGCCTGAGCA	20859102	20853069	6033	20854934	4168	20858940	5871	4006
ENSMUST00000154230	ATTGAGGCCAATCGCAAAGAGGACCCACTGGATCGGCTACGAACATTAAAGAGACTAATTCATGACCTGCCTGAGCA	20859102	20853069	6033	20854934	4168	20858940	5871	4006
ENSMUST00000154230	ATTGAGGCCAATCGCAAAGAGGACCCACTGGATCGGCTACGAACATTAAAGAGACTAATTCATGACCTGCCTGAGCA	20859102	20853069	6033	20854934	4168	20858940	5871	4006
ENSMUST00000154230	ATTGAGGCCAATCGCAAAGAGGACCCACTGGATCGGCTACGAACATTAAAGAGACTAATTCATGACCTGCCTGAGCA	20859102	20853069	6033	20855353	3749	20858940	5871	3587
ENSMUST00000154230	ATTGAGGCCAATCGCAAAGAGGACCCACTGGATCGGCTACGAACATTAAAGAGACTAATTCATGACCTGCCTGAGCA	20859102	20855040	4062	20855580	3522	20858940	3900	3360
ENSMUST00000154230	ATTGAGGCCAATCGCAAAGAGGACCCACTGGATCGGCTACGAACATTAAAGAGACTAATTCATGACCTGCCTGAGCA	20859102	20860036	-934	20860970	-1868	20858940	-1096	-2030
ENSMUST00000154230	ATTGAGGCCAATCGCAAAGAGGACCCACTGGATCGGCTACGAACATTAAAGAGACTAATTCATGACCTGCCTGAGCA	20859102	20881851	-22749	20887105	-28003	20858940	-22911	-28165
ENSMUST00000154230	ATTGAGGCCAATCGCAAAGAGGACCCACTGGATCGGCTACGAACATTAAAGAGACTAATTCATGACCTGCCTGAGCA	20859102	20889953	-30851	20912276	-53174	20858940	-31013	-53336
ENSMUST00000154230	ATTGAGGCCAATCGCAAAGAGGACCCACTGGATCGGCTACGAACATTAAAGAGACTAATTCATGACCTGCCTGAGCA	20859102	20892177	-33075	20914631	-55529	20858940	-33237	-55691
ENSMUST00000154230	ATTGAGGCCAATCGCAAAGAGGACCCACTGGATCGGCTACGAACATTAAAGAGACTAATTCATGACCTGCCTGAGCA	20859102	20892177	-33075	20967329	-108227	20858940	-33237	-108389
ENSMUST00000106224	AAAAACCTCCAGGCCCACTATGAAGACTTTCTACAGGACAGCCATGACTCTGCCCTCTTCTCTGTGGCCGATCGCTT	123493997	123351951	142046	123355055	138942	123494074	142123	139019
ENSMUST00000106224	AAAAACCTCCAGGCCCACTATGAAGACTTTCTACAGGACAGCCATGACTCTGCCCTCTTCTCTGTGGCCGATCGCTT	123493997	123361027	132970	123365272	128725	123494074	133047	128802
ENSMUST00000106224	AAAAACCTCCAGGCCCACTATGAAGACTTTCTACAGGACAGCCATGACTCTGCCCTCTTCTCTGTGGCCGATCGCTT	123493997	123365347	128650	123367874	126123	123494074	128727	126200
ENSMUST00000106224	AAAAACCTCCAGGCCCACTATGAAGACTTTCTACAGGACAGCCATGACTCTGCCCTCTTCTCTGTGGCCGATCGCTT	123493997	123368037	125960	123369804	124193	123494074	126037	124270
ENSMUST00000106224	AAAAACCTCCAGGCCCACTATGAAGACTTTCTACAGGACAGCCATGACTCTGCCCTCTTCTCTGTGGCCGATCGCTT	123493997	123368037	125960	123369804	124193	123494074	126037	124270
ENSMUST00000106224	AAAAACCTCCAGGCCCACTATGAAGACTTTCTACAGGACAGCCATGACTCTGCCCTCTTCTCTGTGGCCGATCGCTT	123493997	123369968	124029	123371771	122226	123494074	124106	122303
ENSMUST00000106224	AAAAACCTCCAGGCCCACTATGAAGACTTTCTACAGGACAGCCATGACTCTGCCCTCTTCTCTGTGGCCGATCGCTT	123493997	123378812	115185	123381226	112771	123494074	115262	112848
ENSMUST00000106224	AAAAACCTCCAGGCCCACTATGAAGACTTTCTACAGGACAGCCATGACTCTGCCCTCTTCTCTGTGGCCGATCGCTT	123493997	123385686	108311	123387227	106770	123494074	108388	106847
ENSMUST00000106224	AAAAACCTCCAGGCCCACTATGAAGACTTTCTACAGGACAGCCATGACTCTGCCCTCTTCTCTGTGGCCGATCGCTT	123493997	123387431	106566	123390523	103474	123494074	106643	103551
ENSMUST00000106224	AAAAACCTCCAGGCCCACTATGAAGACTTTCTACAGGACAGCCATGACTCTGCCCTCTTCTCTGTGGCCGATCGCTT	123493997	123395247	98750	123397747	96250	123494074	98827	96327
ENSMUST00000106224	AAAAACCTCCAGGCCCACTATGAAGACTTTCTACAGGACAGCCATGACTCTGCCCTCTTCTCTGTGGCCGATCGCTT	123493997	123395997	98000	123397747	96250	123494074	98077	96327
ENSMUST00000106224	AAAAACCTCCAGGCCCACTATGAAGACTTTCTACAGGACAGCCATGACTCTGCCCTCTTCTCTGTGGCCGATCGCTT	123493997	123395997	98000	123399342	94655	123494074	98077	94732
ENSMUST00000106224	AAAAACCTCCAGGCCCACTATGAAGACTTTCTACAGGACAGCCATGACTCTGCCCTCTTCTCTGTGGCCGATCGCTT	123493997	123395997	98000	123399342	94655	123494074	98077	94732
ENSMUST00000106224	AAAAACCTCCAGGCCCACTATGAAGACTTTCTACAGGACAGCCATGACTCTGCCCTCTTCTCTGTGGCCGATCGCTT	123493997	123397420	96577	123399342	94655	123494074	96654	94732
ENSMUST00000106224	AAAAACCTCCAGGCCCACTATGAAGACTTTCTACAGGACAGCCATGACTCTGCCCTCTTCTCTGTGGCCGATCGCTT	123493997	123401563	92434	123431997	62000	123494074	92511	62077
ENSMUST00000106224	AAAAACCTCCAGGCCCACTATGAAGACTTTCTACAGGACAGCCATGACTCTGCCCTCTTCTCTGTGGCCGATCGCTT	123493997	123440791	53206	123444834	49163	123494074	53283	49240
ENSMUST00000106224	AAAAACCTCCAGGCCCACTATGAAGACTTTCTACAGGACAGCCATGACTCTGCCCTCTTCTCTGTGGCCGATCGCTT	123493997	123458011	35986	123461084	32913	123494074	36063	32990
ENSMUST00000106224	AAAAACCTCCAGGCCCACTATGAAGACTTTCTACAGGACAGCCATGACTCTGCCCTCTTCTCTGTGGCCGATCGCTT	123493997	123480322	13675	123484026	9971	123494074	13752	10048
ENSMUST00000106224	AAAAACCTCCAGGCCCACTATGAAGACTTTCTACAGGACAGCCATGACTCTGCCCTCTTCTCTGTGGCCGATCGCTT	123493997	123497882	-3885	123502163	-8166	123494074	-3808	-8089
ENSMUST00000106224	AAAAACCTCCAGGCCCACTATGAAGACTTTCTACAGGACAGCCATGACTCTGCCCTCTTCTCTGTGGCCGATCGCTT	123493997	123500025	-6028	123503183	-9186	123494074	-5951	-9109
ENSMUST00000106224	AAAAACCTCCAGGCCCACTATGAAGACTTTCTACAGGACAGCCATGACTCTGCCCTCTTCTCTGTGGCCGATCGCTT	123493997	123536294	-42297	123544741	-50744	123494074	-42220	-50667
ENSMUST00000106224	AAAAACCTCCAGGCCCACTATGAAGACTTTCTACAGGACAGCCATGACTCTGCCCTCTTCTCTGTGGCCGATCGCTT	123493997	123544831	-50834	123683969	-189972	123494074	-50757	-189895
ENSMUST00000106224	AAAAACCTCCAGGCCCACTATGAAGACTTTCTACAGGACAGCCATGACTCTGCCCTCTTCTCTGTGGCCGATCGCTT	123493997	123351951	142046	123355055	138942	123494074	142123	139019
ENSMUST00000106224	AAAAACCTCCAGGCCCACTATGAAGACTTTCTACAGGACAGCCATGACTCTGCCCTCTTCTCTGTGGCCGATCGCTT	123493997	123361027	132970	123365272	128725	123494074	133047	128802
ENSMUST00000106224	AAAAACCTCCAGGCCCACTATGAAGACTTTCTACAGGACAGCCATGACTCTGCCCTCTTCTCTGTGGCCGATCGCTT	123493997	123365347	128650	123367874	126123	123494074	128727	126200
ENSMUST00000106224	AAAAACCTCCAGGCCCACTATGAAGACTTTCTACAGGACAGCCATGACTCTGCCCTCTTCTCTGTGGCCGATCGCTT	123493997	123368037	125960	123369804	124193	123494074	126037	124270
ENSMUST00000106224	AAAAACCTCCAGGCCCACTATGAAGACTTTCTACAGGACAGCCATGACTCTGCCCTCTTCTCTGTGGCCGATCGCTT	123493997	123368037	125960	123369804	124193	123494074	126037	124270
ENSMUST00000106224	AAAAACCTCCAGGCCCACTATGAAGACTTTCTACAGGACAGCCATGACTCTGCCCTCTTCTCTGTGGCCGATCGCTT	123493997	123369968	124029	123371771	122226	123494074	124106	122303
ENSMUST00000106224	AAAAACCTCCAGGCCCACTATGAAGACTTTCTACAGGACAGCCATGACTCTGCCCTCTTCTCTGTGGCCGATCGCTT	123493997	123378812	115185	123381226	112771	123494074	115262	112848
ENSMUST00000106224	AAAAACCTCCAGGCCCACTATGAAGACTTTCTACAGGACAGCCATGACTCTGCCCTCTTCTCTGTGGCCGATCGCTT	123493997	123385686	108311	123387227	106770	123494074	108388	106847
ENSMUST00000106224	AAAAACCTCCAGGCCCACTATGAAGACTTTCTACAGGACAGCCATGACTCTGCCCTCTTCTCTGTGGCCGATCGCTT	123493997	123387431	106566	123390523	103474	123494074	106643	103551
ENSMUST00000106224	AAAAACCTCCAGGCCCACTATGAAGACTTTCTACAGGACAGCCATGACTCTGCCCTCTTCTCTGTGGCCGATCGCTT	123493997	123395247	98750	123397747	96250	123494074	98827	96327
ENSMUST00000106224	AAAAACCTCCAGGCCCACTATGAAGACTTTCTACAGGACAGCCATGACTCTGCCCTCTTCTCTGTGGCCGATCGCTT	123493997	123395997	98000	123397747	96250	123494074	98077	96327
ENSMUST00000106224	AAAAACCTCCAGGCCCACTATGAAGACTTTCTACAGGACAGCCATGACTCTGCCCTCTTCTCTGTGGCCGATCGCTT	123493997	123395997	98000	123399342	94655	123494074	98077	94732
ENSMUST00000106224	AAAAACCTCCAGGCCCACTATGAAGACTTTCTACAGGACAGCCATGACTCTGCCCTCTTCTCTGTGGCCGATCGCTT	123493997	123395997	98000	123399342	94655	123494074	98077	94732
ENSMUST00000106224	AAAAACCTCCAGGCCCACTATGAAGACTTTCTACAGGACAGCCATGACTCTGCCCTCTTCTCTGTGGCCGATCGCTT	123493997	123397420	96577	123399342	94655	123494074	96654	94732
ENSMUST00000106224	AAAAACCTCCAGGCCCACTATGAAGACTTTCTACAGGACAGCCATGACTCTGCCCTCTTCTCTGTGGCCGATCGCTT	123493997	123401563	92434	123431997	62000	123494074	92511	62077
ENSMUST00000106224	AAAAACCTCCAGGCCCACTATGAAGACTTTCTACAGGACAGCCATGACTCTGCCCTCTTCTCTGTGGCCGATCGCTT	123493997	123440791	53206	123444834	49163	123494074	53283	49240
ENSMUST00000106224	AAAAACCTCCAGGCCCACTATGAAGACTTTCTACAGGACAGCCATGACTCTGCCCTCTTCTCTGTGGCCGATCGCTT	123493997	123458011	35986	123461084	32913	123494074	36063	32990
ENSMUST00000106224	AAAAACCTCCAGGCCCACTATGAAGACTTTCTACAGGACAGCCATGACTCTGCCCTCTTCTCTGTGGCCGATCGCTT	123493997	123480322	13675	123484026	9971	123494074	13752	10048
ENSMUST00000106224	AAAAACCTCCAGGCCCACTATGAAGACTTTCTACAGGACAGCCATGACTCTGCCCTCTTCTCTGTGGCCGATCGCTT	123493997	123497882	-3885	123502163	-8166	123494074	-3808	-8089
ENSMUST00000106224	AAAAACCTCCAGGCCCACTATGAAGACTTTCTACAGGACAGCCATGACTCTGCCCTCTTCTCTGTGGCCGATCGCTT	123493997	123500025	-6028	123503183	-9186	123494074	-5951	-9109
ENSMUST00000106224	AAAAACCTCCAGGCCCACTATGAAGACTTTCTACAGGACAGCCATGACTCTGCCCTCTTCTCTGTGGCCGATCGCTT	123493997	123536294	-42297	123544741	-50744	123494074	-42220	-50667
ENSMUST00000106224	AAAAACCTCCAGGCCCACTATGAAGACTTTCTACAGGACAGCCATGACTCTGCCCTCTTCTCTGTGGCCGATCGCTT	123493997	123544831	-50834	123683969	-189972	123494074	-50757	-189895
ENSMUST00000106224	AAAAACCTCCAGGCCCACTATGAAGACTTTCTACAGGACAGCCATGACTCTGCCCTCTTCTCTGTGGCCGATCGCTT	123493997	123351951	142046	123355055	138942	123494074	142123	139019
ENSMUST00000106224	AAAAACCTCCAGGCCCACTATGAAGACTTTCTACAGGACAGCCATGACTCTGCCCTCTTCTCTGTGGCCGATCGCTT	123493997	123361027	132970	123365272	128725	123494074	133047	128802
ENSMUST00000106224	AAAAACCTCCAGGCCCACTATGAAGACTTTCTACAGGACAGCCATGACTCTGCCCTCTTCTCTGTGGCCGATCGCTT	123493997	123365347	128650	123367874	126123	123494074	128727	126200
ENSMUST00000106224	AAAAACCTCCAGGCCCACTATGAAGACTTTCTACAGGACAGCCATGACTCTGCCCTCTTCTCTGTGGCCGATCGCTT	123493997	123368037	125960	123369804	124193	123494074	126037	124270
ENSMUST00000106224	AAAAACCTCCAGGCCCACTATGAAGACTTTCTACAGGACAGCCATGACTCTGCCCTCTTCTCTGTGGCCGATCGCTT	123493997	123368037	125960	123369804	124193	123494074	126037	124270
ENSMUST00000106224	AAAAACCTCCAGGCCCACTATGAAGACTTTCTACAGGACAGCCATGACTCTGCCCTCTTCTCTGTGGCCGATCGCTT	123493997	123369968	124029	123371771	122226	123494074	124106	122303
ENSMUST00000106224	AAAAACCTCCAGGCCCACTATGAAGACTTTCTACAGGACAGCCATGACTCTGCCCTCTTCTCTGTGGCCGATCGCTT	123493997	123378812	115185	123381226	112771	123494074	115262	112848
ENSMUST00000106224	AAAAACCTCCAGGCCCACTATGAAGACTTTCTACAGGACAGCCATGACTCTGCCCTCTTCTCTGTGGCCGATCGCTT	123493997	123385686	108311	123387227	106770	123494074	108388	106847
ENSMUST00000106224	AAAAACCTCCAGGCCCACTATGAAGACTTTCTACAGGACAGCCATGACTCTGCCCTCTTCTCTGTGGCCGATCGCTT	123493997	123387431	106566	123390523	103474	123494074	106643	103551
ENSMUST00000106224	AAAAACCTCCAGGCCCACTATGAAGACTTTCTACAGGACAGCCATGACTCTGCCCTCTTCTCTGTGGCCGATCGCTT	123493997	123395247	98750	123397747	96250	123494074	98827	96327
ENSMUST00000106224	AAAAACCTCCAGGCCCACTATGAAGACTTTCTACAGGACAGCCATGACTCTGCCCTCTTCTCTGTGGCCGATCGCTT	123493997	123395997	98000	123397747	96250	123494074	98077	96327
ENSMUST00000106224	AAAAACCTCCAGGCCCACTATGAAGACTTTCTACAGGACAGCCATGACTCTGCCCTCTTCTCTGTGGCCGATCGCTT	123493997	123395997	98000	123399342	94655	123494074	98077	94732
ENSMUST00000106224	AAAAACCTCCAGGCCCACTATGAAGACTTTCTACAGGACAGCCATGACTCTGCCCTCTTCTCTGTGGCCGATCGCTT	123493997	123395997	98000	123399342	94655	123494074	98077	94732
ENSMUST00000106224	AAAAACCTCCAGGCCCACTATGAAGACTTTCTACAGGACAGCCATGACTCTGCCCTCTTCTCTGTGGCCGATCGCTT	123493997	123397420	96577	123399342	94655	123494074	96654	94732
ENSMUST00000106224	AAAAACCTCCAGGCCCACTATGAAGACTTTCTACAGGACAGCCATGACTCTGCCCTCTTCTCTGTGGCCGATCGCTT	123493997	123401563	92434	123431997	62000	123494074	92511	62077
ENSMUST00000106224	AAAAACCTCCAGGCCCACTATGAAGACTTTCTACAGGACAGCCATGACTCTGCCCTCTTCTCTGTGGCCGATCGCTT	123493997	123440791	53206	123444834	49163	123494074	53283	49240
ENSMUST00000106224	AAAAACCTCCAGGCCCACTATGAAGACTTTCTACAGGACAGCCATGACTCTGCCCTCTTCTCTGTGGCCGATCGCTT	123493997	123458011	35986	123461084	32913	123494074	36063	32990
ENSMUST00000106224	AAAAACCTCCAGGCCCACTATGAAGACTTTCTACAGGACAGCCATGACTCTGCCCTCTTCTCTGTGGCCGATCGCTT	123493997	123480322	13675	123484026	9971	123494074	13752	10048
ENSMUST00000106224	AAAAACCTCCAGGCCCACTATGAAGACTTTCTACAGGACAGCCATGACTCTGCCCTCTTCTCTGTGGCCGATCGCTT	123493997	123497882	-3885	123502163	-8166	123494074	-3808	-8089
ENSMUST00000106224	AAAAACCTCCAGGCCCACTATGAAGACTTTCTACAGGACAGCCATGACTCTGCCCTCTTCTCTGTGGCCGATCGCTT	123493997	123500025	-6028	123503183	-9186	123494074	-5951	-9109
ENSMUST00000106224	AAAAACCTCCAGGCCCACTATGAAGACTTTCTACAGGACAGCCATGACTCTGCCCTCTTCTCTGTGGCCGATCGCTT	123493997	123536294	-42297	123544741	-50744	123494074	-42220	-50667
ENSMUST00000106224	AAAAACCTCCAGGCCCACTATGAAGACTTTCTACAGGACAGCCATGACTCTGCCCTCTTCTCTGTGGCCGATCGCTT	123493997	123544831	-50834	123683969	-189972	123494074	-50757	-189895
ENSMUST00000108634	CGTGGACTCCTCCTCCAGCACCCGATCCCTTAGGATCTGTCGCCTGAACCGCCTCCTGGTCCCTCGAAGCCATCCCA	69837393	69826079	11314	69827715	9678	69837470	11391	9755
ENSMUST00000108634	CGTGGACTCCTCCTCCAGCACCCGATCCCTTAGGATCTGTCGCCTGAACCGCCTCCTGGTCCCTCGAAGCCATCCCA	69837393	69828514	8879	69833981	3412	69837470	8956	3489
ENSMUST00000183703	AATTGCCGGCCTGATGATGACATCACAAAGATGTGTTCTGTTCAACTTTGCCTTGGTAATTATTGTAAACACTTTGT	119575637	119575762	-125	119618845	-43208	119575714	-48	-43131
ENSMUST00000183703	AATTGCCGGCCTGATGATGACATCACAAAGATGTGTTCTGTTCAACTTTGCCTTGGTAATTATTGTAAACACTTTGT	119575637	119575762	-125	119620310	-44673	119575714	-48	-44596
ENSMUST00000183703	AATTGCCGGCCTGATGATGACATCACAAAGATGTGTTCTGTTCAACTTTGCCTTGGTAATTATTGTAAACACTTTGT	119575637	119575762	-125	119620310	-44673	119575714	-48	-44596
ENSMUST00000183703	AATTGCCGGCCTGATGATGACATCACAAAGATGTGTTCTGTTCAACTTTGCCTTGGTAATTATTGTAAACACTTTGT	119575637	119594973	-19336	119620310	-44673	119575714	-19259	-44596
ENSMUST00000183703	AATTGCCGGCCTGATGATGACATCACAAAGATGTGTTCTGTTCAACTTTGCCTTGGTAATTATTGTAAACACTTTGT	119575637	119630747	-55110	119847876	-272239	119575714	-55033	-272162
ENSMUST00000183703	AATTGCCGGCCTGATGATGACATCACAAAGATGTGTTCTGTTCAACTTTGCCTTGGTAATTATTGTAAACACTTTGT	119575637	119694731	-119094	119722172	-146535	119575714	-119017	-146458
ENSMUST00000183703	AATTGCCGGCCTGATGATGACATCACAAAGATGTGTTCTGTTCAACTTTGCCTTGGTAATTATTGTAAACACTTTGT	119575637	119722308	-146671	119743287	-167650	119575714	-146594	-167573
ENSMUST00000183703	AATTGCCGGCCTGATGATGACATCACAAAGATGTGTTCTGTTCAACTTTGCCTTGGTAATTATTGTAAACACTTTGT	119575637	119773901	-198264	119779476	-203839	119575714	-198187	-203762
ENSMUST00000183703	AATTGCCGGCCTGATGATGACATCACAAAGATGTGTTCTGTTCAACTTTGCCTTGGTAATTATTGTAAACACTTTGT	119575637	119773901	-198264	119779476	-203839	119575714	-198187	-203762
ENSMUST00000183703	AATTGCCGGCCTGATGATGACATCACAAAGATGTGTTCTGTTCAACTTTGCCTTGGTAATTATTGTAAACACTTTGT	119575637	119773901	-198264	119783388	-207751	119575714	-198187	-207674
ENSMUST00000183703	AATTGCCGGCCTGATGATGACATCACAAAGATGTGTTCTGTTCAACTTTGCCTTGGTAATTATTGTAAACACTTTGT	119575637	119783463	-207826	119824385	-248748	119575714	-207749	-248671
ENSMUST00000183703	AATTGCCGGCCTGATGATGACATCACAAAGATGTGTTCTGTTCAACTTTGCCTTGGTAATTATTGTAAACACTTTGT	119575637	119783463	-207826	119847876	-272239	119575714	-207749	-272162
ENSMUST00000183703	AATTGCCGGCCTGATGATGACATCACAAAGATGTGTTCTGTTCAACTTTGCCTTGGTAATTATTGTAAACACTTTGT	119575637	119783463	-207826	119847876	-272239	119575714	-207749	-272162
ENSMUST00000183703	AATTGCCGGCCTGATGATGACATCACAAAGATGTGTTCTGTTCAACTTTGCCTTGGTAATTATTGTAAACACTTTGT	119575637	119797323	-221686	119847876	-272239	119575714	-221609	-272162
ENSMUST00000183703	AATTGCCGGCCTGATGATGACATCACAAAGATGTGTTCTGTTCAACTTTGCCTTGGTAATTATTGTAAACACTTTGT	119575637	119783463	-207826	119847876	-272239	119575714	-207749	-272162
ENSMUST00000183703	AATTGCCGGCCTGATGATGACATCACAAAGATGTGTTCTGTTCAACTTTGCCTTGGTAATTATTGTAAACACTTTGT	119575637	119797323	-221686	119847876	-272239	119575714	-221609	-272162
ENSMUST00000183703	AATTGCCGGCCTGATGATGACATCACAAAGATGTGTTCTGTTCAACTTTGCCTTGGTAATTATTGTAAACACTTTGT	119575637	119825209	-249572	119847876	-272239	119575714	-249495	-272162
ENSMUST00000064054	AAATTCTGTTTCACTTTGTGTAGTGAACCCCATGGTAGTTTTCTGATCGTTGTTAAAAAAAATGACTTAACATATTA	108500645	108504530	-3885	108627252	-126607	108500722	-3808	-126530
ENSMUST00000064054	AAATTCTGTTTCACTTTGTGTAGTGAACCCCATGGTAGTTTTCTGATCGTTGTTAAAAAAAATGACTTAACATATTA	108500645	108504530	-3885	108831105	-330460	108500722	-3808	-330383
ENSMUST00000064054	AAATTCTGTTTCACTTTGTGTAGTGAACCCCATGGTAGTTTTCTGATCGTTGTTAAAAAAAATGACTTAACATATTA	108500645	108504530	-3885	108902214	-401569	108500722	-3808	-401492
ENSMUST00000064054	AAATTCTGTTTCACTTTGTGTAGTGAACCCCATGGTAGTTTTCTGATCGTTGTTAAAAAAAATGACTTAACATATTA	108500645	108504530	-3885	109010575	-509930	108500722	-3808	-509853
ENSMUST00000064054	AAATTCTGTTTCACTTTGTGTAGTGAACCCCATGGTAGTTTTCTGATCGTTGTTAAAAAAAATGACTTAACATATTA	108500645	108583991	-83346	108631795	-131150	108500722	-83269	-131073
ENSMUST00000064054	AAATTCTGTTTCACTTTGTGTAGTGAACCCCATGGTAGTTTTCTGATCGTTGTTAAAAAAAATGACTTAACATATTA	108500645	108631963	-131318	108690883	-190238	108500722	-131241	-190161
ENSMUST00000064054	AAATTCTGTTTCACTTTGTGTAGTGAACCCCATGGTAGTTTTCTGATCGTTGTTAAAAAAAATGACTTAACATATTA	108500645	108636673	-136028	108690883	-190238	108500722	-135951	-190161
ENSMUST00000064054	AAATTCTGTTTCACTTTGTGTAGTGAACCCCATGGTAGTTTTCTGATCGTTGTTAAAAAAAATGACTTAACATATTA	108500645	108642398	-141753	108831105	-330460	108500722	-141676	-330383
ENSMUST00000064054	AAATTCTGTTTCACTTTGTGTAGTGAACCCCATGGTAGTTTTCTGATCGTTGTTAAAAAAAATGACTTAACATATTA	108500645	108642398	-141753	108902214	-401569	108500722	-141676	-401492
ENSMUST00000064054	AAATTCTGTTTCACTTTGTGTAGTGAACCCCATGGTAGTTTTCTGATCGTTGTTAAAAAAAATGACTTAACATATTA	108500645	108504530	-3885	108902214	-401569	108500722	-3808	-401492
ENSMUST00000064054	AAATTCTGTTTCACTTTGTGTAGTGAACCCCATGGTAGTTTTCTGATCGTTGTTAAAAAAAATGACTTAACATATTA	108500645	108504530	-3885	109010575	-509930	108500722	-3808	-509853
ENSMUST00000064054	AAATTCTGTTTCACTTTGTGTAGTGAACCCCATGGTAGTTTTCTGATCGTTGTTAAAAAAAATGACTTAACATATTA	108500645	108583991	-83346	108902214	-401569	108500722	-83269	-401492
ENSMUST00000064054	AAATTCTGTTTCACTTTGTGTAGTGAACCCCATGGTAGTTTTCTGATCGTTGTTAAAAAAAATGACTTAACATATTA	108500645	108583991	-83346	109010575	-509930	108500722	-83269	-509853
ENSMUST00000064054	AAATTCTGTTTCACTTTGTGTAGTGAACCCCATGGTAGTTTTCTGATCGTTGTTAAAAAAAATGACTTAACATATTA	108500645	108642398	-141753	108902214	-401569	108500722	-141676	-401492
ENSMUST00000064054	AAATTCTGTTTCACTTTGTGTAGTGAACCCCATGGTAGTTTTCTGATCGTTGTTAAAAAAAATGACTTAACATATTA	108500645	108691063	-190418	108902214	-401569	108500722	-190341	-401492
ENSMUST00000064054	AAATTCTGTTTCACTTTGTGTAGTGAACCCCATGGTAGTTTTCTGATCGTTGTTAAAAAAAATGACTTAACATATTA	108500645	108691063	-190418	109010575	-509930	108500722	-190341	-509853
ENSMUST00000064054	AAATTCTGTTTCACTTTGTGTAGTGAACCCCATGGTAGTTTTCTGATCGTTGTTAAAAAAAATGACTTAACATATTA	108500645	108504530	-3885	109010575	-509930	108500722	-3808	-509853
ENSMUST00000064054	AAATTCTGTTTCACTTTGTGTAGTGAACCCCATGGTAGTTTTCTGATCGTTGTTAAAAAAAATGACTTAACATATTA	108500645	108583991	-83346	109010575	-509930	108500722	-83269	-509853
ENSMUST00000064054	AAATTCTGTTTCACTTTGTGTAGTGAACCCCATGGTAGTTTTCTGATCGTTGTTAAAAAAAATGACTTAACATATTA	108500645	108691063	-190418	109008891	-508246	108500722	-190341	-508169
ENSMUST00000064054	AAATTCTGTTTCACTTTGTGTAGTGAACCCCATGGTAGTTTTCTGATCGTTGTTAAAAAAAATGACTTAACATATTA	108500645	108691063	-190418	109010575	-509930	108500722	-190341	-509853
ENSMUST00000064054	AAATTCTGTTTCACTTTGTGTAGTGAACCCCATGGTAGTTTTCTGATCGTTGTTAAAAAAAATGACTTAACATATTA	108500645	108831171	-330526	108993837	-493192	108500722	-330449	-493115
ENSMUST00000064054	AAATTCTGTTTCACTTTGTGTAGTGAACCCCATGGTAGTTTTCTGATCGTTGTTAAAAAAAATGACTTAACATATTA	108500645	108831171	-330526	109010575	-509930	108500722	-330449	-509853
ENSMUST00000064054	AAATTCTGTTTCACTTTGTGTAGTGAACCCCATGGTAGTTTTCTGATCGTTGTTAAAAAAAATGACTTAACATATTA	108500645	108831171	-330526	109010575	-509930	108500722	-330449	-509853
ENSMUST00000064054	AAATTCTGTTTCACTTTGTGTAGTGAACCCCATGGTAGTTTTCTGATCGTTGTTAAAAAAAATGACTTAACATATTA	108500645	108902315	-401670	109008891	-508246	108500722	-401593	-508169
ENSMUST00000064054	AAATTCTGTTTCACTTTGTGTAGTGAACCCCATGGTAGTTTTCTGATCGTTGTTAAAAAAAATGACTTAACATATTA	108500645	108902315	-401670	109010575	-509930	108500722	-401593	-509853
ENSMUST00000114292	TGCCAGCTTGCTGCCCCTGTCCCCCACCCCTCCCTTCCGTGACCTACCCACTCCTTGCAGCCCTCGCCTGCACCTTCC	67620397	66663211	957186	66747198	873199	67620475	957264	873277
ENSMUST00000114292	TGCCAGCTTGCTGCCCCTGTCCCCCACCCCTCCCTTCCGTGACCTACCCACTCCTTGCAGCCCTCGCCTGCACCTTCC	67620397	66664506	955891	66747198	873199	67620475	955969	873277
ENSMUST00000114292	TGCCAGCTTGCTGCCCCTGTCCCCCACCCCTCCCTTCCGTGACCTACCCACTCCTTGCAGCCCTCGCCTGCACCTTCC	67620397	66771697	848700	66812729	807668	67620475	848778	807746
ENSMUST00000114292	TGCCAGCTTGCTGCCCCTGTCCCCCACCCCTCCCTTCCGTGACCTACCCACTCCTTGCAGCCCTCGCCTGCACCTTCC	67620397	66815461	804936	66953273	667124	67620475	805014	667202
ENSMUST00000065482	TCTATTGTGCTGGTGGTGCTGATGAATCTGCCAATTGAATTGTAGGTTTGTATGTATGTACGTACTTATTTATCTATC	95219508	95220463	-955	95229051	-9543	95219586	-877	-9465
ENSMUST00000065482	TCTATTGTGCTGGTGGTGCTGATGAATCTGCCAATTGAATTGTAGGTTTGTATGTATGTACGTACTTATTTATCTATC	95219508	95229205	-9697	95230370	-10862	95219586	-9619	-10784
ENSMUST00000107157	TCCGTGTCATTTACTCTGTGACTCTGTCTGTACATAACTGGAATTCGGATGGCAAACTGTACATAGGCTGTTTGGAGT	86991363	87001399	-10036	87028245	-36882	86991441	-9958	-36804
ENSMUST00000107157	TCCGTGTCATTTACTCTGTGACTCTGTCTGTACATAACTGGAATTCGGATGGCAAACTGTACATAGGCTGTTTGGAGT	86991363	87001399	-10036	87028245	-36882	86991441	-9958	-36804
ENSMUST00000107157	TCCGTGTCATTTACTCTGTGACTCTGTCTGTACATAACTGGAATTCGGATGGCAAACTGTACATAGGCTGTTTGGAGT	86991363	87032291	-40928	87073187	-81824	86991441	-40850	-81746
ENSMUST00000107157	TCCGTGTCATTTACTCTGTGACTCTGTCTGTACATAACTGGAATTCGGATGGCAAACTGTACATAGGCTGTTTGGAGT	86991363	87032291	-40928	87076118	-84755	86991441	-40850	-84677
ENSMUST00000107157	TCCGTGTCATTTACTCTGTGACTCTGTCTGTACATAACTGGAATTCGGATGGCAAACTGTACATAGGCTGTTTGGAGT	86991363	87032291	-40928	87176161	-184798	86991441	-40850	-184720
ENSMUST00000107157	TCCGTGTCATTTACTCTGTGACTCTGTCTGTACATAACTGGAATTCGGATGGCAAACTGTACATAGGCTGTTTGGAGT	86991363	87032291	-40928	87226882	-235519	86991441	-40850	-235441
ENSMUST00000107157	TCCGTGTCATTTACTCTGTGACTCTGTCTGTACATAACTGGAATTCGGATGGCAAACTGTACATAGGCTGTTTGGAGT	86991363	87073296	-81933	87176161	-184798	86991441	-81855	-184720
ENSMUST00000107157	TCCGTGTCATTTACTCTGTGACTCTGTCTGTACATAACTGGAATTCGGATGGCAAACTGTACATAGGCTGTTTGGAGT	86991363	87073296	-81933	87226882	-235519	86991441	-81855	-235441
ENSMUST00000107157	TCCGTGTCATTTACTCTGTGACTCTGTCTGTACATAACTGGAATTCGGATGGCAAACTGTACATAGGCTGTTTGGAGT	86991363	87032291	-40928	87226882	-235519	86991441	-40850	-235441
ENSMUST00000107157	TCCGTGTCATTTACTCTGTGACTCTGTCTGTACATAACTGGAATTCGGATGGCAAACTGTACATAGGCTGTTTGGAGT	86991363	87073296	-81933	87226882	-235519	86991441	-81855	-235441
ENSMUST00000107157	TCCGTGTCATTTACTCTGTGACTCTGTCTGTACATAACTGGAATTCGGATGGCAAACTGTACATAGGCTGTTTGGAGT	86991363	87076157	-84794	87226882	-235519	86991441	-84716	-235441
ENSMUST00000048967	AATTTAAATACATTGGGAACATGCATGGTAATGAGGCGGTTGGACGGGAACTGCTTATTTTCTTGGCCCAGTACCTGTG	64619361	64593221	26140	64597459	21902	64619440	26219	21981
ENSMUST00000048967	AATTTAAATACATTGGGAACATGCATGGTAATGAGGCGGTTGGACGGGAACTGCTTATTTTCTTGGCCCAGTACCTGTG	64619361	64617705	1656	64692642	-73281	64619440	1735	-73202
ENSMUST00000161046	CTTTCAGTGATCTGTGTGCATCTGTAAAGGCAAACCAGAGAAAACAGCCCTAGTCAATAGTGTTCTCCTCACCATGTCC	8690695	8690886	-191	8691354	-659	8690774	-112	-580
ENSMUST00000161046	CTTTCAGTGATCTGTGTGCATCTGTAAAGGCAAACCAGAGAAAACAGCCCTAGTCAATAGTGTTCTCCTCACCATGTCC	8690695	8691426	-731	8692379	-1684	8690774	-652	-1605
ENSMUST00000161046	CTTTCAGTGATCTGTGTGCATCTGTAAAGGCAAACCAGAGAAAACAGCCCTAGTCAATAGTGTTCTCCTCACCATGTCC	8690695	8694480	-3785	8695815	-5120	8690774	-3706	-5041
ENSMUST00000161046	CTTTCAGTGATCTGTGTGCATCTGTAAAGGCAAACCAGAGAAAACAGCCCTAGTCAATAGTGTTCTCCTCACCATGTCC	8690695	8695916	-5221	8696826	-6131	8690774	-5142	-6052
ENSMUST00000161046	CTTTCAGTGATCTGTGTGCATCTGTAAAGGCAAACCAGAGAAAACAGCCCTAGTCAATAGTGTTCTCCTCACCATGTCC	8690695	8696919	-6224	8697892	-7197	8690774	-6145	-7118
ENSMUST00000161046	CTTTCAGTGATCTGTGTGCATCTGTAAAGGCAAACCAGAGAAAACAGCCCTAGTCAATAGTGTTCTCCTCACCATGTCC	8690695	8706140	-15445	8707637	-16942	8690774	-15366	-16863
ENSMUST00000161046	CTTTCAGTGATCTGTGTGCATCTGTAAAGGCAAACCAGAGAAAACAGCCCTAGTCAATAGTGTTCTCCTCACCATGTCC	8690695	8710177	-19482	8716514	-25819	8690774	-19403	-25740
ENSMUST00000161046	CTTTCAGTGATCTGTGTGCATCTGTAAAGGCAAACCAGAGAAAACAGCCCTAGTCAATAGTGTTCTCCTCACCATGTCC	8690695	8710177	-19482	8716514	-25819	8690774	-19403	-25740
ENSMUST00000161046	CTTTCAGTGATCTGTGTGCATCTGTAAAGGCAAACCAGAGAAAACAGCCCTAGTCAATAGTGTTCTCCTCACCATGTCC	8690695	8712192	-21497	8716514	-25819	8690774	-21418	-25740
ENSMUST00000075845	ATACAGCATGCAGATTGACTTGGTGGAAGCTCACAAAATCAACGACAGGGAACAGAAGCTGCATGCTCTGAAGGAAGTG	16511294	16498689	12605	16561457	-50163	16498633	-56	-62824
ENSMUST00000075845	ATACAGCATGCAGATTGACTTGGTGGAAGCTCACAAAATCAACGACAGGGAACAGAAGCTGCATGCTCTGAAGGAAGTG	16511294	16498689	12605	16614471	-103177	16498633	-56	-115838
ENSMUST00000075845	ATACAGCATGCAGATTGACTTGGTGGAAGCTCACAAAATCAACGACAGGGAACAGAAGCTGCATGCTCTGAAGGAAGTG	16511294	16512485	-1191	16561457	-50163	16498633	-13852	-62824
ENSMUST00000075845	ATACAGCATGCAGATTGACTTGGTGGAAGCTCACAAAATCAACGACAGGGAACAGAAGCTGCATGCTCTGAAGGAAGTG	16511294	16498689	12605	16614471	-103177	16498633	-56	-115838
ENSMUST00000075845	ATACAGCATGCAGATTGACTTGGTGGAAGCTCACAAAATCAACGACAGGGAACAGAAGCTGCATGCTCTGAAGGAAGTG	16511294	16549207	-37913	16614471	-103177	16498633	-50574	-115838
ENSMUST00000075845	ATACAGCATGCAGATTGACTTGGTGGAAGCTCACAAAATCAACGACAGGGAACAGAAGCTGCATGCTCTGAAGGAAGTG	16511294	16498689	12605	16561457	-50163	16498633	-56	-62824
ENSMUST00000075845	ATACAGCATGCAGATTGACTTGGTGGAAGCTCACAAAATCAACGACAGGGAACAGAAGCTGCATGCTCTGAAGGAAGTG	16511294	16498689	12605	16614471	-103177	16498633	-56	-115838
ENSMUST00000075845	ATACAGCATGCAGATTGACTTGGTGGAAGCTCACAAAATCAACGACAGGGAACAGAAGCTGCATGCTCTGAAGGAAGTG	16511294	16512485	-1191	16561457	-50163	16498633	-13852	-62824
ENSMUST00000075845	ATACAGCATGCAGATTGACTTGGTGGAAGCTCACAAAATCAACGACAGGGAACAGAAGCTGCATGCTCTGAAGGAAGTG	16511294	16498689	12605	16614471	-103177	16498633	-56	-115838
ENSMUST00000075845	ATACAGCATGCAGATTGACTTGGTGGAAGCTCACAAAATCAACGACAGGGAACAGAAGCTGCATGCTCTGAAGGAAGTG	16511294	16549207	-37913	16614471	-103177	16498633	-50574	-115838
ENSMUST00000115386	ACTTCTACTTTTATAGAAACCCAACCACCCGCAACCACTGCAAATCTATCTGCTCTCTGGACGATTTCAAGACCCTCTGA	8072439	8082269	-9830	8087981	-15542	8072519	-9750	-15462
ENSMUST00000115386	ACTTCTACTTTTATAGAAACCCAACCACCCGCAACCACTGCAAATCTATCTGCTCTCTGGACGATTTCAAGACCCTCTGA	8072439	8082269	-9830	8090141	-17702	8072519	-9750	-17622
ENSMUST00000115386	ACTTCTACTTTTATAGAAACCCAACCACCCGCAACCACTGCAAATCTATCTGCTCTCTGGACGATTTCAAGACCCTCTGA	8072439	8082269	-9830	8092339	-19900	8072519	-9750	-19820
ENSMUST00000115386	ACTTCTACTTTTATAGAAACCCAACCACCCGCAACCACTGCAAATCTATCTGCTCTCTGGACGATTTCAAGACCCTCTGA	8072439	8082269	-9830	8090141	-17702	8072519	-9750	-17622
ENSMUST00000115386	ACTTCTACTTTTATAGAAACCCAACCACCCGCAACCACTGCAAATCTATCTGCTCTCTGGACGATTTCAAGACCCTCTGA	8072439	8082269	-9830	8091364	-18925	8072519	-9750	-18845
ENSMUST00000115386	ACTTCTACTTTTATAGAAACCCAACCACCCGCAACCACTGCAAATCTATCTGCTCTCTGGACGATTTCAAGACCCTCTGA	8072439	8082269	-9830	8092339	-19900	8072519	-9750	-19820
ENSMUST00000115386	ACTTCTACTTTTATAGAAACCCAACCACCCGCAACCACTGCAAATCTATCTGCTCTCTGGACGATTTCAAGACCCTCTGA	8072439	8086623	-14184	8090141	-17702	8072519	-14104	-17622
ENSMUST00000115386	ACTTCTACTTTTATAGAAACCCAACCACCCGCAACCACTGCAAATCTATCTGCTCTCTGGACGATTTCAAGACCCTCTGA	8072439	8086623	-14184	8092339	-19900	8072519	-14104	-19820
ENSMUST00000115386	ACTTCTACTTTTATAGAAACCCAACCACCCGCAACCACTGCAAATCTATCTGCTCTCTGGACGATTTCAAGACCCTCTGA	8072439	8082269	-9830	8092339	-19900	8072519	-9750	-19820
ENSMUST00000115386	ACTTCTACTTTTATAGAAACCCAACCACCCGCAACCACTGCAAATCTATCTGCTCTCTGGACGATTTCAAGACCCTCTGA	8072439	8086623	-14184	8092339	-19900	8072519	-14104	-19820
ENSMUST00000115386	ACTTCTACTTTTATAGAAACCCAACCACCCGCAACCACTGCAAATCTATCTGCTCTCTGGACGATTTCAAGACCCTCTGA	8072439	8088068	-15629	8092339	-19900	8072519	-15549	-19820
ENSMUST00000115386	ACTTCTACTTTTATAGAAACCCAACCACCCGCAACCACTGCAAATCTATCTGCTCTCTGGACGATTTCAAGACCCTCTGA	8072439	8082269	-9830	8092339	-19900	8072519	-9750	-19820
ENSMUST00000115386	ACTTCTACTTTTATAGAAACCCAACCACCCGCAACCACTGCAAATCTATCTGCTCTCTGGACGATTTCAAGACCCTCTGA	8072439	8088068	-15629	8092339	-19900	8072519	-15549	-19820
ENSMUST00000115386	ACTTCTACTTTTATAGAAACCCAACCACCCGCAACCACTGCAAATCTATCTGCTCTCTGGACGATTTCAAGACCCTCTGA	8072439	8092831	-20392	8107001	-34562	8072519	-20312	-34482
ENSMUST00000115386	ACTTCTACTTTTATAGAAACCCAACCACCCGCAACCACTGCAAATCTATCTGCTCTCTGGACGATTTCAAGACCCTCTGA	8072439	8092831	-20392	8111894	-39455	8072519	-20312	-39375
ENSMUST00000115386	ACTTCTACTTTTATAGAAACCCAACCACCCGCAACCACTGCAAATCTATCTGCTCTCTGGACGATTTCAAGACCCTCTGA	8072439	8092831	-20392	8107001	-34562	8072519	-20312	-34482
ENSMUST00000115386	ACTTCTACTTTTATAGAAACCCAACCACCCGCAACCACTGCAAATCTATCTGCTCTCTGGACGATTTCAAGACCCTCTGA	8072439	8092831	-20392	8111894	-39455	8072519	-20312	-39375
ENSMUST00000115386	ACTTCTACTTTTATAGAAACCCAACCACCCGCAACCACTGCAAATCTATCTGCTCTCTGGACGATTTCAAGACCCTCTGA	8072439	8092831	-20392	8107001	-34562	8072519	-20312	-34482
ENSMUST00000115386	ACTTCTACTTTTATAGAAACCCAACCACCCGCAACCACTGCAAATCTATCTGCTCTCTGGACGATTTCAAGACCCTCTGA	8072439	8092831	-20392	8111894	-39455	8072519	-20312	-39375
ENSMUST00000115386	ACTTCTACTTTTATAGAAACCCAACCACCCGCAACCACTGCAAATCTATCTGCTCTCTGGACGATTTCAAGACCCTCTGA	8072439	8092831	-20392	8111894	-39455	8072519	-20312	-39375
ENSMUST00000115386	ACTTCTACTTTTATAGAAACCCAACCACCCGCAACCACTGCAAATCTATCTGCTCTCTGGACGATTTCAAGACCCTCTGA	8072439	8095180	-22741	8111894	-39455	8072519	-22661	-39375
ENSMUST00000115386	ACTTCTACTTTTATAGAAACCCAACCACCCGCAACCACTGCAAATCTATCTGCTCTCTGGACGATTTCAAGACCCTCTGA	8072439	8092831	-20392	8116544	-44105	8072519	-20312	-44025
ENSMUST00000115386	ACTTCTACTTTTATAGAAACCCAACCACCCGCAACCACTGCAAATCTATCTGCTCTCTGGACGATTTCAAGACCCTCTGA	8072439	8117757	-45318	8127326	-54887	8072519	-45238	-54807
ENSMUST00000115386	ACTTCTACTTTTATAGAAACCCAACCACCCGCAACCACTGCAAATCTATCTGCTCTCTGGACGATTTCAAGACCCTCTGA	8072439	8132479	-60040	8134812	-62373	8072519	-59960	-62293
ENSMUST00000115386	ACTTCTACTTTTATAGAAACCCAACCACCCGCAACCACTGCAAATCTATCTGCTCTCTGGACGATTTCAAGACCCTCTGA	8072439	8143132	-70693	8145552	-73113	8072519	-70613	-73033
ENSMUST00000115386	ACTTCTACTTTTATAGAAACCCAACCACCCGCAACCACTGCAAATCTATCTGCTCTCTGGACGATTTCAAGACCCTCTGA	8072439	8145719	-73280	8149207	-76768	8072519	-73200	-76688
ENSMUST00000115386	ACTTCTACTTTTATAGAAACCCAACCACCCGCAACCACTGCAAATCTATCTGCTCTCTGGACGATTTCAAGACCCTCTGA	8072439	8152449	-80010	8160735	-88296	8072519	-79930	-88216
ENSMUST00000115386	ACTTCTACTTTTATAGAAACCCAACCACCCGCAACCACTGCAAATCTATCTGCTCTCTGGACGATTTCAAGACCCTCTGA	8072439	8160799	-88360	8232609	-160170	8072519	-88280	-160090
ENSMUST00000115386	ACTTCTACTTTTATAGAAACCCAACCACCCGCAACCACTGCAAATCTATCTGCTCTCTGGACGATTTCAAGACCCTCTGA	8072439	8167409	-94970	8329979	-257540	8072519	-94890	-257460
ENSMUST00000115386	ACTTCTACTTTTATAGAAACCCAACCACCCGCAACCACTGCAAATCTATCTGCTCTCTGGACGATTTCAAGACCCTCTGA	8072439	8232676	-160237	8367200	-294761	8072519	-160157	-294681
ENSMUST00000237783	CAAAGGCTTCCCTCTCTTCCTGCATTCGAACCTGGGCTTGAAAGACTGCAGCATCAACCCCAAGTCACCACTGCTCTATG	60707635	60689364	18271	60691177	16458	60707715	18351	16538
ENSMUST00000237783	CAAAGGCTTCCCTCTCTTCCTGCATTCGAACCTGGGCTTGAAAGACTGCAGCATCAACCCCAAGTCACCACTGCTCTATG	60707635	60691287	16348	60695335	12300	60707715	16428	12380
ENSMUST00000237783	CAAAGGCTTCCCTCTCTTCCTGCATTCGAACCTGGGCTTGAAAGACTGCAGCATCAACCCCAAGTCACCACTGCTCTATG	60707635	60698535	9100	60700371	7264	60707715	9180	7344
ENSMUST00000237783	CAAAGGCTTCCCTCTCTTCCTGCATTCGAACCTGGGCTTGAAAGACTGCAGCATCAACCCCAAGTCACCACTGCTCTATG	60707635	60700500	7135	60707600	35	60707715	7215	115
ENSMUST00000032891	ATTTGGGAAGCTGCGCAGTTTACTGTTCTTTCAAAGTTGCGAACCCCATTGGGCAGAGCTCAGGACACGTTCCAGACAATT	118185501	118135618	49883	118136873	48628	118184843	49225	47970
ENSMUST00000032891	ATTTGGGAAGCTGCGCAGTTTACTGTTCTTTCAAAGTTGCGAACCCCATTGGGCAGAGCTCAGGACACGTTCCAGACAATT	118185501	118140657	44844	118141719	43782	118184843	44186	43124
ENSMUST00000032891	ATTTGGGAAGCTGCGCAGTTTACTGTTCTTTCAAAGTTGCGAACCCCATTGGGCAGAGCTCAGGACACGTTCCAGACAATT	118185501	118154750	30751	118156516	28985	118184843	30093	28327
ENSMUST00000032891	ATTTGGGAAGCTGCGCAGTTTACTGTTCTTTCAAAGTTGCGAACCCCATTGGGCAGAGCTCAGGACACGTTCCAGACAATT	118185501	118156735	28766	118157054	28447	118184843	28108	27789
ENSMUST00000032891	ATTTGGGAAGCTGCGCAGTTTACTGTTCTTTCAAAGTTGCGAACCCCATTGGGCAGAGCTCAGGACACGTTCCAGACAATT	118185501	118163374	22127	118166363	19138	118184843	21469	18480
ENSMUST00000032891	ATTTGGGAAGCTGCGCAGTTTACTGTTCTTTCAAAGTTGCGAACCCCATTGGGCAGAGCTCAGGACACGTTCCAGACAATT	118185501	118189346	-3845	118190488	-4987	118184843	-4503	-5645
ENSMUST00000032891	ATTTGGGAAGCTGCGCAGTTTACTGTTCTTTCAAAGTTGCGAACCCCATTGGGCAGAGCTCAGGACACGTTCCAGACAATT	118185501	118213052	-27551	118243204	-57703	118184843	-28209	-58361
ENSMUST00000076817	CAGCCAACATTTCCCGACCTTCAGTATTGCCCTCTTCTGCAAATGCCAATCCCAAGACCCATTCAACCCCAAAGCTCCGTG	12382283	12436392	-54109	12441935	-59652	12382364	-54028	-59571
ENSMUST00000076817	CAGCCAACATTTCCCGACCTTCAGTATTGCCCTCTTCTGCAAATGCCAATCCCAAGACCCATTCAACCCCAAAGCTCCGTG	12382283	12478491	-96208	12486385	-104102	12382364	-96127	-104021
ENSMUST00000076817	CAGCCAACATTTCCCGACCTTCAGTATTGCCCTCTTCTGCAAATGCCAATCCCAAGACCCATTCAACCCCAAAGCTCCGTG	12382283	12481370	-99087	12501377	-119094	12382364	-99006	-119013
ENSMUST00000076817	CAGCCAACATTTCCCGACCTTCAGTATTGCCCTCTTCTGCAAATGCCAATCCCAAGACCCATTCAACCCCAAAGCTCCGTG	12382283	12669826	-287543	12671750	-289467	12382364	-287462	-289386
ENSMUST00000076817	CAGCCAACATTTCCCGACCTTCAGTATTGCCCTCTTCTGCAAATGCCAATCCCAAGACCCATTCAACCCCAAAGCTCCGTG	12382283	12750542	-368259	12765270	-382987	12382364	-368178	-382906
ENSMUST00000038116	TTTTTATAATTCAGAAAACAAAATGTTAAGAGAACAAAATACTGACTGCTTACCTCCGCACCAGCCTGAACTGCCAGGAAA	65986187	65970337	15850	65972296	13891	65986268	15931	13972
ENSMUST00000038116	TTTTTATAATTCAGAAAACAAAATGTTAAGAGAACAAAATACTGACTGCTTACCTCCGCACCAGCCTGAACTGCCAGGAAA	65986187	66037639	-51452	66049785	-63598	65986268	-51371	-63517
ENSMUST00000038116	TTTTTATAATTCAGAAAACAAAATGTTAAGAGAACAAAATACTGACTGCTTACCTCCGCACCAGCCTGAACTGCCAGGAAA	65986187	66049933	-63746	66076883	-90696	65986268	-63665	-90615
ENSMUST00000113169	ATCCACCAGGCCCCATCAGCTCAGAGCCCGCCAGCCCCCTGCACACCATTGTCATCCGAGACCCTGATGCTGCTATGCGCC	112718107	112723201	-5094	112729648	-11541	112718188	-5013	-11460
ENSMUST00000113169	ATCCACCAGGCCCCATCAGCTCAGAGCCCGCCAGCCCCCTGCACACCATTGTCATCCGAGACCCTGATGCTGCTATGCGCC	112718107	112731509	-13402	112738882	-20775	112718188	-13321	-20694
ENSMUST00000113169	ATCCACCAGGCCCCATCAGCTCAGAGCCCGCCAGCCCCCTGCACACCATTGTCATCCGAGACCCTGATGCTGCTATGCGCC	112718107	112735913	-17806	112739318	-21211	112718188	-17725	-21130
ENSMUST00000113169	ATCCACCAGGCCCCATCAGCTCAGAGCCCGCCAGCCCCCTGCACACCATTGTCATCCGAGACCCTGATGCTGCTATGCGCC	112718107	112735913	-17806	112741360	-23253	112718188	-17725	-23172
ENSMUST00000113169	ATCCACCAGGCCCCATCAGCTCAGAGCCCGCCAGCCCCCTGCACACCATTGTCATCCGAGACCCTGATGCTGCTATGCGCC	112718107	112749422	-31315	112754570	-36463	112718188	-31234	-36382
ENSMUST00000113169	ATCCACCAGGCCCCATCAGCTCAGAGCCCGCCAGCCCCCTGCACACCATTGTCATCCGAGACCCTGATGCTGCTATGCGCC	112718107	112749422	-31315	112757153	-39046	112718188	-31234	-38965
ENSMUST00000113169	ATCCACCAGGCCCCATCAGCTCAGAGCCCGCCAGCCCCCTGCACACCATTGTCATCCGAGACCCTGATGCTGCTATGCGCC	112718107	112749422	-31315	112759748	-41641	112718188	-31234	-41560
ENSMUST00000113169	ATCCACCAGGCCCCATCAGCTCAGAGCCCGCCAGCCCCCTGCACACCATTGTCATCCGAGACCCTGATGCTGCTATGCGCC	112718107	112749422	-31315	112757153	-39046	112718188	-31234	-38965
ENSMUST00000113169	ATCCACCAGGCCCCATCAGCTCAGAGCCCGCCAGCCCCCTGCACACCATTGTCATCCGAGACCCTGATGCTGCTATGCGCC	112718107	112749422	-31315	112759748	-41641	112718188	-31234	-41560
ENSMUST00000113169	ATCCACCAGGCCCCATCAGCTCAGAGCCCGCCAGCCCCCTGCACACCATTGTCATCCGAGACCCTGATGCTGCTATGCGCC	112718107	112750411	-32304	112757153	-39046	112718188	-32223	-38965
ENSMUST00000113169	ATCCACCAGGCCCCATCAGCTCAGAGCCCGCCAGCCCCCTGCACACCATTGTCATCCGAGACCCTGATGCTGCTATGCGCC	112718107	112750411	-32304	112759748	-41641	112718188	-32223	-41560
ENSMUST00000113169	ATCCACCAGGCCCCATCAGCTCAGAGCCCGCCAGCCCCCTGCACACCATTGTCATCCGAGACCCTGATGCTGCTATGCGCC	112718107	112749422	-31315	112759748	-41641	112718188	-31234	-41560
ENSMUST00000113169	ATCCACCAGGCCCCATCAGCTCAGAGCCCGCCAGCCCCCTGCACACCATTGTCATCCGAGACCCTGATGCTGCTATGCGCC	112718107	112750411	-32304	112759748	-41641	112718188	-32223	-41560
ENSMUST00000113169	ATCCACCAGGCCCCATCAGCTCAGAGCCCGCCAGCCCCCTGCACACCATTGTCATCCGAGACCCTGATGCTGCTATGCGCC	112718107	112754673	-36566	112759748	-41641	112718188	-36485	-41560
ENSMUST00000113169	ATCCACCAGGCCCCATCAGCTCAGAGCCCGCCAGCCCCCTGCACACCATTGTCATCCGAGACCCTGATGCTGCTATGCGCC	112718107	112777148	-59041	112795772	-77665	112718188	-58960	-77584
ENSMUST00000113169	ATCCACCAGGCCCCATCAGCTCAGAGCCCGCCAGCCCCCTGCACACCATTGTCATCCGAGACCCTGATGCTGCTATGCGCC	112718107	112795835	-77728	112946429	-228322	112718188	-77647	-228241
ENSMUST00000113169	ATCCACCAGGCCCCATCAGCTCAGAGCCCGCCAGCCCCCTGCACACCATTGTCATCCGAGACCCTGATGCTGCTATGCGCC	112718107	112816753	-98646	112946429	-228322	112718188	-98565	-228241
ENSMUST00000187541	TTGGCCGCCATTTGAGTACATGATCCTGGCCACCATCATTGCCAACTGCATCGTCTTGGCCCTGGAGCAGCATCTTCCTGA	154726351	154402173	324178	154407711	318640	154701351	299178	293640
ENSMUST00000187541	TTGGCCGCCATTTGAGTACATGATCCTGGCCACCATCATTGCCAACTGCATCGTCTTGGCCCTGGAGCAGCATCTTCCTGA	154726351	154414081	312270	154421027	305324	154701351	287270	280324
ENSMUST00000187541	TTGGCCGCCATTTGAGTACATGATCCTGGCCACCATCATTGCCAACTGCATCGTCTTGGCCCTGGAGCAGCATCTTCCTGA	154726351	154414081	312270	154425836	300515	154701351	287270	275515
ENSMUST00000187541	TTGGCCGCCATTTGAGTACATGATCCTGGCCACCATCATTGCCAACTGCATCGTCTTGGCCCTGGAGCAGCATCTTCCTGA	154726351	154448942	277409	154465718	260633	154701351	252409	235633
ENSMUST00000187541	TTGGCCGCCATTTGAGTACATGATCCTGGCCACCATCATTGCCAACTGCATCGTCTTGGCCCTGGAGCAGCATCTTCCTGA	154726351	154472713	253638	154477765	248586	154701351	228638	223586
ENSMUST00000187541	TTGGCCGCCATTTGAGTACATGATCCTGGCCACCATCATTGCCAACTGCATCGTCTTGGCCCTGGAGCAGCATCTTCCTGA	154726351	154486707	239644	154488784	237567	154701351	214644	212567
ENSMUST00000160953	TTCTTACAGCCTCCGAGCATTTGGAGGAAGAAATCGAGGTGGACGACTGCAGAAGTGGTTTGGAAAATACAAATGTGTCAGC	83280534	83257270	23264	83267301	13233	83275649	18379	8348
ENSMUST00000160953	TTCTTACAGCCTCCGAGCATTTGGAGGAAGAAATCGAGGTGGACGACTGCAGAAGTGGTTTGGAAAATACAAATGTGTCAGC	83280534	83263834	16700	83267301	13233	83275649	11815	8348
ENSMUST00000160953	TTCTTACAGCCTCCGAGCATTTGGAGGAAGAAATCGAGGTGGACGACTGCAGAAGTGGTTTGGAAAATACAAATGTGTCAGC	83280534	83257270	23264	83275617	4917	83275649	18379	32
ENSMUST00000160953	TTCTTACAGCCTCCGAGCATTTGGAGGAAGAAATCGAGGTGGACGACTGCAGAAGTGGTTTGGAAAATACAAATGTGTCAGC	83280534	83288896	-8362	83339534	-59000	83275649	-13247	-63885
ENSMUST00000160953	TTCTTACAGCCTCCGAGCATTTGGAGGAAGAAATCGAGGTGGACGACTGCAGAAGTGGTTTGGAAAATACAAATGTGTCAGC	83280534	83291029	-10495	83407979	-127445	83275649	-15380	-132330
ENSMUST00000160953	TTCTTACAGCCTCCGAGCATTTGGAGGAAGAAATCGAGGTGGACGACTGCAGAAGTGGTTTGGAAAATACAAATGTGTCAGC	83280534	83339642	-59108	83407979	-127445	83275649	-63993	-132330
ENSMUST00000160953	TTCTTACAGCCTCCGAGCATTTGGAGGAAGAAATCGAGGTGGACGACTGCAGAAGTGGTTTGGAAAATACAAATGTGTCAGC	83280534	83362328	-81794	83407979	-127445	83275649	-86679	-132330
ENSMUST00000109627	AACCCCTTCCGTTTTCTACCAAAGGTGCTGCAAGAACCTGCTGTAGGAACTTCTGGCTGTGCATGTGTGTTTGCCCCTTGGCT	79825534	79828978	-3444	79833701	-8167	79825617	-3361	-8084
ENSMUST00000109627	AACCCCTTCCGTTTTCTACCAAAGGTGCTGCAAGAACCTGCTGTAGGAACTTCTGGCTGTGCATGTGTGTTTGCCCCTTGGCT	79825534	79828924	-3390	79833701	-8167	79825617	-3307	-8084
ENSMUST00000109627	AACCCCTTCCGTTTTCTACCAAAGGTGCTGCAAGAACCTGCTGTAGGAACTTCTGGCTGTGCATGTGTGTTTGCCCCTTGGCT	79825534	79828978	-3444	79833914	-8380	79825617	-3361	-8297
ENSMUST00000109627	AACCCCTTCCGTTTTCTACCAAAGGTGCTGCAAGAACCTGCTGTAGGAACTTCTGGCTGTGCATGTGTGTTTGCCCCTTGGCT	79825534	79828978	-3444	79834142	-8608	79825617	-3361	-8525
ENSMUST00000109627	AACCCCTTCCGTTTTCTACCAAAGGTGCTGCAAGAACCTGCTGTAGGAACTTCTGGCTGTGCATGTGTGTTTGCCCCTTGGCT	79825534	79828978	-3444	79834142	-8608	79825617	-3361	-8525
ENSMUST00000109627	AACCCCTTCCGTTTTCTACCAAAGGTGCTGCAAGAACCTGCTGTAGGAACTTCTGGCTGTGCATGTGTGTTTGCCCCTTGGCT	79825534	79833767	-8233	79834142	-8608	79825617	-8150	-8525
ENSMUST00000109627	AACCCCTTCCGTTTTCTACCAAAGGTGCTGCAAGAACCTGCTGTAGGAACTTCTGGCTGTGCATGTGTGTTTGCCCCTTGGCT	79825534	79828978	-3444	79833701	-8167	79825617	-3361	-8084
ENSMUST00000109627	AACCCCTTCCGTTTTCTACCAAAGGTGCTGCAAGAACCTGCTGTAGGAACTTCTGGCTGTGCATGTGTGTTTGCCCCTTGGCT	79825534	79828924	-3390	79833701	-8167	79825617	-3307	-8084
ENSMUST00000109627	AACCCCTTCCGTTTTCTACCAAAGGTGCTGCAAGAACCTGCTGTAGGAACTTCTGGCTGTGCATGTGTGTTTGCCCCTTGGCT	79825534	79828978	-3444	79833914	-8380	79825617	-3361	-8297
ENSMUST00000109627	AACCCCTTCCGTTTTCTACCAAAGGTGCTGCAAGAACCTGCTGTAGGAACTTCTGGCTGTGCATGTGTGTTTGCCCCTTGGCT	79825534	79828978	-3444	79834142	-8608	79825617	-3361	-8525
ENSMUST00000109627	AACCCCTTCCGTTTTCTACCAAAGGTGCTGCAAGAACCTGCTGTAGGAACTTCTGGCTGTGCATGTGTGTTTGCCCCTTGGCT	79825534	79828978	-3444	79834142	-8608	79825617	-3361	-8525
ENSMUST00000109627	AACCCCTTCCGTTTTCTACCAAAGGTGCTGCAAGAACCTGCTGTAGGAACTTCTGGCTGTGCATGTGTGTTTGCCCCTTGGCT	79825534	79833767	-8233	79834142	-8608	79825617	-8150	-8525
ENSMUST00000019514	ATCAGGAGACCCAGCCTAGAGTTGAGGGCAAGGGCAGGTAGGCGTGAGGCTGTGGACTTTGCGGAATGTTTCGGGGTTTTATT	16916771	16917728	-957	16923840	-7069	16916854	-874	-6986
ENSMUST00000109441	AGTAGCACCCCTAGGAACCCCTAGAGAATGCTCTCATCATATCCATTTGGTAATTGAAGAAACCTGAGCATCTTCTTCAGTGA	161528927	161534594	-5667	161551746	-22819	161529010	-5584	-22736
ENSMUST00000109441	AGTAGCACCCCTAGGAACCCCTAGAGAATGCTCTCATCATATCCATTTGGTAATTGAAGAAACCTGAGCATCTTCTTCAGTGA	161528927	161558974	-30047	161564626	-35699	161529010	-29964	-35616
ENSMUST00000109441	AGTAGCACCCCTAGGAACCCCTAGAGAATGCTCTCATCATATCCATTTGGTAATTGAAGAAACCTGAGCATCTTCTTCAGTGA	161528927	161560285	-31358	161564626	-35699	161529010	-31275	-35616
ENSMUST00000109441	AGTAGCACCCCTAGGAACCCCTAGAGAATGCTCTCATCATATCCATTTGGTAATTGAAGAAACCTGAGCATCTTCTTCAGTGA	161528927	161575802	-46875	161656141	-127214	161529010	-46792	-127131
ENSMUST00000109441	AGTAGCACCCCTAGGAACCCCTAGAGAATGCTCTCATCATATCCATTTGGTAATTGAAGAAACCTGAGCATCTTCTTCAGTGA	161528927	161587634	-58707	161656141	-127214	161529010	-58624	-127131
ENSMUST00000109441	AGTAGCACCCCTAGGAACCCCTAGAGAATGCTCTCATCATATCCATTTGGTAATTGAAGAAACCTGAGCATCTTCTTCAGTGA	161528927	161656290	-127363	161697973	-169046	161529010	-127280	-168963
ENSMUST00000109441	AGTAGCACCCCTAGGAACCCCTAGAGAATGCTCTCATCATATCCATTTGGTAATTGAAGAAACCTGAGCATCTTCTTCAGTGA	161528927	161656290	-127363	161732878	-203951	161529010	-127280	-203868
ENSMUST00000109441	AGTAGCACCCCTAGGAACCCCTAGAGAATGCTCTCATCATATCCATTTGGTAATTGAAGAAACCTGAGCATCTTCTTCAGTGA	161528927	161698109	-169182	161732878	-203951	161529010	-169099	-203868
ENSMUST00000109441	AGTAGCACCCCTAGGAACCCCTAGAGAATGCTCTCATCATATCCATTTGGTAATTGAAGAAACCTGAGCATCTTCTTCAGTGA	161528927	161901557	-372630	162135211	-606284	161529010	-372547	-606201
ENSMUST00000109441	AGTAGCACCCCTAGGAACCCCTAGAGAATGCTCTCATCATATCCATTTGGTAATTGAAGAAACCTGAGCATCTTCTTCAGTGA	161528927	162238181	-709254	162267987	-739060	161529010	-709171	-738977
ENSMUST00000109441	AGTAGCACCCCTAGGAACCCCTAGAGAATGCTCTCATCATATCCATTTGGTAATTGAAGAAACCTGAGCATCTTCTTCAGTGA	161528927	162253868	-724941	162278047	-749120	161529010	-724858	-749037
ENSMUST00000109441	AGTAGCACCCCTAGGAACCCCTAGAGAATGCTCTCATCATATCCATTTGGTAATTGAAGAAACCTGAGCATCTTCTTCAGTGA	161528927	162268069	-739142	162362900	-833973	161529010	-739059	-833890
ENSMUST00000159855	AGGCTGTGGTAGAACAAAACTGTTCTGGTTGATGGCATTAGCAGATTCTAAAACAATGAAGGCAATGGTGGAATTCCGAGAAC	103126743	103114235	12508	103120505	6238	103124471	10236	3966
ENSMUST00000159855	AGGCTGTGGTAGAACAAAACTGTTCTGGTTGATGGCATTAGCAGATTCTAAAACAATGAAGGCAATGGTGGAATTCCGAGAAC	103126743	103117220	9523	103120505	6238	103124471	7251	3966
ENSMUST00000159855	AGGCTGTGGTAGAACAAAACTGTTCTGGTTGATGGCATTAGCAGATTCTAAAACAATGAAGGCAATGGTGGAATTCCGAGAAC	103126743	103136639	-9896	103139236	-12493	103124471	-12168	-14765
ENSMUST00000159855	AGGCTGTGGTAGAACAAAACTGTTCTGGTTGATGGCATTAGCAGATTCTAAAACAATGAAGGCAATGGTGGAATTCCGAGAAC	103126743	103136639	-9896	103139236	-12493	103124471	-12168	-14765
ENSMUST00000159855	AGGCTGTGGTAGAACAAAACTGTTCTGGTTGATGGCATTAGCAGATTCTAAAACAATGAAGGCAATGGTGGAATTCCGAGAAC	103126743	103138818	-12075	103142743	-16000	103124471	-14347	-18272
ENSMUST00000159855	AGGCTGTGGTAGAACAAAACTGTTCTGGTTGATGGCATTAGCAGATTCTAAAACAATGAAGGCAATGGTGGAATTCCGAGAAC	103126743	103139476	-12733	103142743	-16000	103124471	-15005	-18272
ENSMUST00000159855	AGGCTGTGGTAGAACAAAACTGTTCTGGTTGATGGCATTAGCAGATTCTAAAACAATGAAGGCAATGGTGGAATTCCGAGAAC	103126743	103148665	-21922	103153925	-27182	103124471	-24194	-29454
ENSMUST00000159855	AGGCTGTGGTAGAACAAAACTGTTCTGGTTGATGGCATTAGCAGATTCTAAAACAATGAAGGCAATGGTGGAATTCCGAGAAC	103126743	103154170	-27427	103155123	-28380	103124471	-29699	-30652
ENSMUST00000159855	AGGCTGTGGTAGAACAAAACTGTTCTGGTTGATGGCATTAGCAGATTCTAAAACAATGAAGGCAATGGTGGAATTCCGAGAAC	103126743	103156767	-30024	103172566	-45823	103124471	-32296	-48095
ENSMUST00000159855	AGGCTGTGGTAGAACAAAACTGTTCTGGTTGATGGCATTAGCAGATTCTAAAACAATGAAGGCAATGGTGGAATTCCGAGAAC	103126743	103173919	-47176	103182353	-55610	103124471	-49448	-57882
ENSMUST00000159855	AGGCTGTGGTAGAACAAAACTGTTCTGGTTGATGGCATTAGCAGATTCTAAAACAATGAAGGCAATGGTGGAATTCCGAGAAC	103126743	103174990	-48247	103182353	-55610	103124471	-50519	-57882
ENSMUST00000159855	AGGCTGTGGTAGAACAAAACTGTTCTGGTTGATGGCATTAGCAGATTCTAAAACAATGAAGGCAATGGTGGAATTCCGAGAAC	103126743	103177330	-50587	103184831	-58088	103124471	-52859	-60360
ENSMUST00000159855	AGGCTGTGGTAGAACAAAACTGTTCTGGTTGATGGCATTAGCAGATTCTAAAACAATGAAGGCAATGGTGGAATTCCGAGAAC	103126743	103182494	-55751	103185583	-58840	103124471	-58023	-61112
ENSMUST00000159855	AGGCTGTGGTAGAACAAAACTGTTCTGGTTGATGGCATTAGCAGATTCTAAAACAATGAAGGCAATGGTGGAATTCCGAGAAC	103126743	103185681	-58938	103191566	-64823	103124471	-61210	-67095
ENSMUST00000159855	AGGCTGTGGTAGAACAAAACTGTTCTGGTTGATGGCATTAGCAGATTCTAAAACAATGAAGGCAATGGTGGAATTCCGAGAAC	103126743	103201437	-74694	103206635	-79892	103124471	-76966	-82164
ENSMUST00000159855	AGGCTGTGGTAGAACAAAACTGTTCTGGTTGATGGCATTAGCAGATTCTAAAACAATGAAGGCAATGGTGGAATTCCGAGAAC	103126743	103204540	-77797	103206635	-79892	103124471	-80069	-82164
ENSMUST00000159855	AGGCTGTGGTAGAACAAAACTGTTCTGGTTGATGGCATTAGCAGATTCTAAAACAATGAAGGCAATGGTGGAATTCCGAGAAC	103126743	103208927	-82184	103212522	-85779	103124471	-84456	-88051
ENSMUST00000159855	AGGCTGTGGTAGAACAAAACTGTTCTGGTTGATGGCATTAGCAGATTCTAAAACAATGAAGGCAATGGTGGAATTCCGAGAAC	103126743	103227554	-100811	103232525	-105782	103124471	-103083	-108054
ENSMUST00000159855	AGGCTGTGGTAGAACAAAACTGTTCTGGTTGATGGCATTAGCAGATTCTAAAACAATGAAGGCAATGGTGGAATTCCGAGAAC	103126743	103247900	-121157	103252408	-125665	103124471	-123429	-127937
ENSMUST00000159855	AGGCTGTGGTAGAACAAAACTGTTCTGGTTGATGGCATTAGCAGATTCTAAAACAATGAAGGCAATGGTGGAATTCCGAGAAC	103126743	103248566	-121823	103260195	-133452	103124471	-124095	-135724
ENSMUST00000159855	AGGCTGTGGTAGAACAAAACTGTTCTGGTTGATGGCATTAGCAGATTCTAAAACAATGAAGGCAATGGTGGAATTCCGAGAAC	103126743	103262821	-136078	103275788	-149045	103124471	-138350	-151317
ENSMUST00000159855	AGGCTGTGGTAGAACAAAACTGTTCTGGTTGATGGCATTAGCAGATTCTAAAACAATGAAGGCAATGGTGGAATTCCGAGAAC	103126743	103262821	-136078	103276372	-149629	103124471	-138350	-151901
ENSMUST00000159855	AGGCTGTGGTAGAACAAAACTGTTCTGGTTGATGGCATTAGCAGATTCTAAAACAATGAAGGCAATGGTGGAATTCCGAGAAC	103126743	103314514	-187771	103346215	-219472	103124471	-190043	-221744
ENSMUST00000095974	CTCATCTCACTGCCCCCATATTCTTCCCCCAGGTGACCGCGGACAGCGAGTCCAGTGAGAGGTTTATTCATCTCGGTTCCCTTT	42317603	42318994	-1391	42321249	-3646	42317687	-1307	-3562
ENSMUST00000095974	CTCATCTCACTGCCCCCATATTCTTCCCCCAGGTGACCGCGGACAGCGAGTCCAGTGAGAGGTTTATTCATCTCGGTTCCCTTT	42317603	42321343	-3740	42321906	-4303	42317687	-3656	-4219
ENSMUST00000095974	CTCATCTCACTGCCCCCATATTCTTCCCCCAGGTGACCGCGGACAGCGAGTCCAGTGAGAGGTTTATTCATCTCGGTTCCCTTT	42317603	42318994	-1391	42321249	-3646	42317687	-1307	-3562
ENSMUST00000095974	CTCATCTCACTGCCCCCATATTCTTCCCCCAGGTGACCGCGGACAGCGAGTCCAGTGAGAGGTTTATTCATCTCGGTTCCCTTT	42317603	42321343	-3740	42321906	-4303	42317687	-3656	-4219
ENSMUST00000090247	GGAATGATGAGCTTTCCCAGCAAATGAATGACTTCGATACGGAGGACCTGACGATCGCAGAGCAGCGCCTACAGCACCATGCAG	27851852	27733030	118822	27735378	116474	27851936	118906	116558
ENSMUST00000090247	GGAATGATGAGCTTTCCCAGCAAATGAATGACTTCGATACGGAGGACCTGACGATCGCAGAGCAGCGCCTACAGCACCATGCAG	27851852	27736525	115327	27740915	110937	27851936	115411	111021
ENSMUST00000090247	GGAATGATGAGCTTTCCCAGCAAATGAATGACTTCGATACGGAGGACCTGACGATCGCAGAGCAGCGCCTACAGCACCATGCAG	27851852	27740696	111156	27743952	107900	27851936	111240	107984
ENSMUST00000090247	GGAATGATGAGCTTTCCCAGCAAATGAATGACTTCGATACGGAGGACCTGACGATCGCAGAGCAGCGCCTACAGCACCATGCAG	27851852	27856234	-4382	27881306	-29454	27851936	-4298	-29370
ENSMUST00000090247	GGAATGATGAGCTTTCCCAGCAAATGAATGACTTCGATACGGAGGACCTGACGATCGCAGAGCAGCGCCTACAGCACCATGCAG	27851852	27905331	-53479	27919216	-67364	27851936	-53395	-67280
ENSMUST00000023165	AGATACGACAGAGCAGAAGTCAGAGCCAATGGAAGTAGAAGAAAAGAAACCTGAAGTAAAAGTGGAAGCTAAAGAGGAAGAAGA	4114836	4108275	6561	4114773	63	4114920	6645	147
ENSMUST00000023165	AGATACGACAGAGCAGAAGTCAGAGCCAATGGAAGTAGAAGAAAAGAAACCTGAAGTAAAAGTGGAAGCTAAAGAGGAAGAAGA	4114836	4128686	-13850	4138744	-23908	4114920	-13766	-23824
ENSMUST00000023165	AGATACGACAGAGCAGAAGTCAGAGCCAATGGAAGTAGAAGAAAAGAAACCTGAAGTAAAAGTGGAAGCTAAAGAGGAAGAAGA	4114836	4155033	-40197	4213138	-98302	4114920	-40113	-98218
ENSMUST00000196398	AACACTAGCTAGGCAATGGGATACTGAGCTAACAGTGGAGGCTTAGAGCATTGTAGACCACCATTTTTCTTTTTTTTTTTTTTT	133467008	133473685	-6677	133480132	-13124	133467092	-6593	-13040
ENSMUST00000196398	AACACTAGCTAGGCAATGGGATACTGAGCTAACAGTGGAGGCTTAGAGCATTGTAGACCACCATTTTTCTTTTTTTTTTTTTTT	133467008	133476635	-9627	133480132	-13124	133467092	-9543	-13040
ENSMUST00000196398	AACACTAGCTAGGCAATGGGATACTGAGCTAACAGTGGAGGCTTAGAGCATTGTAGACCACCATTTTTCTTTTTTTTTTTTTTT	133467008	133480341	-13333	133483238	-16230	133467092	-13249	-16146
ENSMUST00000196398	AACACTAGCTAGGCAATGGGATACTGAGCTAACAGTGGAGGCTTAGAGCATTGTAGACCACCATTTTTCTTTTTTTTTTTTTTT	133467008	133473685	-6677	133480132	-13124	133467092	-6593	-13040
ENSMUST00000196398	AACACTAGCTAGGCAATGGGATACTGAGCTAACAGTGGAGGCTTAGAGCATTGTAGACCACCATTTTTCTTTTTTTTTTTTTTT	133467008	133476635	-9627	133480132	-13124	133467092	-9543	-13040
ENSMUST00000196398	AACACTAGCTAGGCAATGGGATACTGAGCTAACAGTGGAGGCTTAGAGCATTGTAGACCACCATTTTTCTTTTTTTTTTTTTTT	133467008	133480341	-13333	133483238	-16230	133467092	-13249	-16146
ENSMUST00000182660	AAAAACGTATCCCAGTTTACTGTGTTGAGTTGGCATTGTACAGAAATTAACAGCCATATTGGTCTAGAAATGTTGAACTTAATT	162672446	162673656	-1210	162676690	-4244	162672530	-1126	-4160
ENSMUST00000182660	AAAAACGTATCCCAGTTTACTGTGTTGAGTTGGCATTGTACAGAAATTAACAGCCATATTGGTCTAGAAATGTTGAACTTAATT	162672446	162673656	-1210	162675604	-3158	162672530	-1126	-3074
ENSMUST00000182660	AAAAACGTATCCCAGTTTACTGTGTTGAGTTGGCATTGTACAGAAATTAACAGCCATATTGGTCTAGAAATGTTGAACTTAATT	162672446	162673656	-1210	162676690	-4244	162672530	-1126	-4160
ENSMUST00000182660	AAAAACGTATCCCAGTTTACTGTGTTGAGTTGGCATTGTACAGAAATTAACAGCCATATTGGTCTAGAAATGTTGAACTTAATT	162672446	162674151	-1705	162676690	-4244	162672530	-1621	-4160
ENSMUST00000182660	AAAAACGTATCCCAGTTTACTGTGTTGAGTTGGCATTGTACAGAAATTAACAGCCATATTGGTCTAGAAATGTTGAACTTAATT	162672446	162673656	-1210	162677354	-4908	162672530	-1126	-4824
ENSMUST00000182660	AAAAACGTATCCCAGTTTACTGTGTTGAGTTGGCATTGTACAGAAATTAACAGCCATATTGGTCTAGAAATGTTGAACTTAATT	162672446	162684256	-11810	162691140	-18694	162672530	-11726	-18610
ENSMUST00000182660	AAAAACGTATCCCAGTTTACTGTGTTGAGTTGGCATTGTACAGAAATTAACAGCCATATTGGTCTAGAAATGTTGAACTTAATT	162672446	162684256	-11810	162692372	-19926	162672530	-11726	-19842
ENSMUST00000182660	AAAAACGTATCCCAGTTTACTGTGTTGAGTTGGCATTGTACAGAAATTAACAGCCATATTGGTCTAGAAATGTTGAACTTAATT	162672446	162684256	-11810	162692372	-19926	162672530	-11726	-19842
ENSMUST00000182660	AAAAACGTATCCCAGTTTACTGTGTTGAGTTGGCATTGTACAGAAATTAACAGCCATATTGGTCTAGAAATGTTGAACTTAATT	162672446	162688217	-15771	162692372	-19926	162672530	-15687	-19842
ENSMUST00000182660	AAAAACGTATCCCAGTTTACTGTGTTGAGTTGGCATTGTACAGAAATTAACAGCCATATTGGTCTAGAAATGTTGAACTTAATT	162672446	162720606	-48160	162723109	-50663	162672530	-48076	-50579
ENSMUST00000182660	AAAAACGTATCCCAGTTTACTGTGTTGAGTTGGCATTGTACAGAAATTAACAGCCATATTGGTCTAGAAATGTTGAACTTAATT	162672446	162720606	-48160	162723109	-50663	162672530	-48076	-50579
ENSMUST00000113169	TCAAACCTTACACGTGCTGTAGGGACAAATCTGTGCTGACTGTACAAGTTTTACTTCTCTCATCTTCAAAATATTTAATGGTTTT	112719399	112723201	-3802	112729648	-10249	112719484	-3717	-10164
ENSMUST00000113169	TCAAACCTTACACGTGCTGTAGGGACAAATCTGTGCTGACTGTACAAGTTTTACTTCTCTCATCTTCAAAATATTTAATGGTTTT	112719399	112731509	-12110	112738882	-19483	112719484	-12025	-19398
ENSMUST00000113169	TCAAACCTTACACGTGCTGTAGGGACAAATCTGTGCTGACTGTACAAGTTTTACTTCTCTCATCTTCAAAATATTTAATGGTTTT	112719399	112735913	-16514	112739318	-19919	112719484	-16429	-19834
ENSMUST00000113169	TCAAACCTTACACGTGCTGTAGGGACAAATCTGTGCTGACTGTACAAGTTTTACTTCTCTCATCTTCAAAATATTTAATGGTTTT	112719399	112735913	-16514	112741360	-21961	112719484	-16429	-21876
ENSMUST00000113169	TCAAACCTTACACGTGCTGTAGGGACAAATCTGTGCTGACTGTACAAGTTTTACTTCTCTCATCTTCAAAATATTTAATGGTTTT	112719399	112749422	-30023	112754570	-35171	112719484	-29938	-35086
ENSMUST00000113169	TCAAACCTTACACGTGCTGTAGGGACAAATCTGTGCTGACTGTACAAGTTTTACTTCTCTCATCTTCAAAATATTTAATGGTTTT	112719399	112749422	-30023	112757153	-37754	112719484	-29938	-37669
ENSMUST00000113169	TCAAACCTTACACGTGCTGTAGGGACAAATCTGTGCTGACTGTACAAGTTTTACTTCTCTCATCTTCAAAATATTTAATGGTTTT	112719399	112749422	-30023	112759748	-40349	112719484	-29938	-40264
ENSMUST00000113169	TCAAACCTTACACGTGCTGTAGGGACAAATCTGTGCTGACTGTACAAGTTTTACTTCTCTCATCTTCAAAATATTTAATGGTTTT	112719399	112749422	-30023	112757153	-37754	112719484	-29938	-37669
ENSMUST00000113169	TCAAACCTTACACGTGCTGTAGGGACAAATCTGTGCTGACTGTACAAGTTTTACTTCTCTCATCTTCAAAATATTTAATGGTTTT	112719399	112749422	-30023	112759748	-40349	112719484	-29938	-40264
ENSMUST00000113169	TCAAACCTTACACGTGCTGTAGGGACAAATCTGTGCTGACTGTACAAGTTTTACTTCTCTCATCTTCAAAATATTTAATGGTTTT	112719399	112750411	-31012	112757153	-37754	112719484	-30927	-37669
ENSMUST00000113169	TCAAACCTTACACGTGCTGTAGGGACAAATCTGTGCTGACTGTACAAGTTTTACTTCTCTCATCTTCAAAATATTTAATGGTTTT	112719399	112750411	-31012	112759748	-40349	112719484	-30927	-40264
ENSMUST00000113169	TCAAACCTTACACGTGCTGTAGGGACAAATCTGTGCTGACTGTACAAGTTTTACTTCTCTCATCTTCAAAATATTTAATGGTTTT	112719399	112749422	-30023	112759748	-40349	112719484	-29938	-40264
ENSMUST00000113169	TCAAACCTTACACGTGCTGTAGGGACAAATCTGTGCTGACTGTACAAGTTTTACTTCTCTCATCTTCAAAATATTTAATGGTTTT	112719399	112750411	-31012	112759748	-40349	112719484	-30927	-40264
ENSMUST00000113169	TCAAACCTTACACGTGCTGTAGGGACAAATCTGTGCTGACTGTACAAGTTTTACTTCTCTCATCTTCAAAATATTTAATGGTTTT	112719399	112754673	-35274	112759748	-40349	112719484	-35189	-40264
ENSMUST00000113169	TCAAACCTTACACGTGCTGTAGGGACAAATCTGTGCTGACTGTACAAGTTTTACTTCTCTCATCTTCAAAATATTTAATGGTTTT	112719399	112777148	-57749	112795772	-76373	112719484	-57664	-76288
ENSMUST00000113169	TCAAACCTTACACGTGCTGTAGGGACAAATCTGTGCTGACTGTACAAGTTTTACTTCTCTCATCTTCAAAATATTTAATGGTTTT	112719399	112795835	-76436	112946429	-227030	112719484	-76351	-226945
ENSMUST00000113169	TCAAACCTTACACGTGCTGTAGGGACAAATCTGTGCTGACTGTACAAGTTTTACTTCTCTCATCTTCAAAATATTTAATGGTTTT	112719399	112816753	-97354	112946429	-227030	112719484	-97269	-226945
ENSMUST00000111398	TGCTGACTCCCGAGACTGAGGAAGGAGCCCCTGAGTCTGCCTGCGCGTCCATCCGTCCGTCCGTCCACTCATCTGTCCATCCAGA	125017452	125018990	-1538	125022870	-5418	125017537	-1453	-5333
ENSMUST00000111398	TGCTGACTCCCGAGACTGAGGAAGGAGCCCCTGAGTCTGCCTGCGCGTCCATCCGTCCGTCCGTCCACTCATCTGTCCATCCAGA	125017452	125018990	-1538	125023500	-6048	125017537	-1453	-5963
ENSMUST00000111398	TGCTGACTCCCGAGACTGAGGAAGGAGCCCCTGAGTCTGCCTGCGCGTCCATCCGTCCGTCCGTCCACTCATCTGTCCATCCAGA	125017452	125018990	-1538	125022870	-5418	125017537	-1453	-5333
ENSMUST00000111398	TGCTGACTCCCGAGACTGAGGAAGGAGCCCCTGAGTCTGCCTGCGCGTCCATCCGTCCGTCCGTCCACTCATCTGTCCATCCAGA	125017452	125018990	-1538	125023500	-6048	125017537	-1453	-5963
ENSMUST00000111398	TGCTGACTCCCGAGACTGAGGAAGGAGCCCCTGAGTCTGCCTGCGCGTCCATCCGTCCGTCCGTCCACTCATCTGTCCATCCAGA	125017452	125018990	-1538	125023500	-6048	125017537	-1453	-5963
ENSMUST00000111398	TGCTGACTCCCGAGACTGAGGAAGGAGCCCCTGAGTCTGCCTGCGCGTCCATCCGTCCGTCCGTCCACTCATCTGTCCATCCAGA	125017452	125020046	-2594	125023500	-6048	125017537	-2509	-5963
ENSMUST00000111398	TGCTGACTCCCGAGACTGAGGAAGGAGCCCCTGAGTCTGCCTGCGCGTCCATCCGTCCGTCCGTCCACTCATCTGTCCATCCAGA	125017452	125025563	-8111	125026801	-9349	125017537	-8026	-9264
ENSMUST00000111398	TGCTGACTCCCGAGACTGAGGAAGGAGCCCCTGAGTCTGCCTGCGCGTCCATCCGTCCGTCCGTCCACTCATCTGTCCATCCAGA	125017452	125036918	-19466	125037273	-19821	125017537	-19381	-19736
ENSMUST00000111398	TGCTGACTCCCGAGACTGAGGAAGGAGCCCCTGAGTCTGCCTGCGCGTCCATCCGTCCGTCCGTCCACTCATCTGTCCATCCAGA	125017452	125048534	-31082	125050910	-33458	125017537	-30997	-33373
ENSMUST00000111398	TGCTGACTCCCGAGACTGAGGAAGGAGCCCCTGAGTCTGCCTGCGCGTCCATCCGTCCGTCCGTCCACTCATCTGTCCATCCAGA	125017452	125119609	-102157	125153606	-136154	125017537	-102072	-136069
ENSMUST00000111398	TGCTGACTCCCGAGACTGAGGAAGGAGCCCCTGAGTCTGCCTGCGCGTCCATCCGTCCGTCCGTCCACTCATCTGTCCATCCAGA	125017452	125124980	-107528	125178996	-161544	125017537	-107443	-161459
ENSMUST00000027768	GGATTTTGGCTGCTAGATCATAATGACTATGAGAATGGTTTAGACCTTCTGTTTCACCCAGTTACTGCAAAGCCTGCATCGTGGC	179776141	179747256	28885	179752310	23831	179775404	28148	23094
ENSMUST00000027768	GGATTTTGGCTGCTAGATCATAATGACTATGAGAATGGTTTAGACCTTCTGTTTCACCCAGTTACTGCAAAGCCTGCATCGTGGC	179776141	179754072	22069	179755448	20693	179775404	21332	19956
ENSMUST00000027768	GGATTTTGGCTGCTAGATCATAATGACTATGAGAATGGTTTAGACCTTCTGTTTCACCCAGTTACTGCAAAGCCTGCATCGTGGC	179776141	179766070	10071	179768988	7153	179775404	9334	6416
ENSMUST00000027768	GGATTTTGGCTGCTAGATCATAATGACTATGAGAATGGTTTAGACCTTCTGTTTCACCCAGTTACTGCAAAGCCTGCATCGTGGC	179776141	179769459	6682	179770798	5343	179775404	5945	4606
ENSMUST00000027768	GGATTTTGGCTGCTAGATCATAATGACTATGAGAATGGTTTAGACCTTCTGTTTCACCCAGTTACTGCAAAGCCTGCATCGTGGC	179776141	179785136	-8995	179786694	-10553	179775404	-9732	-11290
ENSMUST00000211737	AACCTTCCAACTGCTTGCAAGCTTCTGTTACTAGTGTATGATTGTCCTTCTGCCTCAGATCTTCTGTCTCATCCGATACAGCAAC	47186115	47186572	-457	47191838	-5723	47186200	-372	-5638
ENSMUST00000211737	AACCTTCCAACTGCTTGCAAGCTTCTGTTACTAGTGTATGATTGTCCTTCTGCCTCAGATCTTCTGTCTCATCCGATACAGCAAC	47186115	47194104	-7989	47287879	-101764	47186200	-7904	-101679
ENSMUST00000211737	AACCTTCCAACTGCTTGCAAGCTTCTGTTACTAGTGTATGATTGTCCTTCTGCCTCAGATCTTCTGTCTCATCCGATACAGCAAC	47186115	47186572	-457	47191838	-5723	47186200	-372	-5638
ENSMUST00000211737	AACCTTCCAACTGCTTGCAAGCTTCTGTTACTAGTGTATGATTGTCCTTCTGCCTCAGATCTTCTGTCTCATCCGATACAGCAAC	47186115	47194104	-7989	47287879	-101764	47186200	-7904	-101679
ENSMUST00000020027	CAGCAGTCTGGGTGAAAATCTCTTCCAGTTGGATTGGCCTTGTGCTGTACGTGTGGACACTAGTGGCACCACTTGTTCTTACAAA	57515817	57519593	-3776	57522955	-7138	57515902	-3691	-7053
ENSMUST00000020027	CAGCAGTCTGGGTGAAAATCTCTTCCAGTTGGATTGGCCTTGTGCTGTACGTGTGGACACTAGTGGCACCACTTGTTCTTACAAA	57515817	57524098	-8281	57525324	-9507	57515902	-8196	-9422
ENSMUST00000020027	CAGCAGTCTGGGTGAAAATCTCTTCCAGTTGGATTGGCCTTGTGCTGTACGTGTGGACACTAGTGGCACCACTTGTTCTTACAAA	57515817	57525494	-9677	57532356	-16539	57515902	-9592	-16454
ENSMUST00000088614	AAGTAGACTGTAAAGAGAGACTATCTTGCATTATGACTGTATGAATTTCTAAGTGCTGTTTGATTGGGTTTTGTTACAGGATGTA	90934310	90934543	-233	90937160	-2850	90934395	-148	-2765
ENSMUST00000088614	AAGTAGACTGTAAAGAGAGACTATCTTGCATTATGACTGTATGAATTTCTAAGTGCTGTTTGATTGGGTTTTGTTACAGGATGTA	90934310	90943901	-9591	90949005	-14695	90934395	-9506	-14610
ENSMUST00000088614	AAGTAGACTGTAAAGAGAGACTATCTTGCATTATGACTGTATGAATTTCTAAGTGCTGTTTGATTGGGTTTTGTTACAGGATGTA	90934310	90943901	-9591	90951245	-16935	90934395	-9506	-16850
ENSMUST00000088614	AAGTAGACTGTAAAGAGAGACTATCTTGCATTATGACTGTATGAATTTCTAAGTGCTGTTTGATTGGGTTTTGTTACAGGATGTA	90934310	90943901	-9591	90952710	-18400	90934395	-9506	-18315
ENSMUST00000088614	AAGTAGACTGTAAAGAGAGACTATCTTGCATTATGACTGTATGAATTTCTAAGTGCTGTTTGATTGGGTTTTGTTACAGGATGTA	90934310	90943901	-9591	90956294	-21984	90934395	-9506	-21899
ENSMUST00000088614	AAGTAGACTGTAAAGAGAGACTATCTTGCATTATGACTGTATGAATTTCTAAGTGCTGTTTGATTGGGTTTTGTTACAGGATGTA	90934310	90943901	-9591	90952710	-18400	90934395	-9506	-18315
ENSMUST00000088614	AAGTAGACTGTAAAGAGAGACTATCTTGCATTATGACTGTATGAATTTCTAAGTGCTGTTTGATTGGGTTTTGTTACAGGATGTA	90934310	90943901	-9591	90956294	-21984	90934395	-9506	-21899
ENSMUST00000088614	AAGTAGACTGTAAAGAGAGACTATCTTGCATTATGACTGTATGAATTTCTAAGTGCTGTTTGATTGGGTTTTGTTACAGGATGTA	90934310	90949044	-14734	90952710	-18400	90934395	-14649	-18315
ENSMUST00000088614	AAGTAGACTGTAAAGAGAGACTATCTTGCATTATGACTGTATGAATTTCTAAGTGCTGTTTGATTGGGTTTTGTTACAGGATGTA	90934310	90949044	-14734	90956294	-21984	90934395	-14649	-21899
ENSMUST00000088614	AAGTAGACTGTAAAGAGAGACTATCTTGCATTATGACTGTATGAATTTCTAAGTGCTGTTTGATTGGGTTTTGTTACAGGATGTA	90934310	90943901	-9591	90956294	-21984	90934395	-9506	-21899
ENSMUST00000088614	AAGTAGACTGTAAAGAGAGACTATCTTGCATTATGACTGTATGAATTTCTAAGTGCTGTTTGATTGGGTTTTGTTACAGGATGTA	90934310	90949044	-14734	90956294	-21984	90934395	-14649	-21899
ENSMUST00000088614	AAGTAGACTGTAAAGAGAGACTATCTTGCATTATGACTGTATGAATTTCTAAGTGCTGTTTGATTGGGTTTTGTTACAGGATGTA	90934310	90951374	-17064	90956294	-21984	90934395	-16979	-21899
ENSMUST00000088614	AAGTAGACTGTAAAGAGAGACTATCTTGCATTATGACTGTATGAATTTCTAAGTGCTGTTTGATTGGGTTTTGTTACAGGATGTA	90934310	90943901	-9591	90959076	-24766	90934395	-9506	-24681
ENSMUST00000088614	AAGTAGACTGTAAAGAGAGACTATCTTGCATTATGACTGTATGAATTTCTAAGTGCTGTTTGATTGGGTTTTGTTACAGGATGTA	90934310	90959748	-25438	90965466	-31156	90934395	-25353	-31071
ENSMUST00000088614	AAGTAGACTGTAAAGAGAGACTATCTTGCATTATGACTGTATGAATTTCTAAGTGCTGTTTGATTGGGTTTTGTTACAGGATGTA	90934310	90972715	-38405	90980794	-46484	90934395	-38320	-46399
ENSMUST00000088614	AAGTAGACTGTAAAGAGAGACTATCTTGCATTATGACTGTATGAATTTCTAAGTGCTGTTTGATTGGGTTTTGTTACAGGATGTA	90934310	90994475	-60165	90997542	-63232	90934395	-60080	-63147
ENSMUST00000032216	TTGACCCAGCCTCTCATTTCCATCTCTCCAGACACTGCTCCTTCACCCTCACTGCCACCGGTCCAGCTCCTGACCCGCCTCATCTG	124913865	124914232	-367	124914634	-769	124913951	-281	-683
ENSMUST00000032216	TTGACCCAGCCTCTCATTTCCATCTCTCCAGACACTGCTCCTTCACCCTCACTGCCACCGGTCCAGCTCCTGACCCGCCTCATCTG	124913865	124914232	-367	124914634	-769	124913951	-281	-683
ENSMUST00000002412	CTCTGTCAACTGAGCTCCAAGCACTCTGTCAACTGAGCTCCAAGCACTCTTATCTGTGCTTCGAACGCTACCAACTTAGTTCGATT	70095816	70097631	-1815	70100232	-4416	70095902	-1729	-4330
ENSMUST00000002412	CTCTGTCAACTGAGCTCCAAGCACTCTGTCAACTGAGCTCCAAGCACTCTTATCTGTGCTTCGAACGCTACCAACTTAGTTCGATT	70095816	70102059	-6243	70103943	-8127	70095902	-6157	-8041
ENSMUST00000002412	CTCTGTCAACTGAGCTCCAAGCACTCTGTCAACTGAGCTCCAAGCACTCTTATCTGTGCTTCGAACGCTACCAACTTAGTTCGATT	70095816	70115387	-19571	70120727	-24911	70095902	-19485	-24825
ENSMUST00000002412	CTCTGTCAACTGAGCTCCAAGCACTCTGTCAACTGAGCTCCAAGCACTCTTATCTGTGCTTCGAACGCTACCAACTTAGTTCGATT	70095816	70097631	-1815	70100232	-4416	70095902	-1729	-4330
ENSMUST00000002412	CTCTGTCAACTGAGCTCCAAGCACTCTGTCAACTGAGCTCCAAGCACTCTTATCTGTGCTTCGAACGCTACCAACTTAGTTCGATT	70095816	70102059	-6243	70103943	-8127	70095902	-6157	-8041
ENSMUST00000002412	CTCTGTCAACTGAGCTCCAAGCACTCTGTCAACTGAGCTCCAAGCACTCTTATCTGTGCTTCGAACGCTACCAACTTAGTTCGATT	70095816	70115387	-19571	70120727	-24911	70095902	-19485	-24825
ENSMUST00000002412	CTCTGTCAACTGAGCTCCAAGCACTCTGTCAACTGAGCTCCAAGCACTCTTATCTGTGCTTCGAACGCTACCAACTTAGTTCGATT	70095816	70097631	-1815	70100232	-4416	70095902	-1729	-4330
ENSMUST00000002412	CTCTGTCAACTGAGCTCCAAGCACTCTGTCAACTGAGCTCCAAGCACTCTTATCTGTGCTTCGAACGCTACCAACTTAGTTCGATT	70095816	70102059	-6243	70103943	-8127	70095902	-6157	-8041
ENSMUST00000002412	CTCTGTCAACTGAGCTCCAAGCACTCTGTCAACTGAGCTCCAAGCACTCTTATCTGTGCTTCGAACGCTACCAACTTAGTTCGATT	70095816	70115387	-19571	70120727	-24911	70095902	-19485	-24825
ENSMUST00000202406	CAGCGACCTGGCTAAAAAGTCCCTGGATATCTCGGTGTGGGACTACGACATTGGCAAGTCTAATGATTACATCGGAGGCTGCCAGC	120943061	120942298	763	120945387	-2326	120940532	-1766	-4855
ENSMUST00000202406	CAGCGACCTGGCTAAAAAGTCCCTGGATATCTCGGTGTGGGACTACGACATTGGCAAGTCTAATGATTACATCGGAGGCTGCCAGC	120943061	120948848	-5787	120952061	-9000	120940532	-8316	-11529
ENSMUST00000202406	CAGCGACCTGGCTAAAAAGTCCCTGGATATCTCGGTGTGGGACTACGACATTGGCAAGTCTAATGATTACATCGGAGGCTGCCAGC	120943061	120959411	-16350	120961225	-18164	120940532	-18879	-20693
ENSMUST00000202406	CAGCGACCTGGCTAAAAAGTCCCTGGATATCTCGGTGTGGGACTACGACATTGGCAAGTCTAATGATTACATCGGAGGCTGCCAGC	120943061	120973444	-30383	120986436	-43375	120940532	-32912	-45904
ENSMUST00000202406	CAGCGACCTGGCTAAAAAGTCCCTGGATATCTCGGTGTGGGACTACGACATTGGCAAGTCTAATGATTACATCGGAGGCTGCCAGC	120943061	120973444	-30383	121008312	-65251	120940532	-32912	-67780
ENSMUST00000202406	CAGCGACCTGGCTAAAAAGTCCCTGGATATCTCGGTGTGGGACTACGACATTGGCAAGTCTAATGATTACATCGGAGGCTGCCAGC	120943061	120973444	-30383	121008983	-65922	120940532	-32912	-68451
ENSMUST00000202406	CAGCGACCTGGCTAAAAAGTCCCTGGATATCTCGGTGTGGGACTACGACATTGGCAAGTCTAATGATTACATCGGAGGCTGCCAGC	120943061	120986513	-43452	121009833	-66772	120940532	-45981	-69301
ENSMUST00000202406	CAGCGACCTGGCTAAAAAGTCCCTGGATATCTCGGTGTGGGACTACGACATTGGCAAGTCTAATGATTACATCGGAGGCTGCCAGC	120943061	121009099	-66038	121009833	-66772	120940532	-68567	-69301
ENSMUST00000028926	GTTGATGCTCCCTGCTACTTTATATGCTGATACAGTACTGTAGACATGACCTTGCTCCCTGGGTCCCCTTTGCTGAGAGACTTTTA	148695157	148697506	-2349	148698930	-3773	148695243	-2263	-3687
ENSMUST00000028926	GTTGATGCTCCCTGCTACTTTATATGCTGATACAGTACTGTAGACATGACCTTGCTCCCTGGGTCCCCTTTGCTGAGAGACTTTTA	148695157	148698999	-3842	148703060	-7903	148695243	-3756	-7817
ENSMUST00000028926	GTTGATGCTCCCTGCTACTTTATATGCTGATACAGTACTGTAGACATGACCTTGCTCCCTGGGTCCCCTTTGCTGAGAGACTTTTA	148695157	148707023	-11866	148709316	-14159	148695243	-11780	-14073
ENSMUST00000028926	GTTGATGCTCCCTGCTACTTTATATGCTGATACAGTACTGTAGACATGACCTTGCTCCCTGGGTCCCCTTTGCTGAGAGACTTTTA	148695157	148697506	-2349	148698930	-3773	148695243	-2263	-3687
ENSMUST00000028926	GTTGATGCTCCCTGCTACTTTATATGCTGATACAGTACTGTAGACATGACCTTGCTCCCTGGGTCCCCTTTGCTGAGAGACTTTTA	148695157	148698999	-3842	148703060	-7903	148695243	-3756	-7817
ENSMUST00000028926	GTTGATGCTCCCTGCTACTTTATATGCTGATACAGTACTGTAGACATGACCTTGCTCCCTGGGTCCCCTTTGCTGAGAGACTTTTA	148695157	148707023	-11866	148709316	-14159	148695243	-11780	-14073
ENSMUST00000172298	GTGCAGTGCTGTCAGAACATCTAAGGCGTCTCTTCCCCTAGAAGGCTGTGTATAGTCCATTTCCCAGGTCTGAGATTTAAATATATT	64715419	64716988	-1569	64726623	-11204	64715506	-1482	-11117
ENSMUST00000172298	GTGCAGTGCTGTCAGAACATCTAAGGCGTCTCTTCCCCTAGAAGGCTGTGTATAGTCCATTTCCCAGGTCTGAGATTTAAATATATT	64715419	64716988	-1569	64726623	-11204	64715506	-1482	-11117
ENSMUST00000172298	GTGCAGTGCTGTCAGAACATCTAAGGCGTCTCTTCCCCTAGAAGGCTGTGTATAGTCCATTTCCCAGGTCTGAGATTTAAATATATT	64715419	64725582	-10163	64737583	-22164	64715506	-10076	-22077
ENSMUST00000172298	GTGCAGTGCTGTCAGAACATCTAAGGCGTCTCTTCCCCTAGAAGGCTGTGTATAGTCCATTTCCCAGGTCTGAGATTTAAATATATT	64715419	64726817	-11398	64737583	-22164	64715506	-11311	-22077
ENSMUST00000172298	GTGCAGTGCTGTCAGAACATCTAAGGCGTCTCTTCCCCTAGAAGGCTGTGTATAGTCCATTTCCCAGGTCTGAGATTTAAATATATT	64715419	64716988	-1569	64726623	-11204	64715506	-1482	-11117
ENSMUST00000172298	GTGCAGTGCTGTCAGAACATCTAAGGCGTCTCTTCCCCTAGAAGGCTGTGTATAGTCCATTTCCCAGGTCTGAGATTTAAATATATT	64715419	64716988	-1569	64726623	-11204	64715506	-1482	-11117
ENSMUST00000172298	GTGCAGTGCTGTCAGAACATCTAAGGCGTCTCTTCCCCTAGAAGGCTGTGTATAGTCCATTTCCCAGGTCTGAGATTTAAATATATT	64715419	64725582	-10163	64737583	-22164	64715506	-10076	-22077
ENSMUST00000172298	GTGCAGTGCTGTCAGAACATCTAAGGCGTCTCTTCCCCTAGAAGGCTGTGTATAGTCCATTTCCCAGGTCTGAGATTTAAATATATT	64715419	64726817	-11398	64737583	-22164	64715506	-11311	-22077
ENSMUST00000151937	GCCAAAGCCTGTTTCCTCCGAGACATTCCCTTCTCCGCAATCTATTTTCCCGTGTACGCTCACTGCAAACTCCTCCTGGCTGATGAG	71279533	71276522	3011	71279515	18	71279620	3098	105
ENSMUST00000151937	GCCAAAGCCTGTTTCCTCCGAGACATTCCCTTCTCCGCAATCTATTTTCCCGTGTACGCTCACTGCAAACTCCTCCTGGCTGATGAG	71279533	71293440	-13907	71296664	-17131	71279620	-13820	-17044
ENSMUST00000151937	GCCAAAGCCTGTTTCCTCCGAGACATTCCCTTCTCCGCAATCTATTTTCCCGTGTACGCTCACTGCAAACTCCTCCTGGCTGATGAG	71279533	71324115	-44582	71343889	-64356	71279620	-44495	-64269
ENSMUST00000151937	GCCAAAGCCTGTTTCCTCCGAGACATTCCCTTCTCCGCAATCTATTTTCCCGTGTACGCTCACTGCAAACTCCTCCTGGCTGATGAG	71279533	71333720	-54187	71366526	-86993	71279620	-54100	-86906
ENSMUST00000039327	AAGAAGTCTGCTACTACATGCTCTTTGCCCTAGCCGCCTATGGCTGGCCCATGTACCTGATGAGGAAGCCCACCTGTGGTCTCTGCC	10260678	10252238	8440	10253716	6962	10260765	8527	7049
ENSMUST00000039327	AAGAAGTCTGCTACTACATGCTCTTTGCCCTAGCCGCCTATGGCTGGCCCATGTACCTGATGAGGAAGCCCACCTGTGGTCTCTGCC	10260678	10256201	4477	10256817	3861	10260765	4564	3948
ENSMUST00000039327	AAGAAGTCTGCTACTACATGCTCTTTGCCCTAGCCGCCTATGGCTGGCCCATGTACCTGATGAGGAAGCCCACCTGTGGTCTCTGCC	10260678	10265095	-4417	10270987	-10309	10260765	-4330	-10222
ENSMUST00000039327	AAGAAGTCTGCTACTACATGCTCTTTGCCCTAGCCGCCTATGGCTGGCCCATGTACCTGATGAGGAAGCCCACCTGTGGTCTCTGCC	10260678	10269325	-8647	10270987	-10309	10260765	-8560	-10222
ENSMUST00000039327	AAGAAGTCTGCTACTACATGCTCTTTGCCCTAGCCGCCTATGGCTGGCCCATGTACCTGATGAGGAAGCCCACCTGTGGTCTCTGCC	10260678	10269325	-8647	10271010	-10332	10260765	-8560	-10245
ENSMUST00000048716	TGTATAGCATCCCACTCTCTGGCTGTAATATAACGATGCCTGACCCTGAGGAGGGGCTGGAGGCAGGATGTGCCTGGAAGCTACATC	49263140	49273772	-10632	49275609	-12469	49263227	-10545	-12382
ENSMUST00000048716	TGTATAGCATCCCACTCTCTGGCTGTAATATAACGATGCCTGACCCTGAGGAGGGGCTGGAGGCAGGATGTGCCTGGAAGCTACATC	49263140	49281275	-18135	49285693	-22553	49263227	-18048	-22466
ENSMUST00000048716	TGTATAGCATCCCACTCTCTGGCTGTAATATAACGATGCCTGACCCTGAGGAGGGGCTGGAGGCAGGATGTGCCTGGAAGCTACATC	49263140	49296821	-33681	49316382	-53242	49263227	-33594	-53155
ENSMUST00000048716	TGTATAGCATCCCACTCTCTGGCTGTAATATAACGATGCCTGACCCTGAGGAGGGGCTGGAGGCAGGATGTGCCTGGAAGCTACATC	49263140	49273772	-10632	49275609	-12469	49263227	-10545	-12382
ENSMUST00000048716	TGTATAGCATCCCACTCTCTGGCTGTAATATAACGATGCCTGACCCTGAGGAGGGGCTGGAGGCAGGATGTGCCTGGAAGCTACATC	49263140	49281275	-18135	49285693	-22553	49263227	-18048	-22466
ENSMUST00000048716	TGTATAGCATCCCACTCTCTGGCTGTAATATAACGATGCCTGACCCTGAGGAGGGGCTGGAGGCAGGATGTGCCTGGAAGCTACATC	49263140	49296821	-33681	49316382	-53242	49263227	-33594	-53155
ENSMUST00000212510	AAGGTCGTGCCCCTGAACAACGGCCAGCTCCAAATGCAGCCCCCGTGGATCCTACATTGCGTACAAAACAGCCTATTCCAGCTGCTT	143671389	143608557	62832	143615302	56087	143670038	61481	54736
ENSMUST00000212510	AAGGTCGTGCCCCTGAACAACGGCCAGCTCCAAATGCAGCCCCCGTGGATCCTACATTGCGTACAAAACAGCCTATTCCAGCTGCTT	143671389	143609511	61878	143617278	54111	143670038	60527	52760
ENSMUST00000212510	AAGGTCGTGCCCCTGAACAACGGCCAGCTCCAAATGCAGCCCCCGTGGATCCTACATTGCGTACAAAACAGCCTATTCCAGCTGCTT	143671389	143627881	43508	143667624	3765	143670038	42157	2414
ENSMUST00000212510	AAGGTCGTGCCCCTGAACAACGGCCAGCTCCAAATGCAGCCCCCGTGGATCCTACATTGCGTACAAAACAGCCTATTCCAGCTGCTT	143671389	143670068	1321	143677638	-6249	143670038	-30	-7600
ENSMUST00000212510	AAGGTCGTGCCCCTGAACAACGGCCAGCTCCAAATGCAGCCCCCGTGGATCCTACATTGCGTACAAAACAGCCTATTCCAGCTGCTT	143671389	143677855	-6466	143691274	-19885	143670038	-7817	-21236
ENSMUST00000212510	AAGGTCGTGCCCCTGAACAACGGCCAGCTCCAAATGCAGCCCCCGTGGATCCTACATTGCGTACAAAACAGCCTATTCCAGCTGCTT	143671389	143608557	62832	143615302	56087	143670038	61481	54736
ENSMUST00000212510	AAGGTCGTGCCCCTGAACAACGGCCAGCTCCAAATGCAGCCCCCGTGGATCCTACATTGCGTACAAAACAGCCTATTCCAGCTGCTT	143671389	143609511	61878	143617278	54111	143670038	60527	52760
ENSMUST00000212510	AAGGTCGTGCCCCTGAACAACGGCCAGCTCCAAATGCAGCCCCCGTGGATCCTACATTGCGTACAAAACAGCCTATTCCAGCTGCTT	143671389	143627881	43508	143667624	3765	143670038	42157	2414
ENSMUST00000212510	AAGGTCGTGCCCCTGAACAACGGCCAGCTCCAAATGCAGCCCCCGTGGATCCTACATTGCGTACAAAACAGCCTATTCCAGCTGCTT	143671389	143670068	1321	143677638	-6249	143670038	-30	-7600
ENSMUST00000212510	AAGGTCGTGCCCCTGAACAACGGCCAGCTCCAAATGCAGCCCCCGTGGATCCTACATTGCGTACAAAACAGCCTATTCCAGCTGCTT	143671389	143677855	-6466	143691274	-19885	143670038	-7817	-21236
ENSMUST00000026494	GACATGTCGCTATTACTGAACTCGCACCAAATATTTCTCATTGAGTTTCTTGTTTTGGTGCCTGACCGAACCAACCAACCAACCAACC	77456721	77466772	-10051	77468240	-11519	77456809	-9963	-11431
ENSMUST00000026494	GACATGTCGCTATTACTGAACTCGCACCAAATATTTCTCATTGAGTTTCTTGTTTTGGTGCCTGACCGAACCAACCAACCAACCAACC	77456721	77468370	-11649	77484148	-27427	77456809	-11561	-27339
ENSMUST00000026494	GACATGTCGCTATTACTGAACTCGCACCAAATATTTCTCATTGAGTTTCTTGTTTTGGTGCCTGACCGAACCAACCAACCAACCAACC	77456721	77468370	-11649	77565041	-108320	77456809	-11561	-108232
ENSMUST00000026494	GACATGTCGCTATTACTGAACTCGCACCAAATATTTCTCATTGAGTTTCTTGTTTTGGTGCCTGACCGAACCAACCAACCAACCAACC	77456721	77468370	-11649	77565041	-108320	77456809	-11561	-108232
ENSMUST00000026494	GACATGTCGCTATTACTGAACTCGCACCAAATATTTCTCATTGAGTTTCTTGTTTTGGTGCCTGACCGAACCAACCAACCAACCAACC	77456721	77475584	-18863	77565041	-108320	77456809	-18775	-108232
ENSMUST00000026494	GACATGTCGCTATTACTGAACTCGCACCAAATATTTCTCATTGAGTTTCTTGTTTTGGTGCCTGACCGAACCAACCAACCAACCAACC	77456721	77466772	-10051	77468240	-11519	77456809	-9963	-11431
ENSMUST00000026494	GACATGTCGCTATTACTGAACTCGCACCAAATATTTCTCATTGAGTTTCTTGTTTTGGTGCCTGACCGAACCAACCAACCAACCAACC	77456721	77468370	-11649	77484148	-27427	77456809	-11561	-27339
ENSMUST00000026494	GACATGTCGCTATTACTGAACTCGCACCAAATATTTCTCATTGAGTTTCTTGTTTTGGTGCCTGACCGAACCAACCAACCAACCAACC	77456721	77468370	-11649	77565041	-108320	77456809	-11561	-108232
ENSMUST00000026494	GACATGTCGCTATTACTGAACTCGCACCAAATATTTCTCATTGAGTTTCTTGTTTTGGTGCCTGACCGAACCAACCAACCAACCAACC	77456721	77468370	-11649	77565041	-108320	77456809	-11561	-108232
ENSMUST00000026494	GACATGTCGCTATTACTGAACTCGCACCAAATATTTCTCATTGAGTTTCTTGTTTTGGTGCCTGACCGAACCAACCAACCAACCAACC	77456721	77475584	-18863	77565041	-108320	77456809	-18775	-108232
ENSMUST00000117509	AAGGCCAAAAACTATGCAGATCAGATTTCCCGACTGGAGGAACGAGAATCGGAGATGAAGAAGGAATACAATGCCCTGCACCAGCGGC	24927926	24893398	34528	24894130	33796	24924212	30814	30082
ENSMUST00000117509	AAGGCCAAAAACTATGCAGATCAGATTTCCCGACTGGAGGAACGAGAATCGGAGATGAAGAAGGAATACAATGCCCTGCACCAGCGGC	24927926	24897319	30607	24899144	28782	24924212	26893	25068
ENSMUST00000117509	AAGGCCAAAAACTATGCAGATCAGATTTCCCGACTGGAGGAACGAGAATCGGAGATGAAGAAGGAATACAATGCCCTGCACCAGCGGC	24927926	24900855	27071	24901105	26821	24924212	23357	23107
ENSMUST00000117509	AAGGCCAAAAACTATGCAGATCAGATTTCCCGACTGGAGGAACGAGAATCGGAGATGAAGAAGGAATACAATGCCCTGCACCAGCGGC	24927926	24901019	26907	24901339	26587	24924212	23193	22873
ENSMUST00000117509	AAGGCCAAAAACTATGCAGATCAGATTTCCCGACTGGAGGAACGAGAATCGGAGATGAAGAAGGAATACAATGCCCTGCACCAGCGGC	24927926	24901787	26139	24903003	24923	24924212	22425	21209
ENSMUST00000117509	AAGGCCAAAAACTATGCAGATCAGATTTCCCGACTGGAGGAACGAGAATCGGAGATGAAGAAGGAATACAATGCCCTGCACCAGCGGC	24927926	24903384	24542	24904648	23278	24924212	20828	19564
ENSMUST00000117509	AAGGCCAAAAACTATGCAGATCAGATTTCCCGACTGGAGGAACGAGAATCGGAGATGAAGAAGGAATACAATGCCCTGCACCAGCGGC	24927926	24904051	23875	24904906	23020	24924212	20161	19306
ENSMUST00000117509	AAGGCCAAAAACTATGCAGATCAGATTTCCCGACTGGAGGAACGAGAATCGGAGATGAAGAAGGAATACAATGCCCTGCACCAGCGGC	24927926	24907386	20540	24909149	18777	24924212	16826	15063
ENSMUST00000117509	AAGGCCAAAAACTATGCAGATCAGATTTCCCGACTGGAGGAACGAGAATCGGAGATGAAGAAGGAATACAATGCCCTGCACCAGCGGC	24927926	24907386	20540	24912747	15179	24924212	16826	11465
ENSMUST00000117509	AAGGCCAAAAACTATGCAGATCAGATTTCCCGACTGGAGGAACGAGAATCGGAGATGAAGAAGGAATACAATGCCCTGCACCAGCGGC	24927926	24907386	20540	24912747	15179	24924212	16826	11465
ENSMUST00000117509	AAGGCCAAAAACTATGCAGATCAGATTTCCCGACTGGAGGAACGAGAATCGGAGATGAAGAAGGAATACAATGCCCTGCACCAGCGGC	24927926	24908428	19498	24912747	15179	24924212	15784	11465
ENSMUST00000117509	AAGGCCAAAAACTATGCAGATCAGATTTCCCGACTGGAGGAACGAGAATCGGAGATGAAGAAGGAATACAATGCCCTGCACCAGCGGC	24927926	24918139	9787	24923815	4111	24924212	6073	397
ENSMUST00000117509	AAGGCCAAAAACTATGCAGATCAGATTTCCCGACTGGAGGAACGAGAATCGGAGATGAAGAAGGAATACAATGCCCTGCACCAGCGGC	24927926	24918136	9790	24923815	4111	24924212	6076	397
ENSMUST00000117509	AAGGCCAAAAACTATGCAGATCAGATTTCCCGACTGGAGGAACGAGAATCGGAGATGAAGAAGGAATACAATGCCCTGCACCAGCGGC	24927926	24918139	9787	24924146	3780	24924212	6073	66
ENSMUST00000117509	AAGGCCAAAAACTATGCAGATCAGATTTCCCGACTGGAGGAACGAGAATCGGAGATGAAGAAGGAATACAATGCCCTGCACCAGCGGC	24927926	24924217	3709	24936536	-8610	24924212	-5	-12324
ENSMUST00000231171	CACGTTGTTCCTGGCCTTTGATACCCAGTTGCTGATGGGTAACCGTCGACACTCGCTGAGCCCCGAGGAGTATATTTTTGGAGCCCTC	99497020	99512868	-15848	99513916	-16896	99497108	-15760	-16808
ENSMUST00000231171	CACGTTGTTCCTGGCCTTTGATACCCAGTTGCTGATGGGTAACCGTCGACACTCGCTGAGCCCCGAGGAGTATATTTTTGGAGCCCTC	99497020	99520355	-23335	99521168	-24148	99497108	-23247	-24060
ENSMUST00000090541	ATTGGTGCTGGGGCCGCCACAGTTGGTGTGGCTGGATCAGGAGCTGGCATTGGCACAGTGTTTGGTAGCTTGATTATTGGCTATGCCA	96073616	96073701	-85	96074986	-1370	96068855	-4846	-6131
ENSMUST00000097588	AAGCCTACGTCTGTCCCTTCAGACCATAGAGGACACCTTGACCAGATGTTTGGCTGCAGCTCTCAGTGACATCTTGTTTTTCAGTACT	131285967	131289740	-3773	131292520	-6553	131286055	-3685	-6465
ENSMUST00000097588	AAGCCTACGTCTGTCCCTTCAGACCATAGAGGACACCTTGACCAGATGTTTGGCTGCAGCTCTCAGTGACATCTTGTTTTTCAGTACT	131285967	131289740	-3773	131296319	-10352	131286055	-3685	-10264
ENSMUST00000097588	AAGCCTACGTCTGTCCCTTCAGACCATAGAGGACACCTTGACCAGATGTTTGGCTGCAGCTCTCAGTGACATCTTGTTTTTCAGTACT	131285967	131292845	-6878	131298331	-12364	131286055	-6790	-12276
ENSMUST00000097588	AAGCCTACGTCTGTCCCTTCAGACCATAGAGGACACCTTGACCAGATGTTTGGCTGCAGCTCTCAGTGACATCTTGTTTTTCAGTACT	131285967	131317234	-31267	131320434	-34467	131286055	-31179	-34379
ENSMUST00000097588	AAGCCTACGTCTGTCCCTTCAGACCATAGAGGACACCTTGACCAGATGTTTGGCTGCAGCTCTCAGTGACATCTTGTTTTTCAGTACT	131285967	131344546	-58579	131349451	-63484	131286055	-58491	-63396
ENSMUST00000097588	AAGCCTACGTCTGTCCCTTCAGACCATAGAGGACACCTTGACCAGATGTTTGGCTGCAGCTCTCAGTGACATCTTGTTTTTCAGTACT	131285967	131345863	-59896	131355510	-69543	131286055	-59808	-69455
ENSMUST00000097588	AAGCCTACGTCTGTCCCTTCAGACCATAGAGGACACCTTGACCAGATGTTTGGCTGCAGCTCTCAGTGACATCTTGTTTTTCAGTACT	131285967	131364064	-78097	131436674	-150707	131286055	-78009	-150619
ENSMUST00000097588	AAGCCTACGTCTGTCCCTTCAGACCATAGAGGACACCTTGACCAGATGTTTGGCTGCAGCTCTCAGTGACATCTTGTTTTTCAGTACT	131285967	131364064	-78097	131524937	-238970	131286055	-78009	-238882
ENSMUST00000097588	AAGCCTACGTCTGTCCCTTCAGACCATAGAGGACACCTTGACCAGATGTTTGGCTGCAGCTCTCAGTGACATCTTGTTTTTCAGTACT	131285967	131364064	-78097	131524937	-238970	131286055	-78009	-238882
ENSMUST00000097588	AAGCCTACGTCTGTCCCTTCAGACCATAGAGGACACCTTGACCAGATGTTTGGCTGCAGCTCTCAGTGACATCTTGTTTTTCAGTACT	131285967	131411962	-125995	131524937	-238970	131286055	-125907	-238882
ENSMUST00000154230	CTGGAAGATTCTGTGCTGATGAAGTATTGCCCAAGGAGCGCGTCTCAAGGAGCGCTGACCTCACCGCCTGTTAGCTTCAATAATCATA	20880826	20853069	27757	20854934	25892	20880914	27845	25980
ENSMUST00000154230	CTGGAAGATTCTGTGCTGATGAAGTATTGCCCAAGGAGCGCGTCTCAAGGAGCGCTGACCTCACCGCCTGTTAGCTTCAATAATCATA	20880826	20853069	27757	20854934	25892	20880914	27845	25980
ENSMUST00000154230	CTGGAAGATTCTGTGCTGATGAAGTATTGCCCAAGGAGCGCGTCTCAAGGAGCGCTGACCTCACCGCCTGTTAGCTTCAATAATCATA	20880826	20853069	27757	20854934	25892	20880914	27845	25980
ENSMUST00000154230	CTGGAAGATTCTGTGCTGATGAAGTATTGCCCAAGGAGCGCGTCTCAAGGAGCGCTGACCTCACCGCCTGTTAGCTTCAATAATCATA	20880826	20853069	27757	20855353	25473	20880914	27845	25561
ENSMUST00000154230	CTGGAAGATTCTGTGCTGATGAAGTATTGCCCAAGGAGCGCGTCTCAAGGAGCGCTGACCTCACCGCCTGTTAGCTTCAATAATCATA	20880826	20855040	25786	20855580	25246	20880914	25874	25334
ENSMUST00000154230	CTGGAAGATTCTGTGCTGATGAAGTATTGCCCAAGGAGCGCGTCTCAAGGAGCGCTGACCTCACCGCCTGTTAGCTTCAATAATCATA	20880826	20860036	20790	20860970	19856	20880914	20878	19944
ENSMUST00000154230	CTGGAAGATTCTGTGCTGATGAAGTATTGCCCAAGGAGCGCGTCTCAAGGAGCGCTGACCTCACCGCCTGTTAGCTTCAATAATCATA	20880826	20881851	-1025	20887105	-6279	20880914	-937	-6191
ENSMUST00000154230	CTGGAAGATTCTGTGCTGATGAAGTATTGCCCAAGGAGCGCGTCTCAAGGAGCGCTGACCTCACCGCCTGTTAGCTTCAATAATCATA	20880826	20889953	-9127	20912276	-31450	20880914	-9039	-31362
ENSMUST00000154230	CTGGAAGATTCTGTGCTGATGAAGTATTGCCCAAGGAGCGCGTCTCAAGGAGCGCTGACCTCACCGCCTGTTAGCTTCAATAATCATA	20880826	20892177	-11351	20914631	-33805	20880914	-11263	-33717
ENSMUST00000154230	CTGGAAGATTCTGTGCTGATGAAGTATTGCCCAAGGAGCGCGTCTCAAGGAGCGCTGACCTCACCGCCTGTTAGCTTCAATAATCATA	20880826	20892177	-11351	20967329	-86503	20880914	-11263	-86415
ENSMUST00000052011	ATTGAATTGTGAATACTCATTAAGAACCTGTGATACCAAATCTTCAGCTATCGTCTTGGAAGAACATGGAATACCTAACAGTGAATGGA	14448432	14465418	-16986	14468151	-19719	14448521	-16897	-19630
ENSMUST00000052011	ATTGAATTGTGAATACTCATTAAGAACCTGTGATACCAAATCTTCAGCTATCGTCTTGGAAGAACATGGAATACCTAACAGTGAATGGA	14448432	14466701	-18269	14468151	-19719	14448521	-18180	-19630
ENSMUST00000052011	ATTGAATTGTGAATACTCATTAAGAACCTGTGATACCAAATCTTCAGCTATCGTCTTGGAAGAACATGGAATACCTAACAGTGAATGGA	14448432	14517973	-69541	14564388	-115956	14448521	-69452	-115867
ENSMUST00000052011	ATTGAATTGTGAATACTCATTAAGAACCTGTGATACCAAATCTTCAGCTATCGTCTTGGAAGAACATGGAATACCTAACAGTGAATGGA	14448432	14544862	-96430	14594383	-145951	14448521	-96341	-145862
ENSMUST00000086465	ATTTCTGTCTGCCTCTGAGACCTGAGTGGCTTTCCTTTTTAAACACAAAATGCTCACGGCTGTGACACTCTGGCTGATGTTAAAGAGTA	134203323	134203590	-267	134235227	-31904	134203412	-178	-31815
ENSMUST00000086465	ATTTCTGTCTGCCTCTGAGACCTGAGTGGCTTTCCTTTTTAAACACAAAATGCTCACGGCTGTGACACTCTGGCTGATGTTAAAGAGTA	134203323	134203590	-267	134235227	-31904	134203412	-178	-31815
ENSMUST00000109654	GATTAGGCCACGTAGGGTGAAAACCGCAGAAAAATGATTGGAAATGAACTCTTGCCCTGGAATAACCTTGACAATTCAAACCGCGATGT	11930947	11944926	-13979	11945963	-15016	11931036	-13890	-14927
ENSMUST00000109654	GATTAGGCCACGTAGGGTGAAAACCGCAGAAAAATGATTGGAAATGAACTCTTGCCCTGGAATAACCTTGACAATTCAAACCGCGATGT	11930947	11951659	-20712	11967531	-36584	11931036	-20623	-36495
ENSMUST00000097368	TTTATTGAGCATATCCTGTGGCATGTGGGACTCTCAGCCTGCCTTGGACTGACTGTTGCTCTGTCCATCTTTTCGGATATCATCGCCCT	25931703	25927756	3947	25930520	1183	25931792	4036	1272
ENSMUST00000097368	TTTATTGAGCATATCCTGTGGCATGTGGGACTCTCAGCCTGCCTTGGACTGACTGTTGCTCTGTCCATCTTTTCGGATATCATCGCCCT	25931703	25928852	2851	25934757	-3054	25931792	2940	-2965
ENSMUST00000097368	TTTATTGAGCATATCCTGTGGCATGTGGGACTCTCAGCCTGCCTTGGACTGACTGTTGCTCTGTCCATCTTTTCGGATATCATCGCCCT	25931703	25930635	1068	25934757	-3054	25931792	1157	-2965
ENSMUST00000097368	TTTATTGAGCATATCCTGTGGCATGTGGGACTCTCAGCCTGCCTTGGACTGACTGTTGCTCTGTCCATCTTTTCGGATATCATCGCCCT	25931703	25931038	665	25931673	30	25931792	754	119
ENSMUST00000097368	TTTATTGAGCATATCCTGTGGCATGTGGGACTCTCAGCCTGCCTTGGACTGACTGTTGCTCTGTCCATCTTTTCGGATATCATCGCCCT	25931703	25931038	665	25932104	-401	25931792	754	-312
ENSMUST00000097368	TTTATTGAGCATATCCTGTGGCATGTGGGACTCTCAGCCTGCCTTGGACTGACTGTTGCTCTGTCCATCTTTTCGGATATCATCGCCCT	25931703	25931038	665	25934757	-3054	25931792	754	-2965
ENSMUST00000097368	TTTATTGAGCATATCCTGTGGCATGTGGGACTCTCAGCCTGCCTTGGACTGACTGTTGCTCTGTCCATCTTTTCGGATATCATCGCCCT	25931703	25931038	665	25932104	-401	25931792	754	-312
ENSMUST00000097368	TTTATTGAGCATATCCTGTGGCATGTGGGACTCTCAGCCTGCCTTGGACTGACTGTTGCTCTGTCCATCTTTTCGGATATCATCGCCCT	25931703	25931038	665	25934757	-3054	25931792	754	-2965
ENSMUST00000097368	TTTATTGAGCATATCCTGTGGCATGTGGGACTCTCAGCCTGCCTTGGACTGACTGTTGCTCTGTCCATCTTTTCGGATATCATCGCCCT	25931703	25931038	665	25932104	-401	25931792	754	-312
ENSMUST00000097368	TTTATTGAGCATATCCTGTGGCATGTGGGACTCTCAGCCTGCCTTGGACTGACTGTTGCTCTGTCCATCTTTTCGGATATCATCGCCCT	25931703	25931038	665	25934757	-3054	25931792	754	-2965
ENSMUST00000097368	TTTATTGAGCATATCCTGTGGCATGTGGGACTCTCAGCCTGCCTTGGACTGACTGTTGCTCTGTCCATCTTTTCGGATATCATCGCCCT	25931703	25931573	130	25932104	-401	25931792	219	-312
ENSMUST00000097368	TTTATTGAGCATATCCTGTGGCATGTGGGACTCTCAGCCTGCCTTGGACTGACTGTTGCTCTGTCCATCTTTTCGGATATCATCGCCCT	25931703	25931573	130	25934757	-3054	25931792	219	-2965
ENSMUST00000097368	TTTATTGAGCATATCCTGTGGCATGTGGGACTCTCAGCCTGCCTTGGACTGACTGTTGCTCTGTCCATCTTTTCGGATATCATCGCCCT	25931703	25931038	665	25934757	-3054	25931792	754	-2965
ENSMUST00000097368	TTTATTGAGCATATCCTGTGGCATGTGGGACTCTCAGCCTGCCTTGGACTGACTGTTGCTCTGTCCATCTTTTCGGATATCATCGCCCT	25931703	25931573	130	25934757	-3054	25931792	219	-2965
ENSMUST00000097368	TTTATTGAGCATATCCTGTGGCATGTGGGACTCTCAGCCTGCCTTGGACTGACTGTTGCTCTGTCCATCTTTTCGGATATCATCGCCCT	25931703	25931038	665	25934757	-3054	25931792	754	-2965
ENSMUST00000097368	TTTATTGAGCATATCCTGTGGCATGTGGGACTCTCAGCCTGCCTTGGACTGACTGTTGCTCTGTCCATCTTTTCGGATATCATCGCCCT	25931703	25931573	130	25934757	-3054	25931792	219	-2965
ENSMUST00000097368	TTTATTGAGCATATCCTGTGGCATGTGGGACTCTCAGCCTGCCTTGGACTGACTGTTGCTCTGTCCATCTTTTCGGATATCATCGCCCT	25931703	25931673	30	25934757	-3054	25931792	119	-2965
ENSMUST00000097368	TTTATTGAGCATATCCTGTGGCATGTGGGACTCTCAGCCTGCCTTGGACTGACTGTTGCTCTGTCCATCTTTTCGGATATCATCGCCCT	25931703	25931827	-124	25934757	-3054	25931792	-35	-2965
ENSMUST00000097368	TTTATTGAGCATATCCTGTGGCATGTGGGACTCTCAGCCTGCCTTGGACTGACTGTTGCTCTGTCCATCTTTTCGGATATCATCGCCCT	25931703	25932231	-528	25934757	-3054	25931792	-439	-2965
ENSMUST00000097368	TTTATTGAGCATATCCTGTGGCATGTGGGACTCTCAGCCTGCCTTGGACTGACTGTTGCTCTGTCCATCTTTTCGGATATCATCGCCCT	25931703	25932231	-528	25935002	-3299	25931792	-439	-3210
ENSMUST00000097368	TTTATTGAGCATATCCTGTGGCATGTGGGACTCTCAGCCTGCCTTGGACTGACTGTTGCTCTGTCCATCTTTTCGGATATCATCGCCCT	25931703	25937462	-5759	25941814	-10111	25931792	-5670	-10022
ENSMUST00000097368	TTTATTGAGCATATCCTGTGGCATGTGGGACTCTCAGCCTGCCTTGGACTGACTGTTGCTCTGTCCATCTTTTCGGATATCATCGCCCT	25931703	25937462	-5759	25942793	-11090	25931792	-5670	-11001
ENSMUST00000026494	ATTTTGGCGTCGTTTCTGGGAGTGGAATGCTTTGCATGCGTTGGTACGATGACAACTGCGAAACAAACAAACAAACAAACAAACCATTTT	77460107	77466772	-6665	77468240	-8133	77460197	-6575	-8043
ENSMUST00000026494	ATTTTGGCGTCGTTTCTGGGAGTGGAATGCTTTGCATGCGTTGGTACGATGACAACTGCGAAACAAACAAACAAACAAACAAACCATTTT	77460107	77468370	-8263	77484148	-24041	77460197	-8173	-23951
ENSMUST00000026494	ATTTTGGCGTCGTTTCTGGGAGTGGAATGCTTTGCATGCGTTGGTACGATGACAACTGCGAAACAAACAAACAAACAAACAAACCATTTT	77460107	77468370	-8263	77565041	-104934	77460197	-8173	-104844
ENSMUST00000026494	ATTTTGGCGTCGTTTCTGGGAGTGGAATGCTTTGCATGCGTTGGTACGATGACAACTGCGAAACAAACAAACAAACAAACAAACCATTTT	77460107	77468370	-8263	77565041	-104934	77460197	-8173	-104844
ENSMUST00000026494	ATTTTGGCGTCGTTTCTGGGAGTGGAATGCTTTGCATGCGTTGGTACGATGACAACTGCGAAACAAACAAACAAACAAACAAACCATTTT	77460107	77475584	-15477	77565041	-104934	77460197	-15387	-104844
ENSMUST00000026494	ATTTTGGCGTCGTTTCTGGGAGTGGAATGCTTTGCATGCGTTGGTACGATGACAACTGCGAAACAAACAAACAAACAAACAAACCATTTT	77460107	77466772	-6665	77468240	-8133	77460197	-6575	-8043
ENSMUST00000026494	ATTTTGGCGTCGTTTCTGGGAGTGGAATGCTTTGCATGCGTTGGTACGATGACAACTGCGAAACAAACAAACAAACAAACAAACCATTTT	77460107	77468370	-8263	77484148	-24041	77460197	-8173	-23951
ENSMUST00000026494	ATTTTGGCGTCGTTTCTGGGAGTGGAATGCTTTGCATGCGTTGGTACGATGACAACTGCGAAACAAACAAACAAACAAACAAACCATTTT	77460107	77468370	-8263	77565041	-104934	77460197	-8173	-104844
ENSMUST00000026494	ATTTTGGCGTCGTTTCTGGGAGTGGAATGCTTTGCATGCGTTGGTACGATGACAACTGCGAAACAAACAAACAAACAAACAAACCATTTT	77460107	77468370	-8263	77565041	-104934	77460197	-8173	-104844
ENSMUST00000026494	ATTTTGGCGTCGTTTCTGGGAGTGGAATGCTTTGCATGCGTTGGTACGATGACAACTGCGAAACAAACAAACAAACAAACAAACCATTTT	77460107	77475584	-15477	77565041	-104934	77460197	-15387	-104844
ENSMUST00000138762	CCTGTGACCTTGCCTCTGTGGATGCTACCTCCCAGCACTCCTCGGGAGCTCGCTCTGCTGGGTCCACTCGCTCCTCCTCAGCTTCTAAAG	155924631	155863611	61020	155868670	55961	155924721	61110	56051
ENSMUST00000138762	CCTGTGACCTTGCCTCTGTGGATGCTACCTCCCAGCACTCCTCGGGAGCTCGCTCTGCTGGGTCCACTCGCTCCTCCTCAGCTTCTAAAG	155924631	155875466	49165	155885906	38725	155924721	49255	38815
ENSMUST00000138762	CCTGTGACCTTGCCTCTGTGGATGCTACCTCCCAGCACTCCTCGGGAGCTCGCTCTGCTGGGTCCACTCGCTCCTCCTCAGCTTCTAAAG	155924631	155940830	-16199	155953153	-28522	155924721	-16109	-28432
ENSMUST00000138762	CCTGTGACCTTGCCTCTGTGGATGCTACCTCCCAGCACTCCTCGGGAGCTCGCTCTGCTGGGTCCACTCGCTCCTCCTCAGCTTCTAAAG	155924631	155953767	-29136	155959719	-35088	155924721	-29046	-34998
ENSMUST00000138762	CCTGTGACCTTGCCTCTGTGGATGCTACCTCCCAGCACTCCTCGGGAGCTCGCTCTGCTGGGTCCACTCGCTCCTCCTCAGCTTCTAAAG	155924631	155959831	-35200	155962474	-37843	155924721	-35110	-37753
ENSMUST00000109460	CCACTGTTACCTTCAGTTCTGAACACAACCAAGCTATGACATTACCATTGGATGCTAACCATTCTCTTTAGTTAACTGTAATTCTGGTTT	160771057	160751909	19148	160832296	-61239	160771147	19238	-61149
ENSMUST00000109460	CCACTGTTACCTTCAGTTCTGAACACAACCAAGCTATGACATTACCATTGGATGCTAACCATTCTCTTTAGTTAACTGTAATTCTGGTTT	160771057	160771625	-568	160832296	-61239	160771147	-478	-61149
ENSMUST00000117945	GAAGGGGTCCTGTCATAGCCTGGACCCTACTCCACTGCCACATCCCCACCAGCTGCGGGTGTGTACATAGAAACTGAAATCAGGCACTCAG	17840699	17842777	-2078	17849590	-8891	17840790	-1987	-8800
ENSMUST00000117945	GAAGGGGTCCTGTCATAGCCTGGACCCTACTCCACTGCCACATCCCCACCAGCTGCGGGTGTGTACATAGAAACTGAAATCAGGCACTCAG	17840699	17844208	-3509	17849590	-8891	17840790	-3418	-8800
ENSMUST00000117945	GAAGGGGTCCTGTCATAGCCTGGACCCTACTCCACTGCCACATCCCCACCAGCTGCGGGTGTGTACATAGAAACTGAAATCAGGCACTCAG	17840699	17842777	-2078	17856751	-16052	17840790	-1987	-15961
ENSMUST00000117945	GAAGGGGTCCTGTCATAGCCTGGACCCTACTCCACTGCCACATCCCCACCAGCTGCGGGTGTGTACATAGAAACTGAAATCAGGCACTCAG	17840699	17845135	-4436	17856751	-16052	17840790	-4345	-15961
ENSMUST00000117945	GAAGGGGTCCTGTCATAGCCTGGACCCTACTCCACTGCCACATCCCCACCAGCTGCGGGTGTGTACATAGAAACTGAAATCAGGCACTCAG	17840699	17872685	-31986	17894007	-53308	17840790	-31895	-53217
ENSMUST00000102534	GAGGACTGTTGCCCACAAGAGCACCCAAACAGAATCGTTCCCGTGGGTTGGTGGCGAGACGACCCCTGGTCACTTTGTGCTGTCTTCTCCA	117284989	117286878	-1889	117288616	-3627	117285080	-1798	-3536
ENSMUST00000102534	GAGGACTGTTGCCCACAAGAGCACCCAAACAGAATCGTTCCCGTGGGTTGGTGGCGAGACGACCCCTGGTCACTTTGTGCTGTCTTCTCCA	117284989	117305883	-20894	117342674	-57685	117285080	-20803	-57594
ENSMUST00000099172	CTCCTATTCCGTATCTCTTTGTACTCTGTATCTATCTATCAGAAGCTGCTGCTGTCTCTCCTCTCTGTCCTCCCCTCTAAGTATCTGATGA	127225828	127231077	-5249	127233816	-7988	127225919	-5158	-7897
ENSMUST00000099172	CTCCTATTCCGTATCTCTTTGTACTCTGTATCTATCTATCAGAAGCTGCTGCTGTCTCTCCTCTCTGTCCTCCCCTCTAAGTATCTGATGA	127225828	127239380	-13552	127241930	-16102	127225919	-13461	-16011
ENSMUST00000151937	TGAATTACGTGTTCTAGACTCTGCTTCGCACAGCTTGTACCTACAGTGACTGTACATATTGTACATCTTTGTACAGAGACACCTCGGCACC	71271481	71276522	-5041	71279515	-8034	71271572	-4950	-7943
ENSMUST00000151937	TGAATTACGTGTTCTAGACTCTGCTTCGCACAGCTTGTACCTACAGTGACTGTACATATTGTACATCTTTGTACAGAGACACCTCGGCACC	71271481	71293440	-21959	71296664	-25183	71271572	-21868	-25092
ENSMUST00000151937	TGAATTACGTGTTCTAGACTCTGCTTCGCACAGCTTGTACCTACAGTGACTGTACATATTGTACATCTTTGTACAGAGACACCTCGGCACC	71271481	71324115	-52634	71343889	-72408	71271572	-52543	-72317
ENSMUST00000151937	TGAATTACGTGTTCTAGACTCTGCTTCGCACAGCTTGTACCTACAGTGACTGTACATATTGTACATCTTTGTACAGAGACACCTCGGCACC	71271481	71333720	-62239	71366526	-95045	71271572	-62148	-94954
ENSMUST00000111905	AATTGCCGGAGACTCCTTAAATCTATATATTCGGGCTACTAACCTCACATGCACATGGAATAATGGCTCTGGATTCTGCATTGTGAGCCGC	136171561	135739146	432415	135772192	399369	136171652	432506	399460
ENSMUST00000111905	AATTGCCGGAGACTCCTTAAATCTATATATTCGGGCTACTAACCTCACATGCACATGGAATAATGGCTCTGGATTCTGCATTGTGAGCCGC	136171561	135843202	328359	136171415	146	136171652	328450	237
ENSMUST00000111905	AATTGCCGGAGACTCCTTAAATCTATATATTCGGGCTACTAACCTCACATGCACATGGAATAATGGCTCTGGATTCTGCATTGTGAGCCGC	136171561	135923470	248091	136171415	146	136171652	248182	237
ENSMUST00000111905	AATTGCCGGAGACTCCTTAAATCTATATATTCGGGCTACTAACCTCACATGCACATGGAATAATGGCTCTGGATTCTGCATTGTGAGCCGC	136171561	136171882	-321	136173472	-1911	136171652	-230	-1820
ENSMUST00000111905	AATTGCCGGAGACTCCTTAAATCTATATATTCGGGCTACTAACCTCACATGCACATGGAATAATGGCTCTGGATTCTGCATTGTGAGCCGC	136171561	136171882	-321	136173472	-1911	136171652	-230	-1820
ENSMUST00000114438	CCCTTAGAATCTAGTGTGTGTCGATGTGTGTGCTTGCACGATGTGCTCATGCACACTCCTTACCTGTATGTTATGTGTGCACAGGACCTTG	73794954	73796477	-1523	73798193	-3239	73795045	-1432	-3148
ENSMUST00000114438	CCCTTAGAATCTAGTGTGTGTCGATGTGTGTGCTTGCACGATGTGCTCATGCACACTCCTTACCTGTATGTTATGTGTGCACAGGACCTTG	73794954	73796477	-1523	73798757	-3803	73795045	-1432	-3712
ENSMUST00000114438	CCCTTAGAATCTAGTGTGTGTCGATGTGTGTGCTTGCACGATGTGCTCATGCACACTCCTTACCTGTATGTTATGTGTGCACAGGACCTTG	73794954	73796477	-1523	73799833	-4879	73795045	-1432	-4788
ENSMUST00000114438	CCCTTAGAATCTAGTGTGTGTCGATGTGTGTGCTTGCACGATGTGCTCATGCACACTCCTTACCTGTATGTTATGTGTGCACAGGACCTTG	73794954	73796477	-1523	73824281	-29327	73795045	-1432	-29236
ENSMUST00000114438	CCCTTAGAATCTAGTGTGTGTCGATGTGTGTGCTTGCACGATGTGCTCATGCACACTCCTTACCTGTATGTTATGTGTGCACAGGACCTTG	73794954	73796477	-1523	73798757	-3803	73795045	-1432	-3712
ENSMUST00000114438	CCCTTAGAATCTAGTGTGTGTCGATGTGTGTGCTTGCACGATGTGCTCATGCACACTCCTTACCTGTATGTTATGTGTGCACAGGACCTTG	73794954	73796477	-1523	73799833	-4879	73795045	-1432	-4788
ENSMUST00000114438	CCCTTAGAATCTAGTGTGTGTCGATGTGTGTGCTTGCACGATGTGCTCATGCACACTCCTTACCTGTATGTTATGTGTGCACAGGACCTTG	73794954	73796477	-1523	73824281	-29327	73795045	-1432	-29236
ENSMUST00000114438	CCCTTAGAATCTAGTGTGTGTCGATGTGTGTGCTTGCACGATGTGCTCATGCACACTCCTTACCTGTATGTTATGTGTGCACAGGACCTTG	73794954	73796892	-1938	73798757	-3803	73795045	-1847	-3712
ENSMUST00000114438	CCCTTAGAATCTAGTGTGTGTCGATGTGTGTGCTTGCACGATGTGCTCATGCACACTCCTTACCTGTATGTTATGTGTGCACAGGACCTTG	73794954	73796892	-1938	73799833	-4879	73795045	-1847	-4788
ENSMUST00000114438	CCCTTAGAATCTAGTGTGTGTCGATGTGTGTGCTTGCACGATGTGCTCATGCACACTCCTTACCTGTATGTTATGTGTGCACAGGACCTTG	73794954	73796892	-1938	73824281	-29327	73795045	-1847	-29236
ENSMUST00000114438	CCCTTAGAATCTAGTGTGTGTCGATGTGTGTGCTTGCACGATGTGCTCATGCACACTCCTTACCTGTATGTTATGTGTGCACAGGACCTTG	73794954	73796477	-1523	73799833	-4879	73795045	-1432	-4788
ENSMUST00000114438	CCCTTAGAATCTAGTGTGTGTCGATGTGTGTGCTTGCACGATGTGCTCATGCACACTCCTTACCTGTATGTTATGTGTGCACAGGACCTTG	73794954	73796477	-1523	73824281	-29327	73795045	-1432	-29236
ENSMUST00000114438	CCCTTAGAATCTAGTGTGTGTCGATGTGTGTGCTTGCACGATGTGCTCATGCACACTCCTTACCTGTATGTTATGTGTGCACAGGACCTTG	73794954	73796892	-1938	73799833	-4879	73795045	-1847	-4788
ENSMUST00000114438	CCCTTAGAATCTAGTGTGTGTCGATGTGTGTGCTTGCACGATGTGCTCATGCACACTCCTTACCTGTATGTTATGTGTGCACAGGACCTTG	73794954	73796892	-1938	73824281	-29327	73795045	-1847	-29236
ENSMUST00000114438	CCCTTAGAATCTAGTGTGTGTCGATGTGTGTGCTTGCACGATGTGCTCATGCACACTCCTTACCTGTATGTTATGTGTGCACAGGACCTTG	73794954	73798292	-3338	73799833	-4879	73795045	-3247	-4788
ENSMUST00000114438	CCCTTAGAATCTAGTGTGTGTCGATGTGTGTGCTTGCACGATGTGCTCATGCACACTCCTTACCTGTATGTTATGTGTGCACAGGACCTTG	73794954	73798292	-3338	73824281	-29327	73795045	-3247	-29236
ENSMUST00000114438	CCCTTAGAATCTAGTGTGTGTCGATGTGTGTGCTTGCACGATGTGCTCATGCACACTCCTTACCTGTATGTTATGTGTGCACAGGACCTTG	73794954	73796477	-1523	73824281	-29327	73795045	-1432	-29236
ENSMUST00000114438	CCCTTAGAATCTAGTGTGTGTCGATGTGTGTGCTTGCACGATGTGCTCATGCACACTCCTTACCTGTATGTTATGTGTGCACAGGACCTTG	73794954	73796892	-1938	73824281	-29327	73795045	-1847	-29236
ENSMUST00000114438	CCCTTAGAATCTAGTGTGTGTCGATGTGTGTGCTTGCACGATGTGCTCATGCACACTCCTTACCTGTATGTTATGTGTGCACAGGACCTTG	73794954	73798292	-3338	73824281	-29327	73795045	-3247	-29236
ENSMUST00000114438	CCCTTAGAATCTAGTGTGTGTCGATGTGTGTGCTTGCACGATGTGCTCATGCACACTCCTTACCTGTATGTTATGTGTGCACAGGACCTTG	73794954	73798848	-3894	73824281	-29327	73795045	-3803	-29236
ENSMUST00000090558	TGTACAAATGTGTGTGACCTGAACCCATGCGAGCACCAGTCCGTGTGTACCCGAAAACCCAATACACCCCACGGCTACATCTGCGAGTGTT	108400806	108393510	7296	108393935	6871	108400897	7387	6962
ENSMUST00000090558	TGTACAAATGTGTGTGACCTGAACCCATGCGAGCACCAGTCCGTGTGTACCCGAAAACCCAATACACCCCACGGCTACATCTGCGAGTGTT	108400806	108393510	7296	108394212	6594	108400897	7387	6685
ENSMUST00000090558	TGTACAAATGTGTGTGACCTGAACCCATGCGAGCACCAGTCCGTGTGTACCCGAAAACCCAATACACCCCACGGCTACATCTGCGAGTGTT	108400806	108397410	3396	108397759	3047	108400897	3487	3138
ENSMUST00000090558	TGTACAAATGTGTGTGACCTGAACCCATGCGAGCACCAGTCCGTGTGTACCCGAAAACCCAATACACCCCACGGCTACATCTGCGAGTGTT	108400806	108401687	-881	108402447	-1641	108400897	-790	-1550
ENSMUST00000090558	TGTACAAATGTGTGTGACCTGAACCCATGCGAGCACCAGTCCGTGTGTACCCGAAAACCCAATACACCCCACGGCTACATCTGCGAGTGTT	108400806	108402573	-1767	108403220	-2414	108400897	-1676	-2323
ENSMUST00000087517	ATGCTGAAGGACACCACAAGCCAGCACCGTGCCCATCTTTTTGATTTAAACTGTAAAATCTGTACAGGTCAGGTTCCATCCTCGGAGGATGA	180672362	180672418	-56	180673474	-1112	180671428	-990	-2046
ENSMUST00000087517	ATGCTGAAGGACACCACAAGCCAGCACCGTGCCCATCTTTTTGATTTAAACTGTAAAATCTGTACAGGTCAGGTTCCATCCTCGGAGGATGA	180672362	180673591	-1229	180674967	-2605	180671428	-2163	-3539
ENSMUST00000087517	ATGCTGAAGGACACCACAAGCCAGCACCGTGCCCATCTTTTTGATTTAAACTGTAAAATCTGTACAGGTCAGGTTCCATCCTCGGAGGATGA	180672362	180685176	-12814	180691863	-19501	180671428	-13748	-20435
ENSMUST00000087517	ATGCTGAAGGACACCACAAGCCAGCACCGTGCCCATCTTTTTGATTTAAACTGTAAAATCTGTACAGGTCAGGTTCCATCCTCGGAGGATGA	180672362	180687797	-15435	180691863	-19501	180671428	-16369	-20435
ENSMUST00000087517	ATGCTGAAGGACACCACAAGCCAGCACCGTGCCCATCTTTTTGATTTAAACTGTAAAATCTGTACAGGTCAGGTTCCATCCTCGGAGGATGA	180672362	180689655	-17293	180691863	-19501	180671428	-18227	-20435
ENSMUST00000140471	TTAGGTAGATAGAGGCTGTGCCTCCTTCAGGAAGAGACACTGTCCTTATAACTTCTGGTCAGTGCTGAGTCACAGGCATTGAGGGAGGAGGG	77909849	77917808	-7959	77918864	-9015	77909941	-7867	-8923
ENSMUST00000140471	TTAGGTAGATAGAGGCTGTGCCTCCTTCAGGAAGAGACACTGTCCTTATAACTTCTGGTCAGTGCTGAGTCACAGGCATTGAGGGAGGAGGG	77909849	77923629	-13780	77925677	-15828	77909941	-13688	-15736
ENSMUST00000140471	TTAGGTAGATAGAGGCTGTGCCTCCTTCAGGAAGAGACACTGTCCTTATAACTTCTGGTCAGTGCTGAGTCACAGGCATTGAGGGAGGAGGG	77909849	77929384	-19535	77930535	-20686	77909941	-19443	-20594
ENSMUST00000140471	TTAGGTAGATAGAGGCTGTGCCTCCTTCAGGAAGAGACACTGTCCTTATAACTTCTGGTCAGTGCTGAGTCACAGGCATTGAGGGAGGAGGG	77909849	77932348	-22499	77934680	-24831	77909941	-22407	-24739
ENSMUST00000140471	TTAGGTAGATAGAGGCTGTGCCTCCTTCAGGAAGAGACACTGTCCTTATAACTTCTGGTCAGTGCTGAGTCACAGGCATTGAGGGAGGAGGG	77909849	77943119	-33270	77945834	-35985	77909941	-33178	-35893
ENSMUST00000140471	TTAGGTAGATAGAGGCTGTGCCTCCTTCAGGAAGAGACACTGTCCTTATAACTTCTGGTCAGTGCTGAGTCACAGGCATTGAGGGAGGAGGG	77909849	77967096	-57247	77970401	-60552	77909941	-57155	-60460
ENSMUST00000140471	TTAGGTAGATAGAGGCTGTGCCTCCTTCAGGAAGAGACACTGTCCTTATAACTTCTGGTCAGTGCTGAGTCACAGGCATTGAGGGAGGAGGG	77909849	77967096	-57247	77969782	-59933	77909941	-57155	-59841
ENSMUST00000140471	TTAGGTAGATAGAGGCTGTGCCTCCTTCAGGAAGAGACACTGTCCTTATAACTTCTGGTCAGTGCTGAGTCACAGGCATTGAGGGAGGAGGG	77909849	77967096	-57247	77970401	-60552	77909941	-57155	-60460
ENSMUST00000239177	CGGAATTTCTCTCCAAATGCTCCTGCTCACTTTTCCTTCGTTCCTGCCCGTAGCCATGGCCACAGAACAGACAGGACTGATGGACGGCGCTG	116337448	116309626	27822	116310456	26992	116330414	20788	19958
ENSMUST00000239177	CGGAATTTCTCTCCAAATGCTCCTGCTCACTTTTCCTTCGTTCCTGCCCGTAGCCATGGCCACAGAACAGACAGGACTGATGGACGGCGCTG	116337448	116309626	27822	116310456	26992	116330414	20788	19958
ENSMUST00000239177	CGGAATTTCTCTCCAAATGCTCCTGCTCACTTTTCCTTCGTTCCTGCCCGTAGCCATGGCCACAGAACAGACAGGACTGATGGACGGCGCTG	116337448	116311368	26080	116311927	25521	116330414	19046	18487
ENSMUST00000239177	CGGAATTTCTCTCCAAATGCTCCTGCTCACTTTTCCTTCGTTCCTGCCCGTAGCCATGGCCACAGAACAGACAGGACTGATGGACGGCGCTG	116337448	116312392	25056	116313692	23756	116330414	18022	16722
ENSMUST00000239177	CGGAATTTCTCTCCAAATGCTCCTGCTCACTTTTCCTTCGTTCCTGCCCGTAGCCATGGCCACAGAACAGACAGGACTGATGGACGGCGCTG	116337448	116316548	20900	116317708	19740	116330414	13866	12706
ENSMUST00000239177	CGGAATTTCTCTCCAAATGCTCCTGCTCACTTTTCCTTCGTTCCTGCCCGTAGCCATGGCCACAGAACAGACAGGACTGATGGACGGCGCTG	116337448	116317038	20410	116319758	17690	116330414	13376	10656
ENSMUST00000239177	CGGAATTTCTCTCCAAATGCTCCTGCTCACTTTTCCTTCGTTCCTGCCCGTAGCCATGGCCACAGAACAGACAGGACTGATGGACGGCGCTG	116337448	116330469	6979	116337421	27	116330414	-55	-7007
ENSMUST00000239177	CGGAATTTCTCTCCAAATGCTCCTGCTCACTTTTCCTTCGTTCCTGCCCGTAGCCATGGCCACAGAACAGACAGGACTGATGGACGGCGCTG	116337448	116330469	6979	116352972	-15524	116330414	-55	-22558
ENSMUST00000239177	CGGAATTTCTCTCCAAATGCTCCTGCTCACTTTTCCTTCGTTCCTGCCCGTAGCCATGGCCACAGAACAGACAGGACTGATGGACGGCGCTG	116337448	116337497	-49	116391602	-54154	116330414	-7083	-61188
ENSMUST00000239177	CGGAATTTCTCTCCAAATGCTCCTGCTCACTTTTCCTTCGTTCCTGCCCGTAGCCATGGCCACAGAACAGACAGGACTGATGGACGGCGCTG	116337448	116353064	-15616	116391602	-54154	116330414	-22650	-61188
ENSMUST00000239177	CGGAATTTCTCTCCAAATGCTCCTGCTCACTTTTCCTTCGTTCCTGCCCGTAGCCATGGCCACAGAACAGACAGGACTGATGGACGGCGCTG	116337448	116353064	-15616	116430405	-92957	116330414	-22650	-99991
ENSMUST00000239177	CGGAATTTCTCTCCAAATGCTCCTGCTCACTTTTCCTTCGTTCCTGCCCGTAGCCATGGCCACAGAACAGACAGGACTGATGGACGGCGCTG	116337448	116353064	-15616	116430405	-92957	116330414	-22650	-99991
ENSMUST00000239177	CGGAATTTCTCTCCAAATGCTCCTGCTCACTTTTCCTTCGTTCCTGCCCGTAGCCATGGCCACAGAACAGACAGGACTGATGGACGGCGCTG	116337448	116353064	-15616	116463735	-126287	116330414	-22650	-133321
ENSMUST00000041391	AGGCCATGGCCAGCGAGCTGAGAGAGCACCGGGCTGCACATCTGGGAAAGAAGGCCCGAGGCAAGGAGGCGGATGAGCAGCGGCAGAAGGAGG	46313352	46312929	423	46313653	-301	46312087	-842	-1566
ENSMUST00000041391	AGGCCATGGCCAGCGAGCTGAGAGAGCACCGGGCTGCACATCTGGGAAAGAAGGCCCGAGGCAAGGAGGCGGATGAGCAGCGGCAGAAGGAGG	46313352	46313798	-446	46314462	-1110	46312087	-1711	-2375
ENSMUST00000041391	AGGCCATGGCCAGCGAGCTGAGAGAGCACCGGGCTGCACATCTGGGAAAGAAGGCCCGAGGCAAGGAGGCGGATGAGCAGCGGCAGAAGGAGG	46313352	46314333	-981	46314612	-1260	46312087	-2246	-2525
ENSMUST00000041391	AGGCCATGGCCAGCGAGCTGAGAGAGCACCGGGCTGCACATCTGGGAAAGAAGGCCCGAGGCAAGGAGGCGGATGAGCAGCGGCAGAAGGAGG	46313352	46316076	-2724	46319657	-6305	46312087	-3989	-7570
ENSMUST00000041391	AGGCCATGGCCAGCGAGCTGAGAGAGCACCGGGCTGCACATCTGGGAAAGAAGGCCCGAGGCAAGGAGGCGGATGAGCAGCGGCAGAAGGAGG	46313352	46319716	-6364	46320526	-7174	46312087	-7629	-8439
ENSMUST00000041391	AGGCCATGGCCAGCGAGCTGAGAGAGCACCGGGCTGCACATCTGGGAAAGAAGGCCCGAGGCAAGGAGGCGGATGAGCAGCGGCAGAAGGAGG	46313352	46320607	-7255	46322055	-8703	46312087	-8520	-9968
ENSMUST00000041391	AGGCCATGGCCAGCGAGCTGAGAGAGCACCGGGCTGCACATCTGGGAAAGAAGGCCCGAGGCAAGGAGGCGGATGAGCAGCGGCAGAAGGAGG	46313352	46320607	-7255	46322055	-8703	46312087	-8520	-9968
ENSMUST00000041391	AGGCCATGGCCAGCGAGCTGAGAGAGCACCGGGCTGCACATCTGGGAAAGAAGGCCCGAGGCAAGGAGGCGGATGAGCAGCGGCAGAAGGAGG	46313352	46325013	-11661	46327083	-13731	46312087	-12926	-14996
ENSMUST00000068700	ATATGTACTCGGTTATAGTAGGAGCTGAAATCCATGCTGAGCTGCACCAGGAACTTGCATACCTAGAGACAGACGTTGAGTCGTTGAGCTGTT	108573275	108573810	-535	108574100	-825	108573368	-442	-732
ENSMUST00000108407	CCAGTTCCAGAAGATCTCTGAGGAACTCAAAGTGAAAGGGCCCAAGGACTCTAAGGACAGCCATACATCAGTCACCATGGAAGCTCTGCTGTA	76472578	76424173	48405	76425266	47312	76464253	40080	38987
ENSMUST00000108407	CCAGTTCCAGAAGATCTCTGAGGAACTCAAAGTGAAAGGGCCCAAGGACTCTAAGGACAGCCATACATCAGTCACCATGGAAGCTCTGCTGTA	76472578	76455713	16865	76456599	15979	76464253	8540	7654
ENSMUST00000108407	CCAGTTCCAGAAGATCTCTGAGGAACTCAAAGTGAAAGGGCCCAAGGACTCTAAGGACAGCCATACATCAGTCACCATGGAAGCTCTGCTGTA	76472578	76456722	15856	76463527	9051	76464253	7531	726
ENSMUST00000108407	CCAGTTCCAGAAGATCTCTGAGGAACTCAAAGTGAAAGGGCCCAAGGACTCTAAGGACAGCCATACATCAGTCACCATGGAAGCTCTGCTGTA	76472578	76459346	13232	76463527	9051	76464253	4907	726
ENSMUST00000108407	CCAGTTCCAGAAGATCTCTGAGGAACTCAAAGTGAAAGGGCCCAAGGACTCTAAGGACAGCCATACATCAGTCACCATGGAAGCTCTGCTGTA	76472578	76468776	3802	76478994	-6416	76464253	-4523	-14741
ENSMUST00000108407	CCAGTTCCAGAAGATCTCTGAGGAACTCAAAGTGAAAGGGCCCAAGGACTCTAAGGACAGCCATACATCAGTCACCATGGAAGCTCTGCTGTA	76472578	76479180	-6602	76508887	-36309	76464253	-14927	-44634
ENSMUST00000108407	CCAGTTCCAGAAGATCTCTGAGGAACTCAAAGTGAAAGGGCCCAAGGACTCTAAGGACAGCCATACATCAGTCACCATGGAAGCTCTGCTGTA	76472578	76486536	-13958	76571030	-98452	76464253	-22283	-106777
ENSMUST00000108407	CCAGTTCCAGAAGATCTCTGAGGAACTCAAAGTGAAAGGGCCCAAGGACTCTAAGGACAGCCATACATCAGTCACCATGGAAGCTCTGCTGTA	76472578	76424173	48405	76425266	47312	76464253	40080	38987
ENSMUST00000108407	CCAGTTCCAGAAGATCTCTGAGGAACTCAAAGTGAAAGGGCCCAAGGACTCTAAGGACAGCCATACATCAGTCACCATGGAAGCTCTGCTGTA	76472578	76455713	16865	76456599	15979	76464253	8540	7654
ENSMUST00000108407	CCAGTTCCAGAAGATCTCTGAGGAACTCAAAGTGAAAGGGCCCAAGGACTCTAAGGACAGCCATACATCAGTCACCATGGAAGCTCTGCTGTA	76472578	76456722	15856	76463527	9051	76464253	7531	726
ENSMUST00000108407	CCAGTTCCAGAAGATCTCTGAGGAACTCAAAGTGAAAGGGCCCAAGGACTCTAAGGACAGCCATACATCAGTCACCATGGAAGCTCTGCTGTA	76472578	76459346	13232	76463527	9051	76464253	4907	726
ENSMUST00000108407	CCAGTTCCAGAAGATCTCTGAGGAACTCAAAGTGAAAGGGCCCAAGGACTCTAAGGACAGCCATACATCAGTCACCATGGAAGCTCTGCTGTA	76472578	76468776	3802	76478994	-6416	76464253	-4523	-14741
ENSMUST00000108407	CCAGTTCCAGAAGATCTCTGAGGAACTCAAAGTGAAAGGGCCCAAGGACTCTAAGGACAGCCATACATCAGTCACCATGGAAGCTCTGCTGTA	76472578	76479180	-6602	76508887	-36309	76464253	-14927	-44634
ENSMUST00000108407	CCAGTTCCAGAAGATCTCTGAGGAACTCAAAGTGAAAGGGCCCAAGGACTCTAAGGACAGCCATACATCAGTCACCATGGAAGCTCTGCTGTA	76472578	76486536	-13958	76571030	-98452	76464253	-22283	-106777
ENSMUST00000030806	ACTTGGAGTTTTCTCTCCTAAAAAGACCCCACATCTTGTTAACCTCAATGAAGACCCATTAATGTCGGAGTGTTTGCTCTATTACATCAAGGA	149251806	149181602	70204	149182267	69539	149247232	65630	64965
ENSMUST00000030806	ACTTGGAGTTTTCTCTCCTAAAAAGACCCCACATCTTGTTAACCTCAATGAAGACCCATTAATGTCGGAGTGTTTGCTCTATTACATCAAGGA	149251806	149184430	67376	149187590	64216	149247232	62802	59642
ENSMUST00000030806	ACTTGGAGTTTTCTCTCCTAAAAAGACCCCACATCTTGTTAACCTCAATGAAGACCCATTAATGTCGGAGTGTTTGCTCTATTACATCAAGGA	149251806	149192687	59119	149198431	53375	149247232	54545	48801
ENSMUST00000030806	ACTTGGAGTTTTCTCTCCTAAAAAGACCCCACATCTTGTTAACCTCAATGAAGACCCATTAATGTCGGAGTGTTTGCTCTATTACATCAAGGA	149251806	149192687	59119	149199257	52549	149247232	54545	47975
ENSMUST00000030806	ACTTGGAGTTTTCTCTCCTAAAAAGACCCCACATCTTGTTAACCTCAATGAAGACCCATTAATGTCGGAGTGTTTGCTCTATTACATCAAGGA	149251806	149213752	38054	149214906	36900	149247232	33480	32326
ENSMUST00000030806	ACTTGGAGTTTTCTCTCCTAAAAAGACCCCACATCTTGTTAACCTCAATGAAGACCCATTAATGTCGGAGTGTTTGCTCTATTACATCAAGGA	149251806	149215025	36781	149222226	29580	149247232	32207	25006
ENSMUST00000030806	ACTTGGAGTTTTCTCTCCTAAAAAGACCCCACATCTTGTTAACCTCAATGAAGACCCATTAATGTCGGAGTGTTTGCTCTATTACATCAAGGA	149251806	149253751	-1945	149262135	-10329	149247232	-6519	-14903
ENSMUST00000030806	ACTTGGAGTTTTCTCTCCTAAAAAGACCCCACATCTTGTTAACCTCAATGAAGACCCATTAATGTCGGAGTGTTTGCTCTATTACATCAAGGA	149251806	149253751	-1945	149262135	-10329	149247232	-6519	-14903
ENSMUST00000030806	ACTTGGAGTTTTCTCTCCTAAAAAGACCCCACATCTTGTTAACCTCAATGAAGACCCATTAATGTCGGAGTGTTTGCTCTATTACATCAAGGA	149251806	149258003	-6197	149262135	-10329	149247232	-10771	-14903
ENSMUST00000030806	ACTTGGAGTTTTCTCTCCTAAAAAGACCCCACATCTTGTTAACCTCAATGAAGACCCATTAATGTCGGAGTGTTTGCTCTATTACATCAAGGA	149251806	149258081	-6275	149262135	-10329	149247232	-10849	-14903
ENSMUST00000030806	ACTTGGAGTTTTCTCTCCTAAAAAGACCCCACATCTTGTTAACCTCAATGAAGACCCATTAATGTCGGAGTGTTTGCTCTATTACATCAAGGA	149251806	149263690	-11884	149266251	-14445	149247232	-16458	-19019
ENSMUST00000030806	ACTTGGAGTTTTCTCTCCTAAAAAGACCCCACATCTTGTTAACCTCAATGAAGACCCATTAATGTCGGAGTGTTTGCTCTATTACATCAAGGA	149251806	149267283	-15477	149270716	-18910	149247232	-20051	-23484
ENSMUST00000030806	ACTTGGAGTTTTCTCTCCTAAAAAGACCCCACATCTTGTTAACCTCAATGAAGACCCATTAATGTCGGAGTGTTTGCTCTATTACATCAAGGA	149251806	149275095	-23289	149291301	-39495	149247232	-27863	-44069
ENSMUST00000168621	ACAACATCACAGTTCATCCTTTCCTGGGTCAGACGGAGGGCACACCAGGCTTCCTCCAAGTGTACACTTCCCCCGATCAGGTCTCTGACTTCC	90464664	90463338	1326	90468249	-3585	90463111	-227	-5138
ENSMUST00000168621	ACAACATCACAGTTCATCCTTTCCTGGGTCAGACGGAGGGCACACCAGGCTTCCTCCAAGTGTACACTTCCCCCGATCAGGTCTCTGACTTCC	90464664	90464727	-63	90469533	-4869	90463111	-1616	-6422
ENSMUST00000185333	AACACAGTACATGGCATCTTGGACCAAATATCTGGACTGTAGACTGTTGCTCGATCCTCGCAGCATTCGAGGTTTCTCCATCTTAGTGACATTT	126737673	126708707	28966	126735214	2459	126737767	29060	2553
ENSMUST00000106983	CTGACACTTCTCAGCAGGATCCACATACCCTAAGGAGTGGAAGACTCCTTGGCGCTTGGTGCTTCAACCGGACTGACTTCCTGGGCCTGGAGTT	101869272	101864094	5178	101869156	116	101868460	4366	-696
ENSMUST00000106983	CTGACACTTCTCAGCAGGATCCACATACCCTAAGGAGTGGAAGACTCCTTGGCGCTTGGTGCTTCAACCGGACTGACTTCCTGGGCCTGGAGTT	101869272	101864094	5178	101869156	116	101868460	4366	-696
ENSMUST00000106983	CTGACACTTCTCAGCAGGATCCACATACCCTAAGGAGTGGAAGACTCCTTGGCGCTTGGTGCTTCAACCGGACTGACTTCCTGGGCCTGGAGTT	101869272	101864094	5178	101869156	116	101868460	4366	-696
ENSMUST00000106983	CTGACACTTCTCAGCAGGATCCACATACCCTAAGGAGTGGAAGACTCCTTGGCGCTTGGTGCTTCAACCGGACTGACTTCCTGGGCCTGGAGTT	101869272	101864094	5178	101869156	116	101868460	4366	-696
ENSMUST00000206832	AGCCGCTTTGAAAACTACGGAGACAAATTTGCTGAGAACGATGTGATTGGCTGCTTTGCGGACTTTGAATGTGGAAATGATGTGGAGCTTTCTTT	25740887	25722363	18524	25724554	16333	25734601	12238	10047
ENSMUST00000206832	AGCCGCTTTGAAAACTACGGAGACAAATTTGCTGAGAACGATGTGATTGGCTGCTTTGCGGACTTTGAATGTGGAAATGATGTGGAGCTTTCTTT	25740887	25734825	6062	25742926	-2039	25734601	-224	-8325
ENSMUST00000206832	AGCCGCTTTGAAAACTACGGAGACAAATTTGCTGAGAACGATGTGATTGGCTGCTTTGCGGACTTTGAATGTGGAAATGATGTGGAGCTTTCTTT	25740887	25734825	6062	25745092	-4205	25734601	-224	-10491
ENSMUST00000206832	AGCCGCTTTGAAAACTACGGAGACAAATTTGCTGAGAACGATGTGATTGGCTGCTTTGCGGACTTTGAATGTGGAAATGATGTGGAGCTTTCTTT	25740887	25748476	-7589	25754340	-13453	25734601	-13875	-19739
ENSMUST00000090247	AGTTGAAGAAGAAGGTGATCAAGGCCCCCATTGAGGACTTGGACTTAGAAGGGCAGAAGCTGCTTCAGCGGATACAGAGCAGCGACAGTTTCCCC	27902746	27733030	169716	27735378	167368	27902841	169811	167463
ENSMUST00000090247	AGTTGAAGAAGAAGGTGATCAAGGCCCCCATTGAGGACTTGGACTTAGAAGGGCAGAAGCTGCTTCAGCGGATACAGAGCAGCGACAGTTTCCCC	27902746	27736525	166221	27740915	161831	27902841	166316	161926
ENSMUST00000090247	AGTTGAAGAAGAAGGTGATCAAGGCCCCCATTGAGGACTTGGACTTAGAAGGGCAGAAGCTGCTTCAGCGGATACAGAGCAGCGACAGTTTCCCC	27902746	27740696	162050	27743952	158794	27902841	162145	158889
ENSMUST00000090247	AGTTGAAGAAGAAGGTGATCAAGGCCCCCATTGAGGACTTGGACTTAGAAGGGCAGAAGCTGCTTCAGCGGATACAGAGCAGCGACAGTTTCCCC	27902746	27856234	46512	27881306	21440	27902841	46607	21535
ENSMUST00000090247	AGTTGAAGAAGAAGGTGATCAAGGCCCCCATTGAGGACTTGGACTTAGAAGGGCAGAAGCTGCTTCAGCGGATACAGAGCAGCGACAGTTTCCCC	27902746	27905331	-2585	27919216	-16470	27902841	-2490	-16375
ENSMUST00000089003	ACACACACACCTACACAGGAGATGGTTGGTTTGTCAGAACTCACTGTAATACACAAGCTTGCACTTCTGCGTCCTATATCTAGCAGCATGGGATA	113748651	113748848	-197	113755216	-6565	113748746	-102	-6470
ENSMUST00000089003	ACACACACACCTACACAGGAGATGGTTGGTTTGTCAGAACTCACTGTAATACACAAGCTTGCACTTCTGCGTCCTATATCTAGCAGCATGGGATA	113748651	113748848	-197	113756831	-8180	113748746	-102	-8085
ENSMUST00000089003	ACACACACACCTACACAGGAGATGGTTGGTTTGTCAGAACTCACTGTAATACACAAGCTTGCACTTCTGCGTCCTATATCTAGCAGCATGGGATA	113748651	113757014	-8363	113759122	-10471	113748746	-8268	-10376
ENSMUST00000089003	ACACACACACCTACACAGGAGATGGTTGGTTTGTCAGAACTCACTGTAATACACAAGCTTGCACTTCTGCGTCCTATATCTAGCAGCATGGGATA	113748651	113774446	-25795	113793665	-45014	113748746	-25700	-44919
ENSMUST00000089003	ACACACACACCTACACAGGAGATGGTTGGTTTGTCAGAACTCACTGTAATACACAAGCTTGCACTTCTGCGTCCTATATCTAGCAGCATGGGATA	113748651	113789995	-41344	113796238	-47587	113748746	-41249	-47492
ENSMUST00000089003	ACACACACACCTACACAGGAGATGGTTGGTTTGTCAGAACTCACTGTAATACACAAGCTTGCACTTCTGCGTCCTATATCTAGCAGCATGGGATA	113748651	113796397	-47746	113802485	-53834	113748746	-47651	-53739
ENSMUST00000089003	ACACACACACCTACACAGGAGATGGTTGGTTTGTCAGAACTCACTGTAATACACAAGCTTGCACTTCTGCGTCCTATATCTAGCAGCATGGGATA	113748651	113796397	-47746	113803746	-55095	113748746	-47651	-55000
ENSMUST00000089003	ACACACACACCTACACAGGAGATGGTTGGTTTGTCAGAACTCACTGTAATACACAAGCTTGCACTTCTGCGTCCTATATCTAGCAGCATGGGATA	113748651	113796397	-47746	113805460	-56809	113748746	-47651	-56714
ENSMUST00000089003	ACACACACACCTACACAGGAGATGGTTGGTTTGTCAGAACTCACTGTAATACACAAGCTTGCACTTCTGCGTCCTATATCTAGCAGCATGGGATA	113748651	113796397	-47746	113803746	-55095	113748746	-47651	-55000
ENSMUST00000089003	ACACACACACCTACACAGGAGATGGTTGGTTTGTCAGAACTCACTGTAATACACAAGCTTGCACTTCTGCGTCCTATATCTAGCAGCATGGGATA	113748651	113796397	-47746	113805460	-56809	113748746	-47651	-56714
ENSMUST00000089003	ACACACACACCTACACAGGAGATGGTTGGTTTGTCAGAACTCACTGTAATACACAAGCTTGCACTTCTGCGTCCTATATCTAGCAGCATGGGATA	113748651	113797151	-48500	113803746	-55095	113748746	-48405	-55000
ENSMUST00000089003	ACACACACACCTACACAGGAGATGGTTGGTTTGTCAGAACTCACTGTAATACACAAGCTTGCACTTCTGCGTCCTATATCTAGCAGCATGGGATA	113748651	113797151	-48500	113805460	-56809	113748746	-48405	-56714
ENSMUST00000089003	ACACACACACCTACACAGGAGATGGTTGGTTTGTCAGAACTCACTGTAATACACAAGCTTGCACTTCTGCGTCCTATATCTAGCAGCATGGGATA	113748651	113796397	-47746	113805460	-56809	113748746	-47651	-56714
ENSMUST00000089003	ACACACACACCTACACAGGAGATGGTTGGTTTGTCAGAACTCACTGTAATACACAAGCTTGCACTTCTGCGTCCTATATCTAGCAGCATGGGATA	113748651	113797151	-48500	113805460	-56809	113748746	-48405	-56714
ENSMUST00000089003	ACACACACACCTACACAGGAGATGGTTGGTTTGTCAGAACTCACTGTAATACACAAGCTTGCACTTCTGCGTCCTATATCTAGCAGCATGGGATA	113748651	113802545	-53894	113805460	-56809	113748746	-53799	-56714
ENSMUST00000089003	ACACACACACCTACACAGGAGATGGTTGGTTTGTCAGAACTCACTGTAATACACAAGCTTGCACTTCTGCGTCCTATATCTAGCAGCATGGGATA	113748651	113814044	-65393	113842131	-93480	113748746	-65298	-93385
ENSMUST00000089003	ACACACACACCTACACAGGAGATGGTTGGTTTGTCAGAACTCACTGTAATACACAAGCTTGCACTTCTGCGTCCTATATCTAGCAGCATGGGATA	113748651	113817345	-68694	113891252	-142601	113748746	-68599	-142506
ENSMUST00000021091	CCTCCTTCCTCCCTTCCCTCTCCCTCCCCCTCCCCCGCTGGTGGATGGGAGTGAAGGACGGAAGAGGCCCTGCGGAGGCGGTGGTGCAGCGCTCCG	74724575	74677742	46833	74683458	41117	74699312	21570	15854
ENSMUST00000021091	CCTCCTTCCTCCCTTCCCTCTCCCTCCCCCTCCCCCGCTGGTGGATGGGAGTGAAGGACGGAAGAGGCCCTGCGGAGGCGGTGGTGCAGCGCTCCG	74724575	74679614	44961	74683458	41117	74699312	19698	15854
ENSMUST00000021091	CCTCCTTCCTCCCTTCCCTCTCCCTCCCCCTCCCCCGCTGGTGGATGGGAGTGAAGGACGGAAGAGGCCCTGCGGAGGCGGTGGTGCAGCGCTCCG	74724575	74690610	33965	74723199	1376	74699312	8702	-23887
ENSMUST00000021091	CCTCCTTCCTCCCTTCCCTCTCCCTCCCCCTCCCCCGCTGGTGGATGGGAGTGAAGGACGGAAGAGGCCCTGCGGAGGCGGTGGTGCAGCGCTCCG	74724575	74690610	33965	74723998	577	74699312	8702	-24686
ENSMUST00000090558	AAAAAAAATACAAAGATGCTGGATGCTAACTTGATACTAACCATCAGATTGTACAGTTTGATTGTCGCTGTAAATATGGTAGAGTTTTGTTTTTGT	108392517	108393510	-993	108393935	-1418	108392613	-897	-1322
ENSMUST00000090558	AAAAAAAATACAAAGATGCTGGATGCTAACTTGATACTAACCATCAGATTGTACAGTTTGATTGTCGCTGTAAATATGGTAGAGTTTTGTTTTTGT	108392517	108393510	-993	108394212	-1695	108392613	-897	-1599
ENSMUST00000090558	AAAAAAAATACAAAGATGCTGGATGCTAACTTGATACTAACCATCAGATTGTACAGTTTGATTGTCGCTGTAAATATGGTAGAGTTTTGTTTTTGT	108392517	108397410	-4893	108397759	-5242	108392613	-4797	-5146
ENSMUST00000090558	AAAAAAAATACAAAGATGCTGGATGCTAACTTGATACTAACCATCAGATTGTACAGTTTGATTGTCGCTGTAAATATGGTAGAGTTTTGTTTTTGT	108392517	108401687	-9170	108402447	-9930	108392613	-9074	-9834
ENSMUST00000090558	AAAAAAAATACAAAGATGCTGGATGCTAACTTGATACTAACCATCAGATTGTACAGTTTGATTGTCGCTGTAAATATGGTAGAGTTTTGTTTTTGT	108392517	108402573	-10056	108403220	-10703	108392613	-9960	-10607
ENSMUST00000030381	CTCCCCCGACTCGGAAATCACTGAACTCAAGTTTCCATCAATAAGTCAGGACTGATCTGGATGAGTCTTCAACTTCAGCTTTGACAGTTTACAACT	120541340	120540654	686	120541862	-522	120539923	-731	-1939
ENSMUST00000030381	CTCCCCCGACTCGGAAATCACTGAACTCAAGTTTCCATCAATAAGTCAGGACTGATCTGGATGAGTCTTCAACTTCAGCTTTGACAGTTTACAACT	120541340	120541381	-41	120542530	-1190	120539923	-1458	-2607
ENSMUST00000030381	CTCCCCCGACTCGGAAATCACTGAACTCAAGTTTCCATCAATAAGTCAGGACTGATCTGGATGAGTCTTCAACTTCAGCTTTGACAGTTTACAACT	120541340	120542765	-1425	120545017	-3677	120539923	-2842	-5094
ENSMUST00000030381	CTCCCCCGACTCGGAAATCACTGAACTCAAGTTTCCATCAATAAGTCAGGACTGATCTGGATGAGTCTTCAACTTCAGCTTTGACAGTTTACAACT	120541340	120548149	-6809	120552879	-11539	120539923	-8226	-12956
ENSMUST00000030381	CTCCCCCGACTCGGAAATCACTGAACTCAAGTTTCCATCAATAAGTCAGGACTGATCTGGATGAGTCTTCAACTTCAGCTTTGACAGTTTACAACT	120541340	120553012	-11672	120558278	-16938	120539923	-13089	-18355
ENSMUST00000030381	CTCCCCCGACTCGGAAATCACTGAACTCAAGTTTCCATCAATAAGTCAGGACTGATCTGGATGAGTCTTCAACTTCAGCTTTGACAGTTTACAACT	120541340	120565439	-24099	120570150	-28810	120539923	-25516	-30227
ENSMUST00000045243	AGCACCTCCAAGGAGAACTGCACAGCAAGAGCCAGCAGCTCCATGTTCTGGAGGCGGAAAAATACAATGAGATTCGAACCCAGGGACAAAACATCC	97755463	97690853	64610	97692595	62868	97755559	64706	62964
ENSMUST00000045243	AGCACCTCCAAGGAGAACTGCACAGCAAGAGCCAGCAGCTCCATGTTCTGGAGGCGGAAAAATACAATGAGATTCGAACCCAGGGACAAAACATCC	97755463	97695118	60345	97696989	58474	97755559	60441	58570
ENSMUST00000045243	AGCACCTCCAAGGAGAACTGCACAGCAAGAGCCAGCAGCTCCATGTTCTGGAGGCGGAAAAATACAATGAGATTCGAACCCAGGGACAAAACATCC	97755463	97703418	52045	97709481	45982	97755559	52141	46078
ENSMUST00000045243	AGCACCTCCAAGGAGAACTGCACAGCAAGAGCCAGCAGCTCCATGTTCTGGAGGCGGAAAAATACAATGAGATTCGAACCCAGGGACAAAACATCC	97755463	97703418	52045	97710220	45243	97755559	52141	45339
ENSMUST00000045243	AGCACCTCCAAGGAGAACTGCACAGCAAGAGCCAGCAGCTCCATGTTCTGGAGGCGGAAAAATACAATGAGATTCGAACCCAGGGACAAAACATCC	97755463	97703418	52045	97710220	45243	97755559	52141	45339
ENSMUST00000045243	AGCACCTCCAAGGAGAACTGCACAGCAAGAGCCAGCAGCTCCATGTTCTGGAGGCGGAAAAATACAATGAGATTCGAACCCAGGGACAAAACATCC	97755463	97707057	48406	97710220	45243	97755559	48502	45339
ENSMUST00000045243	AGCACCTCCAAGGAGAACTGCACAGCAAGAGCCAGCAGCTCCATGTTCTGGAGGCGGAAAAATACAATGAGATTCGAACCCAGGGACAAAACATCC	97755463	97719717	35746	97730826	24637	97755559	35842	24733
ENSMUST00000045243	AGCACCTCCAAGGAGAACTGCACAGCAAGAGCCAGCAGCTCCATGTTCTGGAGGCGGAAAAATACAATGAGATTCGAACCCAGGGACAAAACATCC	97755463	97743602	11861	97747516	7947	97755559	11957	8043
ENSMUST00000045243	AGCACCTCCAAGGAGAACTGCACAGCAAGAGCCAGCAGCTCCATGTTCTGGAGGCGGAAAAATACAATGAGATTCGAACCCAGGGACAAAACATCC	97755463	97757651	-2188	97792738	-37275	97755559	-2092	-37179
ENSMUST00000045243	AGCACCTCCAAGGAGAACTGCACAGCAAGAGCCAGCAGCTCCATGTTCTGGAGGCGGAAAAATACAATGAGATTCGAACCCAGGGACAAAACATCC	97755463	97796808	-41345	97841633	-86170	97755559	-41249	-86074
ENSMUST00000086854	CCACAGTCAGAAACTACGTGGAGAATCGGCCCAAGTACGCAGGACTCACCTTCCCCAAGCTCTTTCCAGATTCCCTCTTCCCAGCGGATTCTGAGC	102966525	102913327	53198	102928222	38303	102966621	53294	38399
ENSMUST00000086854	CCACAGTCAGAAACTACGTGGAGAATCGGCCCAAGTACGCAGGACTCACCTTCCCCAAGCTCTTTCCAGATTCCCTCTTCCCAGCGGATTCTGAGC	102966525	102913327	53198	102989619	-23094	102966621	53294	-22998
ENSMUST00000086854	CCACAGTCAGAAACTACGTGGAGAATCGGCCCAAGTACGCAGGACTCACCTTCCCCAAGCTCTTTCCAGATTCCCTCTTCCCAGCGGATTCTGAGC	102966525	102913327	53198	102963466	3059	102966621	53294	3155
ENSMUST00000086854	CCACAGTCAGAAACTACGTGGAGAATCGGCCCAAGTACGCAGGACTCACCTTCCCCAAGCTCTTTCCAGATTCCCTCTTCCCAGCGGATTCTGAGC	102966525	102966628	-103	102989619	-23094	102966621	-7	-22998
ENSMUST00000086854	CCACAGTCAGAAACTACGTGGAGAATCGGCCCAAGTACGCAGGACTCACCTTCCCCAAGCTCTTTCCAGATTCCCTCTTCCCAGCGGATTCTGAGC	102966525	102966628	-103	102989619	-23094	102966621	-7	-22998
ENSMUST00000086854	CCACAGTCAGAAACTACGTGGAGAATCGGCCCAAGTACGCAGGACTCACCTTCCCCAAGCTCTTTCCAGATTCCCTCTTCCCAGCGGATTCTGAGC	102966525	102990642	-24117	102996583	-30058	102966621	-24021	-29962
ENSMUST00000086854	CCACAGTCAGAAACTACGTGGAGAATCGGCCCAAGTACGCAGGACTCACCTTCCCCAAGCTCTTTCCAGATTCCCTCTTCCCAGCGGATTCTGAGC	102966525	102913327	53198	103205825	-239300	102966621	53294	-239204
ENSMUST00000086854	CCACAGTCAGAAACTACGTGGAGAATCGGCCCAAGTACGCAGGACTCACCTTCCCCAAGCTCTTTCCAGATTCCCTCTTCCCAGCGGATTCTGAGC	102966525	102991927	-25402	103038518	-71993	102966621	-25306	-71897
ENSMUST00000086854	CCACAGTCAGAAACTACGTGGAGAATCGGCCCAAGTACGCAGGACTCACCTTCCCCAAGCTCTTTCCAGATTCCCTCTTCCCAGCGGATTCTGAGC	102966525	102991927	-25402	103205825	-239300	102966621	-25306	-239204
ENSMUST00000086854	CCACAGTCAGAAACTACGTGGAGAATCGGCCCAAGTACGCAGGACTCACCTTCCCCAAGCTCTTTCCAGATTCCCTCTTCCCAGCGGATTCTGAGC	102966525	102991927	-25402	103205825	-239300	102966621	-25306	-239204
ENSMUST00000086854	CCACAGTCAGAAACTACGTGGAGAATCGGCCCAAGTACGCAGGACTCACCTTCCCCAAGCTCTTTCCAGATTCCCTCTTCCCAGCGGATTCTGAGC	102966525	102996713	-30188	103205825	-239300	102966621	-30092	-239204
ENSMUST00000086854	CCACAGTCAGAAACTACGTGGAGAATCGGCCCAAGTACGCAGGACTCACCTTCCCCAAGCTCTTTCCAGATTCCCTCTTCCCAGCGGATTCTGAGC	102966525	103038688	-72163	103205825	-239300	102966621	-72067	-239204
ENSMUST00000086854	CCACAGTCAGAAACTACGTGGAGAATCGGCCCAAGTACGCAGGACTCACCTTCCCCAAGCTCTTTCCAGATTCCCTCTTCCCAGCGGATTCTGAGC	102966525	103058392	-91867	103210889	-244364	102966621	-91771	-244268
ENSMUST00000086854	CCACAGTCAGAAACTACGTGGAGAATCGGCCCAAGTACGCAGGACTCACCTTCCCCAAGCTCTTTCCAGATTCCCTCTTCCCAGCGGATTCTGAGC	102966525	103205940	-239415	103211293	-244768	102966621	-239319	-244672
ENSMUST00000065304	GTTCTGTGACTGTAAAAGTAGGAATTAGTCGTCTTTCCAGTCCTTTTGGGAAACGACTCACAGACTGCGATAGGTAGAATGCCTTACTCCATCTTCT	7427391	7427875	-484	7430985	-3594	7427488	-387	-3497
ENSMUST00000065304	GTTCTGTGACTGTAAAAGTAGGAATTAGTCGTCTTTCCAGTCCTTTTGGGAAACGACTCACAGACTGCGATAGGTAGAATGCCTTACTCCATCTTCT	7427391	7427875	-484	7431965	-4574	7427488	-387	-4477
ENSMUST00000065304	GTTCTGTGACTGTAAAAGTAGGAATTAGTCGTCTTTCCAGTCCTTTTGGGAAACGACTCACAGACTGCGATAGGTAGAATGCCTTACTCCATCTTCT	7427391	7427875	-484	7431965	-4574	7427488	-387	-4477
ENSMUST00000065304	GTTCTGTGACTGTAAAAGTAGGAATTAGTCGTCTTTCCAGTCCTTTTGGGAAACGACTCACAGACTGCGATAGGTAGAATGCCTTACTCCATCTTCT	7427391	7427875	-484	7432451	-5060	7427488	-387	-4963
ENSMUST00000065304	GTTCTGTGACTGTAAAAGTAGGAATTAGTCGTCTTTCCAGTCCTTTTGGGAAACGACTCACAGACTGCGATAGGTAGAATGCCTTACTCCATCTTCT	7427391	7429809	-2418	7431965	-4574	7427488	-2321	-4477
ENSMUST00000065304	GTTCTGTGACTGTAAAAGTAGGAATTAGTCGTCTTTCCAGTCCTTTTGGGAAACGACTCACAGACTGCGATAGGTAGAATGCCTTACTCCATCTTCT	7427391	7427875	-484	7432451	-5060	7427488	-387	-4963
ENSMUST00000065304	GTTCTGTGACTGTAAAAGTAGGAATTAGTCGTCTTTCCAGTCCTTTTGGGAAACGACTCACAGACTGCGATAGGTAGAATGCCTTACTCCATCTTCT	7427391	7431032	-3641	7432451	-5060	7427488	-3544	-4963
ENSMUST00000065304	GTTCTGTGACTGTAAAAGTAGGAATTAGTCGTCTTTCCAGTCCTTTTGGGAAACGACTCACAGACTGCGATAGGTAGAATGCCTTACTCCATCTTCT	7427391	7431032	-3641	7434930	-7539	7427488	-3544	-7442
ENSMUST00000065304	GTTCTGTGACTGTAAAAGTAGGAATTAGTCGTCTTTCCAGTCCTTTTGGGAAACGACTCACAGACTGCGATAGGTAGAATGCCTTACTCCATCTTCT	7427391	7432590	-5199	7456299	-28908	7427488	-5102	-28811
ENSMUST00000065304	GTTCTGTGACTGTAAAAGTAGGAATTAGTCGTCTTTCCAGTCCTTTTGGGAAACGACTCACAGACTGCGATAGGTAGAATGCCTTACTCCATCTTCT	7427391	7432590	-5199	7482938	-55547	7427488	-5102	-55450
ENSMUST00000065304	GTTCTGTGACTGTAAAAGTAGGAATTAGTCGTCTTTCCAGTCCTTTTGGGAAACGACTCACAGACTGCGATAGGTAGAATGCCTTACTCCATCTTCT	7427391	7432590	-5199	7482938	-55547	7427488	-5102	-55450
ENSMUST00000065304	GTTCTGTGACTGTAAAAGTAGGAATTAGTCGTCTTTCCAGTCCTTTTGGGAAACGACTCACAGACTGCGATAGGTAGAATGCCTTACTCCATCTTCT	7427391	7435138	-7747	7467810	-40419	7427488	-7650	-40322
ENSMUST00000065304	GTTCTGTGACTGTAAAAGTAGGAATTAGTCGTCTTTCCAGTCCTTTTGGGAAACGACTCACAGACTGCGATAGGTAGAATGCCTTACTCCATCTTCT	7427391	7435138	-7747	7482938	-55547	7427488	-7650	-55450
ENSMUST00000065304	GTTCTGTGACTGTAAAAGTAGGAATTAGTCGTCTTTCCAGTCCTTTTGGGAAACGACTCACAGACTGCGATAGGTAGAATGCCTTACTCCATCTTCT	7427391	7435138	-7747	7482938	-55547	7427488	-7650	-55450
ENSMUST00000065304	GTTCTGTGACTGTAAAAGTAGGAATTAGTCGTCTTTCCAGTCCTTTTGGGAAACGACTCACAGACTGCGATAGGTAGAATGCCTTACTCCATCTTCT	7427391	7458423	-31032	7482938	-55547	7427488	-30935	-55450
ENSMUST00000022819	GTTCTCCCAGCTCCTCACCTGAGGCAACATCCTGGCTTCCTTCGGGTTCTGGCTGCCTGCCTCTGCACCCACTCTGACCTTCGACCTGCCTTCTCTT	55106893	55108395	-1502	55110076	-3183	55106990	-1405	-3086
ENSMUST00000022819	GTTCTCCCAGCTCCTCACCTGAGGCAACATCCTGGCTTCCTTCGGGTTCTGGCTGCCTGCCTCTGCACCCACTCTGACCTTCGACCTGCCTTCTCTT	55106893	55114178	-7285	55115990	-9097	55106990	-7188	-9000
ENSMUST00000174331	AGATTATGAGGAGTTGGTCAGCTGGCACAACTGGAGCAGGGGTTGGAACTTGCATTTGAGACAAAGTGCTGGCTTTTTTTTTCTTTTTTTCTTTTCT	90036272	90037384	-1112	90088164	-51892	90036369	-1015	-51795
ENSMUST00000174331	AGATTATGAGGAGTTGGTCAGCTGGCACAACTGGAGCAGGGGTTGGAACTTGCATTTGAGACAAAGTGCTGGCTTTTTTTTTCTTTTTTTCTTTTCT	90036272	90037384	-1112	90162113	-125841	90036369	-1015	-125744
ENSMUST00000174331	AGATTATGAGGAGTTGGTCAGCTGGCACAACTGGAGCAGGGGTTGGAACTTGCATTTGAGACAAAGTGCTGGCTTTTTTTTTCTTTTTTTCTTTTCT	90036272	90037384	-1112	90088164	-51892	90036369	-1015	-51795
ENSMUST00000174331	AGATTATGAGGAGTTGGTCAGCTGGCACAACTGGAGCAGGGGTTGGAACTTGCATTTGAGACAAAGTGCTGGCTTTTTTTTTCTTTTTTTCTTTTCT	90036272	90037384	-1112	90162113	-125841	90036369	-1015	-125744
ENSMUST00000174331	AGATTATGAGGAGTTGGTCAGCTGGCACAACTGGAGCAGGGGTTGGAACTTGCATTTGAGACAAAGTGCTGGCTTTTTTTTTCTTTTTTTCTTTTCT	90036272	90059563	-23291	90087973	-51701	90036369	-23194	-51604
ENSMUST00000174331	AGATTATGAGGAGTTGGTCAGCTGGCACAACTGGAGCAGGGGTTGGAACTTGCATTTGAGACAAAGTGCTGGCTTTTTTTTTCTTTTTTTCTTTTCT	90036272	90059563	-23291	90208322	-172050	90036369	-23194	-171953
ENSMUST00000174331	AGATTATGAGGAGTTGGTCAGCTGGCACAACTGGAGCAGGGGTTGGAACTTGCATTTGAGACAAAGTGCTGGCTTTTTTTTTCTTTTTTTCTTTTCT	90036272	90059563	-23291	90362759	-326487	90036369	-23194	-326390
ENSMUST00000174331	AGATTATGAGGAGTTGGTCAGCTGGCACAACTGGAGCAGGGGTTGGAACTTGCATTTGAGACAAAGTGCTGGCTTTTTTTTTCTTTTTTTCTTTTCT	90036272	90162433	-126161	90208322	-172050	90036369	-126064	-171953
ENSMUST00000174331	AGATTATGAGGAGTTGGTCAGCTGGCACAACTGGAGCAGGGGTTGGAACTTGCATTTGAGACAAAGTGCTGGCTTTTTTTTTCTTTTTTTCTTTTCT	90036272	90162433	-126161	90362759	-326487	90036369	-126064	-326390
ENSMUST00000174331	AGATTATGAGGAGTTGGTCAGCTGGCACAACTGGAGCAGGGGTTGGAACTTGCATTTGAGACAAAGTGCTGGCTTTTTTTTTCTTTTTTTCTTTTCT	90036272	90059563	-23291	90362759	-326487	90036369	-23194	-326390
ENSMUST00000174331	AGATTATGAGGAGTTGGTCAGCTGGCACAACTGGAGCAGGGGTTGGAACTTGCATTTGAGACAAAGTGCTGGCTTTTTTTTTCTTTTTTTCTTTTCT	90036272	90162433	-126161	90362759	-326487	90036369	-126064	-326390
ENSMUST00000174331	AGATTATGAGGAGTTGGTCAGCTGGCACAACTGGAGCAGGGGTTGGAACTTGCATTTGAGACAAAGTGCTGGCTTTTTTTTTCTTTTTTTCTTTTCT	90036272	90163881	-127609	90362759	-326487	90036369	-127512	-326390
ENSMUST00000174331	AGATTATGAGGAGTTGGTCAGCTGGCACAACTGGAGCAGGGGTTGGAACTTGCATTTGAGACAAAGTGCTGGCTTTTTTTTTCTTTTTTTCTTTTCT	90036272	90059563	-23291	90560740	-524468	90036369	-23194	-524371
ENSMUST00000174331	AGATTATGAGGAGTTGGTCAGCTGGCACAACTGGAGCAGGGGTTGGAACTTGCATTTGAGACAAAGTGCTGGCTTTTTTTTTCTTTTTTTCTTTTCT	90036272	90163881	-127609	90560740	-524468	90036369	-127512	-524371
ENSMUST00000174331	AGATTATGAGGAGTTGGTCAGCTGGCACAACTGGAGCAGGGGTTGGAACTTGCATTTGAGACAAAGTGCTGGCTTTTTTTTTCTTTTTTTCTTTTCT	90036272	90560860	-524588	90565304	-529032	90036369	-524491	-528935
ENSMUST00000174331	AGATTATGAGGAGTTGGTCAGCTGGCACAACTGGAGCAGGGGTTGGAACTTGCATTTGAGACAAAGTGCTGGCTTTTTTTTTCTTTTTTTCTTTTCT	90036272	90362941	-326669	90623419	-587147	90036369	-326572	-587050
ENSMUST00000174331	AGATTATGAGGAGTTGGTCAGCTGGCACAACTGGAGCAGGGGTTGGAACTTGCATTTGAGACAAAGTGCTGGCTTTTTTTTTCTTTTTTTCTTTTCT	90036272	90597629	-561357	90623419	-587147	90036369	-561260	-587050
ENSMUST00000174331	AGATTATGAGGAGTTGGTCAGCTGGCACAACTGGAGCAGGGGTTGGAACTTGCATTTGAGACAAAGTGCTGGCTTTTTTTTTCTTTTTTTCTTTTCT	90036272	90630268	-593996	90700743	-664471	90036369	-593899	-664374
ENSMUST00000174331	AGATTATGAGGAGTTGGTCAGCTGGCACAACTGGAGCAGGGGTTGGAACTTGCATTTGAGACAAAGTGCTGGCTTTTTTTTTCTTTTTTTCTTTTCT	90036272	90630268	-593996	90991366	-955094	90036369	-593899	-954997
ENSMUST00000174331	AGATTATGAGGAGTTGGTCAGCTGGCACAACTGGAGCAGGGGTTGGAACTTGCATTTGAGACAAAGTGCTGGCTTTTTTTTTCTTTTTTTCTTTTCT	90036272	90643429	-607157	90701966	-665694	90036369	-607060	-665597
ENSMUST00000174331	AGATTATGAGGAGTTGGTCAGCTGGCACAACTGGAGCAGGGGTTGGAACTTGCATTTGAGACAAAGTGCTGGCTTTTTTTTTCTTTTTTTCTTTTCT	90036272	90643429	-607157	90704065	-667793	90036369	-607060	-667696
ENSMUST00000174331	AGATTATGAGGAGTTGGTCAGCTGGCACAACTGGAGCAGGGGTTGGAACTTGCATTTGAGACAAAGTGCTGGCTTTTTTTTTCTTTTTTTCTTTTCT	90036272	90643429	-607157	90704065	-667793	90036369	-607060	-667696
ENSMUST00000174331	AGATTATGAGGAGTTGGTCAGCTGGCACAACTGGAGCAGGGGTTGGAACTTGCATTTGAGACAAAGTGCTGGCTTTTTTTTTCTTTTTTTCTTTTCT	90036272	90700905	-664633	90704065	-667793	90036369	-664536	-667696
ENSMUST00000174331	AGATTATGAGGAGTTGGTCAGCTGGCACAACTGGAGCAGGGGTTGGAACTTGCATTTGAGACAAAGTGCTGGCTTTTTTTTTCTTTTTTTCTTTTCT	90036272	90700905	-664633	90704065	-667793	90036369	-664536	-667696
ENSMUST00000174331	AGATTATGAGGAGTTGGTCAGCTGGCACAACTGGAGCAGGGGTTGGAACTTGCATTTGAGACAAAGTGCTGGCTTTTTTTTTCTTTTTTTCTTTTCT	90036272	90643429	-607157	90991366	-955094	90036369	-607060	-954997
ENSMUST00000174331	AGATTATGAGGAGTTGGTCAGCTGGCACAACTGGAGCAGGGGTTGGAACTTGCATTTGAGACAAAGTGCTGGCTTTTTTTTTCTTTTTTTCTTTTCT	90036272	90704367	-668095	90992114	-955842	90036369	-667998	-955745
ENSMUST00000174331	AGATTATGAGGAGTTGGTCAGCTGGCACAACTGGAGCAGGGGTTGGAACTTGCATTTGAGACAAAGTGCTGGCTTTTTTTTTCTTTTTTTCTTTTCT	90036272	90704367	-668095	91087954	-1051682	90036369	-667998	-1051585
ENSMUST00000174331	AGATTATGAGGAGTTGGTCAGCTGGCACAACTGGAGCAGGGGTTGGAACTTGCATTTGAGACAAAGTGCTGGCTTTTTTTTTCTTTTTTTCTTTTCT	90036272	90991378	-955106	90995460	-959188	90036369	-955009	-959091
ENSMUST00000174331	AGATTATGAGGAGTTGGTCAGCTGGCACAACTGGAGCAGGGGTTGGAACTTGCATTTGAGACAAAGTGCTGGCTTTTTTTTTCTTTTTTTCTTTTCT	90036272	90992144	-955872	91087954	-1051682	90036369	-955775	-1051585
ENSMUST00000089003	TAATGTGTACATTGAGATGTATTCAGTGTGATTTTTAAACCAAATTGTCTTCCTGTAGTTACAATATATACTGTAGCCTTTTAACAGCAAGTCCTGCT	113747463	113748848	-1385	113755216	-7753	113747561	-1287	-7655
ENSMUST00000089003	TAATGTGTACATTGAGATGTATTCAGTGTGATTTTTAAACCAAATTGTCTTCCTGTAGTTACAATATATACTGTAGCCTTTTAACAGCAAGTCCTGCT	113747463	113748848	-1385	113756831	-9368	113747561	-1287	-9270
ENSMUST00000089003	TAATGTGTACATTGAGATGTATTCAGTGTGATTTTTAAACCAAATTGTCTTCCTGTAGTTACAATATATACTGTAGCCTTTTAACAGCAAGTCCTGCT	113747463	113757014	-9551	113759122	-11659	113747561	-9453	-11561
ENSMUST00000089003	TAATGTGTACATTGAGATGTATTCAGTGTGATTTTTAAACCAAATTGTCTTCCTGTAGTTACAATATATACTGTAGCCTTTTAACAGCAAGTCCTGCT	113747463	113774446	-26983	113793665	-46202	113747561	-26885	-46104
ENSMUST00000089003	TAATGTGTACATTGAGATGTATTCAGTGTGATTTTTAAACCAAATTGTCTTCCTGTAGTTACAATATATACTGTAGCCTTTTAACAGCAAGTCCTGCT	113747463	113789995	-42532	113796238	-48775	113747561	-42434	-48677
ENSMUST00000089003	TAATGTGTACATTGAGATGTATTCAGTGTGATTTTTAAACCAAATTGTCTTCCTGTAGTTACAATATATACTGTAGCCTTTTAACAGCAAGTCCTGCT	113747463	113796397	-48934	113802485	-55022	113747561	-48836	-54924
ENSMUST00000089003	TAATGTGTACATTGAGATGTATTCAGTGTGATTTTTAAACCAAATTGTCTTCCTGTAGTTACAATATATACTGTAGCCTTTTAACAGCAAGTCCTGCT	113747463	113796397	-48934	113803746	-56283	113747561	-48836	-56185
ENSMUST00000089003	TAATGTGTACATTGAGATGTATTCAGTGTGATTTTTAAACCAAATTGTCTTCCTGTAGTTACAATATATACTGTAGCCTTTTAACAGCAAGTCCTGCT	113747463	113796397	-48934	113805460	-57997	113747561	-48836	-57899
ENSMUST00000089003	TAATGTGTACATTGAGATGTATTCAGTGTGATTTTTAAACCAAATTGTCTTCCTGTAGTTACAATATATACTGTAGCCTTTTAACAGCAAGTCCTGCT	113747463	113796397	-48934	113803746	-56283	113747561	-48836	-56185
ENSMUST00000089003	TAATGTGTACATTGAGATGTATTCAGTGTGATTTTTAAACCAAATTGTCTTCCTGTAGTTACAATATATACTGTAGCCTTTTAACAGCAAGTCCTGCT	113747463	113796397	-48934	113805460	-57997	113747561	-48836	-57899
ENSMUST00000089003	TAATGTGTACATTGAGATGTATTCAGTGTGATTTTTAAACCAAATTGTCTTCCTGTAGTTACAATATATACTGTAGCCTTTTAACAGCAAGTCCTGCT	113747463	113797151	-49688	113803746	-56283	113747561	-49590	-56185
ENSMUST00000089003	TAATGTGTACATTGAGATGTATTCAGTGTGATTTTTAAACCAAATTGTCTTCCTGTAGTTACAATATATACTGTAGCCTTTTAACAGCAAGTCCTGCT	113747463	113797151	-49688	113805460	-57997	113747561	-49590	-57899
ENSMUST00000089003	TAATGTGTACATTGAGATGTATTCAGTGTGATTTTTAAACCAAATTGTCTTCCTGTAGTTACAATATATACTGTAGCCTTTTAACAGCAAGTCCTGCT	113747463	113796397	-48934	113805460	-57997	113747561	-48836	-57899
ENSMUST00000089003	TAATGTGTACATTGAGATGTATTCAGTGTGATTTTTAAACCAAATTGTCTTCCTGTAGTTACAATATATACTGTAGCCTTTTAACAGCAAGTCCTGCT	113747463	113797151	-49688	113805460	-57997	113747561	-49590	-57899
ENSMUST00000089003	TAATGTGTACATTGAGATGTATTCAGTGTGATTTTTAAACCAAATTGTCTTCCTGTAGTTACAATATATACTGTAGCCTTTTAACAGCAAGTCCTGCT	113747463	113802545	-55082	113805460	-57997	113747561	-54984	-57899
ENSMUST00000089003	TAATGTGTACATTGAGATGTATTCAGTGTGATTTTTAAACCAAATTGTCTTCCTGTAGTTACAATATATACTGTAGCCTTTTAACAGCAAGTCCTGCT	113747463	113814044	-66581	113842131	-94668	113747561	-66483	-94570
ENSMUST00000089003	TAATGTGTACATTGAGATGTATTCAGTGTGATTTTTAAACCAAATTGTCTTCCTGTAGTTACAATATATACTGTAGCCTTTTAACAGCAAGTCCTGCT	113747463	113817345	-69882	113891252	-143789	113747561	-69784	-143691
ENSMUST00000161051	CTTCTTCCTGGAGGGACCGTTCATGCCGCCAAGGATGAAAATGGATAGGGACCCACTTGGGGGACTTGCTGATATGTTTGGACAAATGCCAGGTAGTG	111076997	111073950	3047	111074339	2658	111076715	2765	2376
ENSMUST00000161051	CTTCTTCCTGGAGGGACCGTTCATGCCGCCAAGGATGAAAATGGATAGGGACCCACTTGGGGGACTTGCTGATATGTTTGGACAAATGCCAGGTAGTG	111076997	111075441	1556	111076695	302	111076715	1274	20
ENSMUST00000161051	CTTCTTCCTGGAGGGACCGTTCATGCCGCCAAGGATGAAAATGGATAGGGACCCACTTGGGGGACTTGCTGATATGTTTGGACAAATGCCAGGTAGTG	111076997	111075712	1285	111076695	302	111076715	1003	20
ENSMUST00000161051	CTTCTTCCTGGAGGGACCGTTCATGCCGCCAAGGATGAAAATGGATAGGGACCCACTTGGGGGACTTGCTGATATGTTTGGACAAATGCCAGGTAGTG	111076997	111075712	1285	111076937	60	111076715	1003	-222
ENSMUST00000161051	CTTCTTCCTGGAGGGACCGTTCATGCCGCCAAGGATGAAAATGGATAGGGACCCACTTGGGGGACTTGCTGATATGTTTGGACAAATGCCAGGTAGTG	111076997	111077323	-326	111077636	-639	111076715	-608	-921
ENSMUST00000161051	CTTCTTCCTGGAGGGACCGTTCATGCCGCCAAGGATGAAAATGGATAGGGACCCACTTGGGGGACTTGCTGATATGTTTGGACAAATGCCAGGTAGTG	111076997	111077492	-495	111078024	-1027	111076715	-777	-1309
ENSMUST00000161051	CTTCTTCCTGGAGGGACCGTTCATGCCGCCAAGGATGAAAATGGATAGGGACCCACTTGGGGGACTTGCTGATATGTTTGGACAAATGCCAGGTAGTG	111076997	111078553	-1556	111080181	-3184	111076715	-1838	-3466
ENSMUST00000161051	CTTCTTCCTGGAGGGACCGTTCATGCCGCCAAGGATGAAAATGGATAGGGACCCACTTGGGGGACTTGCTGATATGTTTGGACAAATGCCAGGTAGTG	111076997	111080322	-3325	111081506	-4509	111076715	-3607	-4791
ENSMUST00000161051	CTTCTTCCTGGAGGGACCGTTCATGCCGCCAAGGATGAAAATGGATAGGGACCCACTTGGGGGACTTGCTGATATGTTTGGACAAATGCCAGGTAGTG	111076997	111073950	3047	111074339	2658	111076715	2765	2376
ENSMUST00000161051	CTTCTTCCTGGAGGGACCGTTCATGCCGCCAAGGATGAAAATGGATAGGGACCCACTTGGGGGACTTGCTGATATGTTTGGACAAATGCCAGGTAGTG	111076997	111075441	1556	111076695	302	111076715	1274	20
ENSMUST00000161051	CTTCTTCCTGGAGGGACCGTTCATGCCGCCAAGGATGAAAATGGATAGGGACCCACTTGGGGGACTTGCTGATATGTTTGGACAAATGCCAGGTAGTG	111076997	111075712	1285	111076695	302	111076715	1003	20
ENSMUST00000161051	CTTCTTCCTGGAGGGACCGTTCATGCCGCCAAGGATGAAAATGGATAGGGACCCACTTGGGGGACTTGCTGATATGTTTGGACAAATGCCAGGTAGTG	111076997	111075712	1285	111076937	60	111076715	1003	-222
ENSMUST00000161051	CTTCTTCCTGGAGGGACCGTTCATGCCGCCAAGGATGAAAATGGATAGGGACCCACTTGGGGGACTTGCTGATATGTTTGGACAAATGCCAGGTAGTG	111076997	111077323	-326	111077636	-639	111076715	-608	-921
ENSMUST00000161051	CTTCTTCCTGGAGGGACCGTTCATGCCGCCAAGGATGAAAATGGATAGGGACCCACTTGGGGGACTTGCTGATATGTTTGGACAAATGCCAGGTAGTG	111076997	111077492	-495	111078024	-1027	111076715	-777	-1309
ENSMUST00000161051	CTTCTTCCTGGAGGGACCGTTCATGCCGCCAAGGATGAAAATGGATAGGGACCCACTTGGGGGACTTGCTGATATGTTTGGACAAATGCCAGGTAGTG	111076997	111078553	-1556	111080181	-3184	111076715	-1838	-3466
ENSMUST00000161051	CTTCTTCCTGGAGGGACCGTTCATGCCGCCAAGGATGAAAATGGATAGGGACCCACTTGGGGGACTTGCTGATATGTTTGGACAAATGCCAGGTAGTG	111076997	111080322	-3325	111081506	-4509	111076715	-3607	-4791
ENSMUST00000027863	CGAGCCCGCGCTCCACTCCGCTCGCCCTTCCCGGTGACTTTCCCTCCTTGTCCCTGGTCCATCTCGCCAGAGGTCACAGCAAGCAGAGTGGTGCAGCTA	164457798	164443350	14448	164457760	38	164457897	14547	137
ENSMUST00000177302	ACAAAAGACTCTTTGTTACCCAGGTCTCCTGTAAAACCTATGGACTCCATCACATCGCCATCTATAGCAGAACTCCACAACAGTGTTACGAGTTGTGAT	44997282	45001814	-4532	45017396	-20114	44997381	-4433	-20015
ENSMUST00000177302	ACAAAAGACTCTTTGTTACCCAGGTCTCCTGTAAAACCTATGGACTCCATCACATCGCCATCTATAGCAGAACTCCACAACAGTGTTACGAGTTGTGAT	44997282	45002704	-5422	45022846	-25564	44997381	-5323	-25465
ENSMUST00000177302	ACAAAAGACTCTTTGTTACCCAGGTCTCCTGTAAAACCTATGGACTCCATCACATCGCCATCTATAGCAGAACTCCACAACAGTGTTACGAGTTGTGAT	44997282	45002704	-5422	45022846	-25564	44997381	-5323	-25465
ENSMUST00000177302	ACAAAAGACTCTTTGTTACCCAGGTCTCCTGTAAAACCTATGGACTCCATCACATCGCCATCTATAGCAGAACTCCACAACAGTGTTACGAGTTGTGAT	44997282	45023104	-25822	45112822	-115540	44997381	-25723	-115441
ENSMUST00000177302	ACAAAAGACTCTTTGTTACCCAGGTCTCCTGTAAAACCTATGGACTCCATCACATCGCCATCTATAGCAGAACTCCACAACAGTGTTACGAGTTGTGAT	44997282	45110157	-112875	45112822	-115540	44997381	-112776	-115441
ENSMUST00000177302	ACAAAAGACTCTTTGTTACCCAGGTCTCCTGTAAAACCTATGGACTCCATCACATCGCCATCTATAGCAGAACTCCACAACAGTGTTACGAGTTGTGAT	44997282	45110157	-112875	45117199	-119917	44997381	-112776	-119818
ENSMUST00000097414	ACCCTCATCAGATCTGAATTTAACAAATGCTTAGTCTCAGCAGCCTCCGGGAAAAACCTTAGCCTAGCAGTCAGTGACTTACTTGCACTTTTTGCACATA	10213415	10209631	3784	10216159	-2744	10213515	3884	-2644
ENSMUST00000097414	ACCCTCATCAGATCTGAATTTAACAAATGCTTAGTCTCAGCAGCCTCCGGGAAAAACCTTAGCCTAGCAGTCAGTGACTTACTTGCACTTTTTGCACATA	10213415	10217803	-4388	10273946	-60531	10213515	-4288	-60431
ENSMUST00000097414	ACCCTCATCAGATCTGAATTTAACAAATGCTTAGTCTCAGCAGCCTCCGGGAAAAACCTTAGCCTAGCAGTCAGTGACTTACTTGCACTTTTTGCACATA	10213415	10239036	-25621	10282838	-69423	10213515	-25521	-69323
ENSMUST00000097414	ACCCTCATCAGATCTGAATTTAACAAATGCTTAGTCTCAGCAGCCTCCGGGAAAAACCTTAGCCTAGCAGTCAGTGACTTACTTGCACTTTTTGCACATA	10213415	10239036	-25621	10318731	-105316	10213515	-25521	-105216
ENSMUST00000097414	ACCCTCATCAGATCTGAATTTAACAAATGCTTAGTCTCAGCAGCCTCCGGGAAAAACCTTAGCCTAGCAGTCAGTGACTTACTTGCACTTTTTGCACATA	10213415	10239036	-25621	10318731	-105316	10213515	-25521	-105216
ENSMUST00000097414	ACCCTCATCAGATCTGAATTTAACAAATGCTTAGTCTCAGCAGCCTCCGGGAAAAACCTTAGCCTAGCAGTCAGTGACTTACTTGCACTTTTTGCACATA	10213415	10274063	-60648	10318731	-105316	10213515	-60548	-105216
ENSMUST00000093165	GGCCAATCACAACAGGATCACCCAGTGTCTTCACCAGCAACTGGAAGTGATCCCGGGCTATGAGGAGCTGCTGGCAGACATTGTCAACATCTGTGTTGATT	46278137	46196467	81670	46200645	77492	46276862	80395	76217
ENSMUST00000093165	GGCCAATCACAACAGGATCACCCAGTGTCTTCACCAGCAACTGGAAGTGATCCCGGGCTATGAGGAGCTGCTGGCAGACATTGTCAACATCTGTGTTGATT	46278137	46222700	55437	46240003	38134	46276862	54162	36859
ENSMUST00000093165	GGCCAATCACAACAGGATCACCCAGTGTCTTCACCAGCAACTGGAAGTGATCCCGGGCTATGAGGAGCTGCTGGCAGACATTGTCAACATCTGTGTTGATT	46278137	46257702	20435	46260799	17338	46276862	19160	16063
ENSMUST00000093165	GGCCAATCACAACAGGATCACCCAGTGTCTTCACCAGCAACTGGAAGTGATCCCGGGCTATGAGGAGCTGCTGGCAGACATTGTCAACATCTGTGTTGATT	46278137	46266029	12108	46270551	7586	46276862	10833	6311
ENSMUST00000093165	GGCCAATCACAACAGGATCACCCAGTGTCTTCACCAGCAACTGGAAGTGATCCCGGGCTATGAGGAGCTGCTGGCAGACATTGTCAACATCTGTGTTGATT	46278137	46270669	7468	46274637	3500	46276862	6193	2225
ENSMUST00000093165	GGCCAATCACAACAGGATCACCCAGTGTCTTCACCAGCAACTGGAAGTGATCCCGGGCTATGAGGAGCTGCTGGCAGACATTGTCAACATCTGTGTTGATT	46278137	46272700	5437	46276778	1359	46276862	4162	84
ENSMUST00000093165	GGCCAATCACAACAGGATCACCCAGTGTCTTCACCAGCAACTGGAAGTGATCCCGGGCTATGAGGAGCTGCTGGCAGACATTGTCAACATCTGTGTTGATT	46278137	46272700	5437	46278058	79	46276862	4162	-1196
ENSMUST00000093165	GGCCAATCACAACAGGATCACCCAGTGTCTTCACCAGCAACTGGAAGTGATCCCGGGCTATGAGGAGCTGCTGGCAGACATTGTCAACATCTGTGTTGATT	46278137	46272700	5437	46278058	79	46276862	4162	-1196
ENSMUST00000093165	GGCCAATCACAACAGGATCACCCAGTGTCTTCACCAGCAACTGGAAGTGATCCCGGGCTATGAGGAGCTGCTGGCAGACATTGTCAACATCTGTGTTGATT	46278137	46274742	3395	46278058	79	46276862	2120	-1196
ENSMUST00000048966	CAGCTGCTTCTGTGGTTCAGTCTCCAAGCTGTAGCTCTACACCTTCTCCTCTCATGCAGAGTGGTGAGAATCTCCAGTGTGGGCAAGGCAATGTGCCCATG	82852748	82809787	42961	82815610	37138	82852849	43062	37239
ENSMUST00000048966	CAGCTGCTTCTGTGGTTCAGTCTCCAAGCTGTAGCTCTACACCTTCTCCTCTCATGCAGAGTGGTGAGAATCTCCAGTGTGGGCAAGGCAATGTGCCCATG	82852748	82825324	27424	82911985	-59237	82852849	27525	-59136
ENSMUST00000114897	CTAAACAGATGAAGAATGAAGTGGCTGCCCTCACAGCAGCTGGGAAAGAAGTTATGATTGTTGGAGTTGGTGAAAAAATCAAGGGCATACTTTATAGGACTC	10064218	10056161	8057	10058995	5223	10063452	7291	4457
ENSMUST00000114897	CTAAACAGATGAAGAATGAAGTGGCTGCCCTCACAGCAGCTGGGAAAGAAGTTATGATTGTTGGAGTTGGTGAAAAAATCAAGGGCATACTTTATAGGACTC	10064218	10063350	868	10064106	112	10063452	102	-654
ENSMUST00000003621	TTTTAGAGCCAGGCCTGACTGGACCTGTGGATGTTTTGTGGAACACTTTGTGGAGCATCTAGGGCAGCTTTCTACCACTCAGAGGATTCCAGGCCTTGGAGAC	17900992	17906373	-5381	17907519	-6527	17901095	-5278	-6424
ENSMUST00000110333	TCCTAAATTGAATCTGACAGGGCGAGCCCCTCCACGAAACACAACTGTAGATCTTAATAGCGGAAACATCGACGTGCCTCCCAACATGGCCAGCTGGGCCAGC	128642084	128629570	12514	128630227	11857	128642187	12617	11960
ENSMUST00000110333	TCCTAAATTGAATCTGACAGGGCGAGCCCCTCCACGAAACACAACTGTAGATCTTAATAGCGGAAACATCGACGTGCCTCCCAACATGGCCAGCTGGGCCAGC	128642084	128648519	-6435	128652695	-10611	128642187	-6332	-10508
ENSMUST00000110333	TCCTAAATTGAATCTGACAGGGCGAGCCCCTCCACGAAACACAACTGTAGATCTTAATAGCGGAAACATCGACGTGCCTCCCAACATGGCCAGCTGGGCCAGC	128642084	128650374	-8290	128652851	-10767	128642187	-8187	-10664
ENSMUST00000110333	TCCTAAATTGAATCTGACAGGGCGAGCCCCTCCACGAAACACAACTGTAGATCTTAATAGCGGAAACATCGACGTGCCTCCCAACATGGCCAGCTGGGCCAGC	128642084	128653245	-11161	128658247	-16163	128642187	-11058	-16060
ENSMUST00000110333	TCCTAAATTGAATCTGACAGGGCGAGCCCCTCCACGAAACACAACTGTAGATCTTAATAGCGGAAACATCGACGTGCCTCCCAACATGGCCAGCTGGGCCAGC	128642084	128665508	-23424	128668924	-26840	128642187	-23321	-26737
ENSMUST00000110333	TCCTAAATTGAATCTGACAGGGCGAGCCCCTCCACGAAACACAACTGTAGATCTTAATAGCGGAAACATCGACGTGCCTCCCAACATGGCCAGCTGGGCCAGC	128642084	128679602	-37518	128680393	-38309	128642187	-37415	-38206
ENSMUST00000110333	TCCTAAATTGAATCTGACAGGGCGAGCCCCTCCACGAAACACAACTGTAGATCTTAATAGCGGAAACATCGACGTGCCTCCCAACATGGCCAGCTGGGCCAGC	128642084	128680209	-38125	128684501	-42417	128642187	-38022	-42314
ENSMUST00000110333	TCCTAAATTGAATCTGACAGGGCGAGCCCCTCCACGAAACACAACTGTAGATCTTAATAGCGGAAACATCGACGTGCCTCCCAACATGGCCAGCTGGGCCAGC	128642084	128629570	12514	128630227	11857	128642187	12617	11960
ENSMUST00000110333	TCCTAAATTGAATCTGACAGGGCGAGCCCCTCCACGAAACACAACTGTAGATCTTAATAGCGGAAACATCGACGTGCCTCCCAACATGGCCAGCTGGGCCAGC	128642084	128648519	-6435	128652695	-10611	128642187	-6332	-10508
ENSMUST00000110333	TCCTAAATTGAATCTGACAGGGCGAGCCCCTCCACGAAACACAACTGTAGATCTTAATAGCGGAAACATCGACGTGCCTCCCAACATGGCCAGCTGGGCCAGC	128642084	128650374	-8290	128652851	-10767	128642187	-8187	-10664
ENSMUST00000110333	TCCTAAATTGAATCTGACAGGGCGAGCCCCTCCACGAAACACAACTGTAGATCTTAATAGCGGAAACATCGACGTGCCTCCCAACATGGCCAGCTGGGCCAGC	128642084	128653245	-11161	128658247	-16163	128642187	-11058	-16060
ENSMUST00000110333	TCCTAAATTGAATCTGACAGGGCGAGCCCCTCCACGAAACACAACTGTAGATCTTAATAGCGGAAACATCGACGTGCCTCCCAACATGGCCAGCTGGGCCAGC	128642084	128665508	-23424	128668924	-26840	128642187	-23321	-26737
ENSMUST00000110333	TCCTAAATTGAATCTGACAGGGCGAGCCCCTCCACGAAACACAACTGTAGATCTTAATAGCGGAAACATCGACGTGCCTCCCAACATGGCCAGCTGGGCCAGC	128642084	128679602	-37518	128680393	-38309	128642187	-37415	-38206
ENSMUST00000110333	TCCTAAATTGAATCTGACAGGGCGAGCCCCTCCACGAAACACAACTGTAGATCTTAATAGCGGAAACATCGACGTGCCTCCCAACATGGCCAGCTGGGCCAGC	128642084	128680209	-38125	128684501	-42417	128642187	-38022	-42314
ENSMUST00000077458	GCCACCTCGGTTACTCTGCTGCCTCCCCAGCCCTGCACGCCCTGGCCACCCCGTTGCCGTGCTGAGTTCTTCTCCTGTGCGATGACACCCCATCTTGTCCTCT	32788125	32789637	-1512	32796015	-7890	32788228	-1409	-7787
ENSMUST00000077458	GCCACCTCGGTTACTCTGCTGCCTCCCCAGCCCTGCACGCCCTGGCCACCCCGTTGCCGTGCTGAGTTCTTCTCCTGTGCGATGACACCCCATCTTGTCCTCT	32788125	32789637	-1512	32798104	-9979	32788228	-1409	-9876
ENSMUST00000077458	GCCACCTCGGTTACTCTGCTGCCTCCCCAGCCCTGCACGCCCTGGCCACCCCGTTGCCGTGCTGAGTTCTTCTCCTGTGCGATGACACCCCATCTTGTCCTCT	32788125	32800681	-12556	32806068	-17943	32788228	-12453	-17840
ENSMUST00000077458	GCCACCTCGGTTACTCTGCTGCCTCCCCAGCCCTGCACGCCCTGGCCACCCCGTTGCCGTGCTGAGTTCTTCTCCTGTGCGATGACACCCCATCTTGTCCTCT	32788125	32801929	-13804	32806068	-17943	32788228	-13701	-17840
ENSMUST00000077458	GCCACCTCGGTTACTCTGCTGCCTCCCCAGCCCTGCACGCCCTGGCCACCCCGTTGCCGTGCTGAGTTCTTCTCCTGTGCGATGACACCCCATCTTGTCCTCT	32788125	32806786	-18661	32809100	-20975	32788228	-18558	-20872
ENSMUST00000077458	GCCACCTCGGTTACTCTGCTGCCTCCCCAGCCCTGCACGCCCTGGCCACCCCGTTGCCGTGCTGAGTTCTTCTCCTGTGCGATGACACCCCATCTTGTCCTCT	32788125	32809208	-21083	32812020	-23895	32788228	-20980	-23792
ENSMUST00000077458	GCCACCTCGGTTACTCTGCTGCCTCCCCAGCCCTGCACGCCCTGGCCACCCCGTTGCCGTGCTGAGTTCTTCTCCTGTGCGATGACACCCCATCTTGTCCTCT	32788125	32809208	-21083	32814878	-26753	32788228	-20980	-26650
ENSMUST00000077458	GCCACCTCGGTTACTCTGCTGCCTCCCCAGCCCTGCACGCCCTGGCCACCCCGTTGCCGTGCTGAGTTCTTCTCCTGTGCGATGACACCCCATCTTGTCCTCT	32788125	32817389	-29264	32821834	-33709	32788228	-29161	-33606
ENSMUST00000077458	GCCACCTCGGTTACTCTGCTGCCTCCCCAGCCCTGCACGCCCTGGCCACCCCGTTGCCGTGCTGAGTTCTTCTCCTGTGCGATGACACCCCATCTTGTCCTCT	32788125	32818505	-30380	32821834	-33709	32788228	-30277	-33606
ENSMUST00000077458	GCCACCTCGGTTACTCTGCTGCCTCCCCAGCCCTGCACGCCCTGGCCACCCCGTTGCCGTGCTGAGTTCTTCTCCTGTGCGATGACACCCCATCTTGTCCTCT	32788125	32819910	-31785	32823535	-35410	32788228	-31682	-35307
ENSMUST00000077458	GCCACCTCGGTTACTCTGCTGCCTCCCCAGCCCTGCACGCCCTGGCCACCCCGTTGCCGTGCTGAGTTCTTCTCCTGTGCGATGACACCCCATCTTGTCCTCT	32788125	32789637	-1512	32796015	-7890	32788228	-1409	-7787
ENSMUST00000077458	GCCACCTCGGTTACTCTGCTGCCTCCCCAGCCCTGCACGCCCTGGCCACCCCGTTGCCGTGCTGAGTTCTTCTCCTGTGCGATGACACCCCATCTTGTCCTCT	32788125	32789637	-1512	32798104	-9979	32788228	-1409	-9876
ENSMUST00000077458	GCCACCTCGGTTACTCTGCTGCCTCCCCAGCCCTGCACGCCCTGGCCACCCCGTTGCCGTGCTGAGTTCTTCTCCTGTGCGATGACACCCCATCTTGTCCTCT	32788125	32800681	-12556	32806068	-17943	32788228	-12453	-17840
ENSMUST00000077458	GCCACCTCGGTTACTCTGCTGCCTCCCCAGCCCTGCACGCCCTGGCCACCCCGTTGCCGTGCTGAGTTCTTCTCCTGTGCGATGACACCCCATCTTGTCCTCT	32788125	32801929	-13804	32806068	-17943	32788228	-13701	-17840
ENSMUST00000077458	GCCACCTCGGTTACTCTGCTGCCTCCCCAGCCCTGCACGCCCTGGCCACCCCGTTGCCGTGCTGAGTTCTTCTCCTGTGCGATGACACCCCATCTTGTCCTCT	32788125	32806786	-18661	32809100	-20975	32788228	-18558	-20872
ENSMUST00000077458	GCCACCTCGGTTACTCTGCTGCCTCCCCAGCCCTGCACGCCCTGGCCACCCCGTTGCCGTGCTGAGTTCTTCTCCTGTGCGATGACACCCCATCTTGTCCTCT	32788125	32809208	-21083	32812020	-23895	32788228	-20980	-23792
ENSMUST00000077458	GCCACCTCGGTTACTCTGCTGCCTCCCCAGCCCTGCACGCCCTGGCCACCCCGTTGCCGTGCTGAGTTCTTCTCCTGTGCGATGACACCCCATCTTGTCCTCT	32788125	32809208	-21083	32814878	-26753	32788228	-20980	-26650
ENSMUST00000077458	GCCACCTCGGTTACTCTGCTGCCTCCCCAGCCCTGCACGCCCTGGCCACCCCGTTGCCGTGCTGAGTTCTTCTCCTGTGCGATGACACCCCATCTTGTCCTCT	32788125	32817389	-29264	32821834	-33709	32788228	-29161	-33606
ENSMUST00000077458	GCCACCTCGGTTACTCTGCTGCCTCCCCAGCCCTGCACGCCCTGGCCACCCCGTTGCCGTGCTGAGTTCTTCTCCTGTGCGATGACACCCCATCTTGTCCTCT	32788125	32818505	-30380	32821834	-33709	32788228	-30277	-33606
ENSMUST00000077458	GCCACCTCGGTTACTCTGCTGCCTCCCCAGCCCTGCACGCCCTGGCCACCCCGTTGCCGTGCTGAGTTCTTCTCCTGTGCGATGACACCCCATCTTGTCCTCT	32788125	32819910	-31785	32823535	-35410	32788228	-31682	-35307
ENSMUST00000026142	CTTCTTACTTACGAGTTTGTAAAGCAGAAATACCTGGACTATAGACGAGTGCCCAACAGCAACCCTCCTGAGTATGAGTTCCTCTGGGGCCTCCGCTCCTACC	94537337	94540547	-3210	94541891	-4554	94536958	-3589	-4933
ENSMUST00000107158	GTTTTCTCTGGCTGGCTAGACGTACAGCGACTCCGTGTCATTTACTCTGTGACTCTGTCTGTACATAACTGGAATTCGGATGGCAAACTGTACATAGGCTGTT	86991336	87001399	-10063	87028245	-36909	86991439	-9960	-36806
ENSMUST00000107158	GTTTTCTCTGGCTGGCTAGACGTACAGCGACTCCGTGTCATTTACTCTGTGACTCTGTCTGTACATAACTGGAATTCGGATGGCAAACTGTACATAGGCTGTT	86991336	87001399	-10063	87028245	-36909	86991439	-9960	-36806
ENSMUST00000107158	GTTTTCTCTGGCTGGCTAGACGTACAGCGACTCCGTGTCATTTACTCTGTGACTCTGTCTGTACATAACTGGAATTCGGATGGCAAACTGTACATAGGCTGTT	86991336	87032291	-40955	87073187	-81851	86991439	-40852	-81748
ENSMUST00000107158	GTTTTCTCTGGCTGGCTAGACGTACAGCGACTCCGTGTCATTTACTCTGTGACTCTGTCTGTACATAACTGGAATTCGGATGGCAAACTGTACATAGGCTGTT	86991336	87032291	-40955	87076118	-84782	86991439	-40852	-84679
ENSMUST00000107158	GTTTTCTCTGGCTGGCTAGACGTACAGCGACTCCGTGTCATTTACTCTGTGACTCTGTCTGTACATAACTGGAATTCGGATGGCAAACTGTACATAGGCTGTT	86991336	87032291	-40955	87176161	-184825	86991439	-40852	-184722
ENSMUST00000107158	GTTTTCTCTGGCTGGCTAGACGTACAGCGACTCCGTGTCATTTACTCTGTGACTCTGTCTGTACATAACTGGAATTCGGATGGCAAACTGTACATAGGCTGTT	86991336	87032291	-40955	87226882	-235546	86991439	-40852	-235443
ENSMUST00000107158	GTTTTCTCTGGCTGGCTAGACGTACAGCGACTCCGTGTCATTTACTCTGTGACTCTGTCTGTACATAACTGGAATTCGGATGGCAAACTGTACATAGGCTGTT	86991336	87073296	-81960	87176161	-184825	86991439	-81857	-184722
ENSMUST00000107158	GTTTTCTCTGGCTGGCTAGACGTACAGCGACTCCGTGTCATTTACTCTGTGACTCTGTCTGTACATAACTGGAATTCGGATGGCAAACTGTACATAGGCTGTT	86991336	87073296	-81960	87226882	-235546	86991439	-81857	-235443
ENSMUST00000107158	GTTTTCTCTGGCTGGCTAGACGTACAGCGACTCCGTGTCATTTACTCTGTGACTCTGTCTGTACATAACTGGAATTCGGATGGCAAACTGTACATAGGCTGTT	86991336	87032291	-40955	87226882	-235546	86991439	-40852	-235443
ENSMUST00000107158	GTTTTCTCTGGCTGGCTAGACGTACAGCGACTCCGTGTCATTTACTCTGTGACTCTGTCTGTACATAACTGGAATTCGGATGGCAAACTGTACATAGGCTGTT	86991336	87073296	-81960	87226882	-235546	86991439	-81857	-235443
ENSMUST00000107158	GTTTTCTCTGGCTGGCTAGACGTACAGCGACTCCGTGTCATTTACTCTGTGACTCTGTCTGTACATAACTGGAATTCGGATGGCAAACTGTACATAGGCTGTT	86991336	87076157	-84821	87226882	-235546	86991439	-84718	-235443
ENSMUST00000060537	CCTCCTCCACTTGCCCCTCCTTGGTGGACTCCAGGAGCAGCTCTATGGATCAGAAGACCCCAGAAGCCAACTCTCGTGCCTCCAGTCCCTGCCAAGAATTTGA	149184420	149181602	2818	149182267	2153	149182361	759	94
ENSMUST00000060537	CCTCCTCCACTTGCCCCTCCTTGGTGGACTCCAGGAGCAGCTCTATGGATCAGAAGACCCCAGAAGCCAACTCTCGTGCCTCCAGTCCCTGCCAAGAATTTGA	149184420	149184430	-10	149187590	-3170	149182361	-2069	-5229
ENSMUST00000060537	CCTCCTCCACTTGCCCCTCCTTGGTGGACTCCAGGAGCAGCTCTATGGATCAGAAGACCCCAGAAGCCAACTCTCGTGCCTCCAGTCCCTGCCAAGAATTTGA	149184420	149192687	-8267	149198431	-14011	149182361	-10326	-16070
ENSMUST00000060537	CCTCCTCCACTTGCCCCTCCTTGGTGGACTCCAGGAGCAGCTCTATGGATCAGAAGACCCCAGAAGCCAACTCTCGTGCCTCCAGTCCCTGCCAAGAATTTGA	149184420	149192687	-8267	149199257	-14837	149182361	-10326	-16896
ENSMUST00000060537	CCTCCTCCACTTGCCCCTCCTTGGTGGACTCCAGGAGCAGCTCTATGGATCAGAAGACCCCAGAAGCCAACTCTCGTGCCTCCAGTCCCTGCCAAGAATTTGA	149184420	149213752	-29332	149214906	-30486	149182361	-31391	-32545
ENSMUST00000060537	CCTCCTCCACTTGCCCCTCCTTGGTGGACTCCAGGAGCAGCTCTATGGATCAGAAGACCCCAGAAGCCAACTCTCGTGCCTCCAGTCCCTGCCAAGAATTTGA	149184420	149215025	-30605	149222226	-37806	149182361	-32664	-39865
ENSMUST00000060537	CCTCCTCCACTTGCCCCTCCTTGGTGGACTCCAGGAGCAGCTCTATGGATCAGAAGACCCCAGAAGCCAACTCTCGTGCCTCCAGTCCCTGCCAAGAATTTGA	149184420	149253751	-69331	149262135	-77715	149182361	-71390	-79774
ENSMUST00000060537	CCTCCTCCACTTGCCCCTCCTTGGTGGACTCCAGGAGCAGCTCTATGGATCAGAAGACCCCAGAAGCCAACTCTCGTGCCTCCAGTCCCTGCCAAGAATTTGA	149184420	149253751	-69331	149262135	-77715	149182361	-71390	-79774
ENSMUST00000060537	CCTCCTCCACTTGCCCCTCCTTGGTGGACTCCAGGAGCAGCTCTATGGATCAGAAGACCCCAGAAGCCAACTCTCGTGCCTCCAGTCCCTGCCAAGAATTTGA	149184420	149258003	-73583	149262135	-77715	149182361	-75642	-79774
ENSMUST00000060537	CCTCCTCCACTTGCCCCTCCTTGGTGGACTCCAGGAGCAGCTCTATGGATCAGAAGACCCCAGAAGCCAACTCTCGTGCCTCCAGTCCCTGCCAAGAATTTGA	149184420	149258081	-73661	149262135	-77715	149182361	-75720	-79774
ENSMUST00000060537	CCTCCTCCACTTGCCCCTCCTTGGTGGACTCCAGGAGCAGCTCTATGGATCAGAAGACCCCAGAAGCCAACTCTCGTGCCTCCAGTCCCTGCCAAGAATTTGA	149184420	149263690	-79270	149266251	-81831	149182361	-81329	-83890
ENSMUST00000060537	CCTCCTCCACTTGCCCCTCCTTGGTGGACTCCAGGAGCAGCTCTATGGATCAGAAGACCCCAGAAGCCAACTCTCGTGCCTCCAGTCCCTGCCAAGAATTTGA	149184420	149267283	-82863	149270716	-86296	149182361	-84922	-88355
ENSMUST00000060537	CCTCCTCCACTTGCCCCTCCTTGGTGGACTCCAGGAGCAGCTCTATGGATCAGAAGACCCCAGAAGCCAACTCTCGTGCCTCCAGTCCCTGCCAAGAATTTGA	149184420	149275095	-90675	149291301	-106881	149182361	-92734	-108940
ENSMUST00000010239	ATTTTGGACCTCACTCCCAACTACCAGGGCCAGAATGCGTGGTTCCTCCCTGCTCAGGCTGACATTGTAGCCACCAAAATGAAGGAAGCTCTGAGTTCTTGGTT	8711847	8709783	2064	8712729	-882	8709738	-45	-2991
ENSMUST00000010239	ATTTTGGACCTCACTCCCAACTACCAGGGCCAGAATGCGTGGTTCCTCCCTGCTCAGGCTGACATTGTAGCCACCAAAATGAAGGAAGCTCTGAGTTCTTGGTT	8711847	8709783	2064	8722983	-11136	8709738	-45	-13245
ENSMUST00000010239	ATTTTGGACCTCACTCCCAACTACCAGGGCCAGAATGCGTGGTTCCTCCCTGCTCAGGCTGACATTGTAGCCACCAAAATGAAGGAAGCTCTGAGTTCTTGGTT	8711847	8709783	2064	8712729	-882	8709738	-45	-2991
ENSMUST00000010239	ATTTTGGACCTCACTCCCAACTACCAGGGCCAGAATGCGTGGTTCCTCCCTGCTCAGGCTGACATTGTAGCCACCAAAATGAAGGAAGCTCTGAGTTCTTGGTT	8711847	8709783	2064	8722983	-11136	8709738	-45	-13245
ENSMUST00000210166	TGGCTGGGCTGGTCTTTGCTGTTGGTGGCTTCAATGGCTCACTAAGAGTTCGCACTGTAGATTCCTATGACCCCGTGAAAGACCAGTGGACCAGCGTGGCGAAC	64752670	64740974	11696	64749031	3639	64752774	11800	3743
ENSMUST00000210166	TGGCTGGGCTGGTCTTTGCTGTTGGTGGCTTCAATGGCTCACTAAGAGTTCGCACTGTAGATTCCTATGACCCCGTGAAAGACCAGTGGACCAGCGTGGCGAAC	64752670	64740974	11696	64751728	942	64752774	11800	1046
ENSMUST00000210166	TGGCTGGGCTGGTCTTTGCTGTTGGTGGCTTCAATGGCTCACTAAGAGTTCGCACTGTAGATTCCTATGACCCCGTGAAAGACCAGTGGACCAGCGTGGCGAAC	64752670	64740974	11696	64751728	942	64752774	11800	1046
ENSMUST00000210166	TGGCTGGGCTGGTCTTTGCTGTTGGTGGCTTCAATGGCTCACTAAGAGTTCGCACTGTAGATTCCTATGACCCCGTGAAAGACCAGTGGACCAGCGTGGCGAAC	64752670	64743098	9572	64751728	942	64752774	9676	1046
ENSMUST00000210166	TGGCTGGGCTGGTCTTTGCTGTTGGTGGCTTCAATGGCTCACTAAGAGTTCGCACTGTAGATTCCTATGACCCCGTGAAAGACCAGTGGACCAGCGTGGCGAAC	64752670	64749172	3498	64751728	942	64752774	3602	1046
ENSMUST00000210166	TGGCTGGGCTGGTCTTTGCTGTTGGTGGCTTCAATGGCTCACTAAGAGTTCGCACTGTAGATTCCTATGACCCCGTGAAAGACCAGTGGACCAGCGTGGCGAAC	64752670	64749823	2847	64752648	22	64752774	2951	126
ENSMUST00000210166	TGGCTGGGCTGGTCTTTGCTGTTGGTGGCTTCAATGGCTCACTAAGAGTTCGCACTGTAGATTCCTATGACCCCGTGAAAGACCAGTGGACCAGCGTGGCGAAC	64752670	64759849	-7179	64779697	-27027	64752774	-7075	-26923
ENSMUST00000210166	TGGCTGGGCTGGTCTTTGCTGTTGGTGGCTTCAATGGCTCACTAAGAGTTCGCACTGTAGATTCCTATGACCCCGTGAAAGACCAGTGGACCAGCGTGGCGAAC	64752670	64764232	-11562	64811679	-59009	64752774	-11458	-58905
ENSMUST00000210166	TGGCTGGGCTGGTCTTTGCTGTTGGTGGCTTCAATGGCTCACTAAGAGTTCGCACTGTAGATTCCTATGACCCCGTGAAAGACCAGTGGACCAGCGTGGCGAAC	64752670	64779860	-27190	64822990	-70320	64752774	-27086	-70216
ENSMUST00000210166	TGGCTGGGCTGGTCTTTGCTGTTGGTGGCTTCAATGGCTCACTAAGAGTTCGCACTGTAGATTCCTATGACCCCGTGAAAGACCAGTGGACCAGCGTGGCGAAC	64752670	64779860	-27190	64834442	-81772	64752774	-27086	-81668
ENSMUST00000210166	TGGCTGGGCTGGTCTTTGCTGTTGGTGGCTTCAATGGCTCACTAAGAGTTCGCACTGTAGATTCCTATGACCCCGTGAAAGACCAGTGGACCAGCGTGGCGAAC	64752670	64779860	-27190	64834442	-81772	64752774	-27086	-81668
ENSMUST00000210166	TGGCTGGGCTGGTCTTTGCTGTTGGTGGCTTCAATGGCTCACTAAGAGTTCGCACTGTAGATTCCTATGACCCCGTGAAAGACCAGTGGACCAGCGTGGCGAAC	64752670	64811801	-59131	64834442	-81772	64752774	-59027	-81668
ENSMUST00000210166	TGGCTGGGCTGGTCTTTGCTGTTGGTGGCTTCAATGGCTCACTAAGAGTTCGCACTGTAGATTCCTATGACCCCGTGAAAGACCAGTGGACCAGCGTGGCGAAC	64752670	64823097	-70427	64849632	-96962	64752774	-70323	-96858
ENSMUST00000172818	ACAGTTCATGGTTTGGCCTTATGAAGCACTGTCTAAGCCCCGATCCAGTCTGCTTCTACTTGTTAAATACTTGAAGGTCCAGGACACTCTTGACATGTTTGTTT	64281810	64293024	-11214	64308621	-26811	64281914	-11110	-26707
ENSMUST00000172818	ACAGTTCATGGTTTGGCCTTATGAAGCACTGTCTAAGCCCCGATCCAGTCTGCTTCTACTTGTTAAATACTTGAAGGTCCAGGACACTCTTGACATGTTTGTTT	64281810	64309666	-27856	64313000	-31190	64281914	-27752	-31086
ENSMUST00000027863	GCCTTGGGACGTGCCCATTTTTACTGTAAATTAGATTCCGTAACTGACTTGTAGTGAGCAGTGTTCTGGCCCCTAAGTATTGCCGCCTTGTCTATTTTATTTAGT	164437598	164443350	-5752	164457760	-20162	164437703	-5647	-20057
ENSMUST00000187541	AAACCTTCACTCACTATATCAAGGACTTGGGAACTTCTTAGCATTTCTTCTAAGCATTGAATTTTTTTAAGGAAACCTCCATCTTAATGGGACTGAGGCTAAGTT	154397008	154402173	-5165	154407711	-10703	154397113	-5060	-10598
ENSMUST00000187541	AAACCTTCACTCACTATATCAAGGACTTGGGAACTTCTTAGCATTTCTTCTAAGCATTGAATTTTTTTAAGGAAACCTCCATCTTAATGGGACTGAGGCTAAGTT	154397008	154414081	-17073	154421027	-24019	154397113	-16968	-23914
ENSMUST00000187541	AAACCTTCACTCACTATATCAAGGACTTGGGAACTTCTTAGCATTTCTTCTAAGCATTGAATTTTTTTAAGGAAACCTCCATCTTAATGGGACTGAGGCTAAGTT	154397008	154414081	-17073	154425836	-28828	154397113	-16968	-28723
ENSMUST00000187541	AAACCTTCACTCACTATATCAAGGACTTGGGAACTTCTTAGCATTTCTTCTAAGCATTGAATTTTTTTAAGGAAACCTCCATCTTAATGGGACTGAGGCTAAGTT	154397008	154448942	-51934	154465718	-68710	154397113	-51829	-68605
ENSMUST00000187541	AAACCTTCACTCACTATATCAAGGACTTGGGAACTTCTTAGCATTTCTTCTAAGCATTGAATTTTTTTAAGGAAACCTCCATCTTAATGGGACTGAGGCTAAGTT	154397008	154472713	-75705	154477765	-80757	154397113	-75600	-80652
ENSMUST00000187541	AAACCTTCACTCACTATATCAAGGACTTGGGAACTTCTTAGCATTTCTTCTAAGCATTGAATTTTTTTAAGGAAACCTCCATCTTAATGGGACTGAGGCTAAGTT	154397008	154486707	-89699	154488784	-91776	154397113	-89594	-91671
ENSMUST00000152831	AAGTCTGTGGATAAGGACCCCATGTTGCTGTCAGGAACCCATGTGATGGAGGGCTCAGGACGGATGGTGGTTACTGCTGTGGGTGTGAACTCTCAGACTGGCATC	113812883	113748848	64035	113755216	57667	113805539	56691	50323
ENSMUST00000152831	AAGTCTGTGGATAAGGACCCCATGTTGCTGTCAGGAACCCATGTGATGGAGGGCTCAGGACGGATGGTGGTTACTGCTGTGGGTGTGAACTCTCAGACTGGCATC	113812883	113748848	64035	113756831	56052	113805539	56691	48708
ENSMUST00000152831	AAGTCTGTGGATAAGGACCCCATGTTGCTGTCAGGAACCCATGTGATGGAGGGCTCAGGACGGATGGTGGTTACTGCTGTGGGTGTGAACTCTCAGACTGGCATC	113812883	113757014	55869	113759122	53761	113805539	48525	46417
ENSMUST00000152831	AAGTCTGTGGATAAGGACCCCATGTTGCTGTCAGGAACCCATGTGATGGAGGGCTCAGGACGGATGGTGGTTACTGCTGTGGGTGTGAACTCTCAGACTGGCATC	113812883	113774446	38437	113793665	19218	113805539	31093	11874
ENSMUST00000152831	AAGTCTGTGGATAAGGACCCCATGTTGCTGTCAGGAACCCATGTGATGGAGGGCTCAGGACGGATGGTGGTTACTGCTGTGGGTGTGAACTCTCAGACTGGCATC	113812883	113789995	22888	113796238	16645	113805539	15544	9301
ENSMUST00000152831	AAGTCTGTGGATAAGGACCCCATGTTGCTGTCAGGAACCCATGTGATGGAGGGCTCAGGACGGATGGTGGTTACTGCTGTGGGTGTGAACTCTCAGACTGGCATC	113812883	113796397	16486	113802485	10398	113805539	9142	3054
ENSMUST00000152831	AAGTCTGTGGATAAGGACCCCATGTTGCTGTCAGGAACCCATGTGATGGAGGGCTCAGGACGGATGGTGGTTACTGCTGTGGGTGTGAACTCTCAGACTGGCATC	113812883	113796397	16486	113803746	9137	113805539	9142	1793
ENSMUST00000152831	AAGTCTGTGGATAAGGACCCCATGTTGCTGTCAGGAACCCATGTGATGGAGGGCTCAGGACGGATGGTGGTTACTGCTGTGGGTGTGAACTCTCAGACTGGCATC	113812883	113796397	16486	113805460	7423	113805539	9142	79
ENSMUST00000152831	AAGTCTGTGGATAAGGACCCCATGTTGCTGTCAGGAACCCATGTGATGGAGGGCTCAGGACGGATGGTGGTTACTGCTGTGGGTGTGAACTCTCAGACTGGCATC	113812883	113796397	16486	113803746	9137	113805539	9142	1793
ENSMUST00000152831	AAGTCTGTGGATAAGGACCCCATGTTGCTGTCAGGAACCCATGTGATGGAGGGCTCAGGACGGATGGTGGTTACTGCTGTGGGTGTGAACTCTCAGACTGGCATC	113812883	113796397	16486	113805460	7423	113805539	9142	79
ENSMUST00000152831	AAGTCTGTGGATAAGGACCCCATGTTGCTGTCAGGAACCCATGTGATGGAGGGCTCAGGACGGATGGTGGTTACTGCTGTGGGTGTGAACTCTCAGACTGGCATC	113812883	113797151	15732	113803746	9137	113805539	8388	1793
ENSMUST00000152831	AAGTCTGTGGATAAGGACCCCATGTTGCTGTCAGGAACCCATGTGATGGAGGGCTCAGGACGGATGGTGGTTACTGCTGTGGGTGTGAACTCTCAGACTGGCATC	113812883	113797151	15732	113805460	7423	113805539	8388	79
ENSMUST00000152831	AAGTCTGTGGATAAGGACCCCATGTTGCTGTCAGGAACCCATGTGATGGAGGGCTCAGGACGGATGGTGGTTACTGCTGTGGGTGTGAACTCTCAGACTGGCATC	113812883	113796397	16486	113805460	7423	113805539	9142	79
ENSMUST00000152831	AAGTCTGTGGATAAGGACCCCATGTTGCTGTCAGGAACCCATGTGATGGAGGGCTCAGGACGGATGGTGGTTACTGCTGTGGGTGTGAACTCTCAGACTGGCATC	113812883	113797151	15732	113805460	7423	113805539	8388	79
ENSMUST00000152831	AAGTCTGTGGATAAGGACCCCATGTTGCTGTCAGGAACCCATGTGATGGAGGGCTCAGGACGGATGGTGGTTACTGCTGTGGGTGTGAACTCTCAGACTGGCATC	113812883	113802545	10338	113805460	7423	113805539	2994	79
ENSMUST00000152831	AAGTCTGTGGATAAGGACCCCATGTTGCTGTCAGGAACCCATGTGATGGAGGGCTCAGGACGGATGGTGGTTACTGCTGTGGGTGTGAACTCTCAGACTGGCATC	113812883	113814044	-1161	113842131	-29248	113805539	-8505	-36592
ENSMUST00000152831	AAGTCTGTGGATAAGGACCCCATGTTGCTGTCAGGAACCCATGTGATGGAGGGCTCAGGACGGATGGTGGTTACTGCTGTGGGTGTGAACTCTCAGACTGGCATC	113812883	113817345	-4462	113891252	-78369	113805539	-11806	-85713
ENSMUST00000102573	TATATCATTTTCATACTGTAAATTATTTTGTAAGAGAGATTTACTGCTATCCCAGGATGTTCGGACTTGGCGCCCCTGTGCATTTGGAAATCAATAAACTATTAC	102304393	102304504	-111	102357416	-53023	102304498	-6	-52918
ENSMUST00000102573	TATATCATTTTCATACTGTAAATTATTTTGTAAGAGAGATTTACTGCTATCCCAGGATGTTCGGACTTGGCGCCCCTGTGCATTTGGAAATCAATAAACTATTAC	102304393	102304504	-111	102380863	-76470	102304498	-6	-76365
ENSMUST00000102573	TATATCATTTTCATACTGTAAATTATTTTGTAAGAGAGATTTACTGCTATCCCAGGATGTTCGGACTTGGCGCCCCTGTGCATTTGGAAATCAATAAACTATTAC	102304393	102304504	-111	102400012	-95619	102304498	-6	-95514
ENSMUST00000102573	TATATCATTTTCATACTGTAAATTATTTTGTAAGAGAGATTTACTGCTATCCCAGGATGTTCGGACTTGGCGCCCCTGTGCATTTGGAAATCAATAAACTATTAC	102304393	102304504	-111	102380863	-76470	102304498	-6	-76365
ENSMUST00000102573	TATATCATTTTCATACTGTAAATTATTTTGTAAGAGAGATTTACTGCTATCCCAGGATGTTCGGACTTGGCGCCCCTGTGCATTTGGAAATCAATAAACTATTAC	102304393	102304504	-111	102400012	-95619	102304498	-6	-95514
ENSMUST00000102573	TATATCATTTTCATACTGTAAATTATTTTGTAAGAGAGATTTACTGCTATCCCAGGATGTTCGGACTTGGCGCCCCTGTGCATTTGGAAATCAATAAACTATTAC	102304393	102346983	-42590	102380863	-76470	102304498	-42485	-76365
ENSMUST00000102573	TATATCATTTTCATACTGTAAATTATTTTGTAAGAGAGATTTACTGCTATCCCAGGATGTTCGGACTTGGCGCCCCTGTGCATTTGGAAATCAATAAACTATTAC	102304393	102346983	-42590	102400012	-95619	102304498	-42485	-95514
ENSMUST00000102573	TATATCATTTTCATACTGTAAATTATTTTGTAAGAGAGATTTACTGCTATCCCAGGATGTTCGGACTTGGCGCCCCTGTGCATTTGGAAATCAATAAACTATTAC	102304393	102304504	-111	102400012	-95619	102304498	-6	-95514
ENSMUST00000102573	TATATCATTTTCATACTGTAAATTATTTTGTAAGAGAGATTTACTGCTATCCCAGGATGTTCGGACTTGGCGCCCCTGTGCATTTGGAAATCAATAAACTATTAC	102304393	102346983	-42590	102400012	-95619	102304498	-42485	-95514
ENSMUST00000102573	TATATCATTTTCATACTGTAAATTATTTTGTAAGAGAGATTTACTGCTATCCCAGGATGTTCGGACTTGGCGCCCCTGTGCATTTGGAAATCAATAAACTATTAC	102304393	102357656	-53263	102400012	-95619	102304498	-53158	-95514
ENSMUST00000069098	AACTGTACCTGCTGATGGAGGAAGAGGAGATGAACGCCCAGCACTCGGATAACAAGGCCTGCACAGGGGAGAGCTGGACCCAGAACACGCCTAATGAGTGCATCAA	157030543	157033383	-2840	157039826	-9283	157029506	-3877	-10320
ENSMUST00000088169	GGCGTCGCCGGGAACTTCGGAGAGCCAGCTGCTGGATTATTCTGTGTCCCCTCCCACTCTCCCGCCCTACGTCTCTCTTCACCCTTCTCCCGCCCTTGCTCGTACA	7482949	7427875	55074	7430985	51964	7483055	55180	52070
ENSMUST00000088169	GGCGTCGCCGGGAACTTCGGAGAGCCAGCTGCTGGATTATTCTGTGTCCCCTCCCACTCTCCCGCCCTACGTCTCTCTTCACCCTTCTCCCGCCCTTGCTCGTACA	7482949	7427875	55074	7431965	50984	7483055	55180	51090
ENSMUST00000088169	GGCGTCGCCGGGAACTTCGGAGAGCCAGCTGCTGGATTATTCTGTGTCCCCTCCCACTCTCCCGCCCTACGTCTCTCTTCACCCTTCTCCCGCCCTTGCTCGTACA	7482949	7427875	55074	7431965	50984	7483055	55180	51090
ENSMUST00000088169	GGCGTCGCCGGGAACTTCGGAGAGCCAGCTGCTGGATTATTCTGTGTCCCCTCCCACTCTCCCGCCCTACGTCTCTCTTCACCCTTCTCCCGCCCTTGCTCGTACA	7482949	7427875	55074	7432451	50498	7483055	55180	50604
ENSMUST00000088169	GGCGTCGCCGGGAACTTCGGAGAGCCAGCTGCTGGATTATTCTGTGTCCCCTCCCACTCTCCCGCCCTACGTCTCTCTTCACCCTTCTCCCGCCCTTGCTCGTACA	7482949	7429809	53140	7431965	50984	7483055	53246	51090
ENSMUST00000088169	GGCGTCGCCGGGAACTTCGGAGAGCCAGCTGCTGGATTATTCTGTGTCCCCTCCCACTCTCCCGCCCTACGTCTCTCTTCACCCTTCTCCCGCCCTTGCTCGTACA	7482949	7427875	55074	7432451	50498	7483055	55180	50604
ENSMUST00000088169	GGCGTCGCCGGGAACTTCGGAGAGCCAGCTGCTGGATTATTCTGTGTCCCCTCCCACTCTCCCGCCCTACGTCTCTCTTCACCCTTCTCCCGCCCTTGCTCGTACA	7482949	7431032	51917	7432451	50498	7483055	52023	50604
ENSMUST00000088169	GGCGTCGCCGGGAACTTCGGAGAGCCAGCTGCTGGATTATTCTGTGTCCCCTCCCACTCTCCCGCCCTACGTCTCTCTTCACCCTTCTCCCGCCCTTGCTCGTACA	7482949	7431032	51917	7434930	48019	7483055	52023	48125
ENSMUST00000088169	GGCGTCGCCGGGAACTTCGGAGAGCCAGCTGCTGGATTATTCTGTGTCCCCTCCCACTCTCCCGCCCTACGTCTCTCTTCACCCTTCTCCCGCCCTTGCTCGTACA	7482949	7432590	50359	7456299	26650	7483055	50465	26756
ENSMUST00000088169	GGCGTCGCCGGGAACTTCGGAGAGCCAGCTGCTGGATTATTCTGTGTCCCCTCCCACTCTCCCGCCCTACGTCTCTCTTCACCCTTCTCCCGCCCTTGCTCGTACA	7482949	7432590	50359	7482938	11	7483055	50465	117
ENSMUST00000088169	GGCGTCGCCGGGAACTTCGGAGAGCCAGCTGCTGGATTATTCTGTGTCCCCTCCCACTCTCCCGCCCTACGTCTCTCTTCACCCTTCTCCCGCCCTTGCTCGTACA	7482949	7432590	50359	7482938	11	7483055	50465	117
ENSMUST00000088169	GGCGTCGCCGGGAACTTCGGAGAGCCAGCTGCTGGATTATTCTGTGTCCCCTCCCACTCTCCCGCCCTACGTCTCTCTTCACCCTTCTCCCGCCCTTGCTCGTACA	7482949	7435138	47811	7467810	15139	7483055	47917	15245
ENSMUST00000088169	GGCGTCGCCGGGAACTTCGGAGAGCCAGCTGCTGGATTATTCTGTGTCCCCTCCCACTCTCCCGCCCTACGTCTCTCTTCACCCTTCTCCCGCCCTTGCTCGTACA	7482949	7435138	47811	7482938	11	7483055	47917	117
ENSMUST00000088169	GGCGTCGCCGGGAACTTCGGAGAGCCAGCTGCTGGATTATTCTGTGTCCCCTCCCACTCTCCCGCCCTACGTCTCTCTTCACCCTTCTCCCGCCCTTGCTCGTACA	7482949	7435138	47811	7482938	11	7483055	47917	117
ENSMUST00000088169	GGCGTCGCCGGGAACTTCGGAGAGCCAGCTGCTGGATTATTCTGTGTCCCCTCCCACTCTCCCGCCCTACGTCTCTCTTCACCCTTCTCCCGCCCTTGCTCGTACA	7482949	7458423	24526	7482938	11	7483055	24632	117
ENSMUST00000102930	TGAAGACTCTGACAACAGTGCAATTTATGTGCAAGGATTAAATGACAATGTGACTCTGGATGATCTGGCAGACTTCTTTAAGCAGTGTGGGGTTGTCAAGATGAAC	5078503	5078952	-449	5082252	-3749	5072830	-6122	-9422
ENSMUST00000102930	TGAAGACTCTGACAACAGTGCAATTTATGTGCAAGGATTAAATGACAATGTGACTCTGGATGATCTGGCAGACTTCTTTAAGCAGTGTGGGGTTGTCAAGATGAAC	5078503	5078952	-449	5082283	-3780	5072830	-6122	-9453
ENSMUST00000102930	TGAAGACTCTGACAACAGTGCAATTTATGTGCAAGGATTAAATGACAATGTGACTCTGGATGATCTGGCAGACTTCTTTAAGCAGTGTGGGGTTGTCAAGATGAAC	5078503	5078579	-76	5083359	-4856	5072830	-5749	-10529
ENSMUST00000102930	TGAAGACTCTGACAACAGTGCAATTTATGTGCAAGGATTAAATGACAATGTGACTCTGGATGATCTGGCAGACTTCTTTAAGCAGTGTGGGGTTGTCAAGATGAAC	5078503	5078952	-449	5083359	-4856	5072830	-6122	-10529
ENSMUST00000102930	TGAAGACTCTGACAACAGTGCAATTTATGTGCAAGGATTAAATGACAATGTGACTCTGGATGATCTGGCAGACTTCTTTAAGCAGTGTGGGGTTGTCAAGATGAAC	5078503	5088146	-9643	5091858	-13355	5072830	-15316	-19028
ENSMUST00000102930	TGAAGACTCTGACAACAGTGCAATTTATGTGCAAGGATTAAATGACAATGTGACTCTGGATGATCTGGCAGACTTCTTTAAGCAGTGTGGGGTTGTCAAGATGAAC	5078503	5088146	-9643	5093680	-15177	5072830	-15316	-20850
ENSMUST00000163779	GGAAGGCTACCAAGACTATGAGCCTGAAGCCTAAGAATGTCATTGCACCCAATCTCCTAAGATCTGCCGGCTGCTCTTCCATGGCGTACAAGTGCTCAGTTCCAATG	60731579	60733187	-1608	60827480	-95901	60731686	-1501	-95794
ENSMUST00000163779	GGAAGGCTACCAAGACTATGAGCCTGAAGCCTAAGAATGTCATTGCACCCAATCTCCTAAGATCTGCCGGCTGCTCTTCCATGGCGTACAAGTGCTCAGTTCCAATG	60731579	60815759	-84180	60827480	-95901	60731686	-84073	-95794
ENSMUST00000163779	GGAAGGCTACCAAGACTATGAGCCTGAAGCCTAAGAATGTCATTGCACCCAATCTCCTAAGATCTGCCGGCTGCTCTTCCATGGCGTACAAGTGCTCAGTTCCAATG	60731579	60818365	-86786	60828723	-97144	60731686	-86679	-97037
ENSMUST00000163779	GGAAGGCTACCAAGACTATGAGCCTGAAGCCTAAGAATGTCATTGCACCCAATCTCCTAAGATCTGCCGGCTGCTCTTCCATGGCGTACAAGTGCTCAGTTCCAATG	60731579	60818365	-86786	60829670	-98091	60731686	-86679	-97984
ENSMUST00000000384	GGAAGTGTGGTGTGGAGATGGCTTAGGCTAAAAGTTCTGGATCCCCGACTCCCCTAATGTTGATTGAATAACATATGCACTTGGAATTAAATCTATATTTATTATAAT	78187586	78193536	-5950	78197737	-10151	78187694	-5842	-10043
ENSMUST00000000384	GGAAGTGTGGTGTGGAGATGGCTTAGGCTAAAAGTTCTGGATCCCCGACTCCCCTAATGTTGATTGAATAACATATGCACTTGGAATTAAATCTATATTTATTATAAT	78187586	78210878	-23292	78214567	-26981	78187694	-23184	-26873
ENSMUST00000000384	GGAAGTGTGGTGTGGAGATGGCTTAGGCTAAAAGTTCTGGATCCCCGACTCCCCTAATGTTGATTGAATAACATATGCACTTGGAATTAAATCTATATTTATTATAAT	78187586	78220384	-32798	78228778	-41192	78187694	-32690	-41084
ENSMUST00000041683	CTGGCAGGGTCATTCATGAAGTTTATTGTAAGATATTTTGCATGTATCTCTGGACAAGCCTAGGCTGTCCACTTCTGAGCAACTGGAATCTAGGGTCTTGGTGTTTCTC	61152841	61157262	-4421	61159204	-6363	61152950	-4312	-6254
ENSMUST00000041683	CTGGCAGGGTCATTCATGAAGTTTATTGTAAGATATTTTGCATGTATCTCTGGACAAGCCTAGGCTGTCCACTTCTGAGCAACTGGAATCTAGGGTCTTGGTGTTTCTC	61152841	61160677	-7836	61162826	-9985	61152950	-7727	-9876
ENSMUST00000096057	TCAGACTCCACGCTGCCTACTGCTGCCTACTGCTGCCACCTTCTGTTCCTTTAGAACTATGCAAAGACTCCCTTTCCTCTCTGACCTCCTGTGCCCTAAGGTCTTGGTT	45711520	45711709	-189	45724126	-12606	45711629	-80	-12497
ENSMUST00000096057	TCAGACTCCACGCTGCCTACTGCTGCCTACTGCTGCCACCTTCTGTTCCTTTAGAACTATGCAAAGACTCCCTTTCCTCTCTGACCTCCTGTGCCCTAAGGTCTTGGTT	45711520	45713034	-1514	45724126	-12606	45711629	-1405	-12497
ENSMUST00000103186	CTGAGAAATGTCATGCGGATCAGTCCAGATCAAGGACAGCAGTTTGCTCAAATGTTAGTTCAGGATGAAGAGCCTCTTGCTGATATCACCCAGATTGTGGATGTCTTTA	86721614	86695690	25924	86702208	19406	86720276	24586	18068
ENSMUST00000103186	CTGAGAAATGTCATGCGGATCAGTCCAGATCAAGGACAGCAGTTTGCTCAAATGTTAGTTCAGGATGAAGAGCCTCTTGCTGATATCACCCAGATTGTGGATGTCTTTA	86721614	86697340	24274	86702208	19406	86720276	22936	18068
ENSMUST00000103186	CTGAGAAATGTCATGCGGATCAGTCCAGATCAAGGACAGCAGTTTGCTCAAATGTTAGTTCAGGATGAAGAGCCTCTTGCTGATATCACCCAGATTGTGGATGTCTTTA	86721614	86725271	-3657	86730210	-8596	86720276	-4995	-9934
ENSMUST00000103186	CTGAGAAATGTCATGCGGATCAGTCCAGATCAAGGACAGCAGTTTGCTCAAATGTTAGTTCAGGATGAAGAGCCTCTTGCTGATATCACCCAGATTGTGGATGTCTTTA	86721614	86730831	-9217	86733575	-11961	86720276	-10555	-13299
ENSMUST00000103186	CTGAGAAATGTCATGCGGATCAGTCCAGATCAAGGACAGCAGTTTGCTCAAATGTTAGTTCAGGATGAAGAGCCTCTTGCTGATATCACCCAGATTGTGGATGTCTTTA	86721614	86733844	-12230	86757247	-35633	86720276	-13568	-36971
ENSMUST00000103186	CTGAGAAATGTCATGCGGATCAGTCCAGATCAAGGACAGCAGTTTGCTCAAATGTTAGTTCAGGATGAAGAGCCTCTTGCTGATATCACCCAGATTGTGGATGTCTTTA	86721614	86733844	-12230	86757247	-35633	86720276	-13568	-36971
ENSMUST00000103186	CTGAGAAATGTCATGCGGATCAGTCCAGATCAAGGACAGCAGTTTGCTCAAATGTTAGTTCAGGATGAAGAGCCTCTTGCTGATATCACCCAGATTGTGGATGTCTTTA	86721614	86695690	25924	86702208	19406	86720276	24586	18068
ENSMUST00000103186	CTGAGAAATGTCATGCGGATCAGTCCAGATCAAGGACAGCAGTTTGCTCAAATGTTAGTTCAGGATGAAGAGCCTCTTGCTGATATCACCCAGATTGTGGATGTCTTTA	86721614	86697340	24274	86702208	19406	86720276	22936	18068
ENSMUST00000103186	CTGAGAAATGTCATGCGGATCAGTCCAGATCAAGGACAGCAGTTTGCTCAAATGTTAGTTCAGGATGAAGAGCCTCTTGCTGATATCACCCAGATTGTGGATGTCTTTA	86721614	86725271	-3657	86730210	-8596	86720276	-4995	-9934
ENSMUST00000103186	CTGAGAAATGTCATGCGGATCAGTCCAGATCAAGGACAGCAGTTTGCTCAAATGTTAGTTCAGGATGAAGAGCCTCTTGCTGATATCACCCAGATTGTGGATGTCTTTA	86721614	86730831	-9217	86733575	-11961	86720276	-10555	-13299
ENSMUST00000103186	CTGAGAAATGTCATGCGGATCAGTCCAGATCAAGGACAGCAGTTTGCTCAAATGTTAGTTCAGGATGAAGAGCCTCTTGCTGATATCACCCAGATTGTGGATGTCTTTA	86721614	86733844	-12230	86757247	-35633	86720276	-13568	-36971
ENSMUST00000103186	CTGAGAAATGTCATGCGGATCAGTCCAGATCAAGGACAGCAGTTTGCTCAAATGTTAGTTCAGGATGAAGAGCCTCTTGCTGATATCACCCAGATTGTGGATGTCTTTA	86721614	86733844	-12230	86757247	-35633	86720276	-13568	-36971
ENSMUST00000103186	AACTACTATCAGGATCGTGGATATTTTGAAGAACTCATCACCATGTTGGAGGCAGCCTTGGGACTGGAGCGAGCTCACATGGGAATGTTCACAGAGCTAGCTATTTTGT	86704652	86695690	8962	86702208	2444	86704761	9071	2553
ENSMUST00000103186	AACTACTATCAGGATCGTGGATATTTTGAAGAACTCATCACCATGTTGGAGGCAGCCTTGGGACTGGAGCGAGCTCACATGGGAATGTTCACAGAGCTAGCTATTTTGT	86704652	86697340	7312	86702208	2444	86704761	7421	2553
ENSMUST00000103186	AACTACTATCAGGATCGTGGATATTTTGAAGAACTCATCACCATGTTGGAGGCAGCCTTGGGACTGGAGCGAGCTCACATGGGAATGTTCACAGAGCTAGCTATTTTGT	86704652	86725271	-20619	86730210	-25558	86704761	-20510	-25449
ENSMUST00000103186	AACTACTATCAGGATCGTGGATATTTTGAAGAACTCATCACCATGTTGGAGGCAGCCTTGGGACTGGAGCGAGCTCACATGGGAATGTTCACAGAGCTAGCTATTTTGT	86704652	86730831	-26179	86733575	-28923	86704761	-26070	-28814
ENSMUST00000103186	AACTACTATCAGGATCGTGGATATTTTGAAGAACTCATCACCATGTTGGAGGCAGCCTTGGGACTGGAGCGAGCTCACATGGGAATGTTCACAGAGCTAGCTATTTTGT	86704652	86733844	-29192	86757247	-52595	86704761	-29083	-52486
ENSMUST00000103186	AACTACTATCAGGATCGTGGATATTTTGAAGAACTCATCACCATGTTGGAGGCAGCCTTGGGACTGGAGCGAGCTCACATGGGAATGTTCACAGAGCTAGCTATTTTGT	86704652	86733844	-29192	86757247	-52595	86704761	-29083	-52486
ENSMUST00000064762	TCAAGACCGGAATGGCTTCTTTGATCAGAACCAGGAAAACAGTGAATCTTATGGTGGAAGAGCTCTCAGCAAGTGTACAGCATCTGCCTTCCTTTGTCTTGCATTGGCTA	99422814	99435701	-12887	99508107	-85293	99422924	-12777	-85183
ENSMUST00000064762	TCAAGACCGGAATGGCTTCTTTGATCAGAACCAGGAAAACAGTGAATCTTATGGTGGAAGAGCTCTCAGCAAGTGTACAGCATCTGCCTTCCTTTGTCTTGCATTGGCTA	99422814	99441774	-18960	99508107	-85293	99422924	-18850	-85183
ENSMUST00000036381	CTGCTCGAAACCCCCCAGGAGACAACGCTTTATACCAACAGTGTGCCTAAGCCTAGGATCTTGGATGCTGAACTTGAAGCTGAACTTGAGAAATTGTCATTATCAGAAGG	69718594	69719189	-595	69720111	-1517	69717007	-2182	-3104
ENSMUST00000036381	CTGCTCGAAACCCCCCAGGAGACAACGCTTTATACCAACAGTGTGCCTAAGCCTAGGATCTTGGATGCTGAACTTGAAGCTGAACTTGAGAAATTGTCATTATCAGAAGG	69718594	69719497	-903	69720111	-1517	69717007	-2490	-3104
ENSMUST00000078226	CAGACAGGTCTGGGAGTTCTGTTCCACCTGAGTGGAGAGTTCAATAGAGCAATCGATGCATTTAATGCTGCCTTAACAGTTCGGCCAGAGGATTACTCACTGTGGAACCGT	32953124	32954525	-1401	32956672	-3548	32952505	-2020	-4167
ENSMUST00000078226	CAGACAGGTCTGGGAGTTCTGTTCCACCTGAGTGGAGAGTTCAATAGAGCAATCGATGCATTTAATGCTGCCTTAACAGTTCGGCCAGAGGATTACTCACTGTGGAACCGT	32953124	32954525	-1401	32992905	-39781	32952505	-2020	-40400
ENSMUST00000078226	CAGACAGGTCTGGGAGTTCTGTTCCACCTGAGTGGAGAGTTCAATAGAGCAATCGATGCATTTAATGCTGCCTTAACAGTTCGGCCAGAGGATTACTCACTGTGGAACCGT	32953124	32954525	-1401	32992905	-39781	32952505	-2020	-40400
ENSMUST00000078226	CAGACAGGTCTGGGAGTTCTGTTCCACCTGAGTGGAGAGTTCAATAGAGCAATCGATGCATTTAATGCTGCCTTAACAGTTCGGCCAGAGGATTACTCACTGTGGAACCGT	32953124	32956816	-3692	32992905	-39781	32952505	-4311	-40400
ENSMUST00000078226	CAGACAGGTCTGGGAGTTCTGTTCCACCTGAGTGGAGAGTTCAATAGAGCAATCGATGCATTTAATGCTGCCTTAACAGTTCGGCCAGAGGATTACTCACTGTGGAACCGT	32953124	32958862	-5738	33004303	-51179	32952505	-6357	-51798
ENSMUST00000078226	CAGACAGGTCTGGGAGTTCTGTTCCACCTGAGTGGAGAGTTCAATAGAGCAATCGATGCATTTAATGCTGCCTTAACAGTTCGGCCAGAGGATTACTCACTGTGGAACCGT	32953124	32993001	-39877	33005919	-52795	32952505	-40496	-53414
ENSMUST00000078226	CAGACAGGTCTGGGAGTTCTGTTCCACCTGAGTGGAGAGTTCAATAGAGCAATCGATGCATTTAATGCTGCCTTAACAGTTCGGCCAGAGGATTACTCACTGTGGAACCGT	32953124	33006043	-52919	33014964	-61840	32952505	-53538	-62459
ENSMUST00000078226	CAGACAGGTCTGGGAGTTCTGTTCCACCTGAGTGGAGAGTTCAATAGAGCAATCGATGCATTTAATGCTGCCTTAACAGTTCGGCCAGAGGATTACTCACTGTGGAACCGT	32953124	33006046	-52922	33014964	-61840	32952505	-53541	-62459
ENSMUST00000078226	CAGACAGGTCTGGGAGTTCTGTTCCACCTGAGTGGAGAGTTCAATAGAGCAATCGATGCATTTAATGCTGCCTTAACAGTTCGGCCAGAGGATTACTCACTGTGGAACCGT	32953124	33007316	-54192	33080464	-127340	32952505	-54811	-127959
ENSMUST00000078226	CAGACAGGTCTGGGAGTTCTGTTCCACCTGAGTGGAGAGTTCAATAGAGCAATCGATGCATTTAATGCTGCCTTAACAGTTCGGCCAGAGGATTACTCACTGTGGAACCGT	32953124	33007316	-54192	33142848	-189724	32952505	-54811	-190343
ENSMUST00000078226	CAGACAGGTCTGGGAGTTCTGTTCCACCTGAGTGGAGAGTTCAATAGAGCAATCGATGCATTTAATGCTGCCTTAACAGTTCGGCCAGAGGATTACTCACTGTGGAACCGT	32953124	33015076	-61952	33080464	-127340	32952505	-62571	-127959
ENSMUST00000078226	CAGACAGGTCTGGGAGTTCTGTTCCACCTGAGTGGAGAGTTCAATAGAGCAATCGATGCATTTAATGCTGCCTTAACAGTTCGGCCAGAGGATTACTCACTGTGGAACCGT	32953124	33015076	-61952	33142848	-189724	32952505	-62571	-190343
ENSMUST00000078226	CAGACAGGTCTGGGAGTTCTGTTCCACCTGAGTGGAGAGTTCAATAGAGCAATCGATGCATTTAATGCTGCCTTAACAGTTCGGCCAGAGGATTACTCACTGTGGAACCGT	32953124	33007316	-54192	33142848	-189724	32952505	-54811	-190343
ENSMUST00000078226	CAGACAGGTCTGGGAGTTCTGTTCCACCTGAGTGGAGAGTTCAATAGAGCAATCGATGCATTTAATGCTGCCTTAACAGTTCGGCCAGAGGATTACTCACTGTGGAACCGT	32953124	33015076	-61952	33142848	-189724	32952505	-62571	-190343
ENSMUST00000078226	CAGACAGGTCTGGGAGTTCTGTTCCACCTGAGTGGAGAGTTCAATAGAGCAATCGATGCATTTAATGCTGCCTTAACAGTTCGGCCAGAGGATTACTCACTGTGGAACCGT	32953124	33024800	-71676	33142848	-189724	32952505	-72295	-190343
ENSMUST00000078226	CAGACAGGTCTGGGAGTTCTGTTCCACCTGAGTGGAGAGTTCAATAGAGCAATCGATGCATTTAATGCTGCCTTAACAGTTCGGCCAGAGGATTACTCACTGTGGAACCGT	32953124	33080536	-127412	33142848	-189724	32952505	-128031	-190343
ENSMUST00000065304	CTTCCGAACAGGCGTCGCCGGGAACTTCGGAGAGCCAGCTGCTGGATTATTCTGTGTCCCCTCCCACTCTCCCGCCCTACGTCTCTCTTCACCCTTCTCCCGCCCTTGCTC	7483009	7427875	55134	7430985	52024	7483120	55245	52135
ENSMUST00000065304	CTTCCGAACAGGCGTCGCCGGGAACTTCGGAGAGCCAGCTGCTGGATTATTCTGTGTCCCCTCCCACTCTCCCGCCCTACGTCTCTCTTCACCCTTCTCCCGCCCTTGCTC	7483009	7427875	55134	7431965	51044	7483120	55245	51155
ENSMUST00000065304	CTTCCGAACAGGCGTCGCCGGGAACTTCGGAGAGCCAGCTGCTGGATTATTCTGTGTCCCCTCCCACTCTCCCGCCCTACGTCTCTCTTCACCCTTCTCCCGCCCTTGCTC	7483009	7427875	55134	7431965	51044	7483120	55245	51155
ENSMUST00000065304	CTTCCGAACAGGCGTCGCCGGGAACTTCGGAGAGCCAGCTGCTGGATTATTCTGTGTCCCCTCCCACTCTCCCGCCCTACGTCTCTCTTCACCCTTCTCCCGCCCTTGCTC	7483009	7427875	55134	7432451	50558	7483120	55245	50669
ENSMUST00000065304	CTTCCGAACAGGCGTCGCCGGGAACTTCGGAGAGCCAGCTGCTGGATTATTCTGTGTCCCCTCCCACTCTCCCGCCCTACGTCTCTCTTCACCCTTCTCCCGCCCTTGCTC	7483009	7429809	53200	7431965	51044	7483120	53311	51155
ENSMUST00000065304	CTTCCGAACAGGCGTCGCCGGGAACTTCGGAGAGCCAGCTGCTGGATTATTCTGTGTCCCCTCCCACTCTCCCGCCCTACGTCTCTCTTCACCCTTCTCCCGCCCTTGCTC	7483009	7427875	55134	7432451	50558	7483120	55245	50669
ENSMUST00000065304	CTTCCGAACAGGCGTCGCCGGGAACTTCGGAGAGCCAGCTGCTGGATTATTCTGTGTCCCCTCCCACTCTCCCGCCCTACGTCTCTCTTCACCCTTCTCCCGCCCTTGCTC	7483009	7431032	51977	7432451	50558	7483120	52088	50669
ENSMUST00000065304	CTTCCGAACAGGCGTCGCCGGGAACTTCGGAGAGCCAGCTGCTGGATTATTCTGTGTCCCCTCCCACTCTCCCGCCCTACGTCTCTCTTCACCCTTCTCCCGCCCTTGCTC	7483009	7431032	51977	7434930	48079	7483120	52088	48190
ENSMUST00000065304	CTTCCGAACAGGCGTCGCCGGGAACTTCGGAGAGCCAGCTGCTGGATTATTCTGTGTCCCCTCCCACTCTCCCGCCCTACGTCTCTCTTCACCCTTCTCCCGCCCTTGCTC	7483009	7432590	50419	7456299	26710	7483120	50530	26821
ENSMUST00000065304	CTTCCGAACAGGCGTCGCCGGGAACTTCGGAGAGCCAGCTGCTGGATTATTCTGTGTCCCCTCCCACTCTCCCGCCCTACGTCTCTCTTCACCCTTCTCCCGCCCTTGCTC	7483009	7432590	50419	7482938	71	7483120	50530	182
ENSMUST00000065304	CTTCCGAACAGGCGTCGCCGGGAACTTCGGAGAGCCAGCTGCTGGATTATTCTGTGTCCCCTCCCACTCTCCCGCCCTACGTCTCTCTTCACCCTTCTCCCGCCCTTGCTC	7483009	7432590	50419	7482938	71	7483120	50530	182
ENSMUST00000065304	CTTCCGAACAGGCGTCGCCGGGAACTTCGGAGAGCCAGCTGCTGGATTATTCTGTGTCCCCTCCCACTCTCCCGCCCTACGTCTCTCTTCACCCTTCTCCCGCCCTTGCTC	7483009	7435138	47871	7467810	15199	7483120	47982	15310
ENSMUST00000065304	CTTCCGAACAGGCGTCGCCGGGAACTTCGGAGAGCCAGCTGCTGGATTATTCTGTGTCCCCTCCCACTCTCCCGCCCTACGTCTCTCTTCACCCTTCTCCCGCCCTTGCTC	7483009	7435138	47871	7482938	71	7483120	47982	182
ENSMUST00000065304	CTTCCGAACAGGCGTCGCCGGGAACTTCGGAGAGCCAGCTGCTGGATTATTCTGTGTCCCCTCCCACTCTCCCGCCCTACGTCTCTCTTCACCCTTCTCCCGCCCTTGCTC	7483009	7435138	47871	7482938	71	7483120	47982	182
ENSMUST00000065304	CTTCCGAACAGGCGTCGCCGGGAACTTCGGAGAGCCAGCTGCTGGATTATTCTGTGTCCCCTCCCACTCTCCCGCCCTACGTCTCTCTTCACCCTTCTCCCGCCCTTGCTC	7483009	7458423	24586	7482938	71	7483120	24697	182
ENSMUST00000100143	TTGACAATTGTTTTGCAGCGAACTGGTGACCCTGCTAATTTAAATAGGCTGAGACCTCATTTAGAGCTTCTTGCAAACATAGACCCTAATCCAGATGCTGTTTCACCAACT	37399865	37376790	23075	37377133	22732	37399610	22820	22477
ENSMUST00000100143	TTGACAATTGTTTTGCAGCGAACTGGTGACCCTGCTAATTTAAATAGGCTGAGACCTCATTTAGAGCTTCTTGCAAACATAGACCCTAATCCAGATGCTGTTTCACCAACT	37399865	37385460	14405	37398243	1622	37399610	14150	1367
ENSMUST00000100143	TTGACAATTGTTTTGCAGCGAACTGGTGACCCTGCTAATTTAAATAGGCTGAGACCTCATTTAGAGCTTCTTGCAAACATAGACCCTAATCCAGATGCTGTTTCACCAACT	37399865	37385460	14405	37398243	1622	37399610	14150	1367
ENSMUST00000100143	TTGACAATTGTTTTGCAGCGAACTGGTGACCCTGCTAATTTAAATAGGCTGAGACCTCATTTAGAGCTTCTTGCAAACATAGACCCTAATCCAGATGCTGTTTCACCAACT	37399865	37389774	10091	37398243	1622	37399610	9836	1367
ENSMUST00000100143	TTGACAATTGTTTTGCAGCGAACTGGTGACCCTGCTAATTTAAATAGGCTGAGACCTCATTTAGAGCTTCTTGCAAACATAGACCCTAATCCAGATGCTGTTTCACCAACT	37399865	37414812	-14947	37422766	-22901	37399610	-15202	-23156
ENSMUST00000100143	TTGACAATTGTTTTGCAGCGAACTGGTGACCCTGCTAATTTAAATAGGCTGAGACCTCATTTAGAGCTTCTTGCAAACATAGACCCTAATCCAGATGCTGTTTCACCAACT	37399865	37376790	23075	37377133	22732	37399610	22820	22477
ENSMUST00000100143	TTGACAATTGTTTTGCAGCGAACTGGTGACCCTGCTAATTTAAATAGGCTGAGACCTCATTTAGAGCTTCTTGCAAACATAGACCCTAATCCAGATGCTGTTTCACCAACT	37399865	37385460	14405	37398243	1622	37399610	14150	1367
ENSMUST00000100143	TTGACAATTGTTTTGCAGCGAACTGGTGACCCTGCTAATTTAAATAGGCTGAGACCTCATTTAGAGCTTCTTGCAAACATAGACCCTAATCCAGATGCTGTTTCACCAACT	37399865	37385460	14405	37398243	1622	37399610	14150	1367
ENSMUST00000100143	TTGACAATTGTTTTGCAGCGAACTGGTGACCCTGCTAATTTAAATAGGCTGAGACCTCATTTAGAGCTTCTTGCAAACATAGACCCTAATCCAGATGCTGTTTCACCAACT	37399865	37389774	10091	37398243	1622	37399610	9836	1367
ENSMUST00000100143	TTGACAATTGTTTTGCAGCGAACTGGTGACCCTGCTAATTTAAATAGGCTGAGACCTCATTTAGAGCTTCTTGCAAACATAGACCCTAATCCAGATGCTGTTTCACCAACT	37399865	37414812	-14947	37422766	-22901	37399610	-15202	-23156
ENSMUST00000217841	AATTACTTTTAGATGTTTAACTGCTAAACTTAGTTATGTAAGGTTTGTAAATGTACGTGTAGATAACAAAAGTGACCGAGAATCGCGTCCCTGATGTCAGCAGCAACACTG	67011891	67034712	-22821	67039500	-27609	67012002	-22710	-27498
ENSMUST00000217841	AATTACTTTTAGATGTTTAACTGCTAAACTTAGTTATGTAAGGTTTGTAAATGTACGTGTAGATAACAAAAGTGACCGAGAATCGCGTCCCTGATGTCAGCAGCAACACTG	67011891	67036005	-24114	67062998	-51107	67012002	-24003	-50996
ENSMUST00000055655	AGCATGGTCGCTTCTTAGAGATTGGCAAATTTGATCTTTCTAACAACCACCCTCTGGGCATGGCTATCTTCTTGAAGAACGTCACTTTCCATGGGATCCTGCTGGACGCCC	120811696	120808326	3370	120808718	2978	120811376	3050	2658
ENSMUST00000055655	AGCATGGTCGCTTCTTAGAGATTGGCAAATTTGATCTTTCTAACAACCACCCTCTGGGCATGGCTATCTTCTTGAAGAACGTCACTTTCCATGGGATCCTGCTGGACGCCC	120811696	120815790	-4094	120816039	-4343	120811376	-4414	-4663
ENSMUST00000055655	AGCATGGTCGCTTCTTAGAGATTGGCAAATTTGATCTTTCTAACAACCACCCTCTGGGCATGGCTATCTTCTTGAAGAACGTCACTTTCCATGGGATCCTGCTGGACGCCC	120811696	120820144	-8448	120820531	-8835	120811376	-8768	-9155
ENSMUST00000055647	AGCAGAGACTGGATCTGATGCGAGAGATGTATGACAGGGCAGGGGAGGTGGCCTCCAGTGCCCAAGATGACAGCGAGACGACCATGACCGGCAGCGACCCATTCTACGATC	149222249	149181602	40647	149182267	39982	149222360	40758	40093
ENSMUST00000055647	AGCAGAGACTGGATCTGATGCGAGAGATGTATGACAGGGCAGGGGAGGTGGCCTCCAGTGCCCAAGATGACAGCGAGACGACCATGACCGGCAGCGACCCATTCTACGATC	149222249	149184430	37819	149187590	34659	149222360	37930	34770
ENSMUST00000055647	AGCAGAGACTGGATCTGATGCGAGAGATGTATGACAGGGCAGGGGAGGTGGCCTCCAGTGCCCAAGATGACAGCGAGACGACCATGACCGGCAGCGACCCATTCTACGATC	149222249	149192687	29562	149198431	23818	149222360	29673	23929
ENSMUST00000055647	AGCAGAGACTGGATCTGATGCGAGAGATGTATGACAGGGCAGGGGAGGTGGCCTCCAGTGCCCAAGATGACAGCGAGACGACCATGACCGGCAGCGACCCATTCTACGATC	149222249	149192687	29562	149199257	22992	149222360	29673	23103
ENSMUST00000055647	AGCAGAGACTGGATCTGATGCGAGAGATGTATGACAGGGCAGGGGAGGTGGCCTCCAGTGCCCAAGATGACAGCGAGACGACCATGACCGGCAGCGACCCATTCTACGATC	149222249	149213752	8497	149214906	7343	149222360	8608	7454
ENSMUST00000055647	AGCAGAGACTGGATCTGATGCGAGAGATGTATGACAGGGCAGGGGAGGTGGCCTCCAGTGCCCAAGATGACAGCGAGACGACCATGACCGGCAGCGACCCATTCTACGATC	149222249	149215025	7224	149222226	23	149222360	7335	134
ENSMUST00000055647	AGCAGAGACTGGATCTGATGCGAGAGATGTATGACAGGGCAGGGGAGGTGGCCTCCAGTGCCCAAGATGACAGCGAGACGACCATGACCGGCAGCGACCCATTCTACGATC	149222249	149253751	-31502	149262135	-39886	149222360	-31391	-39775
ENSMUST00000055647	AGCAGAGACTGGATCTGATGCGAGAGATGTATGACAGGGCAGGGGAGGTGGCCTCCAGTGCCCAAGATGACAGCGAGACGACCATGACCGGCAGCGACCCATTCTACGATC	149222249	149253751	-31502	149262135	-39886	149222360	-31391	-39775
ENSMUST00000055647	AGCAGAGACTGGATCTGATGCGAGAGATGTATGACAGGGCAGGGGAGGTGGCCTCCAGTGCCCAAGATGACAGCGAGACGACCATGACCGGCAGCGACCCATTCTACGATC	149222249	149258003	-35754	149262135	-39886	149222360	-35643	-39775
ENSMUST00000055647	AGCAGAGACTGGATCTGATGCGAGAGATGTATGACAGGGCAGGGGAGGTGGCCTCCAGTGCCCAAGATGACAGCGAGACGACCATGACCGGCAGCGACCCATTCTACGATC	149222249	149258081	-35832	149262135	-39886	149222360	-35721	-39775
ENSMUST00000055647	AGCAGAGACTGGATCTGATGCGAGAGATGTATGACAGGGCAGGGGAGGTGGCCTCCAGTGCCCAAGATGACAGCGAGACGACCATGACCGGCAGCGACCCATTCTACGATC	149222249	149263690	-41441	149266251	-44002	149222360	-41330	-43891
ENSMUST00000055647	AGCAGAGACTGGATCTGATGCGAGAGATGTATGACAGGGCAGGGGAGGTGGCCTCCAGTGCCCAAGATGACAGCGAGACGACCATGACCGGCAGCGACCCATTCTACGATC	149222249	149267283	-45034	149270716	-48467	149222360	-44923	-48356
ENSMUST00000055647	AGCAGAGACTGGATCTGATGCGAGAGATGTATGACAGGGCAGGGGAGGTGGCCTCCAGTGCCCAAGATGACAGCGAGACGACCATGACCGGCAGCGACCCATTCTACGATC	149222249	149275095	-52846	149291301	-69052	149222360	-52735	-68941
ENSMUST00000044443	CCAAGATGAGCAGGAGCGGATGGAAGAAAGGCTGGCTTACATCGCTGATCACCTTGGCTTCAGCTGGACAGAATTAGCAAGAGAACTGGATTTCACTGAGGAGCAAATTCA	126940092	126923971	16121	126928664	11428	126937795	13824	9131
ENSMUST00000044443	CCAAGATGAGCAGGAGCGGATGGAAGAAAGGCTGGCTTACATCGCTGATCACCTTGGCTTCAGCTGGACAGAATTAGCAAGAGAACTGGATTTCACTGAGGAGCAAATTCA	126940092	126923971	16121	126929721	10371	126937795	13824	8074
ENSMUST00000044443	CCAAGATGAGCAGGAGCGGATGGAAGAAAGGCTGGCTTACATCGCTGATCACCTTGGCTTCAGCTGGACAGAATTAGCAAGAGAACTGGATTTCACTGAGGAGCAAATTCA	126940092	126923971	16121	126929721	10371	126937795	13824	8074
ENSMUST00000044443	CCAAGATGAGCAGGAGCGGATGGAAGAAAGGCTGGCTTACATCGCTGATCACCTTGGCTTCAGCTGGACAGAATTAGCAAGAGAACTGGATTTCACTGAGGAGCAAATTCA	126940092	126926894	13198	126929721	10371	126937795	10901	8074
ENSMUST00000044443	CCAAGATGAGCAGGAGCGGATGGAAGAAAGGCTGGCTTACATCGCTGATCACCTTGGCTTCAGCTGGACAGAATTAGCAAGAGAACTGGATTTCACTGAGGAGCAAATTCA	126940092	126940146	-54	126950734	-10642	126937795	-2351	-12939
ENSMUST00000044443	CCAAGATGAGCAGGAGCGGATGGAAGAAAGGCTGGCTTACATCGCTGATCACCTTGGCTTCAGCTGGACAGAATTAGCAAGAGAACTGGATTTCACTGAGGAGCAAATTCA	126940092	126947807	-7715	126952488	-12396	126937795	-10012	-14693
ENSMUST00000044443	CCAAGATGAGCAGGAGCGGATGGAAGAAAGGCTGGCTTACATCGCTGATCACCTTGGCTTCAGCTGGACAGAATTAGCAAGAGAACTGGATTTCACTGAGGAGCAAATTCA	126940092	126950756	-10664	126953176	-13084	126937795	-12961	-15381
ENSMUST00000044443	CCAAGATGAGCAGGAGCGGATGGAAGAAAGGCTGGCTTACATCGCTGATCACCTTGGCTTCAGCTGGACAGAATTAGCAAGAGAACTGGATTTCACTGAGGAGCAAATTCA	126940092	126953299	-13207	126955869	-15777	126937795	-15504	-18074
ENSMUST00000044443	CCAAGATGAGCAGGAGCGGATGGAAGAAAGGCTGGCTTACATCGCTGATCACCTTGGCTTCAGCTGGACAGAATTAGCAAGAGAACTGGATTTCACTGAGGAGCAAATTCA	126940092	126962405	-22313	126964937	-24845	126937795	-24610	-27142
ENSMUST00000044443	CCAAGATGAGCAGGAGCGGATGGAAGAAAGGCTGGCTTACATCGCTGATCACCTTGGCTTCAGCTGGACAGAATTAGCAAGAGAACTGGATTTCACTGAGGAGCAAATTCA	126940092	126976154	-36062	126981799	-41707	126937795	-38359	-44004
ENSMUST00000044443	CCAAGATGAGCAGGAGCGGATGGAAGAAAGGCTGGCTTACATCGCTGATCACCTTGGCTTCAGCTGGACAGAATTAGCAAGAGAACTGGATTTCACTGAGGAGCAAATTCA	126940092	126976154	-36062	126981799	-41707	126937795	-38359	-44004
ENSMUST00000044443	CCAAGATGAGCAGGAGCGGATGGAAGAAAGGCTGGCTTACATCGCTGATCACCTTGGCTTCAGCTGGACAGAATTAGCAAGAGAACTGGATTTCACTGAGGAGCAAATTCA	126940092	126976932	-36840	126981799	-41707	126937795	-39137	-44004
ENSMUST00000044443	CCAAGATGAGCAGGAGCGGATGGAAGAAAGGCTGGCTTACATCGCTGATCACCTTGGCTTCAGCTGGACAGAATTAGCAAGAGAACTGGATTTCACTGAGGAGCAAATTCA	126940092	126976947	-36855	126981799	-41707	126937795	-39152	-44004
ENSMUST00000044443	CCAAGATGAGCAGGAGCGGATGGAAGAAAGGCTGGCTTACATCGCTGATCACCTTGGCTTCAGCTGGACAGAATTAGCAAGAGAACTGGATTTCACTGAGGAGCAAATTCA	126940092	126997951	-57859	127002677	-62585	126937795	-60156	-64882
ENSMUST00000044443	CCAAGATGAGCAGGAGCGGATGGAAGAAAGGCTGGCTTACATCGCTGATCACCTTGGCTTCAGCTGGACAGAATTAGCAAGAGAACTGGATTTCACTGAGGAGCAAATTCA	126940092	127004043	-63951	127012672	-72580	126937795	-66248	-74877
ENSMUST00000044443	CCAAGATGAGCAGGAGCGGATGGAAGAAAGGCTGGCTTACATCGCTGATCACCTTGGCTTCAGCTGGACAGAATTAGCAAGAGAACTGGATTTCACTGAGGAGCAAATTCA	126940092	127011051	-70959	127013238	-73146	126937795	-73256	-75443
ENSMUST00000044443	CCAAGATGAGCAGGAGCGGATGGAAGAAAGGCTGGCTTACATCGCTGATCACCTTGGCTTCAGCTGGACAGAATTAGCAAGAGAACTGGATTTCACTGAGGAGCAAATTCA	126940092	127013337	-73245	127032115	-92023	126937795	-75542	-94320
ENSMUST00000044443	CCAAGATGAGCAGGAGCGGATGGAAGAAAGGCTGGCTTACATCGCTGATCACCTTGGCTTCAGCTGGACAGAATTAGCAAGAGAACTGGATTTCACTGAGGAGCAAATTCA	126940092	127017013	-76921	127032115	-92023	126937795	-79218	-94320
ENSMUST00000044443	CCAAGATGAGCAGGAGCGGATGGAAGAAAGGCTGGCTTACATCGCTGATCACCTTGGCTTCAGCTGGACAGAATTAGCAAGAGAACTGGATTTCACTGAGGAGCAAATTCA	126940092	127023390	-83298	127032115	-92023	126937795	-85595	-94320
ENSMUST00000044443	CCAAGATGAGCAGGAGCGGATGGAAGAAAGGCTGGCTTACATCGCTGATCACCTTGGCTTCAGCTGGACAGAATTAGCAAGAGAACTGGATTTCACTGAGGAGCAAATTCA	126940092	127029317	-89225	127032115	-92023	126937795	-91522	-94320
ENSMUST00000044443	CCAAGATGAGCAGGAGCGGATGGAAGAAAGGCTGGCTTACATCGCTGATCACCTTGGCTTCAGCTGGACAGAATTAGCAAGAGAACTGGATTTCACTGAGGAGCAAATTCA	126940092	127048280	-108188	127052687	-112595	126937795	-110485	-114892
ENSMUST00000044443	CCAAGATGAGCAGGAGCGGATGGAAGAAAGGCTGGCTTACATCGCTGATCACCTTGGCTTCAGCTGGACAGAATTAGCAAGAGAACTGGATTTCACTGAGGAGCAAATTCA	126940092	127057091	-116999	127079897	-139805	126937795	-119296	-142102
ENSMUST00000044443	CCAAGATGAGCAGGAGCGGATGGAAGAAAGGCTGGCTTACATCGCTGATCACCTTGGCTTCAGCTGGACAGAATTAGCAAGAGAACTGGATTTCACTGAGGAGCAAATTCA	126940092	127057091	-116999	127104760	-164668	126937795	-119296	-166965
ENSMUST00000044443	CCAAGATGAGCAGGAGCGGATGGAAGAAAGGCTGGCTTACATCGCTGATCACCTTGGCTTCAGCTGGACAGAATTAGCAAGAGAACTGGATTTCACTGAGGAGCAAATTCA	126940092	127079996	-139904	127104760	-164668	126937795	-142201	-166965
ENSMUST00000044443	CCAAGATGAGCAGGAGCGGATGGAAGAAAGGCTGGCTTACATCGCTGATCACCTTGGCTTCAGCTGGACAGAATTAGCAAGAGAACTGGATTTCACTGAGGAGCAAATTCA	126940092	127057091	-116999	127339131	-399039	126937795	-119296	-401336
ENSMUST00000044443	CCAAGATGAGCAGGAGCGGATGGAAGAAAGGCTGGCTTACATCGCTGATCACCTTGGCTTCAGCTGGACAGAATTAGCAAGAGAACTGGATTTCACTGAGGAGCAAATTCA	126940092	127079996	-139904	127161678	-221586	126937795	-142201	-223883
ENSMUST00000044443	CCAAGATGAGCAGGAGCGGATGGAAGAAAGGCTGGCTTACATCGCTGATCACCTTGGCTTCAGCTGGACAGAATTAGCAAGAGAACTGGATTTCACTGAGGAGCAAATTCA	126940092	127104862	-164770	127339131	-399039	126937795	-167067	-401336
ENSMUST00000044443	CCAAGATGAGCAGGAGCGGATGGAAGAAAGGCTGGCTTACATCGCTGATCACCTTGGCTTCAGCTGGACAGAATTAGCAAGAGAACTGGATTTCACTGAGGAGCAAATTCA	126940092	127104862	-164770	127408844	-468752	126937795	-167067	-471049
ENSMUST00000044443	CCAAGATGAGCAGGAGCGGATGGAAGAAAGGCTGGCTTACATCGCTGATCACCTTGGCTTCAGCTGGACAGAATTAGCAAGAGAACTGGATTTCACTGAGGAGCAAATTCA	126940092	127104862	-164770	127498667	-558575	126937795	-167067	-560872
ENSMUST00000044443	CCAAGATGAGCAGGAGCGGATGGAAGAAAGGCTGGCTTACATCGCTGATCACCTTGGCTTCAGCTGGACAGAATTAGCAAGAGAACTGGATTTCACTGAGGAGCAAATTCA	126940092	127104862	-164770	127408844	-468752	126937795	-167067	-471049
ENSMUST00000044443	CCAAGATGAGCAGGAGCGGATGGAAGAAAGGCTGGCTTACATCGCTGATCACCTTGGCTTCAGCTGGACAGAATTAGCAAGAGAACTGGATTTCACTGAGGAGCAAATTCA	126940092	127248232	-308140	127408844	-468752	126937795	-310437	-471049
ENSMUST00000123853	GAAAAAGAAATGGCAGCCATCTTTGCAAATACCAGACATGTGAAAGGACACAGGATCCGTGTAGAAATGAACTTTCTGAACTGTACAGTTTTTCAGCCTCTCTTGCTAGCAG	78513495	78495946	17549	78502189	11306	78513607	17661	11418
ENSMUST00000123853	GAAAAAGAAATGGCAGCCATCTTTGCAAATACCAGACATGTGAAAGGACACAGGATCCGTGTAGAAATGAACTTTCTGAACTGTACAGTTTTTCAGCCTCTCTTGCTAGCAG	78513495	78502236	11259	78507724	5771	78513607	11371	5883
ENSMUST00000123853	GAAAAAGAAATGGCAGCCATCTTTGCAAATACCAGACATGTGAAAGGACACAGGATCCGTGTAGAAATGAACTTTCTGAACTGTACAGTTTTTCAGCCTCTCTTGCTAGCAG	78513495	78502236	11259	78507724	5771	78513607	11371	5883
ENSMUST00000123853	GAAAAAGAAATGGCAGCCATCTTTGCAAATACCAGACATGTGAAAGGACACAGGATCCGTGTAGAAATGAACTTTCTGAACTGTACAGTTTTTCAGCCTCTCTTGCTAGCAG	78513495	78503022	10473	78509879	3616	78513607	10585	3728
ENSMUST00000123853	GAAAAAGAAATGGCAGCCATCTTTGCAAATACCAGACATGTGAAAGGACACAGGATCCGTGTAGAAATGAACTTTCTGAACTGTACAGTTTTTCAGCCTCTCTTGCTAGCAG	78513495	78514320	-825	78516322	-2827	78513607	-713	-2715
ENSMUST00000123853	GAAAAAGAAATGGCAGCCATCTTTGCAAATACCAGACATGTGAAAGGACACAGGATCCGTGTAGAAATGAACTTTCTGAACTGTACAGTTTTTCAGCCTCTCTTGCTAGCAG	78513495	78518896	-5401	78536711	-23216	78513607	-5289	-23104
ENSMUST00000090945	ATGGAGAGGGTTGGTGACAATGCCTTTGGTGGTTCCCCTCGTGCTTGTAGATCTGAATCCACTCTGCCCCCCTGCAACCTTTCATTTGCTTTTTGTTTGGTTGGTTTTGCTT	88746589	88748010	-1421	88761725	-15136	88746701	-1309	-15024
ENSMUST00000090945	ATGGAGAGGGTTGGTGACAATGCCTTTGGTGGTTCCCCTCGTGCTTGTAGATCTGAATCCACTCTGCCCCCCTGCAACCTTTCATTTGCTTTTTGTTTGGTTGGTTTTGCTT	88746589	88748010	-1421	88761725	-15136	88746701	-1309	-15024
ENSMUST00000090945	ATGGAGAGGGTTGGTGACAATGCCTTTGGTGGTTCCCCTCGTGCTTGTAGATCTGAATCCACTCTGCCCCCCTGCAACCTTTCATTTGCTTTTTGTTTGGTTGGTTTTGCTT	88746589	88748902	-2313	88772290	-25701	88746701	-2201	-25589
ENSMUST00000110361	AAGTATTGAGCAGAAGACGGAAGGTGCTGAGAAAAAGCAGCAGATGGCTCGAGAATACAGAGAGAAGATCGAGACGGAGCTGCGTGACATCTGCAACGATGTACTGTCTCTTT	36790884	36772777	18107	36775415	15469	36776255	3478	840
ENSMUST00000110361	AAGTATTGAGCAGAAGACGGAAGGTGCTGAGAAAAAGCAGCAGATGGCTCGAGAATACAGAGAGAAGATCGAGACGGAGCTGCGTGACATCTGCAACGATGTACTGTCTCTTT	36790884	36790988	-104	36794144	-3260	36776255	-14733	-17889
ENSMUST00000110361	AAGTATTGAGCAGAAGACGGAAGGTGCTGAGAAAAAGCAGCAGATGGCTCGAGAATACAGAGAGAAGATCGAGACGGAGCTGCGTGACATCTGCAACGATGTACTGTCTCTTT	36790884	36772777	18107	36775415	15469	36776255	3478	840
ENSMUST00000110361	AAGTATTGAGCAGAAGACGGAAGGTGCTGAGAAAAAGCAGCAGATGGCTCGAGAATACAGAGAGAAGATCGAGACGGAGCTGCGTGACATCTGCAACGATGTACTGTCTCTTT	36790884	36790988	-104	36794144	-3260	36776255	-14733	-17889
ENSMUST00000167595	GGTCTGTGCACTGACAGCTGAGAAGGATCGAATGGAGGAGGCCCTGGCCAGCCTAGCCCAGGAGCTCCAGGACTCCAAAGAGGCAGCACTACAGGAACGAAAGGGCTTGGAGC	123830162	123792749	37413	123797516	32646	123830275	37526	32759
ENSMUST00000167595	GGTCTGTGCACTGACAGCTGAGAAGGATCGAATGGAGGAGGCCCTGGCCAGCCTAGCCCAGGAGCTCCAGGACTCCAAAGAGGCAGCACTACAGGAACGAAAGGGCTTGGAGC	123830162	123797727	32435	123819046	11116	123830275	32548	11229
ENSMUST00000167595	GGTCTGTGCACTGACAGCTGAGAAGGATCGAATGGAGGAGGCCCTGGCCAGCCTAGCCCAGGAGCTCCAGGACTCCAAAGAGGCAGCACTACAGGAACGAAAGGGCTTGGAGC	123830162	123825673	4489	123827084	3078	123830275	4602	3191
ENSMUST00000167595	GGTCTGTGCACTGACAGCTGAGAAGGATCGAATGGAGGAGGCCCTGGCCAGCCTAGCCCAGGAGCTCCAGGACTCCAAAGAGGCAGCACTACAGGAACGAAAGGGCTTGGAGC	123830162	123831377	-1215	123834792	-4630	123830275	-1102	-4517
ENSMUST00000167595	GGTCTGTGCACTGACAGCTGAGAAGGATCGAATGGAGGAGGCCCTGGCCAGCCTAGCCCAGGAGCTCCAGGACTCCAAAGAGGCAGCACTACAGGAACGAAAGGGCTTGGAGC	123830162	123831377	-1215	123838871	-8709	123830275	-1102	-8596
ENSMUST00000167595	GGTCTGTGCACTGACAGCTGAGAAGGATCGAATGGAGGAGGCCCTGGCCAGCCTAGCCCAGGAGCTCCAGGACTCCAAAGAGGCAGCACTACAGGAACGAAAGGGCTTGGAGC	123830162	123840648	-10486	123851780	-21618	123830275	-10373	-21505
ENSMUST00000167595	GGTCTGTGCACTGACAGCTGAGAAGGATCGAATGGAGGAGGCCCTGGCCAGCCTAGCCCAGGAGCTCCAGGACTCCAAAGAGGCAGCACTACAGGAACGAAAGGGCTTGGAGC	123830162	123843608	-13446	123851412	-21250	123830275	-13333	-21137
ENSMUST00000029438	CGGGGCACCCACACTTGGCCCCAGCCCCTGCTCACCTGCCAAGCCAGCCTCACCTGTATACGTACGCTGCCCCCACTTCTGCTGCTGCATTGGGCTCCACCAGTTCCATTGCT	103743808	103750918	-7110	103754200	-10392	103743921	-6997	-10279
ENSMUST00000029438	CGGGGCACCCACACTTGGCCCCAGCCCCTGCTCACCTGCCAAGCCAGCCTCACCTGTATACGTACGCTGCCCCCACTTCTGCTGCTGCATTGGGCTCCACCAGTTCCATTGCT	103743808	103754322	-10514	103758534	-14726	103743921	-10401	-14613
ENSMUST00000029438	CGGGGCACCCACACTTGGCCCCAGCCCCTGCTCACCTGCCAAGCCAGCCTCACCTGTATACGTACGCTGCCCCCACTTCTGCTGCTGCATTGGGCTCCACCAGTTCCATTGCT	103743808	103769521	-25713	103790994	-47186	103743921	-25600	-47073
ENSMUST00000029438	CGGGGCACCCACACTTGGCCCCAGCCCCTGCTCACCTGCCAAGCCAGCCTCACCTGTATACGTACGCTGCCCCCACTTCTGCTGCTGCATTGGGCTCCACCAGTTCCATTGCT	103743808	103750918	-7110	103754200	-10392	103743921	-6997	-10279
ENSMUST00000029438	CGGGGCACCCACACTTGGCCCCAGCCCCTGCTCACCTGCCAAGCCAGCCTCACCTGTATACGTACGCTGCCCCCACTTCTGCTGCTGCATTGGGCTCCACCAGTTCCATTGCT	103743808	103754322	-10514	103758534	-14726	103743921	-10401	-14613
ENSMUST00000029438	CGGGGCACCCACACTTGGCCCCAGCCCCTGCTCACCTGCCAAGCCAGCCTCACCTGTATACGTACGCTGCCCCCACTTCTGCTGCTGCATTGGGCTCCACCAGTTCCATTGCT	103743808	103769521	-25713	103790994	-47186	103743921	-25600	-47073
ENSMUST00000161051	GTTCATGCCGCCAAGGATGAAAATGGATAGGGACCCACTTGGGGGACTTGCTGATATGTTTGGACAAATGCCAGGTAGTGGAATTGGTACTGGTCCAGGAGTTATCCAGGATA	111077015	111073950	3065	111074339	2676	111076748	2798	2409
ENSMUST00000161051	GTTCATGCCGCCAAGGATGAAAATGGATAGGGACCCACTTGGGGGACTTGCTGATATGTTTGGACAAATGCCAGGTAGTGGAATTGGTACTGGTCCAGGAGTTATCCAGGATA	111077015	111075441	1574	111076695	320	111076748	1307	53
ENSMUST00000161051	GTTCATGCCGCCAAGGATGAAAATGGATAGGGACCCACTTGGGGGACTTGCTGATATGTTTGGACAAATGCCAGGTAGTGGAATTGGTACTGGTCCAGGAGTTATCCAGGATA	111077015	111075712	1303	111076695	320	111076748	1036	53
ENSMUST00000161051	GTTCATGCCGCCAAGGATGAAAATGGATAGGGACCCACTTGGGGGACTTGCTGATATGTTTGGACAAATGCCAGGTAGTGGAATTGGTACTGGTCCAGGAGTTATCCAGGATA	111077015	111075712	1303	111076937	78	111076748	1036	-189
ENSMUST00000161051	GTTCATGCCGCCAAGGATGAAAATGGATAGGGACCCACTTGGGGGACTTGCTGATATGTTTGGACAAATGCCAGGTAGTGGAATTGGTACTGGTCCAGGAGTTATCCAGGATA	111077015	111077323	-308	111077636	-621	111076748	-575	-888
ENSMUST00000161051	GTTCATGCCGCCAAGGATGAAAATGGATAGGGACCCACTTGGGGGACTTGCTGATATGTTTGGACAAATGCCAGGTAGTGGAATTGGTACTGGTCCAGGAGTTATCCAGGATA	111077015	111077492	-477	111078024	-1009	111076748	-744	-1276
ENSMUST00000161051	GTTCATGCCGCCAAGGATGAAAATGGATAGGGACCCACTTGGGGGACTTGCTGATATGTTTGGACAAATGCCAGGTAGTGGAATTGGTACTGGTCCAGGAGTTATCCAGGATA	111077015	111078553	-1538	111080181	-3166	111076748	-1805	-3433
ENSMUST00000161051	GTTCATGCCGCCAAGGATGAAAATGGATAGGGACCCACTTGGGGGACTTGCTGATATGTTTGGACAAATGCCAGGTAGTGGAATTGGTACTGGTCCAGGAGTTATCCAGGATA	111077015	111080322	-3307	111081506	-4491	111076748	-3574	-4758
ENSMUST00000161051	GTTCATGCCGCCAAGGATGAAAATGGATAGGGACCCACTTGGGGGACTTGCTGATATGTTTGGACAAATGCCAGGTAGTGGAATTGGTACTGGTCCAGGAGTTATCCAGGATA	111077015	111073950	3065	111074339	2676	111076748	2798	2409
ENSMUST00000161051	GTTCATGCCGCCAAGGATGAAAATGGATAGGGACCCACTTGGGGGACTTGCTGATATGTTTGGACAAATGCCAGGTAGTGGAATTGGTACTGGTCCAGGAGTTATCCAGGATA	111077015	111075441	1574	111076695	320	111076748	1307	53
ENSMUST00000161051	GTTCATGCCGCCAAGGATGAAAATGGATAGGGACCCACTTGGGGGACTTGCTGATATGTTTGGACAAATGCCAGGTAGTGGAATTGGTACTGGTCCAGGAGTTATCCAGGATA	111077015	111075712	1303	111076695	320	111076748	1036	53
ENSMUST00000161051	GTTCATGCCGCCAAGGATGAAAATGGATAGGGACCCACTTGGGGGACTTGCTGATATGTTTGGACAAATGCCAGGTAGTGGAATTGGTACTGGTCCAGGAGTTATCCAGGATA	111077015	111075712	1303	111076937	78	111076748	1036	-189
ENSMUST00000161051	GTTCATGCCGCCAAGGATGAAAATGGATAGGGACCCACTTGGGGGACTTGCTGATATGTTTGGACAAATGCCAGGTAGTGGAATTGGTACTGGTCCAGGAGTTATCCAGGATA	111077015	111077323	-308	111077636	-621	111076748	-575	-888
ENSMUST00000161051	GTTCATGCCGCCAAGGATGAAAATGGATAGGGACCCACTTGGGGGACTTGCTGATATGTTTGGACAAATGCCAGGTAGTGGAATTGGTACTGGTCCAGGAGTTATCCAGGATA	111077015	111077492	-477	111078024	-1009	111076748	-744	-1276
ENSMUST00000161051	GTTCATGCCGCCAAGGATGAAAATGGATAGGGACCCACTTGGGGGACTTGCTGATATGTTTGGACAAATGCCAGGTAGTGGAATTGGTACTGGTCCAGGAGTTATCCAGGATA	111077015	111078553	-1538	111080181	-3166	111076748	-1805	-3433
ENSMUST00000161051	GTTCATGCCGCCAAGGATGAAAATGGATAGGGACCCACTTGGGGGACTTGCTGATATGTTTGGACAAATGCCAGGTAGTGGAATTGGTACTGGTCCAGGAGTTATCCAGGATA	111077015	111080322	-3307	111081506	-4491	111076748	-3574	-4758
ENSMUST00000164205	CAGGCCACGAGAACTTTGTGCAGTGGGAGATGGAGGTGTGCAAACTGCCCCGGCTGTCTCTCAACGGTGTTCGGTTTAAGCGGATATCGGGCACTTCCATGGCCTTCAAAAAC	7276961	7277450	-489	7279110	-2149	7277074	-376	-2036
ENSMUST00000164205	CAGGCCACGAGAACTTTGTGCAGTGGGAGATGGAGGTGTGCAAACTGCCCCGGCTGTCTCTCAACGGTGTTCGGTTTAAGCGGATATCGGGCACTTCCATGGCCTTCAAAAAC	7276961	7277450	-489	7279985	-3024	7277074	-376	-2911
ENSMUST00000164205	CAGGCCACGAGAACTTTGTGCAGTGGGAGATGGAGGTGTGCAAACTGCCCCGGCTGTCTCTCAACGGTGTTCGGTTTAAGCGGATATCGGGCACTTCCATGGCCTTCAAAAAC	7276961	7277450	-489	7280997	-4036	7277074	-376	-3923
ENSMUST00000164205	CAGGCCACGAGAACTTTGTGCAGTGGGAGATGGAGGTGTGCAAACTGCCCCGGCTGTCTCTCAACGGTGTTCGGTTTAAGCGGATATCGGGCACTTCCATGGCCTTCAAAAAC	7276961	7277450	-489	7279985	-3024	7277074	-376	-2911
ENSMUST00000164205	CAGGCCACGAGAACTTTGTGCAGTGGGAGATGGAGGTGTGCAAACTGCCCCGGCTGTCTCTCAACGGTGTTCGGTTTAAGCGGATATCGGGCACTTCCATGGCCTTCAAAAAC	7276961	7278086	-1125	7279985	-3024	7277074	-1012	-2911
ENSMUST00000164205	CAGGCCACGAGAACTTTGTGCAGTGGGAGATGGAGGTGTGCAAACTGCCCCGGCTGTCTCTCAACGGTGTTCGGTTTAAGCGGATATCGGGCACTTCCATGGCCTTCAAAAAC	7276961	7277450	-489	7280997	-4036	7277074	-376	-3923
ENSMUST00000164205	CAGGCCACGAGAACTTTGTGCAGTGGGAGATGGAGGTGTGCAAACTGCCCCGGCTGTCTCTCAACGGTGTTCGGTTTAAGCGGATATCGGGCACTTCCATGGCCTTCAAAAAC	7276961	7278086	-1125	7280997	-4036	7277074	-1012	-3923
ENSMUST00000164205	CAGGCCACGAGAACTTTGTGCAGTGGGAGATGGAGGTGTGCAAACTGCCCCGGCTGTCTCTCAACGGTGTTCGGTTTAAGCGGATATCGGGCACTTCCATGGCCTTCAAAAAC	7276961	7279278	-2317	7280997	-4036	7277074	-2204	-3923
ENSMUST00000164205	CAGGCCACGAGAACTTTGTGCAGTGGGAGATGGAGGTGTGCAAACTGCCCCGGCTGTCTCTCAACGGTGTTCGGTTTAAGCGGATATCGGGCACTTCCATGGCCTTCAAAAAC	7276961	7278086	-1125	7281797	-4836	7277074	-1012	-4723
ENSMUST00000164205	CAGGCCACGAGAACTTTGTGCAGTGGGAGATGGAGGTGTGCAAACTGCCCCGGCTGTCTCTCAACGGTGTTCGGTTTAAGCGGATATCGGGCACTTCCATGGCCTTCAAAAAC	7276961	7278086	-1125	7282725	-5764	7277074	-1012	-5651
ENSMUST00000164205	CAGGCCACGAGAACTTTGTGCAGTGGGAGATGGAGGTGTGCAAACTGCCCCGGCTGTCTCTCAACGGTGTTCGGTTTAAGCGGATATCGGGCACTTCCATGGCCTTCAAAAAC	7276961	7278086	-1125	7282725	-5764	7277074	-1012	-5651
ENSMUST00000164205	CAGGCCACGAGAACTTTGTGCAGTGGGAGATGGAGGTGTGCAAACTGCCCCGGCTGTCTCTCAACGGTGTTCGGTTTAAGCGGATATCGGGCACTTCCATGGCCTTCAAAAAC	7276961	7281255	-4294	7282725	-5764	7277074	-4181	-5651
ENSMUST00000164205	CAGGCCACGAGAACTTTGTGCAGTGGGAGATGGAGGTGTGCAAACTGCCCCGGCTGTCTCTCAACGGTGTTCGGTTTAAGCGGATATCGGGCACTTCCATGGCCTTCAAAAAC	7276961	7290369	-13408	7341167	-64206	7277074	-13295	-64093
ENSMUST00000164205	CAGGCCACGAGAACTTTGTGCAGTGGGAGATGGAGGTGTGCAAACTGCCCCGGCTGTCTCTCAACGGTGTTCGGTTTAAGCGGATATCGGGCACTTCCATGGCCTTCAAAAAC	7276961	7290782	-13821	7341498	-64537	7277074	-13708	-64424
ENSMUST00000164205	CAGGCCACGAGAACTTTGTGCAGTGGGAGATGGAGGTGTGCAAACTGCCCCGGCTGTCTCTCAACGGTGTTCGGTTTAAGCGGATATCGGGCACTTCCATGGCCTTCAAAAAC	7276961	7290782	-13821	7341590	-64629	7277074	-13708	-64516
ENSMUST00000040992	TGTGTCATTTTTGAACTGCTTACTCTGAAAAGAACATTTGATGCTACAAACCCACTCAACCTATGTGTGAAGATCGTGCAGGGAATCCGGGCCATGGAAGTTGACTCGAGTCAGT	85329933	85307989	21944	85310386	19547	85327462	19473	17076
ENSMUST00000040992	TGTGTCATTTTTGAACTGCTTACTCTGAAAAGAACATTTGATGCTACAAACCCACTCAACCTATGTGTGAAGATCGTGCAGGGAATCCGGGCCATGGAAGTTGACTCGAGTCAGT	85329933	85308989	20944	85311337	18596	85327462	18473	16125
ENSMUST00000040992	TGTGTCATTTTTGAACTGCTTACTCTGAAAAGAACATTTGATGCTACAAACCCACTCAACCTATGTGTGAAGATCGTGCAGGGAATCCGGGCCATGGAAGTTGACTCGAGTCAGT	85329933	85310548	19385	85312945	16988	85327462	16914	14517
ENSMUST00000238956	AAGGCAACTCGACCAGTATTATTAACCCAAAGAACCCAAAGGAAGCACCAAAGTCCTTCAGCTTTGACTACTCCTACTGGTCCCACACCTCGCCTGAAGATCCCTGTTTTGCATC	149291463	149181602	109861	149182267	109196	149274942	93340	92675
ENSMUST00000238956	AAGGCAACTCGACCAGTATTATTAACCCAAAGAACCCAAAGGAAGCACCAAAGTCCTTCAGCTTTGACTACTCCTACTGGTCCCACACCTCGCCTGAAGATCCCTGTTTTGCATC	149291463	149184430	107033	149187590	103873	149274942	90512	87352
ENSMUST00000238956	AAGGCAACTCGACCAGTATTATTAACCCAAAGAACCCAAAGGAAGCACCAAAGTCCTTCAGCTTTGACTACTCCTACTGGTCCCACACCTCGCCTGAAGATCCCTGTTTTGCATC	149291463	149192687	98776	149198431	93032	149274942	82255	76511
ENSMUST00000238956	AAGGCAACTCGACCAGTATTATTAACCCAAAGAACCCAAAGGAAGCACCAAAGTCCTTCAGCTTTGACTACTCCTACTGGTCCCACACCTCGCCTGAAGATCCCTGTTTTGCATC	149291463	149192687	98776	149199257	92206	149274942	82255	75685
ENSMUST00000238956	AAGGCAACTCGACCAGTATTATTAACCCAAAGAACCCAAAGGAAGCACCAAAGTCCTTCAGCTTTGACTACTCCTACTGGTCCCACACCTCGCCTGAAGATCCCTGTTTTGCATC	149291463	149213752	77711	149214906	76557	149274942	61190	60036
ENSMUST00000238956	AAGGCAACTCGACCAGTATTATTAACCCAAAGAACCCAAAGGAAGCACCAAAGTCCTTCAGCTTTGACTACTCCTACTGGTCCCACACCTCGCCTGAAGATCCCTGTTTTGCATC	149291463	149215025	76438	149222226	69237	149274942	59917	52716
ENSMUST00000238956	AAGGCAACTCGACCAGTATTATTAACCCAAAGAACCCAAAGGAAGCACCAAAGTCCTTCAGCTTTGACTACTCCTACTGGTCCCACACCTCGCCTGAAGATCCCTGTTTTGCATC	149291463	149253751	37712	149262135	29328	149274942	21191	12807
ENSMUST00000238956	AAGGCAACTCGACCAGTATTATTAACCCAAAGAACCCAAAGGAAGCACCAAAGTCCTTCAGCTTTGACTACTCCTACTGGTCCCACACCTCGCCTGAAGATCCCTGTTTTGCATC	149291463	149253751	37712	149262135	29328	149274942	21191	12807
ENSMUST00000238956	AAGGCAACTCGACCAGTATTATTAACCCAAAGAACCCAAAGGAAGCACCAAAGTCCTTCAGCTTTGACTACTCCTACTGGTCCCACACCTCGCCTGAAGATCCCTGTTTTGCATC	149291463	149258003	33460	149262135	29328	149274942	16939	12807
ENSMUST00000238956	AAGGCAACTCGACCAGTATTATTAACCCAAAGAACCCAAAGGAAGCACCAAAGTCCTTCAGCTTTGACTACTCCTACTGGTCCCACACCTCGCCTGAAGATCCCTGTTTTGCATC	149291463	149258081	33382	149262135	29328	149274942	16861	12807
ENSMUST00000238956	AAGGCAACTCGACCAGTATTATTAACCCAAAGAACCCAAAGGAAGCACCAAAGTCCTTCAGCTTTGACTACTCCTACTGGTCCCACACCTCGCCTGAAGATCCCTGTTTTGCATC	149291463	149263690	27773	149266251	25212	149274942	11252	8691
ENSMUST00000238956	AAGGCAACTCGACCAGTATTATTAACCCAAAGAACCCAAAGGAAGCACCAAAGTCCTTCAGCTTTGACTACTCCTACTGGTCCCACACCTCGCCTGAAGATCCCTGTTTTGCATC	149291463	149267283	24180	149270716	20747	149274942	7659	4226
ENSMUST00000238956	AAGGCAACTCGACCAGTATTATTAACCCAAAGAACCCAAAGGAAGCACCAAAGTCCTTCAGCTTTGACTACTCCTACTGGTCCCACACCTCGCCTGAAGATCCCTGTTTTGCATC	149291463	149275095	16368	149291301	162	149274942	-153	-16359
ENSMUST00000050288	TAGCGACAAGTACTGCACCCCGCGATACAGTGAATTTGAAGAACTTGAGCGTAAATACTGGAAAAACCTCACATTCAATCCTCCCATCTATGGAGCAGACGTGAATGGTACTCTC	118175723	118138989	36734	118143898	31825	118170031	31042	26133
ENSMUST00000050288	TAGCGACAAGTACTGCACCCCGCGATACAGTGAATTTGAAGAACTTGAGCGTAAATACTGGAAAAACCTCACATTCAATCCTCCCATCTATGGAGCAGACGTGAATGGTACTCTC	118175723	118164950	10773	118168384	7339	118170031	5081	1647
ENSMUST00000142817	CGTGCACTACAGAAGAGGCATGATGACTTTGAAGAAGTGGCACAGAATACATACACCAATGCGGACAAGCTCCTAGAAGCAGCGGAGCAGCTGGCTCAGACTGGGGAATGTGACCC	34294204	33977664	316540	33985174	309030	34262708	285044	277534
ENSMUST00000142817	CGTGCACTACAGAAGAGGCATGATGACTTTGAAGAAGTGGCACAGAATACATACACCAATGCGGACAAGCTCCTAGAAGCAGCGGAGCAGCTGGCTCAGACTGGGGAATGTGACCC	34294204	33993030	301174	34009269	284935	34262708	269678	253439
ENSMUST00000142817	CGTGCACTACAGAAGAGGCATGATGACTTTGAAGAAGTGGCACAGAATACATACACCAATGCGGACAAGCTCCTAGAAGCAGCGGAGCAGCTGGCTCAGACTGGGGAATGTGACCC	34294204	33993663	300541	34010521	283683	34262708	269045	252187
ENSMUST00000142817	CGTGCACTACAGAAGAGGCATGATGACTTTGAAGAAGTGGCACAGAATACATACACCAATGCGGACAAGCTCCTAGAAGCAGCGGAGCAGCTGGCTCAGACTGGGGAATGTGACCC	34294204	33993663	300541	34013957	280247	34262708	269045	248751
ENSMUST00000142817	CGTGCACTACAGAAGAGGCATGATGACTTTGAAGAAGTGGCACAGAATACATACACCAATGCGGACAAGCTCCTAGAAGCAGCGGAGCAGCTGGCTCAGACTGGGGAATGTGACCC	34294204	34040009	254195	34053559	240645	34262708	222699	209149
ENSMUST00000142817	CGTGCACTACAGAAGAGGCATGATGACTTTGAAGAAGTGGCACAGAATACATACACCAATGCGGACAAGCTCCTAGAAGCAGCGGAGCAGCTGGCTCAGACTGGGGAATGTGACCC	34294204	34174527	119677	34176266	117938	34262708	88181	86442
ENSMUST00000142817	CGTGCACTACAGAAGAGGCATGATGACTTTGAAGAAGTGGCACAGAATACATACACCAATGCGGACAAGCTCCTAGAAGCAGCGGAGCAGCTGGCTCAGACTGGGGAATGTGACCC	34294204	34178407	115797	34187414	106790	34262708	84301	75294
ENSMUST00000142817	CGTGCACTACAGAAGAGGCATGATGACTTTGAAGAAGTGGCACAGAATACATACACCAATGCGGACAAGCTCCTAGAAGCAGCGGAGCAGCTGGCTCAGACTGGGGAATGTGACCC	34294204	34182750	111454	34189667	104537	34262708	79958	73041
ENSMUST00000142817	CGTGCACTACAGAAGAGGCATGATGACTTTGAAGAAGTGGCACAGAATACATACACCAATGCGGACAAGCTCCTAGAAGCAGCGGAGCAGCTGGCTCAGACTGGGGAATGTGACCC	34294204	34256360	37844	34294117	87	34262708	6348	-31409
ENSMUST00000142817	CGTGCACTACAGAAGAGGCATGATGACTTTGAAGAAGTGGCACAGAATACATACACCAATGCGGACAAGCTCCTAGAAGCAGCGGAGCAGCTGGCTCAGACTGGGGAATGTGACCC	34294204	34314360	-20156	34356884	-62680	34262708	-51652	-94176
ENSMUST00000142817	CGTGCACTACAGAAGAGGCATGATGACTTTGAAGAAGTGGCACAGAATACATACACCAATGCGGACAAGCTCCTAGAAGCAGCGGAGCAGCTGGCTCAGACTGGGGAATGTGACCC	34294204	34361009	-66805	34513913	-219709	34262708	-98301	-251205
ENSMUST00000142817	CGTGCACTACAGAAGAGGCATGATGACTTTGAAGAAGTGGCACAGAATACATACACCAATGCGGACAAGCTCCTAGAAGCAGCGGAGCAGCTGGCTCAGACTGGGGAATGTGACCC	34294204	34385399	-91195	34513913	-219709	34262708	-122691	-251205
ENSMUST00000161779	TCCACCCCAGTCAGTATCCAGCCCAGTTTGCCCACCAGACCTATATCAGCGCCTCGCCAGCCTCCACCGTCTACACTGGATACCCACTGAGTCCTGCCAAGGTCAACCAATACCCT	38694741	38743260	-48519	38818229	-123488	38694857	-48403	-123372
ENSMUST00000161779	TCCACCCCAGTCAGTATCCAGCCCAGTTTGCCCACCAGACCTATATCAGCGCCTCGCCAGCCTCCACCGTCTACACTGGATACCCACTGAGTCCTGCCAAGGTCAACCAATACCCT	38694741	38747997	-53256	38875798	-181057	38694857	-53140	-180941
ENSMUST00000161779	TCCACCCCAGTCAGTATCCAGCCCAGTTTGCCCACCAGACCTATATCAGCGCCTCGCCAGCCTCCACCGTCTACACTGGATACCCACTGAGTCCTGCCAAGGTCAACCAATACCCT	38694741	38743260	-48519	38818229	-123488	38694857	-48403	-123372
ENSMUST00000161779	TCCACCCCAGTCAGTATCCAGCCCAGTTTGCCCACCAGACCTATATCAGCGCCTCGCCAGCCTCCACCGTCTACACTGGATACCCACTGAGTCCTGCCAAGGTCAACCAATACCCT	38694741	38747997	-53256	38875798	-181057	38694857	-53140	-180941
ENSMUST00000109830	AACAAGAAGGGAAATGACAACCAAAGGTTCTACAGGCATGGAAGTTCTGTTGTCAACATTGGAGAACACGAAAGATCTTCAGACTGTACTTAATATCCTAAGCATTCTCATTGAGC	59533179	59450314	82865	59461996	71183	59532069	81755	70073
ENSMUST00000109830	AACAAGAAGGGAAATGACAACCAAAGGTTCTACAGGCATGGAAGTTCTGTTGTCAACATTGGAGAACACGAAAGATCTTCAGACTGTACTTAATATCCTAAGCATTCTCATTGAGC	59533179	59450314	82865	59465984	67195	59532069	81755	66085
ENSMUST00000109830	AACAAGAAGGGAAATGACAACCAAAGGTTCTACAGGCATGGAAGTTCTGTTGTCAACATTGGAGAACACGAAAGATCTTCAGACTGTACTTAATATCCTAAGCATTCTCATTGAGC	59533179	59450314	82865	59473687	59492	59532069	81755	58382
ENSMUST00000109830	AACAAGAAGGGAAATGACAACCAAAGGTTCTACAGGCATGGAAGTTCTGTTGTCAACATTGGAGAACACGAAAGATCTTCAGACTGTACTTAATATCCTAAGCATTCTCATTGAGC	59533179	59454680	78499	59461996	71183	59532069	77389	70073
ENSMUST00000109830	AACAAGAAGGGAAATGACAACCAAAGGTTCTACAGGCATGGAAGTTCTGTTGTCAACATTGGAGAACACGAAAGATCTTCAGACTGTACTTAATATCCTAAGCATTCTCATTGAGC	59533179	59454680	78499	59465984	67195	59532069	77389	66085
ENSMUST00000109830	AACAAGAAGGGAAATGACAACCAAAGGTTCTACAGGCATGGAAGTTCTGTTGTCAACATTGGAGAACACGAAAGATCTTCAGACTGTACTTAATATCCTAAGCATTCTCATTGAGC	59533179	59450314	82865	59465984	67195	59532069	81755	66085
ENSMUST00000109830	AACAAGAAGGGAAATGACAACCAAAGGTTCTACAGGCATGGAAGTTCTGTTGTCAACATTGGAGAACACGAAAGATCTTCAGACTGTACTTAATATCCTAAGCATTCTCATTGAGC	59533179	59450314	82865	59473687	59492	59532069	81755	58382
ENSMUST00000109830	AACAAGAAGGGAAATGACAACCAAAGGTTCTACAGGCATGGAAGTTCTGTTGTCAACATTGGAGAACACGAAAGATCTTCAGACTGTACTTAATATCCTAAGCATTCTCATTGAGC	59533179	59454680	78499	59465984	67195	59532069	77389	66085
ENSMUST00000109830	AACAAGAAGGGAAATGACAACCAAAGGTTCTACAGGCATGGAAGTTCTGTTGTCAACATTGGAGAACACGAAAGATCTTCAGACTGTACTTAATATCCTAAGCATTCTCATTGAGC	59533179	59460629	72550	59465984	67195	59532069	71440	66085
ENSMUST00000109830	AACAAGAAGGGAAATGACAACCAAAGGTTCTACAGGCATGGAAGTTCTGTTGTCAACATTGGAGAACACGAAAGATCTTCAGACTGTACTTAATATCCTAAGCATTCTCATTGAGC	59533179	59460629	72550	59473687	59492	59532069	71440	58382
ENSMUST00000109830	AACAAGAAGGGAAATGACAACCAAAGGTTCTACAGGCATGGAAGTTCTGTTGTCAACATTGGAGAACACGAAAGATCTTCAGACTGTACTTAATATCCTAAGCATTCTCATTGAGC	59533179	59450314	82865	59473687	59492	59532069	81755	58382
ENSMUST00000109830	AACAAGAAGGGAAATGACAACCAAAGGTTCTACAGGCATGGAAGTTCTGTTGTCAACATTGGAGAACACGAAAGATCTTCAGACTGTACTTAATATCCTAAGCATTCTCATTGAGC	59533179	59460629	72550	59473687	59492	59532069	71440	58382
ENSMUST00000109830	AACAAGAAGGGAAATGACAACCAAAGGTTCTACAGGCATGGAAGTTCTGTTGTCAACATTGGAGAACACGAAAGATCTTCAGACTGTACTTAATATCCTAAGCATTCTCATTGAGC	59533179	59462173	71006	59473687	59492	59532069	69896	58382
ENSMUST00000109830	AACAAGAAGGGAAATGACAACCAAAGGTTCTACAGGCATGGAAGTTCTGTTGTCAACATTGGAGAACACGAAAGATCTTCAGACTGTACTTAATATCCTAAGCATTCTCATTGAGC	59533179	59473817	59362	59475659	57520	59532069	58252	56410
ENSMUST00000109830	AACAAGAAGGGAAATGACAACCAAAGGTTCTACAGGCATGGAAGTTCTGTTGTCAACATTGGAGAACACGAAAGATCTTCAGACTGTACTTAATATCCTAAGCATTCTCATTGAGC	59533179	59477138	56041	59495332	37847	59532069	54931	36737
ENSMUST00000109830	AACAAGAAGGGAAATGACAACCAAAGGTTCTACAGGCATGGAAGTTCTGTTGTCAACATTGGAGAACACGAAAGATCTTCAGACTGTACTTAATATCCTAAGCATTCTCATTGAGC	59533179	59495481	37698	59496975	36204	59532069	36588	35094
ENSMUST00000109830	AACAAGAAGGGAAATGACAACCAAAGGTTCTACAGGCATGGAAGTTCTGTTGTCAACATTGGAGAACACGAAAGATCTTCAGACTGTACTTAATATCCTAAGCATTCTCATTGAGC	59533179	59495649	37530	59500013	33166	59532069	36420	32056
ENSMUST00000109830	AACAAGAAGGGAAATGACAACCAAAGGTTCTACAGGCATGGAAGTTCTGTTGTCAACATTGGAGAACACGAAAGATCTTCAGACTGTACTTAATATCCTAAGCATTCTCATTGAGC	59533179	59500702	32477	59507958	25221	59532069	31367	24111
ENSMUST00000109830	AACAAGAAGGGAAATGACAACCAAAGGTTCTACAGGCATGGAAGTTCTGTTGTCAACATTGGAGAACACGAAAGATCTTCAGACTGTACTTAATATCCTAAGCATTCTCATTGAGC	59533179	59508056	25123	59514086	19093	59532069	24013	17983
ENSMUST00000109830	AACAAGAAGGGAAATGACAACCAAAGGTTCTACAGGCATGGAAGTTCTGTTGTCAACATTGGAGAACACGAAAGATCTTCAGACTGTACTTAATATCCTAAGCATTCTCATTGAGC	59533179	59514295	18884	59525145	8034	59532069	17774	6924
ENSMUST00000109830	AACAAGAAGGGAAATGACAACCAAAGGTTCTACAGGCATGGAAGTTCTGTTGTCAACATTGGAGAACACGAAAGATCTTCAGACTGTACTTAATATCCTAAGCATTCTCATTGAGC	59533179	59514295	18884	59528386	4793	59532069	17774	3683
ENSMUST00000109830	AACAAGAAGGGAAATGACAACCAAAGGTTCTACAGGCATGGAAGTTCTGTTGTCAACATTGGAGAACACGAAAGATCTTCAGACTGTACTTAATATCCTAAGCATTCTCATTGAGC	59533179	59525239	7940	59531056	2123	59532069	6830	1013
ENSMUST00000109830	AACAAGAAGGGAAATGACAACCAAAGGTTCTACAGGCATGGAAGTTCTGTTGTCAACATTGGAGAACACGAAAGATCTTCAGACTGTACTTAATATCCTAAGCATTCTCATTGAGC	59533179	59528518	4661	59532012	1167	59532069	3551	57
ENSMUST00000109830	AACAAGAAGGGAAATGACAACCAAAGGTTCTACAGGCATGGAAGTTCTGTTGTCAACATTGGAGAACACGAAAGATCTTCAGACTGTACTTAATATCCTAAGCATTCTCATTGAGC	59533179	59533239	-60	59536248	-3069	59532069	-1170	-4179
ENSMUST00000109830	AACAAGAAGGGAAATGACAACCAAAGGTTCTACAGGCATGGAAGTTCTGTTGTCAACATTGGAGAACACGAAAGATCTTCAGACTGTACTTAATATCCTAAGCATTCTCATTGAGC	59533179	59533239	-60	59544386	-11207	59532069	-1170	-12317
ENSMUST00000109830	AACAAGAAGGGAAATGACAACCAAAGGTTCTACAGGCATGGAAGTTCTGTTGTCAACATTGGAGAACACGAAAGATCTTCAGACTGTACTTAATATCCTAAGCATTCTCATTGAGC	59533179	59514295	18884	59557097	-23918	59532069	17774	-25028
ENSMUST00000109830	AACAAGAAGGGAAATGACAACCAAAGGTTCTACAGGCATGGAAGTTCTGTTGTCAACATTGGAGAACACGAAAGATCTTCAGACTGTACTTAATATCCTAAGCATTCTCATTGAGC	59533179	59536373	-3194	59556772	-23593	59532069	-4304	-24703
ENSMUST00000109830	AACAAGAAGGGAAATGACAACCAAAGGTTCTACAGGCATGGAAGTTCTGTTGTCAACATTGGAGAACACGAAAGATCTTCAGACTGTACTTAATATCCTAAGCATTCTCATTGAGC	59533179	59544451	-11272	59556688	-23509	59532069	-12382	-24619
ENSMUST00000109830	AACAAGAAGGGAAATGACAACCAAAGGTTCTACAGGCATGGAAGTTCTGTTGTCAACATTGGAGAACACGAAAGATCTTCAGACTGTACTTAATATCCTAAGCATTCTCATTGAGC	59533179	59544451	-11272	59556772	-23593	59532069	-12382	-24703
ENSMUST00000109830	AACAAGAAGGGAAATGACAACCAAAGGTTCTACAGGCATGGAAGTTCTGTTGTCAACATTGGAGAACACGAAAGATCTTCAGACTGTACTTAATATCCTAAGCATTCTCATTGAGC	59533179	59544451	-11272	59557222	-24043	59532069	-12382	-25153
ENSMUST00000161132	TTTCATAAAGAACTGCTTTTACACAAACAAAAGAGCCAAAACAAAAGTGAATCTTCTGAGCATTCCCTCCCTCCTTTGTTTCTGTCCAAGGAAATAGAGCATCCATTCATTTCACT	15334906	15317767	17139	15322499	12407	15335022	17255	12523
ENSMUST00000161132	TTTCATAAAGAACTGCTTTTACACAAACAAAAGAGCCAAAACAAAAGTGAATCTTCTGAGCATTCCCTCCCTCCTTTGTTTCTGTCCAAGGAAATAGAGCATCCATTCATTTCACT	15334906	15323083	11823	15324148	10758	15335022	11939	10874
ENSMUST00000161132	TTTCATAAAGAACTGCTTTTACACAAACAAAAGAGCCAAAACAAAAGTGAATCTTCTGAGCATTCCCTCCCTCCTTTGTTTCTGTCCAAGGAAATAGAGCATCCATTCATTTCACT	15334906	15324291	10615	15326074	8832	15335022	10731	8948
ENSMUST00000161132	TTTCATAAAGAACTGCTTTTACACAAACAAAAGAGCCAAAACAAAAGTGAATCTTCTGAGCATTCCCTCCCTCCTTTGTTTCTGTCCAAGGAAATAGAGCATCCATTCATTTCACT	15334906	15327951	6955	15330753	4153	15335022	7071	4269
ENSMUST00000161132	TTTCATAAAGAACTGCTTTTACACAAACAAAAGAGCCAAAACAAAAGTGAATCTTCTGAGCATTCCCTCCCTCCTTTGTTTCTGTCCAAGGAAATAGAGCATCCATTCATTTCACT	15334906	15330910	3996	15335049	-143	15335022	4112	-27
ENSMUST00000161132	TTTCATAAAGAACTGCTTTTACACAAACAAAAGAGCCAAAACAAAAGTGAATCTTCTGAGCATTCCCTCCCTCCTTTGTTTCTGTCCAAGGAAATAGAGCATCCATTCATTTCACT	15334906	15338419	-3513	15341440	-6534	15335022	-3397	-6418
ENSMUST00000161132	TTTCATAAAGAACTGCTTTTACACAAACAAAAGAGCCAAAACAAAAGTGAATCTTCTGAGCATTCCCTCCCTCCTTTGTTTCTGTCCAAGGAAATAGAGCATCCATTCATTTCACT	15334906	15338419	-3513	15344123	-9217	15335022	-3397	-9101
ENSMUST00000161132	TTTCATAAAGAACTGCTTTTACACAAACAAAAGAGCCAAAACAAAAGTGAATCTTCTGAGCATTCCCTCCCTCCTTTGTTTCTGTCCAAGGAAATAGAGCATCCATTCATTTCACT	15334906	15338419	-3513	15344123	-9217	15335022	-3397	-9101
ENSMUST00000161132	TTTCATAAAGAACTGCTTTTACACAAACAAAAGAGCCAAAACAAAAGTGAATCTTCTGAGCATTCCCTCCCTCCTTTGTTTCTGTCCAAGGAAATAGAGCATCCATTCATTTCACT	15334906	15340981	-6075	15344123	-9217	15335022	-5959	-9101
ENSMUST00000161132	TTTCATAAAGAACTGCTTTTACACAAACAAAAGAGCCAAAACAAAAGTGAATCTTCTGAGCATTCCCTCCCTCCTTTGTTTCTGTCCAAGGAAATAGAGCATCCATTCATTTCACT	15334906	15343557	-8651	15344123	-9217	15335022	-8535	-9101
ENSMUST00000161132	TTTCATAAAGAACTGCTTTTACACAAACAAAAGAGCCAAAACAAAAGTGAATCTTCTGAGCATTCCCTCCCTCCTTTGTTTCTGTCCAAGGAAATAGAGCATCCATTCATTTCACT	15334906	15347036	-12130	15351690	-16784	15335022	-12014	-16668
ENSMUST00000031009	ACCGAGAGGTTTAAGGTCTCCGTGCTGGTCCTCTTTGCCCTGGCCTTCCTCACCTGTGTCGTCTTCCTGGTTGTCTACAAAGTGTACAAGTATGACCGCGCCTGCCCTGATGGGTTT	38155712	38138872	16840	38155607	105	38144814	5942	-10793
ENSMUST00000031009	ACCGAGAGGTTTAAGGTCTCCGTGCTGGTCCTCTTTGCCCTGGCCTTCCTCACCTGTGTCGTCTTCCTGGTTGTCTACAAAGTGTACAAGTATGACCGCGCCTGCCCTGATGGGTTT	38155712	38144819	10893	38158876	-3164	38144814	-5	-14062
ENSMUST00000031009	ACCGAGAGGTTTAAGGTCTCCGTGCTGGTCCTCTTTGCCCTGGCCTTCCTCACCTGTGTCGTCTTCCTGGTTGTCTACAAAGTGTACAAGTATGACCGCGCCTGCCCTGATGGGTTT	38155712	38155724	-12	38159390	-3678	38144814	-10910	-14576
ENSMUST00000031009	ACCGAGAGGTTTAAGGTCTCCGTGCTGGTCCTCTTTGCCCTGGCCTTCCTCACCTGTGTCGTCTTCCTGGTTGTCTACAAAGTGTACAAGTATGACCGCGCCTGCCCTGATGGGTTT	38155712	38138872	16840	38155607	105	38144814	5942	-10793
ENSMUST00000031009	ACCGAGAGGTTTAAGGTCTCCGTGCTGGTCCTCTTTGCCCTGGCCTTCCTCACCTGTGTCGTCTTCCTGGTTGTCTACAAAGTGTACAAGTATGACCGCGCCTGCCCTGATGGGTTT	38155712	38144819	10893	38158876	-3164	38144814	-5	-14062
ENSMUST00000031009	ACCGAGAGGTTTAAGGTCTCCGTGCTGGTCCTCTTTGCCCTGGCCTTCCTCACCTGTGTCGTCTTCCTGGTTGTCTACAAAGTGTACAAGTATGACCGCGCCTGCCCTGATGGGTTT	38155712	38155724	-12	38159390	-3678	38144814	-10910	-14576
ENSMUST00000006027	TAGGGACAGTGGCACAGTCGTTGGATAATGTTGCCTTGGAAACTTCCCGCTGTATTAAAAATGGAATGTGTTGTAAGCTGCTTTGCCTTTGTTGTCGTATATGTAGAAAGCATTTTC	34344990	34347168	-2178	34357091	-12101	34345107	-2061	-11984
ENSMUST00000006027	TAGGGACAGTGGCACAGTCGTTGGATAATGTTGCCTTGGAAACTTCCCGCTGTATTAAAAATGGAATGTGTTGTAAGCTGCTTTGCCTTTGTTGTCGTATATGTAGAAAGCATTTTC	34344990	34349803	-4813	34372404	-27414	34345107	-4696	-27297
ENSMUST00000190723	GACGAATTGTGCTCCCCCCAGAGGTTGTGCGTGTTGTGGTTTCTTCCAAAATTGCTCTGGTGGGAAGTTCGGAATGCCAGGAAGGTCAGAGGGCCCGAGACCCAGGGTATTGCCGCT	93018188	93019070	-882	93020457	-2269	93018305	-765	-2152
ENSMUST00000190723	GACGAATTGTGCTCCCCCCAGAGGTTGTGCGTGTTGTGGTTTCTTCCAAAATTGCTCTGGTGGGAAGTTCGGAATGCCAGGAAGGTCAGAGGGCCCGAGACCCAGGGTATTGCCGCT	93018188	93021337	-3149	93022320	-4132	93018305	-3032	-4015
ENSMUST00000190723	GACGAATTGTGCTCCCCCCAGAGGTTGTGCGTGTTGTGGTTTCTTCCAAAATTGCTCTGGTGGGAAGTTCGGAATGCCAGGAAGGTCAGAGGGCCCGAGACCCAGGGTATTGCCGCT	93018188	93024712	-6524	93036845	-18657	93018305	-6407	-18540
ENSMUST00000190723	GACGAATTGTGCTCCCCCCAGAGGTTGTGCGTGTTGTGGTTTCTTCCAAAATTGCTCTGGTGGGAAGTTCGGAATGCCAGGAAGGTCAGAGGGCCCGAGACCCAGGGTATTGCCGCT	93018188	93025735	-7547	93034545	-16357	93018305	-7430	-16240
ENSMUST00000190723	GACGAATTGTGCTCCCCCCAGAGGTTGTGCGTGTTGTGGTTTCTTCCAAAATTGCTCTGGTGGGAAGTTCGGAATGCCAGGAAGGTCAGAGGGCCCGAGACCCAGGGTATTGCCGCT	93018188	93025735	-7547	93036845	-18657	93018305	-7430	-18540
ENSMUST00000190723	GACGAATTGTGCTCCCCCCAGAGGTTGTGCGTGTTGTGGTTTCTTCCAAAATTGCTCTGGTGGGAAGTTCGGAATGCCAGGAAGGTCAGAGGGCCCGAGACCCAGGGTATTGCCGCT	93018188	93025735	-7547	93036845	-18657	93018305	-7430	-18540
ENSMUST00000190723	GACGAATTGTGCTCCCCCCAGAGGTTGTGCGTGTTGTGGTTTCTTCCAAAATTGCTCTGGTGGGAAGTTCGGAATGCCAGGAAGGTCAGAGGGCCCGAGACCCAGGGTATTGCCGCT	93018188	93026855	-8667	93036845	-18657	93018305	-8550	-18540
ENSMUST00000190723	GACGAATTGTGCTCCCCCCAGAGGTTGTGCGTGTTGTGGTTTCTTCCAAAATTGCTCTGGTGGGAAGTTCGGAATGCCAGGAAGGTCAGAGGGCCCGAGACCCAGGGTATTGCCGCT	93018188	93040674	-22486	93042084	-23896	93018305	-22369	-23779
ENSMUST00000190723	GACGAATTGTGCTCCCCCCAGAGGTTGTGCGTGTTGTGGTTTCTTCCAAAATTGCTCTGGTGGGAAGTTCGGAATGCCAGGAAGGTCAGAGGGCCCGAGACCCAGGGTATTGCCGCT	93018188	93042175	-23987	93042615	-24427	93018305	-23870	-24310
ENSMUST00000190723	GACGAATTGTGCTCCCCCCAGAGGTTGTGCGTGTTGTGGTTTCTTCCAAAATTGCTCTGGTGGGAAGTTCGGAATGCCAGGAAGGTCAGAGGGCCCGAGACCCAGGGTATTGCCGCT	93018188	93043674	-25486	93052423	-34235	93018305	-25369	-34118
ENSMUST00000190723	GACGAATTGTGCTCCCCCCAGAGGTTGTGCGTGTTGTGGTTTCTTCCAAAATTGCTCTGGTGGGAAGTTCGGAATGCCAGGAAGGTCAGAGGGCCCGAGACCCAGGGTATTGCCGCT	93018188	93043674	-25486	93052423	-34235	93018305	-25369	-34118
ENSMUST00000190723	GACGAATTGTGCTCCCCCCAGAGGTTGTGCGTGTTGTGGTTTCTTCCAAAATTGCTCTGGTGGGAAGTTCGGAATGCCAGGAAGGTCAGAGGGCCCGAGACCCAGGGTATTGCCGCT	93018188	93046770	-28582	93052423	-34235	93018305	-28465	-34118
ENSMUST00000190723	GACGAATTGTGCTCCCCCCAGAGGTTGTGCGTGTTGTGGTTTCTTCCAAAATTGCTCTGGTGGGAAGTTCGGAATGCCAGGAAGGTCAGAGGGCCCGAGACCCAGGGTATTGCCGCT	93018188	93062946	-44758	93066046	-47858	93018305	-44641	-47741
ENSMUST00000190723	GACGAATTGTGCTCCCCCCAGAGGTTGTGCGTGTTGTGGTTTCTTCCAAAATTGCTCTGGTGGGAAGTTCGGAATGCCAGGAAGGTCAGAGGGCCCGAGACCCAGGGTATTGCCGCT	93018188	93064282	-46094	93066046	-47858	93018305	-45977	-47741
ENSMUST00000190723	GACGAATTGTGCTCCCCCCAGAGGTTGTGCGTGTTGTGGTTTCTTCCAAAATTGCTCTGGTGGGAAGTTCGGAATGCCAGGAAGGTCAGAGGGCCCGAGACCCAGGGTATTGCCGCT	93018188	93068560	-50372	93073038	-54850	93018305	-50255	-54733
ENSMUST00000190723	GACGAATTGTGCTCCCCCCAGAGGTTGTGCGTGTTGTGGTTTCTTCCAAAATTGCTCTGGTGGGAAGTTCGGAATGCCAGGAAGGTCAGAGGGCCCGAGACCCAGGGTATTGCCGCT	93018188	93072325	-54137	93073807	-55619	93018305	-54020	-55502
ENSMUST00000190723	GACGAATTGTGCTCCCCCCAGAGGTTGTGCGTGTTGTGGTTTCTTCCAAAATTGCTCTGGTGGGAAGTTCGGAATGCCAGGAAGGTCAGAGGGCCCGAGACCCAGGGTATTGCCGCT	93018188	93082480	-64292	93101762	-83574	93018305	-64175	-83457
ENSMUST00000190723	GACGAATTGTGCTCCCCCCAGAGGTTGTGCGTGTTGTGGTTTCTTCCAAAATTGCTCTGGTGGGAAGTTCGGAATGCCAGGAAGGTCAGAGGGCCCGAGACCCAGGGTATTGCCGCT	93018188	93019070	-882	93020457	-2269	93018305	-765	-2152
ENSMUST00000190723	GACGAATTGTGCTCCCCCCAGAGGTTGTGCGTGTTGTGGTTTCTTCCAAAATTGCTCTGGTGGGAAGTTCGGAATGCCAGGAAGGTCAGAGGGCCCGAGACCCAGGGTATTGCCGCT	93018188	93021337	-3149	93022320	-4132	93018305	-3032	-4015
ENSMUST00000190723	GACGAATTGTGCTCCCCCCAGAGGTTGTGCGTGTTGTGGTTTCTTCCAAAATTGCTCTGGTGGGAAGTTCGGAATGCCAGGAAGGTCAGAGGGCCCGAGACCCAGGGTATTGCCGCT	93018188	93024712	-6524	93036845	-18657	93018305	-6407	-18540
ENSMUST00000190723	GACGAATTGTGCTCCCCCCAGAGGTTGTGCGTGTTGTGGTTTCTTCCAAAATTGCTCTGGTGGGAAGTTCGGAATGCCAGGAAGGTCAGAGGGCCCGAGACCCAGGGTATTGCCGCT	93018188	93025735	-7547	93034545	-16357	93018305	-7430	-16240
ENSMUST00000190723	GACGAATTGTGCTCCCCCCAGAGGTTGTGCGTGTTGTGGTTTCTTCCAAAATTGCTCTGGTGGGAAGTTCGGAATGCCAGGAAGGTCAGAGGGCCCGAGACCCAGGGTATTGCCGCT	93018188	93025735	-7547	93036845	-18657	93018305	-7430	-18540
ENSMUST00000190723	GACGAATTGTGCTCCCCCCAGAGGTTGTGCGTGTTGTGGTTTCTTCCAAAATTGCTCTGGTGGGAAGTTCGGAATGCCAGGAAGGTCAGAGGGCCCGAGACCCAGGGTATTGCCGCT	93018188	93025735	-7547	93036845	-18657	93018305	-7430	-18540
ENSMUST00000190723	GACGAATTGTGCTCCCCCCAGAGGTTGTGCGTGTTGTGGTTTCTTCCAAAATTGCTCTGGTGGGAAGTTCGGAATGCCAGGAAGGTCAGAGGGCCCGAGACCCAGGGTATTGCCGCT	93018188	93026855	-8667	93036845	-18657	93018305	-8550	-18540
ENSMUST00000190723	GACGAATTGTGCTCCCCCCAGAGGTTGTGCGTGTTGTGGTTTCTTCCAAAATTGCTCTGGTGGGAAGTTCGGAATGCCAGGAAGGTCAGAGGGCCCGAGACCCAGGGTATTGCCGCT	93018188	93040674	-22486	93042084	-23896	93018305	-22369	-23779
ENSMUST00000190723	GACGAATTGTGCTCCCCCCAGAGGTTGTGCGTGTTGTGGTTTCTTCCAAAATTGCTCTGGTGGGAAGTTCGGAATGCCAGGAAGGTCAGAGGGCCCGAGACCCAGGGTATTGCCGCT	93018188	93042175	-23987	93042615	-24427	93018305	-23870	-24310
ENSMUST00000190723	GACGAATTGTGCTCCCCCCAGAGGTTGTGCGTGTTGTGGTTTCTTCCAAAATTGCTCTGGTGGGAAGTTCGGAATGCCAGGAAGGTCAGAGGGCCCGAGACCCAGGGTATTGCCGCT	93018188	93043674	-25486	93052423	-34235	93018305	-25369	-34118
ENSMUST00000190723	GACGAATTGTGCTCCCCCCAGAGGTTGTGCGTGTTGTGGTTTCTTCCAAAATTGCTCTGGTGGGAAGTTCGGAATGCCAGGAAGGTCAGAGGGCCCGAGACCCAGGGTATTGCCGCT	93018188	93043674	-25486	93052423	-34235	93018305	-25369	-34118
ENSMUST00000190723	GACGAATTGTGCTCCCCCCAGAGGTTGTGCGTGTTGTGGTTTCTTCCAAAATTGCTCTGGTGGGAAGTTCGGAATGCCAGGAAGGTCAGAGGGCCCGAGACCCAGGGTATTGCCGCT	93018188	93046770	-28582	93052423	-34235	93018305	-28465	-34118
ENSMUST00000190723	GACGAATTGTGCTCCCCCCAGAGGTTGTGCGTGTTGTGGTTTCTTCCAAAATTGCTCTGGTGGGAAGTTCGGAATGCCAGGAAGGTCAGAGGGCCCGAGACCCAGGGTATTGCCGCT	93018188	93062946	-44758	93066046	-47858	93018305	-44641	-47741
ENSMUST00000190723	GACGAATTGTGCTCCCCCCAGAGGTTGTGCGTGTTGTGGTTTCTTCCAAAATTGCTCTGGTGGGAAGTTCGGAATGCCAGGAAGGTCAGAGGGCCCGAGACCCAGGGTATTGCCGCT	93018188	93064282	-46094	93066046	-47858	93018305	-45977	-47741
ENSMUST00000190723	GACGAATTGTGCTCCCCCCAGAGGTTGTGCGTGTTGTGGTTTCTTCCAAAATTGCTCTGGTGGGAAGTTCGGAATGCCAGGAAGGTCAGAGGGCCCGAGACCCAGGGTATTGCCGCT	93018188	93068560	-50372	93073038	-54850	93018305	-50255	-54733
ENSMUST00000190723	GACGAATTGTGCTCCCCCCAGAGGTTGTGCGTGTTGTGGTTTCTTCCAAAATTGCTCTGGTGGGAAGTTCGGAATGCCAGGAAGGTCAGAGGGCCCGAGACCCAGGGTATTGCCGCT	93018188	93072325	-54137	93073807	-55619	93018305	-54020	-55502
ENSMUST00000190723	GACGAATTGTGCTCCCCCCAGAGGTTGTGCGTGTTGTGGTTTCTTCCAAAATTGCTCTGGTGGGAAGTTCGGAATGCCAGGAAGGTCAGAGGGCCCGAGACCCAGGGTATTGCCGCT	93018188	93082480	-64292	93101762	-83574	93018305	-64175	-83457
ENSMUST00000072971	AAATGACTGGTTATCCAAGAAAGGCTTGCTTCCCTTGGCCCCGCCATCAGAGGTATCTGTCTCCAGATTCCTCGCCTCAGAACATTGTCAATGAGAATGGGATCTTCTGACCTCTGCC	67621282	67659992	-38710	67667320	-46038	67621400	-38592	-45920
ENSMUST00000072971	AAATGACTGGTTATCCAAGAAAGGCTTGCTTCCCTTGGCCCCGCCATCAGAGGTATCTGTCTCCAGATTCCTCGCCTCAGAACATTGTCAATGAGAATGGGATCTTCTGACCTCTGCC	67621282	67682930	-61648	67705905	-84623	67621400	-61530	-84505
ENSMUST00000072971	AAATGACTGGTTATCCAAGAAAGGCTTGCTTCCCTTGGCCCCGCCATCAGAGGTATCTGTCTCCAGATTCCTCGCCTCAGAACATTGTCAATGAGAATGGGATCTTCTGACCTCTGCC	67621282	67682930	-61648	67729791	-108509	67621400	-61530	-108391
ENSMUST00000072971	AAATGACTGGTTATCCAAGAAAGGCTTGCTTCCCTTGGCCCCGCCATCAGAGGTATCTGTCTCCAGATTCCTCGCCTCAGAACATTGTCAATGAGAATGGGATCTTCTGACCTCTGCC	67621282	67682930	-61648	67729791	-108509	67621400	-61530	-108391
ENSMUST00000072971	AAATGACTGGTTATCCAAGAAAGGCTTGCTTCCCTTGGCCCCGCCATCAGAGGTATCTGTCTCCAGATTCCTCGCCTCAGAACATTGTCAATGAGAATGGGATCTTCTGACCTCTGCC	67621282	67703044	-81762	67729791	-108509	67621400	-81644	-108391
ENSMUST00000072971	AAATGACTGGTTATCCAAGAAAGGCTTGCTTCCCTTGGCCCCGCCATCAGAGGTATCTGTCTCCAGATTCCTCGCCTCAGAACATTGTCAATGAGAATGGGATCTTCTGACCTCTGCC	67621282	67706044	-84762	67732168	-110886	67621400	-84644	-110768
ENSMUST00000072971	AAATGACTGGTTATCCAAGAAAGGCTTGCTTCCCTTGGCCCCGCCATCAGAGGTATCTGTCTCCAGATTCCTCGCCTCAGAACATTGTCAATGAGAATGGGATCTTCTGACCTCTGCC	67621282	67732253	-110971	67745579	-124297	67621400	-110853	-124179
ENSMUST00000072971	AAATGACTGGTTATCCAAGAAAGGCTTGCTTCCCTTGGCCCCGCCATCAGAGGTATCTGTCTCCAGATTCCTCGCCTCAGAACATTGTCAATGAGAATGGGATCTTCTGACCTCTGCC	67621282	67732253	-110971	67747277	-125995	67621400	-110853	-125877
ENSMUST00000072971	AAATGACTGGTTATCCAAGAAAGGCTTGCTTCCCTTGGCCCCGCCATCAGAGGTATCTGTCTCCAGATTCCTCGCCTCAGAACATTGTCAATGAGAATGGGATCTTCTGACCTCTGCC	67621282	67732253	-110971	67747277	-125995	67621400	-110853	-125877
ENSMUST00000072971	AAATGACTGGTTATCCAAGAAAGGCTTGCTTCCCTTGGCCCCGCCATCAGAGGTATCTGTCTCCAGATTCCTCGCCTCAGAACATTGTCAATGAGAATGGGATCTTCTGACCTCTGCC	67621282	67738482	-117200	67747277	-125995	67621400	-117082	-125877
ENSMUST00000072971	AAATGACTGGTTATCCAAGAAAGGCTTGCTTCCCTTGGCCCCGCCATCAGAGGTATCTGTCTCCAGATTCCTCGCCTCAGAACATTGTCAATGAGAATGGGATCTTCTGACCTCTGCC	67621282	67738482	-117200	67761113	-139831	67621400	-117082	-139713
ENSMUST00000072971	AAATGACTGGTTATCCAAGAAAGGCTTGCTTCCCTTGGCCCCGCCATCAGAGGTATCTGTCTCCAGATTCCTCGCCTCAGAACATTGTCAATGAGAATGGGATCTTCTGACCTCTGCC	67621282	67751085	-129803	67761113	-139831	67621400	-129685	-139713
ENSMUST00000072971	AAATGACTGGTTATCCAAGAAAGGCTTGCTTCCCTTGGCCCCGCCATCAGAGGTATCTGTCTCCAGATTCCTCGCCTCAGAACATTGTCAATGAGAATGGGATCTTCTGACCTCTGCC	67621282	67764991	-143709	67769051	-147769	67621400	-143591	-147651
ENSMUST00000072971	AAATGACTGGTTATCCAAGAAAGGCTTGCTTCCCTTGGCCCCGCCATCAGAGGTATCTGTCTCCAGATTCCTCGCCTCAGAACATTGTCAATGAGAATGGGATCTTCTGACCTCTGCC	67621282	67774850	-153568	67778959	-157677	67621400	-153450	-157559
ENSMUST00000072971	AAATGACTGGTTATCCAAGAAAGGCTTGCTTCCCTTGGCCCCGCCATCAGAGGTATCTGTCTCCAGATTCCTCGCCTCAGAACATTGTCAATGAGAATGGGATCTTCTGACCTCTGCC	67621282	67776198	-154916	67780987	-159705	67621400	-154798	-159587
ENSMUST00000072971	AAATGACTGGTTATCCAAGAAAGGCTTGCTTCCCTTGGCCCCGCCATCAGAGGTATCTGTCTCCAGATTCCTCGCCTCAGAACATTGTCAATGAGAATGGGATCTTCTGACCTCTGCC	67621282	67776198	-154916	67786625	-165343	67621400	-154798	-165225
ENSMUST00000072971	AAATGACTGGTTATCCAAGAAAGGCTTGCTTCCCTTGGCCCCGCCATCAGAGGTATCTGTCTCCAGATTCCTCGCCTCAGAACATTGTCAATGAGAATGGGATCTTCTGACCTCTGCC	67621282	67776198	-154916	67786625	-165343	67621400	-154798	-165225
ENSMUST00000072971	AAATGACTGGTTATCCAAGAAAGGCTTGCTTCCCTTGGCCCCGCCATCAGAGGTATCTGTCTCCAGATTCCTCGCCTCAGAACATTGTCAATGAGAATGGGATCTTCTGACCTCTGCC	67621282	67779033	-157751	67786625	-165343	67621400	-157633	-165225
ENSMUST00000072971	AAATGACTGGTTATCCAAGAAAGGCTTGCTTCCCTTGGCCCCGCCATCAGAGGTATCTGTCTCCAGATTCCTCGCCTCAGAACATTGTCAATGAGAATGGGATCTTCTGACCTCTGCC	67621282	67786666	-165384	67812087	-190805	67621400	-165266	-190687
ENSMUST00000112476	TAAAGTGGGGTCACGGGCATGAGTGTTTCAGTGCTTACCATGGTGTGTATAAGCCTTGAACTATGCATAGAACTGGAGTTTGGGGAGTGCTGGATGTGTGGTCATGCTTGGTTGAGGC	124760474	124763924	-3450	124766530	-6056	124760592	-3332	-5938
ENSMUST00000112476	TAAAGTGGGGTCACGGGCATGAGTGTTTCAGTGCTTACCATGGTGTGTATAAGCCTTGAACTATGCATAGAACTGGAGTTTGGGGAGTGCTGGATGTGTGGTCATGCTTGGTTGAGGC	124760474	124763924	-3450	124767032	-6558	124760592	-3332	-6440
ENSMUST00000112476	TAAAGTGGGGTCACGGGCATGAGTGTTTCAGTGCTTACCATGGTGTGTATAAGCCTTGAACTATGCATAGAACTGGAGTTTGGGGAGTGCTGGATGTGTGGTCATGCTTGGTTGAGGC	124760474	124766327	-5853	124767032	-6558	124760592	-5735	-6440
ENSMUST00000112476	TAAAGTGGGGTCACGGGCATGAGTGTTTCAGTGCTTACCATGGTGTGTATAAGCCTTGAACTATGCATAGAACTGGAGTTTGGGGAGTGCTGGATGTGTGGTCATGCTTGGTTGAGGC	124760474	124763924	-3450	124769436	-8962	124760592	-3332	-8844
ENSMUST00000112476	TAAAGTGGGGTCACGGGCATGAGTGTTTCAGTGCTTACCATGGTGTGTATAAGCCTTGAACTATGCATAGAACTGGAGTTTGGGGAGTGCTGGATGTGTGGTCATGCTTGGTTGAGGC	124760474	124767796	-7322	124769436	-8962	124760592	-7204	-8844
ENSMUST00000112476	TAAAGTGGGGTCACGGGCATGAGTGTTTCAGTGCTTACCATGGTGTGTATAAGCCTTGAACTATGCATAGAACTGGAGTTTGGGGAGTGCTGGATGTGTGGTCATGCTTGGTTGAGGC	124760474	124767796	-7322	124769248	-8774	124760592	-7204	-8656
ENSMUST00000112476	TAAAGTGGGGTCACGGGCATGAGTGTTTCAGTGCTTACCATGGTGTGTATAAGCCTTGAACTATGCATAGAACTGGAGTTTGGGGAGTGCTGGATGTGTGGTCATGCTTGGTTGAGGC	124760474	124767796	-7322	124769436	-8962	124760592	-7204	-8844
ENSMUST00000112476	TAAAGTGGGGTCACGGGCATGAGTGTTTCAGTGCTTACCATGGTGTGTATAAGCCTTGAACTATGCATAGAACTGGAGTTTGGGGAGTGCTGGATGTGTGGTCATGCTTGGTTGAGGC	124760474	124767796	-7322	124769248	-8774	124760592	-7204	-8656
ENSMUST00000112476	TAAAGTGGGGTCACGGGCATGAGTGTTTCAGTGCTTACCATGGTGTGTATAAGCCTTGAACTATGCATAGAACTGGAGTTTGGGGAGTGCTGGATGTGTGGTCATGCTTGGTTGAGGC	124760474	124767796	-7322	124769436	-8962	124760592	-7204	-8844
ENSMUST00000170219	ACCCTCCACTCGTGAGCACTGGCAGGCAGTAACACTGCCTGCCACTGTGTGAGCGAACCTACTGGAGGTGAAGTGACTGTGGGGCACTGAGGATCAGAGAGGAGCTCGCCGCCCCATAT	80131752	80135246	-3494	80136349	-4597	80131871	-3375	-4478
ENSMUST00000170219	ACCCTCCACTCGTGAGCACTGGCAGGCAGTAACACTGCCTGCCACTGTGTGAGCGAACCTACTGGAGGTGAAGTGACTGTGGGGCACTGAGGATCAGAGAGGAGCTCGCCGCCCCATAT	80131752	80135546	-3794	80136689	-4937	80131871	-3675	-4818
ENSMUST00000170219	ACCCTCCACTCGTGAGCACTGGCAGGCAGTAACACTGCCTGCCACTGTGTGAGCGAACCTACTGGAGGTGAAGTGACTGTGGGGCACTGAGGATCAGAGAGGAGCTCGCCGCCCCATAT	80131752	80136494	-4742	80136873	-5121	80131871	-4623	-5002
ENSMUST00000170219	ACCCTCCACTCGTGAGCACTGGCAGGCAGTAACACTGCCTGCCACTGTGTGAGCGAACCTACTGGAGGTGAAGTGACTGTGGGGCACTGAGGATCAGAGAGGAGCTCGCCGCCCCATAT	80131752	80136494	-4742	80136873	-5121	80131871	-4623	-5002
ENSMUST00000170219	ACCCTCCACTCGTGAGCACTGGCAGGCAGTAACACTGCCTGCCACTGTGTGAGCGAACCTACTGGAGGTGAAGTGACTGTGGGGCACTGAGGATCAGAGAGGAGCTCGCCGCCCCATAT	80131752	80136494	-4742	80136873	-5121	80131871	-4623	-5002
ENSMUST00000170219	ACCCTCCACTCGTGAGCACTGGCAGGCAGTAACACTGCCTGCCACTGTGTGAGCGAACCTACTGGAGGTGAAGTGACTGTGGGGCACTGAGGATCAGAGAGGAGCTCGCCGCCCCATAT	80131752	80136938	-5186	80137287	-5535	80131871	-5067	-5416
ENSMUST00000170219	ACCCTCCACTCGTGAGCACTGGCAGGCAGTAACACTGCCTGCCACTGTGTGAGCGAACCTACTGGAGGTGAAGTGACTGTGGGGCACTGAGGATCAGAGAGGAGCTCGCCGCCCCATAT	80131752	80136938	-5186	80139085	-7333	80131871	-5067	-7214
ENSMUST00000088644	CTCCTCTGGAACAGCTGTGTCTACTTCTGTTTCTCAGCCTGGTATGGTTCATCCTTTGGTCATCTCATCAGCTGTAGTTTCTACACCTGGCCTCCCCCAACCAGTAGTACCTACTTCTAC	119948798	119927234	21564	119929825	18973	119948918	21684	19093
ENSMUST00000088644	CTCCTCTGGAACAGCTGTGTCTACTTCTGTTTCTCAGCCTGGTATGGTTCATCCTTTGGTCATCTCATCAGCTGTAGTTTCTACACCTGGCCTCCCCCAACCAGTAGTACCTACTTCTAC	119948798	119927234	21564	119934255	14543	119948918	21684	14663
ENSMUST00000088644	CTCCTCTGGAACAGCTGTGTCTACTTCTGTTTCTCAGCCTGGTATGGTTCATCCTTTGGTCATCTCATCAGCTGTAGTTTCTACACCTGGCCTCCCCCAACCAGTAGTACCTACTTCTAC	119948798	119927234	21564	119934255	14543	119948918	21684	14663
ENSMUST00000088644	CTCCTCTGGAACAGCTGTGTCTACTTCTGTTTCTCAGCCTGGTATGGTTCATCCTTTGGTCATCTCATCAGCTGTAGTTTCTACACCTGGCCTCCCCCAACCAGTAGTACCTACTTCTAC	119948798	119928149	20649	119934255	14543	119948918	20769	14663
ENSMUST00000088644	CTCCTCTGGAACAGCTGTGTCTACTTCTGTTTCTCAGCCTGGTATGGTTCATCCTTTGGTCATCTCATCAGCTGTAGTTTCTACACCTGGCCTCCCCCAACCAGTAGTACCTACTTCTAC	119948798	119927234	21564	119934255	14543	119948918	21684	14663
ENSMUST00000088644	CTCCTCTGGAACAGCTGTGTCTACTTCTGTTTCTCAGCCTGGTATGGTTCATCCTTTGGTCATCTCATCAGCTGTAGTTTCTACACCTGGCCTCCCCCAACCAGTAGTACCTACTTCTAC	119948798	119929867	18931	119934255	14543	119948918	19051	14663
ENSMUST00000088644	CTCCTCTGGAACAGCTGTGTCTACTTCTGTTTCTCAGCCTGGTATGGTTCATCCTTTGGTCATCTCATCAGCTGTAGTTTCTACACCTGGCCTCCCCCAACCAGTAGTACCTACTTCTAC	119948798	119927234	21564	119934255	14543	119948918	21684	14663
ENSMUST00000088644	CTCCTCTGGAACAGCTGTGTCTACTTCTGTTTCTCAGCCTGGTATGGTTCATCCTTTGGTCATCTCATCAGCTGTAGTTTCTACACCTGGCCTCCCCCAACCAGTAGTACCTACTTCTAC	119948798	119929867	18931	119934255	14543	119948918	19051	14663
ENSMUST00000088644	CTCCTCTGGAACAGCTGTGTCTACTTCTGTTTCTCAGCCTGGTATGGTTCATCCTTTGGTCATCTCATCAGCTGTAGTTTCTACACCTGGCCTCCCCCAACCAGTAGTACCTACTTCTAC	119948798	119943866	4932	119946236	2562	119948918	5052	2682
ENSMUST00000088644	CTCCTCTGGAACAGCTGTGTCTACTTCTGTTTCTCAGCCTGGTATGGTTCATCCTTTGGTCATCTCATCAGCTGTAGTTTCTACACCTGGCCTCCCCCAACCAGTAGTACCTACTTCTAC	119948798	119943866	4932	119946236	2562	119948918	5052	2682
ENSMUST00000088644	CTCCTCTGGAACAGCTGTGTCTACTTCTGTTTCTCAGCCTGGTATGGTTCATCCTTTGGTCATCTCATCAGCTGTAGTTTCTACACCTGGCCTCCCCCAACCAGTAGTACCTACTTCTAC	119948798	119949419	-621	119950498	-1700	119948918	-501	-1580
ENSMUST00000088644	CTCCTCTGGAACAGCTGTGTCTACTTCTGTTTCTCAGCCTGGTATGGTTCATCCTTTGGTCATCTCATCAGCTGTAGTTTCTACACCTGGCCTCCCCCAACCAGTAGTACCTACTTCTAC	119948798	119950130	-1332	119950498	-1700	119948918	-1212	-1580
ENSMUST00000088644	CTCCTCTGGAACAGCTGTGTCTACTTCTGTTTCTCAGCCTGGTATGGTTCATCCTTTGGTCATCTCATCAGCTGTAGTTTCTACACCTGGCCTCCCCCAACCAGTAGTACCTACTTCTAC	119948798	119950300	-1502	119951634	-2836	119948918	-1382	-2716
ENSMUST00000088644	CTCCTCTGGAACAGCTGTGTCTACTTCTGTTTCTCAGCCTGGTATGGTTCATCCTTTGGTCATCTCATCAGCTGTAGTTTCTACACCTGGCCTCCCCCAACCAGTAGTACCTACTTCTAC	119948798	119950672	-1874	119951634	-2836	119948918	-1754	-2716
ENSMUST00000088644	CTCCTCTGGAACAGCTGTGTCTACTTCTGTTTCTCAGCCTGGTATGGTTCATCCTTTGGTCATCTCATCAGCTGTAGTTTCTACACCTGGCCTCCCCCAACCAGTAGTACCTACTTCTAC	119948798	119951995	-3197	119953770	-4972	119948918	-3077	-4852
ENSMUST00000088644	CTCCTCTGGAACAGCTGTGTCTACTTCTGTTTCTCAGCCTGGTATGGTTCATCCTTTGGTCATCTCATCAGCTGTAGTTTCTACACCTGGCCTCCCCCAACCAGTAGTACCTACTTCTAC	119948798	119951995	-3197	119956070	-7272	119948918	-3077	-7152
ENSMUST00000088644	CTCCTCTGGAACAGCTGTGTCTACTTCTGTTTCTCAGCCTGGTATGGTTCATCCTTTGGTCATCTCATCAGCTGTAGTTTCTACACCTGGCCTCCCCCAACCAGTAGTACCTACTTCTAC	119948798	119951995	-3197	119956070	-7272	119948918	-3077	-7152
ENSMUST00000088644	CTCCTCTGGAACAGCTGTGTCTACTTCTGTTTCTCAGCCTGGTATGGTTCATCCTTTGGTCATCTCATCAGCTGTAGTTTCTACACCTGGCCTCCCCCAACCAGTAGTACCTACTTCTAC	119948798	119952969	-4171	119956070	-7272	119948918	-4051	-7152
ENSMUST00000088644	CTCCTCTGGAACAGCTGTGTCTACTTCTGTTTCTCAGCCTGGTATGGTTCATCCTTTGGTCATCTCATCAGCTGTAGTTTCTACACCTGGCCTCCCCCAACCAGTAGTACCTACTTCTAC	119948798	119951995	-3197	119956070	-7272	119948918	-3077	-7152
ENSMUST00000088644	CTCCTCTGGAACAGCTGTGTCTACTTCTGTTTCTCAGCCTGGTATGGTTCATCCTTTGGTCATCTCATCAGCTGTAGTTTCTACACCTGGCCTCCCCCAACCAGTAGTACCTACTTCTAC	119948798	119952969	-4171	119956070	-7272	119948918	-4051	-7152
ENSMUST00000088644	CTCCTCTGGAACAGCTGTGTCTACTTCTGTTTCTCAGCCTGGTATGGTTCATCCTTTGGTCATCTCATCAGCTGTAGTTTCTACACCTGGCCTCCCCCAACCAGTAGTACCTACTTCTAC	119948798	119960724	-11926	119968475	-19677	119948918	-11806	-19557
ENSMUST00000088644	CTCCTCTGGAACAGCTGTGTCTACTTCTGTTTCTCAGCCTGGTATGGTTCATCCTTTGGTCATCTCATCAGCTGTAGTTTCTACACCTGGCCTCCCCCAACCAGTAGTACCTACTTCTAC	119948798	119963632	-14834	119968475	-19677	119948918	-14714	-19557
ENSMUST00000088644	CTCCTCTGGAACAGCTGTGTCTACTTCTGTTTCTCAGCCTGGTATGGTTCATCCTTTGGTCATCTCATCAGCTGTAGTTTCTACACCTGGCCTCCCCCAACCAGTAGTACCTACTTCTAC	119948798	119972856	-24058	119990091	-41293	119948918	-23938	-41173
ENSMUST00000088644	CTCCTCTGGAACAGCTGTGTCTACTTCTGTTTCTCAGCCTGGTATGGTTCATCCTTTGGTCATCTCATCAGCTGTAGTTTCTACACCTGGCCTCCCCCAACCAGTAGTACCTACTTCTAC	119948798	119972856	-24058	119992339	-43541	119948918	-23938	-43421
ENSMUST00000035987	TTCTCTGTCTTGTTGAGCTTCCATTCCTCCCTCCGGTTCCTGGGCTTTAGGTCATATGTGATTCGCAGAGACACCTGAATTATGTCAATAGCATATGGGGCTGGGTCCTGGACCATGAGGTA	81722336	81722523	-187	81725721	-3385	81722458	-65	-3263
ENSMUST00000035987	TTCTCTGTCTTGTTGAGCTTCCATTCCTCCCTCCGGTTCCTGGGCTTTAGGTCATATGTGATTCGCAGAGACACCTGAATTATGTCAATAGCATATGGGGCTGGGTCCTGGACCATGAGGTA	81722336	81735218	-12882	81772679	-50343	81722458	-12760	-50221
ENSMUST00000110136	GACAATGAGTTCAAGTGCAGGCACTCACAGCCAGAATGTGGGTATGGCTTACAGCCCGATCGTTGGACAGAGTACAGCATACAGACAATGGAACCAGATAATCTGGAGCTCATCTTTGACTT	132550432	132536750	13682	132538081	12351	132547557	10807	9476
ENSMUST00000110136	GACAATGAGTTCAAGTGCAGGCACTCACAGCCAGAATGTGGGTATGGCTTACAGCCCGATCGTTGGACAGAGTACAGCATACAGACAATGGAACCAGATAATCTGGAGCTCATCTTTGACTT	132550432	132536750	13682	132539898	10534	132547557	10807	7659
ENSMUST00000110136	GACAATGAGTTCAAGTGCAGGCACTCACAGCCAGAATGTGGGTATGGCTTACAGCCCGATCGTTGGACAGAGTACAGCATACAGACAATGGAACCAGATAATCTGGAGCTCATCTTTGACTT	132550432	132542335	8097	132546840	3592	132547557	5222	717
ENSMUST00000110136	GACAATGAGTTCAAGTGCAGGCACTCACAGCCAGAATGTGGGTATGGCTTACAGCCCGATCGTTGGACAGAGTACAGCATACAGACAATGGAACCAGATAATCTGGAGCTCATCTTTGACTT	132550432	132550554	-122	132556934	-6502	132547557	-2997	-9377
ENSMUST00000110136	GACAATGAGTTCAAGTGCAGGCACTCACAGCCAGAATGTGGGTATGGCTTACAGCCCGATCGTTGGACAGAGTACAGCATACAGACAATGGAACCAGATAATCTGGAGCTCATCTTTGACTT	132550432	132556976	-6544	132564626	-14194	132547557	-9419	-17069
ENSMUST00000110136	GACAATGAGTTCAAGTGCAGGCACTCACAGCCAGAATGTGGGTATGGCTTACAGCCCGATCGTTGGACAGAGTACAGCATACAGACAATGGAACCAGATAATCTGGAGCTCATCTTTGACTT	132550432	132564711	-14279	132572184	-21752	132547557	-17154	-24627
ENSMUST00000110136	GACAATGAGTTCAAGTGCAGGCACTCACAGCCAGAATGTGGGTATGGCTTACAGCCCGATCGTTGGACAGAGTACAGCATACAGACAATGGAACCAGATAATCTGGAGCTCATCTTTGACTT	132550432	132564711	-14279	132578067	-27635	132547557	-17154	-30510
ENSMUST00000110136	GACAATGAGTTCAAGTGCAGGCACTCACAGCCAGAATGTGGGTATGGCTTACAGCCCGATCGTTGGACAGAGTACAGCATACAGACAATGGAACCAGATAATCTGGAGCTCATCTTTGACTT	132550432	132564711	-14279	132578067	-27635	132547557	-17154	-30510
ENSMUST00000110361	TGTCTGCGTGCACACTCTTGACCACAGCTCCAGAAGTTGTCTCTAGACAAAGTCGTGACCCAATTTACTCTGGTAAGGGCAGAAACGGTTCACATTCCATTATTTGTAAAGTTACCTGCTGTT	36772115	36772777	-662	36775415	-3300	36772238	-539	-3177
ENSMUST00000110361	TGTCTGCGTGCACACTCTTGACCACAGCTCCAGAAGTTGTCTCTAGACAAAGTCGTGACCCAATTTACTCTGGTAAGGGCAGAAACGGTTCACATTCCATTATTTGTAAAGTTACCTGCTGTT	36772115	36790988	-18873	36794144	-22029	36772238	-18750	-21906
ENSMUST00000110361	TGTCTGCGTGCACACTCTTGACCACAGCTCCAGAAGTTGTCTCTAGACAAAGTCGTGACCCAATTTACTCTGGTAAGGGCAGAAACGGTTCACATTCCATTATTTGTAAAGTTACCTGCTGTT	36772115	36772777	-662	36775415	-3300	36772238	-539	-3177
ENSMUST00000110361	TGTCTGCGTGCACACTCTTGACCACAGCTCCAGAAGTTGTCTCTAGACAAAGTCGTGACCCAATTTACTCTGGTAAGGGCAGAAACGGTTCACATTCCATTATTTGTAAAGTTACCTGCTGTT	36772115	36790988	-18873	36794144	-22029	36772238	-18750	-21906
ENSMUST00000227021	TAAAATAACGTGGAAAGAAACAAACCCTTCCGTTTATTTACTCACCCTCGGCTTTTGACAGCTGTGCTGTAACACAAGTAGATGCCTGAACTTGAATTAATATACAAATCAGTAATGTATTCT	84954645	84965770	-11125	84978063	-23418	84954768	-11002	-23295
ENSMUST00000227021	TAAAATAACGTGGAAAGAAACAAACCCTTCCGTTTATTTACTCACCCTCGGCTTTTGACAGCTGTGCTGTAACACAAGTAGATGCCTGAACTTGAATTAATATACAAATCAGTAATGTATTCT	84954645	84965770	-11125	85013626	-58981	84954768	-11002	-58858
ENSMUST00000227021	TAAAATAACGTGGAAAGAAACAAACCCTTCCGTTTATTTACTCACCCTCGGCTTTTGACAGCTGTGCTGTAACACAAGTAGATGCCTGAACTTGAATTAATATACAAATCAGTAATGTATTCT	84954645	84965770	-11125	85013626	-58981	84954768	-11002	-58858
ENSMUST00000227021	TAAAATAACGTGGAAAGAAACAAACCCTTCCGTTTATTTACTCACCCTCGGCTTTTGACAGCTGTGCTGTAACACAAGTAGATGCCTGAACTTGAATTAATATACAAATCAGTAATGTATTCT	84954645	84971461	-16816	85013626	-58981	84954768	-16693	-58858
ENSMUST00000227021	TAAAATAACGTGGAAAGAAACAAACCCTTCCGTTTATTTACTCACCCTCGGCTTTTGACAGCTGTGCTGTAACACAAGTAGATGCCTGAACTTGAATTAATATACAAATCAGTAATGTATTCT	84954645	85015360	-60715	85025422	-70777	84954768	-60592	-70654
ENSMUST00000227021	TAAAATAACGTGGAAAGAAACAAACCCTTCCGTTTATTTACTCACCCTCGGCTTTTGACAGCTGTGCTGTAACACAAGTAGATGCCTGAACTTGAATTAATATACAAATCAGTAATGTATTCT	84954645	85082888	-128243	85173501	-218856	84954768	-128120	-218733
ENSMUST00000227021	TAAAATAACGTGGAAAGAAACAAACCCTTCCGTTTATTTACTCACCCTCGGCTTTTGACAGCTGTGCTGTAACACAAGTAGATGCCTGAACTTGAATTAATATACAAATCAGTAATGTATTCT	84954645	85103335	-148690	85173501	-218856	84954768	-148567	-218733
ENSMUST00000025955	CAGAGAGCCAGTCTATGCATTTGGAAACCAGACTTGTTCAGTTGGACAGTGCTATCAGCATGGAATTATGGCAGGAAGCCTTCAAAGCTGTGGAAGATATTCATGGACTATTTTCCTTGTCTA	60779488	60763264	16224	60766333	13155	60777993	14729	11660
ENSMUST00000025955	CAGAGAGCCAGTCTATGCATTTGGAAACCAGACTTGTTCAGTTGGACAGTGCTATCAGCATGGAATTATGGCAGGAAGCCTTCAAAGCTGTGGAAGATATTCATGGACTATTTTCCTTGTCTA	60779488	60773039	6449	60773900	5588	60777993	4954	4093
ENSMUST00000025955	CAGAGAGCCAGTCTATGCATTTGGAAACCAGACTTGTTCAGTTGGACAGTGCTATCAGCATGGAATTATGGCAGGAAGCCTTCAAAGCTGTGGAAGATATTCATGGACTATTTTCCTTGTCTA	60779488	60774017	5471	60775750	3738	60777993	3976	2243
ENSMUST00000030806	ATCATTCAGATGCAAGGCAACTCGACCAGTATTATTAACCCAAAGAACCCAAAGGAAGCACCAAAGTCCTTCAGCTTTGACTACTCCTACTGGTCCCACACCTCGCCTGAAGATCCCTGTTTT	149291450	149181602	109848	149182267	109183	149274937	93335	92670
ENSMUST00000030806	ATCATTCAGATGCAAGGCAACTCGACCAGTATTATTAACCCAAAGAACCCAAAGGAAGCACCAAAGTCCTTCAGCTTTGACTACTCCTACTGGTCCCACACCTCGCCTGAAGATCCCTGTTTT	149291450	149184430	107020	149187590	103860	149274937	90507	87347
ENSMUST00000030806	ATCATTCAGATGCAAGGCAACTCGACCAGTATTATTAACCCAAAGAACCCAAAGGAAGCACCAAAGTCCTTCAGCTTTGACTACTCCTACTGGTCCCACACCTCGCCTGAAGATCCCTGTTTT	149291450	149192687	98763	149198431	93019	149274937	82250	76506
ENSMUST00000030806	ATCATTCAGATGCAAGGCAACTCGACCAGTATTATTAACCCAAAGAACCCAAAGGAAGCACCAAAGTCCTTCAGCTTTGACTACTCCTACTGGTCCCACACCTCGCCTGAAGATCCCTGTTTT	149291450	149192687	98763	149199257	92193	149274937	82250	75680
ENSMUST00000030806	ATCATTCAGATGCAAGGCAACTCGACCAGTATTATTAACCCAAAGAACCCAAAGGAAGCACCAAAGTCCTTCAGCTTTGACTACTCCTACTGGTCCCACACCTCGCCTGAAGATCCCTGTTTT	149291450	149213752	77698	149214906	76544	149274937	61185	60031
ENSMUST00000030806	ATCATTCAGATGCAAGGCAACTCGACCAGTATTATTAACCCAAAGAACCCAAAGGAAGCACCAAAGTCCTTCAGCTTTGACTACTCCTACTGGTCCCACACCTCGCCTGAAGATCCCTGTTTT	149291450	149215025	76425	149222226	69224	149274937	59912	52711
ENSMUST00000030806	ATCATTCAGATGCAAGGCAACTCGACCAGTATTATTAACCCAAAGAACCCAAAGGAAGCACCAAAGTCCTTCAGCTTTGACTACTCCTACTGGTCCCACACCTCGCCTGAAGATCCCTGTTTT	149291450	149253751	37699	149262135	29315	149274937	21186	12802
ENSMUST00000030806	ATCATTCAGATGCAAGGCAACTCGACCAGTATTATTAACCCAAAGAACCCAAAGGAAGCACCAAAGTCCTTCAGCTTTGACTACTCCTACTGGTCCCACACCTCGCCTGAAGATCCCTGTTTT	149291450	149253751	37699	149262135	29315	149274937	21186	12802
ENSMUST00000030806	ATCATTCAGATGCAAGGCAACTCGACCAGTATTATTAACCCAAAGAACCCAAAGGAAGCACCAAAGTCCTTCAGCTTTGACTACTCCTACTGGTCCCACACCTCGCCTGAAGATCCCTGTTTT	149291450	149258003	33447	149262135	29315	149274937	16934	12802
ENSMUST00000030806	ATCATTCAGATGCAAGGCAACTCGACCAGTATTATTAACCCAAAGAACCCAAAGGAAGCACCAAAGTCCTTCAGCTTTGACTACTCCTACTGGTCCCACACCTCGCCTGAAGATCCCTGTTTT	149291450	149258081	33369	149262135	29315	149274937	16856	12802
ENSMUST00000030806	ATCATTCAGATGCAAGGCAACTCGACCAGTATTATTAACCCAAAGAACCCAAAGGAAGCACCAAAGTCCTTCAGCTTTGACTACTCCTACTGGTCCCACACCTCGCCTGAAGATCCCTGTTTT	149291450	149263690	27760	149266251	25199	149274937	11247	8686
ENSMUST00000030806	ATCATTCAGATGCAAGGCAACTCGACCAGTATTATTAACCCAAAGAACCCAAAGGAAGCACCAAAGTCCTTCAGCTTTGACTACTCCTACTGGTCCCACACCTCGCCTGAAGATCCCTGTTTT	149291450	149267283	24167	149270716	20734	149274937	7654	4221
ENSMUST00000030806	ATCATTCAGATGCAAGGCAACTCGACCAGTATTATTAACCCAAAGAACCCAAAGGAAGCACCAAAGTCCTTCAGCTTTGACTACTCCTACTGGTCCCACACCTCGCCTGAAGATCCCTGTTTT	149291450	149275095	16355	149291301	149	149274937	-158	-16364
ENSMUST00000060537	TCAAACTTGTGGGAAGCTCCCCTATTTTCCACGGCTGTGTGAATGAGCGCCTTGCCGACCGCACACCCTCCCCCACTTTTTCCACGGCCGATTCCGACATCACTGAACTGGCTGACGAGCAGCA	149220552	149181602	38950	149182267	38285	149220676	39074	38409
ENSMUST00000060537	TCAAACTTGTGGGAAGCTCCCCTATTTTCCACGGCTGTGTGAATGAGCGCCTTGCCGACCGCACACCCTCCCCCACTTTTTCCACGGCCGATTCCGACATCACTGAACTGGCTGACGAGCAGCA	149220552	149184430	36122	149187590	32962	149220676	36246	33086
ENSMUST00000060537	TCAAACTTGTGGGAAGCTCCCCTATTTTCCACGGCTGTGTGAATGAGCGCCTTGCCGACCGCACACCCTCCCCCACTTTTTCCACGGCCGATTCCGACATCACTGAACTGGCTGACGAGCAGCA	149220552	149192687	27865	149198431	22121	149220676	27989	22245
ENSMUST00000060537	TCAAACTTGTGGGAAGCTCCCCTATTTTCCACGGCTGTGTGAATGAGCGCCTTGCCGACCGCACACCCTCCCCCACTTTTTCCACGGCCGATTCCGACATCACTGAACTGGCTGACGAGCAGCA	149220552	149192687	27865	149199257	21295	149220676	27989	21419
ENSMUST00000060537	TCAAACTTGTGGGAAGCTCCCCTATTTTCCACGGCTGTGTGAATGAGCGCCTTGCCGACCGCACACCCTCCCCCACTTTTTCCACGGCCGATTCCGACATCACTGAACTGGCTGACGAGCAGCA	149220552	149213752	6800	149214906	5646	149220676	6924	5770
ENSMUST00000060537	TCAAACTTGTGGGAAGCTCCCCTATTTTCCACGGCTGTGTGAATGAGCGCCTTGCCGACCGCACACCCTCCCCCACTTTTTCCACGGCCGATTCCGACATCACTGAACTGGCTGACGAGCAGCA	149220552	149215025	5527	149222226	-1674	149220676	5651	-1550
ENSMUST00000060537	TCAAACTTGTGGGAAGCTCCCCTATTTTCCACGGCTGTGTGAATGAGCGCCTTGCCGACCGCACACCCTCCCCCACTTTTTCCACGGCCGATTCCGACATCACTGAACTGGCTGACGAGCAGCA	149220552	149253751	-33199	149262135	-41583	149220676	-33075	-41459
ENSMUST00000060537	TCAAACTTGTGGGAAGCTCCCCTATTTTCCACGGCTGTGTGAATGAGCGCCTTGCCGACCGCACACCCTCCCCCACTTTTTCCACGGCCGATTCCGACATCACTGAACTGGCTGACGAGCAGCA	149220552	149253751	-33199	149262135	-41583	149220676	-33075	-41459
ENSMUST00000060537	TCAAACTTGTGGGAAGCTCCCCTATTTTCCACGGCTGTGTGAATGAGCGCCTTGCCGACCGCACACCCTCCCCCACTTTTTCCACGGCCGATTCCGACATCACTGAACTGGCTGACGAGCAGCA	149220552	149258003	-37451	149262135	-41583	149220676	-37327	-41459
ENSMUST00000060537	TCAAACTTGTGGGAAGCTCCCCTATTTTCCACGGCTGTGTGAATGAGCGCCTTGCCGACCGCACACCCTCCCCCACTTTTTCCACGGCCGATTCCGACATCACTGAACTGGCTGACGAGCAGCA	149220552	149258081	-37529	149262135	-41583	149220676	-37405	-41459
ENSMUST00000060537	TCAAACTTGTGGGAAGCTCCCCTATTTTCCACGGCTGTGTGAATGAGCGCCTTGCCGACCGCACACCCTCCCCCACTTTTTCCACGGCCGATTCCGACATCACTGAACTGGCTGACGAGCAGCA	149220552	149263690	-43138	149266251	-45699	149220676	-43014	-45575
ENSMUST00000060537	TCAAACTTGTGGGAAGCTCCCCTATTTTCCACGGCTGTGTGAATGAGCGCCTTGCCGACCGCACACCCTCCCCCACTTTTTCCACGGCCGATTCCGACATCACTGAACTGGCTGACGAGCAGCA	149220552	149267283	-46731	149270716	-50164	149220676	-46607	-50040
ENSMUST00000060537	TCAAACTTGTGGGAAGCTCCCCTATTTTCCACGGCTGTGTGAATGAGCGCCTTGCCGACCGCACACCCTCCCCCACTTTTTCCACGGCCGATTCCGACATCACTGAACTGGCTGACGAGCAGCA	149220552	149275095	-54543	149291301	-70749	149220676	-54419	-70625
ENSMUST00000060537	TCAAACTTGTGGGAAGCTCCCCTATTTTCCACGGCTGTGTGAATGAGCGCCTTGCCGACCGCACACCCTCCCCCACTTTTTCCACGGCCGATTCCGACATCACTGAACTGGCTGACGAGCAGCA	149220552	149181602	38950	149182267	38285	149220676	39074	38409
ENSMUST00000060537	TCAAACTTGTGGGAAGCTCCCCTATTTTCCACGGCTGTGTGAATGAGCGCCTTGCCGACCGCACACCCTCCCCCACTTTTTCCACGGCCGATTCCGACATCACTGAACTGGCTGACGAGCAGCA	149220552	149184430	36122	149187590	32962	149220676	36246	33086
ENSMUST00000060537	TCAAACTTGTGGGAAGCTCCCCTATTTTCCACGGCTGTGTGAATGAGCGCCTTGCCGACCGCACACCCTCCCCCACTTTTTCCACGGCCGATTCCGACATCACTGAACTGGCTGACGAGCAGCA	149220552	149192687	27865	149198431	22121	149220676	27989	22245
ENSMUST00000060537	TCAAACTTGTGGGAAGCTCCCCTATTTTCCACGGCTGTGTGAATGAGCGCCTTGCCGACCGCACACCCTCCCCCACTTTTTCCACGGCCGATTCCGACATCACTGAACTGGCTGACGAGCAGCA	149220552	149192687	27865	149199257	21295	149220676	27989	21419
ENSMUST00000060537	TCAAACTTGTGGGAAGCTCCCCTATTTTCCACGGCTGTGTGAATGAGCGCCTTGCCGACCGCACACCCTCCCCCACTTTTTCCACGGCCGATTCCGACATCACTGAACTGGCTGACGAGCAGCA	149220552	149213752	6800	149214906	5646	149220676	6924	5770
ENSMUST00000060537	TCAAACTTGTGGGAAGCTCCCCTATTTTCCACGGCTGTGTGAATGAGCGCCTTGCCGACCGCACACCCTCCCCCACTTTTTCCACGGCCGATTCCGACATCACTGAACTGGCTGACGAGCAGCA	149220552	149215025	5527	149222226	-1674	149220676	5651	-1550
ENSMUST00000060537	TCAAACTTGTGGGAAGCTCCCCTATTTTCCACGGCTGTGTGAATGAGCGCCTTGCCGACCGCACACCCTCCCCCACTTTTTCCACGGCCGATTCCGACATCACTGAACTGGCTGACGAGCAGCA	149220552	149253751	-33199	149262135	-41583	149220676	-33075	-41459
ENSMUST00000060537	TCAAACTTGTGGGAAGCTCCCCTATTTTCCACGGCTGTGTGAATGAGCGCCTTGCCGACCGCACACCCTCCCCCACTTTTTCCACGGCCGATTCCGACATCACTGAACTGGCTGACGAGCAGCA	149220552	149253751	-33199	149262135	-41583	149220676	-33075	-41459
ENSMUST00000060537	TCAAACTTGTGGGAAGCTCCCCTATTTTCCACGGCTGTGTGAATGAGCGCCTTGCCGACCGCACACCCTCCCCCACTTTTTCCACGGCCGATTCCGACATCACTGAACTGGCTGACGAGCAGCA	149220552	149258003	-37451	149262135	-41583	149220676	-37327	-41459
ENSMUST00000060537	TCAAACTTGTGGGAAGCTCCCCTATTTTCCACGGCTGTGTGAATGAGCGCCTTGCCGACCGCACACCCTCCCCCACTTTTTCCACGGCCGATTCCGACATCACTGAACTGGCTGACGAGCAGCA	149220552	149258081	-37529	149262135	-41583	149220676	-37405	-41459
ENSMUST00000060537	TCAAACTTGTGGGAAGCTCCCCTATTTTCCACGGCTGTGTGAATGAGCGCCTTGCCGACCGCACACCCTCCCCCACTTTTTCCACGGCCGATTCCGACATCACTGAACTGGCTGACGAGCAGCA	149220552	149263690	-43138	149266251	-45699	149220676	-43014	-45575
ENSMUST00000060537	TCAAACTTGTGGGAAGCTCCCCTATTTTCCACGGCTGTGTGAATGAGCGCCTTGCCGACCGCACACCCTCCCCCACTTTTTCCACGGCCGATTCCGACATCACTGAACTGGCTGACGAGCAGCA	149220552	149267283	-46731	149270716	-50164	149220676	-46607	-50040
ENSMUST00000060537	TCAAACTTGTGGGAAGCTCCCCTATTTTCCACGGCTGTGTGAATGAGCGCCTTGCCGACCGCACACCCTCCCCCACTTTTTCCACGGCCGATTCCGACATCACTGAACTGGCTGACGAGCAGCA	149220552	149275095	-54543	149291301	-70749	149220676	-54419	-70625
ENSMUST00000055647	AGAAGCCAACTCTCGTGCCTCCAGTCCCTGCCAAGAATTTGAACAGTTTCAGATCGTCCCAACTGTGGAGACACCCTATTTGGCCCGAGCAGGGAAGAATGAATTTCTCAATCTTGTTCCAGAC	149182317	149181602	715	149182267	50	149181833	231	-434
ENSMUST00000055647	AGAAGCCAACTCTCGTGCCTCCAGTCCCTGCCAAGAATTTGAACAGTTTCAGATCGTCCCAACTGTGGAGACACCCTATTTGGCCCGAGCAGGGAAGAATGAATTTCTCAATCTTGTTCCAGAC	149182317	149184430	-2113	149187590	-5273	149181833	-2597	-5757
ENSMUST00000055647	AGAAGCCAACTCTCGTGCCTCCAGTCCCTGCCAAGAATTTGAACAGTTTCAGATCGTCCCAACTGTGGAGACACCCTATTTGGCCCGAGCAGGGAAGAATGAATTTCTCAATCTTGTTCCAGAC	149182317	149192687	-10370	149198431	-16114	149181833	-10854	-16598
ENSMUST00000055647	AGAAGCCAACTCTCGTGCCTCCAGTCCCTGCCAAGAATTTGAACAGTTTCAGATCGTCCCAACTGTGGAGACACCCTATTTGGCCCGAGCAGGGAAGAATGAATTTCTCAATCTTGTTCCAGAC	149182317	149192687	-10370	149199257	-16940	149181833	-10854	-17424
ENSMUST00000055647	AGAAGCCAACTCTCGTGCCTCCAGTCCCTGCCAAGAATTTGAACAGTTTCAGATCGTCCCAACTGTGGAGACACCCTATTTGGCCCGAGCAGGGAAGAATGAATTTCTCAATCTTGTTCCAGAC	149182317	149213752	-31435	149214906	-32589	149181833	-31919	-33073
ENSMUST00000055647	AGAAGCCAACTCTCGTGCCTCCAGTCCCTGCCAAGAATTTGAACAGTTTCAGATCGTCCCAACTGTGGAGACACCCTATTTGGCCCGAGCAGGGAAGAATGAATTTCTCAATCTTGTTCCAGAC	149182317	149215025	-32708	149222226	-39909	149181833	-33192	-40393
ENSMUST00000055647	AGAAGCCAACTCTCGTGCCTCCAGTCCCTGCCAAGAATTTGAACAGTTTCAGATCGTCCCAACTGTGGAGACACCCTATTTGGCCCGAGCAGGGAAGAATGAATTTCTCAATCTTGTTCCAGAC	149182317	149253751	-71434	149262135	-79818	149181833	-71918	-80302
ENSMUST00000055647	AGAAGCCAACTCTCGTGCCTCCAGTCCCTGCCAAGAATTTGAACAGTTTCAGATCGTCCCAACTGTGGAGACACCCTATTTGGCCCGAGCAGGGAAGAATGAATTTCTCAATCTTGTTCCAGAC	149182317	149253751	-71434	149262135	-79818	149181833	-71918	-80302
ENSMUST00000055647	AGAAGCCAACTCTCGTGCCTCCAGTCCCTGCCAAGAATTTGAACAGTTTCAGATCGTCCCAACTGTGGAGACACCCTATTTGGCCCGAGCAGGGAAGAATGAATTTCTCAATCTTGTTCCAGAC	149182317	149258003	-75686	149262135	-79818	149181833	-76170	-80302
ENSMUST00000055647	AGAAGCCAACTCTCGTGCCTCCAGTCCCTGCCAAGAATTTGAACAGTTTCAGATCGTCCCAACTGTGGAGACACCCTATTTGGCCCGAGCAGGGAAGAATGAATTTCTCAATCTTGTTCCAGAC	149182317	149258081	-75764	149262135	-79818	149181833	-76248	-80302
ENSMUST00000055647	AGAAGCCAACTCTCGTGCCTCCAGTCCCTGCCAAGAATTTGAACAGTTTCAGATCGTCCCAACTGTGGAGACACCCTATTTGGCCCGAGCAGGGAAGAATGAATTTCTCAATCTTGTTCCAGAC	149182317	149263690	-81373	149266251	-83934	149181833	-81857	-84418
ENSMUST00000055647	AGAAGCCAACTCTCGTGCCTCCAGTCCCTGCCAAGAATTTGAACAGTTTCAGATCGTCCCAACTGTGGAGACACCCTATTTGGCCCGAGCAGGGAAGAATGAATTTCTCAATCTTGTTCCAGAC	149182317	149267283	-84966	149270716	-88399	149181833	-85450	-88883
ENSMUST00000055647	AGAAGCCAACTCTCGTGCCTCCAGTCCCTGCCAAGAATTTGAACAGTTTCAGATCGTCCCAACTGTGGAGACACCCTATTTGGCCCGAGCAGGGAAGAATGAATTTCTCAATCTTGTTCCAGAC	149182317	149275095	-92778	149291301	-108984	149181833	-93262	-109468
ENSMUST00000026093	CATTGGGGCATTCGCATGCCTTGTGCTTTACTGAACAACTGTAACTGAATGTAGTCATGGAAGGAACAAGATACGGAACCACTCACTGACATTGGGACATCACCTGGAATTTTTAAAATAAATTT	81793595	81801150	-7555	81815914	-22319	81793720	-7430	-22194
ENSMUST00000026093	CATTGGGGCATTCGCATGCCTTGTGCTTTACTGAACAACTGTAACTGAATGTAGTCATGGAAGGAACAAGATACGGAACCACTCACTGACATTGGGACATCACCTGGAATTTTTAAAATAAATTT	81793595	81801150	-7555	81828972	-35377	81793720	-7430	-35252
ENSMUST00000026093	CATTGGGGCATTCGCATGCCTTGTGCTTTACTGAACAACTGTAACTGAATGTAGTCATGGAAGGAACAAGATACGGAACCACTCACTGACATTGGGACATCACCTGGAATTTTTAAAATAAATTT	81793595	81801150	-7555	81828972	-35377	81793720	-7430	-35252
ENSMUST00000026093	CATTGGGGCATTCGCATGCCTTGTGCTTTACTGAACAACTGTAACTGAATGTAGTCATGGAAGGAACAAGATACGGAACCACTCACTGACATTGGGACATCACCTGGAATTTTTAAAATAAATTT	81793595	81805939	-12344	81828972	-35377	81793720	-12219	-35252
ENSMUST00000026093	CATTGGGGCATTCGCATGCCTTGTGCTTTACTGAACAACTGTAACTGAATGTAGTCATGGAAGGAACAAGATACGGAACCACTCACTGACATTGGGACATCACCTGGAATTTTTAAAATAAATTT	81793595	81816020	-22425	81828972	-35377	81793720	-22300	-35252
ENSMUST00000026093	CATTGGGGCATTCGCATGCCTTGTGCTTTACTGAACAACTGTAACTGAATGTAGTCATGGAAGGAACAAGATACGGAACCACTCACTGACATTGGGACATCACCTGGAATTTTTAAAATAAATTT	81793595	81801150	-7555	81815914	-22319	81793720	-7430	-22194
ENSMUST00000026093	CATTGGGGCATTCGCATGCCTTGTGCTTTACTGAACAACTGTAACTGAATGTAGTCATGGAAGGAACAAGATACGGAACCACTCACTGACATTGGGACATCACCTGGAATTTTTAAAATAAATTT	81793595	81801150	-7555	81828972	-35377	81793720	-7430	-35252
ENSMUST00000026093	CATTGGGGCATTCGCATGCCTTGTGCTTTACTGAACAACTGTAACTGAATGTAGTCATGGAAGGAACAAGATACGGAACCACTCACTGACATTGGGACATCACCTGGAATTTTTAAAATAAATTT	81793595	81801150	-7555	81828972	-35377	81793720	-7430	-35252
ENSMUST00000026093	CATTGGGGCATTCGCATGCCTTGTGCTTTACTGAACAACTGTAACTGAATGTAGTCATGGAAGGAACAAGATACGGAACCACTCACTGACATTGGGACATCACCTGGAATTTTTAAAATAAATTT	81793595	81805939	-12344	81828972	-35377	81793720	-12219	-35252
ENSMUST00000026093	CATTGGGGCATTCGCATGCCTTGTGCTTTACTGAACAACTGTAACTGAATGTAGTCATGGAAGGAACAAGATACGGAACCACTCACTGACATTGGGACATCACCTGGAATTTTTAAAATAAATTT	81793595	81816020	-22425	81828972	-35377	81793720	-22300	-35252
ENSMUST00000078673	ATTTCAAGCACTAAAGGACACTACAAATCTGCACTGACTACCGTTTAAAAGTCACTGGTAACAGGACTTATGCCAAATCACAATTCAACTGACACAATGATGCCAAATGTTGGTCTTTTGATATT	53458428	53462216	-3788	53719614	-261186	53458553	-3663	-261061
ENSMUST00000078673	ATTTCAAGCACTAAAGGACACTACAAATCTGCACTGACTACCGTTTAAAAGTCACTGGTAACAGGACTTATGCCAAATCACAATTCAACTGACACAATGATGCCAAATGTTGGTCTTTTGATATT	53458428	53462216	-3788	53719644	-261216	53458553	-3663	-261091
ENSMUST00000078673	ATTTCAAGCACTAAAGGACACTACAAATCTGCACTGACTACCGTTTAAAAGTCACTGGTAACAGGACTTATGCCAAATCACAATTCAACTGACACAATGATGCCAAATGTTGGTCTTTTGATATT	53458428	53658490	-200062	53860103	-401675	53458553	-199937	-401550
ENSMUST00000078673	ATTTCAAGCACTAAAGGACACTACAAATCTGCACTGACTACCGTTTAAAAGTCACTGGTAACAGGACTTATGCCAAATCACAATTCAACTGACACAATGATGCCAAATGTTGGTCTTTTGATATT	53458428	53658490	-200062	53860103	-401675	53458553	-199937	-401550
ENSMUST00000078673	ATTTCAAGCACTAAAGGACACTACAAATCTGCACTGACTACCGTTTAAAAGTCACTGGTAACAGGACTTATGCCAAATCACAATTCAACTGACACAATGATGCCAAATGTTGGTCTTTTGATATT	53458428	53719744	-261316	53902368	-443940	53458553	-261191	-443815
ENSMUST00000001480	ATGGAGAACTGGGGCCTTGTTACTTATAGGGAAACGGCCTTGCTTATTGATCCAAAAAACTCGTGTTCTTCATCACGCCAGTGGGTTGCTCTGGTTGTGGGACATGAACTCGCCCATCAATGGTT	97241816	97213187	28629	97217790	24026	97241033	27846	23243
ENSMUST00000001480	ATGGAGAACTGGGGCCTTGTTACTTATAGGGAAACGGCCTTGCTTATTGATCCAAAAAACTCGTGTTCTTCATCACGCCAGTGGGTTGCTCTGGTTGTGGGACATGAACTCGCCCATCAATGGTT	97241816	97223170	18646	97226728	15088	97241033	17863	14305
ENSMUST00000001480	ATGGAGAACTGGGGCCTTGTTACTTATAGGGAAACGGCCTTGCTTATTGATCCAAAAAACTCGTGTTCTTCATCACGCCAGTGGGTTGCTCTGGTTGTGGGACATGAACTCGCCCATCAATGGTT	97241816	97236169	5647	97240928	888	97241033	4864	105
ENSMUST00000001480	ATGGAGAACTGGGGCCTTGTTACTTATAGGGAAACGGCCTTGCTTATTGATCCAAAAAACTCGTGTTCTTCATCACGCCAGTGGGTTGCTCTGGTTGTGGGACATGAACTCGCCCATCAATGGTT	97241816	97238258	3558	97241803	13	97241033	2775	-770
ENSMUST00000001480	ATGGAGAACTGGGGCCTTGTTACTTATAGGGAAACGGCCTTGCTTATTGATCCAAAAAACTCGTGTTCTTCATCACGCCAGTGGGTTGCTCTGGTTGTGGGACATGAACTCGCCCATCAATGGTT	97241816	97241043	773	97241950	-134	97241033	-10	-917
ENSMUST00000001480	ATGGAGAACTGGGGCCTTGTTACTTATAGGGAAACGGCCTTGCTTATTGATCCAAAAAACTCGTGTTCTTCATCACGCCAGTGGGTTGCTCTGGTTGTGGGACATGAACTCGCCCATCAATGGTT	97241816	97242047	-231	97244427	-2611	97241033	-1014	-3394
ENSMUST00000001480	ATGGAGAACTGGGGCCTTGTTACTTATAGGGAAACGGCCTTGCTTATTGATCCAAAAAACTCGTGTTCTTCATCACGCCAGTGGGTTGCTCTGGTTGTGGGACATGAACTCGCCCATCAATGGTT	97241816	97238258	3558	97248201	-6385	97241033	2775	-7168
ENSMUST00000001480	ATGGAGAACTGGGGCCTTGTTACTTATAGGGAAACGGCCTTGCTTATTGATCCAAAAAACTCGTGTTCTTCATCACGCCAGTGGGTTGCTCTGGTTGTGGGACATGAACTCGCCCATCAATGGTT	97241816	97244535	-2719	97258273	-16457	97241033	-3502	-17240
ENSMUST00000001480	ATGGAGAACTGGGGCCTTGTTACTTATAGGGAAACGGCCTTGCTTATTGATCCAAAAAACTCGTGTTCTTCATCACGCCAGTGGGTTGCTCTGGTTGTGGGACATGAACTCGCCCATCAATGGTT	97241816	97244535	-2719	97258273	-16457	97241033	-3502	-17240
ENSMUST00000001480	ATGGAGAACTGGGGCCTTGTTACTTATAGGGAAACGGCCTTGCTTATTGATCCAAAAAACTCGTGTTCTTCATCACGCCAGTGGGTTGCTCTGGTTGTGGGACATGAACTCGCCCATCAATGGTT	97241816	97248323	-6507	97258273	-16457	97241033	-7290	-17240
ENSMUST00000001480	ATGGAGAACTGGGGCCTTGTTACTTATAGGGAAACGGCCTTGCTTATTGATCCAAAAAACTCGTGTTCTTCATCACGCCAGTGGGTTGCTCTGGTTGTGGGACATGAACTCGCCCATCAATGGTT	97241816	97258351	-16535	97267594	-25778	97241033	-17318	-26561
ENSMUST00000001480	ATGGAGAACTGGGGCCTTGTTACTTATAGGGAAACGGCCTTGCTTATTGATCCAAAAAACTCGTGTTCTTCATCACGCCAGTGGGTTGCTCTGGTTGTGGGACATGAACTCGCCCATCAATGGTT	97241816	97258351	-16535	97280200	-38384	97241033	-17318	-39167
ENSMUST00000168099	GAGGATTTTGCCAAGAATGCATGAAGATATTAATGAAGAATGGATCTCTGATAAAACCAGGTTTGCTTATGATGGACTAAAACGTCAAAGACTTACTGAACCAATGGTCAGAAACGAAAAAGGGCT	63160963	63143922	17041	63147119	13844	63159825	15903	12706
ENSMUST00000168099	GAGGATTTTGCCAAGAATGCATGAAGATATTAATGAAGAATGGATCTCTGATAAAACCAGGTTTGCTTATGATGGACTAAAACGTCAAAGACTTACTGAACCAATGGTCAGAAACGAAAAAGGGCT	63160963	63147424	13539	63149956	11007	63159825	12401	9869
ENSMUST00000168099	GAGGATTTTGCCAAGAATGCATGAAGATATTAATGAAGAATGGATCTCTGATAAAACCAGGTTTGCTTATGATGGACTAAAACGTCAAAGACTTACTGAACCAATGGTCAGAAACGAAAAAGGGCT	63160963	63152904	8059	63157131	3832	63159825	6921	2694
ENSMUST00000168099	GAGGATTTTGCCAAGAATGCATGAAGATATTAATGAAGAATGGATCTCTGATAAAACCAGGTTTGCTTATGATGGACTAAAACGTCAAAGACTTACTGAACCAATGGTCAGAAACGAAAAAGGGCT	63160963	63152904	8059	63159749	1214	63159825	6921	76
ENSMUST00000168099	GAGGATTTTGCCAAGAATGCATGAAGATATTAATGAAGAATGGATCTCTGATAAAACCAGGTTTGCTTATGATGGACTAAAACGTCAAAGACTTACTGAACCAATGGTCAGAAACGAAAAAGGGCT	63160963	63152904	8059	63160879	84	63159825	6921	-1054
ENSMUST00000168099	GAGGATTTTGCCAAGAATGCATGAAGATATTAATGAAGAATGGATCTCTGATAAAACCAGGTTTGCTTATGATGGACTAAAACGTCAAAGACTTACTGAACCAATGGTCAGAAACGAAAAAGGGCT	63160963	63152904	8059	63160879	84	63159825	6921	-1054
ENSMUST00000168099	GAGGATTTTGCCAAGAATGCATGAAGATATTAATGAAGAATGGATCTCTGATAAAACCAGGTTTGCTTATGATGGACTAAAACGTCAAAGACTTACTGAACCAATGGTCAGAAACGAAAAAGGGCT	63160963	63157277	3686	63160879	84	63159825	2548	-1054
ENSMUST00000168099	GAGGATTTTGCCAAGAATGCATGAAGATATTAATGAAGAATGGATCTCTGATAAAACCAGGTTTGCTTATGATGGACTAAAACGTCAAAGACTTACTGAACCAATGGTCAGAAACGAAAAAGGGCT	63160963	63163852	-2889	63164948	-3985	63159825	-4027	-5123
ENSMUST00000168099	GAGGATTTTGCCAAGAATGCATGAAGATATTAATGAAGAATGGATCTCTGATAAAACCAGGTTTGCTTATGATGGACTAAAACGTCAAAGACTTACTGAACCAATGGTCAGAAACGAAAAAGGGCT	63160963	63164860	-3897	63169228	-8265	63159825	-5035	-9403
ENSMUST00000168099	GAGGATTTTGCCAAGAATGCATGAAGATATTAATGAAGAATGGATCTCTGATAAAACCAGGTTTGCTTATGATGGACTAAAACGTCAAAGACTTACTGAACCAATGGTCAGAAACGAAAAAGGGCT	63160963	63161014	-51	63169228	-8265	63159825	-1189	-9403
ENSMUST00000168099	GAGGATTTTGCCAAGAATGCATGAAGATATTAATGAAGAATGGATCTCTGATAAAACCAGGTTTGCTTATGATGGACTAAAACGTCAAAGACTTACTGAACCAATGGTCAGAAACGAAAAAGGGCT	63160963	63165030	-4067	63169228	-8265	63159825	-5205	-9403
ENSMUST00000168099	GAGGATTTTGCCAAGAATGCATGAAGATATTAATGAAGAATGGATCTCTGATAAAACCAGGTTTGCTTATGATGGACTAAAACGTCAAAGACTTACTGAACCAATGGTCAGAAACGAAAAAGGGCT	63160963	63166367	-5404	63170049	-9086	63159825	-6542	-10224
ENSMUST00000168099	GAGGATTTTGCCAAGAATGCATGAAGATATTAATGAAGAATGGATCTCTGATAAAACCAGGTTTGCTTATGATGGACTAAAACGTCAAAGACTTACTGAACCAATGGTCAGAAACGAAAAAGGGCT	63160963	63166367	-5404	63170848	-9885	63159825	-6542	-11023
ENSMUST00000168099	GAGGATTTTGCCAAGAATGCATGAAGATATTAATGAAGAATGGATCTCTGATAAAACCAGGTTTGCTTATGATGGACTAAAACGTCAAAGACTTACTGAACCAATGGTCAGAAACGAAAAAGGGCT	63160963	63166367	-5404	63170848	-9885	63159825	-6542	-11023
ENSMUST00000168099	GAGGATTTTGCCAAGAATGCATGAAGATATTAATGAAGAATGGATCTCTGATAAAACCAGGTTTGCTTATGATGGACTAAAACGTCAAAGACTTACTGAACCAATGGTCAGAAACGAAAAAGGGCT	63160963	63169336	-8373	63170848	-9885	63159825	-9511	-11023
ENSMUST00000168099	GAGGATTTTGCCAAGAATGCATGAAGATATTAATGAAGAATGGATCTCTGATAAAACCAGGTTTGCTTATGATGGACTAAAACGTCAAAGACTTACTGAACCAATGGTCAGAAACGAAAAAGGGCT	63160963	63169336	-8373	63176427	-15464	63159825	-9511	-16602
ENSMUST00000168099	GAGGATTTTGCCAAGAATGCATGAAGATATTAATGAAGAATGGATCTCTGATAAAACCAGGTTTGCTTATGATGGACTAAAACGTCAAAGACTTACTGAACCAATGGTCAGAAACGAAAAAGGGCT	63160963	63169336	-8373	63176427	-15464	63159825	-9511	-16602
ENSMUST00000168099	GAGGATTTTGCCAAGAATGCATGAAGATATTAATGAAGAATGGATCTCTGATAAAACCAGGTTTGCTTATGATGGACTAAAACGTCAAAGACTTACTGAACCAATGGTCAGAAACGAAAAAGGGCT	63160963	63169336	-8373	63176585	-15622	63159825	-9511	-16760
ENSMUST00000168099	GAGGATTTTGCCAAGAATGCATGAAGATATTAATGAAGAATGGATCTCTGATAAAACCAGGTTTGCTTATGATGGACTAAAACGTCAAAGACTTACTGAACCAATGGTCAGAAACGAAAAAGGGCT	63160963	63170141	-9178	63176427	-15464	63159825	-10316	-16602
ENSMUST00000168099	GAGGATTTTGCCAAGAATGCATGAAGATATTAATGAAGAATGGATCTCTGATAAAACCAGGTTTGCTTATGATGGACTAAAACGTCAAAGACTTACTGAACCAATGGTCAGAAACGAAAAAGGGCT	63160963	63170914	-9951	63175636	-14673	63159825	-11089	-15811
ENSMUST00000168099	GAGGATTTTGCCAAGAATGCATGAAGATATTAATGAAGAATGGATCTCTGATAAAACCAGGTTTGCTTATGATGGACTAAAACGTCAAAGACTTACTGAACCAATGGTCAGAAACGAAAAAGGGCT	63160963	63170914	-9951	63176427	-15464	63159825	-11089	-16602
ENSMUST00000168099	GAGGATTTTGCCAAGAATGCATGAAGATATTAATGAAGAATGGATCTCTGATAAAACCAGGTTTGCTTATGATGGACTAAAACGTCAAAGACTTACTGAACCAATGGTCAGAAACGAAAAAGGGCT	63160963	63170914	-9951	63176585	-15622	63159825	-11089	-16760
ENSMUST00000168099	GAGGATTTTGCCAAGAATGCATGAAGATATTAATGAAGAATGGATCTCTGATAAAACCAGGTTTGCTTATGATGGACTAAAACGTCAAAGACTTACTGAACCAATGGTCAGAAACGAAAAAGGGCT	63160963	63170914	-9951	63176427	-15464	63159825	-11089	-16602
ENSMUST00000168099	GAGGATTTTGCCAAGAATGCATGAAGATATTAATGAAGAATGGATCTCTGATAAAACCAGGTTTGCTTATGATGGACTAAAACGTCAAAGACTTACTGAACCAATGGTCAGAAACGAAAAAGGGCT	63160963	63170914	-9951	63176585	-15622	63159825	-11089	-16760
ENSMUST00000168099	GAGGATTTTGCCAAGAATGCATGAAGATATTAATGAAGAATGGATCTCTGATAAAACCAGGTTTGCTTATGATGGACTAAAACGTCAAAGACTTACTGAACCAATGGTCAGAAACGAAAAAGGGCT	63160963	63172257	-11294	63176427	-15464	63159825	-12432	-16602
ENSMUST00000168099	GAGGATTTTGCCAAGAATGCATGAAGATATTAATGAAGAATGGATCTCTGATAAAACCAGGTTTGCTTATGATGGACTAAAACGTCAAAGACTTACTGAACCAATGGTCAGAAACGAAAAAGGGCT	63160963	63172257	-11294	63176585	-15622	63159825	-12432	-16760
ENSMUST00000226342	CAAAAAATACGGTGAAACCAACCCATAGCTCACTATGACTGATGCAAATCTGATGCACGATGTTCCTTGCCTGAGTTGTCTTTCTTTTTCTTGCATGTCATGTATATTATTGTAATATTTCAATAGC	78559384	78624502	-65118	78627686	-68302	78559511	-64991	-68175
ENSMUST00000154230	ACATATTCCTGCATCTGCTGTCATCTCCGCCTCTACTGCCCACGTCCCCTCCATTGCAACTGTTCCCCCCAGCCTCACGACCTCTGCTCCTTTGATTCGACGTCAGCTCTCCCACGACCAAGAATCT	20871655	20853069	18586	20854934	16721	20871406	18337	16472
ENSMUST00000154230	ACATATTCCTGCATCTGCTGTCATCTCCGCCTCTACTGCCCACGTCCCCTCCATTGCAACTGTTCCCCCCAGCCTCACGACCTCTGCTCCTTTGATTCGACGTCAGCTCTCCCACGACCAAGAATCT	20871655	20853069	18586	20854934	16721	20871406	18337	16472
ENSMUST00000154230	ACATATTCCTGCATCTGCTGTCATCTCCGCCTCTACTGCCCACGTCCCCTCCATTGCAACTGTTCCCCCCAGCCTCACGACCTCTGCTCCTTTGATTCGACGTCAGCTCTCCCACGACCAAGAATCT	20871655	20853069	18586	20854934	16721	20871406	18337	16472
ENSMUST00000154230	ACATATTCCTGCATCTGCTGTCATCTCCGCCTCTACTGCCCACGTCCCCTCCATTGCAACTGTTCCCCCCAGCCTCACGACCTCTGCTCCTTTGATTCGACGTCAGCTCTCCCACGACCAAGAATCT	20871655	20853069	18586	20855353	16302	20871406	18337	16053
ENSMUST00000154230	ACATATTCCTGCATCTGCTGTCATCTCCGCCTCTACTGCCCACGTCCCCTCCATTGCAACTGTTCCCCCCAGCCTCACGACCTCTGCTCCTTTGATTCGACGTCAGCTCTCCCACGACCAAGAATCT	20871655	20855040	16615	20855580	16075	20871406	16366	15826
ENSMUST00000154230	ACATATTCCTGCATCTGCTGTCATCTCCGCCTCTACTGCCCACGTCCCCTCCATTGCAACTGTTCCCCCCAGCCTCACGACCTCTGCTCCTTTGATTCGACGTCAGCTCTCCCACGACCAAGAATCT	20871655	20860036	11619	20860970	10685	20871406	11370	10436
ENSMUST00000154230	ACATATTCCTGCATCTGCTGTCATCTCCGCCTCTACTGCCCACGTCCCCTCCATTGCAACTGTTCCCCCCAGCCTCACGACCTCTGCTCCTTTGATTCGACGTCAGCTCTCCCACGACCAAGAATCT	20871655	20881851	-10196	20887105	-15450	20871406	-10445	-15699
ENSMUST00000154230	ACATATTCCTGCATCTGCTGTCATCTCCGCCTCTACTGCCCACGTCCCCTCCATTGCAACTGTTCCCCCCAGCCTCACGACCTCTGCTCCTTTGATTCGACGTCAGCTCTCCCACGACCAAGAATCT	20871655	20889953	-18298	20912276	-40621	20871406	-18547	-40870
ENSMUST00000154230	ACATATTCCTGCATCTGCTGTCATCTCCGCCTCTACTGCCCACGTCCCCTCCATTGCAACTGTTCCCCCCAGCCTCACGACCTCTGCTCCTTTGATTCGACGTCAGCTCTCCCACGACCAAGAATCT	20871655	20892177	-20522	20914631	-42976	20871406	-20771	-43225
ENSMUST00000154230	ACATATTCCTGCATCTGCTGTCATCTCCGCCTCTACTGCCCACGTCCCCTCCATTGCAACTGTTCCCCCCAGCCTCACGACCTCTGCTCCTTTGATTCGACGTCAGCTCTCCCACGACCAAGAATCT	20871655	20892177	-20522	20967329	-95674	20871406	-20771	-95923
ENSMUST00000154230	ACATATTCCTGCATCTGCTGTCATCTCCGCCTCTACTGCCCACGTCCCCTCCATTGCAACTGTTCCCCCCAGCCTCACGACCTCTGCTCCTTTGATTCGACGTCAGCTCTCCCACGACCAAGAATCT	20871655	20853069	18586	20854934	16721	20871406	18337	16472
ENSMUST00000154230	ACATATTCCTGCATCTGCTGTCATCTCCGCCTCTACTGCCCACGTCCCCTCCATTGCAACTGTTCCCCCCAGCCTCACGACCTCTGCTCCTTTGATTCGACGTCAGCTCTCCCACGACCAAGAATCT	20871655	20853069	18586	20854934	16721	20871406	18337	16472
ENSMUST00000154230	ACATATTCCTGCATCTGCTGTCATCTCCGCCTCTACTGCCCACGTCCCCTCCATTGCAACTGTTCCCCCCAGCCTCACGACCTCTGCTCCTTTGATTCGACGTCAGCTCTCCCACGACCAAGAATCT	20871655	20853069	18586	20854934	16721	20871406	18337	16472
ENSMUST00000154230	ACATATTCCTGCATCTGCTGTCATCTCCGCCTCTACTGCCCACGTCCCCTCCATTGCAACTGTTCCCCCCAGCCTCACGACCTCTGCTCCTTTGATTCGACGTCAGCTCTCCCACGACCAAGAATCT	20871655	20853069	18586	20855353	16302	20871406	18337	16053
ENSMUST00000154230	ACATATTCCTGCATCTGCTGTCATCTCCGCCTCTACTGCCCACGTCCCCTCCATTGCAACTGTTCCCCCCAGCCTCACGACCTCTGCTCCTTTGATTCGACGTCAGCTCTCCCACGACCAAGAATCT	20871655	20855040	16615	20855580	16075	20871406	16366	15826
ENSMUST00000154230	ACATATTCCTGCATCTGCTGTCATCTCCGCCTCTACTGCCCACGTCCCCTCCATTGCAACTGTTCCCCCCAGCCTCACGACCTCTGCTCCTTTGATTCGACGTCAGCTCTCCCACGACCAAGAATCT	20871655	20860036	11619	20860970	10685	20871406	11370	10436
ENSMUST00000154230	ACATATTCCTGCATCTGCTGTCATCTCCGCCTCTACTGCCCACGTCCCCTCCATTGCAACTGTTCCCCCCAGCCTCACGACCTCTGCTCCTTTGATTCGACGTCAGCTCTCCCACGACCAAGAATCT	20871655	20881851	-10196	20887105	-15450	20871406	-10445	-15699
ENSMUST00000154230	ACATATTCCTGCATCTGCTGTCATCTCCGCCTCTACTGCCCACGTCCCCTCCATTGCAACTGTTCCCCCCAGCCTCACGACCTCTGCTCCTTTGATTCGACGTCAGCTCTCCCACGACCAAGAATCT	20871655	20889953	-18298	20912276	-40621	20871406	-18547	-40870
ENSMUST00000154230	ACATATTCCTGCATCTGCTGTCATCTCCGCCTCTACTGCCCACGTCCCCTCCATTGCAACTGTTCCCCCCAGCCTCACGACCTCTGCTCCTTTGATTCGACGTCAGCTCTCCCACGACCAAGAATCT	20871655	20892177	-20522	20914631	-42976	20871406	-20771	-43225
ENSMUST00000154230	ACATATTCCTGCATCTGCTGTCATCTCCGCCTCTACTGCCCACGTCCCCTCCATTGCAACTGTTCCCCCCAGCCTCACGACCTCTGCTCCTTTGATTCGACGTCAGCTCTCCCACGACCAAGAATCT	20871655	20892177	-20522	20967329	-95674	20871406	-20771	-95923
ENSMUST00000027863	GTTAAAAAAAGATACACAAACCTACTAGTCTTGAACAAACTGTCATACGTATGGGACCTACACTTAATCTCTATGCTTTACACTAGCTTCTGCATTTAATAGGTTAGAATGTAAATTTAAAGTGTAGC	164437415	164443350	-5935	164457760	-20345	164437543	-5807	-20217
ENSMUST00000109627	AAGGGAAATGTGGGACTCTTGACTGGCCATGGCAGAAACAAGGTCAGTCAAGGATGGACTGGCCTCTGGGGACCTAAGAGGGCACCCCCACCTTTTCTCCTTACTTTTCTGGTTGGTTCGGGTTTTCGGG	79827907	79828978	-1071	79833701	-5794	79828037	-941	-5664
ENSMUST00000109627	AAGGGAAATGTGGGACTCTTGACTGGCCATGGCAGAAACAAGGTCAGTCAAGGATGGACTGGCCTCTGGGGACCTAAGAGGGCACCCCCACCTTTTCTCCTTACTTTTCTGGTTGGTTCGGGTTTTCGGG	79827907	79828924	-1017	79833701	-5794	79828037	-887	-5664
ENSMUST00000109627	AAGGGAAATGTGGGACTCTTGACTGGCCATGGCAGAAACAAGGTCAGTCAAGGATGGACTGGCCTCTGGGGACCTAAGAGGGCACCCCCACCTTTTCTCCTTACTTTTCTGGTTGGTTCGGGTTTTCGGG	79827907	79828978	-1071	79833914	-6007	79828037	-941	-5877
ENSMUST00000109627	AAGGGAAATGTGGGACTCTTGACTGGCCATGGCAGAAACAAGGTCAGTCAAGGATGGACTGGCCTCTGGGGACCTAAGAGGGCACCCCCACCTTTTCTCCTTACTTTTCTGGTTGGTTCGGGTTTTCGGG	79827907	79828978	-1071	79834142	-6235	79828037	-941	-6105
ENSMUST00000109627	AAGGGAAATGTGGGACTCTTGACTGGCCATGGCAGAAACAAGGTCAGTCAAGGATGGACTGGCCTCTGGGGACCTAAGAGGGCACCCCCACCTTTTCTCCTTACTTTTCTGGTTGGTTCGGGTTTTCGGG	79827907	79828978	-1071	79834142	-6235	79828037	-941	-6105
ENSMUST00000109627	AAGGGAAATGTGGGACTCTTGACTGGCCATGGCAGAAACAAGGTCAGTCAAGGATGGACTGGCCTCTGGGGACCTAAGAGGGCACCCCCACCTTTTCTCCTTACTTTTCTGGTTGGTTCGGGTTTTCGGG	79827907	79833767	-5860	79834142	-6235	79828037	-5730	-6105
ENSMUST00000109627	AAGGGAAATGTGGGACTCTTGACTGGCCATGGCAGAAACAAGGTCAGTCAAGGATGGACTGGCCTCTGGGGACCTAAGAGGGCACCCCCACCTTTTCTCCTTACTTTTCTGGTTGGTTCGGGTTTTCGGG	79827907	79828978	-1071	79833701	-5794	79828037	-941	-5664
ENSMUST00000109627	AAGGGAAATGTGGGACTCTTGACTGGCCATGGCAGAAACAAGGTCAGTCAAGGATGGACTGGCCTCTGGGGACCTAAGAGGGCACCCCCACCTTTTCTCCTTACTTTTCTGGTTGGTTCGGGTTTTCGGG	79827907	79828924	-1017	79833701	-5794	79828037	-887	-5664
ENSMUST00000109627	AAGGGAAATGTGGGACTCTTGACTGGCCATGGCAGAAACAAGGTCAGTCAAGGATGGACTGGCCTCTGGGGACCTAAGAGGGCACCCCCACCTTTTCTCCTTACTTTTCTGGTTGGTTCGGGTTTTCGGG	79827907	79828978	-1071	79833914	-6007	79828037	-941	-5877
ENSMUST00000109627	AAGGGAAATGTGGGACTCTTGACTGGCCATGGCAGAAACAAGGTCAGTCAAGGATGGACTGGCCTCTGGGGACCTAAGAGGGCACCCCCACCTTTTCTCCTTACTTTTCTGGTTGGTTCGGGTTTTCGGG	79827907	79828978	-1071	79834142	-6235	79828037	-941	-6105
ENSMUST00000109627	AAGGGAAATGTGGGACTCTTGACTGGCCATGGCAGAAACAAGGTCAGTCAAGGATGGACTGGCCTCTGGGGACCTAAGAGGGCACCCCCACCTTTTCTCCTTACTTTTCTGGTTGGTTCGGGTTTTCGGG	79827907	79828978	-1071	79834142	-6235	79828037	-941	-6105
ENSMUST00000109627	AAGGGAAATGTGGGACTCTTGACTGGCCATGGCAGAAACAAGGTCAGTCAAGGATGGACTGGCCTCTGGGGACCTAAGAGGGCACCCCCACCTTTTCTCCTTACTTTTCTGGTTGGTTCGGGTTTTCGGG	79827907	79833767	-5860	79834142	-6235	79828037	-5730	-6105
ENSMUST00000135665	AGCCTGAGCATCAGTGAGGTTCTGCAGCTGCTACATAAACTCAACGTGAACCTGCCCCGGCAGAGGGTGAAACAGATGTTCAGGGAGGCGGACACAGATGACCATCAGGGGACATTAGGCTTTGAGGAATT	155006651	154984965	21686	154986214	20437	155002806	17841	16592
ENSMUST00000135665	AGCCTGAGCATCAGTGAGGTTCTGCAGCTGCTACATAAACTCAACGTGAACCTGCCCCGGCAGAGGGTGAAACAGATGTTCAGGGAGGCGGACACAGATGACCATCAGGGGACATTAGGCTTTGAGGAATT	155006651	154984965	21686	154986718	19933	155002806	17841	16088
ENSMUST00000135665	AGCCTGAGCATCAGTGAGGTTCTGCAGCTGCTACATAAACTCAACGTGAACCTGCCCCGGCAGAGGGTGAAACAGATGTTCAGGGAGGCGGACACAGATGACCATCAGGGGACATTAGGCTTTGAGGAATT	155006651	154991197	15454	154992532	14119	155002806	11609	10274
ENSMUST00000135665	AGCCTGAGCATCAGTGAGGTTCTGCAGCTGCTACATAAACTCAACGTGAACCTGCCCCGGCAGAGGGTGAAACAGATGTTCAGGGAGGCGGACACAGATGACCATCAGGGGACATTAGGCTTTGAGGAATT	155006651	155009137	-2486	155019199	-12548	155002806	-6331	-16393
ENSMUST00000055647	TGGAGTTTTCTCTCCTAAAAAGACCCCACATCTTGTTAACCTCAATGAAGACCCATTAATGTCGGAGTGTTTGCTCTATTACATCAAGGATGGAATTACAAGGGTTGGCCAGGCAGATGCTGAGCGGCGCC	149251809	149181602	70207	149182267	69542	149247273	65671	65006
ENSMUST00000055647	TGGAGTTTTCTCTCCTAAAAAGACCCCACATCTTGTTAACCTCAATGAAGACCCATTAATGTCGGAGTGTTTGCTCTATTACATCAAGGATGGAATTACAAGGGTTGGCCAGGCAGATGCTGAGCGGCGCC	149251809	149184430	67379	149187590	64219	149247273	62843	59683
ENSMUST00000055647	TGGAGTTTTCTCTCCTAAAAAGACCCCACATCTTGTTAACCTCAATGAAGACCCATTAATGTCGGAGTGTTTGCTCTATTACATCAAGGATGGAATTACAAGGGTTGGCCAGGCAGATGCTGAGCGGCGCC	149251809	149192687	59122	149198431	53378	149247273	54586	48842
ENSMUST00000055647	TGGAGTTTTCTCTCCTAAAAAGACCCCACATCTTGTTAACCTCAATGAAGACCCATTAATGTCGGAGTGTTTGCTCTATTACATCAAGGATGGAATTACAAGGGTTGGCCAGGCAGATGCTGAGCGGCGCC	149251809	149192687	59122	149199257	52552	149247273	54586	48016
ENSMUST00000055647	TGGAGTTTTCTCTCCTAAAAAGACCCCACATCTTGTTAACCTCAATGAAGACCCATTAATGTCGGAGTGTTTGCTCTATTACATCAAGGATGGAATTACAAGGGTTGGCCAGGCAGATGCTGAGCGGCGCC	149251809	149213752	38057	149214906	36903	149247273	33521	32367
ENSMUST00000055647	TGGAGTTTTCTCTCCTAAAAAGACCCCACATCTTGTTAACCTCAATGAAGACCCATTAATGTCGGAGTGTTTGCTCTATTACATCAAGGATGGAATTACAAGGGTTGGCCAGGCAGATGCTGAGCGGCGCC	149251809	149215025	36784	149222226	29583	149247273	32248	25047
ENSMUST00000055647	TGGAGTTTTCTCTCCTAAAAAGACCCCACATCTTGTTAACCTCAATGAAGACCCATTAATGTCGGAGTGTTTGCTCTATTACATCAAGGATGGAATTACAAGGGTTGGCCAGGCAGATGCTGAGCGGCGCC	149251809	149253751	-1942	149262135	-10326	149247273	-6478	-14862
ENSMUST00000055647	TGGAGTTTTCTCTCCTAAAAAGACCCCACATCTTGTTAACCTCAATGAAGACCCATTAATGTCGGAGTGTTTGCTCTATTACATCAAGGATGGAATTACAAGGGTTGGCCAGGCAGATGCTGAGCGGCGCC	149251809	149253751	-1942	149262135	-10326	149247273	-6478	-14862
ENSMUST00000055647	TGGAGTTTTCTCTCCTAAAAAGACCCCACATCTTGTTAACCTCAATGAAGACCCATTAATGTCGGAGTGTTTGCTCTATTACATCAAGGATGGAATTACAAGGGTTGGCCAGGCAGATGCTGAGCGGCGCC	149251809	149258003	-6194	149262135	-10326	149247273	-10730	-14862
ENSMUST00000055647	TGGAGTTTTCTCTCCTAAAAAGACCCCACATCTTGTTAACCTCAATGAAGACCCATTAATGTCGGAGTGTTTGCTCTATTACATCAAGGATGGAATTACAAGGGTTGGCCAGGCAGATGCTGAGCGGCGCC	149251809	149258081	-6272	149262135	-10326	149247273	-10808	-14862
ENSMUST00000055647	TGGAGTTTTCTCTCCTAAAAAGACCCCACATCTTGTTAACCTCAATGAAGACCCATTAATGTCGGAGTGTTTGCTCTATTACATCAAGGATGGAATTACAAGGGTTGGCCAGGCAGATGCTGAGCGGCGCC	149251809	149263690	-11881	149266251	-14442	149247273	-16417	-18978
ENSMUST00000055647	TGGAGTTTTCTCTCCTAAAAAGACCCCACATCTTGTTAACCTCAATGAAGACCCATTAATGTCGGAGTGTTTGCTCTATTACATCAAGGATGGAATTACAAGGGTTGGCCAGGCAGATGCTGAGCGGCGCC	149251809	149267283	-15474	149270716	-18907	149247273	-20010	-23443
ENSMUST00000055647	TGGAGTTTTCTCTCCTAAAAAGACCCCACATCTTGTTAACCTCAATGAAGACCCATTAATGTCGGAGTGTTTGCTCTATTACATCAAGGATGGAATTACAAGGGTTGGCCAGGCAGATGCTGAGCGGCGCC	149251809	149275095	-23286	149291301	-39492	149247273	-27822	-44028
ENSMUST00000234480	ACCTTCTTCTCCGAAAACGGGCTCCGTGAACACATGCAGACCCACTTAGGCCCGGTCAAACACTACATGTGCCCTATCTGTGGAGAGCGCTTCCCTTCCCTGTTAACTCTCACAGAGCACAAAGTCACACACA	13844282	13817322	26960	13938961	-94679	13844415	27093	-94546
ENSMUST00000234480	ACCTTCTTCTCCGAAAACGGGCTCCGTGAACACATGCAGACCCACTTAGGCCCGGTCAAACACTACATGTGCCCTATCTGTGGAGAGCGCTTCCCTTCCCTGTTAACTCTCACAGAGCACAAAGTCACACACA	13844282	13847134	-2852	13971363	-127081	13844415	-2719	-126948
ENSMUST00000234480	ACCTTCTTCTCCGAAAACGGGCTCCGTGAACACATGCAGACCCACTTAGGCCCGGTCAAACACTACATGTGCCCTATCTGTGGAGAGCGCTTCCCTTCCCTGTTAACTCTCACAGAGCACAAAGTCACACACA	13844282	13939141	-94859	13972500	-128218	13844415	-94726	-128085
ENSMUST00000239301	GTATATAGGAGTACTGTACTTTTGTATTAAAATGGAGAATTGTGAAGACAGGAAGAGGTAGCACTTGGAAATGACTCTCCTGGATGAGTAGATCACTTAGGAGTCGTCGGCATTACAGAACGATATGCTGGTT	110216704	109718366	498338	109719956	496748	110216837	498471	496881
ENSMUST00000239301	GTATATAGGAGTACTGTACTTTTGTATTAAAATGGAGAATTGTGAAGACAGGAAGAGGTAGCACTTGGAAATGACTCTCCTGGATGAGTAGATCACTTAGGAGTCGTCGGCATTACAGAACGATATGCTGGTT	110216704	109759049	457655	109764517	452187	110216837	457788	452320
ENSMUST00000239301	GTATATAGGAGTACTGTACTTTTGTATTAAAATGGAGAATTGTGAAGACAGGAAGAGGTAGCACTTGGAAATGACTCTCCTGGATGAGTAGATCACTTAGGAGTCGTCGGCATTACAGAACGATATGCTGGTT	110216704	109759049	457655	109766928	449776	110216837	457788	449909
ENSMUST00000239301	GTATATAGGAGTACTGTACTTTTGTATTAAAATGGAGAATTGTGAAGACAGGAAGAGGTAGCACTTGGAAATGACTCTCCTGGATGAGTAGATCACTTAGGAGTCGTCGGCATTACAGAACGATATGCTGGTT	110216704	109760528	456176	109766928	449776	110216837	456309	449909
ENSMUST00000239301	GTATATAGGAGTACTGTACTTTTGTATTAAAATGGAGAATTGTGAAGACAGGAAGAGGTAGCACTTGGAAATGACTCTCCTGGATGAGTAGATCACTTAGGAGTCGTCGGCATTACAGAACGATATGCTGGTT	110216704	109769438	447266	109816253	400451	110216837	447399	400584
ENSMUST00000239301	GTATATAGGAGTACTGTACTTTTGTATTAAAATGGAGAATTGTGAAGACAGGAAGAGGTAGCACTTGGAAATGACTCTCCTGGATGAGTAGATCACTTAGGAGTCGTCGGCATTACAGAACGATATGCTGGTT	110216704	109863891	352813	109880534	336170	110216837	352946	336303
ENSMUST00000239301	GTATATAGGAGTACTGTACTTTTGTATTAAAATGGAGAATTGTGAAGACAGGAAGAGGTAGCACTTGGAAATGACTCTCCTGGATGAGTAGATCACTTAGGAGTCGTCGGCATTACAGAACGATATGCTGGTT	110216704	109863891	352813	110216701	3	110216837	352946	136
ENSMUST00000239301	GTATATAGGAGTACTGTACTTTTGTATTAAAATGGAGAATTGTGAAGACAGGAAGAGGTAGCACTTGGAAATGACTCTCCTGGATGAGTAGATCACTTAGGAGTCGTCGGCATTACAGAACGATATGCTGGTT	110216704	109883686	333018	109903745	312959	110216837	333151	313092
ENSMUST00000239301	GTATATAGGAGTACTGTACTTTTGTATTAAAATGGAGAATTGTGAAGACAGGAAGAGGTAGCACTTGGAAATGACTCTCCTGGATGAGTAGATCACTTAGGAGTCGTCGGCATTACAGAACGATATGCTGGTT	110216704	109883686	333018	110216701	3	110216837	333151	136
ENSMUST00000239301	GTATATAGGAGTACTGTACTTTTGTATTAAAATGGAGAATTGTGAAGACAGGAAGAGGTAGCACTTGGAAATGACTCTCCTGGATGAGTAGATCACTTAGGAGTCGTCGGCATTACAGAACGATATGCTGGTT	110216704	109903114	313590	110216701	3	110216837	313723	136
ENSMUST00000239301	GTATATAGGAGTACTGTACTTTTGTATTAAAATGGAGAATTGTGAAGACAGGAAGAGGTAGCACTTGGAAATGACTCTCCTGGATGAGTAGATCACTTAGGAGTCGTCGGCATTACAGAACGATATGCTGGTT	110216704	110217110	-406	110455649	-238945	110216837	-273	-238812
ENSMUST00000024932	TTTAGAGCGCAGCGCCTGACTGGCGGGGTCGCCTTCCCATCCGCTGCCTCGACGATCTTCGCTTGCCTCCTCGCTCGCTGTCCCGTTGTCCTAGCTCGCCGCCGCCCGCTGAGCTTGTCTTTTCCCTGCTTGCA	24169246	24164882	4364	24169602	-356	24169380	4498	-222
ENSMUST00000092971	CAGTTCTGCTTCCTCCTGTCCACCCGAGCTGGTGGCCTGGGCATCAACTTGGCCACTGCTGACACTGTCATCATCTTCGATTCTGACTGGAACCCCCATAATGACATCCAGGCCTTCAGCAGAGCCCATCGGAT	69354097	69348521	5576	69348920	5177	69353709	5188	4789
ENSMUST00000092971	CAGTTCTGCTTCCTCCTGTCCACCCGAGCTGGTGGCCTGGGCATCAACTTGGCCACTGCTGACACTGTCATCATCTTCGATTCTGACTGGAACCCCCATAATGACATCCAGGCCTTCAGCAGAGCCCATCGGAT	69354097	69349056	5041	69349789	4308	69353709	4653	3920
ENSMUST00000092971	CAGTTCTGCTTCCTCCTGTCCACCCGAGCTGGTGGCCTGGGCATCAACTTGGCCACTGCTGACACTGTCATCATCTTCGATTCTGACTGGAACCCCCATAATGACATCCAGGCCTTCAGCAGAGCCCATCGGAT	69354097	69351169	2928	69352546	1551	69353709	2540	1163
ENSMUST00000092971	CAGTTCTGCTTCCTCCTGTCCACCCGAGCTGGTGGCCTGGGCATCAACTTGGCCACTGCTGACACTGTCATCATCTTCGATTCTGACTGGAACCCCCATAATGACATCCAGGCCTTCAGCAGAGCCCATCGGAT	69354097	69355772	-1675	69356535	-2438	69353709	-2063	-2826
ENSMUST00000074352	ATCTGGTACAGTGGGGATGACCTGAAAGAGAAGAGGCAGTGCTGTGCCACAGCTGCCCCCTTGGAGCCCTGCTCATGGCCAGTGAGAAGCTGTTGGCTGCAGCTCCTATCCCCACACTGTAATACTCAGCTCTA	12755561	12756307	-746	12758766	-3205	12755695	-612	-3071
ENSMUST00000074352	ATCTGGTACAGTGGGGATGACCTGAAAGAGAAGAGGCAGTGCTGTGCCACAGCTGCCCCCTTGGAGCCCTGCTCATGGCCAGTGAGAAGCTGTTGGCTGCAGCTCCTATCCCCACACTGTAATACTCAGCTCTA	12755561	12771433	-15872	12819504	-63943	12755695	-15738	-63809
ENSMUST00000074352	ATCTGGTACAGTGGGGATGACCTGAAAGAGAAGAGGCAGTGCTGTGCCACAGCTGCCCCCTTGGAGCCCTGCTCATGGCCAGTGAGAAGCTGTTGGCTGCAGCTCCTATCCCCACACTGTAATACTCAGCTCTA	12755561	12788395	-32834	12841183	-85622	12755695	-32700	-85488
ENSMUST00000074352	ATCTGGTACAGTGGGGATGACCTGAAAGAGAAGAGGCAGTGCTGTGCCACAGCTGCCCCCTTGGAGCCCTGCTCATGGCCAGTGAGAAGCTGTTGGCTGCAGCTCCTATCCCCACACTGTAATACTCAGCTCTA	12755561	12788395	-32834	12862106	-106545	12755695	-32700	-106411
ENSMUST00000074352	ATCTGGTACAGTGGGGATGACCTGAAAGAGAAGAGGCAGTGCTGTGCCACAGCTGCCCCCTTGGAGCCCTGCTCATGGCCAGTGAGAAGCTGTTGGCTGCAGCTCCTATCCCCACACTGTAATACTCAGCTCTA	12755561	12788395	-32834	12871077	-115516	12755695	-32700	-115382
ENSMUST00000074352	ATCTGGTACAGTGGGGATGACCTGAAAGAGAAGAGGCAGTGCTGTGCCACAGCTGCCCCCTTGGAGCCCTGCTCATGGCCAGTGAGAAGCTGTTGGCTGCAGCTCCTATCCCCACACTGTAATACTCAGCTCTA	12755561	12788395	-32834	12862106	-106545	12755695	-32700	-106411
ENSMUST00000074352	ATCTGGTACAGTGGGGATGACCTGAAAGAGAAGAGGCAGTGCTGTGCCACAGCTGCCCCCTTGGAGCCCTGCTCATGGCCAGTGAGAAGCTGTTGGCTGCAGCTCCTATCCCCACACTGTAATACTCAGCTCTA	12755561	12788395	-32834	12871077	-115516	12755695	-32700	-115382
ENSMUST00000074352	ATCTGGTACAGTGGGGATGACCTGAAAGAGAAGAGGCAGTGCTGTGCCACAGCTGCCCCCTTGGAGCCCTGCTCATGGCCAGTGAGAAGCTGTTGGCTGCAGCTCCTATCCCCACACTGTAATACTCAGCTCTA	12755561	12819661	-64100	12859984	-104423	12755695	-63966	-104289
ENSMUST00000074352	ATCTGGTACAGTGGGGATGACCTGAAAGAGAAGAGGCAGTGCTGTGCCACAGCTGCCCCCTTGGAGCCCTGCTCATGGCCAGTGAGAAGCTGTTGGCTGCAGCTCCTATCCCCACACTGTAATACTCAGCTCTA	12755561	12819661	-64100	12862106	-106545	12755695	-63966	-106411
ENSMUST00000074352	ATCTGGTACAGTGGGGATGACCTGAAAGAGAAGAGGCAGTGCTGTGCCACAGCTGCCCCCTTGGAGCCCTGCTCATGGCCAGTGAGAAGCTGTTGGCTGCAGCTCCTATCCCCACACTGTAATACTCAGCTCTA	12755561	12819661	-64100	12871077	-115516	12755695	-63966	-115382
ENSMUST00000074352	ATCTGGTACAGTGGGGATGACCTGAAAGAGAAGAGGCAGTGCTGTGCCACAGCTGCCCCCTTGGAGCCCTGCTCATGGCCAGTGAGAAGCTGTTGGCTGCAGCTCCTATCCCCACACTGTAATACTCAGCTCTA	12755561	12841346	-85785	12882195	-126634	12755695	-85651	-126500
ENSMUST00000074352	ATCTGGTACAGTGGGGATGACCTGAAAGAGAAGAGGCAGTGCTGTGCCACAGCTGCCCCCTTGGAGCCCTGCTCATGGCCAGTGAGAAGCTGTTGGCTGCAGCTCCTATCCCCACACTGTAATACTCAGCTCTA	12755561	12841346	-85785	12898202	-142641	12755695	-85651	-142507
ENSMUST00000074352	ATCTGGTACAGTGGGGATGACCTGAAAGAGAAGAGGCAGTGCTGTGCCACAGCTGCCCCCTTGGAGCCCTGCTCATGGCCAGTGAGAAGCTGTTGGCTGCAGCTCCTATCCCCACACTGTAATACTCAGCTCTA	12755561	12841346	-85785	12892166	-136605	12755695	-85651	-136471
ENSMUST00000074352	ATCTGGTACAGTGGGGATGACCTGAAAGAGAAGAGGCAGTGCTGTGCCACAGCTGCCCCCTTGGAGCCCTGCTCATGGCCAGTGAGAAGCTGTTGGCTGCAGCTCCTATCCCCACACTGTAATACTCAGCTCTA	12755561	12841346	-85785	12898202	-142641	12755695	-85651	-142507
ENSMUST00000074352	ATCTGGTACAGTGGGGATGACCTGAAAGAGAAGAGGCAGTGCTGTGCCACAGCTGCCCCCTTGGAGCCCTGCTCATGGCCAGTGAGAAGCTGTTGGCTGCAGCTCCTATCCCCACACTGTAATACTCAGCTCTA	12755561	12871184	-115623	12898202	-142641	12755695	-115489	-142507
ENSMUST00000074352	ATCTGGTACAGTGGGGATGACCTGAAAGAGAAGAGGCAGTGCTGTGCCACAGCTGCCCCCTTGGAGCCCTGCTCATGGCCAGTGAGAAGCTGTTGGCTGCAGCTCCTATCCCCACACTGTAATACTCAGCTCTA	12755561	12841346	-85785	12898202	-142641	12755695	-85651	-142507
ENSMUST00000074352	ATCTGGTACAGTGGGGATGACCTGAAAGAGAAGAGGCAGTGCTGTGCCACAGCTGCCCCCTTGGAGCCCTGCTCATGGCCAGTGAGAAGCTGTTGGCTGCAGCTCCTATCCCCACACTGTAATACTCAGCTCTA	12755561	12882277	-126716	12898202	-142641	12755695	-126582	-142507
ENSMUST00000074352	ATCTGGTACAGTGGGGATGACCTGAAAGAGAAGAGGCAGTGCTGTGCCACAGCTGCCCCCTTGGAGCCCTGCTCATGGCCAGTGAGAAGCTGTTGGCTGCAGCTCCTATCCCCACACTGTAATACTCAGCTCTA	12755561	12933702	-178141	12941631	-186070	12755695	-178007	-185936
ENSMUST00000107505	AAGGTGAACGTCTACTACGGCAGAAAACGCATTGCCAAGAAGAAAACCCATGTAAAGAAGTGCACTTTGAACCCCGTCTTCAATGAGTCGTTCATCTATGACATCCCCACCGACCTTCTGCCTGATATCAGCATC	88744715	88748010	-3295	88761725	-17010	88744850	-3160	-16875
ENSMUST00000107505	AAGGTGAACGTCTACTACGGCAGAAAACGCATTGCCAAGAAGAAAACCCATGTAAAGAAGTGCACTTTGAACCCCGTCTTCAATGAGTCGTTCATCTATGACATCCCCACCGACCTTCTGCCTGATATCAGCATC	88744715	88748010	-3295	88761725	-17010	88744850	-3160	-16875
ENSMUST00000107505	AAGGTGAACGTCTACTACGGCAGAAAACGCATTGCCAAGAAGAAAACCCATGTAAAGAAGTGCACTTTGAACCCCGTCTTCAATGAGTCGTTCATCTATGACATCCCCACCGACCTTCTGCCTGATATCAGCATC	88744715	88748902	-4187	88772290	-27575	88744850	-4052	-27440
ENSMUST00000031411	TTACGCTGGCTGGGCTGACAAGTACCATGGGAAAACCATTCCCATCGACGGCGACTTCTTCAGCTATACCCGCCATGAGCCTGTGGGCGTGTGTGGACAGATCATTCCGTGGAACTTCCCGCTCCTGATGCAAGC	121576464	121576568	-104	121579603	-3139	121575927	-641	-3676
ENSMUST00000111760	CTGTGAAATTCATAGTCAGAAAATTTCCTGCTGTAGAAACGCGCAACAACAATCAACAGCTGGCACAGCTACAGAAAGAAAAATCAGAGATTCTGAAAAATCTGGCGTTGTATTACTTTACATTTGTAGATGTTAT	80570179	80501411	68768	80506172	64007	80554784	53373	48612
ENSMUST00000111760	CTGTGAAATTCATAGTCAGAAAATTTCCTGCTGTAGAAACGCGCAACAACAATCAACAGCTGGCACAGCTACAGAAAGAAAAATCAGAGATTCTGAAAAATCTGGCGTTGTATTACTTTACATTTGTAGATGTTAT	80570179	80502314	67865	80506820	63359	80554784	52470	47964
ENSMUST00000111760	CTGTGAAATTCATAGTCAGAAAATTTCCTGCTGTAGAAACGCGCAACAACAATCAACAGCTGGCACAGCTACAGAAAGAAAAATCAGAGATTCTGAAAAATCTGGCGTTGTATTACTTTACATTTGTAGATGTTAT	80570179	80506282	63897	80508711	61468	80554784	48502	46073
ENSMUST00000111760	CTGTGAAATTCATAGTCAGAAAATTTCCTGCTGTAGAAACGCGCAACAACAATCAACAGCTGGCACAGCTACAGAAAGAAAAATCAGAGATTCTGAAAAATCTGGCGTTGTATTACTTTACATTTGTAGATGTTAT	80570179	80513196	56983	80519558	50621	80554784	41588	35226
ENSMUST00000111760	CTGTGAAATTCATAGTCAGAAAATTTCCTGCTGTAGAAACGCGCAACAACAATCAACAGCTGGCACAGCTACAGAAAGAAAAATCAGAGATTCTGAAAAATCTGGCGTTGTATTACTTTACATTTGTAGATGTTAT	80570179	80523507	46672	80525558	44621	80554784	31277	29226
ENSMUST00000111760	CTGTGAAATTCATAGTCAGAAAATTTCCTGCTGTAGAAACGCGCAACAACAATCAACAGCTGGCACAGCTACAGAAAGAAAAATCAGAGATTCTGAAAAATCTGGCGTTGTATTACTTTACATTTGTAGATGTTAT	80570179	80523507	46672	80530157	40022	80554784	31277	24627
ENSMUST00000111760	CTGTGAAATTCATAGTCAGAAAATTTCCTGCTGTAGAAACGCGCAACAACAATCAACAGCTGGCACAGCTACAGAAAGAAAAATCAGAGATTCTGAAAAATCTGGCGTTGTATTACTTTACATTTGTAGATGTTAT	80570179	80524677	45502	80528534	41645	80554784	30107	26250
ENSMUST00000111760	CTGTGAAATTCATAGTCAGAAAATTTCCTGCTGTAGAAACGCGCAACAACAATCAACAGCTGGCACAGCTACAGAAAGAAAAATCAGAGATTCTGAAAAATCTGGCGTTGTATTACTTTACATTTGTAGATGTTAT	80570179	80525678	44501	80530157	40022	80554784	29106	24627
ENSMUST00000111760	CTGTGAAATTCATAGTCAGAAAATTTCCTGCTGTAGAAACGCGCAACAACAATCAACAGCTGGCACAGCTACAGAAAGAAAAATCAGAGATTCTGAAAAATCTGGCGTTGTATTACTTTACATTTGTAGATGTTAT	80570179	80525678	44501	80533644	36535	80554784	29106	21140
ENSMUST00000111760	CTGTGAAATTCATAGTCAGAAAATTTCCTGCTGTAGAAACGCGCAACAACAATCAACAGCTGGCACAGCTACAGAAAGAAAAATCAGAGATTCTGAAAAATCTGGCGTTGTATTACTTTACATTTGTAGATGTTAT	80570179	80540225	29954	80541462	28717	80554784	14559	13322
ENSMUST00000111760	CTGTGAAATTCATAGTCAGAAAATTTCCTGCTGTAGAAACGCGCAACAACAATCAACAGCTGGCACAGCTACAGAAAGAAAAATCAGAGATTCTGAAAAATCTGGCGTTGTATTACTTTACATTTGTAGATGTTAT	80570179	80540606	29573	80544989	25190	80554784	14178	9795
ENSMUST00000111760	CTGTGAAATTCATAGTCAGAAAATTTCCTGCTGTAGAAACGCGCAACAACAATCAACAGCTGGCACAGCTACAGAAAGAAAAATCAGAGATTCTGAAAAATCTGGCGTTGTATTACTTTACATTTGTAGATGTTAT	80570179	80541519	28660	80548829	21350	80554784	13265	5955
ENSMUST00000111760	CTGTGAAATTCATAGTCAGAAAATTTCCTGCTGTAGAAACGCGCAACAACAATCAACAGCTGGCACAGCTACAGAAAGAAAAATCAGAGATTCTGAAAAATCTGGCGTTGTATTACTTTACATTTGTAGATGTTAT	80570179	80545146	25033	80548829	21350	80554784	9638	5955
ENSMUST00000111760	CTGTGAAATTCATAGTCAGAAAATTTCCTGCTGTAGAAACGCGCAACAACAATCAACAGCTGGCACAGCTACAGAAAGAAAAATCAGAGATTCTGAAAAATCTGGCGTTGTATTACTTTACATTTGTAGATGTTAT	80570179	80541519	28660	80553136	17043	80554784	13265	1648
ENSMUST00000111760	CTGTGAAATTCATAGTCAGAAAATTTCCTGCTGTAGAAACGCGCAACAACAATCAACAGCTGGCACAGCTACAGAAAGAAAAATCAGAGATTCTGAAAAATCTGGCGTTGTATTACTTTACATTTGTAGATGTTAT	80570179	80547949	22230	80553136	17043	80554784	6835	1648
ENSMUST00000111760	CTGTGAAATTCATAGTCAGAAAATTTCCTGCTGTAGAAACGCGCAACAACAATCAACAGCTGGCACAGCTACAGAAAGAAAAATCAGAGATTCTGAAAAATCTGGCGTTGTATTACTTTACATTTGTAGATGTTAT	80570179	80548967	21212	80553306	16873	80554784	5817	1478
ENSMUST00000111760	CTGTGAAATTCATAGTCAGAAAATTTCCTGCTGTAGAAACGCGCAACAACAATCAACAGCTGGCACAGCTACAGAAAGAAAAATCAGAGATTCTGAAAAATCTGGCGTTGTATTACTTTACATTTGTAGATGTTAT	80570179	80554790	15389	80580857	-10678	80554784	-6	-26073
ENSMUST00000111760	CTGTGAAATTCATAGTCAGAAAATTTCCTGCTGTAGAAACGCGCAACAACAATCAACAGCTGGCACAGCTACAGAAAGAAAAATCAGAGATTCTGAAAAATCTGGCGTTGTATTACTTTACATTTGTAGATGTTAT	80570179	80570229	-50	80580857	-10678	80554784	-15445	-26073
ENSMUST00000075845	GTTATGGACGCAACATTAATGAGAAGCAGATCAGTCAAGTTCTGAAAGGACTCCTGGACTCCAAGCGCAACTTAAACCTGGTTAGCTCCACTGCAAGTATCAAAGATTTGGCTGATGTGGACCTTCGAATTGTCATG	16563871	16498689	65182	16561457	2414	16564008	65319	2551
ENSMUST00000075845	GTTATGGACGCAACATTAATGAGAAGCAGATCAGTCAAGTTCTGAAAGGACTCCTGGACTCCAAGCGCAACTTAAACCTGGTTAGCTCCACTGCAAGTATCAAAGATTTGGCTGATGTGGACCTTCGAATTGTCATG	16563871	16498689	65182	16614471	-50600	16564008	65319	-50463
ENSMUST00000075845	GTTATGGACGCAACATTAATGAGAAGCAGATCAGTCAAGTTCTGAAAGGACTCCTGGACTCCAAGCGCAACTTAAACCTGGTTAGCTCCACTGCAAGTATCAAAGATTTGGCTGATGTGGACCTTCGAATTGTCATG	16563871	16512485	51386	16561457	2414	16564008	51523	2551
ENSMUST00000075845	GTTATGGACGCAACATTAATGAGAAGCAGATCAGTCAAGTTCTGAAAGGACTCCTGGACTCCAAGCGCAACTTAAACCTGGTTAGCTCCACTGCAAGTATCAAAGATTTGGCTGATGTGGACCTTCGAATTGTCATG	16563871	16498689	65182	16614471	-50600	16564008	65319	-50463
ENSMUST00000075845	GTTATGGACGCAACATTAATGAGAAGCAGATCAGTCAAGTTCTGAAAGGACTCCTGGACTCCAAGCGCAACTTAAACCTGGTTAGCTCCACTGCAAGTATCAAAGATTTGGCTGATGTGGACCTTCGAATTGTCATG	16563871	16549207	14664	16614471	-50600	16564008	14801	-50463
ENSMUST00000075845	GTTATGGACGCAACATTAATGAGAAGCAGATCAGTCAAGTTCTGAAAGGACTCCTGGACTCCAAGCGCAACTTAAACCTGGTTAGCTCCACTGCAAGTATCAAAGATTTGGCTGATGTGGACCTTCGAATTGTCATG	16563871	16498689	65182	16561457	2414	16564008	65319	2551
ENSMUST00000075845	GTTATGGACGCAACATTAATGAGAAGCAGATCAGTCAAGTTCTGAAAGGACTCCTGGACTCCAAGCGCAACTTAAACCTGGTTAGCTCCACTGCAAGTATCAAAGATTTGGCTGATGTGGACCTTCGAATTGTCATG	16563871	16498689	65182	16614471	-50600	16564008	65319	-50463
ENSMUST00000075845	GTTATGGACGCAACATTAATGAGAAGCAGATCAGTCAAGTTCTGAAAGGACTCCTGGACTCCAAGCGCAACTTAAACCTGGTTAGCTCCACTGCAAGTATCAAAGATTTGGCTGATGTGGACCTTCGAATTGTCATG	16563871	16512485	51386	16561457	2414	16564008	51523	2551
ENSMUST00000075845	GTTATGGACGCAACATTAATGAGAAGCAGATCAGTCAAGTTCTGAAAGGACTCCTGGACTCCAAGCGCAACTTAAACCTGGTTAGCTCCACTGCAAGTATCAAAGATTTGGCTGATGTGGACCTTCGAATTGTCATG	16563871	16498689	65182	16614471	-50600	16564008	65319	-50463
ENSMUST00000075845	GTTATGGACGCAACATTAATGAGAAGCAGATCAGTCAAGTTCTGAAAGGACTCCTGGACTCCAAGCGCAACTTAAACCTGGTTAGCTCCACTGCAAGTATCAAAGATTTGGCTGATGTGGACCTTCGAATTGTCATG	16563871	16549207	14664	16614471	-50600	16564008	14801	-50463
ENSMUST00000162415	AAGGACAGCTTAATGCAGATGAGATTAGTTTGAGGCCTGCTCAGTCGTTTCTAATGAATAAAAATCAGGTGCCAAAGCTTCAGCCCCAGATAACTATGATTCCTCCCAGTGCACAGCCACCACGCACTCAAACACCGC	111076384	111073950	2434	111074339	2045	111075341	1391	1002
ENSMUST00000162415	AAGGACAGCTTAATGCAGATGAGATTAGTTTGAGGCCTGCTCAGTCGTTTCTAATGAATAAAAATCAGGTGCCAAAGCTTCAGCCCCAGATAACTATGATTCCTCCCAGTGCACAGCCACCACGCACTCAAACACCGC	111076384	111075441	943	111076695	-311	111075341	-100	-1354
ENSMUST00000162415	AAGGACAGCTTAATGCAGATGAGATTAGTTTGAGGCCTGCTCAGTCGTTTCTAATGAATAAAAATCAGGTGCCAAAGCTTCAGCCCCAGATAACTATGATTCCTCCCAGTGCACAGCCACCACGCACTCAAACACCGC	111076384	111075712	672	111076695	-311	111075341	-371	-1354
ENSMUST00000162415	AAGGACAGCTTAATGCAGATGAGATTAGTTTGAGGCCTGCTCAGTCGTTTCTAATGAATAAAAATCAGGTGCCAAAGCTTCAGCCCCAGATAACTATGATTCCTCCCAGTGCACAGCCACCACGCACTCAAACACCGC	111076384	111075712	672	111076937	-553	111075341	-371	-1596
ENSMUST00000162415	AAGGACAGCTTAATGCAGATGAGATTAGTTTGAGGCCTGCTCAGTCGTTTCTAATGAATAAAAATCAGGTGCCAAAGCTTCAGCCCCAGATAACTATGATTCCTCCCAGTGCACAGCCACCACGCACTCAAACACCGC	111076384	111077323	-939	111077636	-1252	111075341	-1982	-2295
ENSMUST00000162415	AAGGACAGCTTAATGCAGATGAGATTAGTTTGAGGCCTGCTCAGTCGTTTCTAATGAATAAAAATCAGGTGCCAAAGCTTCAGCCCCAGATAACTATGATTCCTCCCAGTGCACAGCCACCACGCACTCAAACACCGC	111076384	111077492	-1108	111078024	-1640	111075341	-2151	-2683
ENSMUST00000162415	AAGGACAGCTTAATGCAGATGAGATTAGTTTGAGGCCTGCTCAGTCGTTTCTAATGAATAAAAATCAGGTGCCAAAGCTTCAGCCCCAGATAACTATGATTCCTCCCAGTGCACAGCCACCACGCACTCAAACACCGC	111076384	111078553	-2169	111080181	-3797	111075341	-3212	-4840
ENSMUST00000162415	AAGGACAGCTTAATGCAGATGAGATTAGTTTGAGGCCTGCTCAGTCGTTTCTAATGAATAAAAATCAGGTGCCAAAGCTTCAGCCCCAGATAACTATGATTCCTCCCAGTGCACAGCCACCACGCACTCAAACACCGC	111076384	111080322	-3938	111081506	-5122	111075341	-4981	-6165
ENSMUST00000168890	CTGAGACGCTGCCACAGGGCCTGAGACACTGATGAATGGTGCTATTTTGGACTTTCAACATGCTCCTTGGCGAGGTAGCTCTGGTGGAGTTGTTTTTATTTCCATGTTCTAAGAAGGTGTCGGTACTTTGTTTCCTGGA	33437674	33438839	-1165	33462020	-24346	33437813	-1026	-24207
ENSMUST00000168890	CTGAGACGCTGCCACAGGGCCTGAGACACTGATGAATGGTGCTATTTTGGACTTTCAACATGCTCCTTGGCGAGGTAGCTCTGGTGGAGTTGTTTTTATTTCCATGTTCTAAGAAGGTGTCGGTACTTTGTTTCCTGGA	33437674	33442893	-5219	33463377	-25703	33437813	-5080	-25564
ENSMUST00000168890	CTGAGACGCTGCCACAGGGCCTGAGACACTGATGAATGGTGCTATTTTGGACTTTCAACATGCTCCTTGGCGAGGTAGCTCTGGTGGAGTTGTTTTTATTTCCATGTTCTAAGAAGGTGTCGGTACTTTGTTTCCTGGA	33437674	33462087	-24413	33463599	-25925	33437813	-24274	-25786
ENSMUST00000168890	CTGAGACGCTGCCACAGGGCCTGAGACACTGATGAATGGTGCTATTTTGGACTTTCAACATGCTCCTTGGCGAGGTAGCTCTGGTGGAGTTGTTTTTATTTCCATGTTCTAAGAAGGTGTCGGTACTTTGTTTCCTGGA	33437674	33462087	-24413	33463852	-26178	33437813	-24274	-26039
ENSMUST00000105575	GGGTTTTGTGGGCTGTCTGCGGGACGTGGTAGTGGGCCATCGCCAGCTGCATCTGCTGGAGGACGCTGTCACCAAACCAGAGCTAAGACCCTGCCCCACTCTCTGAGCTGCCACTAGAGCTGCCACCTTCCCTCCTGTA	156165379	156166653	-1274	156167281	-1902	156165518	-1135	-1763
ENSMUST00000105575	GGGTTTTGTGGGCTGTCTGCGGGACGTGGTAGTGGGCCATCGCCAGCTGCATCTGCTGGAGGACGCTGTCACCAAACCAGAGCTAAGACCCTGCCCCACTCTCTGAGCTGCCACTAGAGCTGCCACCTTCCCTCCTGTA	156165379	156167506	-2127	156168545	-3166	156165518	-1988	-3027
ENSMUST00000105575	GGGTTTTGTGGGCTGTCTGCGGGACGTGGTAGTGGGCCATCGCCAGCTGCATCTGCTGGAGGACGCTGTCACCAAACCAGAGCTAAGACCCTGCCCCACTCTCTGAGCTGCCACTAGAGCTGCCACCTTCCCTCCTGTA	156165379	156167506	-2127	156168732	-3353	156165518	-1988	-3214
ENSMUST00000105575	GGGTTTTGTGGGCTGTCTGCGGGACGTGGTAGTGGGCCATCGCCAGCTGCATCTGCTGGAGGACGCTGTCACCAAACCAGAGCTAAGACCCTGCCCCACTCTCTGAGCTGCCACTAGAGCTGCCACCTTCCCTCCTGTA	156165379	156167506	-2127	156168732	-3353	156165518	-1988	-3214
ENSMUST00000105575	GGGTTTTGTGGGCTGTCTGCGGGACGTGGTAGTGGGCCATCGCCAGCTGCATCTGCTGGAGGACGCTGTCACCAAACCAGAGCTAAGACCCTGCCCCACTCTCTGAGCTGCCACTAGAGCTGCCACCTTCCCTCCTGTA	156165379	156167506	-2127	156168732	-3353	156165518	-1988	-3214
ENSMUST00000105575	GGGTTTTGTGGGCTGTCTGCGGGACGTGGTAGTGGGCCATCGCCAGCTGCATCTGCTGGAGGACGCTGTCACCAAACCAGAGCTAAGACCCTGCCCCACTCTCTGAGCTGCCACTAGAGCTGCCACCTTCCCTCCTGTA	156165379	156167809	-2430	156168732	-3353	156165518	-2291	-3214
ENSMUST00000105575	GGGTTTTGTGGGCTGTCTGCGGGACGTGGTAGTGGGCCATCGCCAGCTGCATCTGCTGGAGGACGCTGTCACCAAACCAGAGCTAAGACCCTGCCCCACTCTCTGAGCTGCCACTAGAGCTGCCACCTTCCCTCCTGTA	156165379	156167506	-2127	156168902	-3523	156165518	-1988	-3384
ENSMUST00000105575	GGGTTTTGTGGGCTGTCTGCGGGACGTGGTAGTGGGCCATCGCCAGCTGCATCTGCTGGAGGACGCTGTCACCAAACCAGAGCTAAGACCCTGCCCCACTCTCTGAGCTGCCACTAGAGCTGCCACCTTCCCTCCTGTA	156165379	156169336	-3957	156169769	-4390	156165518	-3818	-4251
ENSMUST00000105575	GGGTTTTGTGGGCTGTCTGCGGGACGTGGTAGTGGGCCATCGCCAGCTGCATCTGCTGGAGGACGCTGTCACCAAACCAGAGCTAAGACCCTGCCCCACTCTCTGAGCTGCCACTAGAGCTGCCACCTTCCCTCCTGTA	156165379	156170230	-4851	156170578	-5199	156165518	-4712	-5060
ENSMUST00000105575	GGGTTTTGTGGGCTGTCTGCGGGACGTGGTAGTGGGCCATCGCCAGCTGCATCTGCTGGAGGACGCTGTCACCAAACCAGAGCTAAGACCCTGCCCCACTCTCTGAGCTGCCACTAGAGCTGCCACCTTCCCTCCTGTA	156165379	156172882	-7503	156173542	-8163	156165518	-7364	-8024
ENSMUST00000105575	GGGTTTTGTGGGCTGTCTGCGGGACGTGGTAGTGGGCCATCGCCAGCTGCATCTGCTGGAGGACGCTGTCACCAAACCAGAGCTAAGACCCTGCCCCACTCTCTGAGCTGCCACTAGAGCTGCCACCTTCCCTCCTGTA	156165379	156173130	-7751	156173542	-8163	156165518	-7612	-8024
ENSMUST00000105575	GGGTTTTGTGGGCTGTCTGCGGGACGTGGTAGTGGGCCATCGCCAGCTGCATCTGCTGGAGGACGCTGTCACCAAACCAGAGCTAAGACCCTGCCCCACTCTCTGAGCTGCCACTAGAGCTGCCACCTTCCCTCCTGTA	156165379	156175020	-9641	156176218	-10839	156165518	-9502	-10700
ENSMUST00000105575	GGGTTTTGTGGGCTGTCTGCGGGACGTGGTAGTGGGCCATCGCCAGCTGCATCTGCTGGAGGACGCTGTCACCAAACCAGAGCTAAGACCCTGCCCCACTCTCTGAGCTGCCACTAGAGCTGCCACCTTCCCTCCTGTA	156165379	156179608	-14229	156195243	-29864	156165518	-14090	-29725
ENSMUST00000091628	AGGTTACTTGCGTTGGCTTCCAAGAAGGAAAATGCAAGCCCCGCTTCCCGCGAGAGCCAGCTTCTCCCAGCTGTGCCGGCAGCATCTTTTCTGTATTTTAGGTCTAGTACTGTTCATGACTATGGACAACTCGGGTGCC	45551216	45557585	-6369	45697820	-146604	45551355	-6230	-146465
ENSMUST00000091628	AGGTTACTTGCGTTGGCTTCCAAGAAGGAAAATGCAAGCCCCGCTTCCCGCGAGAGCCAGCTTCTCCCAGCTGTGCCGGCAGCATCTTTTCTGTATTTTAGGTCTAGTACTGTTCATGACTATGGACAACTCGGGTGCC	45551216	45557585	-6369	45697820	-146604	45551355	-6230	-146465
ENSMUST00000091628	AGGTTACTTGCGTTGGCTTCCAAGAAGGAAAATGCAAGCCCCGCTTCCCGCGAGAGCCAGCTTCTCCCAGCTGTGCCGGCAGCATCTTTTCTGTATTTTAGGTCTAGTACTGTTCATGACTATGGACAACTCGGGTGCC	45551216	45557585	-6369	45735114	-183898	45551355	-6230	-183759
ENSMUST00000091628	AGGTTACTTGCGTTGGCTTCCAAGAAGGAAAATGCAAGCCCCGCTTCCCGCGAGAGCCAGCTTCTCCCAGCTGTGCCGGCAGCATCTTTTCTGTATTTTAGGTCTAGTACTGTTCATGACTATGGACAACTCGGGTGCC	45551216	45557585	-6369	45735114	-183898	45551355	-6230	-183759
ENSMUST00000091628	AGGTTACTTGCGTTGGCTTCCAAGAAGGAAAATGCAAGCCCCGCTTCCCGCGAGAGCCAGCTTCTCCCAGCTGTGCCGGCAGCATCTTTTCTGTATTTTAGGTCTAGTACTGTTCATGACTATGGACAACTCGGGTGCC	45551216	45568580	-17364	45735114	-183898	45551355	-17225	-183759
ENSMUST00000091628	AGGTTACTTGCGTTGGCTTCCAAGAAGGAAAATGCAAGCCCCGCTTCCCGCGAGAGCCAGCTTCTCCCAGCTGTGCCGGCAGCATCTTTTCTGTATTTTAGGTCTAGTACTGTTCATGACTATGGACAACTCGGGTGCC	45551216	45557585	-6369	45956454	-405238	45551355	-6230	-405099
ENSMUST00000091628	AGGTTACTTGCGTTGGCTTCCAAGAAGGAAAATGCAAGCCCCGCTTCCCGCGAGAGCCAGCTTCTCCCAGCTGTGCCGGCAGCATCTTTTCTGTATTTTAGGTCTAGTACTGTTCATGACTATGGACAACTCGGGTGCC	45551216	45697945	-146729	45795508	-244292	45551355	-146590	-244153
ENSMUST00000091628	AGGTTACTTGCGTTGGCTTCCAAGAAGGAAAATGCAAGCCCCGCTTCCCGCGAGAGCCAGCTTCTCCCAGCTGTGCCGGCAGCATCTTTTCTGTATTTTAGGTCTAGTACTGTTCATGACTATGGACAACTCGGGTGCC	45551216	45735178	-183962	45852327	-301111	45551355	-183823	-300972
ENSMUST00000091628	AGGTTACTTGCGTTGGCTTCCAAGAAGGAAAATGCAAGCCCCGCTTCCCGCGAGAGCCAGCTTCTCCCAGCTGTGCCGGCAGCATCTTTTCTGTATTTTAGGTCTAGTACTGTTCATGACTATGGACAACTCGGGTGCC	45551216	45735178	-183962	45956454	-405238	45551355	-183823	-405099
ENSMUST00000091628	AGGTTACTTGCGTTGGCTTCCAAGAAGGAAAATGCAAGCCCCGCTTCCCGCGAGAGCCAGCTTCTCCCAGCTGTGCCGGCAGCATCTTTTCTGTATTTTAGGTCTAGTACTGTTCATGACTATGGACAACTCGGGTGCC	45551216	45735178	-183962	45956454	-405238	45551355	-183823	-405099
ENSMUST00000091628	AGGTTACTTGCGTTGGCTTCCAAGAAGGAAAATGCAAGCCCCGCTTCCCGCGAGAGCCAGCTTCTCCCAGCTGTGCCGGCAGCATCTTTTCTGTATTTTAGGTCTAGTACTGTTCATGACTATGGACAACTCGGGTGCC	45551216	45795637	-244421	45956454	-405238	45551355	-244282	-405099
ENSMUST00000091628	AGGTTACTTGCGTTGGCTTCCAAGAAGGAAAATGCAAGCCCCGCTTCCCGCGAGAGCCAGCTTCTCCCAGCTGTGCCGGCAGCATCTTTTCTGTATTTTAGGTCTAGTACTGTTCATGACTATGGACAACTCGGGTGCC	45551216	45852456	-301240	45964814	-413598	45551355	-301101	-413459
ENSMUST00000027186	AGTTACAGATTGTCAAGCCCCTAGAAGGATCACAGACTCTGCATCACTGGCAGCAGCTTGCTCAGCCGAACTTGGGAACCATTCTTGATCCACGCCCAGGCGTCATCACTAAAGGCTTCACACAGGTGCCCAAGGATGTT	58910234	58904182	6052	58908522	1712	58908649	4467	127
ENSMUST00000027186	AGTTACAGATTGTCAAGCCCCTAGAAGGATCACAGACTCTGCATCACTGGCAGCAGCTTGCTCAGCCGAACTTGGGAACCATTCTTGATCCACGCCCAGGCGTCATCACTAAAGGCTTCACACAGGTGCCCAAGGATGTT	58910234	58915823	-5589	58919220	-8986	58908649	-7174	-10571
ENSMUST00000027186	AGTTACAGATTGTCAAGCCCCTAGAAGGATCACAGACTCTGCATCACTGGCAGCAGCTTGCTCAGCCGAACTTGGGAACCATTCTTGATCCACGCCCAGGCGTCATCACTAAAGGCTTCACACAGGTGCCCAAGGATGTT	58910234	58923638	-13404	58935745	-25511	58908649	-14989	-27096
ENSMUST00000027186	AGTTACAGATTGTCAAGCCCCTAGAAGGATCACAGACTCTGCATCACTGGCAGCAGCTTGCTCAGCCGAACTTGGGAACCATTCTTGATCCACGCCCAGGCGTCATCACTAAAGGCTTCACACAGGTGCCCAAGGATGTT	58910234	58926727	-16493	58946246	-36012	58908649	-18078	-37597
ENSMUST00000027186	AGTTACAGATTGTCAAGCCCCTAGAAGGATCACAGACTCTGCATCACTGGCAGCAGCTTGCTCAGCCGAACTTGGGAACCATTCTTGATCCACGCCCAGGCGTCATCACTAAAGGCTTCACACAGGTGCCCAAGGATGTT	58910234	58904182	6052	58908522	1712	58908649	4467	127
ENSMUST00000027186	AGTTACAGATTGTCAAGCCCCTAGAAGGATCACAGACTCTGCATCACTGGCAGCAGCTTGCTCAGCCGAACTTGGGAACCATTCTTGATCCACGCCCAGGCGTCATCACTAAAGGCTTCACACAGGTGCCCAAGGATGTT	58910234	58915823	-5589	58919220	-8986	58908649	-7174	-10571
ENSMUST00000027186	AGTTACAGATTGTCAAGCCCCTAGAAGGATCACAGACTCTGCATCACTGGCAGCAGCTTGCTCAGCCGAACTTGGGAACCATTCTTGATCCACGCCCAGGCGTCATCACTAAAGGCTTCACACAGGTGCCCAAGGATGTT	58910234	58923638	-13404	58935745	-25511	58908649	-14989	-27096
ENSMUST00000027186	AGTTACAGATTGTCAAGCCCCTAGAAGGATCACAGACTCTGCATCACTGGCAGCAGCTTGCTCAGCCGAACTTGGGAACCATTCTTGATCCACGCCCAGGCGTCATCACTAAAGGCTTCACACAGGTGCCCAAGGATGTT	58910234	58926727	-16493	58946246	-36012	58908649	-18078	-37597
ENSMUST00000044443	GATCCCCAGCCACCAGGTGTCTGCGCTAGCCAAGGAGGCAGAAAGGAATTCTTATCGTCTGAGCTGGGGCACTGAGAACTTAGACAACGTGGCTCTTTCTTCCAGTCCTATTCATTCAGGTTTCCTAGTCAGTTTTATGG	126976936	126923971	52965	126928664	48272	126964964	40993	36300
ENSMUST00000044443	GATCCCCAGCCACCAGGTGTCTGCGCTAGCCAAGGAGGCAGAAAGGAATTCTTATCGTCTGAGCTGGGGCACTGAGAACTTAGACAACGTGGCTCTTTCTTCCAGTCCTATTCATTCAGGTTTCCTAGTCAGTTTTATGG	126976936	126923971	52965	126929721	47215	126964964	40993	35243
ENSMUST00000044443	GATCCCCAGCCACCAGGTGTCTGCGCTAGCCAAGGAGGCAGAAAGGAATTCTTATCGTCTGAGCTGGGGCACTGAGAACTTAGACAACGTGGCTCTTTCTTCCAGTCCTATTCATTCAGGTTTCCTAGTCAGTTTTATGG	126976936	126923971	52965	126929721	47215	126964964	40993	35243
ENSMUST00000044443	GATCCCCAGCCACCAGGTGTCTGCGCTAGCCAAGGAGGCAGAAAGGAATTCTTATCGTCTGAGCTGGGGCACTGAGAACTTAGACAACGTGGCTCTTTCTTCCAGTCCTATTCATTCAGGTTTCCTAGTCAGTTTTATGG	126976936	126926894	50042	126929721	47215	126964964	38070	35243
ENSMUST00000044443	GATCCCCAGCCACCAGGTGTCTGCGCTAGCCAAGGAGGCAGAAAGGAATTCTTATCGTCTGAGCTGGGGCACTGAGAACTTAGACAACGTGGCTCTTTCTTCCAGTCCTATTCATTCAGGTTTCCTAGTCAGTTTTATGG	126976936	126940146	36790	126950734	26202	126964964	24818	14230
ENSMUST00000044443	GATCCCCAGCCACCAGGTGTCTGCGCTAGCCAAGGAGGCAGAAAGGAATTCTTATCGTCTGAGCTGGGGCACTGAGAACTTAGACAACGTGGCTCTTTCTTCCAGTCCTATTCATTCAGGTTTCCTAGTCAGTTTTATGG	126976936	126947807	29129	126952488	24448	126964964	17157	12476
ENSMUST00000044443	GATCCCCAGCCACCAGGTGTCTGCGCTAGCCAAGGAGGCAGAAAGGAATTCTTATCGTCTGAGCTGGGGCACTGAGAACTTAGACAACGTGGCTCTTTCTTCCAGTCCTATTCATTCAGGTTTCCTAGTCAGTTTTATGG	126976936	126950756	26180	126953176	23760	126964964	14208	11788
ENSMUST00000044443	GATCCCCAGCCACCAGGTGTCTGCGCTAGCCAAGGAGGCAGAAAGGAATTCTTATCGTCTGAGCTGGGGCACTGAGAACTTAGACAACGTGGCTCTTTCTTCCAGTCCTATTCATTCAGGTTTCCTAGTCAGTTTTATGG	126976936	126953299	23637	126955869	21067	126964964	11665	9095
ENSMUST00000044443	GATCCCCAGCCACCAGGTGTCTGCGCTAGCCAAGGAGGCAGAAAGGAATTCTTATCGTCTGAGCTGGGGCACTGAGAACTTAGACAACGTGGCTCTTTCTTCCAGTCCTATTCATTCAGGTTTCCTAGTCAGTTTTATGG	126976936	126962405	14531	126964937	11999	126964964	2559	27
ENSMUST00000044443	GATCCCCAGCCACCAGGTGTCTGCGCTAGCCAAGGAGGCAGAAAGGAATTCTTATCGTCTGAGCTGGGGCACTGAGAACTTAGACAACGTGGCTCTTTCTTCCAGTCCTATTCATTCAGGTTTCCTAGTCAGTTTTATGG	126976936	126976154	782	126981799	-4863	126964964	-11190	-16835
ENSMUST00000044443	GATCCCCAGCCACCAGGTGTCTGCGCTAGCCAAGGAGGCAGAAAGGAATTCTTATCGTCTGAGCTGGGGCACTGAGAACTTAGACAACGTGGCTCTTTCTTCCAGTCCTATTCATTCAGGTTTCCTAGTCAGTTTTATGG	126976936	126976154	782	126981799	-4863	126964964	-11190	-16835
ENSMUST00000044443	GATCCCCAGCCACCAGGTGTCTGCGCTAGCCAAGGAGGCAGAAAGGAATTCTTATCGTCTGAGCTGGGGCACTGAGAACTTAGACAACGTGGCTCTTTCTTCCAGTCCTATTCATTCAGGTTTCCTAGTCAGTTTTATGG	126976936	126976932	4	126981799	-4863	126964964	-11968	-16835
ENSMUST00000044443	GATCCCCAGCCACCAGGTGTCTGCGCTAGCCAAGGAGGCAGAAAGGAATTCTTATCGTCTGAGCTGGGGCACTGAGAACTTAGACAACGTGGCTCTTTCTTCCAGTCCTATTCATTCAGGTTTCCTAGTCAGTTTTATGG	126976936	126976947	-11	126981799	-4863	126964964	-11983	-16835
ENSMUST00000044443	GATCCCCAGCCACCAGGTGTCTGCGCTAGCCAAGGAGGCAGAAAGGAATTCTTATCGTCTGAGCTGGGGCACTGAGAACTTAGACAACGTGGCTCTTTCTTCCAGTCCTATTCATTCAGGTTTCCTAGTCAGTTTTATGG	126976936	126997951	-21015	127002677	-25741	126964964	-32987	-37713
ENSMUST00000044443	GATCCCCAGCCACCAGGTGTCTGCGCTAGCCAAGGAGGCAGAAAGGAATTCTTATCGTCTGAGCTGGGGCACTGAGAACTTAGACAACGTGGCTCTTTCTTCCAGTCCTATTCATTCAGGTTTCCTAGTCAGTTTTATGG	126976936	127004043	-27107	127012672	-35736	126964964	-39079	-47708
ENSMUST00000044443	GATCCCCAGCCACCAGGTGTCTGCGCTAGCCAAGGAGGCAGAAAGGAATTCTTATCGTCTGAGCTGGGGCACTGAGAACTTAGACAACGTGGCTCTTTCTTCCAGTCCTATTCATTCAGGTTTCCTAGTCAGTTTTATGG	126976936	127011051	-34115	127013238	-36302	126964964	-46087	-48274
ENSMUST00000044443	GATCCCCAGCCACCAGGTGTCTGCGCTAGCCAAGGAGGCAGAAAGGAATTCTTATCGTCTGAGCTGGGGCACTGAGAACTTAGACAACGTGGCTCTTTCTTCCAGTCCTATTCATTCAGGTTTCCTAGTCAGTTTTATGG	126976936	127013337	-36401	127032115	-55179	126964964	-48373	-67151
ENSMUST00000044443	GATCCCCAGCCACCAGGTGTCTGCGCTAGCCAAGGAGGCAGAAAGGAATTCTTATCGTCTGAGCTGGGGCACTGAGAACTTAGACAACGTGGCTCTTTCTTCCAGTCCTATTCATTCAGGTTTCCTAGTCAGTTTTATGG	126976936	127017013	-40077	127032115	-55179	126964964	-52049	-67151
ENSMUST00000044443	GATCCCCAGCCACCAGGTGTCTGCGCTAGCCAAGGAGGCAGAAAGGAATTCTTATCGTCTGAGCTGGGGCACTGAGAACTTAGACAACGTGGCTCTTTCTTCCAGTCCTATTCATTCAGGTTTCCTAGTCAGTTTTATGG	126976936	127023390	-46454	127032115	-55179	126964964	-58426	-67151
ENSMUST00000044443	GATCCCCAGCCACCAGGTGTCTGCGCTAGCCAAGGAGGCAGAAAGGAATTCTTATCGTCTGAGCTGGGGCACTGAGAACTTAGACAACGTGGCTCTTTCTTCCAGTCCTATTCATTCAGGTTTCCTAGTCAGTTTTATGG	126976936	127029317	-52381	127032115	-55179	126964964	-64353	-67151
ENSMUST00000044443	GATCCCCAGCCACCAGGTGTCTGCGCTAGCCAAGGAGGCAGAAAGGAATTCTTATCGTCTGAGCTGGGGCACTGAGAACTTAGACAACGTGGCTCTTTCTTCCAGTCCTATTCATTCAGGTTTCCTAGTCAGTTTTATGG	126976936	127048280	-71344	127052687	-75751	126964964	-83316	-87723
ENSMUST00000044443	GATCCCCAGCCACCAGGTGTCTGCGCTAGCCAAGGAGGCAGAAAGGAATTCTTATCGTCTGAGCTGGGGCACTGAGAACTTAGACAACGTGGCTCTTTCTTCCAGTCCTATTCATTCAGGTTTCCTAGTCAGTTTTATGG	126976936	127057091	-80155	127079897	-102961	126964964	-92127	-114933
ENSMUST00000044443	GATCCCCAGCCACCAGGTGTCTGCGCTAGCCAAGGAGGCAGAAAGGAATTCTTATCGTCTGAGCTGGGGCACTGAGAACTTAGACAACGTGGCTCTTTCTTCCAGTCCTATTCATTCAGGTTTCCTAGTCAGTTTTATGG	126976936	127057091	-80155	127104760	-127824	126964964	-92127	-139796
ENSMUST00000044443	GATCCCCAGCCACCAGGTGTCTGCGCTAGCCAAGGAGGCAGAAAGGAATTCTTATCGTCTGAGCTGGGGCACTGAGAACTTAGACAACGTGGCTCTTTCTTCCAGTCCTATTCATTCAGGTTTCCTAGTCAGTTTTATGG	126976936	127079996	-103060	127104760	-127824	126964964	-115032	-139796
ENSMUST00000044443	GATCCCCAGCCACCAGGTGTCTGCGCTAGCCAAGGAGGCAGAAAGGAATTCTTATCGTCTGAGCTGGGGCACTGAGAACTTAGACAACGTGGCTCTTTCTTCCAGTCCTATTCATTCAGGTTTCCTAGTCAGTTTTATGG	126976936	127057091	-80155	127339131	-362195	126964964	-92127	-374167
ENSMUST00000044443	GATCCCCAGCCACCAGGTGTCTGCGCTAGCCAAGGAGGCAGAAAGGAATTCTTATCGTCTGAGCTGGGGCACTGAGAACTTAGACAACGTGGCTCTTTCTTCCAGTCCTATTCATTCAGGTTTCCTAGTCAGTTTTATGG	126976936	127079996	-103060	127161678	-184742	126964964	-115032	-196714
ENSMUST00000044443	GATCCCCAGCCACCAGGTGTCTGCGCTAGCCAAGGAGGCAGAAAGGAATTCTTATCGTCTGAGCTGGGGCACTGAGAACTTAGACAACGTGGCTCTTTCTTCCAGTCCTATTCATTCAGGTTTCCTAGTCAGTTTTATGG	126976936	127104862	-127926	127339131	-362195	126964964	-139898	-374167
ENSMUST00000044443	GATCCCCAGCCACCAGGTGTCTGCGCTAGCCAAGGAGGCAGAAAGGAATTCTTATCGTCTGAGCTGGGGCACTGAGAACTTAGACAACGTGGCTCTTTCTTCCAGTCCTATTCATTCAGGTTTCCTAGTCAGTTTTATGG	126976936	127104862	-127926	127408844	-431908	126964964	-139898	-443880
ENSMUST00000044443	GATCCCCAGCCACCAGGTGTCTGCGCTAGCCAAGGAGGCAGAAAGGAATTCTTATCGTCTGAGCTGGGGCACTGAGAACTTAGACAACGTGGCTCTTTCTTCCAGTCCTATTCATTCAGGTTTCCTAGTCAGTTTTATGG	126976936	127104862	-127926	127498667	-521731	126964964	-139898	-533703
ENSMUST00000044443	GATCCCCAGCCACCAGGTGTCTGCGCTAGCCAAGGAGGCAGAAAGGAATTCTTATCGTCTGAGCTGGGGCACTGAGAACTTAGACAACGTGGCTCTTTCTTCCAGTCCTATTCATTCAGGTTTCCTAGTCAGTTTTATGG	126976936	127104862	-127926	127408844	-431908	126964964	-139898	-443880
ENSMUST00000044443	GATCCCCAGCCACCAGGTGTCTGCGCTAGCCAAGGAGGCAGAAAGGAATTCTTATCGTCTGAGCTGGGGCACTGAGAACTTAGACAACGTGGCTCTTTCTTCCAGTCCTATTCATTCAGGTTTCCTAGTCAGTTTTATGG	126976936	127248232	-271296	127408844	-431908	126964964	-283268	-443880
ENSMUST00000102534	GTGACTCACCCATTTACTGACCACTTGTGAAATTGTCTAAAGATGTATACTGTAAAAGCTTCGAAAGAACTGTACAAACTGTAAGATATTTTATACCTATTTTATGTTTTCTGTGTCTCATATTTATATCATAAAAACATT	117282543	117286878	-4335	117288616	-6073	117282675	-4203	-5941
ENSMUST00000102534	GTGACTCACCCATTTACTGACCACTTGTGAAATTGTCTAAAGATGTATACTGTAAAAGCTTCGAAAGAACTGTACAAACTGTAAGATATTTTATACCTATTTTATGTTTTCTGTGTCTCATATTTATATCATAAAAACATT	117282543	117305883	-23340	117342674	-60131	117282675	-23208	-59999
ENSMUST00000109627	CAGGACCCCACTTCCCAACCTACAGTTCCCACTGTCCTTAAAAGAGTCGGGGCTCTGTTCCAGCCATGTGCAGTGCACCGGCTGTGTGATGGACCAGAGGGTCTGAAGGGGCCGAGTGGCGGGGTCAGACGTTGGGCATACCT	79828297	79828978	-681	79833701	-5404	79828440	-538	-5261
ENSMUST00000109627	CAGGACCCCACTTCCCAACCTACAGTTCCCACTGTCCTTAAAAGAGTCGGGGCTCTGTTCCAGCCATGTGCAGTGCACCGGCTGTGTGATGGACCAGAGGGTCTGAAGGGGCCGAGTGGCGGGGTCAGACGTTGGGCATACCT	79828297	79828924	-627	79833701	-5404	79828440	-484	-5261
ENSMUST00000109627	CAGGACCCCACTTCCCAACCTACAGTTCCCACTGTCCTTAAAAGAGTCGGGGCTCTGTTCCAGCCATGTGCAGTGCACCGGCTGTGTGATGGACCAGAGGGTCTGAAGGGGCCGAGTGGCGGGGTCAGACGTTGGGCATACCT	79828297	79828978	-681	79833914	-5617	79828440	-538	-5474
ENSMUST00000109627	CAGGACCCCACTTCCCAACCTACAGTTCCCACTGTCCTTAAAAGAGTCGGGGCTCTGTTCCAGCCATGTGCAGTGCACCGGCTGTGTGATGGACCAGAGGGTCTGAAGGGGCCGAGTGGCGGGGTCAGACGTTGGGCATACCT	79828297	79828978	-681	79834142	-5845	79828440	-538	-5702
ENSMUST00000109627	CAGGACCCCACTTCCCAACCTACAGTTCCCACTGTCCTTAAAAGAGTCGGGGCTCTGTTCCAGCCATGTGCAGTGCACCGGCTGTGTGATGGACCAGAGGGTCTGAAGGGGCCGAGTGGCGGGGTCAGACGTTGGGCATACCT	79828297	79828978	-681	79834142	-5845	79828440	-538	-5702
ENSMUST00000109627	CAGGACCCCACTTCCCAACCTACAGTTCCCACTGTCCTTAAAAGAGTCGGGGCTCTGTTCCAGCCATGTGCAGTGCACCGGCTGTGTGATGGACCAGAGGGTCTGAAGGGGCCGAGTGGCGGGGTCAGACGTTGGGCATACCT	79828297	79833767	-5470	79834142	-5845	79828440	-5327	-5702
ENSMUST00000109627	CAGGACCCCACTTCCCAACCTACAGTTCCCACTGTCCTTAAAAGAGTCGGGGCTCTGTTCCAGCCATGTGCAGTGCACCGGCTGTGTGATGGACCAGAGGGTCTGAAGGGGCCGAGTGGCGGGGTCAGACGTTGGGCATACCT	79828297	79828978	-681	79833701	-5404	79828440	-538	-5261
ENSMUST00000109627	CAGGACCCCACTTCCCAACCTACAGTTCCCACTGTCCTTAAAAGAGTCGGGGCTCTGTTCCAGCCATGTGCAGTGCACCGGCTGTGTGATGGACCAGAGGGTCTGAAGGGGCCGAGTGGCGGGGTCAGACGTTGGGCATACCT	79828297	79828924	-627	79833701	-5404	79828440	-484	-5261
ENSMUST00000109627	CAGGACCCCACTTCCCAACCTACAGTTCCCACTGTCCTTAAAAGAGTCGGGGCTCTGTTCCAGCCATGTGCAGTGCACCGGCTGTGTGATGGACCAGAGGGTCTGAAGGGGCCGAGTGGCGGGGTCAGACGTTGGGCATACCT	79828297	79828978	-681	79833914	-5617	79828440	-538	-5474
ENSMUST00000109627	CAGGACCCCACTTCCCAACCTACAGTTCCCACTGTCCTTAAAAGAGTCGGGGCTCTGTTCCAGCCATGTGCAGTGCACCGGCTGTGTGATGGACCAGAGGGTCTGAAGGGGCCGAGTGGCGGGGTCAGACGTTGGGCATACCT	79828297	79828978	-681	79834142	-5845	79828440	-538	-5702
ENSMUST00000109627	CAGGACCCCACTTCCCAACCTACAGTTCCCACTGTCCTTAAAAGAGTCGGGGCTCTGTTCCAGCCATGTGCAGTGCACCGGCTGTGTGATGGACCAGAGGGTCTGAAGGGGCCGAGTGGCGGGGTCAGACGTTGGGCATACCT	79828297	79828978	-681	79834142	-5845	79828440	-538	-5702
ENSMUST00000109627	CAGGACCCCACTTCCCAACCTACAGTTCCCACTGTCCTTAAAAGAGTCGGGGCTCTGTTCCAGCCATGTGCAGTGCACCGGCTGTGTGATGGACCAGAGGGTCTGAAGGGGCCGAGTGGCGGGGTCAGACGTTGGGCATACCT	79828297	79833767	-5470	79834142	-5845	79828440	-5327	-5702
ENSMUST00000102534	AGCAAGGACTGATCCTGTCTGTGAACAGCAATGTCTCTGCTCTTCTTCTCTGTGGAGTGACTCACCCATTTACTGACCACTTGTGAAATTGTCTAAAGATGTATACTGTAAAAGCTTCGAAAGAACTGTACAAACTGTAAGATA	117282487	117286878	-4391	117288616	-6129	117282631	-4247	-5985
ENSMUST00000102534	AGCAAGGACTGATCCTGTCTGTGAACAGCAATGTCTCTGCTCTTCTTCTCTGTGGAGTGACTCACCCATTTACTGACCACTTGTGAAATTGTCTAAAGATGTATACTGTAAAAGCTTCGAAAGAACTGTACAAACTGTAAGATA	117282487	117305883	-23396	117342674	-60187	117282631	-23252	-60043
ENSMUST00000045846	AAGGTCACAGGTTCCCTGCCAGCATCTTAAGGCAGGTGTAGCTGTAGCAAGATGGGCTGAGCATGGGTATTGGGCTCCAGGCCTTGGCTGGACACTAGATCTGTTTGCTGAAGCCTCTTTTGAAAAGTTCATTCTCAGCTTTTTT	85214737	85215746	-1009	85234762	-20025	85214882	-864	-19880
ENSMUST00000045846	AAGGTCACAGGTTCCCTGCCAGCATCTTAAGGCAGGTGTAGCTGTAGCAAGATGGGCTGAGCATGGGTATTGGGCTCCAGGCCTTGGCTGGACACTAGATCTGTTTGCTGAAGCCTCTTTTGAAAAGTTCATTCTCAGCTTTTTT	85214737	85215746	-1009	85256342	-41605	85214882	-864	-41460
ENSMUST00000045846	AAGGTCACAGGTTCCCTGCCAGCATCTTAAGGCAGGTGTAGCTGTAGCAAGATGGGCTGAGCATGGGTATTGGGCTCCAGGCCTTGGCTGGACACTAGATCTGTTTGCTGAAGCCTCTTTTGAAAAGTTCATTCTCAGCTTTTTT	85214737	85234848	-20111	85256342	-41605	85214882	-19966	-41460
ENSMUST00000045846	AAGGTCACAGGTTCCCTGCCAGCATCTTAAGGCAGGTGTAGCTGTAGCAAGATGGGCTGAGCATGGGTATTGGGCTCCAGGCCTTGGCTGGACACTAGATCTGTTTGCTGAAGCCTCTTTTGAAAAGTTCATTCTCAGCTTTTTT	85214737	85234848	-20111	85267871	-53134	85214882	-19966	-52989
ENSMUST00000045846	AAGGTCACAGGTTCCCTGCCAGCATCTTAAGGCAGGTGTAGCTGTAGCAAGATGGGCTGAGCATGGGTATTGGGCTCCAGGCCTTGGCTGGACACTAGATCTGTTTGCTGAAGCCTCTTTTGAAAAGTTCATTCTCAGCTTTTTT	85214737	85234848	-20111	85267871	-53134	85214882	-19966	-52989
ENSMUST00000045846	AAGGTCACAGGTTCCCTGCCAGCATCTTAAGGCAGGTGTAGCTGTAGCAAGATGGGCTGAGCATGGGTATTGGGCTCCAGGCCTTGGCTGGACACTAGATCTGTTTGCTGAAGCCTCTTTTGAAAAGTTCATTCTCAGCTTTTTT	85214737	85236955	-22218	85267871	-53134	85214882	-22073	-52989
ENSMUST00000045846	AAGGTCACAGGTTCCCTGCCAGCATCTTAAGGCAGGTGTAGCTGTAGCAAGATGGGCTGAGCATGGGTATTGGGCTCCAGGCCTTGGCTGGACACTAGATCTGTTTGCTGAAGCCTCTTTTGAAAAGTTCATTCTCAGCTTTTTT	85214737	85236955	-22218	85287049	-72312	85214882	-22073	-72167
ENSMUST00000045846	AAGGTCACAGGTTCCCTGCCAGCATCTTAAGGCAGGTGTAGCTGTAGCAAGATGGGCTGAGCATGGGTATTGGGCTCCAGGCCTTGGCTGGACACTAGATCTGTTTGCTGAAGCCTCTTTTGAAAAGTTCATTCTCAGCTTTTTT	85214737	85256433	-41696	85269097	-54360	85214882	-41551	-54215
ENSMUST00000045846	AAGGTCACAGGTTCCCTGCCAGCATCTTAAGGCAGGTGTAGCTGTAGCAAGATGGGCTGAGCATGGGTATTGGGCTCCAGGCCTTGGCTGGACACTAGATCTGTTTGCTGAAGCCTCTTTTGAAAAGTTCATTCTCAGCTTTTTT	85214737	85236955	-22218	85289176	-74439	85214882	-22073	-74294
ENSMUST00000045846	AAGGTCACAGGTTCCCTGCCAGCATCTTAAGGCAGGTGTAGCTGTAGCAAGATGGGCTGAGCATGGGTATTGGGCTCCAGGCCTTGGCTGGACACTAGATCTGTTTGCTGAAGCCTCTTTTGAAAAGTTCATTCTCAGCTTTTTT	85214737	85269963	-55226	85289176	-74439	85214882	-55081	-74294
ENSMUST00000045846	AAGGTCACAGGTTCCCTGCCAGCATCTTAAGGCAGGTGTAGCTGTAGCAAGATGGGCTGAGCATGGGTATTGGGCTCCAGGCCTTGGCTGGACACTAGATCTGTTTGCTGAAGCCTCTTTTGAAAAGTTCATTCTCAGCTTTTTT	85214737	85269963	-55226	85319521	-104784	85214882	-55081	-104639
ENSMUST00000045846	AAGGTCACAGGTTCCCTGCCAGCATCTTAAGGCAGGTGTAGCTGTAGCAAGATGGGCTGAGCATGGGTATTGGGCTCCAGGCCTTGGCTGGACACTAGATCTGTTTGCTGAAGCCTCTTTTGAAAAGTTCATTCTCAGCTTTTTT	85214737	85289788	-75051	85319521	-104784	85214882	-74906	-104639
ENSMUST00000045846	AAGGTCACAGGTTCCCTGCCAGCATCTTAAGGCAGGTGTAGCTGTAGCAAGATGGGCTGAGCATGGGTATTGGGCTCCAGGCCTTGGCTGGACACTAGATCTGTTTGCTGAAGCCTCTTTTGAAAAGTTCATTCTCAGCTTTTTT	85214737	85289788	-75051	85333307	-118570	85214882	-74906	-118425
ENSMUST00000045846	AAGGTCACAGGTTCCCTGCCAGCATCTTAAGGCAGGTGTAGCTGTAGCAAGATGGGCTGAGCATGGGTATTGGGCTCCAGGCCTTGGCTGGACACTAGATCTGTTTGCTGAAGCCTCTTTTGAAAAGTTCATTCTCAGCTTTTTT	85214737	85289788	-75051	85333307	-118570	85214882	-74906	-118425
ENSMUST00000045846	AAGGTCACAGGTTCCCTGCCAGCATCTTAAGGCAGGTGTAGCTGTAGCAAGATGGGCTGAGCATGGGTATTGGGCTCCAGGCCTTGGCTGGACACTAGATCTGTTTGCTGAAGCCTCTTTTGAAAAGTTCATTCTCAGCTTTTTT	85214737	85299617	-84880	85333307	-118570	85214882	-84735	-118425
ENSMUST00000025253	AATGAGGAATGGGAGACTGCATCAGAGAGCAGCGACTTTGCCAGTGAGCGCCGGGGTGACAAGGAGACTCCCCCAGCAGCACTTATGACCTCTAAAGCTGTGGGGACTCCTGGGGCCAATGCAGGTGGGGCTGGACCAGGCATTT	35156855	35150326	6529	35150816	6039	35157000	6674	6184
ENSMUST00000025253	AATGAGGAATGGGAGACTGCATCAGAGAGCAGCGACTTTGCCAGTGAGCGCCGGGGTGACAAGGAGACTCCCCCAGCAGCACTTATGACCTCTAAAGCTGTGGGGACTCCTGGGGCCAATGCAGGTGGGGCTGGACCAGGCATTT	35156855	35150326	6529	35152617	4238	35157000	6674	4383
ENSMUST00000025253	AATGAGGAATGGGAGACTGCATCAGAGAGCAGCGACTTTGCCAGTGAGCGCCGGGGTGACAAGGAGACTCCCCCAGCAGCACTTATGACCTCTAAAGCTGTGGGGACTCCTGGGGCCAATGCAGGTGGGGCTGGACCAGGCATTT	35156855	35150326	6529	35152617	4238	35157000	6674	4383
ENSMUST00000025253	AATGAGGAATGGGAGACTGCATCAGAGAGCAGCGACTTTGCCAGTGAGCGCCGGGGTGACAAGGAGACTCCCCCAGCAGCACTTATGACCTCTAAAGCTGTGGGGACTCCTGGGGCCAATGCAGGTGGGGCTGGACCAGGCATTT	35156855	35154237	2618	35154791	2064	35157000	2763	2209
ENSMUST00000025253	AATGAGGAATGGGAGACTGCATCAGAGAGCAGCGACTTTGCCAGTGAGCGCCGGGGTGACAAGGAGACTCCCCCAGCAGCACTTATGACCTCTAAAGCTGTGGGGACTCCTGGGGCCAATGCAGGTGGGGCTGGACCAGGCATTT	35156855	35157207	-352	35157878	-1023	35157000	-207	-878
ENSMUST00000025253	AATGAGGAATGGGAGACTGCATCAGAGAGCAGCGACTTTGCCAGTGAGCGCCGGGGTGACAAGGAGACTCCCCCAGCAGCACTTATGACCTCTAAAGCTGTGGGGACTCCTGGGGCCAATGCAGGTGGGGCTGGACCAGGCATTT	35156855	35159413	-2558	35160096	-3241	35157000	-2413	-3096
ENSMUST00000025253	AATGAGGAATGGGAGACTGCATCAGAGAGCAGCGACTTTGCCAGTGAGCGCCGGGGTGACAAGGAGACTCCCCCAGCAGCACTTATGACCTCTAAAGCTGTGGGGACTCCTGGGGCCAATGCAGGTGGGGCTGGACCAGGCATTT	35156855	35160187	-3332	35160752	-3897	35157000	-3187	-3752
ENSMUST00000025253	AATGAGGAATGGGAGACTGCATCAGAGAGCAGCGACTTTGCCAGTGAGCGCCGGGGTGACAAGGAGACTCCCCCAGCAGCACTTATGACCTCTAAAGCTGTGGGGACTCCTGGGGCCAATGCAGGTGGGGCTGGACCAGGCATTT	35156855	35161909	-5054	35162871	-6016	35157000	-4909	-5871
ENSMUST00000108407	AAGTGCTACGACAAGACCAAGGTCAACAAAGACAACAATGAGATTGTGGACAAGATCATGGGCAAGGGGCAGATCCAGCTGGATCCACAGACAGTAGAAAGCAAGAACTGGCATACGGACGTGATTGAAATGAATGGGATCAAAG	76451921	76424173	27748	76425266	26655	76424937	764	-329
ENSMUST00000108407	AAGTGCTACGACAAGACCAAGGTCAACAAAGACAACAATGAGATTGTGGACAAGATCATGGGCAAGGGGCAGATCCAGCTGGATCCACAGACAGTAGAAAGCAAGAACTGGCATACGGACGTGATTGAAATGAATGGGATCAAAG	76451921	76455713	-3792	76456599	-4678	76424937	-30776	-31662
ENSMUST00000108407	AAGTGCTACGACAAGACCAAGGTCAACAAAGACAACAATGAGATTGTGGACAAGATCATGGGCAAGGGGCAGATCCAGCTGGATCCACAGACAGTAGAAAGCAAGAACTGGCATACGGACGTGATTGAAATGAATGGGATCAAAG	76451921	76456722	-4801	76463527	-11606	76424937	-31785	-38590
ENSMUST00000108407	AAGTGCTACGACAAGACCAAGGTCAACAAAGACAACAATGAGATTGTGGACAAGATCATGGGCAAGGGGCAGATCCAGCTGGATCCACAGACAGTAGAAAGCAAGAACTGGCATACGGACGTGATTGAAATGAATGGGATCAAAG	76451921	76459346	-7425	76463527	-11606	76424937	-34409	-38590
ENSMUST00000108407	AAGTGCTACGACAAGACCAAGGTCAACAAAGACAACAATGAGATTGTGGACAAGATCATGGGCAAGGGGCAGATCCAGCTGGATCCACAGACAGTAGAAAGCAAGAACTGGCATACGGACGTGATTGAAATGAATGGGATCAAAG	76451921	76468776	-16855	76478994	-27073	76424937	-43839	-54057
ENSMUST00000108407	AAGTGCTACGACAAGACCAAGGTCAACAAAGACAACAATGAGATTGTGGACAAGATCATGGGCAAGGGGCAGATCCAGCTGGATCCACAGACAGTAGAAAGCAAGAACTGGCATACGGACGTGATTGAAATGAATGGGATCAAAG	76451921	76479180	-27259	76508887	-56966	76424937	-54243	-83950
ENSMUST00000108407	AAGTGCTACGACAAGACCAAGGTCAACAAAGACAACAATGAGATTGTGGACAAGATCATGGGCAAGGGGCAGATCCAGCTGGATCCACAGACAGTAGAAAGCAAGAACTGGCATACGGACGTGATTGAAATGAATGGGATCAAAG	76451921	76486536	-34615	76571030	-119109	76424937	-61599	-146093
ENSMUST00000108407	AAGTGCTACGACAAGACCAAGGTCAACAAAGACAACAATGAGATTGTGGACAAGATCATGGGCAAGGGGCAGATCCAGCTGGATCCACAGACAGTAGAAAGCAAGAACTGGCATACGGACGTGATTGAAATGAATGGGATCAAAG	76451921	76424173	27748	76425266	26655	76424937	764	-329
ENSMUST00000108407	AAGTGCTACGACAAGACCAAGGTCAACAAAGACAACAATGAGATTGTGGACAAGATCATGGGCAAGGGGCAGATCCAGCTGGATCCACAGACAGTAGAAAGCAAGAACTGGCATACGGACGTGATTGAAATGAATGGGATCAAAG	76451921	76455713	-3792	76456599	-4678	76424937	-30776	-31662
ENSMUST00000108407	AAGTGCTACGACAAGACCAAGGTCAACAAAGACAACAATGAGATTGTGGACAAGATCATGGGCAAGGGGCAGATCCAGCTGGATCCACAGACAGTAGAAAGCAAGAACTGGCATACGGACGTGATTGAAATGAATGGGATCAAAG	76451921	76456722	-4801	76463527	-11606	76424937	-31785	-38590
ENSMUST00000108407	AAGTGCTACGACAAGACCAAGGTCAACAAAGACAACAATGAGATTGTGGACAAGATCATGGGCAAGGGGCAGATCCAGCTGGATCCACAGACAGTAGAAAGCAAGAACTGGCATACGGACGTGATTGAAATGAATGGGATCAAAG	76451921	76459346	-7425	76463527	-11606	76424937	-34409	-38590
ENSMUST00000108407	AAGTGCTACGACAAGACCAAGGTCAACAAAGACAACAATGAGATTGTGGACAAGATCATGGGCAAGGGGCAGATCCAGCTGGATCCACAGACAGTAGAAAGCAAGAACTGGCATACGGACGTGATTGAAATGAATGGGATCAAAG	76451921	76468776	-16855	76478994	-27073	76424937	-43839	-54057
ENSMUST00000108407	AAGTGCTACGACAAGACCAAGGTCAACAAAGACAACAATGAGATTGTGGACAAGATCATGGGCAAGGGGCAGATCCAGCTGGATCCACAGACAGTAGAAAGCAAGAACTGGCATACGGACGTGATTGAAATGAATGGGATCAAAG	76451921	76479180	-27259	76508887	-56966	76424937	-54243	-83950
ENSMUST00000108407	AAGTGCTACGACAAGACCAAGGTCAACAAAGACAACAATGAGATTGTGGACAAGATCATGGGCAAGGGGCAGATCCAGCTGGATCCACAGACAGTAGAAAGCAAGAACTGGCATACGGACGTGATTGAAATGAATGGGATCAAAG	76451921	76486536	-34615	76571030	-119109	76424937	-61599	-146093
ENSMUST00000237749	TTATATAGCATGGAGTCCAGATGACAGCTATCTTGTTGCTTGTGGTCCAGATGACTGCTCTGAGCTTTGGCTTTGGAATGTACAGACGGGAGAATTAAGAACAAAAATGAGCCAATCTCATGAAGACAGTTTGACCAGTGTGGCC	181187669	181177831	9838	181181303	6366	181186016	8185	4713
ENSMUST00000237749	TTATATAGCATGGAGTCCAGATGACAGCTATCTTGTTGCTTGTGGTCCAGATGACTGCTCTGAGCTTTGGCTTTGGAATGTACAGACGGGAGAATTAAGAACAAAAATGAGCCAATCTCATGAAGACAGTTTGACCAGTGTGGCC	181187669	181177831	9838	181182768	4901	181186016	8185	3248
ENSMUST00000034973	TTTACATTAGAAGGAACCTGGTTAGAGCTCGCTCCTCCTGTCTTTGTGTGGCATTTGTGTTCCATTACCGGCCCCTTTAAGTAACGGCCTTCACAGCACCTTCCCAGTGGGTAGAAAGCCACACACCAGGATGTGGGTCAACCATG	63649550	63655763	-6213	63666147	-16597	63649696	-6067	-16451
ENSMUST00000038116	ATGAAGAATCTCAGCAGAGCACCTTATCAAGTGTGGAAAACCATTCACAGCAGTCGGCCCAACCAGAGATGCATAAATATGACCAGCTTAGTAAAGTAGAACTAGAAGAAAATGCCGAAGACGATAAAACTGAAAACCAGACCCCTC	65986891	65970337	16554	65972296	14595	65987038	16701	14742
ENSMUST00000038116	ATGAAGAATCTCAGCAGAGCACCTTATCAAGTGTGGAAAACCATTCACAGCAGTCGGCCCAACCAGAGATGCATAAATATGACCAGCTTAGTAAAGTAGAACTAGAAGAAAATGCCGAAGACGATAAAACTGAAAACCAGACCCCTC	65986891	66037639	-50748	66049785	-62894	65987038	-50601	-62747
ENSMUST00000038116	ATGAAGAATCTCAGCAGAGCACCTTATCAAGTGTGGAAAACCATTCACAGCAGTCGGCCCAACCAGAGATGCATAAATATGACCAGCTTAGTAAAGTAGAACTAGAAGAAAATGCCGAAGACGATAAAACTGAAAACCAGACCCCTC	65986891	66049933	-63042	66076883	-89992	65987038	-62895	-89845
ENSMUST00000057610	AAGAACATCGTTAACATGCTCATCAATGAGAATGAGGTGAAGCAGTGGAGGGACCAGGCAGAGAAGTTTCGGAAAGAACACATGGAACTCATGAGCCGGCTGGAGAGAAAAGAGCGGGAATGTGAGACAAAGACACTGGAGAAGGAGG	49483059	49460738	22321	49463925	19134	49480514	19776	16589
ENSMUST00000057610	AAGAACATCGTTAACATGCTCATCAATGAGAATGAGGTGAAGCAGTGGAGGGACCAGGCAGAGAAGTTTCGGAAAGAACACATGGAACTCATGAGCCGGCTGGAGAGAAAAGAGCGGGAATGTGAGACAAAGACACTGGAGAAGGAGG	49483059	49462201	20858	49464462	18597	49480514	18313	16052
ENSMUST00000057610	AAGAACATCGTTAACATGCTCATCAATGAGAATGAGGTGAAGCAGTGGAGGGACCAGGCAGAGAAGTTTCGGAAAGAACACATGGAACTCATGAGCCGGCTGGAGAGAAAAGAGCGGGAATGTGAGACAAAGACACTGGAGAAGGAGG	49483059	49473392	9667	49476447	6612	49480514	7122	4067
ENSMUST00000057610	AAGAACATCGTTAACATGCTCATCAATGAGAATGAGGTGAAGCAGTGGAGGGACCAGGCAGAGAAGTTTCGGAAAGAACACATGGAACTCATGAGCCGGCTGGAGAGAAAAGAGCGGGAATGTGAGACAAAGACACTGGAGAAGGAGG	49483059	49485494	-2435	49488186	-5127	49480514	-4980	-7672
ENSMUST00000057610	AAGAACATCGTTAACATGCTCATCAATGAGAATGAGGTGAAGCAGTGGAGGGACCAGGCAGAGAAGTTTCGGAAAGAACACATGGAACTCATGAGCCGGCTGGAGAGAAAAGAGCGGGAATGTGAGACAAAGACACTGGAGAAGGAGG	49483059	49494449	-11390	49498705	-15646	49480514	-13935	-18191
ENSMUST00000057610	AAGAACATCGTTAACATGCTCATCAATGAGAATGAGGTGAAGCAGTGGAGGGACCAGGCAGAGAAGTTTCGGAAAGAACACATGGAACTCATGAGCCGGCTGGAGAGAAAAGAGCGGGAATGTGAGACAAAGACACTGGAGAAGGAGG	49483059	49496214	-13155	49564202	-81143	49480514	-15700	-83688
ENSMUST00000101141	ATGGAACTCTCTGTAAATATACTGACCTTGCTTGTGGTCAGCTTTTGTGGCTTTACCCTGAACTCTGCCCTGGCAAATATGCACATTCATGCTTGATGCTTACCACTTATCAACAGATCCTCTTGCTTGACTTTAACAAAATAAATAGT	152612156	152617355	-5199	152623125	-10969	152612305	-5050	-10820
ENSMUST00000101141	ATGGAACTCTCTGTAAATATACTGACCTTGCTTGTGGTCAGCTTTTGTGGCTTTACCCTGAACTCTGCCCTGGCAAATATGCACATTCATGCTTGATGCTTACCACTTATCAACAGATCCTCTTGCTTGACTTTAACAAAATAAATAGT	152612156	152617355	-5199	152623125	-10969	152612305	-5050	-10820
ENSMUST00000101141	ATGGAACTCTCTGTAAATATACTGACCTTGCTTGTGGTCAGCTTTTGTGGCTTTACCCTGAACTCTGCCCTGGCAAATATGCACATTCATGCTTGATGCTTACCACTTATCAACAGATCCTCTTGCTTGACTTTAACAAAATAAATAGT	152612156	152617355	-5199	152643812	-31656	152612305	-5050	-31507
ENSMUST00000101141	ATGGAACTCTCTGTAAATATACTGACCTTGCTTGTGGTCAGCTTTTGTGGCTTTACCCTGAACTCTGCCCTGGCAAATATGCACATTCATGCTTGATGCTTACCACTTATCAACAGATCCTCTTGCTTGACTTTAACAAAATAAATAGT	152612156	152617355	-5199	152643812	-31656	152612305	-5050	-31507
ENSMUST00000053699	AGGAGACTGTCTCCCAGGAAGATGCTGGACTGAGCATGCCCAGTGATGCTTCACTTTCTCCAGCAAGTCAGAACTCTCCATACTGTATGACACCTGTGTCGCAAGGCTCACCCGCTAGTTCTGGCATAGGCAGCCCAATGGCATCGTCAAC	125751853	125740917	10936	125747384	4469	125750422	9505	3038
ENSMUST00000053699	AGGAGACTGTCTCCCAGGAAGATGCTGGACTGAGCATGCCCAGTGATGCTTCACTTTCTCCAGCAAGTCAGAACTCTCCATACTGTATGACACCTGTGTCGCAAGGCTCACCCGCTAGTTCTGGCATAGGCAGCCCAATGGCATCGTCAAC	125751853	125744033	7820	125747384	4469	125750422	6389	3038
ENSMUST00000053699	AGGAGACTGTCTCCCAGGAAGATGCTGGACTGAGCATGCCCAGTGATGCTTCACTTTCTCCAGCAAGTCAGAACTCTCCATACTGTATGACACCTGTGTCGCAAGGCTCACCCGCTAGTTCTGGCATAGGCAGCCCAATGGCATCGTCAAC	125751853	125740917	10936	125750278	1575	125750422	9505	144
ENSMUST00000053699	AGGAGACTGTCTCCCAGGAAGATGCTGGACTGAGCATGCCCAGTGATGCTTCACTTTCTCCAGCAAGTCAGAACTCTCCATACTGTATGACACCTGTGTCGCAAGGCTCACCCGCTAGTTCTGGCATAGGCAGCCCAATGGCATCGTCAAC	125751853	125758246	-6393	125767374	-15521	125750422	-7824	-16952
ENSMUST00000053699	AGGAGACTGTCTCCCAGGAAGATGCTGGACTGAGCATGCCCAGTGATGCTTCACTTTCTCCAGCAAGTCAGAACTCTCCATACTGTATGACACCTGTGTCGCAAGGCTCACCCGCTAGTTCTGGCATAGGCAGCCCAATGGCATCGTCAAC	125751853	125767490	-15637	125768106	-16253	125750422	-17068	-17684
ENSMUST00000053699	AGGAGACTGTCTCCCAGGAAGATGCTGGACTGAGCATGCCCAGTGATGCTTCACTTTCTCCAGCAAGTCAGAACTCTCCATACTGTATGACACCTGTGTCGCAAGGCTCACCCGCTAGTTCTGGCATAGGCAGCCCAATGGCATCGTCAAC	125751853	125771544	-19691	125775552	-23699	125750422	-21122	-25130
ENSMUST00000053699	AGGAGACTGTCTCCCAGGAAGATGCTGGACTGAGCATGCCCAGTGATGCTTCACTTTCTCCAGCAAGTCAGAACTCTCCATACTGTATGACACCTGTGTCGCAAGGCTCACCCGCTAGTTCTGGCATAGGCAGCCCAATGGCATCGTCAAC	125751853	125773500	-21647	125782598	-30745	125750422	-23078	-32176
ENSMUST00000120898	CTGCCACCGCTACCAAGCGCTGCTACCACTGCTGCCCACCTCTTCTCCCAGGACTCTGACACCCGAGCGCGAGCGGCGGTGCTGCCAGCTTGCTGCCCCTGTCCCCCACCCCTCCCTTCCGTGACCTACCCACTCCTTGCAGCCCTCGCCT	67620315	66663211	957104	66747198	873117	67620466	957255	873268
ENSMUST00000120898	CTGCCACCGCTACCAAGCGCTGCTACCACTGCTGCCCACCTCTTCTCCCAGGACTCTGACACCCGAGCGCGAGCGGCGGTGCTGCCAGCTTGCTGCCCCTGTCCCCCACCCCTCCCTTCCGTGACCTACCCACTCCTTGCAGCCCTCGCCT	67620315	66664506	955809	66747198	873117	67620466	955960	873268
ENSMUST00000120898	CTGCCACCGCTACCAAGCGCTGCTACCACTGCTGCCCACCTCTTCTCCCAGGACTCTGACACCCGAGCGCGAGCGGCGGTGCTGCCAGCTTGCTGCCCCTGTCCCCCACCCCTCCCTTCCGTGACCTACCCACTCCTTGCAGCCCTCGCCT	67620315	66771697	848618	66812729	807586	67620466	848769	807737
ENSMUST00000120898	CTGCCACCGCTACCAAGCGCTGCTACCACTGCTGCCCACCTCTTCTCCCAGGACTCTGACACCCGAGCGCGAGCGGCGGTGCTGCCAGCTTGCTGCCCCTGTCCCCCACCCCTCCCTTCCGTGACCTACCCACTCCTTGCAGCCCTCGCCT	67620315	66815461	804854	66953273	667042	67620466	805005	667193
ENSMUST00000009344	TGCAGGCTTTTGGACAGTCCTTTCTTCAGCCTGACATCCACCTGTTCAAACAAAATCTCTTCTACTTGGAGACTCTGAACACGAAGCAGAAACTATACCACAAAAAGATCTTCCGGACCACCATGCTGTTCCAGTTCGTGAACGTGCTGCT	126105117	126102390	2727	126104703	414	126104773	2383	70
ENSMUST00000009344	TGCAGGCTTTTGGACAGTCCTTTCTTCAGCCTGACATCCACCTGTTCAAACAAAATCTCTTCTACTTGGAGACTCTGAACACGAAGCAGAAACTATACCACAAAAAGATCTTCCGGACCACCATGCTGTTCCAGTTCGTGAACGTGCTGCT	126105117	126105199	-82	126108451	-3334	126104773	-426	-3678
ENSMUST00000009344	TGCAGGCTTTTGGACAGTCCTTTCTTCAGCCTGACATCCACCTGTTCAAACAAAATCTCTTCTACTTGGAGACTCTGAACACGAAGCAGAAACTATACCACAAAAAGATCTTCCGGACCACCATGCTGTTCCAGTTCGTGAACGTGCTGCT	126105117	126108900	-3783	126112751	-7634	126104773	-4127	-7978
ENSMUST00000009344	TGCAGGCTTTTGGACAGTCCTTTCTTCAGCCTGACATCCACCTGTTCAAACAAAATCTCTTCTACTTGGAGACTCTGAACACGAAGCAGAAACTATACCACAAAAAGATCTTCCGGACCACCATGCTGTTCCAGTTCGTGAACGTGCTGCT	126105117	126108900	-3783	126112751	-7634	126104773	-4127	-7978
ENSMUST00000009344	TGCAGGCTTTTGGACAGTCCTTTCTTCAGCCTGACATCCACCTGTTCAAACAAAATCTCTTCTACTTGGAGACTCTGAACACGAAGCAGAAACTATACCACAAAAAGATCTTCCGGACCACCATGCTGTTCCAGTTCGTGAACGTGCTGCT	126105117	126113803	-8686	126120356	-15239	126104773	-9030	-15583
ENSMUST00000009344	TGCAGGCTTTTGGACAGTCCTTTCTTCAGCCTGACATCCACCTGTTCAAACAAAATCTCTTCTACTTGGAGACTCTGAACACGAAGCAGAAACTATACCACAAAAAGATCTTCCGGACCACCATGCTGTTCCAGTTCGTGAACGTGCTGCT	126105117	126115952	-10835	126124371	-19254	126104773	-11179	-19598
ENSMUST00000009344	TGCAGGCTTTTGGACAGTCCTTTCTTCAGCCTGACATCCACCTGTTCAAACAAAATCTCTTCTACTTGGAGACTCTGAACACGAAGCAGAAACTATACCACAAAAAGATCTTCCGGACCACCATGCTGTTCCAGTTCGTGAACGTGCTGCT	126105117	126115952	-10835	126140564	-35447	126104773	-11179	-35791
ENSMUST00000009344	TGCAGGCTTTTGGACAGTCCTTTCTTCAGCCTGACATCCACCTGTTCAAACAAAATCTCTTCTACTTGGAGACTCTGAACACGAAGCAGAAACTATACCACAAAAAGATCTTCCGGACCACCATGCTGTTCCAGTTCGTGAACGTGCTGCT	126105117	126131134	-26017	126149233	-44116	126104773	-26361	-44460
ENSMUST00000009344	TGCAGGCTTTTGGACAGTCCTTTCTTCAGCCTGACATCCACCTGTTCAAACAAAATCTCTTCTACTTGGAGACTCTGAACACGAAGCAGAAACTATACCACAAAAAGATCTTCCGGACCACCATGCTGTTCCAGTTCGTGAACGTGCTGCT	126105117	126140674	-35557	126152825	-47708	126104773	-35901	-48052
ENSMUST00000009344	TGCAGGCTTTTGGACAGTCCTTTCTTCAGCCTGACATCCACCTGTTCAAACAAAATCTCTTCTACTTGGAGACTCTGAACACGAAGCAGAAACTATACCACAAAAAGATCTTCCGGACCACCATGCTGTTCCAGTTCGTGAACGTGCTGCT	126105117	126140674	-35557	126156723	-51606	126104773	-35901	-51950
ENSMUST00000009344	TGCAGGCTTTTGGACAGTCCTTTCTTCAGCCTGACATCCACCTGTTCAAACAAAATCTCTTCTACTTGGAGACTCTGAACACGAAGCAGAAACTATACCACAAAAAGATCTTCCGGACCACCATGCTGTTCCAGTTCGTGAACGTGCTGCT	126105117	126149360	-44243	126151223	-46106	126104773	-44587	-46450
ENSMUST00000009344	TGCAGGCTTTTGGACAGTCCTTTCTTCAGCCTGACATCCACCTGTTCAAACAAAATCTCTTCTACTTGGAGACTCTGAACACGAAGCAGAAACTATACCACAAAAAGATCTTCCGGACCACCATGCTGTTCCAGTTCGTGAACGTGCTGCT	126105117	126149360	-44243	126152825	-47708	126104773	-44587	-48052
ENSMUST00000009344	TGCAGGCTTTTGGACAGTCCTTTCTTCAGCCTGACATCCACCTGTTCAAACAAAATCTCTTCTACTTGGAGACTCTGAACACGAAGCAGAAACTATACCACAAAAAGATCTTCCGGACCACCATGCTGTTCCAGTTCGTGAACGTGCTGCT	126105117	126149360	-44243	126156723	-51606	126104773	-44587	-51950
ENSMUST00000009344	TGCAGGCTTTTGGACAGTCCTTTCTTCAGCCTGACATCCACCTGTTCAAACAAAATCTCTTCTACTTGGAGACTCTGAACACGAAGCAGAAACTATACCACAAAAAGATCTTCCGGACCACCATGCTGTTCCAGTTCGTGAACGTGCTGCT	126105117	126149360	-44243	126156723	-51606	126104773	-44587	-51950
ENSMUST00000009344	TGCAGGCTTTTGGACAGTCCTTTCTTCAGCCTGACATCCACCTGTTCAAACAAAATCTCTTCTACTTGGAGACTCTGAACACGAAGCAGAAACTATACCACAAAAAGATCTTCCGGACCACCATGCTGTTCCAGTTCGTGAACGTGCTGCT	126105117	126149537	-44420	126156723	-51606	126104773	-44764	-51950
ENSMUST00000009344	TGCAGGCTTTTGGACAGTCCTTTCTTCAGCCTGACATCCACCTGTTCAAACAAAATCTCTTCTACTTGGAGACTCTGAACACGAAGCAGAAACTATACCACAAAAAGATCTTCCGGACCACCATGCTGTTCCAGTTCGTGAACGTGCTGCT	126105117	126140674	-35557	126156723	-51606	126104773	-35901	-51950
ENSMUST00000009344	TGCAGGCTTTTGGACAGTCCTTTCTTCAGCCTGACATCCACCTGTTCAAACAAAATCTCTTCTACTTGGAGACTCTGAACACGAAGCAGAAACTATACCACAAAAAGATCTTCCGGACCACCATGCTGTTCCAGTTCGTGAACGTGCTGCT	126105117	126149360	-44243	126156723	-51606	126104773	-44587	-51950
ENSMUST00000009344	TGCAGGCTTTTGGACAGTCCTTTCTTCAGCCTGACATCCACCTGTTCAAACAAAATCTCTTCTACTTGGAGACTCTGAACACGAAGCAGAAACTATACCACAAAAAGATCTTCCGGACCACCATGCTGTTCCAGTTCGTGAACGTGCTGCT	126105117	126149537	-44420	126156723	-51606	126104773	-44764	-51950
ENSMUST00000009344	TGCAGGCTTTTGGACAGTCCTTTCTTCAGCCTGACATCCACCTGTTCAAACAAAATCTCTTCTACTTGGAGACTCTGAACACGAAGCAGAAACTATACCACAAAAAGATCTTCCGGACCACCATGCTGTTCCAGTTCGTGAACGTGCTGCT	126105117	126153279	-48162	126160860	-55743	126104773	-48506	-56087
ENSMUST00000009344	TGCAGGCTTTTGGACAGTCCTTTCTTCAGCCTGACATCCACCTGTTCAAACAAAATCTCTTCTACTTGGAGACTCTGAACACGAAGCAGAAACTATACCACAAAAAGATCTTCCGGACCACCATGCTGTTCCAGTTCGTGAACGTGCTGCT	126105117	126149360	-44243	126174157	-69040	126104773	-44587	-69384
ENSMUST00000009344	TGCAGGCTTTTGGACAGTCCTTTCTTCAGCCTGACATCCACCTGTTCAAACAAAATCTCTTCTACTTGGAGACTCTGAACACGAAGCAGAAACTATACCACAAAAAGATCTTCCGGACCACCATGCTGTTCCAGTTCGTGAACGTGCTGCT	126105117	126161020	-55903	126171029	-65912	126104773	-56247	-66256
ENSMUST00000009344	TGCAGGCTTTTGGACAGTCCTTTCTTCAGCCTGACATCCACCTGTTCAAACAAAATCTCTTCTACTTGGAGACTCTGAACACGAAGCAGAAACTATACCACAAAAAGATCTTCCGGACCACCATGCTGTTCCAGTTCGTGAACGTGCTGCT	126105117	126169326	-64209	126174157	-69040	126104773	-64553	-69384
ENSMUST00000009344	TGCAGGCTTTTGGACAGTCCTTTCTTCAGCCTGACATCCACCTGTTCAAACAAAATCTCTTCTACTTGGAGACTCTGAACACGAAGCAGAAACTATACCACAAAAAGATCTTCCGGACCACCATGCTGTTCCAGTTCGTGAACGTGCTGCT	126105117	126169326	-64209	126199898	-94781	126104773	-64553	-95125
ENSMUST00000009344	TGCAGGCTTTTGGACAGTCCTTTCTTCAGCCTGACATCCACCTGTTCAAACAAAATCTCTTCTACTTGGAGACTCTGAACACGAAGCAGAAACTATACCACAAAAAGATCTTCCGGACCACCATGCTGTTCCAGTTCGTGAACGTGCTGCT	126105117	126169326	-64209	126199898	-94781	126104773	-64553	-95125
ENSMUST00000009344	TGCAGGCTTTTGGACAGTCCTTTCTTCAGCCTGACATCCACCTGTTCAAACAAAATCTCTTCTACTTGGAGACTCTGAACACGAAGCAGAAACTATACCACAAAAAGATCTTCCGGACCACCATGCTGTTCCAGTTCGTGAACGTGCTGCT	126105117	126171142	-66025	126199898	-94781	126104773	-66369	-95125
ENSMUST00000195826	TACTAAATGGACAGAGTGTTTTTGGACTGGATATCGTGGAAACTCCGGAGGGAGAAAAGTGGCCGCAATTGATTGTTCAGCAGAACTTGGATAGAGAACAAAAAGATACCTATGTGATGAAAATCAAAGTGGAGGATGGGGGCACGCCACAG	93886395	93015885	870510	93560475	325920	93886547	870662	326072
ENSMUST00000195826	TACTAAATGGACAGAGTGTTTTTGGACTGGATATCGTGGAAACTCCGGAGGGAGAAAAGTGGCCGCAATTGATTGTTCAGCAGAACTTGGATAGAGAACAAAAAGATACCTATGTGATGAAAATCAAAGTGGAGGATGGGGGCACGCCACAG	93886395	93015885	870510	93885696	699	93886547	870662	851
ENSMUST00000195826	TACTAAATGGACAGAGTGTTTTTGGACTGGATATCGTGGAAACTCCGGAGGGAGAAAAGTGGCCGCAATTGATTGTTCAGCAGAACTTGGATAGAGAACAAAAAGATACCTATGTGATGAAAATCAAAGTGGAGGATGGGGGCACGCCACAG	93886395	93015885	870510	93560475	325920	93886547	870662	326072
ENSMUST00000195826	TACTAAATGGACAGAGTGTTTTTGGACTGGATATCGTGGAAACTCCGGAGGGAGAAAAGTGGCCGCAATTGATTGTTCAGCAGAACTTGGATAGAGAACAAAAAGATACCTATGTGATGAAAATCAAAGTGGAGGATGGGGGCACGCCACAG	93886395	93015885	870510	93885696	699	93886547	870662	851
ENSMUST00000195826	TACTAAATGGACAGAGTGTTTTTGGACTGGATATCGTGGAAACTCCGGAGGGAGAAAAGTGGCCGCAATTGATTGTTCAGCAGAACTTGGATAGAGAACAAAAAGATACCTATGTGATGAAAATCAAAGTGGAGGATGGGGGCACGCCACAG	93886395	93015885	870510	93885696	699	93886547	870662	851
ENSMUST00000195826	TACTAAATGGACAGAGTGTTTTTGGACTGGATATCGTGGAAACTCCGGAGGGAGAAAAGTGGCCGCAATTGATTGTTCAGCAGAACTTGGATAGAGAACAAAAAGATACCTATGTGATGAAAATCAAAGTGGAGGATGGGGGCACGCCACAG	93886395	93326754	559641	93885696	699	93886547	559793	851
ENSMUST00000195826	TACTAAATGGACAGAGTGTTTTTGGACTGGATATCGTGGAAACTCCGGAGGGAGAAAAGTGGCCGCAATTGATTGTTCAGCAGAACTTGGATAGAGAACAAAAAGATACCTATGTGATGAAAATCAAAGTGGAGGATGGGGGCACGCCACAG	93886395	93326880	559515	93885696	699	93886547	559667	851
ENSMUST00000093165	ATAACGTGTCTGCCCCTTACGGCCGCATCACCCTGCATGTCTTCTGGGAGCTGAACTTTGACTTTCTCCCCAACTACTGCTATAATGGATCCACAAACCGTTTTGTCCGAACTGCCATCCCTTTCACCCAAGAACCACAACGGGATAAGCCCG	46242408	46196467	45941	46200645	41763	46240079	43612	39434
ENSMUST00000093165	ATAACGTGTCTGCCCCTTACGGCCGCATCACCCTGCATGTCTTCTGGGAGCTGAACTTTGACTTTCTCCCCAACTACTGCTATAATGGATCCACAAACCGTTTTGTCCGAACTGCCATCCCTTTCACCCAAGAACCACAACGGGATAAGCCCG	46242408	46222700	19708	46240003	2405	46240079	17379	76
ENSMUST00000093165	ATAACGTGTCTGCCCCTTACGGCCGCATCACCCTGCATGTCTTCTGGGAGCTGAACTTTGACTTTCTCCCCAACTACTGCTATAATGGATCCACAAACCGTTTTGTCCGAACTGCCATCCCTTTCACCCAAGAACCACAACGGGATAAGCCCG	46242408	46257702	-15294	46260799	-18391	46240079	-17623	-20720
ENSMUST00000093165	ATAACGTGTCTGCCCCTTACGGCCGCATCACCCTGCATGTCTTCTGGGAGCTGAACTTTGACTTTCTCCCCAACTACTGCTATAATGGATCCACAAACCGTTTTGTCCGAACTGCCATCCCTTTCACCCAAGAACCACAACGGGATAAGCCCG	46242408	46266029	-23621	46270551	-28143	46240079	-25950	-30472
ENSMUST00000093165	ATAACGTGTCTGCCCCTTACGGCCGCATCACCCTGCATGTCTTCTGGGAGCTGAACTTTGACTTTCTCCCCAACTACTGCTATAATGGATCCACAAACCGTTTTGTCCGAACTGCCATCCCTTTCACCCAAGAACCACAACGGGATAAGCCCG	46242408	46270669	-28261	46274637	-32229	46240079	-30590	-34558
ENSMUST00000093165	ATAACGTGTCTGCCCCTTACGGCCGCATCACCCTGCATGTCTTCTGGGAGCTGAACTTTGACTTTCTCCCCAACTACTGCTATAATGGATCCACAAACCGTTTTGTCCGAACTGCCATCCCTTTCACCCAAGAACCACAACGGGATAAGCCCG	46242408	46272700	-30292	46276778	-34370	46240079	-32621	-36699
ENSMUST00000093165	ATAACGTGTCTGCCCCTTACGGCCGCATCACCCTGCATGTCTTCTGGGAGCTGAACTTTGACTTTCTCCCCAACTACTGCTATAATGGATCCACAAACCGTTTTGTCCGAACTGCCATCCCTTTCACCCAAGAACCACAACGGGATAAGCCCG	46242408	46272700	-30292	46278058	-35650	46240079	-32621	-37979
ENSMUST00000093165	ATAACGTGTCTGCCCCTTACGGCCGCATCACCCTGCATGTCTTCTGGGAGCTGAACTTTGACTTTCTCCCCAACTACTGCTATAATGGATCCACAAACCGTTTTGTCCGAACTGCCATCCCTTTCACCCAAGAACCACAACGGGATAAGCCCG	46242408	46272700	-30292	46278058	-35650	46240079	-32621	-37979
ENSMUST00000093165	ATAACGTGTCTGCCCCTTACGGCCGCATCACCCTGCATGTCTTCTGGGAGCTGAACTTTGACTTTCTCCCCAACTACTGCTATAATGGATCCACAAACCGTTTTGTCCGAACTGCCATCCCTTTCACCCAAGAACCACAACGGGATAAGCCCG	46242408	46274742	-32334	46278058	-35650	46240079	-34663	-37979
ENSMUST00000011877	ATAAGTTTTACCATGATGCCAAGGAGATCTTTGGCCGAATCCAGGACAAACACAAGAAACTCCCTGAGGAGCTTGGAAGAGATCAAAACACTGTGGAAACTTTACAGAGAATGCACACCACCTTTGAGCACGACATCCAAGCTCTGGGCACTC	30117880	30100714	17166	30103247	14633	30114699	13985	11452
ENSMUST00000011877	ATAAGTTTTACCATGATGCCAAGGAGATCTTTGGCCGAATCCAGGACAAACACAAGAAACTCCCTGAGGAGCTTGGAAGAGATCAAAACACTGTGGAAACTTTACAGAGAATGCACACCACCTTTGAGCACGACATCCAAGCTCTGGGCACTC	30117880	30110922	6958	30113855	4025	30114699	3777	844
ENSMUST00000011877	ATAAGTTTTACCATGATGCCAAGGAGATCTTTGGCCGAATCCAGGACAAACACAAGAAACTCCCTGAGGAGCTTGGAAGAGATCAAAACACTGTGGAAACTTTACAGAGAATGCACACCACCTTTGAGCACGACATCCAAGCTCTGGGCACTC	30117880	30124062	-6182	30129569	-11689	30114699	-9363	-14870
ENSMUST00000011877	ATAAGTTTTACCATGATGCCAAGGAGATCTTTGGCCGAATCCAGGACAAACACAAGAAACTCCCTGAGGAGCTTGGAAGAGATCAAAACACTGTGGAAACTTTACAGAGAATGCACACCACCTTTGAGCACGACATCCAAGCTCTGGGCACTC	30117880	30137630	-19750	30138591	-20711	30114699	-22931	-23892
ENSMUST00000011877	ATAAGTTTTACCATGATGCCAAGGAGATCTTTGGCCGAATCCAGGACAAACACAAGAAACTCCCTGAGGAGCTTGGAAGAGATCAAAACACTGTGGAAACTTTACAGAGAATGCACACCACCTTTGAGCACGACATCCAAGCTCTGGGCACTC	30117880	30154402	-36522	30219578	-101698	30114699	-39703	-104879
ENSMUST00000011877	ATAAGTTTTACCATGATGCCAAGGAGATCTTTGGCCGAATCCAGGACAAACACAAGAAACTCCCTGAGGAGCTTGGAAGAGATCAAAACACTGTGGAAACTTTACAGAGAATGCACACCACCTTTGAGCACGACATCCAAGCTCTGGGCACTC	30117880	30159445	-41565	30267947	-150067	30114699	-44746	-153248
ENSMUST00000163779	CATGACCTTTTCTCAAAGCTGTACAGTGTGTTTCAAAGTCTTCCATCAGCAGTGATCGGCGTCCTGTACCTGCCCCTCAGCATCCCGGTGCTCCCCTCTCACTACAGTGAAAACCTGGTAGCAGGGTCTTGTGTGCTGTGGATATTGTTGTGGC	60731694	60733187	-1493	60827480	-95786	60731848	-1339	-95632
ENSMUST00000163779	CATGACCTTTTCTCAAAGCTGTACAGTGTGTTTCAAAGTCTTCCATCAGCAGTGATCGGCGTCCTGTACCTGCCCCTCAGCATCCCGGTGCTCCCCTCTCACTACAGTGAAAACCTGGTAGCAGGGTCTTGTGTGCTGTGGATATTGTTGTGGC	60731694	60815759	-84065	60827480	-95786	60731848	-83911	-95632
ENSMUST00000163779	CATGACCTTTTCTCAAAGCTGTACAGTGTGTTTCAAAGTCTTCCATCAGCAGTGATCGGCGTCCTGTACCTGCCCCTCAGCATCCCGGTGCTCCCCTCTCACTACAGTGAAAACCTGGTAGCAGGGTCTTGTGTGCTGTGGATATTGTTGTGGC	60731694	60818365	-86671	60828723	-97029	60731848	-86517	-96875
ENSMUST00000163779	CATGACCTTTTCTCAAAGCTGTACAGTGTGTTTCAAAGTCTTCCATCAGCAGTGATCGGCGTCCTGTACCTGCCCCTCAGCATCCCGGTGCTCCCCTCTCACTACAGTGAAAACCTGGTAGCAGGGTCTTGTGTGCTGTGGATATTGTTGTGGC	60731694	60818365	-86671	60829670	-97976	60731848	-86517	-97822
ENSMUST00000109627	AGAAACAAGGTCAGTCAAGGATGGACTGGCCTCTGGGGACCTAAGAGGGCACCCCCACCTTTTCTCCTTACTTTTCTGGTTGGTTCGGGTTTTCGGGGTTTTTTTGTTTGTTTGTTTTATTCTTGTTTTTTGCACTTAATGGATGGTGGAACCCAGCC	79827940	79828978	-1038	79833701	-5761	79828098	-880	-5603
ENSMUST00000109627	AGAAACAAGGTCAGTCAAGGATGGACTGGCCTCTGGGGACCTAAGAGGGCACCCCCACCTTTTCTCCTTACTTTTCTGGTTGGTTCGGGTTTTCGGGGTTTTTTTGTTTGTTTGTTTTATTCTTGTTTTTTGCACTTAATGGATGGTGGAACCCAGCC	79827940	79828924	-984	79833701	-5761	79828098	-826	-5603
ENSMUST00000109627	AGAAACAAGGTCAGTCAAGGATGGACTGGCCTCTGGGGACCTAAGAGGGCACCCCCACCTTTTCTCCTTACTTTTCTGGTTGGTTCGGGTTTTCGGGGTTTTTTTGTTTGTTTGTTTTATTCTTGTTTTTTGCACTTAATGGATGGTGGAACCCAGCC	79827940	79828978	-1038	79833914	-5974	79828098	-880	-5816
ENSMUST00000109627	AGAAACAAGGTCAGTCAAGGATGGACTGGCCTCTGGGGACCTAAGAGGGCACCCCCACCTTTTCTCCTTACTTTTCTGGTTGGTTCGGGTTTTCGGGGTTTTTTTGTTTGTTTGTTTTATTCTTGTTTTTTGCACTTAATGGATGGTGGAACCCAGCC	79827940	79828978	-1038	79834142	-6202	79828098	-880	-6044
ENSMUST00000109627	AGAAACAAGGTCAGTCAAGGATGGACTGGCCTCTGGGGACCTAAGAGGGCACCCCCACCTTTTCTCCTTACTTTTCTGGTTGGTTCGGGTTTTCGGGGTTTTTTTGTTTGTTTGTTTTATTCTTGTTTTTTGCACTTAATGGATGGTGGAACCCAGCC	79827940	79828978	-1038	79834142	-6202	79828098	-880	-6044
ENSMUST00000109627	AGAAACAAGGTCAGTCAAGGATGGACTGGCCTCTGGGGACCTAAGAGGGCACCCCCACCTTTTCTCCTTACTTTTCTGGTTGGTTCGGGTTTTCGGGGTTTTTTTGTTTGTTTGTTTTATTCTTGTTTTTTGCACTTAATGGATGGTGGAACCCAGCC	79827940	79833767	-5827	79834142	-6202	79828098	-5669	-6044
ENSMUST00000109627	AGAAACAAGGTCAGTCAAGGATGGACTGGCCTCTGGGGACCTAAGAGGGCACCCCCACCTTTTCTCCTTACTTTTCTGGTTGGTTCGGGTTTTCGGGGTTTTTTTGTTTGTTTGTTTTATTCTTGTTTTTTGCACTTAATGGATGGTGGAACCCAGCC	79827940	79828978	-1038	79833701	-5761	79828098	-880	-5603
ENSMUST00000109627	AGAAACAAGGTCAGTCAAGGATGGACTGGCCTCTGGGGACCTAAGAGGGCACCCCCACCTTTTCTCCTTACTTTTCTGGTTGGTTCGGGTTTTCGGGGTTTTTTTGTTTGTTTGTTTTATTCTTGTTTTTTGCACTTAATGGATGGTGGAACCCAGCC	79827940	79828924	-984	79833701	-5761	79828098	-826	-5603
ENSMUST00000109627	AGAAACAAGGTCAGTCAAGGATGGACTGGCCTCTGGGGACCTAAGAGGGCACCCCCACCTTTTCTCCTTACTTTTCTGGTTGGTTCGGGTTTTCGGGGTTTTTTTGTTTGTTTGTTTTATTCTTGTTTTTTGCACTTAATGGATGGTGGAACCCAGCC	79827940	79828978	-1038	79833914	-5974	79828098	-880	-5816
ENSMUST00000109627	AGAAACAAGGTCAGTCAAGGATGGACTGGCCTCTGGGGACCTAAGAGGGCACCCCCACCTTTTCTCCTTACTTTTCTGGTTGGTTCGGGTTTTCGGGGTTTTTTTGTTTGTTTGTTTTATTCTTGTTTTTTGCACTTAATGGATGGTGGAACCCAGCC	79827940	79828978	-1038	79834142	-6202	79828098	-880	-6044
ENSMUST00000109627	AGAAACAAGGTCAGTCAAGGATGGACTGGCCTCTGGGGACCTAAGAGGGCACCCCCACCTTTTCTCCTTACTTTTCTGGTTGGTTCGGGTTTTCGGGGTTTTTTTGTTTGTTTGTTTTATTCTTGTTTTTTGCACTTAATGGATGGTGGAACCCAGCC	79827940	79828978	-1038	79834142	-6202	79828098	-880	-6044
ENSMUST00000109627	AGAAACAAGGTCAGTCAAGGATGGACTGGCCTCTGGGGACCTAAGAGGGCACCCCCACCTTTTCTCCTTACTTTTCTGGTTGGTTCGGGTTTTCGGGGTTTTTTTGTTTGTTTGTTTTATTCTTGTTTTTTGCACTTAATGGATGGTGGAACCCAGCC	79827940	79833767	-5827	79834142	-6202	79828098	-5669	-6044
ENSMUST00000239056	CATTTGGTGAAGACTGGCAGCGAGCACCCACCAGGCAAGGCTCCTTGGACATCTATAGCACAGCAGAAGGGAAAACTCACATGGTTCCTGTAGGAGAAACACCAACCTATGTCAACACCCAGCCAGTCCCACCACAGGTGTGGCCAGCAGCAACCAGCAGC	51449284	51431281	18003	51447889	1395	51448021	16740	132
ENSMUST00000239056	CATTTGGTGAAGACTGGCAGCGAGCACCCACCAGGCAAGGCTCCTTGGACATCTATAGCACAGCAGAAGGGAAAACTCACATGGTTCCTGTAGGAGAAACACCAACCTATGTCAACACCCAGCCAGTCCCACCACAGGTGTGGCCAGCAGCAACCAGCAGC	51449284	51442985	6299	51449226	58	51448021	5036	-1205
ENSMUST00000239056	CATTTGGTGAAGACTGGCAGCGAGCACCCACCAGGCAAGGCTCCTTGGACATCTATAGCACAGCAGAAGGGAAAACTCACATGGTTCCTGTAGGAGAAACACCAACCTATGTCAACACCCAGCCAGTCCCACCACAGGTGTGGCCAGCAGCAACCAGCAGC	51449284	51472856	-23572	51482881	-33597	51448021	-24835	-34860
ENSMUST00000239056	CATTTGGTGAAGACTGGCAGCGAGCACCCACCAGGCAAGGCTCCTTGGACATCTATAGCACAGCAGAAGGGAAAACTCACATGGTTCCTGTAGGAGAAACACCAACCTATGTCAACACCCAGCCAGTCCCACCACAGGTGTGGCCAGCAGCAACCAGCAGC	51449284	51472856	-23572	51516524	-67240	51448021	-24835	-68503
ENSMUST00000239056	CATTTGGTGAAGACTGGCAGCGAGCACCCACCAGGCAAGGCTCCTTGGACATCTATAGCACAGCAGAAGGGAAAACTCACATGGTTCCTGTAGGAGAAACACCAACCTATGTCAACACCCAGCCAGTCCCACCACAGGTGTGGCCAGCAGCAACCAGCAGC	51449284	51482945	-33661	51566970	-117686	51448021	-34924	-118949
ENSMUST00000205765	ATGCAAGCTGGTGTGCCACGGCCTGGTGTGCCTCCACCACAACCAGCAATGGGAGGCCTGAATCCCCAGGGACAAGCTCTGAACATCATGAACCCAGGACACAACCCCAACATGACAAACATGAATCCACAGTACCGAGAAATGGTGAGGAGACAGCTGCT	4084990	4108275	-23285	4114773	-29783	4085151	-23124	-29622
ENSMUST00000205765	ATGCAAGCTGGTGTGCCACGGCCTGGTGTGCCTCCACCACAACCAGCAATGGGAGGCCTGAATCCCCAGGGACAAGCTCTGAACATCATGAACCCAGGACACAACCCCAACATGACAAACATGAATCCACAGTACCGAGAAATGGTGAGGAGACAGCTGCT	4084990	4128686	-43696	4138744	-53754	4085151	-43535	-53593
ENSMUST00000205765	ATGCAAGCTGGTGTGCCACGGCCTGGTGTGCCTCCACCACAACCAGCAATGGGAGGCCTGAATCCCCAGGGACAAGCTCTGAACATCATGAACCCAGGACACAACCCCAACATGACAAACATGAATCCACAGTACCGAGAAATGGTGAGGAGACAGCTGCT	4084990	4155033	-70043	4213138	-128148	4085151	-69882	-127987
ENSMUST00000205765	ATGCAAGCTGGTGTGCCACGGCCTGGTGTGCCTCCACCACAACCAGCAATGGGAGGCCTGAATCCCCAGGGACAAGCTCTGAACATCATGAACCCAGGACACAACCCCAACATGACAAACATGAATCCACAGTACCGAGAAATGGTGAGGAGACAGCTGCT	4084990	4108275	-23285	4114773	-29783	4085151	-23124	-29622
ENSMUST00000205765	ATGCAAGCTGGTGTGCCACGGCCTGGTGTGCCTCCACCACAACCAGCAATGGGAGGCCTGAATCCCCAGGGACAAGCTCTGAACATCATGAACCCAGGACACAACCCCAACATGACAAACATGAATCCACAGTACCGAGAAATGGTGAGGAGACAGCTGCT	4084990	4128686	-43696	4138744	-53754	4085151	-43535	-53593
ENSMUST00000205765	ATGCAAGCTGGTGTGCCACGGCCTGGTGTGCCTCCACCACAACCAGCAATGGGAGGCCTGAATCCCCAGGGACAAGCTCTGAACATCATGAACCCAGGACACAACCCCAACATGACAAACATGAATCCACAGTACCGAGAAATGGTGAGGAGACAGCTGCT	4084990	4155033	-70043	4213138	-128148	4085151	-69882	-127987
ENSMUST00000064762	TTAGCGATAATCCTCCATTTCAATTTTAACCAATTCTGTCCTCTTTTTCCAAACCCCGAACCCCATGCATGCTTTCTCAGTCTTGTGATGGGACTGGACACAGTGACCGACCCCTCGCCCAAACACCATTTTCCATGGAATTCAAAAGAAAATTTTTTTCCC	99424820	99435701	-10881	99508107	-83287	99424982	-10719	-83125
ENSMUST00000064762	TTAGCGATAATCCTCCATTTCAATTTTAACCAATTCTGTCCTCTTTTTCCAAACCCCGAACCCCATGCATGCTTTCTCAGTCTTGTGATGGGACTGGACACAGTGACCGACCCCTCGCCCAAACACCATTTTCCATGGAATTCAAAAGAAAATTTTTTTCCC	99424820	99441774	-16954	99508107	-83287	99424982	-16792	-83125
ENSMUST00000119730	ATACCTCGCTTAGGATGGAGGAGGGGATGCTGTGGGTACCACCCCACCCCAGCAGTACTCCCTGGGGACTTTCTACAGATGAATTTAATAATATATATGTCATACTATGTGGAATGGTCCCGTTATCAGTTGGTTGTGTAGCTCTTGCCTGGCATTAAAGCA	37368755	37372221	-3466	37448227	-79472	37368917	-3304	-79310
ENSMUST00000119730	ATACCTCGCTTAGGATGGAGGAGGGGATGCTGTGGGTACCACCCCACCCCAGCAGTACTCCCTGGGGACTTTCTACAGATGAATTTAATAATATATATGTCATACTATGTGGAATGGTCCCGTTATCAGTTGGTTGTGTAGCTCTTGCCTGGCATTAAAGCA	37368755	37372221	-3466	37458488	-89733	37368917	-3304	-89571
ENSMUST00000119730	ATACCTCGCTTAGGATGGAGGAGGGGATGCTGTGGGTACCACCCCACCCCAGCAGTACTCCCTGGGGACTTTCTACAGATGAATTTAATAATATATATGTCATACTATGTGGAATGGTCCCGTTATCAGTTGGTTGTGTAGCTCTTGCCTGGCATTAAAGCA	37368755	37372221	-3466	37459216	-90461	37368917	-3304	-90299
ENSMUST00000119730	ATACCTCGCTTAGGATGGAGGAGGGGATGCTGTGGGTACCACCCCACCCCAGCAGTACTCCCTGGGGACTTTCTACAGATGAATTTAATAATATATATGTCATACTATGTGGAATGGTCCCGTTATCAGTTGGTTGTGTAGCTCTTGCCTGGCATTAAAGCA	37368755	37372221	-3466	37563390	-194635	37368917	-3304	-194473
ENSMUST00000119730	ATACCTCGCTTAGGATGGAGGAGGGGATGCTGTGGGTACCACCCCACCCCAGCAGTACTCCCTGGGGACTTTCTACAGATGAATTTAATAATATATATGTCATACTATGTGGAATGGTCCCGTTATCAGTTGGTTGTGTAGCTCTTGCCTGGCATTAAAGCA	37368755	37372221	-3466	37661031	-292276	37368917	-3304	-292114
ENSMUST00000119730	ATACCTCGCTTAGGATGGAGGAGGGGATGCTGTGGGTACCACCCCACCCCAGCAGTACTCCCTGGGGACTTTCTACAGATGAATTTAATAATATATATGTCATACTATGTGGAATGGTCCCGTTATCAGTTGGTTGTGTAGCTCTTGCCTGGCATTAAAGCA	37368755	37372221	-3466	37458488	-89733	37368917	-3304	-89571
ENSMUST00000119730	ATACCTCGCTTAGGATGGAGGAGGGGATGCTGTGGGTACCACCCCACCCCAGCAGTACTCCCTGGGGACTTTCTACAGATGAATTTAATAATATATATGTCATACTATGTGGAATGGTCCCGTTATCAGTTGGTTGTGTAGCTCTTGCCTGGCATTAAAGCA	37368755	37372221	-3466	37459216	-90461	37368917	-3304	-90299
ENSMUST00000119730	ATACCTCGCTTAGGATGGAGGAGGGGATGCTGTGGGTACCACCCCACCCCAGCAGTACTCCCTGGGGACTTTCTACAGATGAATTTAATAATATATATGTCATACTATGTGGAATGGTCCCGTTATCAGTTGGTTGTGTAGCTCTTGCCTGGCATTAAAGCA	37368755	37372221	-3466	37563390	-194635	37368917	-3304	-194473
ENSMUST00000119730	ATACCTCGCTTAGGATGGAGGAGGGGATGCTGTGGGTACCACCCCACCCCAGCAGTACTCCCTGGGGACTTTCTACAGATGAATTTAATAATATATATGTCATACTATGTGGAATGGTCCCGTTATCAGTTGGTTGTGTAGCTCTTGCCTGGCATTAAAGCA	37368755	37397453	-28698	37458488	-89733	37368917	-28536	-89571
ENSMUST00000119730	ATACCTCGCTTAGGATGGAGGAGGGGATGCTGTGGGTACCACCCCACCCCAGCAGTACTCCCTGGGGACTTTCTACAGATGAATTTAATAATATATATGTCATACTATGTGGAATGGTCCCGTTATCAGTTGGTTGTGTAGCTCTTGCCTGGCATTAAAGCA	37368755	37397453	-28698	37459216	-90461	37368917	-28536	-90299
ENSMUST00000119730	ATACCTCGCTTAGGATGGAGGAGGGGATGCTGTGGGTACCACCCCACCCCAGCAGTACTCCCTGGGGACTTTCTACAGATGAATTTAATAATATATATGTCATACTATGTGGAATGGTCCCGTTATCAGTTGGTTGTGTAGCTCTTGCCTGGCATTAAAGCA	37368755	37397453	-28698	37563390	-194635	37368917	-28536	-194473
ENSMUST00000119730	ATACCTCGCTTAGGATGGAGGAGGGGATGCTGTGGGTACCACCCCACCCCAGCAGTACTCCCTGGGGACTTTCTACAGATGAATTTAATAATATATATGTCATACTATGTGGAATGGTCCCGTTATCAGTTGGTTGTGTAGCTCTTGCCTGGCATTAAAGCA	37368755	37397453	-28698	37661031	-292276	37368917	-28536	-292114
ENSMUST00000119730	ATACCTCGCTTAGGATGGAGGAGGGGATGCTGTGGGTACCACCCCACCCCAGCAGTACTCCCTGGGGACTTTCTACAGATGAATTTAATAATATATATGTCATACTATGTGGAATGGTCCCGTTATCAGTTGGTTGTGTAGCTCTTGCCTGGCATTAAAGCA	37368755	37432557	-63802	37458488	-89733	37368917	-63640	-89571
ENSMUST00000119730	ATACCTCGCTTAGGATGGAGGAGGGGATGCTGTGGGTACCACCCCACCCCAGCAGTACTCCCTGGGGACTTTCTACAGATGAATTTAATAATATATATGTCATACTATGTGGAATGGTCCCGTTATCAGTTGGTTGTGTAGCTCTTGCCTGGCATTAAAGCA	37368755	37432557	-63802	37459216	-90461	37368917	-63640	-90299
ENSMUST00000119730	ATACCTCGCTTAGGATGGAGGAGGGGATGCTGTGGGTACCACCCCACCCCAGCAGTACTCCCTGGGGACTTTCTACAGATGAATTTAATAATATATATGTCATACTATGTGGAATGGTCCCGTTATCAGTTGGTTGTGTAGCTCTTGCCTGGCATTAAAGCA	37368755	37372221	-3466	37661031	-292276	37368917	-3304	-292114
ENSMUST00000119730	ATACCTCGCTTAGGATGGAGGAGGGGATGCTGTGGGTACCACCCCACCCCAGCAGTACTCCCTGGGGACTTTCTACAGATGAATTTAATAATATATATGTCATACTATGTGGAATGGTCCCGTTATCAGTTGGTTGTGTAGCTCTTGCCTGGCATTAAAGCA	37368755	37397453	-28698	37584455	-215700	37368917	-28536	-215538
ENSMUST00000119730	ATACCTCGCTTAGGATGGAGGAGGGGATGCTGTGGGTACCACCCCACCCCAGCAGTACTCCCTGGGGACTTTCTACAGATGAATTTAATAATATATATGTCATACTATGTGGAATGGTCCCGTTATCAGTTGGTTGTGTAGCTCTTGCCTGGCATTAAAGCA	37368755	37397453	-28698	37661031	-292276	37368917	-28536	-292114
ENSMUST00000119730	ATACCTCGCTTAGGATGGAGGAGGGGATGCTGTGGGTACCACCCCACCCCAGCAGTACTCCCTGGGGACTTTCTACAGATGAATTTAATAATATATATGTCATACTATGTGGAATGGTCCCGTTATCAGTTGGTTGTGTAGCTCTTGCCTGGCATTAAAGCA	37368755	37397453	-28698	37792133	-423378	37368917	-28536	-423216
ENSMUST00000119730	ATACCTCGCTTAGGATGGAGGAGGGGATGCTGTGGGTACCACCCCACCCCAGCAGTACTCCCTGGGGACTTTCTACAGATGAATTTAATAATATATATGTCATACTATGTGGAATGGTCCCGTTATCAGTTGGTTGTGTAGCTCTTGCCTGGCATTAAAGCA	37368755	37448279	-79524	37661031	-292276	37368917	-79362	-292114
ENSMUST00000119730	ATACCTCGCTTAGGATGGAGGAGGGGATGCTGTGGGTACCACCCCACCCCAGCAGTACTCCCTGGGGACTTTCTACAGATGAATTTAATAATATATATGTCATACTATGTGGAATGGTCCCGTTATCAGTTGGTTGTGTAGCTCTTGCCTGGCATTAAAGCA	37368755	37397453	-28698	37661031	-292276	37368917	-28536	-292114
ENSMUST00000119730	ATACCTCGCTTAGGATGGAGGAGGGGATGCTGTGGGTACCACCCCACCCCAGCAGTACTCCCTGGGGACTTTCTACAGATGAATTTAATAATATATATGTCATACTATGTGGAATGGTCCCGTTATCAGTTGGTTGTGTAGCTCTTGCCTGGCATTAAAGCA	37368755	37397453	-28698	37792133	-423378	37368917	-28536	-423216
ENSMUST00000119730	ATACCTCGCTTAGGATGGAGGAGGGGATGCTGTGGGTACCACCCCACCCCAGCAGTACTCCCTGGGGACTTTCTACAGATGAATTTAATAATATATATGTCATACTATGTGGAATGGTCCCGTTATCAGTTGGTTGTGTAGCTCTTGCCTGGCATTAAAGCA	37368755	37563464	-194709	37661031	-292276	37368917	-194547	-292114
ENSMUST00000119730	ATACCTCGCTTAGGATGGAGGAGGGGATGCTGTGGGTACCACCCCACCCCAGCAGTACTCCCTGGGGACTTTCTACAGATGAATTTAATAATATATATGTCATACTATGTGGAATGGTCCCGTTATCAGTTGGTTGTGTAGCTCTTGCCTGGCATTAAAGCA	37368755	37563464	-194709	37725083	-356328	37368917	-194547	-356166
ENSMUST00000119730	ATACCTCGCTTAGGATGGAGGAGGGGATGCTGTGGGTACCACCCCACCCCAGCAGTACTCCCTGGGGACTTTCTACAGATGAATTTAATAATATATATGTCATACTATGTGGAATGGTCCCGTTATCAGTTGGTTGTGTAGCTCTTGCCTGGCATTAAAGCA	37368755	37563464	-194709	37734280	-365525	37368917	-194547	-365363
ENSMUST00000119730	ATACCTCGCTTAGGATGGAGGAGGGGATGCTGTGGGTACCACCCCACCCCAGCAGTACTCCCTGGGGACTTTCTACAGATGAATTTAATAATATATATGTCATACTATGTGGAATGGTCCCGTTATCAGTTGGTTGTGTAGCTCTTGCCTGGCATTAAAGCA	37368755	37563464	-194709	37791895	-423140	37368917	-194547	-422978
ENSMUST00000119730	ATACCTCGCTTAGGATGGAGGAGGGGATGCTGTGGGTACCACCCCACCCCAGCAGTACTCCCTGGGGACTTTCTACAGATGAATTTAATAATATATATGTCATACTATGTGGAATGGTCCCGTTATCAGTTGGTTGTGTAGCTCTTGCCTGGCATTAAAGCA	37368755	37563464	-194709	37792133	-423378	37368917	-194547	-423216
ENSMUST00000119730	ATACCTCGCTTAGGATGGAGGAGGGGATGCTGTGGGTACCACCCCACCCCAGCAGTACTCCCTGGGGACTTTCTACAGATGAATTTAATAATATATATGTCATACTATGTGGAATGGTCCCGTTATCAGTTGGTTGTGTAGCTCTTGCCTGGCATTAAAGCA	37368755	37397453	-28698	37792133	-423378	37368917	-28536	-423216
ENSMUST00000119730	ATACCTCGCTTAGGATGGAGGAGGGGATGCTGTGGGTACCACCCCACCCCAGCAGTACTCCCTGGGGACTTTCTACAGATGAATTTAATAATATATATGTCATACTATGTGGAATGGTCCCGTTATCAGTTGGTTGTGTAGCTCTTGCCTGGCATTAAAGCA	37368755	37563464	-194709	37725083	-356328	37368917	-194547	-356166
ENSMUST00000119730	ATACCTCGCTTAGGATGGAGGAGGGGATGCTGTGGGTACCACCCCACCCCAGCAGTACTCCCTGGGGACTTTCTACAGATGAATTTAATAATATATATGTCATACTATGTGGAATGGTCCCGTTATCAGTTGGTTGTGTAGCTCTTGCCTGGCATTAAAGCA	37368755	37563464	-194709	37734280	-365525	37368917	-194547	-365363
ENSMUST00000119730	ATACCTCGCTTAGGATGGAGGAGGGGATGCTGTGGGTACCACCCCACCCCAGCAGTACTCCCTGGGGACTTTCTACAGATGAATTTAATAATATATATGTCATACTATGTGGAATGGTCCCGTTATCAGTTGGTTGTGTAGCTCTTGCCTGGCATTAAAGCA	37368755	37563464	-194709	37791895	-423140	37368917	-194547	-422978
ENSMUST00000119730	ATACCTCGCTTAGGATGGAGGAGGGGATGCTGTGGGTACCACCCCACCCCAGCAGTACTCCCTGGGGACTTTCTACAGATGAATTTAATAATATATATGTCATACTATGTGGAATGGTCCCGTTATCAGTTGGTTGTGTAGCTCTTGCCTGGCATTAAAGCA	37368755	37563464	-194709	37792133	-423378	37368917	-194547	-423216
ENSMUST00000119730	ATACCTCGCTTAGGATGGAGGAGGGGATGCTGTGGGTACCACCCCACCCCAGCAGTACTCCCTGGGGACTTTCTACAGATGAATTTAATAATATATATGTCATACTATGTGGAATGGTCCCGTTATCAGTTGGTTGTGTAGCTCTTGCCTGGCATTAAAGCA	37368755	37584505	-215750	37725083	-356328	37368917	-215588	-356166
ENSMUST00000119730	ATACCTCGCTTAGGATGGAGGAGGGGATGCTGTGGGTACCACCCCACCCCAGCAGTACTCCCTGGGGACTTTCTACAGATGAATTTAATAATATATATGTCATACTATGTGGAATGGTCCCGTTATCAGTTGGTTGTGTAGCTCTTGCCTGGCATTAAAGCA	37368755	37584505	-215750	37734280	-365525	37368917	-215588	-365363
ENSMUST00000119730	ATACCTCGCTTAGGATGGAGGAGGGGATGCTGTGGGTACCACCCCACCCCAGCAGTACTCCCTGGGGACTTTCTACAGATGAATTTAATAATATATATGTCATACTATGTGGAATGGTCCCGTTATCAGTTGGTTGTGTAGCTCTTGCCTGGCATTAAAGCA	37368755	37584505	-215750	37791895	-423140	37368917	-215588	-422978
ENSMUST00000119730	ATACCTCGCTTAGGATGGAGGAGGGGATGCTGTGGGTACCACCCCACCCCAGCAGTACTCCCTGGGGACTTTCTACAGATGAATTTAATAATATATATGTCATACTATGTGGAATGGTCCCGTTATCAGTTGGTTGTGTAGCTCTTGCCTGGCATTAAAGCA	37368755	37584505	-215750	37792133	-423378	37368917	-215588	-423216
ENSMUST00000119730	ATACCTCGCTTAGGATGGAGGAGGGGATGCTGTGGGTACCACCCCACCCCAGCAGTACTCCCTGGGGACTTTCTACAGATGAATTTAATAATATATATGTCATACTATGTGGAATGGTCCCGTTATCAGTTGGTTGTGTAGCTCTTGCCTGGCATTAAAGCA	37368755	37563464	-194709	37734280	-365525	37368917	-194547	-365363
ENSMUST00000119730	ATACCTCGCTTAGGATGGAGGAGGGGATGCTGTGGGTACCACCCCACCCCAGCAGTACTCCCTGGGGACTTTCTACAGATGAATTTAATAATATATATGTCATACTATGTGGAATGGTCCCGTTATCAGTTGGTTGTGTAGCTCTTGCCTGGCATTAAAGCA	37368755	37563464	-194709	37791895	-423140	37368917	-194547	-422978
ENSMUST00000119730	ATACCTCGCTTAGGATGGAGGAGGGGATGCTGTGGGTACCACCCCACCCCAGCAGTACTCCCTGGGGACTTTCTACAGATGAATTTAATAATATATATGTCATACTATGTGGAATGGTCCCGTTATCAGTTGGTTGTGTAGCTCTTGCCTGGCATTAAAGCA	37368755	37563464	-194709	37792133	-423378	37368917	-194547	-423216
ENSMUST00000119730	ATACCTCGCTTAGGATGGAGGAGGGGATGCTGTGGGTACCACCCCACCCCAGCAGTACTCCCTGGGGACTTTCTACAGATGAATTTAATAATATATATGTCATACTATGTGGAATGGTCCCGTTATCAGTTGGTTGTGTAGCTCTTGCCTGGCATTAAAGCA	37368755	37584505	-215750	37734280	-365525	37368917	-215588	-365363
ENSMUST00000119730	ATACCTCGCTTAGGATGGAGGAGGGGATGCTGTGGGTACCACCCCACCCCAGCAGTACTCCCTGGGGACTTTCTACAGATGAATTTAATAATATATATGTCATACTATGTGGAATGGTCCCGTTATCAGTTGGTTGTGTAGCTCTTGCCTGGCATTAAAGCA	37368755	37584505	-215750	37791895	-423140	37368917	-215588	-422978
ENSMUST00000119730	ATACCTCGCTTAGGATGGAGGAGGGGATGCTGTGGGTACCACCCCACCCCAGCAGTACTCCCTGGGGACTTTCTACAGATGAATTTAATAATATATATGTCATACTATGTGGAATGGTCCCGTTATCAGTTGGTTGTGTAGCTCTTGCCTGGCATTAAAGCA	37368755	37584505	-215750	37792133	-423378	37368917	-215588	-423216
ENSMUST00000119730	ATACCTCGCTTAGGATGGAGGAGGGGATGCTGTGGGTACCACCCCACCCCAGCAGTACTCCCTGGGGACTTTCTACAGATGAATTTAATAATATATATGTCATACTATGTGGAATGGTCCCGTTATCAGTTGGTTGTGTAGCTCTTGCCTGGCATTAAAGCA	37368755	37661086	-292331	37730778	-362023	37368917	-292169	-361861
ENSMUST00000119730	ATACCTCGCTTAGGATGGAGGAGGGGATGCTGTGGGTACCACCCCACCCCAGCAGTACTCCCTGGGGACTTTCTACAGATGAATTTAATAATATATATGTCATACTATGTGGAATGGTCCCGTTATCAGTTGGTTGTGTAGCTCTTGCCTGGCATTAAAGCA	37368755	37661086	-292331	37734280	-365525	37368917	-292169	-365363
ENSMUST00000119730	ATACCTCGCTTAGGATGGAGGAGGGGATGCTGTGGGTACCACCCCACCCCAGCAGTACTCCCTGGGGACTTTCTACAGATGAATTTAATAATATATATGTCATACTATGTGGAATGGTCCCGTTATCAGTTGGTTGTGTAGCTCTTGCCTGGCATTAAAGCA	37368755	37661086	-292331	37791895	-423140	37368917	-292169	-422978
ENSMUST00000119730	ATACCTCGCTTAGGATGGAGGAGGGGATGCTGTGGGTACCACCCCACCCCAGCAGTACTCCCTGGGGACTTTCTACAGATGAATTTAATAATATATATGTCATACTATGTGGAATGGTCCCGTTATCAGTTGGTTGTGTAGCTCTTGCCTGGCATTAAAGCA	37368755	37661086	-292331	37792133	-423378	37368917	-292169	-423216
ENSMUST00000119730	ATACCTCGCTTAGGATGGAGGAGGGGATGCTGTGGGTACCACCCCACCCCAGCAGTACTCCCTGGGGACTTTCTACAGATGAATTTAATAATATATATGTCATACTATGTGGAATGGTCCCGTTATCAGTTGGTTGTGTAGCTCTTGCCTGGCATTAAAGCA	37368755	37661086	-292331	37734280	-365525	37368917	-292169	-365363
ENSMUST00000119730	ATACCTCGCTTAGGATGGAGGAGGGGATGCTGTGGGTACCACCCCACCCCAGCAGTACTCCCTGGGGACTTTCTACAGATGAATTTAATAATATATATGTCATACTATGTGGAATGGTCCCGTTATCAGTTGGTTGTGTAGCTCTTGCCTGGCATTAAAGCA	37368755	37661086	-292331	37792133	-423378	37368917	-292169	-423216
ENSMUST00000119730	ATACCTCGCTTAGGATGGAGGAGGGGATGCTGTGGGTACCACCCCACCCCAGCAGTACTCCCTGGGGACTTTCTACAGATGAATTTAATAATATATATGTCATACTATGTGGAATGGTCCCGTTATCAGTTGGTTGTGTAGCTCTTGCCTGGCATTAAAGCA	37368755	37725161	-356406	37734280	-365525	37368917	-356244	-365363
ENSMUST00000119730	ATACCTCGCTTAGGATGGAGGAGGGGATGCTGTGGGTACCACCCCACCCCAGCAGTACTCCCTGGGGACTTTCTACAGATGAATTTAATAATATATATGTCATACTATGTGGAATGGTCCCGTTATCAGTTGGTTGTGTAGCTCTTGCCTGGCATTAAAGCA	37368755	37725161	-356406	37792133	-423378	37368917	-356244	-423216
ENSMUST00000121759	TAGAGCAGATCTGTTAGGACAGAGCACCTTTGCAAATGCTCAGTGTTATCACAATCCTGTGTTTATAGAAGTAACTCTGCTGCAGCCATCACTCGCTGTTAGCAATAACTCTTGTGAGTTTTAGATCGTGCTTGTTGGGGTTCTAATCATTTCAACAGTAGTA	90938373	90939034	-661	90944354	-5981	90938536	-498	-5818
ENSMUST00000121759	TAGAGCAGATCTGTTAGGACAGAGCACCTTTGCAAATGCTCAGTGTTATCACAATCCTGTGTTTATAGAAGTAACTCTGCTGCAGCCATCACTCGCTGTTAGCAATAACTCTTGTGAGTTTTAGATCGTGCTTGTTGGGGTTCTAATCATTTCAACAGTAGTA	90938373	90939034	-661	90944354	-5981	90938536	-498	-5818
ENSMUST00000121759	TAGAGCAGATCTGTTAGGACAGAGCACCTTTGCAAATGCTCAGTGTTATCACAATCCTGTGTTTATAGAAGTAACTCTGCTGCAGCCATCACTCGCTGTTAGCAATAACTCTTGTGAGTTTTAGATCGTGCTTGTTGGGGTTCTAATCATTTCAACAGTAGTA	90938373	90946862	-8489	90948065	-9692	90938536	-8326	-9529
ENSMUST00000121759	TAGAGCAGATCTGTTAGGACAGAGCACCTTTGCAAATGCTCAGTGTTATCACAATCCTGTGTTTATAGAAGTAACTCTGCTGCAGCCATCACTCGCTGTTAGCAATAACTCTTGTGAGTTTTAGATCGTGCTTGTTGGGGTTCTAATCATTTCAACAGTAGTA	90938373	90946862	-8489	90949698	-11325	90938536	-8326	-11162
ENSMUST00000121759	TAGAGCAGATCTGTTAGGACAGAGCACCTTTGCAAATGCTCAGTGTTATCACAATCCTGTGTTTATAGAAGTAACTCTGCTGCAGCCATCACTCGCTGTTAGCAATAACTCTTGTGAGTTTTAGATCGTGCTTGTTGGGGTTCTAATCATTTCAACAGTAGTA	90938373	90946862	-8489	90950350	-11977	90938536	-8326	-11814
ENSMUST00000121759	TAGAGCAGATCTGTTAGGACAGAGCACCTTTGCAAATGCTCAGTGTTATCACAATCCTGTGTTTATAGAAGTAACTCTGCTGCAGCCATCACTCGCTGTTAGCAATAACTCTTGTGAGTTTTAGATCGTGCTTGTTGGGGTTCTAATCATTTCAACAGTAGTA	90938373	90946862	-8489	90949698	-11325	90938536	-8326	-11162
ENSMUST00000121759	TAGAGCAGATCTGTTAGGACAGAGCACCTTTGCAAATGCTCAGTGTTATCACAATCCTGTGTTTATAGAAGTAACTCTGCTGCAGCCATCACTCGCTGTTAGCAATAACTCTTGTGAGTTTTAGATCGTGCTTGTTGGGGTTCTAATCATTTCAACAGTAGTA	90938373	90946862	-8489	90950350	-11977	90938536	-8326	-11814
ENSMUST00000121759	TAGAGCAGATCTGTTAGGACAGAGCACCTTTGCAAATGCTCAGTGTTATCACAATCCTGTGTTTATAGAAGTAACTCTGCTGCAGCCATCACTCGCTGTTAGCAATAACTCTTGTGAGTTTTAGATCGTGCTTGTTGGGGTTCTAATCATTTCAACAGTAGTA	90938373	90947053	-8680	90949698	-11325	90938536	-8517	-11162
ENSMUST00000121759	TAGAGCAGATCTGTTAGGACAGAGCACCTTTGCAAATGCTCAGTGTTATCACAATCCTGTGTTTATAGAAGTAACTCTGCTGCAGCCATCACTCGCTGTTAGCAATAACTCTTGTGAGTTTTAGATCGTGCTTGTTGGGGTTCTAATCATTTCAACAGTAGTA	90938373	90947053	-8680	90950350	-11977	90938536	-8517	-11814
ENSMUST00000121759	TAGAGCAGATCTGTTAGGACAGAGCACCTTTGCAAATGCTCAGTGTTATCACAATCCTGTGTTTATAGAAGTAACTCTGCTGCAGCCATCACTCGCTGTTAGCAATAACTCTTGTGAGTTTTAGATCGTGCTTGTTGGGGTTCTAATCATTTCAACAGTAGTA	90938373	90946862	-8489	90950350	-11977	90938536	-8326	-11814
ENSMUST00000121759	TAGAGCAGATCTGTTAGGACAGAGCACCTTTGCAAATGCTCAGTGTTATCACAATCCTGTGTTTATAGAAGTAACTCTGCTGCAGCCATCACTCGCTGTTAGCAATAACTCTTGTGAGTTTTAGATCGTGCTTGTTGGGGTTCTAATCATTTCAACAGTAGTA	90938373	90947053	-8680	90950350	-11977	90938536	-8517	-11814
ENSMUST00000121759	TAGAGCAGATCTGTTAGGACAGAGCACCTTTGCAAATGCTCAGTGTTATCACAATCCTGTGTTTATAGAAGTAACTCTGCTGCAGCCATCACTCGCTGTTAGCAATAACTCTTGTGAGTTTTAGATCGTGCTTGTTGGGGTTCTAATCATTTCAACAGTAGTA	90938373	90948113	-9740	90950350	-11977	90938536	-9577	-11814
ENSMUST00000121759	TAGAGCAGATCTGTTAGGACAGAGCACCTTTGCAAATGCTCAGTGTTATCACAATCCTGTGTTTATAGAAGTAACTCTGCTGCAGCCATCACTCGCTGTTAGCAATAACTCTTGTGAGTTTTAGATCGTGCTTGTTGGGGTTCTAATCATTTCAACAGTAGTA	90938373	90963976	-25603	90964504	-26131	90938536	-25440	-25968
ENSMUST00000121759	TAGAGCAGATCTGTTAGGACAGAGCACCTTTGCAAATGCTCAGTGTTATCACAATCCTGTGTTTATAGAAGTAACTCTGCTGCAGCCATCACTCGCTGTTAGCAATAACTCTTGTGAGTTTTAGATCGTGCTTGTTGGGGTTCTAATCATTTCAACAGTAGTA	90938373	90964405	-26032	90967299	-28926	90938536	-25869	-28763
ENSMUST00000121759	TAGAGCAGATCTGTTAGGACAGAGCACCTTTGCAAATGCTCAGTGTTATCACAATCCTGTGTTTATAGAAGTAACTCTGCTGCAGCCATCACTCGCTGTTAGCAATAACTCTTGTGAGTTTTAGATCGTGCTTGTTGGGGTTCTAATCATTTCAACAGTAGTA	90938373	90969374	-31001	90973909	-35536	90938536	-30838	-35373
ENSMUST00000121759	TAGAGCAGATCTGTTAGGACAGAGCACCTTTGCAAATGCTCAGTGTTATCACAATCCTGTGTTTATAGAAGTAACTCTGCTGCAGCCATCACTCGCTGTTAGCAATAACTCTTGTGAGTTTTAGATCGTGCTTGTTGGGGTTCTAATCATTTCAACAGTAGTA	90938373	90976751	-38378	90979750	-41377	90938536	-38215	-41214
ENSMUST00000121759	TAGAGCAGATCTGTTAGGACAGAGCACCTTTGCAAATGCTCAGTGTTATCACAATCCTGTGTTTATAGAAGTAACTCTGCTGCAGCCATCACTCGCTGTTAGCAATAACTCTTGTGAGTTTTAGATCGTGCTTGTTGGGGTTCTAATCATTTCAACAGTAGTA	90938373	90978770	-40397	90980948	-42575	90938536	-40234	-42412
ENSMUST00000121759	TAGAGCAGATCTGTTAGGACAGAGCACCTTTGCAAATGCTCAGTGTTATCACAATCCTGTGTTTATAGAAGTAACTCTGCTGCAGCCATCACTCGCTGTTAGCAATAACTCTTGTGAGTTTTAGATCGTGCTTGTTGGGGTTCTAATCATTTCAACAGTAGTA	90938373	90981869	-43496	90988141	-49768	90938536	-43333	-49605
ENSMUST00000121759	TAGAGCAGATCTGTTAGGACAGAGCACCTTTGCAAATGCTCAGTGTTATCACAATCCTGTGTTTATAGAAGTAACTCTGCTGCAGCCATCACTCGCTGTTAGCAATAACTCTTGTGAGTTTTAGATCGTGCTTGTTGGGGTTCTAATCATTTCAACAGTAGTA	90938373	90981869	-43496	90991379	-53006	90938536	-43333	-52843
ENSMUST00000121759	TAGAGCAGATCTGTTAGGACAGAGCACCTTTGCAAATGCTCAGTGTTATCACAATCCTGTGTTTATAGAAGTAACTCTGCTGCAGCCATCACTCGCTGTTAGCAATAACTCTTGTGAGTTTTAGATCGTGCTTGTTGGGGTTCTAATCATTTCAACAGTAGTA	90938373	90994027	-55654	91010972	-72599	90938536	-55491	-72436
ENSMUST00000048967	CAGCCTCCGCTCCTGGCTACCTGGCAATCACAAAGAAAGTGGCAGTTCCTTTTAGCCCTGCTGTTGGGGTGGACTTTGAGCTTGAGTCTTTCTCTGAAAGGAAGGAGGAGGAGAAGGAAGAATTGATGGAGTGGTGGAAAATGATGTCAGAAACTTTGAATTTT	64594955	64593221	1734	64597459	-2504	64592646	-575	-4813
ENSMUST00000048967	CAGCCTCCGCTCCTGGCTACCTGGCAATCACAAAGAAAGTGGCAGTTCCTTTTAGCCCTGCTGTTGGGGTGGACTTTGAGCTTGAGTCTTTCTCTGAAAGGAAGGAGGAGGAGAAGGAAGAATTGATGGAGTGGTGGAAAATGATGTCAGAAACTTTGAATTTT	64594955	64617705	-22750	64692642	-97687	64592646	-25059	-99996
ENSMUST00000215836	ATCCCACTCAAACCAGGTCTCTGGAACCTAGTAACAAAGCTTTTTCTAAGCTCTCCTTACCTAGTCAACCTTGGGTTAGTCTGGATGCCAACATAGTATACAAGTGGCAGTAGTGATCTCTGGCCTTGAACATTATTACAGAACAGCCCACATTACTTGATACATT	18582136	18589772	-7636	18594907	-12771	18582302	-7470	-12605
ENSMUST00000215836	ATCCCACTCAAACCAGGTCTCTGGAACCTAGTAACAAAGCTTTTTCTAAGCTCTCCTTACCTAGTCAACCTTGGGTTAGTCTGGATGCCAACATAGTATACAAGTGGCAGTAGTGATCTCTGGCCTTGAACATTATTACAGAACAGCCCACATTACTTGATACATT	18582136	18699410	-117274	18743540	-161404	18582302	-117108	-161238
ENSMUST00000106267	CATCCTCGGAGGATCCAGAGAGGCCCAGCGACCATGCTGCACATCTTATGTGATGTAGAACAAACTCTCCTGACTTGCTTACTGCCAGGGGTCGGTCGCATCATGTCCTGGGGACTCTCTCTCTCTCTCTCAATCTCTCTCCCAATCTCTCTCTCTCTCTCTGTGTG	127804553	127811236	-6683	127815063	-10510	127804720	-6516	-10343
ENSMUST00000106267	CATCCTCGGAGGATCCAGAGAGGCCCAGCGACCATGCTGCACATCTTATGTGATGTAGAACAAACTCTCCTGACTTGCTTACTGCCAGGGGTCGGTCGCATCATGTCCTGGGGACTCTCTCTCTCTCTCTCAATCTCTCTCCCAATCTCTCTCTCTCTCTCTGTGTG	127804553	127814987	-10434	127815345	-10792	127804720	-10267	-10625
ENSMUST00000170219	CTCCACTCGTGAGCACTGGCAGGCAGTAACACTGCCTGCCACTGTGTGAGCGAACCTACTGGAGGTGAAGTGACTGTGGGGCACTGAGGATCAGAGAGGAGCTCGCCGCCCCATATTCTGAGTTGATTTACCCTGTCCATGGTATGCGCTCTACCTTTCCTCTCTGAGC	80131755	80135246	-3491	80136349	-4594	80131924	-3322	-4425
ENSMUST00000170219	CTCCACTCGTGAGCACTGGCAGGCAGTAACACTGCCTGCCACTGTGTGAGCGAACCTACTGGAGGTGAAGTGACTGTGGGGCACTGAGGATCAGAGAGGAGCTCGCCGCCCCATATTCTGAGTTGATTTACCCTGTCCATGGTATGCGCTCTACCTTTCCTCTCTGAGC	80131755	80135546	-3791	80136689	-4934	80131924	-3622	-4765
ENSMUST00000170219	CTCCACTCGTGAGCACTGGCAGGCAGTAACACTGCCTGCCACTGTGTGAGCGAACCTACTGGAGGTGAAGTGACTGTGGGGCACTGAGGATCAGAGAGGAGCTCGCCGCCCCATATTCTGAGTTGATTTACCCTGTCCATGGTATGCGCTCTACCTTTCCTCTCTGAGC	80131755	80136494	-4739	80136873	-5118	80131924	-4570	-4949
ENSMUST00000170219	CTCCACTCGTGAGCACTGGCAGGCAGTAACACTGCCTGCCACTGTGTGAGCGAACCTACTGGAGGTGAAGTGACTGTGGGGCACTGAGGATCAGAGAGGAGCTCGCCGCCCCATATTCTGAGTTGATTTACCCTGTCCATGGTATGCGCTCTACCTTTCCTCTCTGAGC	80131755	80136494	-4739	80136873	-5118	80131924	-4570	-4949
ENSMUST00000170219	CTCCACTCGTGAGCACTGGCAGGCAGTAACACTGCCTGCCACTGTGTGAGCGAACCTACTGGAGGTGAAGTGACTGTGGGGCACTGAGGATCAGAGAGGAGCTCGCCGCCCCATATTCTGAGTTGATTTACCCTGTCCATGGTATGCGCTCTACCTTTCCTCTCTGAGC	80131755	80136494	-4739	80136873	-5118	80131924	-4570	-4949
ENSMUST00000170219	CTCCACTCGTGAGCACTGGCAGGCAGTAACACTGCCTGCCACTGTGTGAGCGAACCTACTGGAGGTGAAGTGACTGTGGGGCACTGAGGATCAGAGAGGAGCTCGCCGCCCCATATTCTGAGTTGATTTACCCTGTCCATGGTATGCGCTCTACCTTTCCTCTCTGAGC	80131755	80136938	-5183	80137287	-5532	80131924	-5014	-5363
ENSMUST00000170219	CTCCACTCGTGAGCACTGGCAGGCAGTAACACTGCCTGCCACTGTGTGAGCGAACCTACTGGAGGTGAAGTGACTGTGGGGCACTGAGGATCAGAGAGGAGCTCGCCGCCCCATATTCTGAGTTGATTTACCCTGTCCATGGTATGCGCTCTACCTTTCCTCTCTGAGC	80131755	80136938	-5183	80139085	-7330	80131924	-5014	-7161
ENSMUST00000170883	GTAGCCCAAGAACAGATTGAAGGAATGGTCAAAGACCTGATTAATAGGATGGACTATGTAGAGATCAACATTGACCATAAATTCCACAGACACCTCATTGGAAAGAGCGGAGCCAACATCAACAGAATCAAAGACCAGTACAAAGTGTCTGTGCGCATCCCCCCTGACAGTGA	93428223	93413931	14292	93416500	11723	93425333	11402	8833
ENSMUST00000170883	GTAGCCCAAGAACAGATTGAAGGAATGGTCAAAGACCTGATTAATAGGATGGACTATGTAGAGATCAACATTGACCATAAATTCCACAGACACCTCATTGGAAAGAGCGGAGCCAACATCAACAGAATCAAAGACCAGTACAAAGTGTCTGTGCGCATCCCCCCTGACAGTGA	93428223	93417390	10833	93420068	8155	93425333	7943	5265
ENSMUST00000170883	GTAGCCCAAGAACAGATTGAAGGAATGGTCAAAGACCTGATTAATAGGATGGACTATGTAGAGATCAACATTGACCATAAATTCCACAGACACCTCATTGGAAAGAGCGGAGCCAACATCAACAGAATCAAAGACCAGTACAAAGTGTCTGTGCGCATCCCCCCTGACAGTGA	93428223	93428252	-29	93430097	-1874	93425333	-2919	-4764
ENSMUST00000170883	GTAGCCCAAGAACAGATTGAAGGAATGGTCAAAGACCTGATTAATAGGATGGACTATGTAGAGATCAACATTGACCATAAATTCCACAGACACCTCATTGGAAAGAGCGGAGCCAACATCAACAGAATCAAAGACCAGTACAAAGTGTCTGTGCGCATCCCCCCTGACAGTGA	93428223	93442250	-14027	93478206	-49983	93425333	-16917	-52873
ENSMUST00000170883	GTAGCCCAAGAACAGATTGAAGGAATGGTCAAAGACCTGATTAATAGGATGGACTATGTAGAGATCAACATTGACCATAAATTCCACAGACACCTCATTGGAAAGAGCGGAGCCAACATCAACAGAATCAAAGACCAGTACAAAGTGTCTGTGCGCATCCCCCCTGACAGTGA	93428223	93442250	-14027	93478712	-50489	93425333	-16917	-53379
ENSMUST00000025774	TGAACTCATTGAGCTGAGGAAGAAGAAGATCGAAGAGGCGATGGATGGAAGTGAGACACCTCAGTTATTCACTGTATTGCCAGAGAAGAGAACAGCCACTGTTGGGGGAGCCATGATGGGATCCACCCACATTTATGACATGTCCACGGTTATGAGCCGGAAGGGCCCAGCCCCTGA	5279340	5287626	-8286	5288303	-8963	5274840	-12786	-13463
ENSMUST00000163230	TTTTTGCTGTTGTCCCAGGTCCTCGGTGTTTGCATTCCAAGAGGAAGTCGAGTGCCTCGGGTCTGTTGTAGGACTTGATTTTTTTTTTTTTTGTAGAGCAATGCAGTGCCATGCTGTTAGAAAGGCTCCAGACTTAGAACCACCAGTGCCAAGCCAGCTCTCAGACCGACTAGGGCTC	45382286	45394860	-12574	45400221	-17935	45382464	-12396	-17757
ENSMUST00000163230	TTTTTGCTGTTGTCCCAGGTCCTCGGTGTTTGCATTCCAAGAGGAAGTCGAGTGCCTCGGGTCTGTTGTAGGACTTGATTTTTTTTTTTTTTGTAGAGCAATGCAGTGCCATGCTGTTAGAAAGGCTCCAGACTTAGAACCACCAGTGCCAAGCCAGCTCTCAGACCGACTAGGGCTC	45382286	45394860	-12574	45408855	-26569	45382464	-12396	-26391
ENSMUST00000163230	TTTTTGCTGTTGTCCCAGGTCCTCGGTGTTTGCATTCCAAGAGGAAGTCGAGTGCCTCGGGTCTGTTGTAGGACTTGATTTTTTTTTTTTTTGTAGAGCAATGCAGTGCCATGCTGTTAGAAAGGCTCCAGACTTAGAACCACCAGTGCCAAGCCAGCTCTCAGACCGACTAGGGCTC	45382286	45394865	-12579	45400221	-17935	45382464	-12401	-17757
ENSMUST00000163230	TTTTTGCTGTTGTCCCAGGTCCTCGGTGTTTGCATTCCAAGAGGAAGTCGAGTGCCTCGGGTCTGTTGTAGGACTTGATTTTTTTTTTTTTTGTAGAGCAATGCAGTGCCATGCTGTTAGAAAGGCTCCAGACTTAGAACCACCAGTGCCAAGCCAGCTCTCAGACCGACTAGGGCTC	45382286	45394865	-12579	45408855	-26569	45382464	-12401	-26391
ENSMUST00000163230	TTTTTGCTGTTGTCCCAGGTCCTCGGTGTTTGCATTCCAAGAGGAAGTCGAGTGCCTCGGGTCTGTTGTAGGACTTGATTTTTTTTTTTTTTGTAGAGCAATGCAGTGCCATGCTGTTAGAAAGGCTCCAGACTTAGAACCACCAGTGCCAAGCCAGCTCTCAGACCGACTAGGGCTC	45382286	45394860	-12574	45408855	-26569	45382464	-12396	-26391
ENSMUST00000163230	TTTTTGCTGTTGTCCCAGGTCCTCGGTGTTTGCATTCCAAGAGGAAGTCGAGTGCCTCGGGTCTGTTGTAGGACTTGATTTTTTTTTTTTTTGTAGAGCAATGCAGTGCCATGCTGTTAGAAAGGCTCCAGACTTAGAACCACCAGTGCCAAGCCAGCTCTCAGACCGACTAGGGCTC	45382286	45394865	-12579	45408855	-26569	45382464	-12401	-26391
ENSMUST00000163230	TTTTTGCTGTTGTCCCAGGTCCTCGGTGTTTGCATTCCAAGAGGAAGTCGAGTGCCTCGGGTCTGTTGTAGGACTTGATTTTTTTTTTTTTTGTAGAGCAATGCAGTGCCATGCTGTTAGAAAGGCTCCAGACTTAGAACCACCAGTGCCAAGCCAGCTCTCAGACCGACTAGGGCTC	45382286	45397295	-15009	45408722	-26436	45382464	-14831	-26258
ENSMUST00000163230	TTTTTGCTGTTGTCCCAGGTCCTCGGTGTTTGCATTCCAAGAGGAAGTCGAGTGCCTCGGGTCTGTTGTAGGACTTGATTTTTTTTTTTTTTGTAGAGCAATGCAGTGCCATGCTGTTAGAAAGGCTCCAGACTTAGAACCACCAGTGCCAAGCCAGCTCTCAGACCGACTAGGGCTC	45382286	45397295	-15009	45408855	-26569	45382464	-14831	-26391
ENSMUST00000019514	TGGCCCCCCAGGGTGATCTTGTTGCTTTTTGCTGGGACCTGCCAGCTTTGAGACTCTCCACCCCTTGGCACCAGCCTTAAGGGAGGGAGGGACAGAGCAAATCAGGAGACCCAGCCTAGAGTTGAGGGCAAGGGCAGGTAGGCGTGAGGCTGTGGACTTTGCGGAATGTTTCGGGGTTT	16916671	16917728	-1057	16923840	-7169	16916850	-878	-6990
ENSMUST00000078352	AAGACTGTGCGGGACCTCATGCCCAAGACCATCATGCACCTCATGATCAACAACACCAAGGAGTTTATCTTCTCTGAGCTGCTGGCCAACCTGTACTCTTGCGGGGACCAGAACACACTGATGGAAGAATCGGCCGAGCAGGCTCAGCGGCGCGACGAGATGCTGCGCATGTACCACGCAC	32315025	32309064	5961	32312126	2899	32312830	3766	704
ENSMUST00000078352	AAGACTGTGCGGGACCTCATGCCCAAGACCATCATGCACCTCATGATCAACAACACCAAGGAGTTTATCTTCTCTGAGCTGCTGGCCAACCTGTACTCTTGCGGGGACCAGAACACACTGATGGAAGAATCGGCCGAGCAGGCTCAGCGGCGCGACGAGATGCTGCGCATGTACCACGCAC	32315025	32309637	5388	32312126	2899	32312830	3193	704
ENSMUST00000078352	AAGACTGTGCGGGACCTCATGCCCAAGACCATCATGCACCTCATGATCAACAACACCAAGGAGTTTATCTTCTCTGAGCTGCTGGCCAACCTGTACTCTTGCGGGGACCAGAACACACTGATGGAAGAATCGGCCGAGCAGGCTCAGCGGCGCGACGAGATGCTGCGCATGTACCACGCAC	32315025	32309064	5961	32312126	2899	32312830	3766	704
ENSMUST00000078352	AAGACTGTGCGGGACCTCATGCCCAAGACCATCATGCACCTCATGATCAACAACACCAAGGAGTTTATCTTCTCTGAGCTGCTGGCCAACCTGTACTCTTGCGGGGACCAGAACACACTGATGGAAGAATCGGCCGAGCAGGCTCAGCGGCGCGACGAGATGCTGCGCATGTACCACGCAC	32315025	32309637	5388	32312126	2899	32312830	3193	704
ENSMUST00000078352	AAGACTGTGCGGGACCTCATGCCCAAGACCATCATGCACCTCATGATCAACAACACCAAGGAGTTTATCTTCTCTGAGCTGCTGGCCAACCTGTACTCTTGCGGGGACCAGAACACACTGATGGAAGAATCGGCCGAGCAGGCTCAGCGGCGCGACGAGATGCTGCGCATGTACCACGCAC	32315025	32309634	5391	32312126	2899	32312830	3196	704
ENSMUST00000078352	AAGACTGTGCGGGACCTCATGCCCAAGACCATCATGCACCTCATGATCAACAACACCAAGGAGTTTATCTTCTCTGAGCTGCTGGCCAACCTGTACTCTTGCGGGGACCAGAACACACTGATGGAAGAATCGGCCGAGCAGGCTCAGCGGCGCGACGAGATGCTGCGCATGTACCACGCAC	32315025	32310027	4998	32312126	2899	32312830	2803	704
ENSMUST00000078352	AAGACTGTGCGGGACCTCATGCCCAAGACCATCATGCACCTCATGATCAACAACACCAAGGAGTTTATCTTCTCTGAGCTGCTGGCCAACCTGTACTCTTGCGGGGACCAGAACACACTGATGGAAGAATCGGCCGAGCAGGCTCAGCGGCGCGACGAGATGCTGCGCATGTACCACGCAC	32315025	32310487	4538	32312683	2342	32312830	2343	147
ENSMUST00000078352	AAGACTGTGCGGGACCTCATGCCCAAGACCATCATGCACCTCATGATCAACAACACCAAGGAGTTTATCTTCTCTGAGCTGCTGGCCAACCTGTACTCTTGCGGGGACCAGAACACACTGATGGAAGAATCGGCCGAGCAGGCTCAGCGGCGCGACGAGATGCTGCGCATGTACCACGCAC	32315025	32312925	2100	32315335	-310	32312830	-95	-2505
ENSMUST00000078352	AAGACTGTGCGGGACCTCATGCCCAAGACCATCATGCACCTCATGATCAACAACACCAAGGAGTTTATCTTCTCTGAGCTGCTGGCCAACCTGTACTCTTGCGGGGACCAGAACACACTGATGGAAGAATCGGCCGAGCAGGCTCAGCGGCGCGACGAGATGCTGCGCATGTACCACGCAC	32315025	32315910	-885	32320503	-5478	32312830	-3080	-7673
ENSMUST00000078352	AAGACTGTGCGGGACCTCATGCCCAAGACCATCATGCACCTCATGATCAACAACACCAAGGAGTTTATCTTCTCTGAGCTGCTGGCCAACCTGTACTCTTGCGGGGACCAGAACACACTGATGGAAGAATCGGCCGAGCAGGCTCAGCGGCGCGACGAGATGCTGCGCATGTACCACGCAC	32315025	32320617	-5592	32323421	-8396	32312830	-7787	-10591
ENSMUST00000078352	AAGACTGTGCGGGACCTCATGCCCAAGACCATCATGCACCTCATGATCAACAACACCAAGGAGTTTATCTTCTCTGAGCTGCTGGCCAACCTGTACTCTTGCGGGGACCAGAACACACTGATGGAAGAATCGGCCGAGCAGGCTCAGCGGCGCGACGAGATGCTGCGCATGTACCACGCAC	32315025	32320617	-5592	32327960	-12935	32312830	-7787	-15130
ENSMUST00000078352	AAGACTGTGCGGGACCTCATGCCCAAGACCATCATGCACCTCATGATCAACAACACCAAGGAGTTTATCTTCTCTGAGCTGCTGGCCAACCTGTACTCTTGCGGGGACCAGAACACACTGATGGAAGAATCGGCCGAGCAGGCTCAGCGGCGCGACGAGATGCTGCGCATGTACCACGCAC	32315025	32323473	-8448	32327960	-12935	32312830	-10643	-15130
ENSMUST00000078352	AAGACTGTGCGGGACCTCATGCCCAAGACCATCATGCACCTCATGATCAACAACACCAAGGAGTTTATCTTCTCTGAGCTGCTGGCCAACCTGTACTCTTGCGGGGACCAGAACACACTGATGGAAGAATCGGCCGAGCAGGCTCAGCGGCGCGACGAGATGCTGCGCATGTACCACGCAC	32315025	32323730	-8705	32333065	-18040	32312830	-10900	-20235
ENSMUST00000078352	AAGACTGTGCGGGACCTCATGCCCAAGACCATCATGCACCTCATGATCAACAACACCAAGGAGTTTATCTTCTCTGAGCTGCTGGCCAACCTGTACTCTTGCGGGGACCAGAACACACTGATGGAAGAATCGGCCGAGCAGGCTCAGCGGCGCGACGAGATGCTGCGCATGTACCACGCAC	32315025	32328047	-13022	32335775	-20750	32312830	-15217	-22945
ENSMUST00000078352	AAGACTGTGCGGGACCTCATGCCCAAGACCATCATGCACCTCATGATCAACAACACCAAGGAGTTTATCTTCTCTGAGCTGCTGGCCAACCTGTACTCTTGCGGGGACCAGAACACACTGATGGAAGAATCGGCCGAGCAGGCTCAGCGGCGCGACGAGATGCTGCGCATGTACCACGCAC	32315025	32328047	-13022	32334681	-19656	32312830	-15217	-21851
ENSMUST00000078352	AAGACTGTGCGGGACCTCATGCCCAAGACCATCATGCACCTCATGATCAACAACACCAAGGAGTTTATCTTCTCTGAGCTGCTGGCCAACCTGTACTCTTGCGGGGACCAGAACACACTGATGGAAGAATCGGCCGAGCAGGCTCAGCGGCGCGACGAGATGCTGCGCATGTACCACGCAC	32315025	32328047	-13022	32335775	-20750	32312830	-15217	-22945
ENSMUST00000078352	AAGACTGTGCGGGACCTCATGCCCAAGACCATCATGCACCTCATGATCAACAACACCAAGGAGTTTATCTTCTCTGAGCTGCTGGCCAACCTGTACTCTTGCGGGGACCAGAACACACTGATGGAAGAATCGGCCGAGCAGGCTCAGCGGCGCGACGAGATGCTGCGCATGTACCACGCAC	32315025	32328047	-13022	32335775	-20750	32312830	-15217	-22945
ENSMUST00000078352	AAGACTGTGCGGGACCTCATGCCCAAGACCATCATGCACCTCATGATCAACAACACCAAGGAGTTTATCTTCTCTGAGCTGCTGGCCAACCTGTACTCTTGCGGGGACCAGAACACACTGATGGAAGAATCGGCCGAGCAGGCTCAGCGGCGCGACGAGATGCTGCGCATGTACCACGCAC	32315025	32333204	-18179	32335775	-20750	32312830	-20374	-22945
ENSMUST00000078352	AAGACTGTGCGGGACCTCATGCCCAAGACCATCATGCACCTCATGATCAACAACACCAAGGAGTTTATCTTCTCTGAGCTGCTGGCCAACCTGTACTCTTGCGGGGACCAGAACACACTGATGGAAGAATCGGCCGAGCAGGCTCAGCGGCGCGACGAGATGCTGCGCATGTACCACGCAC	32315025	32328047	-13022	32335937	-20912	32312830	-15217	-23107
ENSMUST00000078352	AAGACTGTGCGGGACCTCATGCCCAAGACCATCATGCACCTCATGATCAACAACACCAAGGAGTTTATCTTCTCTGAGCTGCTGGCCAACCTGTACTCTTGCGGGGACCAGAACACACTGATGGAAGAATCGGCCGAGCAGGCTCAGCGGCGCGACGAGATGCTGCGCATGTACCACGCAC	32315025	32337894	-22869	32339920	-24895	32312830	-25064	-27090
ENSMUST00000078352	AAGACTGTGCGGGACCTCATGCCCAAGACCATCATGCACCTCATGATCAACAACACCAAGGAGTTTATCTTCTCTGAGCTGCTGGCCAACCTGTACTCTTGCGGGGACCAGAACACACTGATGGAAGAATCGGCCGAGCAGGCTCAGCGGCGCGACGAGATGCTGCGCATGTACCACGCAC	32315025	32337894	-22869	32340415	-25390	32312830	-25064	-27585
ENSMUST00000078352	AAGACTGTGCGGGACCTCATGCCCAAGACCATCATGCACCTCATGATCAACAACACCAAGGAGTTTATCTTCTCTGAGCTGCTGGCCAACCTGTACTCTTGCGGGGACCAGAACACACTGATGGAAGAATCGGCCGAGCAGGCTCAGCGGCGCGACGAGATGCTGCGCATGTACCACGCAC	32315025	32337894	-22869	32340415	-25390	32312830	-25064	-27585
ENSMUST00000078352	AAGACTGTGCGGGACCTCATGCCCAAGACCATCATGCACCTCATGATCAACAACACCAAGGAGTTTATCTTCTCTGAGCTGCTGGCCAACCTGTACTCTTGCGGGGACCAGAACACACTGATGGAAGAATCGGCCGAGCAGGCTCAGCGGCGCGACGAGATGCTGCGCATGTACCACGCAC	32315025	32338099	-23074	32340415	-25390	32312830	-25269	-27585
ENSMUST00000078352	AAGACTGTGCGGGACCTCATGCCCAAGACCATCATGCACCTCATGATCAACAACACCAAGGAGTTTATCTTCTCTGAGCTGCTGGCCAACCTGTACTCTTGCGGGGACCAGAACACACTGATGGAAGAATCGGCCGAGCAGGCTCAGCGGCGCGACGAGATGCTGCGCATGTACCACGCAC	32315025	32340906	-25881	32353048	-38023	32312830	-28076	-40218
ENSMUST00000141722	TTCTCCTGGAAAAGGACTTAGTGCTGATAGACCTTGCACAAAATGGATACCCTATATTTGAGAATCCCTACCCTTTGAGTATACACGAGTCCCCTGTTACATGTTGTGAATATTTTGCTGATTGTCCTGTGGATCTTATTCCTGCACTTTACTCTGTTGGAGCTAGACAGAAGCGTCAAGGTT	9816288	9762965	53323	9768829	47459	9811966	49001	43137
ENSMUST00000141722	TTCTCCTGGAAAAGGACTTAGTGCTGATAGACCTTGCACAAAATGGATACCCTATATTTGAGAATCCCTACCCTTTGAGTATACACGAGTCCCCTGTTACATGTTGTGAATATTTTGCTGATTGTCCTGTGGATCTTATTCCTGCACTTTACTCTGTTGGAGCTAGACAGAAGCGTCAAGGTT	9816288	9770689	45599	9789362	26926	9811966	41277	22604
ENSMUST00000141722	TTCTCCTGGAAAAGGACTTAGTGCTGATAGACCTTGCACAAAATGGATACCCTATATTTGAGAATCCCTACCCTTTGAGTATACACGAGTCCCCTGTTACATGTTGTGAATATTTTGCTGATTGTCCTGTGGATCTTATTCCTGCACTTTACTCTGTTGGAGCTAGACAGAAGCGTCAAGGTT	9816288	9770689	45599	9789362	26926	9811966	41277	22604
ENSMUST00000141722	TTCTCCTGGAAAAGGACTTAGTGCTGATAGACCTTGCACAAAATGGATACCCTATATTTGAGAATCCCTACCCTTTGAGTATACACGAGTCCCCTGTTACATGTTGTGAATATTTTGCTGATTGTCCTGTGGATCTTATTCCTGCACTTTACTCTGTTGGAGCTAGACAGAAGCGTCAAGGTT	9816288	9778071	38217	9784340	31948	9811966	33895	27626
ENSMUST00000141722	TTCTCCTGGAAAAGGACTTAGTGCTGATAGACCTTGCACAAAATGGATACCCTATATTTGAGAATCCCTACCCTTTGAGTATACACGAGTCCCCTGTTACATGTTGTGAATATTTTGCTGATTGTCCTGTGGATCTTATTCCTGCACTTTACTCTGTTGGAGCTAGACAGAAGCGTCAAGGTT	9816288	9778071	38217	9789362	26926	9811966	33895	22604
ENSMUST00000141722	TTCTCCTGGAAAAGGACTTAGTGCTGATAGACCTTGCACAAAATGGATACCCTATATTTGAGAATCCCTACCCTTTGAGTATACACGAGTCCCCTGTTACATGTTGTGAATATTTTGCTGATTGTCCTGTGGATCTTATTCCTGCACTTTACTCTGTTGGAGCTAGACAGAAGCGTCAAGGTT	9816288	9778071	38217	9789362	26926	9811966	33895	22604
ENSMUST00000141722	TTCTCCTGGAAAAGGACTTAGTGCTGATAGACCTTGCACAAAATGGATACCCTATATTTGAGAATCCCTACCCTTTGAGTATACACGAGTCCCCTGTTACATGTTGTGAATATTTTGCTGATTGTCCTGTGGATCTTATTCCTGCACTTTACTCTGTTGGAGCTAGACAGAAGCGTCAAGGTT	9816288	9784235	32053	9789362	26926	9811966	27731	22604
ENSMUST00000141722	TTCTCCTGGAAAAGGACTTAGTGCTGATAGACCTTGCACAAAATGGATACCCTATATTTGAGAATCCCTACCCTTTGAGTATACACGAGTCCCCTGTTACATGTTGTGAATATTTTGCTGATTGTCCTGTGGATCTTATTCCTGCACTTTACTCTGTTGGAGCTAGACAGAAGCGTCAAGGTT	9816288	9770689	45599	9798121	18167	9811966	41277	13845
ENSMUST00000141722	TTCTCCTGGAAAAGGACTTAGTGCTGATAGACCTTGCACAAAATGGATACCCTATATTTGAGAATCCCTACCCTTTGAGTATACACGAGTCCCCTGTTACATGTTGTGAATATTTTGCTGATTGTCCTGTGGATCTTATTCCTGCACTTTACTCTGTTGGAGCTAGACAGAAGCGTCAAGGTT	9816288	9789428	26860	9798121	18167	9811966	22538	13845
ENSMUST00000141722	TTCTCCTGGAAAAGGACTTAGTGCTGATAGACCTTGCACAAAATGGATACCCTATATTTGAGAATCCCTACCCTTTGAGTATACACGAGTCCCCTGTTACATGTTGTGAATATTTTGCTGATTGTCCTGTGGATCTTATTCCTGCACTTTACTCTGTTGGAGCTAGACAGAAGCGTCAAGGTT	9816288	9812407	3881	9817305	-1017	9811966	-441	-5339
ENSMUST00000064762	ACAGACTTCTAGAAGATTTGTGCATACGATTCTTAATCCAATTGTATAGATTGAATATTTGAGTGGAAGGCATTTCCACCCTGTTTAAATGATGGAATTCTATTGAGCTAGCACTCCTGATCATGACCTTTTTAGTAGTATTTGTAAACAAAATTCTACAGAGACTAAATCTTAGCGATAATC	99424649	99435701	-11052	99508107	-83458	99424832	-10869	-83275
ENSMUST00000064762	ACAGACTTCTAGAAGATTTGTGCATACGATTCTTAATCCAATTGTATAGATTGAATATTTGAGTGGAAGGCATTTCCACCCTGTTTAAATGATGGAATTCTATTGAGCTAGCACTCCTGATCATGACCTTTTTAGTAGTATTTGTAAACAAAATTCTACAGAGACTAAATCTTAGCGATAATC	99424649	99441774	-17125	99508107	-83458	99424832	-16942	-83275
ENSMUST00000190723	TGGAGGACCTCTCCAAGCTGGCTGTAACCTCCTACAATGACATCCAGGACCTCATGGACTCAGGGAACAAGGCCAGGACTGTGGCGGCCACAAACATGAATGAGACCAGCAGCCGTTCTCACGCAGTCTTCAACATCATCTTTACCCAGAAGCGCCATGATGCAGAGACCAACATCACCACAGAGA	93076259	93019070	57189	93020457	55802	93073813	54743	53356
ENSMUST00000190723	TGGAGGACCTCTCCAAGCTGGCTGTAACCTCCTACAATGACATCCAGGACCTCATGGACTCAGGGAACAAGGCCAGGACTGTGGCGGCCACAAACATGAATGAGACCAGCAGCCGTTCTCACGCAGTCTTCAACATCATCTTTACCCAGAAGCGCCATGATGCAGAGACCAACATCACCACAGAGA	93076259	93021337	54922	93022320	53939	93073813	52476	51493
ENSMUST00000190723	TGGAGGACCTCTCCAAGCTGGCTGTAACCTCCTACAATGACATCCAGGACCTCATGGACTCAGGGAACAAGGCCAGGACTGTGGCGGCCACAAACATGAATGAGACCAGCAGCCGTTCTCACGCAGTCTTCAACATCATCTTTACCCAGAAGCGCCATGATGCAGAGACCAACATCACCACAGAGA	93076259	93024712	51547	93036845	39414	93073813	49101	36968
ENSMUST00000190723	TGGAGGACCTCTCCAAGCTGGCTGTAACCTCCTACAATGACATCCAGGACCTCATGGACTCAGGGAACAAGGCCAGGACTGTGGCGGCCACAAACATGAATGAGACCAGCAGCCGTTCTCACGCAGTCTTCAACATCATCTTTACCCAGAAGCGCCATGATGCAGAGACCAACATCACCACAGAGA	93076259	93025735	50524	93034545	41714	93073813	48078	39268
ENSMUST00000190723	TGGAGGACCTCTCCAAGCTGGCTGTAACCTCCTACAATGACATCCAGGACCTCATGGACTCAGGGAACAAGGCCAGGACTGTGGCGGCCACAAACATGAATGAGACCAGCAGCCGTTCTCACGCAGTCTTCAACATCATCTTTACCCAGAAGCGCCATGATGCAGAGACCAACATCACCACAGAGA	93076259	93025735	50524	93036845	39414	93073813	48078	36968
ENSMUST00000190723	TGGAGGACCTCTCCAAGCTGGCTGTAACCTCCTACAATGACATCCAGGACCTCATGGACTCAGGGAACAAGGCCAGGACTGTGGCGGCCACAAACATGAATGAGACCAGCAGCCGTTCTCACGCAGTCTTCAACATCATCTTTACCCAGAAGCGCCATGATGCAGAGACCAACATCACCACAGAGA	93076259	93025735	50524	93036845	39414	93073813	48078	36968
ENSMUST00000190723	TGGAGGACCTCTCCAAGCTGGCTGTAACCTCCTACAATGACATCCAGGACCTCATGGACTCAGGGAACAAGGCCAGGACTGTGGCGGCCACAAACATGAATGAGACCAGCAGCCGTTCTCACGCAGTCTTCAACATCATCTTTACCCAGAAGCGCCATGATGCAGAGACCAACATCACCACAGAGA	93076259	93026855	49404	93036845	39414	93073813	46958	36968
ENSMUST00000190723	TGGAGGACCTCTCCAAGCTGGCTGTAACCTCCTACAATGACATCCAGGACCTCATGGACTCAGGGAACAAGGCCAGGACTGTGGCGGCCACAAACATGAATGAGACCAGCAGCCGTTCTCACGCAGTCTTCAACATCATCTTTACCCAGAAGCGCCATGATGCAGAGACCAACATCACCACAGAGA	93076259	93040674	35585	93042084	34175	93073813	33139	31729
ENSMUST00000190723	TGGAGGACCTCTCCAAGCTGGCTGTAACCTCCTACAATGACATCCAGGACCTCATGGACTCAGGGAACAAGGCCAGGACTGTGGCGGCCACAAACATGAATGAGACCAGCAGCCGTTCTCACGCAGTCTTCAACATCATCTTTACCCAGAAGCGCCATGATGCAGAGACCAACATCACCACAGAGA	93076259	93042175	34084	93042615	33644	93073813	31638	31198
ENSMUST00000190723	TGGAGGACCTCTCCAAGCTGGCTGTAACCTCCTACAATGACATCCAGGACCTCATGGACTCAGGGAACAAGGCCAGGACTGTGGCGGCCACAAACATGAATGAGACCAGCAGCCGTTCTCACGCAGTCTTCAACATCATCTTTACCCAGAAGCGCCATGATGCAGAGACCAACATCACCACAGAGA	93076259	93043674	32585	93052423	23836	93073813	30139	21390
ENSMUST00000190723	TGGAGGACCTCTCCAAGCTGGCTGTAACCTCCTACAATGACATCCAGGACCTCATGGACTCAGGGAACAAGGCCAGGACTGTGGCGGCCACAAACATGAATGAGACCAGCAGCCGTTCTCACGCAGTCTTCAACATCATCTTTACCCAGAAGCGCCATGATGCAGAGACCAACATCACCACAGAGA	93076259	93043674	32585	93052423	23836	93073813	30139	21390
ENSMUST00000190723	TGGAGGACCTCTCCAAGCTGGCTGTAACCTCCTACAATGACATCCAGGACCTCATGGACTCAGGGAACAAGGCCAGGACTGTGGCGGCCACAAACATGAATGAGACCAGCAGCCGTTCTCACGCAGTCTTCAACATCATCTTTACCCAGAAGCGCCATGATGCAGAGACCAACATCACCACAGAGA	93076259	93046770	29489	93052423	23836	93073813	27043	21390
ENSMUST00000190723	TGGAGGACCTCTCCAAGCTGGCTGTAACCTCCTACAATGACATCCAGGACCTCATGGACTCAGGGAACAAGGCCAGGACTGTGGCGGCCACAAACATGAATGAGACCAGCAGCCGTTCTCACGCAGTCTTCAACATCATCTTTACCCAGAAGCGCCATGATGCAGAGACCAACATCACCACAGAGA	93076259	93062946	13313	93066046	10213	93073813	10867	7767
ENSMUST00000190723	TGGAGGACCTCTCCAAGCTGGCTGTAACCTCCTACAATGACATCCAGGACCTCATGGACTCAGGGAACAAGGCCAGGACTGTGGCGGCCACAAACATGAATGAGACCAGCAGCCGTTCTCACGCAGTCTTCAACATCATCTTTACCCAGAAGCGCCATGATGCAGAGACCAACATCACCACAGAGA	93076259	93064282	11977	93066046	10213	93073813	9531	7767
ENSMUST00000190723	TGGAGGACCTCTCCAAGCTGGCTGTAACCTCCTACAATGACATCCAGGACCTCATGGACTCAGGGAACAAGGCCAGGACTGTGGCGGCCACAAACATGAATGAGACCAGCAGCCGTTCTCACGCAGTCTTCAACATCATCTTTACCCAGAAGCGCCATGATGCAGAGACCAACATCACCACAGAGA	93076259	93068560	7699	93073038	3221	93073813	5253	775
ENSMUST00000190723	TGGAGGACCTCTCCAAGCTGGCTGTAACCTCCTACAATGACATCCAGGACCTCATGGACTCAGGGAACAAGGCCAGGACTGTGGCGGCCACAAACATGAATGAGACCAGCAGCCGTTCTCACGCAGTCTTCAACATCATCTTTACCCAGAAGCGCCATGATGCAGAGACCAACATCACCACAGAGA	93076259	93072325	3934	93073807	2452	93073813	1488	6
ENSMUST00000190723	TGGAGGACCTCTCCAAGCTGGCTGTAACCTCCTACAATGACATCCAGGACCTCATGGACTCAGGGAACAAGGCCAGGACTGTGGCGGCCACAAACATGAATGAGACCAGCAGCCGTTCTCACGCAGTCTTCAACATCATCTTTACCCAGAAGCGCCATGATGCAGAGACCAACATCACCACAGAGA	93076259	93082480	-6221	93101762	-25503	93073813	-8667	-27949
ENSMUST00000190723	TGGAGGACCTCTCCAAGCTGGCTGTAACCTCCTACAATGACATCCAGGACCTCATGGACTCAGGGAACAAGGCCAGGACTGTGGCGGCCACAAACATGAATGAGACCAGCAGCCGTTCTCACGCAGTCTTCAACATCATCTTTACCCAGAAGCGCCATGATGCAGAGACCAACATCACCACAGAGA	93076259	93019070	57189	93020457	55802	93073813	54743	53356
ENSMUST00000190723	TGGAGGACCTCTCCAAGCTGGCTGTAACCTCCTACAATGACATCCAGGACCTCATGGACTCAGGGAACAAGGCCAGGACTGTGGCGGCCACAAACATGAATGAGACCAGCAGCCGTTCTCACGCAGTCTTCAACATCATCTTTACCCAGAAGCGCCATGATGCAGAGACCAACATCACCACAGAGA	93076259	93021337	54922	93022320	53939	93073813	52476	51493
ENSMUST00000190723	TGGAGGACCTCTCCAAGCTGGCTGTAACCTCCTACAATGACATCCAGGACCTCATGGACTCAGGGAACAAGGCCAGGACTGTGGCGGCCACAAACATGAATGAGACCAGCAGCCGTTCTCACGCAGTCTTCAACATCATCTTTACCCAGAAGCGCCATGATGCAGAGACCAACATCACCACAGAGA	93076259	93024712	51547	93036845	39414	93073813	49101	36968
ENSMUST00000190723	TGGAGGACCTCTCCAAGCTGGCTGTAACCTCCTACAATGACATCCAGGACCTCATGGACTCAGGGAACAAGGCCAGGACTGTGGCGGCCACAAACATGAATGAGACCAGCAGCCGTTCTCACGCAGTCTTCAACATCATCTTTACCCAGAAGCGCCATGATGCAGAGACCAACATCACCACAGAGA	93076259	93025735	50524	93034545	41714	93073813	48078	39268
ENSMUST00000190723	TGGAGGACCTCTCCAAGCTGGCTGTAACCTCCTACAATGACATCCAGGACCTCATGGACTCAGGGAACAAGGCCAGGACTGTGGCGGCCACAAACATGAATGAGACCAGCAGCCGTTCTCACGCAGTCTTCAACATCATCTTTACCCAGAAGCGCCATGATGCAGAGACCAACATCACCACAGAGA	93076259	93025735	50524	93036845	39414	93073813	48078	36968
ENSMUST00000190723	TGGAGGACCTCTCCAAGCTGGCTGTAACCTCCTACAATGACATCCAGGACCTCATGGACTCAGGGAACAAGGCCAGGACTGTGGCGGCCACAAACATGAATGAGACCAGCAGCCGTTCTCACGCAGTCTTCAACATCATCTTTACCCAGAAGCGCCATGATGCAGAGACCAACATCACCACAGAGA	93076259	93025735	50524	93036845	39414	93073813	48078	36968
ENSMUST00000190723	TGGAGGACCTCTCCAAGCTGGCTGTAACCTCCTACAATGACATCCAGGACCTCATGGACTCAGGGAACAAGGCCAGGACTGTGGCGGCCACAAACATGAATGAGACCAGCAGCCGTTCTCACGCAGTCTTCAACATCATCTTTACCCAGAAGCGCCATGATGCAGAGACCAACATCACCACAGAGA	93076259	93026855	49404	93036845	39414	93073813	46958	36968
ENSMUST00000190723	TGGAGGACCTCTCCAAGCTGGCTGTAACCTCCTACAATGACATCCAGGACCTCATGGACTCAGGGAACAAGGCCAGGACTGTGGCGGCCACAAACATGAATGAGACCAGCAGCCGTTCTCACGCAGTCTTCAACATCATCTTTACCCAGAAGCGCCATGATGCAGAGACCAACATCACCACAGAGA	93076259	93040674	35585	93042084	34175	93073813	33139	31729
ENSMUST00000190723	TGGAGGACCTCTCCAAGCTGGCTGTAACCTCCTACAATGACATCCAGGACCTCATGGACTCAGGGAACAAGGCCAGGACTGTGGCGGCCACAAACATGAATGAGACCAGCAGCCGTTCTCACGCAGTCTTCAACATCATCTTTACCCAGAAGCGCCATGATGCAGAGACCAACATCACCACAGAGA	93076259	93042175	34084	93042615	33644	93073813	31638	31198
ENSMUST00000190723	TGGAGGACCTCTCCAAGCTGGCTGTAACCTCCTACAATGACATCCAGGACCTCATGGACTCAGGGAACAAGGCCAGGACTGTGGCGGCCACAAACATGAATGAGACCAGCAGCCGTTCTCACGCAGTCTTCAACATCATCTTTACCCAGAAGCGCCATGATGCAGAGACCAACATCACCACAGAGA	93076259	93043674	32585	93052423	23836	93073813	30139	21390
ENSMUST00000190723	TGGAGGACCTCTCCAAGCTGGCTGTAACCTCCTACAATGACATCCAGGACCTCATGGACTCAGGGAACAAGGCCAGGACTGTGGCGGCCACAAACATGAATGAGACCAGCAGCCGTTCTCACGCAGTCTTCAACATCATCTTTACCCAGAAGCGCCATGATGCAGAGACCAACATCACCACAGAGA	93076259	93043674	32585	93052423	23836	93073813	30139	21390
ENSMUST00000190723	TGGAGGACCTCTCCAAGCTGGCTGTAACCTCCTACAATGACATCCAGGACCTCATGGACTCAGGGAACAAGGCCAGGACTGTGGCGGCCACAAACATGAATGAGACCAGCAGCCGTTCTCACGCAGTCTTCAACATCATCTTTACCCAGAAGCGCCATGATGCAGAGACCAACATCACCACAGAGA	93076259	93046770	29489	93052423	23836	93073813	27043	21390
ENSMUST00000190723	TGGAGGACCTCTCCAAGCTGGCTGTAACCTCCTACAATGACATCCAGGACCTCATGGACTCAGGGAACAAGGCCAGGACTGTGGCGGCCACAAACATGAATGAGACCAGCAGCCGTTCTCACGCAGTCTTCAACATCATCTTTACCCAGAAGCGCCATGATGCAGAGACCAACATCACCACAGAGA	93076259	93062946	13313	93066046	10213	93073813	10867	7767
ENSMUST00000190723	TGGAGGACCTCTCCAAGCTGGCTGTAACCTCCTACAATGACATCCAGGACCTCATGGACTCAGGGAACAAGGCCAGGACTGTGGCGGCCACAAACATGAATGAGACCAGCAGCCGTTCTCACGCAGTCTTCAACATCATCTTTACCCAGAAGCGCCATGATGCAGAGACCAACATCACCACAGAGA	93076259	93064282	11977	93066046	10213	93073813	9531	7767
ENSMUST00000190723	TGGAGGACCTCTCCAAGCTGGCTGTAACCTCCTACAATGACATCCAGGACCTCATGGACTCAGGGAACAAGGCCAGGACTGTGGCGGCCACAAACATGAATGAGACCAGCAGCCGTTCTCACGCAGTCTTCAACATCATCTTTACCCAGAAGCGCCATGATGCAGAGACCAACATCACCACAGAGA	93076259	93068560	7699	93073038	3221	93073813	5253	775
ENSMUST00000190723	TGGAGGACCTCTCCAAGCTGGCTGTAACCTCCTACAATGACATCCAGGACCTCATGGACTCAGGGAACAAGGCCAGGACTGTGGCGGCCACAAACATGAATGAGACCAGCAGCCGTTCTCACGCAGTCTTCAACATCATCTTTACCCAGAAGCGCCATGATGCAGAGACCAACATCACCACAGAGA	93076259	93072325	3934	93073807	2452	93073813	1488	6
ENSMUST00000190723	TGGAGGACCTCTCCAAGCTGGCTGTAACCTCCTACAATGACATCCAGGACCTCATGGACTCAGGGAACAAGGCCAGGACTGTGGCGGCCACAAACATGAATGAGACCAGCAGCCGTTCTCACGCAGTCTTCAACATCATCTTTACCCAGAAGCGCCATGATGCAGAGACCAACATCACCACAGAGA	93076259	93082480	-6221	93101762	-25503	93073813	-8667	-27949
ENSMUST00000200169	TGTCTAGACATTCTGGAGGATTATCTGATCCAGAGGAGGTACTTATATGAACGTATTGATGGGCGAGTTAGAGGCAACCTTCGACAAGCTGCTATCGACCGCTTTAGCAAGCCTGACTCAGACCGCTTTGTCTTCTTGCTATGTACCCGTGCTGGTGGACTTGGTATTAATCTTACAGCTGCTGATACCTG	52216431	52201747	14684	52202503	13928	52216053	14306	13550
ENSMUST00000200169	TGTCTAGACATTCTGGAGGATTATCTGATCCAGAGGAGGTACTTATATGAACGTATTGATGGGCGAGTTAGAGGCAACCTTCGACAAGCTGCTATCGACCGCTTTAGCAAGCCTGACTCAGACCGCTTTGTCTTCTTGCTATGTACCCGTGCTGGTGGACTTGGTATTAATCTTACAGCTGCTGATACCTG	52216431	52207058	9373	52207989	8442	52216053	8995	8064
ENSMUST00000200169	TGTCTAGACATTCTGGAGGATTATCTGATCCAGAGGAGGTACTTATATGAACGTATTGATGGGCGAGTTAGAGGCAACCTTCGACAAGCTGCTATCGACCGCTTTAGCAAGCCTGACTCAGACCGCTTTGTCTTCTTGCTATGTACCCGTGCTGGTGGACTTGGTATTAATCTTACAGCTGCTGATACCTG	52216431	52208065	8366	52211815	4616	52216053	7988	4238
ENSMUST00000200169	TGTCTAGACATTCTGGAGGATTATCTGATCCAGAGGAGGTACTTATATGAACGTATTGATGGGCGAGTTAGAGGCAACCTTCGACAAGCTGCTATCGACCGCTTTAGCAAGCCTGACTCAGACCGCTTTGTCTTCTTGCTATGTACCCGTGCTGGTGGACTTGGTATTAATCTTACAGCTGCTGATACCTG	52216431	52222619	-6188	52224625	-8194	52216053	-6566	-8572
ENSMUST00000086819	GAAGCAGCCTGGGACAGTTCCATGCATAACTCTCTCCTGCTGAATCGTGTCACCCCTTACCGGGAGAAAATCTACATGACGCTCTCTGCCTACATTGAGATGGAGAACTGTACCCAGCCAGCTGTCATCACCAAGGACTTCTGCATGGTTTTCTACTCTCGGGACGCCAAGCTACCCGCCTCACGCTCCATTCGCAACCTGTTT	93025673	93019070	6603	93020457	5216	93023468	4398	3011
ENSMUST00000086819	GAAGCAGCCTGGGACAGTTCCATGCATAACTCTCTCCTGCTGAATCGTGTCACCCCTTACCGGGAGAAAATCTACATGACGCTCTCTGCCTACATTGAGATGGAGAACTGTACCCAGCCAGCTGTCATCACCAAGGACTTCTGCATGGTTTTCTACTCTCGGGACGCCAAGCTACCCGCCTCACGCTCCATTCGCAACCTGTTT	93025673	93021337	4336	93022320	3353	93023468	2131	1148
ENSMUST00000086819	GAAGCAGCCTGGGACAGTTCCATGCATAACTCTCTCCTGCTGAATCGTGTCACCCCTTACCGGGAGAAAATCTACATGACGCTCTCTGCCTACATTGAGATGGAGAACTGTACCCAGCCAGCTGTCATCACCAAGGACTTCTGCATGGTTTTCTACTCTCGGGACGCCAAGCTACCCGCCTCACGCTCCATTCGCAACCTGTTT	93025673	93024712	961	93036845	-11172	93023468	-1244	-13377
ENSMUST00000086819	GAAGCAGCCTGGGACAGTTCCATGCATAACTCTCTCCTGCTGAATCGTGTCACCCCTTACCGGGAGAAAATCTACATGACGCTCTCTGCCTACATTGAGATGGAGAACTGTACCCAGCCAGCTGTCATCACCAAGGACTTCTGCATGGTTTTCTACTCTCGGGACGCCAAGCTACCCGCCTCACGCTCCATTCGCAACCTGTTT	93025673	93025735	-62	93034545	-8872	93023468	-2267	-11077
ENSMUST00000086819	GAAGCAGCCTGGGACAGTTCCATGCATAACTCTCTCCTGCTGAATCGTGTCACCCCTTACCGGGAGAAAATCTACATGACGCTCTCTGCCTACATTGAGATGGAGAACTGTACCCAGCCAGCTGTCATCACCAAGGACTTCTGCATGGTTTTCTACTCTCGGGACGCCAAGCTACCCGCCTCACGCTCCATTCGCAACCTGTTT	93025673	93025735	-62	93036845	-11172	93023468	-2267	-13377
ENSMUST00000086819	GAAGCAGCCTGGGACAGTTCCATGCATAACTCTCTCCTGCTGAATCGTGTCACCCCTTACCGGGAGAAAATCTACATGACGCTCTCTGCCTACATTGAGATGGAGAACTGTACCCAGCCAGCTGTCATCACCAAGGACTTCTGCATGGTTTTCTACTCTCGGGACGCCAAGCTACCCGCCTCACGCTCCATTCGCAACCTGTTT	93025673	93025735	-62	93036845	-11172	93023468	-2267	-13377
ENSMUST00000086819	GAAGCAGCCTGGGACAGTTCCATGCATAACTCTCTCCTGCTGAATCGTGTCACCCCTTACCGGGAGAAAATCTACATGACGCTCTCTGCCTACATTGAGATGGAGAACTGTACCCAGCCAGCTGTCATCACCAAGGACTTCTGCATGGTTTTCTACTCTCGGGACGCCAAGCTACCCGCCTCACGCTCCATTCGCAACCTGTTT	93025673	93026855	-1182	93036845	-11172	93023468	-3387	-13377
ENSMUST00000086819	GAAGCAGCCTGGGACAGTTCCATGCATAACTCTCTCCTGCTGAATCGTGTCACCCCTTACCGGGAGAAAATCTACATGACGCTCTCTGCCTACATTGAGATGGAGAACTGTACCCAGCCAGCTGTCATCACCAAGGACTTCTGCATGGTTTTCTACTCTCGGGACGCCAAGCTACCCGCCTCACGCTCCATTCGCAACCTGTTT	93025673	93040674	-15001	93042084	-16411	93023468	-17206	-18616
ENSMUST00000086819	GAAGCAGCCTGGGACAGTTCCATGCATAACTCTCTCCTGCTGAATCGTGTCACCCCTTACCGGGAGAAAATCTACATGACGCTCTCTGCCTACATTGAGATGGAGAACTGTACCCAGCCAGCTGTCATCACCAAGGACTTCTGCATGGTTTTCTACTCTCGGGACGCCAAGCTACCCGCCTCACGCTCCATTCGCAACCTGTTT	93025673	93042175	-16502	93042615	-16942	93023468	-18707	-19147
ENSMUST00000086819	GAAGCAGCCTGGGACAGTTCCATGCATAACTCTCTCCTGCTGAATCGTGTCACCCCTTACCGGGAGAAAATCTACATGACGCTCTCTGCCTACATTGAGATGGAGAACTGTACCCAGCCAGCTGTCATCACCAAGGACTTCTGCATGGTTTTCTACTCTCGGGACGCCAAGCTACCCGCCTCACGCTCCATTCGCAACCTGTTT	93025673	93043674	-18001	93052423	-26750	93023468	-20206	-28955
ENSMUST00000086819	GAAGCAGCCTGGGACAGTTCCATGCATAACTCTCTCCTGCTGAATCGTGTCACCCCTTACCGGGAGAAAATCTACATGACGCTCTCTGCCTACATTGAGATGGAGAACTGTACCCAGCCAGCTGTCATCACCAAGGACTTCTGCATGGTTTTCTACTCTCGGGACGCCAAGCTACCCGCCTCACGCTCCATTCGCAACCTGTTT	93025673	93043674	-18001	93052423	-26750	93023468	-20206	-28955
ENSMUST00000086819	GAAGCAGCCTGGGACAGTTCCATGCATAACTCTCTCCTGCTGAATCGTGTCACCCCTTACCGGGAGAAAATCTACATGACGCTCTCTGCCTACATTGAGATGGAGAACTGTACCCAGCCAGCTGTCATCACCAAGGACTTCTGCATGGTTTTCTACTCTCGGGACGCCAAGCTACCCGCCTCACGCTCCATTCGCAACCTGTTT	93025673	93046770	-21097	93052423	-26750	93023468	-23302	-28955
ENSMUST00000086819	GAAGCAGCCTGGGACAGTTCCATGCATAACTCTCTCCTGCTGAATCGTGTCACCCCTTACCGGGAGAAAATCTACATGACGCTCTCTGCCTACATTGAGATGGAGAACTGTACCCAGCCAGCTGTCATCACCAAGGACTTCTGCATGGTTTTCTACTCTCGGGACGCCAAGCTACCCGCCTCACGCTCCATTCGCAACCTGTTT	93025673	93062946	-37273	93066046	-40373	93023468	-39478	-42578
ENSMUST00000086819	GAAGCAGCCTGGGACAGTTCCATGCATAACTCTCTCCTGCTGAATCGTGTCACCCCTTACCGGGAGAAAATCTACATGACGCTCTCTGCCTACATTGAGATGGAGAACTGTACCCAGCCAGCTGTCATCACCAAGGACTTCTGCATGGTTTTCTACTCTCGGGACGCCAAGCTACCCGCCTCACGCTCCATTCGCAACCTGTTT	93025673	93064282	-38609	93066046	-40373	93023468	-40814	-42578
ENSMUST00000086819	GAAGCAGCCTGGGACAGTTCCATGCATAACTCTCTCCTGCTGAATCGTGTCACCCCTTACCGGGAGAAAATCTACATGACGCTCTCTGCCTACATTGAGATGGAGAACTGTACCCAGCCAGCTGTCATCACCAAGGACTTCTGCATGGTTTTCTACTCTCGGGACGCCAAGCTACCCGCCTCACGCTCCATTCGCAACCTGTTT	93025673	93068560	-42887	93073038	-47365	93023468	-45092	-49570
ENSMUST00000086819	GAAGCAGCCTGGGACAGTTCCATGCATAACTCTCTCCTGCTGAATCGTGTCACCCCTTACCGGGAGAAAATCTACATGACGCTCTCTGCCTACATTGAGATGGAGAACTGTACCCAGCCAGCTGTCATCACCAAGGACTTCTGCATGGTTTTCTACTCTCGGGACGCCAAGCTACCCGCCTCACGCTCCATTCGCAACCTGTTT	93025673	93072325	-46652	93073807	-48134	93023468	-48857	-50339
ENSMUST00000086819	GAAGCAGCCTGGGACAGTTCCATGCATAACTCTCTCCTGCTGAATCGTGTCACCCCTTACCGGGAGAAAATCTACATGACGCTCTCTGCCTACATTGAGATGGAGAACTGTACCCAGCCAGCTGTCATCACCAAGGACTTCTGCATGGTTTTCTACTCTCGGGACGCCAAGCTACCCGCCTCACGCTCCATTCGCAACCTGTTT	93025673	93082480	-56807	93101762	-76089	93023468	-59012	-78294
ENSMUST00000107788	GGGGAACGCTTACGAGCCTGGGTCCGAGCCCGGCTCCCTGCCTGTTGCCGAGAGCGAGATTCCTGGTCTGCCTATATCTTCCCTCCCCAGTCAAGGTTTCGTCTCCTGTGTCACCGGATCATCACCCACAAGATGTTTGACCATGTGGTCCTCGTCATCATCTTCCTCAACTGTATCACCATCGCTATGGAGCGCCCCAAAATT	94432717	94409876	22841	94411438	21279	94430450	20574	19012
ENSMUST00000107788	GGGGAACGCTTACGAGCCTGGGTCCGAGCCCGGCTCCCTGCCTGTTGCCGAGAGCGAGATTCCTGGTCTGCCTATATCTTCCCTCCCCAGTCAAGGTTTCGTCTCCTGTGTCACCGGATCATCACCCACAAGATGTTTGACCATGTGGTCCTCGTCATCATCTTCCTCAACTGTATCACCATCGCTATGGAGCGCCCCAAAATT	94432717	94411616	21101	94414930	17787	94430450	18834	15520
ENSMUST00000107788	GGGGAACGCTTACGAGCCTGGGTCCGAGCCCGGCTCCCTGCCTGTTGCCGAGAGCGAGATTCCTGGTCTGCCTATATCTTCCCTCCCCAGTCAAGGTTTCGTCTCCTGTGTCACCGGATCATCACCCACAAGATGTTTGACCATGTGGTCCTCGTCATCATCTTCCTCAACTGTATCACCATCGCTATGGAGCGCCCCAAAATT	94432717	94411616	21101	94415742	16975	94430450	18834	14708
ENSMUST00000107788	GGGGAACGCTTACGAGCCTGGGTCCGAGCCCGGCTCCCTGCCTGTTGCCGAGAGCGAGATTCCTGGTCTGCCTATATCTTCCCTCCCCAGTCAAGGTTTCGTCTCCTGTGTCACCGGATCATCACCCACAAGATGTTTGACCATGTGGTCCTCGTCATCATCTTCCTCAACTGTATCACCATCGCTATGGAGCGCCCCAAAATT	94432717	94411616	21101	94415742	16975	94430450	18834	14708
ENSMUST00000107788	GGGGAACGCTTACGAGCCTGGGTCCGAGCCCGGCTCCCTGCCTGTTGCCGAGAGCGAGATTCCTGGTCTGCCTATATCTTCCCTCCCCAGTCAAGGTTTCGTCTCCTGTGTCACCGGATCATCACCCACAAGATGTTTGACCATGTGGTCCTCGTCATCATCTTCCTCAACTGTATCACCATCGCTATGGAGCGCCCCAAAATT	94432717	94413224	19493	94415742	16975	94430450	17226	14708
ENSMUST00000107788	GGGGAACGCTTACGAGCCTGGGTCCGAGCCCGGCTCCCTGCCTGTTGCCGAGAGCGAGATTCCTGGTCTGCCTATATCTTCCCTCCCCAGTCAAGGTTTCGTCTCCTGTGTCACCGGATCATCACCCACAAGATGTTTGACCATGTGGTCCTCGTCATCATCTTCCTCAACTGTATCACCATCGCTATGGAGCGCCCCAAAATT	94432717	94416655	16062	94417154	15563	94430450	13795	13296
ENSMUST00000107788	GGGGAACGCTTACGAGCCTGGGTCCGAGCCCGGCTCCCTGCCTGTTGCCGAGAGCGAGATTCCTGGTCTGCCTATATCTTCCCTCCCCAGTCAAGGTTTCGTCTCCTGTGTCACCGGATCATCACCCACAAGATGTTTGACCATGTGGTCCTCGTCATCATCTTCCTCAACTGTATCACCATCGCTATGGAGCGCCCCAAAATT	94432717	94416704	16013	94417154	15563	94430450	13746	13296
ENSMUST00000107788	GGGGAACGCTTACGAGCCTGGGTCCGAGCCCGGCTCCCTGCCTGTTGCCGAGAGCGAGATTCCTGGTCTGCCTATATCTTCCCTCCCCAGTCAAGGTTTCGTCTCCTGTGTCACCGGATCATCACCCACAAGATGTTTGACCATGTGGTCCTCGTCATCATCTTCCTCAACTGTATCACCATCGCTATGGAGCGCCCCAAAATT	94432717	94418970	13747	94425763	6954	94430450	11480	4687
ENSMUST00000107788	GGGGAACGCTTACGAGCCTGGGTCCGAGCCCGGCTCCCTGCCTGTTGCCGAGAGCGAGATTCCTGGTCTGCCTATATCTTCCCTCCCCAGTCAAGGTTTCGTCTCCTGTGTCACCGGATCATCACCCACAAGATGTTTGACCATGTGGTCCTCGTCATCATCTTCCTCAACTGTATCACCATCGCTATGGAGCGCCCCAAAATT	94432717	94418970	13747	94425784	6933	94430450	11480	4666
ENSMUST00000107788	GGGGAACGCTTACGAGCCTGGGTCCGAGCCCGGCTCCCTGCCTGTTGCCGAGAGCGAGATTCCTGGTCTGCCTATATCTTCCCTCCCCAGTCAAGGTTTCGTCTCCTGTGTCACCGGATCATCACCCACAAGATGTTTGACCATGTGGTCCTCGTCATCATCTTCCTCAACTGTATCACCATCGCTATGGAGCGCCCCAAAATT	94432717	94438189	-5472	94442729	-10012	94430450	-7739	-12279
ENSMUST00000107788	GGGGAACGCTTACGAGCCTGGGTCCGAGCCCGGCTCCCTGCCTGTTGCCGAGAGCGAGATTCCTGGTCTGCCTATATCTTCCCTCCCCAGTCAAGGTTTCGTCTCCTGTGTCACCGGATCATCACCCACAAGATGTTTGACCATGTGGTCCTCGTCATCATCTTCCTCAACTGTATCACCATCGCTATGGAGCGCCCCAAAATT	94432717	94442885	-10168	94443174	-10457	94430450	-12435	-12724
ENSMUST00000107788	GGGGAACGCTTACGAGCCTGGGTCCGAGCCCGGCTCCCTGCCTGTTGCCGAGAGCGAGATTCCTGGTCTGCCTATATCTTCCCTCCCCAGTCAAGGTTTCGTCTCCTGTGTCACCGGATCATCACCCACAAGATGTTTGACCATGTGGTCCTCGTCATCATCTTCCTCAACTGTATCACCATCGCTATGGAGCGCCCCAAAATT	94432717	94463501	-30784	94465820	-33103	94430450	-33051	-35370
ENSMUST00000107788	GGGGAACGCTTACGAGCCTGGGTCCGAGCCCGGCTCCCTGCCTGTTGCCGAGAGCGAGATTCCTGGTCTGCCTATATCTTCCCTCCCCAGTCAAGGTTTCGTCTCCTGTGTCACCGGATCATCACCCACAAGATGTTTGACCATGTGGTCCTCGTCATCATCTTCCTCAACTGTATCACCATCGCTATGGAGCGCCCCAAAATT	94432717	94463501	-30784	94466115	-33398	94430450	-33051	-35665
ENSMUST00000107788	GGGGAACGCTTACGAGCCTGGGTCCGAGCCCGGCTCCCTGCCTGTTGCCGAGAGCGAGATTCCTGGTCTGCCTATATCTTCCCTCCCCAGTCAAGGTTTCGTCTCCTGTGTCACCGGATCATCACCCACAAGATGTTTGACCATGTGGTCCTCGTCATCATCTTCCTCAACTGTATCACCATCGCTATGGAGCGCCCCAAAATT	94432717	94463501	-30784	94466115	-33398	94430450	-33051	-35665
ENSMUST00000107788	GGGGAACGCTTACGAGCCTGGGTCCGAGCCCGGCTCCCTGCCTGTTGCCGAGAGCGAGATTCCTGGTCTGCCTATATCTTCCCTCCCCAGTCAAGGTTTCGTCTCCTGTGTCACCGGATCATCACCCACAAGATGTTTGACCATGTGGTCCTCGTCATCATCTTCCTCAACTGTATCACCATCGCTATGGAGCGCCCCAAAATT	94432717	94465496	-32779	94466115	-33398	94430450	-35046	-35665
ENSMUST00000043624	CTGGAACAGCACATTATGGGCTTCTCTCCAATGAATATGAATAACAAAGAATACGGTAGTGTGGACACAGCACCCGGAGGGACTGTCCTGGAAGGAAATAGCTCTAGTGTAGGAACGCAGTTCAGAATCGAGGTCGAGGAAGGATTCTGTAGCCCTAAACCGTCTGAAATTAAAGATTTTTCTTATGTCTATAAGCCCGAAAATT	86301184	86272563	28621	86275373	25811	86300695	28132	25322
ENSMUST00000043624	CTGGAACAGCACATTATGGGCTTCTCTCCAATGAATATGAATAACAAAGAATACGGTAGTGTGGACACAGCACCCGGAGGGACTGTCCTGGAAGGAAATAGCTCTAGTGTAGGAACGCAGTTCAGAATCGAGGTCGAGGAAGGATTCTGTAGCCCTAAACCGTCTGAAATTAAAGATTTTTCTTATGTCTATAAGCCCGAAAATT	86301184	86272563	28621	86276819	24365	86300695	28132	23876
ENSMUST00000043624	CTGGAACAGCACATTATGGGCTTCTCTCCAATGAATATGAATAACAAAGAATACGGTAGTGTGGACACAGCACCCGGAGGGACTGTCCTGGAAGGAAATAGCTCTAGTGTAGGAACGCAGTTCAGAATCGAGGTCGAGGAAGGATTCTGTAGCCCTAAACCGTCTGAAATTAAAGATTTTTCTTATGTCTATAAGCCCGAAAATT	86301184	86276968	24216	86278763	22421	86300695	23727	21932
ENSMUST00000043624	CTGGAACAGCACATTATGGGCTTCTCTCCAATGAATATGAATAACAAAGAATACGGTAGTGTGGACACAGCACCCGGAGGGACTGTCCTGGAAGGAAATAGCTCTAGTGTAGGAACGCAGTTCAGAATCGAGGTCGAGGAAGGATTCTGTAGCCCTAAACCGTCTGAAATTAAAGATTTTTCTTATGTCTATAAGCCCGAAAATT	86301184	86301555	-371	86306983	-5799	86300695	-860	-6288
ENSMUST00000043624	CTGGAACAGCACATTATGGGCTTCTCTCCAATGAATATGAATAACAAAGAATACGGTAGTGTGGACACAGCACCCGGAGGGACTGTCCTGGAAGGAAATAGCTCTAGTGTAGGAACGCAGTTCAGAATCGAGGTCGAGGAAGGATTCTGTAGCCCTAAACCGTCTGAAATTAAAGATTTTTCTTATGTCTATAAGCCCGAAAATT	86301184	86327912	-26728	86329167	-27983	86300695	-27217	-28472
ENSMUST00000043624	CTGGAACAGCACATTATGGGCTTCTCTCCAATGAATATGAATAACAAAGAATACGGTAGTGTGGACACAGCACCCGGAGGGACTGTCCTGGAAGGAAATAGCTCTAGTGTAGGAACGCAGTTCAGAATCGAGGTCGAGGAAGGATTCTGTAGCCCTAAACCGTCTGAAATTAAAGATTTTTCTTATGTCTATAAGCCCGAAAATT	86301184	86332028	-30844	86355273	-54089	86300695	-31333	-54578
ENSMUST00000043624	CTGGAACAGCACATTATGGGCTTCTCTCCAATGAATATGAATAACAAAGAATACGGTAGTGTGGACACAGCACCCGGAGGGACTGTCCTGGAAGGAAATAGCTCTAGTGTAGGAACGCAGTTCAGAATCGAGGTCGAGGAAGGATTCTGTAGCCCTAAACCGTCTGAAATTAAAGATTTTTCTTATGTCTATAAGCCCGAAAATT	86301184	86272563	28621	86275373	25811	86300695	28132	25322
ENSMUST00000043624	CTGGAACAGCACATTATGGGCTTCTCTCCAATGAATATGAATAACAAAGAATACGGTAGTGTGGACACAGCACCCGGAGGGACTGTCCTGGAAGGAAATAGCTCTAGTGTAGGAACGCAGTTCAGAATCGAGGTCGAGGAAGGATTCTGTAGCCCTAAACCGTCTGAAATTAAAGATTTTTCTTATGTCTATAAGCCCGAAAATT	86301184	86272563	28621	86276819	24365	86300695	28132	23876
ENSMUST00000043624	CTGGAACAGCACATTATGGGCTTCTCTCCAATGAATATGAATAACAAAGAATACGGTAGTGTGGACACAGCACCCGGAGGGACTGTCCTGGAAGGAAATAGCTCTAGTGTAGGAACGCAGTTCAGAATCGAGGTCGAGGAAGGATTCTGTAGCCCTAAACCGTCTGAAATTAAAGATTTTTCTTATGTCTATAAGCCCGAAAATT	86301184	86276968	24216	86278763	22421	86300695	23727	21932
ENSMUST00000043624	CTGGAACAGCACATTATGGGCTTCTCTCCAATGAATATGAATAACAAAGAATACGGTAGTGTGGACACAGCACCCGGAGGGACTGTCCTGGAAGGAAATAGCTCTAGTGTAGGAACGCAGTTCAGAATCGAGGTCGAGGAAGGATTCTGTAGCCCTAAACCGTCTGAAATTAAAGATTTTTCTTATGTCTATAAGCCCGAAAATT	86301184	86301555	-371	86306983	-5799	86300695	-860	-6288
ENSMUST00000043624	CTGGAACAGCACATTATGGGCTTCTCTCCAATGAATATGAATAACAAAGAATACGGTAGTGTGGACACAGCACCCGGAGGGACTGTCCTGGAAGGAAATAGCTCTAGTGTAGGAACGCAGTTCAGAATCGAGGTCGAGGAAGGATTCTGTAGCCCTAAACCGTCTGAAATTAAAGATTTTTCTTATGTCTATAAGCCCGAAAATT	86301184	86327912	-26728	86329167	-27983	86300695	-27217	-28472
ENSMUST00000043624	CTGGAACAGCACATTATGGGCTTCTCTCCAATGAATATGAATAACAAAGAATACGGTAGTGTGGACACAGCACCCGGAGGGACTGTCCTGGAAGGAAATAGCTCTAGTGTAGGAACGCAGTTCAGAATCGAGGTCGAGGAAGGATTCTGTAGCCCTAAACCGTCTGAAATTAAAGATTTTTCTTATGTCTATAAGCCCGAAAATT	86301184	86332028	-30844	86355273	-54089	86300695	-31333	-54578
ENSMUST00000043624	CTGGAACAGCACATTATGGGCTTCTCTCCAATGAATATGAATAACAAAGAATACGGTAGTGTGGACACAGCACCCGGAGGGACTGTCCTGGAAGGAAATAGCTCTAGTGTAGGAACGCAGTTCAGAATCGAGGTCGAGGAAGGATTCTGTAGCCCTAAACCGTCTGAAATTAAAGATTTTTCTTATGTCTATAAGCCCGAAAATT	86301184	86272563	28621	86275373	25811	86300695	28132	25322
ENSMUST00000043624	CTGGAACAGCACATTATGGGCTTCTCTCCAATGAATATGAATAACAAAGAATACGGTAGTGTGGACACAGCACCCGGAGGGACTGTCCTGGAAGGAAATAGCTCTAGTGTAGGAACGCAGTTCAGAATCGAGGTCGAGGAAGGATTCTGTAGCCCTAAACCGTCTGAAATTAAAGATTTTTCTTATGTCTATAAGCCCGAAAATT	86301184	86272563	28621	86276819	24365	86300695	28132	23876
ENSMUST00000043624	CTGGAACAGCACATTATGGGCTTCTCTCCAATGAATATGAATAACAAAGAATACGGTAGTGTGGACACAGCACCCGGAGGGACTGTCCTGGAAGGAAATAGCTCTAGTGTAGGAACGCAGTTCAGAATCGAGGTCGAGGAAGGATTCTGTAGCCCTAAACCGTCTGAAATTAAAGATTTTTCTTATGTCTATAAGCCCGAAAATT	86301184	86276968	24216	86278763	22421	86300695	23727	21932
ENSMUST00000043624	CTGGAACAGCACATTATGGGCTTCTCTCCAATGAATATGAATAACAAAGAATACGGTAGTGTGGACACAGCACCCGGAGGGACTGTCCTGGAAGGAAATAGCTCTAGTGTAGGAACGCAGTTCAGAATCGAGGTCGAGGAAGGATTCTGTAGCCCTAAACCGTCTGAAATTAAAGATTTTTCTTATGTCTATAAGCCCGAAAATT	86301184	86301555	-371	86306983	-5799	86300695	-860	-6288
ENSMUST00000043624	CTGGAACAGCACATTATGGGCTTCTCTCCAATGAATATGAATAACAAAGAATACGGTAGTGTGGACACAGCACCCGGAGGGACTGTCCTGGAAGGAAATAGCTCTAGTGTAGGAACGCAGTTCAGAATCGAGGTCGAGGAAGGATTCTGTAGCCCTAAACCGTCTGAAATTAAAGATTTTTCTTATGTCTATAAGCCCGAAAATT	86301184	86327912	-26728	86329167	-27983	86300695	-27217	-28472
ENSMUST00000043624	CTGGAACAGCACATTATGGGCTTCTCTCCAATGAATATGAATAACAAAGAATACGGTAGTGTGGACACAGCACCCGGAGGGACTGTCCTGGAAGGAAATAGCTCTAGTGTAGGAACGCAGTTCAGAATCGAGGTCGAGGAAGGATTCTGTAGCCCTAAACCGTCTGAAATTAAAGATTTTTCTTATGTCTATAAGCCCGAAAATT	86301184	86332028	-30844	86355273	-54089	86300695	-31333	-54578
ENSMUST00000036493	AGAAACCCCAAAACGGACAAACTTGTGAACGAGCGTCTGATCAGCATGGCCTATGGACAGATCGGTATGATCCAGGCCCTGGGAGGCTTCTTCACTTACTTTGTGATTCTGGCTGAGAACGGTTTCCTGCCCTTTCACCTGTTGGGCATCCGAGAGACCTGGGATGACCGCTGGGTCAACGATGTGGAGGACAGCTACGGGCAGCA	101581224	101576584	4640	101578993	2231	101579536	2952	543
ENSMUST00000036493	AGAAACCCCAAAACGGACAAACTTGTGAACGAGCGTCTGATCAGCATGGCCTATGGACAGATCGGTATGATCCAGGCCCTGGGAGGCTTCTTCACTTACTTTGTGATTCTGGCTGAGAACGGTTTCCTGCCCTTTCACCTGTTGGGCATCCGAGAGACCTGGGATGACCGCTGGGTCAACGATGTGGAGGACAGCTACGGGCAGCA	101581224	101579095	2129	101579773	1451	101579536	441	-237
ENSMUST00000036493	AGAAACCCCAAAACGGACAAACTTGTGAACGAGCGTCTGATCAGCATGGCCTATGGACAGATCGGTATGATCCAGGCCCTGGGAGGCTTCTTCACTTACTTTGTGATTCTGGCTGAGAACGGTTTCCTGCCCTTTCACCTGTTGGGCATCCGAGAGACCTGGGATGACCGCTGGGTCAACGATGTGGAGGACAGCTACGGGCAGCA	101581224	101582170	-946	101583744	-2520	101579536	-2634	-4208
ENSMUST00000036493	AGAAACCCCAAAACGGACAAACTTGTGAACGAGCGTCTGATCAGCATGGCCTATGGACAGATCGGTATGATCCAGGCCCTGGGAGGCTTCTTCACTTACTTTGTGATTCTGGCTGAGAACGGTTTCCTGCCCTTTCACCTGTTGGGCATCCGAGAGACCTGGGATGACCGCTGGGTCAACGATGTGGAGGACAGCTACGGGCAGCA	101581224	101591238	-10014	101591780	-10556	101579536	-11702	-12244
ENSMUST00000036493	AGAAACCCCAAAACGGACAAACTTGTGAACGAGCGTCTGATCAGCATGGCCTATGGACAGATCGGTATGATCCAGGCCCTGGGAGGCTTCTTCACTTACTTTGTGATTCTGGCTGAGAACGGTTTCCTGCCCTTTCACCTGTTGGGCATCCGAGAGACCTGGGATGACCGCTGGGTCAACGATGTGGAGGACAGCTACGGGCAGCA	101581224	101591894	-10670	101594202	-12978	101579536	-12358	-14666
ENSMUST00000064762	CAGGGTTCAGAGGTGGCAAACTTCTCAGTGGCAGCTGTGCTCGGTCATGCTACGTTTCCTGCAGACTCTTAAGATCTACGGGGTAGTGAACAATGACCTCATTTTATTTTCTATGTTAGTTATTTATTTCAAAATTTACATTTTAGTTTATTTTCGTCTGTAAAGCGTATGTTTCGCACTGCTCTTTTACTCTGAGGGTTTAAACAAT	99423607	99435701	-12094	99508107	-84500	99423815	-11886	-84292
ENSMUST00000064762	CAGGGTTCAGAGGTGGCAAACTTCTCAGTGGCAGCTGTGCTCGGTCATGCTACGTTTCCTGCAGACTCTTAAGATCTACGGGGTAGTGAACAATGACCTCATTTTATTTTCTATGTTAGTTATTTATTTCAAAATTTACATTTTAGTTTATTTTCGTCTGTAAAGCGTATGTTTCGCACTGCTCTTTTACTCTGAGGGTTTAAACAAT	99423607	99441774	-18167	99508107	-84500	99423815	-17959	-84292
ENSMUST00000099172	ATATCTGCACTTTCAGTTTCTAAGAGGGACTGAGGCCTCTTCTCTCAGCATGCTGCAAAACCTGTGGTCTCTGACACTAACTCCCTCCCCAGCCCGTGATGTTGGACTGTTTGATGTCTCCTCCTATTCCGTATCTCTTTGTACTCTGTATCTATCTATCAGAAGCTGCTGCTGTCTCTCCTCTCTGTCCTCCCCTCTAAGTATCTGATG	127225708	127231077	-5369	127233816	-8108	127225918	-5159	-7898
ENSMUST00000099172	ATATCTGCACTTTCAGTTTCTAAGAGGGACTGAGGCCTCTTCTCTCAGCATGCTGCAAAACCTGTGGTCTCTGACACTAACTCCCTCCCCAGCCCGTGATGTTGGACTGTTTGATGTCTCCTCCTATTCCGTATCTCTTTGTACTCTGTATCTATCTATCAGAAGCTGCTGCTGTCTCTCCTCTCTGTCCTCCCCTCTAAGTATCTGATG	127225708	127239380	-13672	127241930	-16222	127225918	-13462	-16012
ENSMUST00000085814	TTAAGCTCCCCAGTTGGCATTACTAGTGGTGCCTGTAATAATAATAATCGATCCTATTCAAATATCCCAGTAACATCTTTACAAGGTATGAATGAAGGACCCAATAACTCTGTTGGCTTCTCTGCTGGGTCTCCAGTCCTTCGGCAGATGAGCTCACAGAATTCACCTAGCAGATTAAGTATGCAACCAGCAAAGGCTGAGTCCAAAGAC	4295369	4249750	45619	4253656	41713	4295579	45829	41923
ENSMUST00000085814	TTAAGCTCCCCAGTTGGCATTACTAGTGGTGCCTGTAATAATAATAATCGATCCTATTCAAATATCCCAGTAACATCTTTACAAGGTATGAATGAAGGACCCAATAACTCTGTTGGCTTCTCTGCTGGGTCTCCAGTCCTTCGGCAGATGAGCTCACAGAATTCACCTAGCAGATTAAGTATGCAACCAGCAAAGGCTGAGTCCAAAGAC	4295369	4253746	41623	4263433	31936	4295579	41833	32146
ENSMUST00000085814	TTAAGCTCCCCAGTTGGCATTACTAGTGGTGCCTGTAATAATAATAATCGATCCTATTCAAATATCCCAGTAACATCTTTACAAGGTATGAATGAAGGACCCAATAACTCTGTTGGCTTCTCTGCTGGGTCTCCAGTCCTTCGGCAGATGAGCTCACAGAATTCACCTAGCAGATTAAGTATGCAACCAGCAAAGGCTGAGTCCAAAGAC	4295369	4296248	-879	4306423	-11054	4295579	-669	-10844
ENSMUST00000085814	TTAAGCTCCCCAGTTGGCATTACTAGTGGTGCCTGTAATAATAATAATCGATCCTATTCAAATATCCCAGTAACATCTTTACAAGGTATGAATGAAGGACCCAATAACTCTGTTGGCTTCTCTGCTGGGTCTCCAGTCCTTCGGCAGATGAGCTCACAGAATTCACCTAGCAGATTAAGTATGCAACCAGCAAAGGCTGAGTCCAAAGAC	4295369	4306564	-11195	4322867	-27498	4295579	-10985	-27288
ENSMUST00000085814	TTAAGCTCCCCAGTTGGCATTACTAGTGGTGCCTGTAATAATAATAATCGATCCTATTCAAATATCCCAGTAACATCTTTACAAGGTATGAATGAAGGACCCAATAACTCTGTTGGCTTCTCTGCTGGGTCTCCAGTCCTTCGGCAGATGAGCTCACAGAATTCACCTAGCAGATTAAGTATGCAACCAGCAAAGGCTGAGTCCAAAGAC	4295369	4313121	-17752	4322867	-27498	4295579	-17542	-27288
ENSMUST00000085814	TTAAGCTCCCCAGTTGGCATTACTAGTGGTGCCTGTAATAATAATAATCGATCCTATTCAAATATCCCAGTAACATCTTTACAAGGTATGAATGAAGGACCCAATAACTCTGTTGGCTTCTCTGCTGGGTCTCCAGTCCTTCGGCAGATGAGCTCACAGAATTCACCTAGCAGATTAAGTATGCAACCAGCAAAGGCTGAGTCCAAAGAC	4295369	4315865	-20496	4335780	-40411	4295579	-20286	-40201
ENSMUST00000085814	TTAAGCTCCCCAGTTGGCATTACTAGTGGTGCCTGTAATAATAATAATCGATCCTATTCAAATATCCCAGTAACATCTTTACAAGGTATGAATGAAGGACCCAATAACTCTGTTGGCTTCTCTGCTGGGTCTCCAGTCCTTCGGCAGATGAGCTCACAGAATTCACCTAGCAGATTAAGTATGCAACCAGCAAAGGCTGAGTCCAAAGAC	4295369	4344502	-49133	4416670	-121301	4295579	-48923	-121091
ENSMUST00000085814	TTAAGCTCCCCAGTTGGCATTACTAGTGGTGCCTGTAATAATAATAATCGATCCTATTCAAATATCCCAGTAACATCTTTACAAGGTATGAATGAAGGACCCAATAACTCTGTTGGCTTCTCTGCTGGGTCTCCAGTCCTTCGGCAGATGAGCTCACAGAATTCACCTAGCAGATTAAGTATGCAACCAGCAAAGGCTGAGTCCAAAGAC	4295369	4249750	45619	4253656	41713	4295579	45829	41923
ENSMUST00000085814	TTAAGCTCCCCAGTTGGCATTACTAGTGGTGCCTGTAATAATAATAATCGATCCTATTCAAATATCCCAGTAACATCTTTACAAGGTATGAATGAAGGACCCAATAACTCTGTTGGCTTCTCTGCTGGGTCTCCAGTCCTTCGGCAGATGAGCTCACAGAATTCACCTAGCAGATTAAGTATGCAACCAGCAAAGGCTGAGTCCAAAGAC	4295369	4253746	41623	4263433	31936	4295579	41833	32146
ENSMUST00000085814	TTAAGCTCCCCAGTTGGCATTACTAGTGGTGCCTGTAATAATAATAATCGATCCTATTCAAATATCCCAGTAACATCTTTACAAGGTATGAATGAAGGACCCAATAACTCTGTTGGCTTCTCTGCTGGGTCTCCAGTCCTTCGGCAGATGAGCTCACAGAATTCACCTAGCAGATTAAGTATGCAACCAGCAAAGGCTGAGTCCAAAGAC	4295369	4296248	-879	4306423	-11054	4295579	-669	-10844
ENSMUST00000085814	TTAAGCTCCCCAGTTGGCATTACTAGTGGTGCCTGTAATAATAATAATCGATCCTATTCAAATATCCCAGTAACATCTTTACAAGGTATGAATGAAGGACCCAATAACTCTGTTGGCTTCTCTGCTGGGTCTCCAGTCCTTCGGCAGATGAGCTCACAGAATTCACCTAGCAGATTAAGTATGCAACCAGCAAAGGCTGAGTCCAAAGAC	4295369	4306564	-11195	4322867	-27498	4295579	-10985	-27288
ENSMUST00000085814	TTAAGCTCCCCAGTTGGCATTACTAGTGGTGCCTGTAATAATAATAATCGATCCTATTCAAATATCCCAGTAACATCTTTACAAGGTATGAATGAAGGACCCAATAACTCTGTTGGCTTCTCTGCTGGGTCTCCAGTCCTTCGGCAGATGAGCTCACAGAATTCACCTAGCAGATTAAGTATGCAACCAGCAAAGGCTGAGTCCAAAGAC	4295369	4313121	-17752	4322867	-27498	4295579	-17542	-27288
ENSMUST00000085814	TTAAGCTCCCCAGTTGGCATTACTAGTGGTGCCTGTAATAATAATAATCGATCCTATTCAAATATCCCAGTAACATCTTTACAAGGTATGAATGAAGGACCCAATAACTCTGTTGGCTTCTCTGCTGGGTCTCCAGTCCTTCGGCAGATGAGCTCACAGAATTCACCTAGCAGATTAAGTATGCAACCAGCAAAGGCTGAGTCCAAAGAC	4295369	4315865	-20496	4335780	-40411	4295579	-20286	-40201
ENSMUST00000085814	TTAAGCTCCCCAGTTGGCATTACTAGTGGTGCCTGTAATAATAATAATCGATCCTATTCAAATATCCCAGTAACATCTTTACAAGGTATGAATGAAGGACCCAATAACTCTGTTGGCTTCTCTGCTGGGTCTCCAGTCCTTCGGCAGATGAGCTCACAGAATTCACCTAGCAGATTAAGTATGCAACCAGCAAAGGCTGAGTCCAAAGAC	4295369	4344502	-49133	4416670	-121301	4295579	-48923	-121091
ENSMUST00000112958	ACCTCTTCTCTCGAATCAACGACACCACCAACGACAACATGTCCTACTCTGTGGAGGTCAGCTACATGGAGATTTACTGTGAGCGAGTCCGTGACCTCCTGAACCCCAAGAACAAAGGCAACCTGCGTGTGAGGGAGCACCCTCTGCTGGGGCCTTATGTGGAGGACCTCTCCAAGCTGGCTGTAACCTCCTACAATGACATCCAGGACCTCA	93077056	93019070	57986	93020457	56599	93076313	57243	55856
ENSMUST00000112958	ACCTCTTCTCTCGAATCAACGACACCACCAACGACAACATGTCCTACTCTGTGGAGGTCAGCTACATGGAGATTTACTGTGAGCGAGTCCGTGACCTCCTGAACCCCAAGAACAAAGGCAACCTGCGTGTGAGGGAGCACCCTCTGCTGGGGCCTTATGTGGAGGACCTCTCCAAGCTGGCTGTAACCTCCTACAATGACATCCAGGACCTCA	93077056	93021337	55719	93022320	54736	93076313	54976	53993
ENSMUST00000112958	ACCTCTTCTCTCGAATCAACGACACCACCAACGACAACATGTCCTACTCTGTGGAGGTCAGCTACATGGAGATTTACTGTGAGCGAGTCCGTGACCTCCTGAACCCCAAGAACAAAGGCAACCTGCGTGTGAGGGAGCACCCTCTGCTGGGGCCTTATGTGGAGGACCTCTCCAAGCTGGCTGTAACCTCCTACAATGACATCCAGGACCTCA	93077056	93024712	52344	93036845	40211	93076313	51601	39468
ENSMUST00000112958	ACCTCTTCTCTCGAATCAACGACACCACCAACGACAACATGTCCTACTCTGTGGAGGTCAGCTACATGGAGATTTACTGTGAGCGAGTCCGTGACCTCCTGAACCCCAAGAACAAAGGCAACCTGCGTGTGAGGGAGCACCCTCTGCTGGGGCCTTATGTGGAGGACCTCTCCAAGCTGGCTGTAACCTCCTACAATGACATCCAGGACCTCA	93077056	93025735	51321	93034545	42511	93076313	50578	41768
ENSMUST00000112958	ACCTCTTCTCTCGAATCAACGACACCACCAACGACAACATGTCCTACTCTGTGGAGGTCAGCTACATGGAGATTTACTGTGAGCGAGTCCGTGACCTCCTGAACCCCAAGAACAAAGGCAACCTGCGTGTGAGGGAGCACCCTCTGCTGGGGCCTTATGTGGAGGACCTCTCCAAGCTGGCTGTAACCTCCTACAATGACATCCAGGACCTCA	93077056	93025735	51321	93036845	40211	93076313	50578	39468
ENSMUST00000112958	ACCTCTTCTCTCGAATCAACGACACCACCAACGACAACATGTCCTACTCTGTGGAGGTCAGCTACATGGAGATTTACTGTGAGCGAGTCCGTGACCTCCTGAACCCCAAGAACAAAGGCAACCTGCGTGTGAGGGAGCACCCTCTGCTGGGGCCTTATGTGGAGGACCTCTCCAAGCTGGCTGTAACCTCCTACAATGACATCCAGGACCTCA	93077056	93025735	51321	93036845	40211	93076313	50578	39468
ENSMUST00000112958	ACCTCTTCTCTCGAATCAACGACACCACCAACGACAACATGTCCTACTCTGTGGAGGTCAGCTACATGGAGATTTACTGTGAGCGAGTCCGTGACCTCCTGAACCCCAAGAACAAAGGCAACCTGCGTGTGAGGGAGCACCCTCTGCTGGGGCCTTATGTGGAGGACCTCTCCAAGCTGGCTGTAACCTCCTACAATGACATCCAGGACCTCA	93077056	93026855	50201	93036845	40211	93076313	49458	39468
ENSMUST00000112958	ACCTCTTCTCTCGAATCAACGACACCACCAACGACAACATGTCCTACTCTGTGGAGGTCAGCTACATGGAGATTTACTGTGAGCGAGTCCGTGACCTCCTGAACCCCAAGAACAAAGGCAACCTGCGTGTGAGGGAGCACCCTCTGCTGGGGCCTTATGTGGAGGACCTCTCCAAGCTGGCTGTAACCTCCTACAATGACATCCAGGACCTCA	93077056	93040674	36382	93042084	34972	93076313	35639	34229
ENSMUST00000112958	ACCTCTTCTCTCGAATCAACGACACCACCAACGACAACATGTCCTACTCTGTGGAGGTCAGCTACATGGAGATTTACTGTGAGCGAGTCCGTGACCTCCTGAACCCCAAGAACAAAGGCAACCTGCGTGTGAGGGAGCACCCTCTGCTGGGGCCTTATGTGGAGGACCTCTCCAAGCTGGCTGTAACCTCCTACAATGACATCCAGGACCTCA	93077056	93042175	34881	93042615	34441	93076313	34138	33698
ENSMUST00000112958	ACCTCTTCTCTCGAATCAACGACACCACCAACGACAACATGTCCTACTCTGTGGAGGTCAGCTACATGGAGATTTACTGTGAGCGAGTCCGTGACCTCCTGAACCCCAAGAACAAAGGCAACCTGCGTGTGAGGGAGCACCCTCTGCTGGGGCCTTATGTGGAGGACCTCTCCAAGCTGGCTGTAACCTCCTACAATGACATCCAGGACCTCA	93077056	93043674	33382	93052423	24633	93076313	32639	23890
ENSMUST00000112958	ACCTCTTCTCTCGAATCAACGACACCACCAACGACAACATGTCCTACTCTGTGGAGGTCAGCTACATGGAGATTTACTGTGAGCGAGTCCGTGACCTCCTGAACCCCAAGAACAAAGGCAACCTGCGTGTGAGGGAGCACCCTCTGCTGGGGCCTTATGTGGAGGACCTCTCCAAGCTGGCTGTAACCTCCTACAATGACATCCAGGACCTCA	93077056	93043674	33382	93052423	24633	93076313	32639	23890
ENSMUST00000112958	ACCTCTTCTCTCGAATCAACGACACCACCAACGACAACATGTCCTACTCTGTGGAGGTCAGCTACATGGAGATTTACTGTGAGCGAGTCCGTGACCTCCTGAACCCCAAGAACAAAGGCAACCTGCGTGTGAGGGAGCACCCTCTGCTGGGGCCTTATGTGGAGGACCTCTCCAAGCTGGCTGTAACCTCCTACAATGACATCCAGGACCTCA	93077056	93046770	30286	93052423	24633	93076313	29543	23890
ENSMUST00000112958	ACCTCTTCTCTCGAATCAACGACACCACCAACGACAACATGTCCTACTCTGTGGAGGTCAGCTACATGGAGATTTACTGTGAGCGAGTCCGTGACCTCCTGAACCCCAAGAACAAAGGCAACCTGCGTGTGAGGGAGCACCCTCTGCTGGGGCCTTATGTGGAGGACCTCTCCAAGCTGGCTGTAACCTCCTACAATGACATCCAGGACCTCA	93077056	93062946	14110	93066046	11010	93076313	13367	10267
ENSMUST00000112958	ACCTCTTCTCTCGAATCAACGACACCACCAACGACAACATGTCCTACTCTGTGGAGGTCAGCTACATGGAGATTTACTGTGAGCGAGTCCGTGACCTCCTGAACCCCAAGAACAAAGGCAACCTGCGTGTGAGGGAGCACCCTCTGCTGGGGCCTTATGTGGAGGACCTCTCCAAGCTGGCTGTAACCTCCTACAATGACATCCAGGACCTCA	93077056	93064282	12774	93066046	11010	93076313	12031	10267
ENSMUST00000112958	ACCTCTTCTCTCGAATCAACGACACCACCAACGACAACATGTCCTACTCTGTGGAGGTCAGCTACATGGAGATTTACTGTGAGCGAGTCCGTGACCTCCTGAACCCCAAGAACAAAGGCAACCTGCGTGTGAGGGAGCACCCTCTGCTGGGGCCTTATGTGGAGGACCTCTCCAAGCTGGCTGTAACCTCCTACAATGACATCCAGGACCTCA	93077056	93068560	8496	93073038	4018	93076313	7753	3275
ENSMUST00000112958	ACCTCTTCTCTCGAATCAACGACACCACCAACGACAACATGTCCTACTCTGTGGAGGTCAGCTACATGGAGATTTACTGTGAGCGAGTCCGTGACCTCCTGAACCCCAAGAACAAAGGCAACCTGCGTGTGAGGGAGCACCCTCTGCTGGGGCCTTATGTGGAGGACCTCTCCAAGCTGGCTGTAACCTCCTACAATGACATCCAGGACCTCA	93077056	93072325	4731	93073807	3249	93076313	3988	2506
ENSMUST00000112958	ACCTCTTCTCTCGAATCAACGACACCACCAACGACAACATGTCCTACTCTGTGGAGGTCAGCTACATGGAGATTTACTGTGAGCGAGTCCGTGACCTCCTGAACCCCAAGAACAAAGGCAACCTGCGTGTGAGGGAGCACCCTCTGCTGGGGCCTTATGTGGAGGACCTCTCCAAGCTGGCTGTAACCTCCTACAATGACATCCAGGACCTCA	93077056	93082480	-5424	93101762	-24706	93076313	-6167	-25449
ENSMUST00000102838	CAAGGCCTGGGAAAGACTGGAAAAAGCAGAACATGAGAGAGAACTGGCTCTGCGGAATGAGCTCATACGGCAGGAAAAACTGGAACAACTCGCCCGAAGATTTGATCGCAAGGCAGCTATGAGGGAGACATGGCTGAGTGAAAACCAGCGTCTTGTGTCTCAGGACAACTTTGGATTTGACCTTCCCGCTGTTGAGGCTGCTACCAAAAAACA	30143024	30100714	42310	30103247	39777	30142180	41466	38933
ENSMUST00000102838	CAAGGCCTGGGAAAGACTGGAAAAAGCAGAACATGAGAGAGAACTGGCTCTGCGGAATGAGCTCATACGGCAGGAAAAACTGGAACAACTCGCCCGAAGATTTGATCGCAAGGCAGCTATGAGGGAGACATGGCTGAGTGAAAACCAGCGTCTTGTGTCTCAGGACAACTTTGGATTTGACCTTCCCGCTGTTGAGGCTGCTACCAAAAAACA	30143024	30110922	32102	30113855	29169	30142180	31258	28325
ENSMUST00000102838	CAAGGCCTGGGAAAGACTGGAAAAAGCAGAACATGAGAGAGAACTGGCTCTGCGGAATGAGCTCATACGGCAGGAAAAACTGGAACAACTCGCCCGAAGATTTGATCGCAAGGCAGCTATGAGGGAGACATGGCTGAGTGAAAACCAGCGTCTTGTGTCTCAGGACAACTTTGGATTTGACCTTCCCGCTGTTGAGGCTGCTACCAAAAAACA	30143024	30124062	18962	30129569	13455	30142180	18118	12611
ENSMUST00000102838	CAAGGCCTGGGAAAGACTGGAAAAAGCAGAACATGAGAGAGAACTGGCTCTGCGGAATGAGCTCATACGGCAGGAAAAACTGGAACAACTCGCCCGAAGATTTGATCGCAAGGCAGCTATGAGGGAGACATGGCTGAGTGAAAACCAGCGTCTTGTGTCTCAGGACAACTTTGGATTTGACCTTCCCGCTGTTGAGGCTGCTACCAAAAAACA	30143024	30137630	5394	30138591	4433	30142180	4550	3589
ENSMUST00000102838	CAAGGCCTGGGAAAGACTGGAAAAAGCAGAACATGAGAGAGAACTGGCTCTGCGGAATGAGCTCATACGGCAGGAAAAACTGGAACAACTCGCCCGAAGATTTGATCGCAAGGCAGCTATGAGGGAGACATGGCTGAGTGAAAACCAGCGTCTTGTGTCTCAGGACAACTTTGGATTTGACCTTCCCGCTGTTGAGGCTGCTACCAAAAAACA	30143024	30154402	-11378	30219578	-76554	30142180	-12222	-77398
ENSMUST00000102838	CAAGGCCTGGGAAAGACTGGAAAAAGCAGAACATGAGAGAGAACTGGCTCTGCGGAATGAGCTCATACGGCAGGAAAAACTGGAACAACTCGCCCGAAGATTTGATCGCAAGGCAGCTATGAGGGAGACATGGCTGAGTGAAAACCAGCGTCTTGTGTCTCAGGACAACTTTGGATTTGACCTTCCCGCTGTTGAGGCTGCTACCAAAAAACA	30143024	30159445	-16421	30267947	-124923	30142180	-17265	-125767
ENSMUST00000064762	ATCCGATCGTGGGACACAAACCTGATTGAGTGCAACTTGGACCAGGAACTCAAACTTTTCGTATCTCGACACTCTGCAAGATTCTCTCCTGAAGTTCCAGGACAAAAGATTCTTCATCACCGAAGTGACGTCTTAGAAACAGTCGTTCTGATCAACCCTTCAGATGAAGCCGTCAGCACTGAGGTGCGTTTGATGATCACTGACGCTGCCCGCC	99508111	99435701	72410	99508107	4	99441668	5967	-66439
ENSMUST00000064762	ATCCGATCGTGGGACACAAACCTGATTGAGTGCAACTTGGACCAGGAACTCAAACTTTTCGTATCTCGACACTCTGCAAGATTCTCTCCTGAAGTTCCAGGACAAAAGATTCTTCATCACCGAAGTGACGTCTTAGAAACAGTCGTTCTGATCAACCCTTCAGATGAAGCCGTCAGCACTGAGGTGCGTTTGATGATCACTGACGCTGCCCGCC	99508111	99441774	66337	99508107	4	99441668	-106	-66439
ENSMUST00000030806	GAAATTTACTGTGAGAGAGTACGAGATTTACTGAATCCCAAAAACAAGGGTAACTTGCGTGTGCGTGAACACCCGCTTCTTGGACCCTATGTGGAGGATCTGTCCAAGCTGGCGGTCACCTCCTACACTGACATCGCTGACCTGATGGATGCTGGGAACAAAGCCAGGACTGTGGCAGCTACCAACATGAATGAGACAAGCAGCCGTTCTCACGCTGTGTTC	149270734	149181602	89132	149182267	88467	149269923	88321	87656
ENSMUST00000030806	GAAATTTACTGTGAGAGAGTACGAGATTTACTGAATCCCAAAAACAAGGGTAACTTGCGTGTGCGTGAACACCCGCTTCTTGGACCCTATGTGGAGGATCTGTCCAAGCTGGCGGTCACCTCCTACACTGACATCGCTGACCTGATGGATGCTGGGAACAAAGCCAGGACTGTGGCAGCTACCAACATGAATGAGACAAGCAGCCGTTCTCACGCTGTGTTC	149270734	149184430	86304	149187590	83144	149269923	85493	82333
ENSMUST00000030806	GAAATTTACTGTGAGAGAGTACGAGATTTACTGAATCCCAAAAACAAGGGTAACTTGCGTGTGCGTGAACACCCGCTTCTTGGACCCTATGTGGAGGATCTGTCCAAGCTGGCGGTCACCTCCTACACTGACATCGCTGACCTGATGGATGCTGGGAACAAAGCCAGGACTGTGGCAGCTACCAACATGAATGAGACAAGCAGCCGTTCTCACGCTGTGTTC	149270734	149192687	78047	149198431	72303	149269923	77236	71492
ENSMUST00000030806	GAAATTTACTGTGAGAGAGTACGAGATTTACTGAATCCCAAAAACAAGGGTAACTTGCGTGTGCGTGAACACCCGCTTCTTGGACCCTATGTGGAGGATCTGTCCAAGCTGGCGGTCACCTCCTACACTGACATCGCTGACCTGATGGATGCTGGGAACAAAGCCAGGACTGTGGCAGCTACCAACATGAATGAGACAAGCAGCCGTTCTCACGCTGTGTTC	149270734	149192687	78047	149199257	71477	149269923	77236	70666
ENSMUST00000030806	GAAATTTACTGTGAGAGAGTACGAGATTTACTGAATCCCAAAAACAAGGGTAACTTGCGTGTGCGTGAACACCCGCTTCTTGGACCCTATGTGGAGGATCTGTCCAAGCTGGCGGTCACCTCCTACACTGACATCGCTGACCTGATGGATGCTGGGAACAAAGCCAGGACTGTGGCAGCTACCAACATGAATGAGACAAGCAGCCGTTCTCACGCTGTGTTC	149270734	149213752	56982	149214906	55828	149269923	56171	55017
ENSMUST00000030806	GAAATTTACTGTGAGAGAGTACGAGATTTACTGAATCCCAAAAACAAGGGTAACTTGCGTGTGCGTGAACACCCGCTTCTTGGACCCTATGTGGAGGATCTGTCCAAGCTGGCGGTCACCTCCTACACTGACATCGCTGACCTGATGGATGCTGGGAACAAAGCCAGGACTGTGGCAGCTACCAACATGAATGAGACAAGCAGCCGTTCTCACGCTGTGTTC	149270734	149215025	55709	149222226	48508	149269923	54898	47697
ENSMUST00000030806	GAAATTTACTGTGAGAGAGTACGAGATTTACTGAATCCCAAAAACAAGGGTAACTTGCGTGTGCGTGAACACCCGCTTCTTGGACCCTATGTGGAGGATCTGTCCAAGCTGGCGGTCACCTCCTACACTGACATCGCTGACCTGATGGATGCTGGGAACAAAGCCAGGACTGTGGCAGCTACCAACATGAATGAGACAAGCAGCCGTTCTCACGCTGTGTTC	149270734	149253751	16983	149262135	8599	149269923	16172	7788
ENSMUST00000030806	GAAATTTACTGTGAGAGAGTACGAGATTTACTGAATCCCAAAAACAAGGGTAACTTGCGTGTGCGTGAACACCCGCTTCTTGGACCCTATGTGGAGGATCTGTCCAAGCTGGCGGTCACCTCCTACACTGACATCGCTGACCTGATGGATGCTGGGAACAAAGCCAGGACTGTGGCAGCTACCAACATGAATGAGACAAGCAGCCGTTCTCACGCTGTGTTC	149270734	149253751	16983	149262135	8599	149269923	16172	7788
ENSMUST00000030806	GAAATTTACTGTGAGAGAGTACGAGATTTACTGAATCCCAAAAACAAGGGTAACTTGCGTGTGCGTGAACACCCGCTTCTTGGACCCTATGTGGAGGATCTGTCCAAGCTGGCGGTCACCTCCTACACTGACATCGCTGACCTGATGGATGCTGGGAACAAAGCCAGGACTGTGGCAGCTACCAACATGAATGAGACAAGCAGCCGTTCTCACGCTGTGTTC	149270734	149258003	12731	149262135	8599	149269923	11920	7788
ENSMUST00000030806	GAAATTTACTGTGAGAGAGTACGAGATTTACTGAATCCCAAAAACAAGGGTAACTTGCGTGTGCGTGAACACCCGCTTCTTGGACCCTATGTGGAGGATCTGTCCAAGCTGGCGGTCACCTCCTACACTGACATCGCTGACCTGATGGATGCTGGGAACAAAGCCAGGACTGTGGCAGCTACCAACATGAATGAGACAAGCAGCCGTTCTCACGCTGTGTTC	149270734	149258081	12653	149262135	8599	149269923	11842	7788
ENSMUST00000030806	GAAATTTACTGTGAGAGAGTACGAGATTTACTGAATCCCAAAAACAAGGGTAACTTGCGTGTGCGTGAACACCCGCTTCTTGGACCCTATGTGGAGGATCTGTCCAAGCTGGCGGTCACCTCCTACACTGACATCGCTGACCTGATGGATGCTGGGAACAAAGCCAGGACTGTGGCAGCTACCAACATGAATGAGACAAGCAGCCGTTCTCACGCTGTGTTC	149270734	149263690	7044	149266251	4483	149269923	6233	3672
ENSMUST00000030806	GAAATTTACTGTGAGAGAGTACGAGATTTACTGAATCCCAAAAACAAGGGTAACTTGCGTGTGCGTGAACACCCGCTTCTTGGACCCTATGTGGAGGATCTGTCCAAGCTGGCGGTCACCTCCTACACTGACATCGCTGACCTGATGGATGCTGGGAACAAAGCCAGGACTGTGGCAGCTACCAACATGAATGAGACAAGCAGCCGTTCTCACGCTGTGTTC	149270734	149267283	3451	149270716	18	149269923	2640	-793
ENSMUST00000030806	GAAATTTACTGTGAGAGAGTACGAGATTTACTGAATCCCAAAAACAAGGGTAACTTGCGTGTGCGTGAACACCCGCTTCTTGGACCCTATGTGGAGGATCTGTCCAAGCTGGCGGTCACCTCCTACACTGACATCGCTGACCTGATGGATGCTGGGAACAAAGCCAGGACTGTGGCAGCTACCAACATGAATGAGACAAGCAGCCGTTCTCACGCTGTGTTC	149270734	149275095	-4361	149291301	-20567	149269923	-5172	-21378
ENSMUST00000030806	GAAATTTACTGTGAGAGAGTACGAGATTTACTGAATCCCAAAAACAAGGGTAACTTGCGTGTGCGTGAACACCCGCTTCTTGGACCCTATGTGGAGGATCTGTCCAAGCTGGCGGTCACCTCCTACACTGACATCGCTGACCTGATGGATGCTGGGAACAAAGCCAGGACTGTGGCAGCTACCAACATGAATGAGACAAGCAGCCGTTCTCACGCTGTGTTC	149270734	149181602	89132	149182267	88467	149269923	88321	87656
ENSMUST00000030806	GAAATTTACTGTGAGAGAGTACGAGATTTACTGAATCCCAAAAACAAGGGTAACTTGCGTGTGCGTGAACACCCGCTTCTTGGACCCTATGTGGAGGATCTGTCCAAGCTGGCGGTCACCTCCTACACTGACATCGCTGACCTGATGGATGCTGGGAACAAAGCCAGGACTGTGGCAGCTACCAACATGAATGAGACAAGCAGCCGTTCTCACGCTGTGTTC	149270734	149184430	86304	149187590	83144	149269923	85493	82333
ENSMUST00000030806	GAAATTTACTGTGAGAGAGTACGAGATTTACTGAATCCCAAAAACAAGGGTAACTTGCGTGTGCGTGAACACCCGCTTCTTGGACCCTATGTGGAGGATCTGTCCAAGCTGGCGGTCACCTCCTACACTGACATCGCTGACCTGATGGATGCTGGGAACAAAGCCAGGACTGTGGCAGCTACCAACATGAATGAGACAAGCAGCCGTTCTCACGCTGTGTTC	149270734	149192687	78047	149198431	72303	149269923	77236	71492
ENSMUST00000030806	GAAATTTACTGTGAGAGAGTACGAGATTTACTGAATCCCAAAAACAAGGGTAACTTGCGTGTGCGTGAACACCCGCTTCTTGGACCCTATGTGGAGGATCTGTCCAAGCTGGCGGTCACCTCCTACACTGACATCGCTGACCTGATGGATGCTGGGAACAAAGCCAGGACTGTGGCAGCTACCAACATGAATGAGACAAGCAGCCGTTCTCACGCTGTGTTC	149270734	149192687	78047	149199257	71477	149269923	77236	70666
ENSMUST00000030806	GAAATTTACTGTGAGAGAGTACGAGATTTACTGAATCCCAAAAACAAGGGTAACTTGCGTGTGCGTGAACACCCGCTTCTTGGACCCTATGTGGAGGATCTGTCCAAGCTGGCGGTCACCTCCTACACTGACATCGCTGACCTGATGGATGCTGGGAACAAAGCCAGGACTGTGGCAGCTACCAACATGAATGAGACAAGCAGCCGTTCTCACGCTGTGTTC	149270734	149213752	56982	149214906	55828	149269923	56171	55017
ENSMUST00000030806	GAAATTTACTGTGAGAGAGTACGAGATTTACTGAATCCCAAAAACAAGGGTAACTTGCGTGTGCGTGAACACCCGCTTCTTGGACCCTATGTGGAGGATCTGTCCAAGCTGGCGGTCACCTCCTACACTGACATCGCTGACCTGATGGATGCTGGGAACAAAGCCAGGACTGTGGCAGCTACCAACATGAATGAGACAAGCAGCCGTTCTCACGCTGTGTTC	149270734	149215025	55709	149222226	48508	149269923	54898	47697
ENSMUST00000030806	GAAATTTACTGTGAGAGAGTACGAGATTTACTGAATCCCAAAAACAAGGGTAACTTGCGTGTGCGTGAACACCCGCTTCTTGGACCCTATGTGGAGGATCTGTCCAAGCTGGCGGTCACCTCCTACACTGACATCGCTGACCTGATGGATGCTGGGAACAAAGCCAGGACTGTGGCAGCTACCAACATGAATGAGACAAGCAGCCGTTCTCACGCTGTGTTC	149270734	149253751	16983	149262135	8599	149269923	16172	7788
ENSMUST00000030806	GAAATTTACTGTGAGAGAGTACGAGATTTACTGAATCCCAAAAACAAGGGTAACTTGCGTGTGCGTGAACACCCGCTTCTTGGACCCTATGTGGAGGATCTGTCCAAGCTGGCGGTCACCTCCTACACTGACATCGCTGACCTGATGGATGCTGGGAACAAAGCCAGGACTGTGGCAGCTACCAACATGAATGAGACAAGCAGCCGTTCTCACGCTGTGTTC	149270734	149253751	16983	149262135	8599	149269923	16172	7788
ENSMUST00000030806	GAAATTTACTGTGAGAGAGTACGAGATTTACTGAATCCCAAAAACAAGGGTAACTTGCGTGTGCGTGAACACCCGCTTCTTGGACCCTATGTGGAGGATCTGTCCAAGCTGGCGGTCACCTCCTACACTGACATCGCTGACCTGATGGATGCTGGGAACAAAGCCAGGACTGTGGCAGCTACCAACATGAATGAGACAAGCAGCCGTTCTCACGCTGTGTTC	149270734	149258003	12731	149262135	8599	149269923	11920	7788
ENSMUST00000030806	GAAATTTACTGTGAGAGAGTACGAGATTTACTGAATCCCAAAAACAAGGGTAACTTGCGTGTGCGTGAACACCCGCTTCTTGGACCCTATGTGGAGGATCTGTCCAAGCTGGCGGTCACCTCCTACACTGACATCGCTGACCTGATGGATGCTGGGAACAAAGCCAGGACTGTGGCAGCTACCAACATGAATGAGACAAGCAGCCGTTCTCACGCTGTGTTC	149270734	149258081	12653	149262135	8599	149269923	11842	7788
ENSMUST00000030806	GAAATTTACTGTGAGAGAGTACGAGATTTACTGAATCCCAAAAACAAGGGTAACTTGCGTGTGCGTGAACACCCGCTTCTTGGACCCTATGTGGAGGATCTGTCCAAGCTGGCGGTCACCTCCTACACTGACATCGCTGACCTGATGGATGCTGGGAACAAAGCCAGGACTGTGGCAGCTACCAACATGAATGAGACAAGCAGCCGTTCTCACGCTGTGTTC	149270734	149263690	7044	149266251	4483	149269923	6233	3672
ENSMUST00000030806	GAAATTTACTGTGAGAGAGTACGAGATTTACTGAATCCCAAAAACAAGGGTAACTTGCGTGTGCGTGAACACCCGCTTCTTGGACCCTATGTGGAGGATCTGTCCAAGCTGGCGGTCACCTCCTACACTGACATCGCTGACCTGATGGATGCTGGGAACAAAGCCAGGACTGTGGCAGCTACCAACATGAATGAGACAAGCAGCCGTTCTCACGCTGTGTTC	149270734	149267283	3451	149270716	18	149269923	2640	-793
ENSMUST00000030806	GAAATTTACTGTGAGAGAGTACGAGATTTACTGAATCCCAAAAACAAGGGTAACTTGCGTGTGCGTGAACACCCGCTTCTTGGACCCTATGTGGAGGATCTGTCCAAGCTGGCGGTCACCTCCTACACTGACATCGCTGACCTGATGGATGCTGGGAACAAAGCCAGGACTGTGGCAGCTACCAACATGAATGAGACAAGCAGCCGTTCTCACGCTGTGTTC	149270734	149275095	-4361	149291301	-20567	149269923	-5172	-21378
ENSMUST00000190723	ATAACTCTCTCCTGCTGAATCGTGTCACCCCTTACCGGGAGAAAATCTACATGACGCTCTCTGCCTACATTGAGATGGAGAACTGTACCCAGCCAGCTGTCATCACCAAGGACTTCTGCATGGTTTTCTACTCTCGGGACGCCAAGCTACCCGCCTCACGCTCCATTCGCAACCTGTTTGGCAGTGGCAGCCTGCGGGCCACAGAAGGCAACCGTGTGACTGG	93025700	93019070	6630	93020457	5243	93023514	4444	3057
ENSMUST00000190723	ATAACTCTCTCCTGCTGAATCGTGTCACCCCTTACCGGGAGAAAATCTACATGACGCTCTCTGCCTACATTGAGATGGAGAACTGTACCCAGCCAGCTGTCATCACCAAGGACTTCTGCATGGTTTTCTACTCTCGGGACGCCAAGCTACCCGCCTCACGCTCCATTCGCAACCTGTTTGGCAGTGGCAGCCTGCGGGCCACAGAAGGCAACCGTGTGACTGG	93025700	93021337	4363	93022320	3380	93023514	2177	1194
ENSMUST00000190723	ATAACTCTCTCCTGCTGAATCGTGTCACCCCTTACCGGGAGAAAATCTACATGACGCTCTCTGCCTACATTGAGATGGAGAACTGTACCCAGCCAGCTGTCATCACCAAGGACTTCTGCATGGTTTTCTACTCTCGGGACGCCAAGCTACCCGCCTCACGCTCCATTCGCAACCTGTTTGGCAGTGGCAGCCTGCGGGCCACAGAAGGCAACCGTGTGACTGG	93025700	93024712	988	93036845	-11145	93023514	-1198	-13331
ENSMUST00000190723	ATAACTCTCTCCTGCTGAATCGTGTCACCCCTTACCGGGAGAAAATCTACATGACGCTCTCTGCCTACATTGAGATGGAGAACTGTACCCAGCCAGCTGTCATCACCAAGGACTTCTGCATGGTTTTCTACTCTCGGGACGCCAAGCTACCCGCCTCACGCTCCATTCGCAACCTGTTTGGCAGTGGCAGCCTGCGGGCCACAGAAGGCAACCGTGTGACTGG	93025700	93025735	-35	93034545	-8845	93023514	-2221	-11031
ENSMUST00000190723	ATAACTCTCTCCTGCTGAATCGTGTCACCCCTTACCGGGAGAAAATCTACATGACGCTCTCTGCCTACATTGAGATGGAGAACTGTACCCAGCCAGCTGTCATCACCAAGGACTTCTGCATGGTTTTCTACTCTCGGGACGCCAAGCTACCCGCCTCACGCTCCATTCGCAACCTGTTTGGCAGTGGCAGCCTGCGGGCCACAGAAGGCAACCGTGTGACTGG	93025700	93025735	-35	93036845	-11145	93023514	-2221	-13331
ENSMUST00000190723	ATAACTCTCTCCTGCTGAATCGTGTCACCCCTTACCGGGAGAAAATCTACATGACGCTCTCTGCCTACATTGAGATGGAGAACTGTACCCAGCCAGCTGTCATCACCAAGGACTTCTGCATGGTTTTCTACTCTCGGGACGCCAAGCTACCCGCCTCACGCTCCATTCGCAACCTGTTTGGCAGTGGCAGCCTGCGGGCCACAGAAGGCAACCGTGTGACTGG	93025700	93025735	-35	93036845	-11145	93023514	-2221	-13331
ENSMUST00000190723	ATAACTCTCTCCTGCTGAATCGTGTCACCCCTTACCGGGAGAAAATCTACATGACGCTCTCTGCCTACATTGAGATGGAGAACTGTACCCAGCCAGCTGTCATCACCAAGGACTTCTGCATGGTTTTCTACTCTCGGGACGCCAAGCTACCCGCCTCACGCTCCATTCGCAACCTGTTTGGCAGTGGCAGCCTGCGGGCCACAGAAGGCAACCGTGTGACTGG	93025700	93026855	-1155	93036845	-11145	93023514	-3341	-13331
ENSMUST00000190723	ATAACTCTCTCCTGCTGAATCGTGTCACCCCTTACCGGGAGAAAATCTACATGACGCTCTCTGCCTACATTGAGATGGAGAACTGTACCCAGCCAGCTGTCATCACCAAGGACTTCTGCATGGTTTTCTACTCTCGGGACGCCAAGCTACCCGCCTCACGCTCCATTCGCAACCTGTTTGGCAGTGGCAGCCTGCGGGCCACAGAAGGCAACCGTGTGACTGG	93025700	93040674	-14974	93042084	-16384	93023514	-17160	-18570
ENSMUST00000190723	ATAACTCTCTCCTGCTGAATCGTGTCACCCCTTACCGGGAGAAAATCTACATGACGCTCTCTGCCTACATTGAGATGGAGAACTGTACCCAGCCAGCTGTCATCACCAAGGACTTCTGCATGGTTTTCTACTCTCGGGACGCCAAGCTACCCGCCTCACGCTCCATTCGCAACCTGTTTGGCAGTGGCAGCCTGCGGGCCACAGAAGGCAACCGTGTGACTGG	93025700	93042175	-16475	93042615	-16915	93023514	-18661	-19101
ENSMUST00000190723	ATAACTCTCTCCTGCTGAATCGTGTCACCCCTTACCGGGAGAAAATCTACATGACGCTCTCTGCCTACATTGAGATGGAGAACTGTACCCAGCCAGCTGTCATCACCAAGGACTTCTGCATGGTTTTCTACTCTCGGGACGCCAAGCTACCCGCCTCACGCTCCATTCGCAACCTGTTTGGCAGTGGCAGCCTGCGGGCCACAGAAGGCAACCGTGTGACTGG	93025700	93043674	-17974	93052423	-26723	93023514	-20160	-28909
ENSMUST00000190723	ATAACTCTCTCCTGCTGAATCGTGTCACCCCTTACCGGGAGAAAATCTACATGACGCTCTCTGCCTACATTGAGATGGAGAACTGTACCCAGCCAGCTGTCATCACCAAGGACTTCTGCATGGTTTTCTACTCTCGGGACGCCAAGCTACCCGCCTCACGCTCCATTCGCAACCTGTTTGGCAGTGGCAGCCTGCGGGCCACAGAAGGCAACCGTGTGACTGG	93025700	93043674	-17974	93052423	-26723	93023514	-20160	-28909
ENSMUST00000190723	ATAACTCTCTCCTGCTGAATCGTGTCACCCCTTACCGGGAGAAAATCTACATGACGCTCTCTGCCTACATTGAGATGGAGAACTGTACCCAGCCAGCTGTCATCACCAAGGACTTCTGCATGGTTTTCTACTCTCGGGACGCCAAGCTACCCGCCTCACGCTCCATTCGCAACCTGTTTGGCAGTGGCAGCCTGCGGGCCACAGAAGGCAACCGTGTGACTGG	93025700	93046770	-21070	93052423	-26723	93023514	-23256	-28909
ENSMUST00000190723	ATAACTCTCTCCTGCTGAATCGTGTCACCCCTTACCGGGAGAAAATCTACATGACGCTCTCTGCCTACATTGAGATGGAGAACTGTACCCAGCCAGCTGTCATCACCAAGGACTTCTGCATGGTTTTCTACTCTCGGGACGCCAAGCTACCCGCCTCACGCTCCATTCGCAACCTGTTTGGCAGTGGCAGCCTGCGGGCCACAGAAGGCAACCGTGTGACTGG	93025700	93062946	-37246	93066046	-40346	93023514	-39432	-42532
ENSMUST00000190723	ATAACTCTCTCCTGCTGAATCGTGTCACCCCTTACCGGGAGAAAATCTACATGACGCTCTCTGCCTACATTGAGATGGAGAACTGTACCCAGCCAGCTGTCATCACCAAGGACTTCTGCATGGTTTTCTACTCTCGGGACGCCAAGCTACCCGCCTCACGCTCCATTCGCAACCTGTTTGGCAGTGGCAGCCTGCGGGCCACAGAAGGCAACCGTGTGACTGG	93025700	93064282	-38582	93066046	-40346	93023514	-40768	-42532
ENSMUST00000190723	ATAACTCTCTCCTGCTGAATCGTGTCACCCCTTACCGGGAGAAAATCTACATGACGCTCTCTGCCTACATTGAGATGGAGAACTGTACCCAGCCAGCTGTCATCACCAAGGACTTCTGCATGGTTTTCTACTCTCGGGACGCCAAGCTACCCGCCTCACGCTCCATTCGCAACCTGTTTGGCAGTGGCAGCCTGCGGGCCACAGAAGGCAACCGTGTGACTGG	93025700	93068560	-42860	93073038	-47338	93023514	-45046	-49524
ENSMUST00000190723	ATAACTCTCTCCTGCTGAATCGTGTCACCCCTTACCGGGAGAAAATCTACATGACGCTCTCTGCCTACATTGAGATGGAGAACTGTACCCAGCCAGCTGTCATCACCAAGGACTTCTGCATGGTTTTCTACTCTCGGGACGCCAAGCTACCCGCCTCACGCTCCATTCGCAACCTGTTTGGCAGTGGCAGCCTGCGGGCCACAGAAGGCAACCGTGTGACTGG	93025700	93072325	-46625	93073807	-48107	93023514	-48811	-50293
ENSMUST00000190723	ATAACTCTCTCCTGCTGAATCGTGTCACCCCTTACCGGGAGAAAATCTACATGACGCTCTCTGCCTACATTGAGATGGAGAACTGTACCCAGCCAGCTGTCATCACCAAGGACTTCTGCATGGTTTTCTACTCTCGGGACGCCAAGCTACCCGCCTCACGCTCCATTCGCAACCTGTTTGGCAGTGGCAGCCTGCGGGCCACAGAAGGCAACCGTGTGACTGG	93025700	93082480	-56780	93101762	-76062	93023514	-58966	-78248
ENSMUST00000190723	ATAACTCTCTCCTGCTGAATCGTGTCACCCCTTACCGGGAGAAAATCTACATGACGCTCTCTGCCTACATTGAGATGGAGAACTGTACCCAGCCAGCTGTCATCACCAAGGACTTCTGCATGGTTTTCTACTCTCGGGACGCCAAGCTACCCGCCTCACGCTCCATTCGCAACCTGTTTGGCAGTGGCAGCCTGCGGGCCACAGAAGGCAACCGTGTGACTGG	93025700	93019070	6630	93020457	5243	93023514	4444	3057
ENSMUST00000190723	ATAACTCTCTCCTGCTGAATCGTGTCACCCCTTACCGGGAGAAAATCTACATGACGCTCTCTGCCTACATTGAGATGGAGAACTGTACCCAGCCAGCTGTCATCACCAAGGACTTCTGCATGGTTTTCTACTCTCGGGACGCCAAGCTACCCGCCTCACGCTCCATTCGCAACCTGTTTGGCAGTGGCAGCCTGCGGGCCACAGAAGGCAACCGTGTGACTGG	93025700	93021337	4363	93022320	3380	93023514	2177	1194
ENSMUST00000190723	ATAACTCTCTCCTGCTGAATCGTGTCACCCCTTACCGGGAGAAAATCTACATGACGCTCTCTGCCTACATTGAGATGGAGAACTGTACCCAGCCAGCTGTCATCACCAAGGACTTCTGCATGGTTTTCTACTCTCGGGACGCCAAGCTACCCGCCTCACGCTCCATTCGCAACCTGTTTGGCAGTGGCAGCCTGCGGGCCACAGAAGGCAACCGTGTGACTGG	93025700	93024712	988	93036845	-11145	93023514	-1198	-13331
ENSMUST00000190723	ATAACTCTCTCCTGCTGAATCGTGTCACCCCTTACCGGGAGAAAATCTACATGACGCTCTCTGCCTACATTGAGATGGAGAACTGTACCCAGCCAGCTGTCATCACCAAGGACTTCTGCATGGTTTTCTACTCTCGGGACGCCAAGCTACCCGCCTCACGCTCCATTCGCAACCTGTTTGGCAGTGGCAGCCTGCGGGCCACAGAAGGCAACCGTGTGACTGG	93025700	93025735	-35	93034545	-8845	93023514	-2221	-11031
ENSMUST00000190723	ATAACTCTCTCCTGCTGAATCGTGTCACCCCTTACCGGGAGAAAATCTACATGACGCTCTCTGCCTACATTGAGATGGAGAACTGTACCCAGCCAGCTGTCATCACCAAGGACTTCTGCATGGTTTTCTACTCTCGGGACGCCAAGCTACCCGCCTCACGCTCCATTCGCAACCTGTTTGGCAGTGGCAGCCTGCGGGCCACAGAAGGCAACCGTGTGACTGG	93025700	93025735	-35	93036845	-11145	93023514	-2221	-13331
ENSMUST00000190723	ATAACTCTCTCCTGCTGAATCGTGTCACCCCTTACCGGGAGAAAATCTACATGACGCTCTCTGCCTACATTGAGATGGAGAACTGTACCCAGCCAGCTGTCATCACCAAGGACTTCTGCATGGTTTTCTACTCTCGGGACGCCAAGCTACCCGCCTCACGCTCCATTCGCAACCTGTTTGGCAGTGGCAGCCTGCGGGCCACAGAAGGCAACCGTGTGACTGG	93025700	93025735	-35	93036845	-11145	93023514	-2221	-13331
ENSMUST00000190723	ATAACTCTCTCCTGCTGAATCGTGTCACCCCTTACCGGGAGAAAATCTACATGACGCTCTCTGCCTACATTGAGATGGAGAACTGTACCCAGCCAGCTGTCATCACCAAGGACTTCTGCATGGTTTTCTACTCTCGGGACGCCAAGCTACCCGCCTCACGCTCCATTCGCAACCTGTTTGGCAGTGGCAGCCTGCGGGCCACAGAAGGCAACCGTGTGACTGG	93025700	93026855	-1155	93036845	-11145	93023514	-3341	-13331
ENSMUST00000190723	ATAACTCTCTCCTGCTGAATCGTGTCACCCCTTACCGGGAGAAAATCTACATGACGCTCTCTGCCTACATTGAGATGGAGAACTGTACCCAGCCAGCTGTCATCACCAAGGACTTCTGCATGGTTTTCTACTCTCGGGACGCCAAGCTACCCGCCTCACGCTCCATTCGCAACCTGTTTGGCAGTGGCAGCCTGCGGGCCACAGAAGGCAACCGTGTGACTGG	93025700	93040674	-14974	93042084	-16384	93023514	-17160	-18570
ENSMUST00000190723	ATAACTCTCTCCTGCTGAATCGTGTCACCCCTTACCGGGAGAAAATCTACATGACGCTCTCTGCCTACATTGAGATGGAGAACTGTACCCAGCCAGCTGTCATCACCAAGGACTTCTGCATGGTTTTCTACTCTCGGGACGCCAAGCTACCCGCCTCACGCTCCATTCGCAACCTGTTTGGCAGTGGCAGCCTGCGGGCCACAGAAGGCAACCGTGTGACTGG	93025700	93042175	-16475	93042615	-16915	93023514	-18661	-19101
ENSMUST00000190723	ATAACTCTCTCCTGCTGAATCGTGTCACCCCTTACCGGGAGAAAATCTACATGACGCTCTCTGCCTACATTGAGATGGAGAACTGTACCCAGCCAGCTGTCATCACCAAGGACTTCTGCATGGTTTTCTACTCTCGGGACGCCAAGCTACCCGCCTCACGCTCCATTCGCAACCTGTTTGGCAGTGGCAGCCTGCGGGCCACAGAAGGCAACCGTGTGACTGG	93025700	93043674	-17974	93052423	-26723	93023514	-20160	-28909
ENSMUST00000190723	ATAACTCTCTCCTGCTGAATCGTGTCACCCCTTACCGGGAGAAAATCTACATGACGCTCTCTGCCTACATTGAGATGGAGAACTGTACCCAGCCAGCTGTCATCACCAAGGACTTCTGCATGGTTTTCTACTCTCGGGACGCCAAGCTACCCGCCTCACGCTCCATTCGCAACCTGTTTGGCAGTGGCAGCCTGCGGGCCACAGAAGGCAACCGTGTGACTGG	93025700	93043674	-17974	93052423	-26723	93023514	-20160	-28909
ENSMUST00000190723	ATAACTCTCTCCTGCTGAATCGTGTCACCCCTTACCGGGAGAAAATCTACATGACGCTCTCTGCCTACATTGAGATGGAGAACTGTACCCAGCCAGCTGTCATCACCAAGGACTTCTGCATGGTTTTCTACTCTCGGGACGCCAAGCTACCCGCCTCACGCTCCATTCGCAACCTGTTTGGCAGTGGCAGCCTGCGGGCCACAGAAGGCAACCGTGTGACTGG	93025700	93046770	-21070	93052423	-26723	93023514	-23256	-28909
ENSMUST00000190723	ATAACTCTCTCCTGCTGAATCGTGTCACCCCTTACCGGGAGAAAATCTACATGACGCTCTCTGCCTACATTGAGATGGAGAACTGTACCCAGCCAGCTGTCATCACCAAGGACTTCTGCATGGTTTTCTACTCTCGGGACGCCAAGCTACCCGCCTCACGCTCCATTCGCAACCTGTTTGGCAGTGGCAGCCTGCGGGCCACAGAAGGCAACCGTGTGACTGG	93025700	93062946	-37246	93066046	-40346	93023514	-39432	-42532
ENSMUST00000190723	ATAACTCTCTCCTGCTGAATCGTGTCACCCCTTACCGGGAGAAAATCTACATGACGCTCTCTGCCTACATTGAGATGGAGAACTGTACCCAGCCAGCTGTCATCACCAAGGACTTCTGCATGGTTTTCTACTCTCGGGACGCCAAGCTACCCGCCTCACGCTCCATTCGCAACCTGTTTGGCAGTGGCAGCCTGCGGGCCACAGAAGGCAACCGTGTGACTGG	93025700	93064282	-38582	93066046	-40346	93023514	-40768	-42532
ENSMUST00000190723	ATAACTCTCTCCTGCTGAATCGTGTCACCCCTTACCGGGAGAAAATCTACATGACGCTCTCTGCCTACATTGAGATGGAGAACTGTACCCAGCCAGCTGTCATCACCAAGGACTTCTGCATGGTTTTCTACTCTCGGGACGCCAAGCTACCCGCCTCACGCTCCATTCGCAACCTGTTTGGCAGTGGCAGCCTGCGGGCCACAGAAGGCAACCGTGTGACTGG	93025700	93068560	-42860	93073038	-47338	93023514	-45046	-49524
ENSMUST00000190723	ATAACTCTCTCCTGCTGAATCGTGTCACCCCTTACCGGGAGAAAATCTACATGACGCTCTCTGCCTACATTGAGATGGAGAACTGTACCCAGCCAGCTGTCATCACCAAGGACTTCTGCATGGTTTTCTACTCTCGGGACGCCAAGCTACCCGCCTCACGCTCCATTCGCAACCTGTTTGGCAGTGGCAGCCTGCGGGCCACAGAAGGCAACCGTGTGACTGG	93025700	93072325	-46625	93073807	-48107	93023514	-48811	-50293
ENSMUST00000190723	ATAACTCTCTCCTGCTGAATCGTGTCACCCCTTACCGGGAGAAAATCTACATGACGCTCTCTGCCTACATTGAGATGGAGAACTGTACCCAGCCAGCTGTCATCACCAAGGACTTCTGCATGGTTTTCTACTCTCGGGACGCCAAGCTACCCGCCTCACGCTCCATTCGCAACCTGTTTGGCAGTGGCAGCCTGCGGGCCACAGAAGGCAACCGTGTGACTGG	93025700	93082480	-56780	93101762	-76062	93023514	-58966	-78248
ENSMUST00000070256	AGTGGGGGATCGAGCTGGATGAGGGAAAAGCGGTACCTGGCTGAAGGAGAAACGGACACGGACACAGACCCCTTCACACCCAGTGGTTCCATGCCTATGTCATCCACTGGGGATGGTATTTCAGATTCCATATGGACCCCTTCCAACAAGCCCACTTAAAAGGGGTCACTGGCTGACTCCTGGTACTGTAGACAGACTTTGTACAGCTCACTTACTCTCACAACTAGC	65986977	66004824	-17847	66016448	-29471	65987205	-17619	-29243
ENSMUST00000070256	AGTGGGGGATCGAGCTGGATGAGGGAAAAGCGGTACCTGGCTGAAGGAGAAACGGACACGGACACAGACCCCTTCACACCCAGTGGTTCCATGCCTATGTCATCCACTGGGGATGGTATTTCAGATTCCATATGGACCCCTTCCAACAAGCCCACTTAAAAGGGGTCACTGGCTGACTCCTGGTACTGTAGACAGACTTTGTACAGCTCACTTACTCTCACAACTAGC	65986977	66021836	-34859	66025113	-38136	65987205	-34631	-37908
ENSMUST00000068681	AAGTTTGTATCCTTCACATCTCGGCTGTTGGACTGTCCCCAGGTCCAGTGTGTGCACCCGTATGTGGCCCAGCAGCCTGATGAACTGACGCTGGAACTGGCAGATATCCTGAACATCCTGGAGAAGACAGAGGATGGGTGGATCTTTGGTGAGCGGCTGCATGACCAGGAGAGAGGCTGGTTCCCCAGTTCCATGACAGAGGAGATCCTGAACCCCAAGATCCGCTCC	87479898	87477744	2154	87479836	62	87476940	-804	-2896
ENSMUST00000068681	AAGTTTGTATCCTTCACATCTCGGCTGTTGGACTGTCCCCAGGTCCAGTGTGTGCACCCGTATGTGGCCCAGCAGCCTGATGAACTGACGCTGGAACTGGCAGATATCCTGAACATCCTGGAGAAGACAGAGGATGGGTGGATCTTTGGTGAGCGGCTGCATGACCAGGAGAGAGGCTGGTTCCCCAGTTCCATGACAGAGGAGATCCTGAACCCCAAGATCCGCTCC	87479898	87484673	-4775	87487798	-7900	87476940	-7733	-10858
ENSMUST00000068681	AAGTTTGTATCCTTCACATCTCGGCTGTTGGACTGTCCCCAGGTCCAGTGTGTGCACCCGTATGTGGCCCAGCAGCCTGATGAACTGACGCTGGAACTGGCAGATATCCTGAACATCCTGGAGAAGACAGAGGATGGGTGGATCTTTGGTGAGCGGCTGCATGACCAGGAGAGAGGCTGGTTCCCCAGTTCCATGACAGAGGAGATCCTGAACCCCAAGATCCGCTCC	87479898	87489744	-9846	87509244	-29346	87476940	-12804	-32304
ENSMUST00000086819	GAGAGCAAGCTCTCTGAGATGTCTGTCACCCTGATGCGGGACCCATCCATGTCCCCTCTGGGTGCTGCTACACTCACTCCCTCCTCCACTTGCCCCTCTCTGATCGAAGGACGATACGGTGCCACTGACGTGAGGACCCCCCAGCCCTGCTCCCGGCCCGCCAGCCCAGAGCCCGAGCTCCTGCCAGAACTTGACTCTAAGAAGACTCCCTCCCCTGTTCGGGCAACA	93021246	93019070	2176	93020457	789	93020595	1525	138
ENSMUST00000086819	GAGAGCAAGCTCTCTGAGATGTCTGTCACCCTGATGCGGGACCCATCCATGTCCCCTCTGGGTGCTGCTACACTCACTCCCTCCTCCACTTGCCCCTCTCTGATCGAAGGACGATACGGTGCCACTGACGTGAGGACCCCCCAGCCCTGCTCCCGGCCCGCCAGCCCAGAGCCCGAGCTCCTGCCAGAACTTGACTCTAAGAAGACTCCCTCCCCTGTTCGGGCAACA	93021246	93021337	-91	93022320	-1074	93020595	-742	-1725
ENSMUST00000086819	GAGAGCAAGCTCTCTGAGATGTCTGTCACCCTGATGCGGGACCCATCCATGTCCCCTCTGGGTGCTGCTACACTCACTCCCTCCTCCACTTGCCCCTCTCTGATCGAAGGACGATACGGTGCCACTGACGTGAGGACCCCCCAGCCCTGCTCCCGGCCCGCCAGCCCAGAGCCCGAGCTCCTGCCAGAACTTGACTCTAAGAAGACTCCCTCCCCTGTTCGGGCAACA	93021246	93024712	-3466	93036845	-15599	93020595	-4117	-16250
ENSMUST00000086819	GAGAGCAAGCTCTCTGAGATGTCTGTCACCCTGATGCGGGACCCATCCATGTCCCCTCTGGGTGCTGCTACACTCACTCCCTCCTCCACTTGCCCCTCTCTGATCGAAGGACGATACGGTGCCACTGACGTGAGGACCCCCCAGCCCTGCTCCCGGCCCGCCAGCCCAGAGCCCGAGCTCCTGCCAGAACTTGACTCTAAGAAGACTCCCTCCCCTGTTCGGGCAACA	93021246	93025735	-4489	93034545	-13299	93020595	-5140	-13950
ENSMUST00000086819	GAGAGCAAGCTCTCTGAGATGTCTGTCACCCTGATGCGGGACCCATCCATGTCCCCTCTGGGTGCTGCTACACTCACTCCCTCCTCCACTTGCCCCTCTCTGATCGAAGGACGATACGGTGCCACTGACGTGAGGACCCCCCAGCCCTGCTCCCGGCCCGCCAGCCCAGAGCCCGAGCTCCTGCCAGAACTTGACTCTAAGAAGACTCCCTCCCCTGTTCGGGCAACA	93021246	93025735	-4489	93036845	-15599	93020595	-5140	-16250
ENSMUST00000086819	GAGAGCAAGCTCTCTGAGATGTCTGTCACCCTGATGCGGGACCCATCCATGTCCCCTCTGGGTGCTGCTACACTCACTCCCTCCTCCACTTGCCCCTCTCTGATCGAAGGACGATACGGTGCCACTGACGTGAGGACCCCCCAGCCCTGCTCCCGGCCCGCCAGCCCAGAGCCCGAGCTCCTGCCAGAACTTGACTCTAAGAAGACTCCCTCCCCTGTTCGGGCAACA	93021246	93025735	-4489	93036845	-15599	93020595	-5140	-16250
ENSMUST00000086819	GAGAGCAAGCTCTCTGAGATGTCTGTCACCCTGATGCGGGACCCATCCATGTCCCCTCTGGGTGCTGCTACACTCACTCCCTCCTCCACTTGCCCCTCTCTGATCGAAGGACGATACGGTGCCACTGACGTGAGGACCCCCCAGCCCTGCTCCCGGCCCGCCAGCCCAGAGCCCGAGCTCCTGCCAGAACTTGACTCTAAGAAGACTCCCTCCCCTGTTCGGGCAACA	93021246	93026855	-5609	93036845	-15599	93020595	-6260	-16250
ENSMUST00000086819	GAGAGCAAGCTCTCTGAGATGTCTGTCACCCTGATGCGGGACCCATCCATGTCCCCTCTGGGTGCTGCTACACTCACTCCCTCCTCCACTTGCCCCTCTCTGATCGAAGGACGATACGGTGCCACTGACGTGAGGACCCCCCAGCCCTGCTCCCGGCCCGCCAGCCCAGAGCCCGAGCTCCTGCCAGAACTTGACTCTAAGAAGACTCCCTCCCCTGTTCGGGCAACA	93021246	93040674	-19428	93042084	-20838	93020595	-20079	-21489
ENSMUST00000086819	GAGAGCAAGCTCTCTGAGATGTCTGTCACCCTGATGCGGGACCCATCCATGTCCCCTCTGGGTGCTGCTACACTCACTCCCTCCTCCACTTGCCCCTCTCTGATCGAAGGACGATACGGTGCCACTGACGTGAGGACCCCCCAGCCCTGCTCCCGGCCCGCCAGCCCAGAGCCCGAGCTCCTGCCAGAACTTGACTCTAAGAAGACTCCCTCCCCTGTTCGGGCAACA	93021246	93042175	-20929	93042615	-21369	93020595	-21580	-22020
ENSMUST00000086819	GAGAGCAAGCTCTCTGAGATGTCTGTCACCCTGATGCGGGACCCATCCATGTCCCCTCTGGGTGCTGCTACACTCACTCCCTCCTCCACTTGCCCCTCTCTGATCGAAGGACGATACGGTGCCACTGACGTGAGGACCCCCCAGCCCTGCTCCCGGCCCGCCAGCCCAGAGCCCGAGCTCCTGCCAGAACTTGACTCTAAGAAGACTCCCTCCCCTGTTCGGGCAACA	93021246	93043674	-22428	93052423	-31177	93020595	-23079	-31828
ENSMUST00000086819	GAGAGCAAGCTCTCTGAGATGTCTGTCACCCTGATGCGGGACCCATCCATGTCCCCTCTGGGTGCTGCTACACTCACTCCCTCCTCCACTTGCCCCTCTCTGATCGAAGGACGATACGGTGCCACTGACGTGAGGACCCCCCAGCCCTGCTCCCGGCCCGCCAGCCCAGAGCCCGAGCTCCTGCCAGAACTTGACTCTAAGAAGACTCCCTCCCCTGTTCGGGCAACA	93021246	93043674	-22428	93052423	-31177	93020595	-23079	-31828
ENSMUST00000086819	GAGAGCAAGCTCTCTGAGATGTCTGTCACCCTGATGCGGGACCCATCCATGTCCCCTCTGGGTGCTGCTACACTCACTCCCTCCTCCACTTGCCCCTCTCTGATCGAAGGACGATACGGTGCCACTGACGTGAGGACCCCCCAGCCCTGCTCCCGGCCCGCCAGCCCAGAGCCCGAGCTCCTGCCAGAACTTGACTCTAAGAAGACTCCCTCCCCTGTTCGGGCAACA	93021246	93046770	-25524	93052423	-31177	93020595	-26175	-31828
ENSMUST00000086819	GAGAGCAAGCTCTCTGAGATGTCTGTCACCCTGATGCGGGACCCATCCATGTCCCCTCTGGGTGCTGCTACACTCACTCCCTCCTCCACTTGCCCCTCTCTGATCGAAGGACGATACGGTGCCACTGACGTGAGGACCCCCCAGCCCTGCTCCCGGCCCGCCAGCCCAGAGCCCGAGCTCCTGCCAGAACTTGACTCTAAGAAGACTCCCTCCCCTGTTCGGGCAACA	93021246	93062946	-41700	93066046	-44800	93020595	-42351	-45451
ENSMUST00000086819	GAGAGCAAGCTCTCTGAGATGTCTGTCACCCTGATGCGGGACCCATCCATGTCCCCTCTGGGTGCTGCTACACTCACTCCCTCCTCCACTTGCCCCTCTCTGATCGAAGGACGATACGGTGCCACTGACGTGAGGACCCCCCAGCCCTGCTCCCGGCCCGCCAGCCCAGAGCCCGAGCTCCTGCCAGAACTTGACTCTAAGAAGACTCCCTCCCCTGTTCGGGCAACA	93021246	93064282	-43036	93066046	-44800	93020595	-43687	-45451
ENSMUST00000086819	GAGAGCAAGCTCTCTGAGATGTCTGTCACCCTGATGCGGGACCCATCCATGTCCCCTCTGGGTGCTGCTACACTCACTCCCTCCTCCACTTGCCCCTCTCTGATCGAAGGACGATACGGTGCCACTGACGTGAGGACCCCCCAGCCCTGCTCCCGGCCCGCCAGCCCAGAGCCCGAGCTCCTGCCAGAACTTGACTCTAAGAAGACTCCCTCCCCTGTTCGGGCAACA	93021246	93068560	-47314	93073038	-51792	93020595	-47965	-52443
ENSMUST00000086819	GAGAGCAAGCTCTCTGAGATGTCTGTCACCCTGATGCGGGACCCATCCATGTCCCCTCTGGGTGCTGCTACACTCACTCCCTCCTCCACTTGCCCCTCTCTGATCGAAGGACGATACGGTGCCACTGACGTGAGGACCCCCCAGCCCTGCTCCCGGCCCGCCAGCCCAGAGCCCGAGCTCCTGCCAGAACTTGACTCTAAGAAGACTCCCTCCCCTGTTCGGGCAACA	93021246	93072325	-51079	93073807	-52561	93020595	-51730	-53212
ENSMUST00000086819	GAGAGCAAGCTCTCTGAGATGTCTGTCACCCTGATGCGGGACCCATCCATGTCCCCTCTGGGTGCTGCTACACTCACTCCCTCCTCCACTTGCCCCTCTCTGATCGAAGGACGATACGGTGCCACTGACGTGAGGACCCCCCAGCCCTGCTCCCGGCCCGCCAGCCCAGAGCCCGAGCTCCTGCCAGAACTTGACTCTAAGAAGACTCCCTCCCCTGTTCGGGCAACA	93021246	93082480	-61234	93101762	-80516	93020595	-61885	-81167
ENSMUST00000078505	ATATGGTGATCCATTTTGTATAACTTAGAATGATCGAATTAAAGAATAAATCCAAAATGAACGCACAGTACTTTTCTCCTATGGGATGCCTGGGCTGATTTACATGTATGGTAACTAAAGGTGCCAGCATGTTGACTTTATTACAATTTGTATTACTTCCTCTGTAGTTCCTAATGGACTCAATCACAGACTCTGGATATTTGCACTTATGTACTTGATACTGAATGCATC	72212335	72212577	-242	72217418	-5083	72212566	-11	-4852
ENSMUST00000078505	ATATGGTGATCCATTTTGTATAACTTAGAATGATCGAATTAAAGAATAAATCCAAAATGAACGCACAGTACTTTTCTCCTATGGGATGCCTGGGCTGATTTACATGTATGGTAACTAAAGGTGCCAGCATGTTGACTTTATTACAATTTGTATTACTTCCTCTGTAGTTCCTAATGGACTCAATCACAGACTCTGGATATTTGCACTTATGTACTTGATACTGAATGCATC	72212335	72216829	-4494	72217418	-5083	72212566	-4263	-4852
ENSMUST00000078505	ATATGGTGATCCATTTTGTATAACTTAGAATGATCGAATTAAAGAATAAATCCAAAATGAACGCACAGTACTTTTCTCCTATGGGATGCCTGGGCTGATTTACATGTATGGTAACTAAAGGTGCCAGCATGTTGACTTTATTACAATTTGTATTACTTCCTCTGTAGTTCCTAATGGACTCAATCACAGACTCTGGATATTTGCACTTATGTACTTGATACTGAATGCATC	72212335	72219395	-7060	72236528	-24193	72212566	-6829	-23962
ENSMUST00000078505	ATATGGTGATCCATTTTGTATAACTTAGAATGATCGAATTAAAGAATAAATCCAAAATGAACGCACAGTACTTTTCTCCTATGGGATGCCTGGGCTGATTTACATGTATGGTAACTAAAGGTGCCAGCATGTTGACTTTATTACAATTTGTATTACTTCCTCTGTAGTTCCTAATGGACTCAATCACAGACTCTGGATATTTGCACTTATGTACTTGATACTGAATGCATC	72212335	72223539	-11204	72308155	-95820	72212566	-10973	-95589
ENSMUST00000078505	ATATGGTGATCCATTTTGTATAACTTAGAATGATCGAATTAAAGAATAAATCCAAAATGAACGCACAGTACTTTTCTCCTATGGGATGCCTGGGCTGATTTACATGTATGGTAACTAAAGGTGCCAGCATGTTGACTTTATTACAATTTGTATTACTTCCTCTGTAGTTCCTAATGGACTCAATCACAGACTCTGGATATTTGCACTTATGTACTTGATACTGAATGCATC	72212335	72223539	-11204	72408310	-195975	72212566	-10973	-195744
ENSMUST00000078505	ATATGGTGATCCATTTTGTATAACTTAGAATGATCGAATTAAAGAATAAATCCAAAATGAACGCACAGTACTTTTCTCCTATGGGATGCCTGGGCTGATTTACATGTATGGTAACTAAAGGTGCCAGCATGTTGACTTTATTACAATTTGTATTACTTCCTCTGTAGTTCCTAATGGACTCAATCACAGACTCTGGATATTTGCACTTATGTACTTGATACTGAATGCATC	72212335	72223539	-11204	72408310	-195975	72212566	-10973	-195744
ENSMUST00000078505	ATATGGTGATCCATTTTGTATAACTTAGAATGATCGAATTAAAGAATAAATCCAAAATGAACGCACAGTACTTTTCTCCTATGGGATGCCTGGGCTGATTTACATGTATGGTAACTAAAGGTGCCAGCATGTTGACTTTATTACAATTTGTATTACTTCCTCTGTAGTTCCTAATGGACTCAATCACAGACTCTGGATATTTGCACTTATGTACTTGATACTGAATGCATC	72212335	72304418	-92083	72408310	-195975	72212566	-91852	-195744
ENSMUST00000097414	CCAGGCTGCTCCAAGGATCATCACTGGGCCTGCGCCTGTCCTCCCACCAGCTGCTCTGCGTACACCTACGCCAGCTGGCCCTACCATAATGCCTTTGATCAGACAAATACAGACCGCTGTCATGCCAAACGGAACTCCTCACCCAACTGCTGCAATAGTCCCTCCAGGGCCTGAAGCTGGGTTAATCTACACACCCTATGAATACCCCTACACATTGGCACCAGCTACATCAATCCTT	10216196	10209631	6565	10216159	37	10216434	6803	275
ENSMUST00000097414	CCAGGCTGCTCCAAGGATCATCACTGGGCCTGCGCCTGTCCTCCCACCAGCTGCTCTGCGTACACCTACGCCAGCTGGCCCTACCATAATGCCTTTGATCAGACAAATACAGACCGCTGTCATGCCAAACGGAACTCCTCACCCAACTGCTGCAATAGTCCCTCCAGGGCCTGAAGCTGGGTTAATCTACACACCCTATGAATACCCCTACACATTGGCACCAGCTACATCAATCCTT	10216196	10217803	-1607	10273946	-57750	10216434	-1369	-57512
ENSMUST00000097414	CCAGGCTGCTCCAAGGATCATCACTGGGCCTGCGCCTGTCCTCCCACCAGCTGCTCTGCGTACACCTACGCCAGCTGGCCCTACCATAATGCCTTTGATCAGACAAATACAGACCGCTGTCATGCCAAACGGAACTCCTCACCCAACTGCTGCAATAGTCCCTCCAGGGCCTGAAGCTGGGTTAATCTACACACCCTATGAATACCCCTACACATTGGCACCAGCTACATCAATCCTT	10216196	10239036	-22840	10282838	-66642	10216434	-22602	-66404
ENSMUST00000097414	CCAGGCTGCTCCAAGGATCATCACTGGGCCTGCGCCTGTCCTCCCACCAGCTGCTCTGCGTACACCTACGCCAGCTGGCCCTACCATAATGCCTTTGATCAGACAAATACAGACCGCTGTCATGCCAAACGGAACTCCTCACCCAACTGCTGCAATAGTCCCTCCAGGGCCTGAAGCTGGGTTAATCTACACACCCTATGAATACCCCTACACATTGGCACCAGCTACATCAATCCTT	10216196	10239036	-22840	10318731	-102535	10216434	-22602	-102297
ENSMUST00000097414	CCAGGCTGCTCCAAGGATCATCACTGGGCCTGCGCCTGTCCTCCCACCAGCTGCTCTGCGTACACCTACGCCAGCTGGCCCTACCATAATGCCTTTGATCAGACAAATACAGACCGCTGTCATGCCAAACGGAACTCCTCACCCAACTGCTGCAATAGTCCCTCCAGGGCCTGAAGCTGGGTTAATCTACACACCCTATGAATACCCCTACACATTGGCACCAGCTACATCAATCCTT	10216196	10239036	-22840	10318731	-102535	10216434	-22602	-102297
ENSMUST00000097414	CCAGGCTGCTCCAAGGATCATCACTGGGCCTGCGCCTGTCCTCCCACCAGCTGCTCTGCGTACACCTACGCCAGCTGGCCCTACCATAATGCCTTTGATCAGACAAATACAGACCGCTGTCATGCCAAACGGAACTCCTCACCCAACTGCTGCAATAGTCCCTCCAGGGCCTGAAGCTGGGTTAATCTACACACCCTATGAATACCCCTACACATTGGCACCAGCTACATCAATCCTT	10216196	10274063	-57867	10318731	-102535	10216434	-57629	-102297
ENSMUST00000102838	TGAGGAGCGCTGCAAGGAGATGGCAGAGTTAACACGGCTAAGGAAGCAGGCTCTGCAGGACACCCTGGCCCTGTACAAGATGTTCAGTGAGGCTGATGCCTGTGAGCTCTGGATTGACGAGAAGGAGCAGTGGCTCAACAACATGCAGATCCCAGAGAAGCTGGAGGACCTGGAAGTCATCCAGCACAGATTTGAGAGCCTAGAACCAGAAATGAACAACCAGGCTTCCCGGGTTGCT	30139286	30100714	38572	30103247	36039	30138426	37712	35179
ENSMUST00000102838	TGAGGAGCGCTGCAAGGAGATGGCAGAGTTAACACGGCTAAGGAAGCAGGCTCTGCAGGACACCCTGGCCCTGTACAAGATGTTCAGTGAGGCTGATGCCTGTGAGCTCTGGATTGACGAGAAGGAGCAGTGGCTCAACAACATGCAGATCCCAGAGAAGCTGGAGGACCTGGAAGTCATCCAGCACAGATTTGAGAGCCTAGAACCAGAAATGAACAACCAGGCTTCCCGGGTTGCT	30139286	30110922	28364	30113855	25431	30138426	27504	24571
ENSMUST00000102838	TGAGGAGCGCTGCAAGGAGATGGCAGAGTTAACACGGCTAAGGAAGCAGGCTCTGCAGGACACCCTGGCCCTGTACAAGATGTTCAGTGAGGCTGATGCCTGTGAGCTCTGGATTGACGAGAAGGAGCAGTGGCTCAACAACATGCAGATCCCAGAGAAGCTGGAGGACCTGGAAGTCATCCAGCACAGATTTGAGAGCCTAGAACCAGAAATGAACAACCAGGCTTCCCGGGTTGCT	30139286	30124062	15224	30129569	9717	30138426	14364	8857
ENSMUST00000102838	TGAGGAGCGCTGCAAGGAGATGGCAGAGTTAACACGGCTAAGGAAGCAGGCTCTGCAGGACACCCTGGCCCTGTACAAGATGTTCAGTGAGGCTGATGCCTGTGAGCTCTGGATTGACGAGAAGGAGCAGTGGCTCAACAACATGCAGATCCCAGAGAAGCTGGAGGACCTGGAAGTCATCCAGCACAGATTTGAGAGCCTAGAACCAGAAATGAACAACCAGGCTTCCCGGGTTGCT	30139286	30137630	1656	30138591	695	30138426	796	-165
ENSMUST00000102838	TGAGGAGCGCTGCAAGGAGATGGCAGAGTTAACACGGCTAAGGAAGCAGGCTCTGCAGGACACCCTGGCCCTGTACAAGATGTTCAGTGAGGCTGATGCCTGTGAGCTCTGGATTGACGAGAAGGAGCAGTGGCTCAACAACATGCAGATCCCAGAGAAGCTGGAGGACCTGGAAGTCATCCAGCACAGATTTGAGAGCCTAGAACCAGAAATGAACAACCAGGCTTCCCGGGTTGCT	30139286	30154402	-15116	30219578	-80292	30138426	-15976	-81152
ENSMUST00000102838	TGAGGAGCGCTGCAAGGAGATGGCAGAGTTAACACGGCTAAGGAAGCAGGCTCTGCAGGACACCCTGGCCCTGTACAAGATGTTCAGTGAGGCTGATGCCTGTGAGCTCTGGATTGACGAGAAGGAGCAGTGGCTCAACAACATGCAGATCCCAGAGAAGCTGGAGGACCTGGAAGTCATCCAGCACAGATTTGAGAGCCTAGAACCAGAAATGAACAACCAGGCTTCCCGGGTTGCT	30139286	30159445	-20159	30267947	-128661	30138426	-21019	-129521
ENSMUST00000060537	AAGGATACCTGCATTTCAAAGAGCCACTTTCCAGTAACTGGGCTAAACATTTCGTTGTGGTTCGTCGCCCTTACGTCTTCATCTATAACAGTGACAAAGACCCAGTAGAGCGTGGCATCATTAACCTGTCTACAGCACAGGTGGAGTACAGCGAGGACCAGCAGGCCATGGTGAAGACACCTAATACTTTTGCTGTATGCACAAAGCACCGTGGGGTCCTTCTGCAAGCTCTCAATGACAAAGACATGAATGACT	149181872	149181602	270	149182267	-395	149176327	-5275	-5940
ENSMUST00000060537	AAGGATACCTGCATTTCAAAGAGCCACTTTCCAGTAACTGGGCTAAACATTTCGTTGTGGTTCGTCGCCCTTACGTCTTCATCTATAACAGTGACAAAGACCCAGTAGAGCGTGGCATCATTAACCTGTCTACAGCACAGGTGGAGTACAGCGAGGACCAGCAGGCCATGGTGAAGACACCTAATACTTTTGCTGTATGCACAAAGCACCGTGGGGTCCTTCTGCAAGCTCTCAATGACAAAGACATGAATGACT	149181872	149184430	-2558	149187590	-5718	149176327	-8103	-11263
ENSMUST00000060537	AAGGATACCTGCATTTCAAAGAGCCACTTTCCAGTAACTGGGCTAAACATTTCGTTGTGGTTCGTCGCCCTTACGTCTTCATCTATAACAGTGACAAAGACCCAGTAGAGCGTGGCATCATTAACCTGTCTACAGCACAGGTGGAGTACAGCGAGGACCAGCAGGCCATGGTGAAGACACCTAATACTTTTGCTGTATGCACAAAGCACCGTGGGGTCCTTCTGCAAGCTCTCAATGACAAAGACATGAATGACT	149181872	149192687	-10815	149198431	-16559	149176327	-16360	-22104
ENSMUST00000060537	AAGGATACCTGCATTTCAAAGAGCCACTTTCCAGTAACTGGGCTAAACATTTCGTTGTGGTTCGTCGCCCTTACGTCTTCATCTATAACAGTGACAAAGACCCAGTAGAGCGTGGCATCATTAACCTGTCTACAGCACAGGTGGAGTACAGCGAGGACCAGCAGGCCATGGTGAAGACACCTAATACTTTTGCTGTATGCACAAAGCACCGTGGGGTCCTTCTGCAAGCTCTCAATGACAAAGACATGAATGACT	149181872	149192687	-10815	149199257	-17385	149176327	-16360	-22930
ENSMUST00000060537	AAGGATACCTGCATTTCAAAGAGCCACTTTCCAGTAACTGGGCTAAACATTTCGTTGTGGTTCGTCGCCCTTACGTCTTCATCTATAACAGTGACAAAGACCCAGTAGAGCGTGGCATCATTAACCTGTCTACAGCACAGGTGGAGTACAGCGAGGACCAGCAGGCCATGGTGAAGACACCTAATACTTTTGCTGTATGCACAAAGCACCGTGGGGTCCTTCTGCAAGCTCTCAATGACAAAGACATGAATGACT	149181872	149213752	-31880	149214906	-33034	149176327	-37425	-38579
ENSMUST00000060537	AAGGATACCTGCATTTCAAAGAGCCACTTTCCAGTAACTGGGCTAAACATTTCGTTGTGGTTCGTCGCCCTTACGTCTTCATCTATAACAGTGACAAAGACCCAGTAGAGCGTGGCATCATTAACCTGTCTACAGCACAGGTGGAGTACAGCGAGGACCAGCAGGCCATGGTGAAGACACCTAATACTTTTGCTGTATGCACAAAGCACCGTGGGGTCCTTCTGCAAGCTCTCAATGACAAAGACATGAATGACT	149181872	149215025	-33153	149222226	-40354	149176327	-38698	-45899
ENSMUST00000060537	AAGGATACCTGCATTTCAAAGAGCCACTTTCCAGTAACTGGGCTAAACATTTCGTTGTGGTTCGTCGCCCTTACGTCTTCATCTATAACAGTGACAAAGACCCAGTAGAGCGTGGCATCATTAACCTGTCTACAGCACAGGTGGAGTACAGCGAGGACCAGCAGGCCATGGTGAAGACACCTAATACTTTTGCTGTATGCACAAAGCACCGTGGGGTCCTTCTGCAAGCTCTCAATGACAAAGACATGAATGACT	149181872	149253751	-71879	149262135	-80263	149176327	-77424	-85808
ENSMUST00000060537	AAGGATACCTGCATTTCAAAGAGCCACTTTCCAGTAACTGGGCTAAACATTTCGTTGTGGTTCGTCGCCCTTACGTCTTCATCTATAACAGTGACAAAGACCCAGTAGAGCGTGGCATCATTAACCTGTCTACAGCACAGGTGGAGTACAGCGAGGACCAGCAGGCCATGGTGAAGACACCTAATACTTTTGCTGTATGCACAAAGCACCGTGGGGTCCTTCTGCAAGCTCTCAATGACAAAGACATGAATGACT	149181872	149253751	-71879	149262135	-80263	149176327	-77424	-85808
ENSMUST00000060537	AAGGATACCTGCATTTCAAAGAGCCACTTTCCAGTAACTGGGCTAAACATTTCGTTGTGGTTCGTCGCCCTTACGTCTTCATCTATAACAGTGACAAAGACCCAGTAGAGCGTGGCATCATTAACCTGTCTACAGCACAGGTGGAGTACAGCGAGGACCAGCAGGCCATGGTGAAGACACCTAATACTTTTGCTGTATGCACAAAGCACCGTGGGGTCCTTCTGCAAGCTCTCAATGACAAAGACATGAATGACT	149181872	149258003	-76131	149262135	-80263	149176327	-81676	-85808
ENSMUST00000060537	AAGGATACCTGCATTTCAAAGAGCCACTTTCCAGTAACTGGGCTAAACATTTCGTTGTGGTTCGTCGCCCTTACGTCTTCATCTATAACAGTGACAAAGACCCAGTAGAGCGTGGCATCATTAACCTGTCTACAGCACAGGTGGAGTACAGCGAGGACCAGCAGGCCATGGTGAAGACACCTAATACTTTTGCTGTATGCACAAAGCACCGTGGGGTCCTTCTGCAAGCTCTCAATGACAAAGACATGAATGACT	149181872	149258081	-76209	149262135	-80263	149176327	-81754	-85808
ENSMUST00000060537	AAGGATACCTGCATTTCAAAGAGCCACTTTCCAGTAACTGGGCTAAACATTTCGTTGTGGTTCGTCGCCCTTACGTCTTCATCTATAACAGTGACAAAGACCCAGTAGAGCGTGGCATCATTAACCTGTCTACAGCACAGGTGGAGTACAGCGAGGACCAGCAGGCCATGGTGAAGACACCTAATACTTTTGCTGTATGCACAAAGCACCGTGGGGTCCTTCTGCAAGCTCTCAATGACAAAGACATGAATGACT	149181872	149263690	-81818	149266251	-84379	149176327	-87363	-89924
ENSMUST00000060537	AAGGATACCTGCATTTCAAAGAGCCACTTTCCAGTAACTGGGCTAAACATTTCGTTGTGGTTCGTCGCCCTTACGTCTTCATCTATAACAGTGACAAAGACCCAGTAGAGCGTGGCATCATTAACCTGTCTACAGCACAGGTGGAGTACAGCGAGGACCAGCAGGCCATGGTGAAGACACCTAATACTTTTGCTGTATGCACAAAGCACCGTGGGGTCCTTCTGCAAGCTCTCAATGACAAAGACATGAATGACT	149181872	149267283	-85411	149270716	-88844	149176327	-90956	-94389
ENSMUST00000060537	AAGGATACCTGCATTTCAAAGAGCCACTTTCCAGTAACTGGGCTAAACATTTCGTTGTGGTTCGTCGCCCTTACGTCTTCATCTATAACAGTGACAAAGACCCAGTAGAGCGTGGCATCATTAACCTGTCTACAGCACAGGTGGAGTACAGCGAGGACCAGCAGGCCATGGTGAAGACACCTAATACTTTTGCTGTATGCACAAAGCACCGTGGGGTCCTTCTGCAAGCTCTCAATGACAAAGACATGAATGACT	149181872	149275095	-93223	149291301	-109429	149176327	-98768	-114974
ENSMUST00000102838	TGCTGTTGTGGAGACTGGCCGAAGACTGGTGAGCGATGGGAACATCAACTCCGACCGCATCCAGGAGAAGGTGGACTCTATTGACGACAGACACAGGAAGAATCGAGAAGCAGCCAGTGAACTTCTGATGAGGTTAAAGGACAACCGTGATCTACAGAAGTTCCTGCAAGATTGTCAAGAGCTGTCCCTCTGGATCAATGAAAAGATGCTTACAGCTCAAGACATGTCTTATGATGAAGCCAGAAATCTGCACAGTAAATGGTTAAAGCATCAAGCATTTATGGCGGAACTTGCATCCAACAAAGAATGGCTTGAC	30136068	30100714	35354	30103247	32821	30123805	23091	20558
ENSMUST00000102838	TGCTGTTGTGGAGACTGGCCGAAGACTGGTGAGCGATGGGAACATCAACTCCGACCGCATCCAGGAGAAGGTGGACTCTATTGACGACAGACACAGGAAGAATCGAGAAGCAGCCAGTGAACTTCTGATGAGGTTAAAGGACAACCGTGATCTACAGAAGTTCCTGCAAGATTGTCAAGAGCTGTCCCTCTGGATCAATGAAAAGATGCTTACAGCTCAAGACATGTCTTATGATGAAGCCAGAAATCTGCACAGTAAATGGTTAAAGCATCAAGCATTTATGGCGGAACTTGCATCCAACAAAGAATGGCTTGAC	30136068	30110922	25146	30113855	22213	30123805	12883	9950
ENSMUST00000102838	TGCTGTTGTGGAGACTGGCCGAAGACTGGTGAGCGATGGGAACATCAACTCCGACCGCATCCAGGAGAAGGTGGACTCTATTGACGACAGACACAGGAAGAATCGAGAAGCAGCCAGTGAACTTCTGATGAGGTTAAAGGACAACCGTGATCTACAGAAGTTCCTGCAAGATTGTCAAGAGCTGTCCCTCTGGATCAATGAAAAGATGCTTACAGCTCAAGACATGTCTTATGATGAAGCCAGAAATCTGCACAGTAAATGGTTAAAGCATCAAGCATTTATGGCGGAACTTGCATCCAACAAAGAATGGCTTGAC	30136068	30124062	12006	30129569	6499	30123805	-257	-5764
ENSMUST00000102838	TGCTGTTGTGGAGACTGGCCGAAGACTGGTGAGCGATGGGAACATCAACTCCGACCGCATCCAGGAGAAGGTGGACTCTATTGACGACAGACACAGGAAGAATCGAGAAGCAGCCAGTGAACTTCTGATGAGGTTAAAGGACAACCGTGATCTACAGAAGTTCCTGCAAGATTGTCAAGAGCTGTCCCTCTGGATCAATGAAAAGATGCTTACAGCTCAAGACATGTCTTATGATGAAGCCAGAAATCTGCACAGTAAATGGTTAAAGCATCAAGCATTTATGGCGGAACTTGCATCCAACAAAGAATGGCTTGAC	30136068	30137630	-1562	30138591	-2523	30123805	-13825	-14786
ENSMUST00000102838	TGCTGTTGTGGAGACTGGCCGAAGACTGGTGAGCGATGGGAACATCAACTCCGACCGCATCCAGGAGAAGGTGGACTCTATTGACGACAGACACAGGAAGAATCGAGAAGCAGCCAGTGAACTTCTGATGAGGTTAAAGGACAACCGTGATCTACAGAAGTTCCTGCAAGATTGTCAAGAGCTGTCCCTCTGGATCAATGAAAAGATGCTTACAGCTCAAGACATGTCTTATGATGAAGCCAGAAATCTGCACAGTAAATGGTTAAAGCATCAAGCATTTATGGCGGAACTTGCATCCAACAAAGAATGGCTTGAC	30136068	30154402	-18334	30219578	-83510	30123805	-30597	-95773
ENSMUST00000102838	TGCTGTTGTGGAGACTGGCCGAAGACTGGTGAGCGATGGGAACATCAACTCCGACCGCATCCAGGAGAAGGTGGACTCTATTGACGACAGACACAGGAAGAATCGAGAAGCAGCCAGTGAACTTCTGATGAGGTTAAAGGACAACCGTGATCTACAGAAGTTCCTGCAAGATTGTCAAGAGCTGTCCCTCTGGATCAATGAAAAGATGCTTACAGCTCAAGACATGTCTTATGATGAAGCCAGAAATCTGCACAGTAAATGGTTAAAGCATCAAGCATTTATGGCGGAACTTGCATCCAACAAAGAATGGCTTGAC	30136068	30159445	-23377	30267947	-131879	30123805	-35640	-144142
ENSMUST00000064762	AGTGGGGAAGCAACATGCAGGTGACTCTGATTCCGACACATGACTCCGAGGTGATGAGGGAGTGGTACCAGGAGACCCACGAGAAGCAGCAGGACCTCAACATCATGGTCTTAGCAAGCAGCAGTACAGTGGTCATGCAAGACGAGTCCTTCCCCGCATGCAAGATAGAACTGTAGAGACCGCAGCCGGCCACACCACAGGATTTGAACTGTGTTTCCAGAAATTCTTGAATTTGAAACTACCTTTTCTAAAACGTCCATTCATCCAATTAAGTCACTGAACAGTTATTACCTGCCAGATGCTATACTATGTCATGGTGATGCAAGTCACTGATAGTTCTC	99427443	99435701	-8258	99508107	-80664	99421773	-13928	-86334
ENSMUST00000064762	AGTGGGGAAGCAACATGCAGGTGACTCTGATTCCGACACATGACTCCGAGGTGATGAGGGAGTGGTACCAGGAGACCCACGAGAAGCAGCAGGACCTCAACATCATGGTCTTAGCAAGCAGCAGTACAGTGGTCATGCAAGACGAGTCCTTCCCCGCATGCAAGATAGAACTGTAGAGACCGCAGCCGGCCACACCACAGGATTTGAACTGTGTTTCCAGAAATTCTTGAATTTGAAACTACCTTTTCTAAAACGTCCATTCATCCAATTAAGTCACTGAACAGTTATTACCTGCCAGATGCTATACTATGTCATGGTGATGCAAGTCACTGATAGTTCTC	99427443	99441774	-14331	99508107	-80664	99421773	-20001	-86334
ENSMUST00000011877	AAGTGATGGAAACGAGTACCTCTTCCAAGCCAAAGATGATGAGGAAATGAACACATGGATCCAGGCTATCTCCTCTGCCATCTCCTCTGACAAACACGACACATCTGCCAGCACCCAGAGTACGCCAGCATCCAGTCGGGCGCAGACCTTACCCACCAGCGTCGTCACCATCACCAGCGAGTCCAGTCCTGGCAAGAGGGAGAAGGATAAAGAGAAAGACAAAGAGAAGAGGTTCAGCCTTTTCGGCAAGAAGAAGTGAACTTCCCTGTTGTCCCGCCCTTCTCTTACCTTTAGTAAGAGTCCAGCATGCAAGTTCCGACCAACACATTACTCTGTGCCTAATGTTCCTCCATGTAGTTGATTTTTTTTCTTTT	30101649	30100714	935	30103247	-1598	30099764	-950	-3483
ENSMUST00000011877	AAGTGATGGAAACGAGTACCTCTTCCAAGCCAAAGATGATGAGGAAATGAACACATGGATCCAGGCTATCTCCTCTGCCATCTCCTCTGACAAACACGACACATCTGCCAGCACCCAGAGTACGCCAGCATCCAGTCGGGCGCAGACCTTACCCACCAGCGTCGTCACCATCACCAGCGAGTCCAGTCCTGGCAAGAGGGAGAAGGATAAAGAGAAAGACAAAGAGAAGAGGTTCAGCCTTTTCGGCAAGAAGAAGTGAACTTCCCTGTTGTCCCGCCCTTCTCTTACCTTTAGTAAGAGTCCAGCATGCAAGTTCCGACCAACACATTACTCTGTGCCTAATGTTCCTCCATGTAGTTGATTTTTTTTCTTTT	30101649	30110922	-9273	30113855	-12206	30099764	-11158	-14091
ENSMUST00000011877	AAGTGATGGAAACGAGTACCTCTTCCAAGCCAAAGATGATGAGGAAATGAACACATGGATCCAGGCTATCTCCTCTGCCATCTCCTCTGACAAACACGACACATCTGCCAGCACCCAGAGTACGCCAGCATCCAGTCGGGCGCAGACCTTACCCACCAGCGTCGTCACCATCACCAGCGAGTCCAGTCCTGGCAAGAGGGAGAAGGATAAAGAGAAAGACAAAGAGAAGAGGTTCAGCCTTTTCGGCAAGAAGAAGTGAACTTCCCTGTTGTCCCGCCCTTCTCTTACCTTTAGTAAGAGTCCAGCATGCAAGTTCCGACCAACACATTACTCTGTGCCTAATGTTCCTCCATGTAGTTGATTTTTTTTCTTTT	30101649	30124062	-22413	30129569	-27920	30099764	-24298	-29805
ENSMUST00000011877	AAGTGATGGAAACGAGTACCTCTTCCAAGCCAAAGATGATGAGGAAATGAACACATGGATCCAGGCTATCTCCTCTGCCATCTCCTCTGACAAACACGACACATCTGCCAGCACCCAGAGTACGCCAGCATCCAGTCGGGCGCAGACCTTACCCACCAGCGTCGTCACCATCACCAGCGAGTCCAGTCCTGGCAAGAGGGAGAAGGATAAAGAGAAAGACAAAGAGAAGAGGTTCAGCCTTTTCGGCAAGAAGAAGTGAACTTCCCTGTTGTCCCGCCCTTCTCTTACCTTTAGTAAGAGTCCAGCATGCAAGTTCCGACCAACACATTACTCTGTGCCTAATGTTCCTCCATGTAGTTGATTTTTTTTCTTTT	30101649	30137630	-35981	30138591	-36942	30099764	-37866	-38827
ENSMUST00000011877	AAGTGATGGAAACGAGTACCTCTTCCAAGCCAAAGATGATGAGGAAATGAACACATGGATCCAGGCTATCTCCTCTGCCATCTCCTCTGACAAACACGACACATCTGCCAGCACCCAGAGTACGCCAGCATCCAGTCGGGCGCAGACCTTACCCACCAGCGTCGTCACCATCACCAGCGAGTCCAGTCCTGGCAAGAGGGAGAAGGATAAAGAGAAAGACAAAGAGAAGAGGTTCAGCCTTTTCGGCAAGAAGAAGTGAACTTCCCTGTTGTCCCGCCCTTCTCTTACCTTTAGTAAGAGTCCAGCATGCAAGTTCCGACCAACACATTACTCTGTGCCTAATGTTCCTCCATGTAGTTGATTTTTTTTCTTTT	30101649	30154402	-52753	30219578	-117929	30099764	-54638	-119814
ENSMUST00000011877	AAGTGATGGAAACGAGTACCTCTTCCAAGCCAAAGATGATGAGGAAATGAACACATGGATCCAGGCTATCTCCTCTGCCATCTCCTCTGACAAACACGACACATCTGCCAGCACCCAGAGTACGCCAGCATCCAGTCGGGCGCAGACCTTACCCACCAGCGTCGTCACCATCACCAGCGAGTCCAGTCCTGGCAAGAGGGAGAAGGATAAAGAGAAAGACAAAGAGAAGAGGTTCAGCCTTTTCGGCAAGAAGAAGTGAACTTCCCTGTTGTCCCGCCCTTCTCTTACCTTTAGTAAGAGTCCAGCATGCAAGTTCCGACCAACACATTACTCTGTGCCTAATGTTCCTCCATGTAGTTGATTTTTTTTCTTTT	30101649	30159445	-57796	30267947	-166298	30099764	-59681	-168183
ENSMUST00000064762	TACAGTGGTCATGCAAGACGAGTCCTTCCCCGCATGCAAGATAGAACTGTAGAGACCGCAGCCGGCCACACCACAGGATTTGAACTGTGTTTCCAGAAATTCTTGAATTTGAAACTACCTTTTCTAAAACGTCCATTCATCCAATTAAGTCACTGAACAGTTATTACCTGCCAGATGCTATACTATGTCATGGTGATGCAAGTCACTGATAGTTCTCAATTTTTGCTGACTGCTAAGGGAAGTAACCATATTCCCACAATAGATTTCGAGTTACTGCAAAATTGCCTACCCCCGTTCATCTCTGCTGAACATTCGGAAGCCATGCACTCACGCACCCAACTGACTTCTGCTAGGTATTGGCATTTATCATAGAGAGAGAAAG	99421556	99435701	-14145	99508107	-86551	99421938	-13763	-86169
ENSMUST00000064762	TACAGTGGTCATGCAAGACGAGTCCTTCCCCGCATGCAAGATAGAACTGTAGAGACCGCAGCCGGCCACACCACAGGATTTGAACTGTGTTTCCAGAAATTCTTGAATTTGAAACTACCTTTTCTAAAACGTCCATTCATCCAATTAAGTCACTGAACAGTTATTACCTGCCAGATGCTATACTATGTCATGGTGATGCAAGTCACTGATAGTTCTCAATTTTTGCTGACTGCTAAGGGAAGTAACCATATTCCCACAATAGATTTCGAGTTACTGCAAAATTGCCTACCCCCGTTCATCTCTGCTGAACATTCGGAAGCCATGCACTCACGCACCCAACTGACTTCTGCTAGGTATTGGCATTTATCATAGAGAGAGAAAG	99421556	99441774	-20218	99508107	-86551	99421938	-19836	-86169
ENSMUST00000011877	AGTGATGTGTGGGAGGAAATGAAGACAACCCTGAAGAACCGAGAGGCCTCCCTGGGAGAGGCCAGCAAGCTGCAGCAGTTTCTGCGGGACTTGGACGACTTCCAGTCTTGGCTCTCCAGGACCCAGACTGCTATCGCCTCAGAGGACATGCCCAATACCCTCACTGAGGCAGAGAAGCTTCTCACACAGCACGAGAATATCAAAAATGAGATCGACAATTATGAGGAAGACTACCAGAAGATGCGGGACATGGGCGAGATGGTCACCCAGGGGCAGACTGATGCCCAGTATATGTTTCTGCGGCAGCGGCTGCAGGCCTTAGACACTGGCTGGAATGAGCTCCACAAAATGTGGGAGAACAGGCAAAACCTCCTCTCCCAGTCCCATGCCTACCAGC	30137201	30100714	36487	30103247	33954	30137598	36884	34351
ENSMUST00000011877	AGTGATGTGTGGGAGGAAATGAAGACAACCCTGAAGAACCGAGAGGCCTCCCTGGGAGAGGCCAGCAAGCTGCAGCAGTTTCTGCGGGACTTGGACGACTTCCAGTCTTGGCTCTCCAGGACCCAGACTGCTATCGCCTCAGAGGACATGCCCAATACCCTCACTGAGGCAGAGAAGCTTCTCACACAGCACGAGAATATCAAAAATGAGATCGACAATTATGAGGAAGACTACCAGAAGATGCGGGACATGGGCGAGATGGTCACCCAGGGGCAGACTGATGCCCAGTATATGTTTCTGCGGCAGCGGCTGCAGGCCTTAGACACTGGCTGGAATGAGCTCCACAAAATGTGGGAGAACAGGCAAAACCTCCTCTCCCAGTCCCATGCCTACCAGC	30137201	30110922	26279	30113855	23346	30137598	26676	23743
ENSMUST00000011877	AGTGATGTGTGGGAGGAAATGAAGACAACCCTGAAGAACCGAGAGGCCTCCCTGGGAGAGGCCAGCAAGCTGCAGCAGTTTCTGCGGGACTTGGACGACTTCCAGTCTTGGCTCTCCAGGACCCAGACTGCTATCGCCTCAGAGGACATGCCCAATACCCTCACTGAGGCAGAGAAGCTTCTCACACAGCACGAGAATATCAAAAATGAGATCGACAATTATGAGGAAGACTACCAGAAGATGCGGGACATGGGCGAGATGGTCACCCAGGGGCAGACTGATGCCCAGTATATGTTTCTGCGGCAGCGGCTGCAGGCCTTAGACACTGGCTGGAATGAGCTCCACAAAATGTGGGAGAACAGGCAAAACCTCCTCTCCCAGTCCCATGCCTACCAGC	30137201	30124062	13139	30129569	7632	30137598	13536	8029
ENSMUST00000011877	AGTGATGTGTGGGAGGAAATGAAGACAACCCTGAAGAACCGAGAGGCCTCCCTGGGAGAGGCCAGCAAGCTGCAGCAGTTTCTGCGGGACTTGGACGACTTCCAGTCTTGGCTCTCCAGGACCCAGACTGCTATCGCCTCAGAGGACATGCCCAATACCCTCACTGAGGCAGAGAAGCTTCTCACACAGCACGAGAATATCAAAAATGAGATCGACAATTATGAGGAAGACTACCAGAAGATGCGGGACATGGGCGAGATGGTCACCCAGGGGCAGACTGATGCCCAGTATATGTTTCTGCGGCAGCGGCTGCAGGCCTTAGACACTGGCTGGAATGAGCTCCACAAAATGTGGGAGAACAGGCAAAACCTCCTCTCCCAGTCCCATGCCTACCAGC	30137201	30137630	-429	30138591	-1390	30137598	-32	-993
ENSMUST00000011877	AGTGATGTGTGGGAGGAAATGAAGACAACCCTGAAGAACCGAGAGGCCTCCCTGGGAGAGGCCAGCAAGCTGCAGCAGTTTCTGCGGGACTTGGACGACTTCCAGTCTTGGCTCTCCAGGACCCAGACTGCTATCGCCTCAGAGGACATGCCCAATACCCTCACTGAGGCAGAGAAGCTTCTCACACAGCACGAGAATATCAAAAATGAGATCGACAATTATGAGGAAGACTACCAGAAGATGCGGGACATGGGCGAGATGGTCACCCAGGGGCAGACTGATGCCCAGTATATGTTTCTGCGGCAGCGGCTGCAGGCCTTAGACACTGGCTGGAATGAGCTCCACAAAATGTGGGAGAACAGGCAAAACCTCCTCTCCCAGTCCCATGCCTACCAGC	30137201	30154402	-17201	30219578	-82377	30137598	-16804	-81980
ENSMUST00000011877	AGTGATGTGTGGGAGGAAATGAAGACAACCCTGAAGAACCGAGAGGCCTCCCTGGGAGAGGCCAGCAAGCTGCAGCAGTTTCTGCGGGACTTGGACGACTTCCAGTCTTGGCTCTCCAGGACCCAGACTGCTATCGCCTCAGAGGACATGCCCAATACCCTCACTGAGGCAGAGAAGCTTCTCACACAGCACGAGAATATCAAAAATGAGATCGACAATTATGAGGAAGACTACCAGAAGATGCGGGACATGGGCGAGATGGTCACCCAGGGGCAGACTGATGCCCAGTATATGTTTCTGCGGCAGCGGCTGCAGGCCTTAGACACTGGCTGGAATGAGCTCCACAAAATGTGGGAGAACAGGCAAAACCTCCTCTCCCAGTCCCATGCCTACCAGC	30137201	30159445	-22244	30267947	-130746	30137598	-21847	-130349
ENSMUST00000190723	ACGAGCCGACTCCACAGGAGCCAAGGGCACGCGACTCAAGGAGGGGGCCAACATCAACAAGTCTTTGACCACCCTGGGAAAGGTCATCTCTGCTCTGGCTGAAATGGACTCTGGACCCAACAAGAACAAGAAAAAGAAGAAGACAGATTTCATCCCTTACCGAGACTCCGTATTGACATGGCTTCTCCGGGAAAACCTCGGTGGCAACTCAAGGACAGCCATGGTGGCAGCCCTGAGCCCTGCGGACATCAACTATGATGAGACCCTCAGCACACTGAGATATGCAGATCGGGCCAAACAAATCCGCTGCAATGCCATCATCAATGAAGACCCCAACAACAAGCTGATTAGAGAACTGAAGGATGAGGTGACCAGGCTGAGAGACCTGCTGTATGCCCAAGGTCTTGGCGATATC	93073853	93019070	54783	93020457	53396	93065558	46488	45101
ENSMUST00000190723	ACGAGCCGACTCCACAGGAGCCAAGGGCACGCGACTCAAGGAGGGGGCCAACATCAACAAGTCTTTGACCACCCTGGGAAAGGTCATCTCTGCTCTGGCTGAAATGGACTCTGGACCCAACAAGAACAAGAAAAAGAAGAAGACAGATTTCATCCCTTACCGAGACTCCGTATTGACATGGCTTCTCCGGGAAAACCTCGGTGGCAACTCAAGGACAGCCATGGTGGCAGCCCTGAGCCCTGCGGACATCAACTATGATGAGACCCTCAGCACACTGAGATATGCAGATCGGGCCAAACAAATCCGCTGCAATGCCATCATCAATGAAGACCCCAACAACAAGCTGATTAGAGAACTGAAGGATGAGGTGACCAGGCTGAGAGACCTGCTGTATGCCCAAGGTCTTGGCGATATC	93073853	93021337	52516	93022320	51533	93065558	44221	43238
ENSMUST00000190723	ACGAGCCGACTCCACAGGAGCCAAGGGCACGCGACTCAAGGAGGGGGCCAACATCAACAAGTCTTTGACCACCCTGGGAAAGGTCATCTCTGCTCTGGCTGAAATGGACTCTGGACCCAACAAGAACAAGAAAAAGAAGAAGACAGATTTCATCCCTTACCGAGACTCCGTATTGACATGGCTTCTCCGGGAAAACCTCGGTGGCAACTCAAGGACAGCCATGGTGGCAGCCCTGAGCCCTGCGGACATCAACTATGATGAGACCCTCAGCACACTGAGATATGCAGATCGGGCCAAACAAATCCGCTGCAATGCCATCATCAATGAAGACCCCAACAACAAGCTGATTAGAGAACTGAAGGATGAGGTGACCAGGCTGAGAGACCTGCTGTATGCCCAAGGTCTTGGCGATATC	93073853	93024712	49141	93036845	37008	93065558	40846	28713
ENSMUST00000190723	ACGAGCCGACTCCACAGGAGCCAAGGGCACGCGACTCAAGGAGGGGGCCAACATCAACAAGTCTTTGACCACCCTGGGAAAGGTCATCTCTGCTCTGGCTGAAATGGACTCTGGACCCAACAAGAACAAGAAAAAGAAGAAGACAGATTTCATCCCTTACCGAGACTCCGTATTGACATGGCTTCTCCGGGAAAACCTCGGTGGCAACTCAAGGACAGCCATGGTGGCAGCCCTGAGCCCTGCGGACATCAACTATGATGAGACCCTCAGCACACTGAGATATGCAGATCGGGCCAAACAAATCCGCTGCAATGCCATCATCAATGAAGACCCCAACAACAAGCTGATTAGAGAACTGAAGGATGAGGTGACCAGGCTGAGAGACCTGCTGTATGCCCAAGGTCTTGGCGATATC	93073853	93025735	48118	93034545	39308	93065558	39823	31013
ENSMUST00000190723	ACGAGCCGACTCCACAGGAGCCAAGGGCACGCGACTCAAGGAGGGGGCCAACATCAACAAGTCTTTGACCACCCTGGGAAAGGTCATCTCTGCTCTGGCTGAAATGGACTCTGGACCCAACAAGAACAAGAAAAAGAAGAAGACAGATTTCATCCCTTACCGAGACTCCGTATTGACATGGCTTCTCCGGGAAAACCTCGGTGGCAACTCAAGGACAGCCATGGTGGCAGCCCTGAGCCCTGCGGACATCAACTATGATGAGACCCTCAGCACACTGAGATATGCAGATCGGGCCAAACAAATCCGCTGCAATGCCATCATCAATGAAGACCCCAACAACAAGCTGATTAGAGAACTGAAGGATGAGGTGACCAGGCTGAGAGACCTGCTGTATGCCCAAGGTCTTGGCGATATC	93073853	93025735	48118	93036845	37008	93065558	39823	28713
ENSMUST00000190723	ACGAGCCGACTCCACAGGAGCCAAGGGCACGCGACTCAAGGAGGGGGCCAACATCAACAAGTCTTTGACCACCCTGGGAAAGGTCATCTCTGCTCTGGCTGAAATGGACTCTGGACCCAACAAGAACAAGAAAAAGAAGAAGACAGATTTCATCCCTTACCGAGACTCCGTATTGACATGGCTTCTCCGGGAAAACCTCGGTGGCAACTCAAGGACAGCCATGGTGGCAGCCCTGAGCCCTGCGGACATCAACTATGATGAGACCCTCAGCACACTGAGATATGCAGATCGGGCCAAACAAATCCGCTGCAATGCCATCATCAATGAAGACCCCAACAACAAGCTGATTAGAGAACTGAAGGATGAGGTGACCAGGCTGAGAGACCTGCTGTATGCCCAAGGTCTTGGCGATATC	93073853	93025735	48118	93036845	37008	93065558	39823	28713
ENSMUST00000190723	ACGAGCCGACTCCACAGGAGCCAAGGGCACGCGACTCAAGGAGGGGGCCAACATCAACAAGTCTTTGACCACCCTGGGAAAGGTCATCTCTGCTCTGGCTGAAATGGACTCTGGACCCAACAAGAACAAGAAAAAGAAGAAGACAGATTTCATCCCTTACCGAGACTCCGTATTGACATGGCTTCTCCGGGAAAACCTCGGTGGCAACTCAAGGACAGCCATGGTGGCAGCCCTGAGCCCTGCGGACATCAACTATGATGAGACCCTCAGCACACTGAGATATGCAGATCGGGCCAAACAAATCCGCTGCAATGCCATCATCAATGAAGACCCCAACAACAAGCTGATTAGAGAACTGAAGGATGAGGTGACCAGGCTGAGAGACCTGCTGTATGCCCAAGGTCTTGGCGATATC	93073853	93026855	46998	93036845	37008	93065558	38703	28713
ENSMUST00000190723	ACGAGCCGACTCCACAGGAGCCAAGGGCACGCGACTCAAGGAGGGGGCCAACATCAACAAGTCTTTGACCACCCTGGGAAAGGTCATCTCTGCTCTGGCTGAAATGGACTCTGGACCCAACAAGAACAAGAAAAAGAAGAAGACAGATTTCATCCCTTACCGAGACTCCGTATTGACATGGCTTCTCCGGGAAAACCTCGGTGGCAACTCAAGGACAGCCATGGTGGCAGCCCTGAGCCCTGCGGACATCAACTATGATGAGACCCTCAGCACACTGAGATATGCAGATCGGGCCAAACAAATCCGCTGCAATGCCATCATCAATGAAGACCCCAACAACAAGCTGATTAGAGAACTGAAGGATGAGGTGACCAGGCTGAGAGACCTGCTGTATGCCCAAGGTCTTGGCGATATC	93073853	93040674	33179	93042084	31769	93065558	24884	23474
ENSMUST00000190723	ACGAGCCGACTCCACAGGAGCCAAGGGCACGCGACTCAAGGAGGGGGCCAACATCAACAAGTCTTTGACCACCCTGGGAAAGGTCATCTCTGCTCTGGCTGAAATGGACTCTGGACCCAACAAGAACAAGAAAAAGAAGAAGACAGATTTCATCCCTTACCGAGACTCCGTATTGACATGGCTTCTCCGGGAAAACCTCGGTGGCAACTCAAGGACAGCCATGGTGGCAGCCCTGAGCCCTGCGGACATCAACTATGATGAGACCCTCAGCACACTGAGATATGCAGATCGGGCCAAACAAATCCGCTGCAATGCCATCATCAATGAAGACCCCAACAACAAGCTGATTAGAGAACTGAAGGATGAGGTGACCAGGCTGAGAGACCTGCTGTATGCCCAAGGTCTTGGCGATATC	93073853	93042175	31678	93042615	31238	93065558	23383	22943
ENSMUST00000190723	ACGAGCCGACTCCACAGGAGCCAAGGGCACGCGACTCAAGGAGGGGGCCAACATCAACAAGTCTTTGACCACCCTGGGAAAGGTCATCTCTGCTCTGGCTGAAATGGACTCTGGACCCAACAAGAACAAGAAAAAGAAGAAGACAGATTTCATCCCTTACCGAGACTCCGTATTGACATGGCTTCTCCGGGAAAACCTCGGTGGCAACTCAAGGACAGCCATGGTGGCAGCCCTGAGCCCTGCGGACATCAACTATGATGAGACCCTCAGCACACTGAGATATGCAGATCGGGCCAAACAAATCCGCTGCAATGCCATCATCAATGAAGACCCCAACAACAAGCTGATTAGAGAACTGAAGGATGAGGTGACCAGGCTGAGAGACCTGCTGTATGCCCAAGGTCTTGGCGATATC	93073853	93043674	30179	93052423	21430	93065558	21884	13135
ENSMUST00000190723	ACGAGCCGACTCCACAGGAGCCAAGGGCACGCGACTCAAGGAGGGGGCCAACATCAACAAGTCTTTGACCACCCTGGGAAAGGTCATCTCTGCTCTGGCTGAAATGGACTCTGGACCCAACAAGAACAAGAAAAAGAAGAAGACAGATTTCATCCCTTACCGAGACTCCGTATTGACATGGCTTCTCCGGGAAAACCTCGGTGGCAACTCAAGGACAGCCATGGTGGCAGCCCTGAGCCCTGCGGACATCAACTATGATGAGACCCTCAGCACACTGAGATATGCAGATCGGGCCAAACAAATCCGCTGCAATGCCATCATCAATGAAGACCCCAACAACAAGCTGATTAGAGAACTGAAGGATGAGGTGACCAGGCTGAGAGACCTGCTGTATGCCCAAGGTCTTGGCGATATC	93073853	93043674	30179	93052423	21430	93065558	21884	13135
ENSMUST00000190723	ACGAGCCGACTCCACAGGAGCCAAGGGCACGCGACTCAAGGAGGGGGCCAACATCAACAAGTCTTTGACCACCCTGGGAAAGGTCATCTCTGCTCTGGCTGAAATGGACTCTGGACCCAACAAGAACAAGAAAAAGAAGAAGACAGATTTCATCCCTTACCGAGACTCCGTATTGACATGGCTTCTCCGGGAAAACCTCGGTGGCAACTCAAGGACAGCCATGGTGGCAGCCCTGAGCCCTGCGGACATCAACTATGATGAGACCCTCAGCACACTGAGATATGCAGATCGGGCCAAACAAATCCGCTGCAATGCCATCATCAATGAAGACCCCAACAACAAGCTGATTAGAGAACTGAAGGATGAGGTGACCAGGCTGAGAGACCTGCTGTATGCCCAAGGTCTTGGCGATATC	93073853	93046770	27083	93052423	21430	93065558	18788	13135
ENSMUST00000190723	ACGAGCCGACTCCACAGGAGCCAAGGGCACGCGACTCAAGGAGGGGGCCAACATCAACAAGTCTTTGACCACCCTGGGAAAGGTCATCTCTGCTCTGGCTGAAATGGACTCTGGACCCAACAAGAACAAGAAAAAGAAGAAGACAGATTTCATCCCTTACCGAGACTCCGTATTGACATGGCTTCTCCGGGAAAACCTCGGTGGCAACTCAAGGACAGCCATGGTGGCAGCCCTGAGCCCTGCGGACATCAACTATGATGAGACCCTCAGCACACTGAGATATGCAGATCGGGCCAAACAAATCCGCTGCAATGCCATCATCAATGAAGACCCCAACAACAAGCTGATTAGAGAACTGAAGGATGAGGTGACCAGGCTGAGAGACCTGCTGTATGCCCAAGGTCTTGGCGATATC	93073853	93062946	10907	93066046	7807	93065558	2612	-488
ENSMUST00000190723	ACGAGCCGACTCCACAGGAGCCAAGGGCACGCGACTCAAGGAGGGGGCCAACATCAACAAGTCTTTGACCACCCTGGGAAAGGTCATCTCTGCTCTGGCTGAAATGGACTCTGGACCCAACAAGAACAAGAAAAAGAAGAAGACAGATTTCATCCCTTACCGAGACTCCGTATTGACATGGCTTCTCCGGGAAAACCTCGGTGGCAACTCAAGGACAGCCATGGTGGCAGCCCTGAGCCCTGCGGACATCAACTATGATGAGACCCTCAGCACACTGAGATATGCAGATCGGGCCAAACAAATCCGCTGCAATGCCATCATCAATGAAGACCCCAACAACAAGCTGATTAGAGAACTGAAGGATGAGGTGACCAGGCTGAGAGACCTGCTGTATGCCCAAGGTCTTGGCGATATC	93073853	93064282	9571	93066046	7807	93065558	1276	-488
ENSMUST00000190723	ACGAGCCGACTCCACAGGAGCCAAGGGCACGCGACTCAAGGAGGGGGCCAACATCAACAAGTCTTTGACCACCCTGGGAAAGGTCATCTCTGCTCTGGCTGAAATGGACTCTGGACCCAACAAGAACAAGAAAAAGAAGAAGACAGATTTCATCCCTTACCGAGACTCCGTATTGACATGGCTTCTCCGGGAAAACCTCGGTGGCAACTCAAGGACAGCCATGGTGGCAGCCCTGAGCCCTGCGGACATCAACTATGATGAGACCCTCAGCACACTGAGATATGCAGATCGGGCCAAACAAATCCGCTGCAATGCCATCATCAATGAAGACCCCAACAACAAGCTGATTAGAGAACTGAAGGATGAGGTGACCAGGCTGAGAGACCTGCTGTATGCCCAAGGTCTTGGCGATATC	93073853	93068560	5293	93073038	815	93065558	-3002	-7480
ENSMUST00000190723	ACGAGCCGACTCCACAGGAGCCAAGGGCACGCGACTCAAGGAGGGGGCCAACATCAACAAGTCTTTGACCACCCTGGGAAAGGTCATCTCTGCTCTGGCTGAAATGGACTCTGGACCCAACAAGAACAAGAAAAAGAAGAAGACAGATTTCATCCCTTACCGAGACTCCGTATTGACATGGCTTCTCCGGGAAAACCTCGGTGGCAACTCAAGGACAGCCATGGTGGCAGCCCTGAGCCCTGCGGACATCAACTATGATGAGACCCTCAGCACACTGAGATATGCAGATCGGGCCAAACAAATCCGCTGCAATGCCATCATCAATGAAGACCCCAACAACAAGCTGATTAGAGAACTGAAGGATGAGGTGACCAGGCTGAGAGACCTGCTGTATGCCCAAGGTCTTGGCGATATC	93073853	93072325	1528	93073807	46	93065558	-6767	-8249
ENSMUST00000190723	ACGAGCCGACTCCACAGGAGCCAAGGGCACGCGACTCAAGGAGGGGGCCAACATCAACAAGTCTTTGACCACCCTGGGAAAGGTCATCTCTGCTCTGGCTGAAATGGACTCTGGACCCAACAAGAACAAGAAAAAGAAGAAGACAGATTTCATCCCTTACCGAGACTCCGTATTGACATGGCTTCTCCGGGAAAACCTCGGTGGCAACTCAAGGACAGCCATGGTGGCAGCCCTGAGCCCTGCGGACATCAACTATGATGAGACCCTCAGCACACTGAGATATGCAGATCGGGCCAAACAAATCCGCTGCAATGCCATCATCAATGAAGACCCCAACAACAAGCTGATTAGAGAACTGAAGGATGAGGTGACCAGGCTGAGAGACCTGCTGTATGCCCAAGGTCTTGGCGATATC	93073853	93082480	-8627	93101762	-27909	93065558	-16922	-36204
ENSMUST00000028386	ATTTCCTGCTGTAGAAACGCGCAACAACAATCAACAGCTGGCACAGCTACAGAAAGAAAAATCAGAGATTCTGAAAAATCTGGCGTTGTATTACTTTACATTTGTAGATGTTATGGAATTTAAGGACCATGTCTGTGACTTGCTGAATACTATTGACGTTTGCCAAGTCTTCTTTGATATTACTGTGAACTTTGATTTAACAAAGAACTACTTAGACTTGACTGTAACCTATACAACATTAATGATACTGCTGTCCCGGATTGAAGAACGGAAGGCAATCATTGGACTATACAATTATGCACATGAAATGACCCATGGAGCAAGTGACCGAGAATATCCACGCCTTGGTCAGATGATTGTGGACTATGAAAACCCTTTAAAAAAGATGATGGAAGAATTTGTACCCCATAGCAAGTCTCTTTCAGATGCGCTAATTTCTCTT	80570200	80501411	68789	80506172	64028	80548863	47452	42691
ENSMUST00000028386	ATTTCCTGCTGTAGAAACGCGCAACAACAATCAACAGCTGGCACAGCTACAGAAAGAAAAATCAGAGATTCTGAAAAATCTGGCGTTGTATTACTTTACATTTGTAGATGTTATGGAATTTAAGGACCATGTCTGTGACTTGCTGAATACTATTGACGTTTGCCAAGTCTTCTTTGATATTACTGTGAACTTTGATTTAACAAAGAACTACTTAGACTTGACTGTAACCTATACAACATTAATGATACTGCTGTCCCGGATTGAAGAACGGAAGGCAATCATTGGACTATACAATTATGCACATGAAATGACCCATGGAGCAAGTGACCGAGAATATCCACGCCTTGGTCAGATGATTGTGGACTATGAAAACCCTTTAAAAAAGATGATGGAAGAATTTGTACCCCATAGCAAGTCTCTTTCAGATGCGCTAATTTCTCTT	80570200	80502314	67886	80506820	63380	80548863	46549	42043
ENSMUST00000028386	ATTTCCTGCTGTAGAAACGCGCAACAACAATCAACAGCTGGCACAGCTACAGAAAGAAAAATCAGAGATTCTGAAAAATCTGGCGTTGTATTACTTTACATTTGTAGATGTTATGGAATTTAAGGACCATGTCTGTGACTTGCTGAATACTATTGACGTTTGCCAAGTCTTCTTTGATATTACTGTGAACTTTGATTTAACAAAGAACTACTTAGACTTGACTGTAACCTATACAACATTAATGATACTGCTGTCCCGGATTGAAGAACGGAAGGCAATCATTGGACTATACAATTATGCACATGAAATGACCCATGGAGCAAGTGACCGAGAATATCCACGCCTTGGTCAGATGATTGTGGACTATGAAAACCCTTTAAAAAAGATGATGGAAGAATTTGTACCCCATAGCAAGTCTCTTTCAGATGCGCTAATTTCTCTT	80570200	80506282	63918	80508711	61489	80548863	42581	40152
ENSMUST00000028386	ATTTCCTGCTGTAGAAACGCGCAACAACAATCAACAGCTGGCACAGCTACAGAAAGAAAAATCAGAGATTCTGAAAAATCTGGCGTTGTATTACTTTACATTTGTAGATGTTATGGAATTTAAGGACCATGTCTGTGACTTGCTGAATACTATTGACGTTTGCCAAGTCTTCTTTGATATTACTGTGAACTTTGATTTAACAAAGAACTACTTAGACTTGACTGTAACCTATACAACATTAATGATACTGCTGTCCCGGATTGAAGAACGGAAGGCAATCATTGGACTATACAATTATGCACATGAAATGACCCATGGAGCAAGTGACCGAGAATATCCACGCCTTGGTCAGATGATTGTGGACTATGAAAACCCTTTAAAAAAGATGATGGAAGAATTTGTACCCCATAGCAAGTCTCTTTCAGATGCGCTAATTTCTCTT	80570200	80513196	57004	80519558	50642	80548863	35667	29305
ENSMUST00000028386	ATTTCCTGCTGTAGAAACGCGCAACAACAATCAACAGCTGGCACAGCTACAGAAAGAAAAATCAGAGATTCTGAAAAATCTGGCGTTGTATTACTTTACATTTGTAGATGTTATGGAATTTAAGGACCATGTCTGTGACTTGCTGAATACTATTGACGTTTGCCAAGTCTTCTTTGATATTACTGTGAACTTTGATTTAACAAAGAACTACTTAGACTTGACTGTAACCTATACAACATTAATGATACTGCTGTCCCGGATTGAAGAACGGAAGGCAATCATTGGACTATACAATTATGCACATGAAATGACCCATGGAGCAAGTGACCGAGAATATCCACGCCTTGGTCAGATGATTGTGGACTATGAAAACCCTTTAAAAAAGATGATGGAAGAATTTGTACCCCATAGCAAGTCTCTTTCAGATGCGCTAATTTCTCTT	80570200	80523507	46693	80525558	44642	80548863	25356	23305
ENSMUST00000028386	ATTTCCTGCTGTAGAAACGCGCAACAACAATCAACAGCTGGCACAGCTACAGAAAGAAAAATCAGAGATTCTGAAAAATCTGGCGTTGTATTACTTTACATTTGTAGATGTTATGGAATTTAAGGACCATGTCTGTGACTTGCTGAATACTATTGACGTTTGCCAAGTCTTCTTTGATATTACTGTGAACTTTGATTTAACAAAGAACTACTTAGACTTGACTGTAACCTATACAACATTAATGATACTGCTGTCCCGGATTGAAGAACGGAAGGCAATCATTGGACTATACAATTATGCACATGAAATGACCCATGGAGCAAGTGACCGAGAATATCCACGCCTTGGTCAGATGATTGTGGACTATGAAAACCCTTTAAAAAAGATGATGGAAGAATTTGTACCCCATAGCAAGTCTCTTTCAGATGCGCTAATTTCTCTT	80570200	80523507	46693	80530157	40043	80548863	25356	18706
ENSMUST00000028386	ATTTCCTGCTGTAGAAACGCGCAACAACAATCAACAGCTGGCACAGCTACAGAAAGAAAAATCAGAGATTCTGAAAAATCTGGCGTTGTATTACTTTACATTTGTAGATGTTATGGAATTTAAGGACCATGTCTGTGACTTGCTGAATACTATTGACGTTTGCCAAGTCTTCTTTGATATTACTGTGAACTTTGATTTAACAAAGAACTACTTAGACTTGACTGTAACCTATACAACATTAATGATACTGCTGTCCCGGATTGAAGAACGGAAGGCAATCATTGGACTATACAATTATGCACATGAAATGACCCATGGAGCAAGTGACCGAGAATATCCACGCCTTGGTCAGATGATTGTGGACTATGAAAACCCTTTAAAAAAGATGATGGAAGAATTTGTACCCCATAGCAAGTCTCTTTCAGATGCGCTAATTTCTCTT	80570200	80524677	45523	80528534	41666	80548863	24186	20329
ENSMUST00000028386	ATTTCCTGCTGTAGAAACGCGCAACAACAATCAACAGCTGGCACAGCTACAGAAAGAAAAATCAGAGATTCTGAAAAATCTGGCGTTGTATTACTTTACATTTGTAGATGTTATGGAATTTAAGGACCATGTCTGTGACTTGCTGAATACTATTGACGTTTGCCAAGTCTTCTTTGATATTACTGTGAACTTTGATTTAACAAAGAACTACTTAGACTTGACTGTAACCTATACAACATTAATGATACTGCTGTCCCGGATTGAAGAACGGAAGGCAATCATTGGACTATACAATTATGCACATGAAATGACCCATGGAGCAAGTGACCGAGAATATCCACGCCTTGGTCAGATGATTGTGGACTATGAAAACCCTTTAAAAAAGATGATGGAAGAATTTGTACCCCATAGCAAGTCTCTTTCAGATGCGCTAATTTCTCTT	80570200	80525678	44522	80530157	40043	80548863	23185	18706
ENSMUST00000028386	ATTTCCTGCTGTAGAAACGCGCAACAACAATCAACAGCTGGCACAGCTACAGAAAGAAAAATCAGAGATTCTGAAAAATCTGGCGTTGTATTACTTTACATTTGTAGATGTTATGGAATTTAAGGACCATGTCTGTGACTTGCTGAATACTATTGACGTTTGCCAAGTCTTCTTTGATATTACTGTGAACTTTGATTTAACAAAGAACTACTTAGACTTGACTGTAACCTATACAACATTAATGATACTGCTGTCCCGGATTGAAGAACGGAAGGCAATCATTGGACTATACAATTATGCACATGAAATGACCCATGGAGCAAGTGACCGAGAATATCCACGCCTTGGTCAGATGATTGTGGACTATGAAAACCCTTTAAAAAAGATGATGGAAGAATTTGTACCCCATAGCAAGTCTCTTTCAGATGCGCTAATTTCTCTT	80570200	80525678	44522	80533644	36556	80548863	23185	15219
ENSMUST00000028386	ATTTCCTGCTGTAGAAACGCGCAACAACAATCAACAGCTGGCACAGCTACAGAAAGAAAAATCAGAGATTCTGAAAAATCTGGCGTTGTATTACTTTACATTTGTAGATGTTATGGAATTTAAGGACCATGTCTGTGACTTGCTGAATACTATTGACGTTTGCCAAGTCTTCTTTGATATTACTGTGAACTTTGATTTAACAAAGAACTACTTAGACTTGACTGTAACCTATACAACATTAATGATACTGCTGTCCCGGATTGAAGAACGGAAGGCAATCATTGGACTATACAATTATGCACATGAAATGACCCATGGAGCAAGTGACCGAGAATATCCACGCCTTGGTCAGATGATTGTGGACTATGAAAACCCTTTAAAAAAGATGATGGAAGAATTTGTACCCCATAGCAAGTCTCTTTCAGATGCGCTAATTTCTCTT	80570200	80540225	29975	80541462	28738	80548863	8638	7401
ENSMUST00000028386	ATTTCCTGCTGTAGAAACGCGCAACAACAATCAACAGCTGGCACAGCTACAGAAAGAAAAATCAGAGATTCTGAAAAATCTGGCGTTGTATTACTTTACATTTGTAGATGTTATGGAATTTAAGGACCATGTCTGTGACTTGCTGAATACTATTGACGTTTGCCAAGTCTTCTTTGATATTACTGTGAACTTTGATTTAACAAAGAACTACTTAGACTTGACTGTAACCTATACAACATTAATGATACTGCTGTCCCGGATTGAAGAACGGAAGGCAATCATTGGACTATACAATTATGCACATGAAATGACCCATGGAGCAAGTGACCGAGAATATCCACGCCTTGGTCAGATGATTGTGGACTATGAAAACCCTTTAAAAAAGATGATGGAAGAATTTGTACCCCATAGCAAGTCTCTTTCAGATGCGCTAATTTCTCTT	80570200	80540606	29594	80544989	25211	80548863	8257	3874
ENSMUST00000028386	ATTTCCTGCTGTAGAAACGCGCAACAACAATCAACAGCTGGCACAGCTACAGAAAGAAAAATCAGAGATTCTGAAAAATCTGGCGTTGTATTACTTTACATTTGTAGATGTTATGGAATTTAAGGACCATGTCTGTGACTTGCTGAATACTATTGACGTTTGCCAAGTCTTCTTTGATATTACTGTGAACTTTGATTTAACAAAGAACTACTTAGACTTGACTGTAACCTATACAACATTAATGATACTGCTGTCCCGGATTGAAGAACGGAAGGCAATCATTGGACTATACAATTATGCACATGAAATGACCCATGGAGCAAGTGACCGAGAATATCCACGCCTTGGTCAGATGATTGTGGACTATGAAAACCCTTTAAAAAAGATGATGGAAGAATTTGTACCCCATAGCAAGTCTCTTTCAGATGCGCTAATTTCTCTT	80570200	80541519	28681	80548829	21371	80548863	7344	34
ENSMUST00000028386	ATTTCCTGCTGTAGAAACGCGCAACAACAATCAACAGCTGGCACAGCTACAGAAAGAAAAATCAGAGATTCTGAAAAATCTGGCGTTGTATTACTTTACATTTGTAGATGTTATGGAATTTAAGGACCATGTCTGTGACTTGCTGAATACTATTGACGTTTGCCAAGTCTTCTTTGATATTACTGTGAACTTTGATTTAACAAAGAACTACTTAGACTTGACTGTAACCTATACAACATTAATGATACTGCTGTCCCGGATTGAAGAACGGAAGGCAATCATTGGACTATACAATTATGCACATGAAATGACCCATGGAGCAAGTGACCGAGAATATCCACGCCTTGGTCAGATGATTGTGGACTATGAAAACCCTTTAAAAAAGATGATGGAAGAATTTGTACCCCATAGCAAGTCTCTTTCAGATGCGCTAATTTCTCTT	80570200	80545146	25054	80548829	21371	80548863	3717	34
ENSMUST00000028386	ATTTCCTGCTGTAGAAACGCGCAACAACAATCAACAGCTGGCACAGCTACAGAAAGAAAAATCAGAGATTCTGAAAAATCTGGCGTTGTATTACTTTACATTTGTAGATGTTATGGAATTTAAGGACCATGTCTGTGACTTGCTGAATACTATTGACGTTTGCCAAGTCTTCTTTGATATTACTGTGAACTTTGATTTAACAAAGAACTACTTAGACTTGACTGTAACCTATACAACATTAATGATACTGCTGTCCCGGATTGAAGAACGGAAGGCAATCATTGGACTATACAATTATGCACATGAAATGACCCATGGAGCAAGTGACCGAGAATATCCACGCCTTGGTCAGATGATTGTGGACTATGAAAACCCTTTAAAAAAGATGATGGAAGAATTTGTACCCCATAGCAAGTCTCTTTCAGATGCGCTAATTTCTCTT	80570200	80541519	28681	80553136	17064	80548863	7344	-4273
ENSMUST00000028386	ATTTCCTGCTGTAGAAACGCGCAACAACAATCAACAGCTGGCACAGCTACAGAAAGAAAAATCAGAGATTCTGAAAAATCTGGCGTTGTATTACTTTACATTTGTAGATGTTATGGAATTTAAGGACCATGTCTGTGACTTGCTGAATACTATTGACGTTTGCCAAGTCTTCTTTGATATTACTGTGAACTTTGATTTAACAAAGAACTACTTAGACTTGACTGTAACCTATACAACATTAATGATACTGCTGTCCCGGATTGAAGAACGGAAGGCAATCATTGGACTATACAATTATGCACATGAAATGACCCATGGAGCAAGTGACCGAGAATATCCACGCCTTGGTCAGATGATTGTGGACTATGAAAACCCTTTAAAAAAGATGATGGAAGAATTTGTACCCCATAGCAAGTCTCTTTCAGATGCGCTAATTTCTCTT	80570200	80547949	22251	80553136	17064	80548863	914	-4273
ENSMUST00000028386	ATTTCCTGCTGTAGAAACGCGCAACAACAATCAACAGCTGGCACAGCTACAGAAAGAAAAATCAGAGATTCTGAAAAATCTGGCGTTGTATTACTTTACATTTGTAGATGTTATGGAATTTAAGGACCATGTCTGTGACTTGCTGAATACTATTGACGTTTGCCAAGTCTTCTTTGATATTACTGTGAACTTTGATTTAACAAAGAACTACTTAGACTTGACTGTAACCTATACAACATTAATGATACTGCTGTCCCGGATTGAAGAACGGAAGGCAATCATTGGACTATACAATTATGCACATGAAATGACCCATGGAGCAAGTGACCGAGAATATCCACGCCTTGGTCAGATGATTGTGGACTATGAAAACCCTTTAAAAAAGATGATGGAAGAATTTGTACCCCATAGCAAGTCTCTTTCAGATGCGCTAATTTCTCTT	80570200	80548967	21233	80553306	16894	80548863	-104	-4443
ENSMUST00000028386	ATTTCCTGCTGTAGAAACGCGCAACAACAATCAACAGCTGGCACAGCTACAGAAAGAAAAATCAGAGATTCTGAAAAATCTGGCGTTGTATTACTTTACATTTGTAGATGTTATGGAATTTAAGGACCATGTCTGTGACTTGCTGAATACTATTGACGTTTGCCAAGTCTTCTTTGATATTACTGTGAACTTTGATTTAACAAAGAACTACTTAGACTTGACTGTAACCTATACAACATTAATGATACTGCTGTCCCGGATTGAAGAACGGAAGGCAATCATTGGACTATACAATTATGCACATGAAATGACCCATGGAGCAAGTGACCGAGAATATCCACGCCTTGGTCAGATGATTGTGGACTATGAAAACCCTTTAAAAAAGATGATGGAAGAATTTGTACCCCATAGCAAGTCTCTTTCAGATGCGCTAATTTCTCTT	80570200	80554790	15410	80580857	-10657	80548863	-5927	-31994
ENSMUST00000028386	ATTTCCTGCTGTAGAAACGCGCAACAACAATCAACAGCTGGCACAGCTACAGAAAGAAAAATCAGAGATTCTGAAAAATCTGGCGTTGTATTACTTTACATTTGTAGATGTTATGGAATTTAAGGACCATGTCTGTGACTTGCTGAATACTATTGACGTTTGCCAAGTCTTCTTTGATATTACTGTGAACTTTGATTTAACAAAGAACTACTTAGACTTGACTGTAACCTATACAACATTAATGATACTGCTGTCCCGGATTGAAGAACGGAAGGCAATCATTGGACTATACAATTATGCACATGAAATGACCCATGGAGCAAGTGACCGAGAATATCCACGCCTTGGTCAGATGATTGTGGACTATGAAAACCCTTTAAAAAAGATGATGGAAGAATTTGTACCCCATAGCAAGTCTCTTTCAGATGCGCTAATTTCTCTT	80570200	80570229	-29	80580857	-10657	80548863	-21366	-31994
ENSMUST00000064762	CGAGAAAACCACTCGGACCCCAGAAGAGGGTGGCTATTCATATGAGATCAGCGAGAAGACGACACGGACCCCTGAAGTAAGCGGCTACACCTATGAAAAGACTGAGAGGTCCAGAAGGCTCCTGGATGACATTAGCAATGGCTATGATGACACTGAGGATGGCGGCCACACACTTGGCGACTGTAGCTACTCCTATGAAACCACTGAGAAAATTACCAGCTTTCCTGAGTCTGAAAGCTATTCCTACGAGACAAGTACAAAAACAACACGGAGTCCAGACACCTCTGCATACTGTTACGAGACCATGGAGAAGATCACCAAGACCCCACAGGCATCCACATACTCCTATGAGACCTCAGACCGATGCTACACTACGGAAAAGAAGTCCCCCTCAGAGGCACGCCAGGATGTTGATTTATGTCTGGTGTCCTCCTGTGAATTCAAGCATCCCAAGACGGAGCTCTCGCCTTCCTTCATTAATCCAAATCCTCTTGAGTGGTTTGCTGGTGAAGA	99434522	99435701	-1179	99508107	-73585	99435035	-666	-73072
ENSMUST00000064762	CGAGAAAACCACTCGGACCCCAGAAGAGGGTGGCTATTCATATGAGATCAGCGAGAAGACGACACGGACCCCTGAAGTAAGCGGCTACACCTATGAAAAGACTGAGAGGTCCAGAAGGCTCCTGGATGACATTAGCAATGGCTATGATGACACTGAGGATGGCGGCCACACACTTGGCGACTGTAGCTACTCCTATGAAACCACTGAGAAAATTACCAGCTTTCCTGAGTCTGAAAGCTATTCCTACGAGACAAGTACAAAAACAACACGGAGTCCAGACACCTCTGCATACTGTTACGAGACCATGGAGAAGATCACCAAGACCCCACAGGCATCCACATACTCCTATGAGACCTCAGACCGATGCTACACTACGGAAAAGAAGTCCCCCTCAGAGGCACGCCAGGATGTTGATTTATGTCTGGTGTCCTCCTGTGAATTCAAGCATCCCAAGACGGAGCTCTCGCCTTCCTTCATTAATCCAAATCCTCTTGAGTGGTTTGCTGGTGAAGA	99434522	99441774	-7252	99508107	-73585	99435035	-6739	-73072
