transcript_ID	prot_seq	coord_start_genomic	coord_upstreamEnd	start_genomic-upstreamEnd	coord_DownstreamStart	start_genomic-DownstreamStart	coord_end_genomic	end_genomic-upstreamEnd	end_genomic-DownstreamStart
ENSMUST00000024967	ATTTGGGTTAGCATGGGCT	87719367	87672806	46561	87679799	39568	87719386	46580	39587
ENSMUST00000024967	ATTTGGGTTAGCATGGGCT	87719367	87672806	46561	87685436	33931	87719386	46580	33950
ENSMUST00000024967	ATTTGGGTTAGCATGGGCT	87719367	87672806	46561	87685436	33931	87719386	46580	33950
ENSMUST00000024967	ATTTGGGTTAGCATGGGCT	87719367	87678362	41005	87682530	36837	87719386	41024	36856
ENSMUST00000024967	ATTTGGGTTAGCATGGGCT	87719367	87678362	41005	87685436	33931	87719386	41024	33950
ENSMUST00000024967	ATTTGGGTTAGCATGGGCT	87719367	87678362	41005	87685436	33931	87719386	41024	33950
ENSMUST00000024967	ATTTGGGTTAGCATGGGCT	87719367	87680078	39289	87685436	33931	87719386	39308	33950
ENSMUST00000024967	ATTTGGGTTAGCATGGGCT	87719367	87685586	33781	87688941	30426	87719386	33800	30445
ENSMUST00000024967	ATTTGGGTTAGCATGGGCT	87719367	87689141	30226	87707181	12186	87719386	30245	12205
ENSMUST00000024967	ATTTGGGTTAGCATGGGCT	87719367	87707305	12062	87712628	6739	87719386	12081	6758
ENSMUST00000024967	ATTTGGGTTAGCATGGGCT	87719367	87717700	1667	87720882	-1515	87719386	1686	-1496
ENSMUST00000024967	ATTTGGGTTAGCATGGGCT	87719367	87718805	562	87720882	-1515	87719386	581	-1496
ENSMUST00000029477	GAAGTCTTATTGGCTGGAT	109163432	109159455	3977	109163418	14	109163451	3996	33
ENSMUST00000025137	TGGGAGATGTCTTAGACTG	9962410	9959171	3239	9960485	1925	9962429	3258	1944
ENSMUST00000025137	TGGGAGATGTCTTAGACTG	9962410	9959315	3095	9962372	38	9962429	3114	57
ENSMUST00000025137	TGGGAGATGTCTTAGACTG	9962410	9960552	1858	9963262	-852	9962429	1877	-833
ENSMUST00000025137	TGGGAGATGTCTTAGACTG	9962410	9963918	-1508	9975598	-13188	9962429	-1489	-13169
ENSMUST00000025137	TGGGAGATGTCTTAGACTG	9962410	9968833	-6423	9975598	-13188	9962429	-6404	-13169
ENSMUST00000025137	TGGGAGATGTCTTAGACTG	9962410	9986603	-24193	9987069	-24659	9962429	-24174	-24640
ENSMUST00000061093	CCCCGCCAACCTGTTGCGG	185455026	185456429	-1403	185464076	-9050	185455045	-1384	-9031
ENSMUST00000024967	GATTTGGGTTAGCATGGGC	87719366	87672806	46560	87679799	39567	87719385	46579	39586
ENSMUST00000024967	GATTTGGGTTAGCATGGGC	87719366	87672806	46560	87685436	33930	87719385	46579	33949
ENSMUST00000024967	GATTTGGGTTAGCATGGGC	87719366	87672806	46560	87685436	33930	87719385	46579	33949
ENSMUST00000024967	GATTTGGGTTAGCATGGGC	87719366	87678362	41004	87682530	36836	87719385	41023	36855
ENSMUST00000024967	GATTTGGGTTAGCATGGGC	87719366	87678362	41004	87685436	33930	87719385	41023	33949
ENSMUST00000024967	GATTTGGGTTAGCATGGGC	87719366	87678362	41004	87685436	33930	87719385	41023	33949
ENSMUST00000024967	GATTTGGGTTAGCATGGGC	87719366	87680078	39288	87685436	33930	87719385	39307	33949
ENSMUST00000024967	GATTTGGGTTAGCATGGGC	87719366	87685586	33780	87688941	30425	87719385	33799	30444
ENSMUST00000024967	GATTTGGGTTAGCATGGGC	87719366	87689141	30225	87707181	12185	87719385	30244	12204
ENSMUST00000024967	GATTTGGGTTAGCATGGGC	87719366	87707305	12061	87712628	6738	87719385	12080	6757
ENSMUST00000024967	GATTTGGGTTAGCATGGGC	87719366	87717700	1666	87720882	-1516	87719385	1685	-1497
ENSMUST00000024967	GATTTGGGTTAGCATGGGC	87719366	87718805	561	87720882	-1516	87719385	580	-1497
ENSMUST00000137180	CAAAGCCACCAGTATCCGG	145753289	145786414	-33125	145844710	-91421	145753308	-33106	-91402
ENSMUST00000137180	CAAAGCCACCAGTATCCGG	145753289	145822365	-69076	145844710	-91421	145753308	-69057	-91402
ENSMUST00000137180	CAAAGCCACCAGTATCCGG	145753289	145878975	-125686	145885602	-132313	145753308	-125667	-132294
ENSMUST00000031391	GACATGCACGATGATAACA	123356030	123344721	11309	123351866	4164	123361203	16482	9337
ENSMUST00000031391	GACATGCACGATGATAACA	123356030	123344721	11309	123355940	90	123361203	16482	5263
ENSMUST00000031391	GACATGCACGATGATAACA	123356030	123344721	11309	123361190	-5160	123361203	16482	13
ENSMUST00000031391	GACATGCACGATGATAACA	123356030	123344721	11309	123369332	-13302	123361203	16482	-8129
ENSMUST00000047086	TACTAAGGGGTTTCTTGTC	71658360	71632141	26219	71636556	21804	71658379	26238	21823
ENSMUST00000047086	TACTAAGGGGTTTCTTGTC	71658360	71640320	18040	71642704	15656	71658379	18059	15675
ENSMUST00000047086	TACTAAGGGGTTTCTTGTC	71658360	71642833	15527	71650016	8344	71658379	15546	8363
ENSMUST00000224491	ATGCTCTCCTTGGCTACTA	14931253	14828541	102712	14840562	90691	14931272	102731	90710
ENSMUST00000224491	ATGCTCTCCTTGGCTACTA	14931253	14840604	90649	14843846	87407	14931272	90668	87426
ENSMUST00000224491	ATGCTCTCCTTGGCTACTA	14931253	14865735	65518	14930574	679	14931272	65537	698
ENSMUST00000224491	ATGCTCTCCTTGGCTACTA	14931253	14969512	-38259	14986666	-55413	14931272	-38240	-55394
ENSMUST00000197977	TCTGCAGTGCTTGATGGTG	34677227	34197229	479998	34611698	65529	34677246	480017	65548
ENSMUST00000197977	TCTGCAGTGCTTGATGGTG	34677227	34197229	479998	34638357	38870	34677246	480017	38889
ENSMUST00000197977	TCTGCAGTGCTTGATGGTG	34677227	34197229	479998	34675668	1559	34677246	480017	1578
ENSMUST00000197977	TCTGCAGTGCTTGATGGTG	34677227	34508586	168641	34611698	65529	34677246	168660	65548
ENSMUST00000197977	TCTGCAGTGCTTGATGGTG	34677227	34508586	168641	34630062	47165	34677246	168660	47184
ENSMUST00000197977	TCTGCAGTGCTTGATGGTG	34677227	34508586	168641	34638357	38870	34677246	168660	38889
ENSMUST00000197977	TCTGCAGTGCTTGATGGTG	34677227	34508586	168641	34675668	1559	34677246	168660	1578
ENSMUST00000197977	TCTGCAGTGCTTGATGGTG	34677227	34560569	116658	34611698	65529	34677246	116677	65548
ENSMUST00000197977	TCTGCAGTGCTTGATGGTG	34677227	34560569	116658	34630062	47165	34677246	116677	47184
ENSMUST00000197977	TCTGCAGTGCTTGATGGTG	34677227	34560569	116658	34638357	38870	34677246	116677	38889
ENSMUST00000197977	TCTGCAGTGCTTGATGGTG	34677227	34197229	479998	34638357	38870	34677246	480017	38889
ENSMUST00000197977	TCTGCAGTGCTTGATGGTG	34677227	34197229	479998	34675668	1559	34677246	480017	1578
ENSMUST00000197977	TCTGCAGTGCTTGATGGTG	34677227	34508586	168641	34638357	38870	34677246	168660	38889
ENSMUST00000197977	TCTGCAGTGCTTGATGGTG	34677227	34508586	168641	34675668	1559	34677246	168660	1578
ENSMUST00000197977	TCTGCAGTGCTTGATGGTG	34677227	34560569	116658	34630062	47165	34677246	116677	47184
ENSMUST00000197977	TCTGCAGTGCTTGATGGTG	34677227	34560569	116658	34638357	38870	34677246	116677	38889
ENSMUST00000197977	TCTGCAGTGCTTGATGGTG	34677227	34560782	116445	34630062	47165	34677246	116464	47184
ENSMUST00000197977	TCTGCAGTGCTTGATGGTG	34677227	34560782	116445	34638357	38870	34677246	116464	38889
ENSMUST00000197977	TCTGCAGTGCTTGATGGTG	34677227	34611883	65344	34638357	38870	34677246	65363	38889
ENSMUST00000197977	TCTGCAGTGCTTGATGGTG	34677227	34611892	65335	34630062	47165	34677246	65354	47184
ENSMUST00000197977	TCTGCAGTGCTTGATGGTG	34677227	34611892	65335	34638357	38870	34677246	65354	38889
ENSMUST00000197977	TCTGCAGTGCTTGATGGTG	34677227	34508586	168641	34638357	38870	34677246	168660	38889
ENSMUST00000197977	TCTGCAGTGCTTGATGGTG	34677227	34560569	116658	34638357	38870	34677246	116677	38889
ENSMUST00000197977	TCTGCAGTGCTTGATGGTG	34677227	34560782	116445	34638357	38870	34677246	116464	38889
ENSMUST00000197977	TCTGCAGTGCTTGATGGTG	34677227	34611892	65335	34638357	38870	34677246	65354	38889
ENSMUST00000197977	TCTGCAGTGCTTGATGGTG	34677227	34615711	61516	34638357	38870	34677246	61535	38889
ENSMUST00000197977	TCTGCAGTGCTTGATGGTG	34677227	34560782	116445	34675668	1559	34677246	116464	1578
ENSMUST00000197977	TCTGCAGTGCTTGATGGTG	34677227	34508586	168641	34675668	1559	34677246	168660	1578
ENSMUST00000197977	TCTGCAGTGCTTGATGGTG	34677227	34638639	38588	34675668	1559	34677246	38607	1578
ENSMUST00000047714	CATGCTTCATGTCTGCCAT	134613278	134614011	-733	134616188	-2910	134613297	-714	-2891
ENSMUST00000047714	CATGCTTCATGTCTGCCAT	134613278	134614011	-733	134617691	-4413	134613297	-714	-4394
ENSMUST00000047714	CATGCTTCATGTCTGCCAT	134613278	134619698	-6420	134621934	-8656	134613297	-6401	-8637
ENSMUST00000066055	TCTGAGAACATGCAGTATC	37543810	37469576	74234	37473578	70232	37543829	74253	70251
ENSMUST00000066055	TCTGAGAACATGCAGTATC	37543810	37487578	56232	37491909	51901	37543829	56251	51920
ENSMUST00000066055	TCTGAGAACATGCAGTATC	37543810	37502961	40849	37532515	11295	37543829	40868	11314
ENSMUST00000066055	TCTGAGAACATGCAGTATC	37543810	37532629	11181	37540416	3394	37543829	11200	3413
ENSMUST00000066055	TCTGAGAACATGCAGTATC	37543810	37540542	3268	37543102	708	37543829	3287	727
ENSMUST00000066055	TCTGAGAACATGCAGTATC	37543810	37541176	2634	37543102	708	37543829	2653	727
ENSMUST00000066055	TCTGAGAACATGCAGTATC	37543810	37560579	-16769	37561891	-18081	37543829	-16750	-18062
ENSMUST00000066055	TCTGAGAACATGCAGTATC	37543810	37561452	-17642	37563435	-19625	37543829	-17623	-19606
ENSMUST00000030894	GGTGTCTGCTTTTGTCCAG	154020424	154016108	4316	154018369	2055	154020443	4335	2074
ENSMUST00000030894	GGTGTCTGCTTTTGTCCAG	154020424	154018485	1939	154019393	1031	154020443	1958	1050
ENSMUST00000051309	TCTAAAATGAATGACATAA	115124231	114904551	219680	115101803	22428	115124250	219699	22447
ENSMUST00000051309	TCTAAAATGAATGACATAA	115124231	115090227	34004	115101803	22428	115124250	34023	22447
ENSMUST00000051309	TCTAAAATGAATGACATAA	115124231	114904551	219680	115120893	3338	115124250	219699	3357
ENSMUST00000156290	GCGGTGCGCGCGCCTAGCT	110879841	110879988	-147	111085021	-205180	110879860	-128	-205161
ENSMUST00000156290	GCGGTGCGCGCGCCTAGCT	110879841	111102100	-222259	111223109	-343268	110879860	-222240	-343249
ENSMUST00000156290	GCGGTGCGCGCGCCTAGCT	110879841	111280751	-400910	111282770	-402929	110879860	-400891	-402910
ENSMUST00000037763	CACCTATTATATGTAAATG	44888930	44830242	58688	44834458	54472	44888949	58707	54491
ENSMUST00000037763	CACCTATTATATGTAAATG	44888930	44830242	58688	44837340	51590	44888949	58707	51609
ENSMUST00000037763	CACCTATTATATGTAAATG	44888930	44830242	58688	44837340	51590	44888949	58707	51609
ENSMUST00000037763	CACCTATTATATGTAAATG	44888930	44833218	55712	44837340	51590	44888949	55731	51609
ENSMUST00000037763	CACCTATTATATGTAAATG	44888930	44830242	58688	44840184	48746	44888949	58707	48765
ENSMUST00000037763	CACCTATTATATGTAAATG	44888930	44854781	34149	44855170	33760	44888949	34168	33779
ENSMUST00000037763	CACCTATTATATGTAAATG	44888930	44855424	33506	44858187	30743	44888949	33525	30762
ENSMUST00000037763	CACCTATTATATGTAAATG	44888930	44860649	28281	44864264	24666	44888949	28300	24685
ENSMUST00000037763	CACCTATTATATGTAAATG	44888930	44877795	11135	44886239	2691	44888949	11154	2710
ENSMUST00000050949	TACTGCAGGGGAGACTGGC	139053907	138972989	80918	138983620	70287	139053926	80937	70306
ENSMUST00000050949	TACTGCAGGGGAGACTGGC	139053907	138972989	80918	138985131	68776	139053926	80937	68795
ENSMUST00000050949	TACTGCAGGGGAGACTGGC	139053907	138973287	80620	138983620	70287	139053926	80639	70306
ENSMUST00000050949	TACTGCAGGGGAGACTGGC	139053907	138972989	80918	138985131	68776	139053926	80937	68795
ENSMUST00000050949	TACTGCAGGGGAGACTGGC	139053907	138977322	76585	138985131	68776	139053926	76604	68795
ENSMUST00000050949	TACTGCAGGGGAGACTGGC	139053907	138983765	70142	138990541	63366	139053926	70161	63385
ENSMUST00000094698	TGTTAGTGAGTTGAAAACA	91152702	91145169	7533	91152164	538	91152721	7552	557
ENSMUST00000125633	GCTGCCTTGATCCTCTGCC	121190208	121185850	4358	121190100	108	121190227	4377	127
ENSMUST00000125633	GCTGCCTTGATCCTCTGCC	121190208	121193747	-3539	121198627	-8419	121190227	-3520	-8400
ENSMUST00000077730	GAGCTGAGGGAAGTGGACG	133071659	133067229	4430	133071173	486	133071678	4449	505
ENSMUST00000077730	GAGCTGAGGGAAGTGGACG	133071659	133067229	4430	133071601	58	133071678	4449	77
ENSMUST00000077730	GAGCTGAGGGAAGTGGACG	133071659	133067229	4430	133071601	58	133071678	4449	77
ENSMUST00000077730	GAGCTGAGGGAAGTGGACG	133071659	133070418	1241	133071601	58	133071678	1260	77
ENSMUST00000077730	GAGCTGAGGGAAGTGGACG	133071659	133098800	-27141	133099604	-27945	133071678	-27122	-27926
ENSMUST00000028955	GCATGATGCTGAGGCCAAT	151944634	151929618	15016	151936666	7968	151944653	15035	7987
ENSMUST00000117550	AGTGTGGGAAGGCATAGGT	4242878	4238864	4014	4242070	808	4242897	4033	827
ENSMUST00000046383	TGGTCCCCAAGTCATCACT	27337662	27326070	11592	27334063	3599	27337681	11611	3618
ENSMUST00000029912	AATTCCCCAGCCTCCTTGG	6386565	6365759	20806	6377076	9489	6386584	20825	9508
ENSMUST00000029912	AATTCCCCAGCCTCCTTGG	6386565	6365759	20806	6378965	7600	6386584	20825	7619
ENSMUST00000029912	AATTCCCCAGCCTCCTTGG	6386565	6379047	7518	6385025	1540	6386584	7537	1559
ENSMUST00000168532	GACTATCAGGCAGCCTGTG	107526179	107426134	100045	107497459	28720	107526198	100064	28739
ENSMUST00000168532	GACTATCAGGCAGCCTGTG	107526179	107518269	7910	107522122	4057	107526198	7929	4076
ENSMUST00000168532	GACTATCAGGCAGCCTGTG	107526179	107524192	1987	107524611	1568	107526198	2006	1587
ENSMUST00000168532	GACTATCAGGCAGCCTGTG	107526179	107524674	1505	107525156	1023	107526198	1524	1042
ENSMUST00000026975	AGCCTCGCATGGCGAGTGG	139170279	139153476	16803	139163198	7081	139170298	16822	7100
ENSMUST00000026975	AGCCTCGCATGGCGAGTGG	139170279	139161933	8346	139166059	4220	139170298	8365	4239
ENSMUST00000026975	AGCCTCGCATGGCGAGTGG	139170279	139166203	4076	139174125	-3846	139170298	4095	-3827
ENSMUST00000043735	CGCCTGTCTGAGGCAGCCT	4028496	3989997	38499	4015513	12983	4028515	38518	13002
ENSMUST00000034187	GAACCAGATCACATACAGG	92830831	92833242	-2411	92836905	-6074	92831688	-1554	-5217
ENSMUST00000020549	AAATCCTGATATATCTGTT	79695240	79689465	5775	79694123	1117	79695259	5794	1136
ENSMUST00000020549	AAATCCTGATATATCTGTT	79695240	79692980	2260	79694350	890	79695259	2279	909
ENSMUST00000004326	CTTGAGAGCAAGAACCACC	74338931	74329215	9716	74331966	6965	74339074	9859	7108
ENSMUST00000004326	CTTGAGAGCAAGAACCACC	74338931	74333675	5256	74334224	4707	74339074	5399	4850
ENSMUST00000004326	CTTGAGAGCAAGAACCACC	74338931	74337499	1432	74337910	1021	74339074	1575	1164
ENSMUST00000004326	CTTGAGAGCAAGAACCACC	74338931	74338054	877	74338458	473	74339074	1020	616
ENSMUST00000004326	CTTGAGAGCAAGAACCACC	74338931	74341012	-2081	74341920	-2989	74339074	-1938	-2846
ENSMUST00000029406	TGGATCAGGGGGATCATCT	64086697	64081877	4820	64089452	-2755	64086716	4839	-2736
ENSMUST00000029406	TGGATCAGGGGGATCATCT	64086697	64090325	-3628	64102974	-16277	64086716	-3609	-16258
ENSMUST00000029406	TGGATCAGGGGGATCATCT	64086697	64090325	-3628	64104475	-17778	64086716	-3609	-17759
ENSMUST00000113409	GGACTTATTATTTCTAAAT	112635010	112624107	10903	112628103	6907	112635029	10922	6926
ENSMUST00000113409	GGACTTATTATTTCTAAAT	112635010	112624876	10134	112628103	6907	112635029	10153	6926
ENSMUST00000113409	GGACTTATTATTTCTAAAT	112635010	112624876	10134	112631825	3185	112635029	10153	3204
ENSMUST00000113130	GAAGTTATCAGTTAGCGGC	88261974	88259221	2753	88259904	2070	88261993	2772	2089
ENSMUST00000054661	CGGCATCTGCACTCGGTGA	66637741	66638460	-719	66731563	-93822	66637760	-700	-93803
ENSMUST00000054661	CGGCATCTGCACTCGGTGA	66637741	66638460	-719	66731563	-93822	66637760	-700	-93803
ENSMUST00000103239	AGCCTTGCCAGCTTAAGAA	124666250	124143055	523195	124400242	266008	124666269	523214	266027
ENSMUST00000103239	AGCCTTGCCAGCTTAAGAA	124666250	124143055	523195	124489984	176266	124666269	523214	176285
ENSMUST00000103239	AGCCTTGCCAGCTTAAGAA	124666250	124143055	523195	124653580	12670	124666269	523214	12689
ENSMUST00000103239	AGCCTTGCCAGCTTAAGAA	124666250	124143055	523195	124489984	176266	124666269	523214	176285
ENSMUST00000103239	AGCCTTGCCAGCTTAAGAA	124666250	124298655	367595	124489984	176266	124666269	367614	176285
ENSMUST00000103239	AGCCTTGCCAGCTTAAGAA	124666250	124143055	523195	124653580	12670	124666269	523214	12689
ENSMUST00000103239	AGCCTTGCCAGCTTAAGAA	124666250	124298655	367595	124653580	12670	124666269	367614	12689
ENSMUST00000103239	AGCCTTGCCAGCTTAAGAA	124666250	124658819	7431	124659806	6444	124666269	7450	6463
ENSMUST00000103239	AGCCTTGCCAGCTTAAGAA	124666250	124659708	6542	124660282	5968	124666269	6561	5987
ENSMUST00000103239	AGCCTTGCCAGCTTAAGAA	124666250	124659884	6366	124664020	2230	124666269	6385	2249
ENSMUST00000103239	AGCCTTGCCAGCTTAAGAA	124666250	124659884	6366	124664020	2230	124666269	6385	2249
ENSMUST00000103239	AGCCTTGCCAGCTTAAGAA	124666250	124660344	5906	124662203	4047	124666269	5925	4066
ENSMUST00000103239	AGCCTTGCCAGCTTAAGAA	124666250	124660344	5906	124664020	2230	124666269	5925	2249
ENSMUST00000103239	AGCCTTGCCAGCTTAAGAA	124666250	124660761	5489	124664020	2230	124666269	5508	2249
ENSMUST00000103239	AGCCTTGCCAGCTTAAGAA	124666250	124660344	5906	124664020	2230	124666269	5925	2249
ENSMUST00000103239	AGCCTTGCCAGCTTAAGAA	124666250	124660761	5489	124664020	2230	124666269	5508	2249
ENSMUST00000047025	TCAAGTGCAGCCGCCTCCG	121118633	121118665	-32	121125419	-6786	121118652	-13	-6767
ENSMUST00000047025	TCAAGTGCAGCCGCCTCCG	121118633	121118665	-32	121125419	-6786	121118652	-13	-6767
ENSMUST00000199754	TCCTCAGATTGTACATGTA	90359516	90293424	66092	90341655	17861	90359535	66111	17880
ENSMUST00000199754	TCCTCAGATTGTACATGTA	90359516	90348696	10820	90350386	9130	90359535	10839	9149
ENSMUST00000064679	CTTGAAACTTATCATTGTT	131697038	131688835	8203	131697828	-790	131697057	8222	-771
ENSMUST00000064679	CTTGAAACTTATCATTGTT	131697038	131696729	309	131697828	-790	131697057	328	-771
ENSMUST00000064679	CTTGAAACTTATCATTGTT	131697038	131698631	-1593	131711619	-14581	131697057	-1574	-14562
ENSMUST00000047348	TCAAGTCCTCCTAAGCCCA	36233248	36183816	49432	36190471	42777	36233267	49451	42796
ENSMUST00000068451	GGTAGCTGGAAATACTGAC	107680136	107677037	3099	107678551	1585	107680155	3118	1604
ENSMUST00000068451	GGTAGCTGGAAATACTGAC	107680136	107677037	3099	107680107	29	107680155	3118	48
ENSMUST00000226519	AGAGAGATGGGAAATAGGA	55549738	55542651	7087	55543859	5879	55549757	7106	5898
ENSMUST00000226519	AGAGAGATGGGAAATAGGA	55549738	55544063	5675	55544884	4854	55549757	5694	4873
ENSMUST00000226519	AGAGAGATGGGAAATAGGA	55549738	55544063	5675	55545206	4532	55549757	5694	4551
ENSMUST00000081028	CGGCACTCGCACTCGGTGG	134248637	134036138	212499	134137284	111353	134248656	212518	111372
ENSMUST00000081028	CGGCACTCGCACTCGGTGG	134248637	134036138	212499	134137287	111350	134248656	212518	111369
ENSMUST00000081028	CGGCACTCGCACTCGGTGG	134248637	134036138	212499	134222864	25773	134248656	212518	25792
ENSMUST00000081028	CGGCACTCGCACTCGGTGG	134248637	134036138	212499	134222864	25773	134248656	212518	25792
ENSMUST00000081028	CGGCACTCGCACTCGGTGG	134248637	134066465	182172	134222864	25773	134248656	182191	25792
ENSMUST00000081028	CGGCACTCGCACTCGGTGG	134248637	134036138	212499	134222864	25773	134248656	212518	25792
ENSMUST00000081028	CGGCACTCGCACTCGGTGG	134248637	134066465	182172	134222864	25773	134248656	182191	25792
ENSMUST00000081028	CGGCACTCGCACTCGGTGG	134248637	134233653	14984	134261689	-13052	134248656	15003	-13033
ENSMUST00000030490	GGCCGCAGTCATCTGAGAC	115000190	115021589	-21399	115029868	-29678	115000209	-21380	-29659
ENSMUST00000200048	TTGAATGCTGTGGAGAAGG	54194792	54156259	38533	54222192	-27400	54194811	38552	-27381
ENSMUST00000200048	TTGAATGCTGTGGAGAAGG	54194792	54222711	-27919	54279862	-85070	54194811	-27900	-85051
ENSMUST00000200048	TTGAATGCTGTGGAGAAGG	54194792	54222711	-27919	54279862	-85070	54194811	-27900	-85051
ENSMUST00000200048	TTGAATGCTGTGGAGAAGG	54194792	54266420	-71628	54291030	-96238	54194811	-71609	-96219
ENSMUST00000087264	ATAAGACAATTAGCCAGAG	65806755	65764245	42510	65775584	31171	65806774	42529	31190
ENSMUST00000087264	ATAAGACAATTAGCCAGAG	65806755	65775663	31092	65788052	18703	65806774	31111	18722
ENSMUST00000087264	ATAAGACAATTAGCCAGAG	65806755	65775663	31092	65790017	16738	65806774	31111	16757
ENSMUST00000087264	ATAAGACAATTAGCCAGAG	65806755	65775663	31092	65790017	16738	65806774	31111	16757
ENSMUST00000087264	ATAAGACAATTAGCCAGAG	65806755	65786361	20394	65790017	16738	65806774	20413	16757
ENSMUST00000087264	ATAAGACAATTAGCCAGAG	65806755	65808543	-1788	65809763	-3008	65806774	-1769	-2989
ENSMUST00000087264	ATAAGACAATTAGCCAGAG	65806755	65814870	-8115	65820269	-13514	65806774	-8096	-13495
ENSMUST00000239069	AAGCTGGTTCTTTTTAGGG	64977449	65299632	-322183	65304119	-326670	64977468	-322164	-326651
ENSMUST00000239069	AAGCTGGTTCTTTTTAGGG	64977449	65266534	-289085	65356263	-378814	64977468	-289066	-378795
ENSMUST00000239069	AAGCTGGTTCTTTTTAGGG	64977449	65304163	-326714	65356263	-378814	64977468	-326695	-378795
ENSMUST00000239069	AAGCTGGTTCTTTTTAGGG	64977449	65358342	-380893	65371356	-393907	64977468	-380874	-393888
ENSMUST00000147250	CTTACCTGGTCCCGATGCA	90180732	90186552	-5820	90188268	-7536	90180751	-5801	-7517
ENSMUST00000147250	CTTACCTGGTCCCGATGCA	90180732	90191500	-10768	90192380	-11648	90180751	-10749	-11629
ENSMUST00000170054	ACGTCATGCGACGCTTCTT	128126715	128119020	7695	128119623	7092	128126734	7714	7111
ENSMUST00000176912	ACCCGAAGCGAGGGCGTGG	115092689	115399279	-306590	115552214	-459525	115092708	-306571	-459506
ENSMUST00000176912	ACCCGAAGCGAGGGCGTGG	115092689	115428264	-335575	115788172	-695483	115092708	-335556	-695464
ENSMUST00000121111	CAGGGGGCAGCGCTGCGCC	119247538	119235398	12140	119237864	9674	119247557	12159	9693
ENSMUST00000121111	CAGGGGGCAGCGCTGCGCC	119247538	119235398	12140	119237864	9674	119247557	12159	9693
ENSMUST00000121111	CAGGGGGCAGCGCTGCGCC	119247538	119238785	8753	119241116	6422	119247557	8772	6441
ENSMUST00000121111	CAGGGGGCAGCGCTGCGCC	119247538	119247206	332	119247890	-352	119247557	351	-333
ENSMUST00000119026	CCGGAGCCTGGCGCTCTCCA	127565513	127360440	205073	127504861	60652	127565533	205093	60672
ENSMUST00000018990	GGGACTTAGTTTCTAAAGTT	35788300	35769947	18353	35777566	10734	35788320	18373	10754
ENSMUST00000018990	GGGACTTAGTTTCTAAAGTT	35788300	35778752	9548	35783447	4853	35788320	9568	4873
ENSMUST00000164539	TGATTATCTGGAGAAGTTTT	100101425	99940068	161357	99982260	119165	100101445	161377	119185
ENSMUST00000164539	TGATTATCTGGAGAAGTTTT	100101425	100095828	5597	100101381	44	100101445	5617	64
ENSMUST00000164539	TGATTATCTGGAGAAGTTTT	100101425	100109527	-8102	100124100	-22675	100101445	-8082	-22655
ENSMUST00000224491	TTATCCCACCATTTAGCTCT	15010674	14828541	182133	14840562	170112	15010694	182153	170132
ENSMUST00000224491	TTATCCCACCATTTAGCTCT	15010674	14840604	170070	14843846	166828	15010694	170090	166848
ENSMUST00000224491	TTATCCCACCATTTAGCTCT	15010674	14865735	144939	14930574	80100	15010694	144959	80120
ENSMUST00000224491	TTATCCCACCATTTAGCTCT	15010674	14969512	41162	14986666	24008	15010694	41182	24028
ENSMUST00000001583	AAGAGTACCAGAATGTTCAT	75770546	75707797	62749	75746291	24255	75770565	62768	24274
ENSMUST00000001583	AAGAGTACCAGAATGTTCAT	75770546	75725000	45546	75749924	20622	75770565	45565	20641
ENSMUST00000001583	AAGAGTACCAGAATGTTCAT	75770546	75725000	45546	75756274	14272	75770565	45565	14291
ENSMUST00000001583	AAGAGTACCAGAATGTTCAT	75770546	75725000	45546	75756274	14272	75770565	45565	14291
ENSMUST00000001583	AAGAGTACCAGAATGTTCAT	75770546	75746413	24133	75756274	14272	75770565	24152	14291
ENSMUST00000001583	AAGAGTACCAGAATGTTCAT	75770546	75764115	6431	75769538	1008	75770565	6450	1027
ENSMUST00000040677	CTTAGTCTTGGTCCCTGGAC	25603716	25483319	120397	25586661	17055	25603736	120417	17075
ENSMUST00000040677	CTTAGTCTTGGTCCCTGGAC	25603716	25547603	56113	25586661	17055	25603736	56133	17075
ENSMUST00000040677	CTTAGTCTTGGTCCCTGGAC	25603716	25589573	14143	25603408	308	25603736	14163	328
ENSMUST00000161568	TAAGCTTTGTATTAGGTCAA	90105795	90089783	16012	90100907	4888	90105815	16032	4908
ENSMUST00000161568	TAAGCTTTGTATTAGGTCAA	90105795	90100942	4853	90143056	-37261	90105815	4873	-37241
ENSMUST00000161568	TAAGCTTTGTATTAGGTCAA	90105795	90119406	-13611	90143056	-37261	90105815	-13591	-37241
ENSMUST00000030687	GAGCCTTTTAGCAAGAGACC	124991277	124991426	-149	125007146	-15869	124991297	-129	-15849
ENSMUST00000097522	ACATTCTGCAGCACCTCCTG	76970698	76944531	26167	76951112	19586	76970718	26187	19606
ENSMUST00000097522	ACATTCTGCAGCACCTCCTG	76970698	76956923	13775	76967143	3555	76970718	13795	3575
ENSMUST00000039577	AGTATACGATGACTATTTCA	21463698	21452527	11171	21461660	2038	21463718	11191	2058
ENSMUST00000039577	AGTATACGATGACTATTTCA	21463698	21456388	7310	21463371	327	21463718	7330	347
ENSMUST00000096243	GAAAGGAGGGTAGCTGTGGG	8927102	8920648	6454	8925537	1565	8927122	6474	1585
ENSMUST00000096243	GAAAGGAGGGTAGCTGTGGG	8927102	8925898	1204	8926735	367	8927122	1224	387
ENSMUST00000057270	AGCTCTTACAGTCTTTTCAC	58677228	58676552	676	58679503	-2275	58679509	2957	6
ENSMUST00000057270	AGCTCTTACAGTCTTTTCAC	58677228	58676552	676	58679503	-2275	58679509	2957	6
ENSMUST00000032749	TCCGAATCAAGTGTGGAAGT	80284356	80270079	14277	80282484	1872	80284557	14478	2073
ENSMUST00000032749	TCCGAATCAAGTGTGGAAGT	80284356	80276465	7891	80282484	1872	80284557	8092	2073
ENSMUST00000032749	TCCGAATCAAGTGTGGAAGT	80284356	80270079	14277	80282484	1872	80284557	14478	2073
ENSMUST00000032749	TCCGAATCAAGTGTGGAAGT	80284356	80276465	7891	80282484	1872	80284557	8092	2073
ENSMUST00000032749	TCCGAATCAAGTGTGGAAGT	80284356	80288473	-4117	80290267	-5911	80284557	-3916	-5710
ENSMUST00000032749	TCCGAATCAAGTGTGGAAGT	80284356	80290343	-5987	80291114	-6758	80284557	-5786	-6557
ENSMUST00000169310	AGATAGGTCAGCGCACCAGG	114860193	114643150	217043	114672973	187220	114860213	217063	187240
ENSMUST00000169310	AGATAGGTCAGCGCACCAGG	114860193	114643150	217043	114672973	187220	114860213	217063	187240
ENSMUST00000169310	AGATAGGTCAGCGCACCAGG	114860193	114647057	213136	114672790	187403	114860213	213156	187423
ENSMUST00000169310	AGATAGGTCAGCGCACCAGG	114860193	114647057	213136	114672973	187220	114860213	213156	187240
ENSMUST00000169310	AGATAGGTCAGCGCACCAGG	114860193	114643150	217043	114672973	187220	114860213	217063	187240
ENSMUST00000169310	AGATAGGTCAGCGCACCAGG	114860193	114647057	213136	114672973	187220	114860213	213156	187240
ENSMUST00000169310	AGATAGGTCAGCGCACCAGG	114860193	114652551	207642	114672973	187220	114860213	207662	187240
ENSMUST00000169310	AGATAGGTCAGCGCACCAGG	114860193	114684517	175676	114695622	164571	114860213	175696	164591
ENSMUST00000169310	AGATAGGTCAGCGCACCAGG	114860193	114684517	175676	114697030	163163	114860213	175696	163183
ENSMUST00000169310	AGATAGGTCAGCGCACCAGG	114860193	114697152	163041	114701924	158269	114860213	163061	158289
ENSMUST00000169310	AGATAGGTCAGCGCACCAGG	114860193	114713368	146825	114776956	83237	114860213	146845	83257
ENSMUST00000169310	AGATAGGTCAGCGCACCAGG	114860193	114713368	146825	114858990	1203	114860213	146845	1223
ENSMUST00000169310	AGATAGGTCAGCGCACCAGG	114860193	114713368	146825	114858990	1203	114860213	146845	1223
ENSMUST00000169310	AGATAGGTCAGCGCACCAGG	114860193	114724974	135219	114858990	1203	114860213	135239	1223
ENSMUST00000040576	CACCCCTGTAGCCAGTGCCA	91593931	91517957	75974	91612997	-19066	91593951	75994	-19046
ENSMUST00000179769	GTCCAAGCCTAGGTCCTCAG	3641594	3630056	11538	3630844	10750	3641614	11558	10770
ENSMUST00000179769	GTCCAAGCCTAGGTCCTCAG	3641594	3630742	10852	3632667	8927	3641614	10872	8947
ENSMUST00000179769	GTCCAAGCCTAGGTCCTCAG	3641594	3634230	7364	3636200	5394	3641614	7384	5414
ENSMUST00000179769	GTCCAAGCCTAGGTCCTCAG	3641594	3636358	5236	3638630	2964	3641614	5256	2984
ENSMUST00000002044	GCCTGAGAGATGGAGCTGCC	106154821	106114283	40538	106123785	31036	106154841	40558	31056
ENSMUST00000002044	GCCTGAGAGATGGAGCTGCC	106154821	106117603	37218	106142424	12397	106154841	37238	12417
ENSMUST00000002044	GCCTGAGAGATGGAGCTGCC	106154821	106150418	4403	106151617	3204	106154841	4423	3224
ENSMUST00000002044	GCCTGAGAGATGGAGCTGCC	106154821	106150418	4403	106152216	2605	106154841	4423	2625
ENSMUST00000002044	GCCTGAGAGATGGAGCTGCC	106154821	106150418	4403	106152216	2605	106154841	4423	2625
ENSMUST00000002044	GCCTGAGAGATGGAGCTGCC	106154821	106151140	3681	106152216	2605	106154841	3701	2625
ENSMUST00000002044	GCCTGAGAGATGGAGCTGCC	106154821	106151140	3681	106153965	856	106154841	3701	876
ENSMUST00000023600	GATCGCGGAGCCTGCTCGCT	72664142	72664194	-52	72904629	-240487	72664162	-32	-240467
ENSMUST00000023600	GATCGCGGAGCCTGCTCGCT	72664142	72989796	-325654	72995116	-330974	72664162	-325634	-330954
ENSMUST00000023600	GATCGCGGAGCCTGCTCGCT	72664142	73009756	-345614	73024131	-359989	72664162	-345594	-359969
ENSMUST00000023600	GATCGCGGAGCCTGCTCGCT	72664142	73027909	-363767	73042990	-378848	72664162	-363747	-378828
ENSMUST00000024338	GCTGGGCCGCTGCAGCGCTC	155962592	155965131	-2539	155966081	-3489	155962612	-2519	-3469
ENSMUST00000024338	GCTGGGCCGCTGCAGCGCTC	155962592	155965131	-2539	155966081	-3489	155962612	-2519	-3469
ENSMUST00000024338	GCTGGGCCGCTGCAGCGCTC	155962592	155965702	-3110	155966081	-3489	155962612	-3090	-3469
ENSMUST00000040159	ATGTGTATGCTACAAACCAG	7871675	7864141	7534	7871053	622	7871695	7554	642
ENSMUST00000121416	CCTTTGGGCTCTGAGTCACT	149193851	149184806	9045	149187707	6144	149193871	9065	6164
ENSMUST00000121416	CCTTTGGGCTCTGAGTCACT	149193851	149184806	9045	149188344	5507	149193871	9065	5527
ENSMUST00000121416	CCTTTGGGCTCTGAGTCACT	149193851	149184806	9045	149188344	5507	149193871	9065	5527
ENSMUST00000121416	CCTTTGGGCTCTGAGTCACT	149193851	149184806	9045	149188344	5507	149193871	9065	5527
ENSMUST00000121416	CCTTTGGGCTCTGAGTCACT	149193851	149185661	8190	149188344	5507	149193871	8210	5527
ENSMUST00000121416	CCTTTGGGCTCTGAGTCACT	149193851	149201889	-8038	149209642	-15791	149193871	-8018	-15771
ENSMUST00000003717	TCATCCTGTCTGAGATGATA	8935316	8893907	41409	8896572	38744	8936799	42892	40227
ENSMUST00000003717	TCATCCTGTCTGAGATGATA	8935316	8899718	35598	8907207	28109	8936799	37081	29592
ENSMUST00000003717	TCATCCTGTCTGAGATGATA	8935316	8899718	35598	8909101	26215	8936799	37081	27698
ENSMUST00000003717	TCATCCTGTCTGAGATGATA	8935316	8899718	35598	8909101	26215	8936799	37081	27698
ENSMUST00000003717	TCATCCTGTCTGAGATGATA	8935316	8906032	29284	8909101	26215	8936799	30767	27698
ENSMUST00000065111	TGGCTTGAGTCTTCGTAAAG	21830434	21784793	45641	21797294	33140	21830454	45661	33160
ENSMUST00000065111	TGGCTTGAGTCTTCGTAAAG	21830434	21798735	31699	21810741	19693	21830454	31719	19713
ENSMUST00000065111	TGGCTTGAGTCTTCGTAAAG	21830434	21816938	13496	21824416	6018	21830454	13516	6038
ENSMUST00000065111	TGGCTTGAGTCTTCGTAAAG	21830434	21816938	13496	21830416	18	21830454	13516	38
ENSMUST00000065111	TGGCTTGAGTCTTCGTAAAG	21830434	21825077	5357	21830416	18	21830454	5377	38
ENSMUST00000065111	TGGCTTGAGTCTTCGTAAAG	21830434	21830503	-69	21834234	-3800	21830454	-49	-3780
ENSMUST00000065111	TGGCTTGAGTCTTCGTAAAG	21830434	21784793	45641	21797294	33140	21830454	45661	33160
ENSMUST00000065111	TGGCTTGAGTCTTCGTAAAG	21830434	21798735	31699	21810741	19693	21830454	31719	19713
ENSMUST00000065111	TGGCTTGAGTCTTCGTAAAG	21830434	21816938	13496	21824416	6018	21830454	13516	6038
ENSMUST00000065111	TGGCTTGAGTCTTCGTAAAG	21830434	21816938	13496	21830416	18	21830454	13516	38
ENSMUST00000065111	TGGCTTGAGTCTTCGTAAAG	21830434	21825077	5357	21830416	18	21830454	5377	38
ENSMUST00000065111	TGGCTTGAGTCTTCGTAAAG	21830434	21830503	-69	21834234	-3800	21830454	-49	-3780
ENSMUST00000003203	TCAAATACATATTCTGTTTT	98246544	98224631	21913	98230983	15561	98246564	21933	15581
ENSMUST00000003203	TCAAATACATATTCTGTTTT	98246544	98224631	21913	98236704	9840	98246564	21933	9860
ENSMUST00000003203	TCAAATACATATTCTGTTTT	98246544	98245669	875	98263469	-16925	98246564	895	-16905
ENSMUST00000092937	CTCTGGCTTCAGGTAGTCCC	73040878	73025937	14941	73027014	13864	73040898	14961	13884
ENSMUST00000092937	CTCTGGCTTCAGGTAGTCCC	73040878	73037625	3253	73038411	2467	73040898	3273	2487
ENSMUST00000039064	CCGGGGCCGAGGGAGCGCGG	62555819	62555914	-95	62587152	-31333	62555839	-75	-31313
ENSMUST00000039064	CCGGGGCCGAGGGAGCGCGG	62555819	62555914	-95	62605872	-50053	62555839	-75	-50033
ENSMUST00000039064	CCGGGGCCGAGGGAGCGCGG	62555819	62564519	-8700	62587152	-31333	62555839	-8680	-31313
ENSMUST00000039064	CCGGGGCCGAGGGAGCGCGG	62555819	62564519	-8700	62605872	-50053	62555839	-8680	-50033
ENSMUST00000039064	CCGGGGCCGAGGGAGCGCGG	62555819	62555914	-95	62605872	-50053	62555839	-75	-50033
ENSMUST00000039064	CCGGGGCCGAGGGAGCGCGG	62555819	62564519	-8700	62605872	-50053	62555839	-8680	-50033
ENSMUST00000080067	AACTCTGGTGGAGGAGATGG	24431214	24434239	-3025	24434634	-3420	24431234	-3005	-3400
ENSMUST00000080067	AACTCTGGTGGAGGAGATGG	24431214	24435340	-4126	24435841	-4627	24431234	-4106	-4607
ENSMUST00000080067	AACTCTGGTGGAGGAGATGG	24431214	24436271	-5057	24439055	-7841	24431234	-5037	-7821
ENSMUST00000080067	AACTCTGGTGGAGGAGATGG	24431214	24438949	-7735	24439231	-8017	24431234	-7715	-7997
ENSMUST00000080067	AACTCTGGTGGAGGAGATGG	24431214	24439398	-8184	24440080	-8866	24431234	-8164	-8846
ENSMUST00000106354	TGGTGGTTGGGCAGAGCGGC	117351614	117232719	118895	117351428	186	117352163	119444	735
ENSMUST00000106354	TGGTGGTTGGGCAGAGCGGC	117351614	117266595	85019	117351428	186	117352163	85568	735
ENSMUST00000096313	CCCAAAATAGGATACTGCCA	139725867	139685310	40557	139704601	21266	139732267	46957	27666
ENSMUST00000101445	AGGCAGCAACAAAAGGCCGG	47964664	47956170	8494	47962524	2140	47964684	8514	2160
ENSMUST00000101445	AGGCAGCAACAAAAGGCCGG	47964664	47956170	8494	47962524	2140	47964684	8514	2160
ENSMUST00000219765	TTATCCAAGGTGGAAGTAAA	100488400	100489389	-989	100492647	-4247	100488574	-815	-4073
ENSMUST00000219765	TTATCCAAGGTGGAAGTAAA	100488400	100542524	-54124	100544916	-56516	100488574	-53950	-56342
ENSMUST00000219765	TTATCCAAGGTGGAAGTAAA	100488400	100563438	-75038	100572062	-83662	100488574	-74864	-83488
ENSMUST00000219765	TTATCCAAGGTGGAAGTAAA	100488400	100567152	-78752	100572062	-83662	100488574	-78578	-83488
ENSMUST00000219765	TTATCCAAGGTGGAAGTAAA	100488400	100568154	-79754	100572062	-83662	100488574	-79580	-83488
ENSMUST00000069747	TGTGCTTGAATCTTGAAACC	112469056	112455300	13756	112462800	6256	112469076	13776	6276
ENSMUST00000069747	TGTGCTTGAATCTTGAAACC	112469056	112459579	9477	112464736	4320	112469076	9497	4340
ENSMUST00000069747	TGTGCTTGAATCTTGAAACC	112469056	112459579	9477	112466980	2076	112469076	9497	2096
ENSMUST00000167778	GCAGCGACGAGAATCAGCCA	18544267	18499140	45127	18540434	3833	18545131	45991	4697
ENSMUST00000167778	GCAGCGACGAGAATCAGCCA	18544267	18499140	45127	18540971	3296	18545131	45991	4160
ENSMUST00000167778	GCAGCGACGAGAATCAGCCA	18544267	18499140	45127	18544110	157	18545131	45991	1021
ENSMUST00000167778	GCAGCGACGAGAATCAGCCA	18544267	18499140	45127	18548092	-3825	18545131	45991	-2961
ENSMUST00000167778	GCAGCGACGAGAATCAGCCA	18544267	18499140	45127	18548092	-3825	18545131	45991	-2961
ENSMUST00000167778	GCAGCGACGAGAATCAGCCA	18544267	18541097	3170	18548092	-3825	18545131	4034	-2961
ENSMUST00000167778	GCAGCGACGAGAATCAGCCA	18544267	18499140	45127	18548092	-3825	18545131	45991	-2961
ENSMUST00000167778	GCAGCGACGAGAATCAGCCA	18544267	18541097	3170	18548092	-3825	18545131	4034	-2961
ENSMUST00000167778	GCAGCGACGAGAATCAGCCA	18544267	18544273	-6	18548092	-3825	18545131	858	-2961
ENSMUST00000167778	GCAGCGACGAGAATCAGCCA	18544267	18499140	45127	18552366	-8099	18545131	45991	-7235
ENSMUST00000167778	GCAGCGACGAGAATCAGCCA	18544267	18548191	-3924	18552366	-8099	18545131	-3060	-7235
ENSMUST00000167778	GCAGCGACGAGAATCAGCCA	18544267	18548191	-3924	18564034	-19767	18545131	-3060	-18903
ENSMUST00000167778	GCAGCGACGAGAATCAGCCA	18544267	18548191	-3924	18564034	-19767	18545131	-3060	-18903
ENSMUST00000019441	GTTTGCTGGGTCCTGGGATT	55755459	55746020	9439	55749331	6128	55755479	9459	6148
ENSMUST00000148201	AAAAGGAGCGGCCAGTCGAG	135809628	135781603	28025	135783234	26394	135809648	28045	26414
ENSMUST00000148201	AAAAGGAGCGGCCAGTCGAG	135809628	135781603	28025	135799972	9656	135809648	28045	9676
ENSMUST00000148201	AAAAGGAGCGGCCAGTCGAG	135809628	135781603	28025	135802593	7035	135809648	28045	7055
ENSMUST00000148201	AAAAGGAGCGGCCAGTCGAG	135809628	135783129	26499	135802593	7035	135809648	26519	7055
ENSMUST00000148201	AAAAGGAGCGGCCAGTCGAG	135809628	135781603	28025	135802593	7035	135809648	28045	7055
ENSMUST00000148201	AAAAGGAGCGGCCAGTCGAG	135809628	135783430	26198	135802593	7035	135809648	26218	7055
ENSMUST00000028758	AAGCGGCGTGGGGGACAAGT	119742556	119742861	-305	119749361	-6805	119742576	-285	-6785
ENSMUST00000028758	AAGCGGCGTGGGGGACAAGT	119742556	119742861	-305	119749672	-7116	119742576	-285	-7096
ENSMUST00000090178	AAGGAATTGACATTTTAAAT	137908985	137868056	40929	137892807	16178	137909005	40949	16198
ENSMUST00000090178	AAGGAATTGACATTTTAAAT	137908985	137904854	4131	137908344	641	137909005	4151	661
ENSMUST00000090178	AAGGAATTGACATTTTAAAT	137908985	137868056	40929	137892807	16178	137909005	40949	16198
ENSMUST00000090178	AAGGAATTGACATTTTAAAT	137908985	137904854	4131	137908344	641	137909005	4151	661
ENSMUST00000080283	CCACCGCCAACTCCTGCTTG	6027270	5975881	51389	5990135	37135	6027290	51409	37155
ENSMUST00000080283	CCACCGCCAACTCCTGCTTG	6027270	5975881	51389	5996877	30393	6027290	51409	30413
ENSMUST00000080283	CCACCGCCAACTCCTGCTTG	6027270	5975881	51389	5996877	30393	6027290	51409	30413
ENSMUST00000080283	CCACCGCCAACTCCTGCTTG	6027270	5986242	41028	5996877	30393	6027290	41048	30413
ENSMUST00000080283	CCACCGCCAACTCCTGCTTG	6027270	6013699	13571	6017486	9784	6027290	13591	9804
ENSMUST00000080283	CCACCGCCAACTCCTGCTTG	6027270	6028586	-1316	6032696	-5426	6027290	-1296	-5406
ENSMUST00000080283	CCACCGCCAACTCCTGCTTG	6027270	6028586	-1316	6032696	-5426	6027290	-1296	-5406
ENSMUST00000080283	CCACCGCCAACTCCTGCTTG	6027270	6035559	-8289	6037383	-10113	6027290	-8269	-10093
ENSMUST00000088468	ATTTTAAAGACGGGATGACA	122952811	122954152	-1341	122966421	-13610	122952831	-1321	-13590
ENSMUST00000032429	CTGCTTTACAGGCTGCTAGC	146649242	146642652	6590	146649149	93	146650123	7471	974
ENSMUST00000032429	CTGCTTTACAGGCTGCTAGC	146649242	146642652	6590	146649149	93	146650123	7471	974
ENSMUST00000077609	GGCAGGGGCGGTGGAGGTGG	127972684	127969586	3098	127971837	847	127972704	3118	867
ENSMUST00000077609	GGCAGGGGCGGTGGAGGTGG	127972684	127971982	702	127972553	131	127972704	722	151
ENSMUST00000077609	GGCAGGGGCGGTGGAGGTGG	127972684	127972770	-86	127975887	-3203	127972704	-66	-3183
ENSMUST00000077609	GGCAGGGGCGGTGGAGGTGG	127972684	127981291	-8607	127981790	-9106	127972704	-8587	-9086
ENSMUST00000043111	CGCGCACCCCAGCTCAGGCG	88821751	88822048	-297	88977754	-156003	88821771	-277	-155983
ENSMUST00000043111	CGCGCACCCCAGCTCAGGCG	88821751	88822048	-297	89042431	-220680	88821771	-277	-220660
ENSMUST00000043111	CGCGCACCCCAGCTCAGGCG	88821751	88822048	-297	89042431	-220680	88821771	-277	-220660
ENSMUST00000043111	CGCGCACCCCAGCTCAGGCG	88821751	88944948	-123197	89042431	-220680	88821771	-123177	-220660
ENSMUST00000043111	CGCGCACCCCAGCTCAGGCG	88821751	88944948	-123197	89094550	-272799	88821771	-123177	-272779
ENSMUST00000043111	CGCGCACCCCAGCTCAGGCG	88821751	88944948	-123197	89131673	-309922	88821771	-123177	-309902
ENSMUST00000043111	CGCGCACCCCAGCTCAGGCG	88821751	88944948	-123197	89094550	-272799	88821771	-123177	-272779
ENSMUST00000043111	CGCGCACCCCAGCTCAGGCG	88821751	88944948	-123197	89131673	-309922	88821771	-123177	-309902
ENSMUST00000043111	CGCGCACCCCAGCTCAGGCG	88821751	88977784	-156033	89094550	-272799	88821771	-156013	-272779
ENSMUST00000043111	CGCGCACCCCAGCTCAGGCG	88821751	88977784	-156033	89131673	-309922	88821771	-156013	-309902
ENSMUST00000043111	CGCGCACCCCAGCTCAGGCG	88821751	88944948	-123197	89131673	-309922	88821771	-123177	-309902
ENSMUST00000043111	CGCGCACCCCAGCTCAGGCG	88821751	88977784	-156033	89131673	-309922	88821771	-156013	-309902
ENSMUST00000043111	CGCGCACCCCAGCTCAGGCG	88821751	89042560	-220809	89131673	-309922	88821771	-220789	-309902
ENSMUST00000043111	CGCGCACCCCAGCTCAGGCG	88821751	89184863	-363112	89319670	-497919	88821771	-363092	-497899
ENSMUST00000102560	ACGCCGCCACTCCCTGGAGA	115938697	115859373	79324	115873851	64846	115938717	79344	64866
ENSMUST00000102560	ACGCCGCCACTCCCTGGAGA	115938697	115873994	64703	115884865	53832	115938717	64723	53852
ENSMUST00000102560	ACGCCGCCACTCCCTGGAGA	115938697	115925499	13198	115927835	10862	115938717	13218	10882
ENSMUST00000102560	ACGCCGCCACTCCCTGGAGA	115938697	115936869	1828	115941836	-3139	115938717	1848	-3119
ENSMUST00000102560	ACGCCGCCACTCCCTGGAGA	115938697	115936869	1828	115945784	-7087	115938717	1848	-7067
ENSMUST00000102560	ACGCCGCCACTCCCTGGAGA	115938697	115948081	-9384	115961143	-22446	115938717	-9364	-22426
ENSMUST00000102560	ACGCCGCCACTCCCTGGAGA	115938697	115952649	-13952	115967887	-29190	115938717	-13932	-29170
ENSMUST00000102560	ACGCCGCCACTCCCTGGAGA	115938697	115968085	-29388	115968963	-30266	115938717	-29368	-30246
ENSMUST00000102560	ACGCCGCCACTCCCTGGAGA	115938697	115979495	-40798	115981694	-42997	115938717	-40778	-42977
ENSMUST00000102560	ACGCCGCCACTCCCTGGAGA	115938697	115987063	-48366	115988155	-49458	115938717	-48346	-49438
ENSMUST00000102560	ACGCCGCCACTCCCTGGAGA	115938697	115988236	-49539	115990327	-51630	115938717	-49519	-51610
ENSMUST00000098614	TTAGCACTTTGGAAAGAGTC	79193149	79076538	116611	79118174	74975	79193169	116631	74995
ENSMUST00000098614	TTAGCACTTTGGAAAGAGTC	79193149	79092066	101083	79120482	72667	79193169	101103	72687
ENSMUST00000098614	TTAGCACTTTGGAAAGAGTC	79193149	79120540	72609	79175832	17317	79193169	72629	17337
ENSMUST00000098614	TTAGCACTTTGGAAAGAGTC	79193149	79179079	14070	79185597	7552	79193169	14090	7572
ENSMUST00000098614	TTAGCACTTTGGAAAGAGTC	79193149	79186353	6796	79189666	3483	79193169	6816	3503
ENSMUST00000098614	TTAGCACTTTGGAAAGAGTC	79193149	79186358	6791	79189666	3483	79193169	6811	3503
ENSMUST00000098614	TTAGCACTTTGGAAAGAGTC	79193149	79186353	6796	79189666	3483	79193169	6816	3503
ENSMUST00000098614	TTAGCACTTTGGAAAGAGTC	79193149	79186358	6791	79189666	3483	79193169	6811	3503
ENSMUST00000044478	AGGAAATGAAAAGACTAATA	52920497	52853710	66787	52862267	58230	52920517	66807	58250
ENSMUST00000044478	AGGAAATGAAAAGACTAATA	52920497	52868958	51539	52901187	19310	52920517	51559	19330
ENSMUST00000100167	GTCAGTGTCATCCGTGCTTT	14465159	14361643	103516	14391317	73842	14465179	103536	73862
ENSMUST00000100167	GTCAGTGTCATCCGTGCTTT	14465159	14389983	75176	14391317	73842	14465179	75196	73862
ENSMUST00000100167	GTCAGTGTCATCCGTGCTTT	14465159	14394090	71069	14403989	61170	14465179	71089	61190
ENSMUST00000100167	GTCAGTGTCATCCGTGCTTT	14465159	14405145	60014	14419699	45460	14465179	60034	45480
ENSMUST00000100167	GTCAGTGTCATCCGTGCTTT	14465159	14410933	54226	14413220	51939	14465179	54246	51959
ENSMUST00000100167	GTCAGTGTCATCCGTGCTTT	14465159	14410933	54226	14419699	45460	14465179	54246	45480
ENSMUST00000100167	GTCAGTGTCATCCGTGCTTT	14465159	14410933	54226	14419699	45460	14465179	54246	45480
ENSMUST00000100167	GTCAGTGTCATCCGTGCTTT	14465159	14411626	53533	14419699	45460	14465179	53553	45480
ENSMUST00000100167	GTCAGTGTCATCCGTGCTTT	14465159	14440059	25100	14445292	19867	14465179	25120	19887
ENSMUST00000100167	GTCAGTGTCATCCGTGCTTT	14465159	14443474	21685	14448399	16760	14465179	21705	16780
ENSMUST00000100167	GTCAGTGTCATCCGTGCTTT	14465159	14445469	19690	14448399	16760	14465179	19710	16780
ENSMUST00000100167	GTCAGTGTCATCCGTGCTTT	14465159	14445469	19690	14457887	7272	14465179	19710	7292
ENSMUST00000100167	GTCAGTGTCATCCGTGCTTT	14465159	14445469	19690	14457887	7272	14465179	19710	7292
ENSMUST00000034313	TATGTTTGGGGCTGAGGAAA	125748004	125730062	17942	125736067	11937	125748024	17962	11957
ENSMUST00000034313	TATGTTTGGGGCTGAGGAAA	125748004	125734349	13655	125745235	2769	125748024	13675	2789
ENSMUST00000034313	TATGTTTGGGGCTGAGGAAA	125748004	125736230	11774	125745235	2769	125748024	11794	2789
ENSMUST00000034313	TATGTTTGGGGCTGAGGAAA	125748004	125736230	11774	125745239	2765	125748024	11794	2785
ENSMUST00000113778	TTGGAGGCCTTGAACAATCA	100398766	100310099	88667	100389701	9065	100398786	88687	9085
ENSMUST00000113778	TTGGAGGCCTTGAACAATCA	100398766	100395143	3623	100396904	1862	100398786	3643	1882
ENSMUST00000113778	TTGGAGGCCTTGAACAATCA	100398766	100395107	3659	100396904	1862	100398786	3679	1882
ENSMUST00000113778	TTGGAGGCCTTGAACAATCA	100398766	100395143	3623	100396904	1862	100398786	3643	1882
ENSMUST00000016315	CGGGTAGCTGAGCAGCTACG	193335006	193321126	13880	193325559	9447	193335026	13900	9467
ENSMUST00000094698	GAGGAAGTTCTACAGCAATT	91170136	91145169	24967	91152164	17972	91170156	24987	17992
ENSMUST00000117377	TTAGTGGTATTGAAATTAGA	63356268	62951988	404280	63113542	242726	63356288	404300	242746
ENSMUST00000117377	TTAGTGGTATTGAAATTAGA	63356268	62951988	404280	63143898	212370	63356288	404300	212390
ENSMUST00000117377	TTAGTGGTATTGAAATTAGA	63356268	62951988	404280	63220639	135629	63356288	404300	135649
ENSMUST00000117377	TTAGTGGTATTGAAATTAGA	63356268	62951988	404280	63220639	135629	63356288	404300	135649
ENSMUST00000117377	TTAGTGGTATTGAAATTAGA	63356268	63113588	242680	63220639	135629	63356288	242700	135649
ENSMUST00000117377	TTAGTGGTATTGAAATTAGA	63356268	62951988	404280	63245098	111170	63356288	404300	111190
ENSMUST00000117377	TTAGTGGTATTGAAATTAGA	63356268	63328983	27285	63348919	7349	63356288	27305	7369
ENSMUST00000117377	TTAGTGGTATTGAAATTAGA	63356268	63345886	10382	63352180	4088	63356288	10402	4108
ENSMUST00000114127	TATTTCACATGTATGCTTTC	74449227	74393405	55822	74432804	16423	74449247	55842	16443
ENSMUST00000114127	TATTTCACATGTATGCTTTC	74449227	74439059	10168	74443344	5883	74449247	10188	5903
ENSMUST00000095737	CAAAAGATCAAGCGGAGTGT	53140746	52699442	441304	52880638	260108	53140766	441324	260128
ENSMUST00000095737	CAAAAGATCAAGCGGAGTGT	53140746	52888063	252683	52937134	203612	53140766	252703	203632
ENSMUST00000095737	CAAAAGATCAAGCGGAGTGT	53140746	52699442	441304	53139380	1366	53140766	441324	1386
ENSMUST00000095737	CAAAAGATCAAGCGGAGTGT	53140746	52938506	202240	53069106	71640	53140766	202260	71660
ENSMUST00000095737	CAAAAGATCAAGCGGAGTGT	53140746	52938506	202240	53139380	1366	53140766	202260	1386
ENSMUST00000095737	CAAAAGATCAAGCGGAGTGT	53140746	53010622	130124	53069106	71640	53140766	130144	71660
ENSMUST00000095737	CAAAAGATCAAGCGGAGTGT	53140746	53025841	114905	53072289	68457	53140766	114925	68477
ENSMUST00000095737	CAAAAGATCAAGCGGAGTGT	53140746	53025841	114905	53104514	36232	53140766	114925	36252
ENSMUST00000095737	CAAAAGATCAAGCGGAGTGT	53140746	53072511	68235	53139380	1366	53140766	68255	1386
ENSMUST00000095737	CAAAAGATCAAGCGGAGTGT	53140746	53104730	36016	53147810	-7064	53140766	36036	-7044
ENSMUST00000032359	ATAAAGGGACCTACGCGTGG	140655123	140648085	7038	140677390	-22267	140655143	7058	-22247
ENSMUST00000030412	ATTTCTTAAGACTGTTTTCC	122858089	122836379	21710	122843994	14095	122858109	21730	14115
ENSMUST00000030412	ATTTCTTAAGACTGTTTTCC	122858089	122846041	12048	122857509	580	122858109	12068	600
ENSMUST00000030412	ATTTCTTAAGACTGTTTTCC	122858089	122848535	9554	122854379	3710	122858109	9574	3730
ENSMUST00000030412	ATTTCTTAAGACTGTTTTCC	122858089	122848535	9554	122855805	2284	122858109	9574	2304
ENSMUST00000030412	ATTTCTTAAGACTGTTTTCC	122858089	122848535	9554	122857509	580	122858109	9574	600
ENSMUST00000030412	ATTTCTTAAGACTGTTTTCC	122858089	122848535	9554	122857509	580	122858109	9574	600
ENSMUST00000030412	ATTTCTTAAGACTGTTTTCC	122858089	122854478	3611	122857509	580	122858109	3631	600
ENSMUST00000021130	TGACGGCCATGTCCCCGAAG	116204936	116198983	5953	116205610	-674	116204956	5973	-654
ENSMUST00000021130	TGACGGCCATGTCCCCGAAG	116204936	116198983	5953	116214838	-9902	116204956	5973	-9882
ENSMUST00000021130	TGACGGCCATGTCCCCGAAG	116204936	116198983	5953	116214838	-9902	116204956	5973	-9882
ENSMUST00000021130	TGACGGCCATGTCCCCGAAG	116204936	116204979	-43	116214838	-9902	116204956	-23	-9882
ENSMUST00000033842	AGGAATTTCTACGGAAACAA	15119227	15128933	-9706	15131125	-11898	15119247	-9686	-11878
ENSMUST00000033842	AGGAATTTCTACGGAAACAA	15119227	15129170	-9943	15131125	-11898	15119247	-9923	-11878
ENSMUST00000182061	TCTCGGCAGAGTCATTCCCG	52005001	51984991	20010	51987402	17599	52005021	20030	17619
ENSMUST00000182061	TCTCGGCAGAGTCATTCCCG	52005001	51985426	19575	51987402	17599	52005021	19595	17619
ENSMUST00000182061	TCTCGGCAGAGTCATTCCCG	52005001	51984991	20010	51987402	17599	52005021	20030	17619
ENSMUST00000182061	TCTCGGCAGAGTCATTCCCG	52005001	51994189	10812	51994879	10122	52005021	10832	10142
ENSMUST00000182061	TCTCGGCAGAGTCATTCCCG	52005001	51994189	10812	51994879	10122	52005021	10832	10142
ENSMUST00000182061	TCTCGGCAGAGTCATTCCCG	52005001	52002462	2539	52003972	1029	52005021	2559	1049
ENSMUST00000182061	TCTCGGCAGAGTCATTCCCG	52005001	52002462	2539	52004611	390	52005021	2559	410
ENSMUST00000182061	TCTCGGCAGAGTCATTCCCG	52005001	52002462	2539	52004611	390	52005021	2559	410
ENSMUST00000182061	TCTCGGCAGAGTCATTCCCG	52005001	52003758	1243	52004599	402	52005021	1263	422
ENSMUST00000182061	TCTCGGCAGAGTCATTCCCG	52005001	52003758	1243	52004611	390	52005021	1263	410
ENSMUST00000182061	TCTCGGCAGAGTCATTCCCG	52005001	52004742	259	52004988	13	52005021	279	33
ENSMUST00000040159	GAGTGGTTAGTTTATAATCA	7871560	7864141	7419	7871053	507	7871580	7439	527
ENSMUST00000027040	TCTTTAACATGTTCTTTATA	6274712	6228049	46663	6233960	40752	6274732	46683	40772
ENSMUST00000027040	TCTTTAACATGTTCTTTATA	6274712	6228049	46663	6238261	36451	6274732	46683	36471
ENSMUST00000027040	TCTTTAACATGTTCTTTATA	6274712	6250167	24545	6262833	11879	6274732	24565	11899
ENSMUST00000027040	TCTTTAACATGTTCTTTATA	6274712	6270827	3885	6274197	515	6274732	3905	535
ENSMUST00000108372	TTGATCACATTGTCATGTAG	14181400	14039789	141611	14107218	74182	14181420	141631	74202
ENSMUST00000108372	TTGATCACATTGTCATGTAG	14181400	14081240	100160	14115692	65708	14181420	100180	65728
ENSMUST00000108372	TTGATCACATTGTCATGTAG	14181400	14081240	100160	14181037	363	14181420	100180	383
ENSMUST00000108372	TTGATCACATTGTCATGTAG	14181400	14081240	100160	14181037	363	14181420	100180	383
ENSMUST00000108372	TTGATCACATTGTCATGTAG	14181400	14107266	74134	14181037	363	14181420	74154	383
ENSMUST00000108372	TTGATCACATTGTCATGTAG	14181400	14115856	65544	14181037	363	14181420	65564	383
ENSMUST00000108372	TTGATCACATTGTCATGTAG	14181400	14129671	51729	14181037	363	14181420	51749	383
ENSMUST00000033040	TCCTGACATGGGAGAACGAC	97911728	97843141	68587	97865471	46257	97911748	68607	46277
ENSMUST00000033040	TCCTGACATGGGAGAACGAC	97911728	97866209	45519	97883471	28257	97911748	45539	28277
ENSMUST00000033040	TCCTGACATGGGAGAACGAC	97911728	97871612	40116	97886297	25431	97911748	40136	25451
ENSMUST00000033040	TCCTGACATGGGAGAACGAC	97911728	97871612	40116	97898524	13204	97911748	40136	13224
ENSMUST00000033040	TCCTGACATGGGAGAACGAC	97911728	97886472	25256	97893964	17764	97911748	25276	17784
ENSMUST00000033040	TCCTGACATGGGAGAACGAC	97911728	97871612	40116	97898524	13204	97911748	40136	13224
ENSMUST00000033040	TCCTGACATGGGAGAACGAC	97911728	97889020	22708	97898524	13204	97911748	22728	13224
ENSMUST00000033040	TCCTGACATGGGAGAACGAC	97911728	97889020	22708	97900339	11389	97911748	22728	11409
ENSMUST00000033040	TCCTGACATGGGAGAACGAC	97911728	97889020	22708	97900339	11389	97911748	22728	11409
ENSMUST00000033040	TCCTGACATGGGAGAACGAC	97911728	97894013	17715	97900339	11389	97911748	17735	11409
ENSMUST00000033040	TCCTGACATGGGAGAACGAC	97911728	97894013	17715	97903636	8092	97911748	17735	8112
ENSMUST00000033040	TCCTGACATGGGAGAACGAC	97911728	97904834	6894	97911095	633	97911748	6914	653
ENSMUST00000024627	GTGCTACTACAACCATTTAT	15731867	15765021	-33154	15767449	-35582	15731887	-33134	-35562
ENSMUST00000024627	GTGCTACTACAACCATTTAT	15731867	15765021	-33154	15767449	-35582	15731887	-33134	-35562
ENSMUST00000045743	GCCAAAGCTGCTCGAGCTGA	97658660	97663988	-5328	97669727	-11067	97658680	-5308	-11047
ENSMUST00000114065	TTGGTAGTAGATTGGCCCCA	43278645	43237588	41057	43244585	34060	43278665	41077	34080
ENSMUST00000114065	TTGGTAGTAGATTGGCCCCA	43278645	43237597	41048	43244585	34060	43278665	41068	34080
ENSMUST00000114065	TTGGTAGTAGATTGGCCCCA	43278645	43261784	16861	43277430	1215	43278665	16881	1235
ENSMUST00000114065	TTGGTAGTAGATTGGCCCCA	43278645	43281485	-2840	43285718	-7073	43278665	-2820	-7053
ENSMUST00000040056	CTAAGGGTAAAGGAGATTGT	107717756	107727785	-10029	107729138	-11382	107717776	-10009	-11362
ENSMUST00000020204	AGGCCGGCTATGATCCCGGG	93641226	93645000	-3774	93707277	-66051	93641246	-3754	-66031
ENSMUST00000020204	AGGCCGGCTATGATCCCGGG	93641226	93734288	-93062	93741050	-99824	93641246	-93042	-99804
ENSMUST00000020204	AGGCCGGCTATGATCCCGGG	93641226	93645000	-3774	93707277	-66051	93641246	-3754	-66031
ENSMUST00000020204	AGGCCGGCTATGATCCCGGG	93641226	93734288	-93062	93741050	-99824	93641246	-93042	-99804
ENSMUST00000195860	CTGACTCTAAGTCGGAGGTG	40003927	39901574	102353	39973926	30001	40003947	102373	30021
ENSMUST00000195860	CTGACTCTAAGTCGGAGGTG	40003927	39976817	27110	39983138	20789	40003947	27130	20809
ENSMUST00000195860	CTGACTCTAAGTCGGAGGTG	40003927	39997182	6745	40000530	3397	40003947	6765	3417
ENSMUST00000195860	CTGACTCTAAGTCGGAGGTG	40003927	39997182	6745	40003756	171	40003947	6765	191
ENSMUST00000195860	CTGACTCTAAGTCGGAGGTG	40003927	39997182	6745	40003762	165	40003947	6765	185
ENSMUST00000195860	CTGACTCTAAGTCGGAGGTG	40003927	40000749	3178	40003756	171	40003947	3198	191
ENSMUST00000195860	CTGACTCTAAGTCGGAGGTG	40003927	40000749	3178	40003762	165	40003947	3198	185
ENSMUST00000195860	CTGACTCTAAGTCGGAGGTG	40003927	40000749	3178	40004806	-879	40003947	3198	-859
ENSMUST00000195860	CTGACTCTAAGTCGGAGGTG	40003927	39997182	6745	40004806	-879	40003947	6765	-859
ENSMUST00000195860	CTGACTCTAAGTCGGAGGTG	40003927	40000749	3178	40004806	-879	40003947	3198	-859
ENSMUST00000195860	CTGACTCTAAGTCGGAGGTG	40003927	40001591	2336	40004806	-879	40003947	2356	-859
ENSMUST00000195860	CTGACTCTAAGTCGGAGGTG	40003927	39997182	6745	40004806	-879	40003947	6765	-859
ENSMUST00000195860	CTGACTCTAAGTCGGAGGTG	40003927	40000749	3178	40004806	-879	40003947	3198	-859
ENSMUST00000195860	CTGACTCTAAGTCGGAGGTG	40003927	40001591	2336	40004806	-879	40003947	2356	-859
ENSMUST00000195860	CTGACTCTAAGTCGGAGGTG	40003927	40007530	-3603	40009687	-5760	40003947	-3583	-5740
ENSMUST00000195860	CTGACTCTAAGTCGGAGGTG	40003927	40010677	-6750	40014105	-10178	40003947	-6730	-10158
ENSMUST00000195860	CTGACTCTAAGTCGGAGGTG	40003927	40010677	-6750	40017109	-13182	40003947	-6730	-13162
ENSMUST00000195860	CTGACTCTAAGTCGGAGGTG	40003927	40014223	-10296	40017109	-13182	40003947	-10276	-13162
ENSMUST00000195860	CTGACTCTAAGTCGGAGGTG	40003927	40021184	-17257	40023359	-19432	40003947	-17237	-19412
ENSMUST00000023828	TTCGGTTCGTTCACTAGCAT	89020111	89021763	-1652	89028891	-8780	89020131	-1632	-8760
ENSMUST00000023828	TTCGGTTCGTTCACTAGCAT	89020111	89075518	-55407	89090426	-70315	89020131	-55387	-70295
ENSMUST00000023828	TTCGGTTCGTTCACTAGCAT	89020111	89104061	-83950	89109250	-89139	89020131	-83930	-89119
ENSMUST00000219478	GGAATGTAACTGGATTCACT	28263695	28075177	188518	28263500	195	28263715	188538	215
ENSMUST00000219478	GGAATGTAACTGGATTCACT	28263695	28336537	-72842	28383430	-119735	28263715	-72822	-119715
ENSMUST00000219478	GGAATGTAACTGGATTCACT	28263695	28263772	-77	28465757	-202062	28263715	-57	-202042
ENSMUST00000219478	GGAATGTAACTGGATTCACT	28263695	28560165	-296470	28566494	-302799	28263715	-296450	-302779
ENSMUST00000219478	GGAATGTAACTGGATTCACT	28263695	28569973	-306278	28573367	-309672	28263715	-306258	-309652
ENSMUST00000219478	GGAATGTAACTGGATTCACT	28263695	28575706	-312011	28585559	-321864	28263715	-311991	-321844
ENSMUST00000219478	GGAATGTAACTGGATTCACT	28263695	28580547	-316852	28585922	-322227	28263715	-316832	-322207
ENSMUST00000052678	TGCAGTTCAGCAGCCCCCTT	7896472	7887674	8798	7890729	5743	7896492	8818	5763
ENSMUST00000052678	TGCAGTTCAGCAGCCCCCTT	7896472	7909769	-13297	7915260	-18788	7896492	-13277	-18768
ENSMUST00000052678	TGCAGTTCAGCAGCCCCCTT	7896472	7916103	-19631	7919109	-22637	7896492	-19611	-22617
ENSMUST00000052678	TGCAGTTCAGCAGCCCCCTT	7896472	7919357	-22885	7923454	-26982	7896492	-22865	-26962
ENSMUST00000052678	TGCAGTTCAGCAGCCCCCTT	7896472	7942221	-45749	7948443	-51971	7896492	-45729	-51951
ENSMUST00000038053	GTCCCCCACAGGGCTCTGCT	24681867	24456942	224925	24608115	73752	24761609	304667	153494
ENSMUST00000066905	CAGAAGGAGTACCTGAACAA	103709135	103511149	197986	103641893	67242	103709155	198006	67262
ENSMUST00000066905	CAGAAGGAGTACCTGAACAA	103709135	103647329	61806	103664677	44458	103709155	61826	44478
ENSMUST00000066905	CAGAAGGAGTACCTGAACAA	103709135	103668848	40287	103683147	25988	103709155	40307	26008
ENSMUST00000066905	CAGAAGGAGTACCTGAACAA	103709135	103683279	25856	103691565	17570	103709155	25876	17590
ENSMUST00000066905	CAGAAGGAGTACCTGAACAA	103709135	103708537	598	103709122	13	103709155	618	33
ENSMUST00000066905	CAGAAGGAGTACCTGAACAA	103709135	103708912	223	103711066	-1931	103709155	243	-1911
ENSMUST00000066905	CAGAAGGAGTACCTGAACAA	103709135	103711246	-2111	103715267	-6132	103709155	-2091	-6112
ENSMUST00000160834	TATCTTTACTGATATTCACC	60336107	60206416	129691	60222066	114041	60336127	129711	114061
ENSMUST00000160834	TATCTTTACTGATATTCACC	60336107	60224731	111376	60230601	105506	60336127	111396	105526
ENSMUST00000160834	TATCTTTACTGATATTCACC	60336107	60237216	98891	60242538	93569	60336127	98911	93589
ENSMUST00000160834	TATCTTTACTGATATTCACC	60336107	60279800	56307	60281246	54861	60336127	56327	54881
ENSMUST00000160834	TATCTTTACTGATATTCACC	60336107	60280138	55969	60281246	54861	60336127	55989	54881
ENSMUST00000160834	TATCTTTACTGATATTCACC	60336107	60281949	54158	60287310	48797	60336127	54178	48817
ENSMUST00000160834	TATCTTTACTGATATTCACC	60336107	60311099	25008	60319316	16791	60336127	25028	16811
ENSMUST00000032192	CAAGAGAAGTTTCTCACCTG	108356430	108214278	142152	108241263	115167	108356450	142172	115187
ENSMUST00000032192	CAAGAGAAGTTTCTCACCTG	108356430	108214278	142152	108339506	16924	108356450	142172	16944
ENSMUST00000032192	CAAGAGAAGTTTCTCACCTG	108356430	108214278	142152	108339506	16924	108356450	142172	16944
ENSMUST00000032192	CAAGAGAAGTTTCTCACCTG	108356430	108237085	119345	108339506	16924	108356450	119365	16944
ENSMUST00000032192	CAAGAGAAGTTTCTCACCTG	108356430	108363705	-7275	108369010	-12580	108356450	-7255	-12560
ENSMUST00000032192	CAAGAGAAGTTTCTCACCTG	108356430	108413953	-57523	108417888	-61458	108356450	-57503	-61438
ENSMUST00000032192	CAAGAGAAGTTTCTCACCTG	108356430	108418000	-61570	108431460	-75030	108356450	-61550	-75010
ENSMUST00000032192	CAAGAGAAGTTTCTCACCTG	108356430	108418000	-61570	108432645	-76215	108356450	-61550	-76195
ENSMUST00000032192	CAAGAGAAGTTTCTCACCTG	108356430	108418000	-61570	108438299	-81869	108356450	-61550	-81849
ENSMUST00000032192	CAAGAGAAGTTTCTCACCTG	108356430	108418000	-61570	108438299	-81869	108356450	-61550	-81849
ENSMUST00000032192	CAAGAGAAGTTTCTCACCTG	108356430	108431496	-75066	108438299	-81869	108356450	-75046	-81849
ENSMUST00000032192	CAAGAGAAGTTTCTCACCTG	108356430	108519450	-163020	108541902	-185472	108356450	-163000	-185452
ENSMUST00000032192	CAAGAGAAGTTTCTCACCTG	108356430	108523448	-167018	108549752	-193322	108356450	-166998	-193302
ENSMUST00000096313	CCAAAATAGGATACTGCCAG	139725868	139685310	40558	139704601	21267	139732268	46958	27667
ENSMUST00000095784	AGAGGCCATGAGAACCTGGTC	24279388	24279945	-557	24282562	-3174	24279409	-536	-3153
ENSMUST00000095784	AGAGGCCATGAGAACCTGGTC	24279388	24287149	-7761	24301464	-22076	24279409	-7740	-22055
ENSMUST00000090973	GCCCCAAGCTGAGGGGATCCA	87978917	87973116	5801	87975420	3497	87978938	5822	3518
ENSMUST00000039725	CCCTAGGCTTTACCATTACAA	175910905	175883068	27837	175887577	23328	175910926	27858	23349
ENSMUST00000021527	TCAAGTCCCCAGGAGCCATGG	73777228	73585525	191703	73691547	85681	73777249	191724	85702
ENSMUST00000045281	GTCATGGGCCTAAGGGAAGGG	75163625	74926003	237622	74931576	232049	75163646	237643	232070
ENSMUST00000045281	GTCATGGGCCTAAGGGAAGGG	75163625	74945632	217993	74981851	181774	75163646	218014	181795
ENSMUST00000045281	GTCATGGGCCTAAGGGAAGGG	75163625	74926003	237622	75038612	125013	75163646	237643	125034
ENSMUST00000045281	GTCATGGGCCTAAGGGAAGGG	75163625	74946219	217406	74990069	173556	75163646	217427	173577
ENSMUST00000045281	GTCATGGGCCTAAGGGAAGGG	75163625	74981913	181712	75038612	125013	75163646	181733	125034
ENSMUST00000045281	GTCATGGGCCTAAGGGAAGGG	75163625	75038729	124896	75053761	109864	75163646	124917	109885
ENSMUST00000045281	GTCATGGGCCTAAGGGAAGGG	75163625	75042036	121589	75139192	24433	75163646	121610	24454
ENSMUST00000041865	GAGAAGAAGAGAAAGTCGCTT	69156441	69182952	-26511	69185458	-29017	69158777	-24175	-26681
ENSMUST00000046404	TTAAGTAGCTGCAGGGTTTCT	102775910	102769943	5967	102775693	217	102775931	5988	238
ENSMUST00000226519	GAGAGATGGGAAATAGGACAG	55549739	55542651	7088	55543859	5880	55549760	7109	5901
ENSMUST00000226519	GAGAGATGGGAAATAGGACAG	55549739	55544063	5676	55544884	4855	55549760	5697	4876
ENSMUST00000226519	GAGAGATGGGAAATAGGACAG	55549739	55544063	5676	55545206	4533	55549760	5697	4554
ENSMUST00000038569	GGACTGTGAAACTGCACCCAG	37643671	37640064	3607	37642554	1117	37643692	3628	1138
ENSMUST00000038569	GGACTGTGAAACTGCACCCAG	37643671	37640105	3566	37642554	1117	37643692	3587	1138
ENSMUST00000150602	TGCCAACCTCATGCACAACTT	155247819	155236617	11202	155247770	49	155247840	11223	70
ENSMUST00000150602	TGCCAACCTCATGCACAACTT	155247819	155236936	10883	155247770	49	155247840	10904	70
ENSMUST00000150602	TGCCAACCTCATGCACAACTT	155247819	155236617	11202	155247770	49	155247840	11223	70
ENSMUST00000150602	TGCCAACCTCATGCACAACTT	155247819	155242806	5013	155249920	-2101	155247840	5034	-2080
ENSMUST00000150602	TGCCAACCTCATGCACAACTT	155247819	155236617	11202	155247770	49	155247840	11223	70
ENSMUST00000150602	TGCCAACCTCATGCACAACTT	155247819	155236936	10883	155247770	49	155247840	10904	70
ENSMUST00000150602	TGCCAACCTCATGCACAACTT	155247819	155236617	11202	155247770	49	155247840	11223	70
ENSMUST00000150602	TGCCAACCTCATGCACAACTT	155247819	155242806	5013	155249920	-2101	155247840	5034	-2080
ENSMUST00000040159	TGTGTATGCTACAAACCAGCC	7871676	7864141	7535	7871053	623	7871697	7556	644
ENSMUST00000184146	GACAGAGCACCAAACCGGATT	73044994	73045011	-17	73075392	-30398	73060980	15969	-14412
ENSMUST00000184146	GACAGAGCACCAAACCGGATT	73044994	73045011	-17	73082401	-37407	73060980	15969	-21421
ENSMUST00000184146	GACAGAGCACCAAACCGGATT	73044994	73075567	-30573	73084930	-39936	73060980	-14587	-23950
ENSMUST00000006578	GAAAGGGGTGTTGTGGGTGAG	171387952	171385738	2214	171386580	1372	171387973	2235	1393
ENSMUST00000031817	ATGTGTCTAAGTATGTTGATT	57662094	57583332	78762	57598428	63666	57662115	78783	63687
ENSMUST00000031817	ATGTGTCTAAGTATGTTGATT	57662094	57604200	57894	57607633	54461	57662115	57915	54482
ENSMUST00000031817	ATGTGTCTAAGTATGTTGATT	57662094	57646231	15863	57652031	10063	57662115	15884	10084
ENSMUST00000031817	ATGTGTCTAAGTATGTTGATT	57662094	57647172	14922	57654388	7706	57662115	14943	7727
ENSMUST00000031817	ATGTGTCTAAGTATGTTGATT	57662094	57660161	1933	57662342	-248	57662115	1954	-227
ENSMUST00000115839	CATCTCCAGGGTCTCTGACTT	8619418	8513574	105844	8578230	41188	8619439	105865	41209
ENSMUST00000115839	CATCTCCAGGGTCTCTGACTT	8619418	8578328	41090	8582736	36682	8619439	41111	36703
ENSMUST00000115839	CATCTCCAGGGTCTCTGACTT	8619418	8600990	18428	8603469	15949	8619439	18449	15970
ENSMUST00000115839	CATCTCCAGGGTCTCTGACTT	8619418	8600990	18428	8603688	15730	8619439	18449	15751
ENSMUST00000115839	CATCTCCAGGGTCTCTGACTT	8619418	8600990	18428	8603688	15730	8619439	18449	15751
ENSMUST00000115839	CATCTCCAGGGTCTCTGACTT	8619418	8602378	17040	8603688	15730	8619439	17061	15751
ENSMUST00000115839	CATCTCCAGGGTCTCTGACTT	8619418	8608993	10425	8613982	5436	8619439	10446	5457
ENSMUST00000090973	CCCCAAGCTGAGGGGATCCAG	87978918	87973116	5802	87975420	3498	87978939	5823	3519
ENSMUST00000182964	CAAAGAGGCATGAACATGAGT	21670551	21499960	170591	21609753	60798	21670572	170612	60819
ENSMUST00000182964	CAAAGAGGCATGAACATGAGT	21670551	21517498	153053	21609753	60798	21670572	153074	60819
ENSMUST00000182964	CAAAGAGGCATGAACATGAGT	21670551	21619299	51252	21624832	45719	21670572	51273	45740
ENSMUST00000182964	CAAAGAGGCATGAACATGAGT	21670551	21619299	51252	21626718	43833	21670572	51273	43854
ENSMUST00000182964	CAAAGAGGCATGAACATGAGT	21670551	21619299	51252	21626718	43833	21670572	51273	43854
ENSMUST00000182964	CAAAGAGGCATGAACATGAGT	21670551	21622087	48464	21626718	43833	21670572	48485	43854
ENSMUST00000182964	CAAAGAGGCATGAACATGAGT	21670551	21619299	51252	21626718	43833	21670572	51273	43854
ENSMUST00000182964	CAAAGAGGCATGAACATGAGT	21670551	21622087	48464	21626718	43833	21670572	48485	43854
ENSMUST00000182964	CAAAGAGGCATGAACATGAGT	21670551	21626840	43711	21631321	39230	21670572	43732	39251
ENSMUST00000182964	CAAAGAGGCATGAACATGAGT	21670551	21661587	8964	21664456	6095	21670572	8985	6116
ENSMUST00000182964	CAAAGAGGCATGAACATGAGT	21670551	21662466	8085	21668330	2221	21670572	8106	2242
ENSMUST00000040210	TTCGTTGTCTTCGCTTATTTC	88374373	88306791	67582	88318964	55409	88374394	67603	55430
ENSMUST00000035471	CTTTGATTTGCTGAGAAATTC	67810330	67756777	53553	67763770	46560	67810351	53574	46581
ENSMUST00000025663	AAGTCAGATGAACGTGAAAGT	21798016	21778786	19230	21792637	5379	21798037	19251	5400
ENSMUST00000067307	GATCGAAATAGCAATCTTGTC	61811294	61638513	172781	61810630	664	61811315	172802	685
ENSMUST00000148042	GCCTCCCTGGGCACCTGCCGC	24950236	24953376	-3140	24958917	-8681	24950257	-3119	-8660
ENSMUST00000016315	GGCGGGTAGCTGAGCAGCTAC	193335004	193321126	13878	193325559	9445	193335025	13899	9466
ENSMUST00000081769	GCGCACCCCAGCTCAGGCGAA	88821752	88822048	-296	88977754	-156002	88821773	-275	-155981
ENSMUST00000081769	GCGCACCCCAGCTCAGGCGAA	88821752	88822048	-296	89042431	-220679	88821773	-275	-220658
ENSMUST00000081769	GCGCACCCCAGCTCAGGCGAA	88821752	88822048	-296	89042431	-220679	88821773	-275	-220658
ENSMUST00000081769	GCGCACCCCAGCTCAGGCGAA	88821752	88944948	-123196	89042431	-220679	88821773	-123175	-220658
ENSMUST00000081769	GCGCACCCCAGCTCAGGCGAA	88821752	88944948	-123196	89094550	-272798	88821773	-123175	-272777
ENSMUST00000081769	GCGCACCCCAGCTCAGGCGAA	88821752	88944948	-123196	89131673	-309921	88821773	-123175	-309900
ENSMUST00000081769	GCGCACCCCAGCTCAGGCGAA	88821752	88944948	-123196	89094550	-272798	88821773	-123175	-272777
ENSMUST00000081769	GCGCACCCCAGCTCAGGCGAA	88821752	88944948	-123196	89131673	-309921	88821773	-123175	-309900
ENSMUST00000081769	GCGCACCCCAGCTCAGGCGAA	88821752	88977784	-156032	89094550	-272798	88821773	-156011	-272777
ENSMUST00000081769	GCGCACCCCAGCTCAGGCGAA	88821752	88977784	-156032	89131673	-309921	88821773	-156011	-309900
ENSMUST00000081769	GCGCACCCCAGCTCAGGCGAA	88821752	88944948	-123196	89131673	-309921	88821773	-123175	-309900
ENSMUST00000081769	GCGCACCCCAGCTCAGGCGAA	88821752	88977784	-156032	89131673	-309921	88821773	-156011	-309900
ENSMUST00000081769	GCGCACCCCAGCTCAGGCGAA	88821752	89042560	-220808	89131673	-309921	88821773	-220787	-309900
ENSMUST00000081769	GCGCACCCCAGCTCAGGCGAA	88821752	89184863	-363111	89319670	-497918	88821773	-363090	-497897
ENSMUST00000030964	CTGTATTCATGTTTTGACACC	43912240	43903680	8560	43907512	4728	43912261	8581	4749
ENSMUST00000030964	CTGTATTCATGTTTTGACACC	43912240	43907605	4635	43910279	1961	43912261	4656	1982
ENSMUST00000048359	CCTGATGACGTCGCCAAGCTG	106850256	106718146	132110	106725093	125163	106850277	132131	125184
ENSMUST00000048359	CCTGATGACGTCGCCAAGCTG	106850256	106725285	124971	106742012	108244	106850277	124992	108265
ENSMUST00000048359	CCTGATGACGTCGCCAAGCTG	106850256	106747351	102905	106807040	43216	106850277	102926	43237
ENSMUST00000048359	CCTGATGACGTCGCCAAGCTG	106850256	106781834	68422	106818455	31801	106850277	68443	31822
ENSMUST00000029180	CCCGTCTCATCGGGCGGCCCG	158028851	158029045	-194	158043405	-14554	158028872	-173	-14533
ENSMUST00000029180	CCCGTCTCATCGGGCGGCCCG	158028851	158050213	-21362	158070560	-41709	158028872	-21341	-41688
ENSMUST00000029180	CCCGTCTCATCGGGCGGCCCG	158028851	158050213	-21362	158074929	-46078	158028872	-21341	-46057
ENSMUST00000029180	CCCGTCTCATCGGGCGGCCCG	158028851	158050213	-21362	158074929	-46078	158028872	-21341	-46057
ENSMUST00000029180	CCCGTCTCATCGGGCGGCCCG	158028851	158058827	-29976	158074929	-46078	158028872	-29955	-46057
ENSMUST00000044234	CTGTATCATTTTCATTCAAAA	47411439	47353396	58043	47383748	27691	47411460	58064	27712
ENSMUST00000044234	CTGTATCATTTTCATTCAAAA	47411439	47403526	7913	47406921	4518	47411460	7934	4539
ENSMUST00000085894	GACGGAGACGATCCAGCTCAT	172529907	172521181	8726	172529809	98	172529928	8747	119
ENSMUST00000085894	GACGGAGACGATCCAGCTCAT	172529907	172521181	8726	172532080	-2173	172529928	8747	-2152
ENSMUST00000085894	GACGGAGACGATCCAGCTCAT	172529907	172521181	8726	172529809	98	172529928	8747	119
ENSMUST00000085894	GACGGAGACGATCCAGCTCAT	172529907	172521181	8726	172532080	-2173	172529928	8747	-2152
ENSMUST00000183659	CCACTCAGCTGGGGGCCTGCA	49556985	49247198	309787	49372316	184669	49557006	309808	184690
ENSMUST00000183659	CCACTCAGCTGGGGGCCTGCA	49556985	49408906	148079	49420173	136812	49557006	148100	136833
ENSMUST00000183659	CCACTCAGCTGGGGGCCTGCA	49556985	49548541	8444	49552839	4146	49557006	8465	4167
ENSMUST00000183659	CCACTCAGCTGGGGGCCTGCA	49556985	49548541	8444	49556909	76	49557006	8465	97
ENSMUST00000183659	CCACTCAGCTGGGGGCCTGCA	49556985	49548541	8444	49554214	2771	49557006	8465	2792
ENSMUST00000183659	CCACTCAGCTGGGGGCCTGCA	49556985	49548541	8444	49556909	76	49557006	8465	97
ENSMUST00000183659	CCACTCAGCTGGGGGCCTGCA	49556985	49552049	4936	49556909	76	49557006	4957	97
ENSMUST00000183659	CCACTCAGCTGGGGGCCTGCA	49556985	49548541	8444	49556909	76	49557006	8465	97
ENSMUST00000183659	CCACTCAGCTGGGGGCCTGCA	49556985	49552905	4080	49556909	76	49557006	4101	97
ENSMUST00000183659	CCACTCAGCTGGGGGCCTGCA	49556985	49570775	-13790	49572307	-15322	49557006	-13769	-15301
ENSMUST00000183659	CCACTCAGCTGGGGGCCTGCA	49556985	49572453	-15468	49575647	-18662	49557006	-15447	-18641
ENSMUST00000183659	CCACTCAGCTGGGGGCCTGCA	49556985	49584212	-27227	49587706	-30721	49557006	-27206	-30700
ENSMUST00000183659	CCACTCAGCTGGGGGCCTGCA	49556985	49584212	-27227	49589149	-32164	49557006	-27206	-32143
ENSMUST00000025403	TCGGGCCCAAACGCGACCCCG	67315655	67302309	13346	67309051	6604	67315676	13367	6625
ENSMUST00000025403	TCGGGCCCAAACGCGACCCCG	67315655	67309097	6558	67315619	36	67315676	6579	57
ENSMUST00000028691	TCCATCTCAGCTTTATCAGGT	91265673	91267416	-1743	91268451	-2778	91266230	-1186	-2221
ENSMUST00000028691	TCCATCTCAGCTTTATCAGGT	91265673	91268508	-2835	91269451	-3778	91266230	-2278	-3221
ENSMUST00000028691	TCCATCTCAGCTTTATCAGGT	91265673	91269504	-3831	91270157	-4484	91266230	-3274	-3927
ENSMUST00000028691	TCCATCTCAGCTTTATCAGGT	91265673	91274921	-9248	91275275	-9602	91266230	-8691	-9045
ENSMUST00000024338	TTGAGGCCTTCTACTGCCGTT	155965055	155965131	-76	155966081	-1026	155965076	-55	-1005
ENSMUST00000024338	TTGAGGCCTTCTACTGCCGTT	155965055	155965131	-76	155966081	-1026	155965076	-55	-1005
ENSMUST00000024338	TTGAGGCCTTCTACTGCCGTT	155965055	155965702	-647	155966081	-1026	155965076	-626	-1005
ENSMUST00000185383	TGGGTTCCAAAGGACAAGTGT	143183139	143109435	73704	143149497	33642	143183160	73725	33663
ENSMUST00000185383	TGGGTTCCAAAGGACAAGTGT	143183139	143358785	-175646	143363229	-180090	143183160	-175625	-180069
ENSMUST00000166411	ATCTCTCAGGCTGACTTTATA	69871633	69861712	9921	69866189	5444	69871654	9942	5465
ENSMUST00000166411	ATCTCTCAGGCTGACTTTATA	69871633	69863315	8318	69866487	5146	69871654	8339	5167
ENSMUST00000166411	ATCTCTCAGGCTGACTTTATA	69871633	69867379	4254	69868778	2855	69871654	4275	2876
ENSMUST00000116376	GTGGAGCTACAGCTAGACGAG	58337784	58338077	-293	58345311	-7527	58337955	-122	-7356
ENSMUST00000075144	GGGAAGATTGCCATTTTAGGG	62816325	62704277	112048	62738288	78037	62816346	112069	78058
ENSMUST00000075144	GGGAAGATTGCCATTTTAGGG	62816325	62786301	30024	62815332	993	62816346	30045	1014
ENSMUST00000075144	GGGAAGATTGCCATTTTAGGG	62816325	62786316	30009	62815332	993	62816346	30030	1014
ENSMUST00000238954	CATTGACCTCAGACAGCTCCT	37681665	37577140	104525	37582192	99473	37681686	104546	99494
ENSMUST00000238954	CATTGACCTCAGACAGCTCCT	37681665	37585894	95771	37587816	93849	37681686	95792	93870
ENSMUST00000238954	CATTGACCTCAGACAGCTCCT	37681665	37598677	82988	37608925	72740	37681686	83009	72761
ENSMUST00000111113	GAAAGCAGATGTGTTCGCTGT	8987311	8981160	6151	8985628	1683	8987332	6172	1704
ENSMUST00000111113	GAAAGCAGATGTGTTCGCTGT	8987311	8986112	1199	8989904	-2593	8987332	1220	-2572
ENSMUST00000111113	GAAAGCAGATGTGTTCGCTGT	8987311	8990090	-2779	8996068	-8757	8987332	-2758	-8736
ENSMUST00000113753	TTTCCCCCTCACTTTATCTTG	85929344	85911980	17364	85914471	14873	85929365	17385	14894
ENSMUST00000113753	TTTCCCCCTCACTTTATCTTG	85929344	85911980	17364	85921422	7922	85929365	17385	7943
ENSMUST00000113753	TTTCCCCCTCACTTTATCTTG	85929344	85911980	17364	85921422	7922	85929365	17385	7943
ENSMUST00000113753	TTTCCCCCTCACTTTATCTTG	85929344	85913480	15864	85921422	7922	85929365	15885	7943
ENSMUST00000113753	TTTCCCCCTCACTTTATCTTG	85929344	85914528	14816	85921422	7922	85929365	14837	7943
ENSMUST00000113753	TTTCCCCCTCACTTTATCTTG	85929344	85911980	17364	85921422	7922	85929365	17385	7943
ENSMUST00000113753	TTTCCCCCTCACTTTATCTTG	85929344	85915367	13977	85921422	7922	85929365	13998	7943
ENSMUST00000113753	TTTCCCCCTCACTTTATCTTG	85929344	85915790	13554	85921422	7922	85929365	13575	7943
ENSMUST00000113753	TTTCCCCCTCACTTTATCTTG	85929344	85916107	13237	85921422	7922	85929365	13258	7943
ENSMUST00000113753	TTTCCCCCTCACTTTATCTTG	85929344	85915790	13554	85924359	4985	85929365	13575	5006
ENSMUST00000113753	TTTCCCCCTCACTTTATCTTG	85929344	85921511	7833	85924359	4985	85929365	7854	5006
ENSMUST00000031422	GTGCTGGGCTGCATAGCAAGA	122444860	122428317	16543	122432740	12120	122444881	16564	12141
ENSMUST00000001963	TGGATGCCCTTCCCTGCTACA	105989635	105970696	18939	105972016	17619	105989656	18960	17640
ENSMUST00000035216	AGTTAGGGCGAATGGAGGTGT	107978696	107979837	-1141	107980876	-2180	107978717	-1120	-2159
ENSMUST00000021784	AGTCCAGAGTATATTGAAGTA	30766627	30752779	13848	30757407	9220	30766648	13869	9241
ENSMUST00000021784	AGTCCAGAGTATATTGAAGTA	30766627	30752779	13848	30757407	9220	30766648	13869	9241
ENSMUST00000021784	AGTCCAGAGTATATTGAAGTA	30766627	30753589	13038	30757407	9220	30766648	13059	9241
ENSMUST00000030547	CAGCCTGCCAGCCCGGCATCA	137542543	137542382	161	137542738	-195	137542564	182	-174
ENSMUST00000055879	AATGACAGCTACCATCACCTC	74152522	74218772	-66250	74281667	-129145	74152543	-66229	-129124
ENSMUST00000032183	TTATCATTGCACGGACCCGGG	91486915	91482053	4862	91482660	4255	91486936	4883	4276
ENSMUST00000032183	TTATCATTGCACGGACCCGGG	91486915	91482762	4153	91486744	171	91486936	4174	192
ENSMUST00000073149	CTAAGGGATAGGCCCCCAAGC	105368715	105349572	19143	105355143	13572	105368736	19164	13593
ENSMUST00000073149	CTAAGGGATAGGCCCCCAAGC	105368715	105357483	11232	105358373	10342	105368736	11253	10363
ENSMUST00000073149	CTAAGGGATAGGCCCCCAAGC	105368715	105363433	5282	105364681	4034	105368736	5303	4055
ENSMUST00000108680	GGAGCGGCTGGAGGTGGAGAG	67682652	67603228	79424	67643280	39372	67682673	79445	39393
ENSMUST00000108680	GGAGCGGCTGGAGGTGGAGAG	67682652	67603228	79424	67652858	29794	67682673	79445	29815
ENSMUST00000108680	GGAGCGGCTGGAGGTGGAGAG	67682652	67603228	79424	67652858	29794	67682673	79445	29815
ENSMUST00000108680	GGAGCGGCTGGAGGTGGAGAG	67682652	67629690	52962	67652858	29794	67682673	52983	29815
ENSMUST00000108680	GGAGCGGCTGGAGGTGGAGAG	67682652	67629690	52962	67660018	22634	67682673	52983	22655
ENSMUST00000108680	GGAGCGGCTGGAGGTGGAGAG	67682652	67675722	6930	67682634	18	67682673	6951	39
ENSMUST00000227662	CATCCGAAAGAGCAAGAAGAA	77579096	77157042	422054	77312058	267038	77579117	422075	267059
ENSMUST00000227662	CATCCGAAAGAGCAAGAAGAA	77579096	77268877	310219	77380578	198518	77579117	310240	198539
ENSMUST00000227662	CATCCGAAAGAGCAAGAAGAA	77579096	77312128	266968	77441757	137339	77579117	266989	137360
ENSMUST00000227662	CATCCGAAAGAGCAAGAAGAA	77579096	77441899	137197	77577611	1485	77579117	137218	1506
ENSMUST00000227662	CATCCGAAAGAGCAAGAAGAA	77579096	77506947	72149	77577611	1485	77579117	72170	1506
ENSMUST00000227662	CATCCGAAAGAGCAAGAAGAA	77579096	77592992	-13896	77615438	-36342	77579117	-13875	-36321
ENSMUST00000227662	CATCCGAAAGAGCAAGAAGAA	77579096	77592992	-13896	77637615	-58519	77579117	-13875	-58498
ENSMUST00000227662	CATCCGAAAGAGCAAGAAGAA	77579096	77664726	-85630	77699194	-120098	77579117	-85609	-120077
ENSMUST00000227662	CATCCGAAAGAGCAAGAAGAA	77579096	77664726	-85630	77707599	-128503	77579117	-85609	-128482
ENSMUST00000101339	TCAGTGCTCTGTTGCTCACTG	102086271	102005143	81128	102076161	10110	102086292	81149	10131
ENSMUST00000101339	TCAGTGCTCTGTTGCTCACTG	102086271	102071479	14792	102076161	10110	102086292	14813	10131
ENSMUST00000101339	TCAGTGCTCTGTTGCTCACTG	102086271	102073479	12792	102076161	10110	102086292	12813	10131
ENSMUST00000101339	TCAGTGCTCTGTTGCTCACTG	102086271	102005143	81128	102077481	8790	102086292	81149	8811
ENSMUST00000101339	TCAGTGCTCTGTTGCTCACTG	102086271	102051016	35255	102077481	8790	102086292	35276	8811
ENSMUST00000101339	TCAGTGCTCTGTTGCTCACTG	102086271	102071479	14792	102077481	8790	102086292	14813	8811
ENSMUST00000075132	GGCCATTTAAGGATACTGCTA	21537508	21237911	299597	21480225	57283	21537529	299618	57304
ENSMUST00000075132	GGCCATTTAAGGATACTGCTA	21537508	21359017	178491	21492542	44966	21537529	178512	44987
ENSMUST00000075132	GGCCATTTAAGGATACTGCTA	21537508	21359017	178491	21520264	17244	21537529	178512	17265
ENSMUST00000075132	GGCCATTTAAGGATACTGCTA	21537508	21359017	178491	21520264	17244	21537529	178512	17265
ENSMUST00000075132	GGCCATTTAAGGATACTGCTA	21537508	21480345	57163	21520264	17244	21537529	57184	17265
ENSMUST00000075132	GGCCATTTAAGGATACTGCTA	21537508	21492710	44798	21537416	92	21537529	44819	113
ENSMUST00000113712	TCCCTTTGGAATTTTTAAATG	86430896	86418932	11964	86419693	11203	86430917	11985	11224
ENSMUST00000113712	TCCCTTTGGAATTTTTAAATG	86430896	86418932	11964	86420323	10573	86430917	11985	10594
ENSMUST00000113712	TCCCTTTGGAATTTTTAAATG	86430896	86418932	11964	86420323	10573	86430917	11985	10594
ENSMUST00000113712	TCCCTTTGGAATTTTTAAATG	86430896	86420411	10485	86424344	6552	86430917	10506	6573
ENSMUST00000113712	TCCCTTTGGAATTTTTAAATG	86430896	86425745	5151	86427672	3224	86430917	5172	3245
ENSMUST00000113712	TCCCTTTGGAATTTTTAAATG	86430896	86425745	5151	86430240	656	86430917	5172	677
ENSMUST00000113712	TCCCTTTGGAATTTTTAAATG	86430896	86426690	4206	86427672	3224	86430917	4227	3245
ENSMUST00000113712	TCCCTTTGGAATTTTTAAATG	86430896	86425745	5151	86430240	656	86430917	5172	677
ENSMUST00000113712	TCCCTTTGGAATTTTTAAATG	86430896	86426690	4206	86430240	656	86430917	4227	677
ENSMUST00000065871	CCCTCAGAAATTTCCGGGGACA	21733788	21733958	-170	21736057	-2269	21733810	-148	-2247
ENSMUST00000118853	CTACCTTTCCTGGCCGTTTTAC	79884613	79908803	-24190	79941294	-56681	79884635	-24168	-56659
ENSMUST00000052837	AAAAATTCTTTGATGAACTTCG	98315882	98151334	164548	98286588	29294	98315904	164570	29316
ENSMUST00000052837	AAAAATTCTTTGATGAACTTCG	98315882	98251837	64045	98305236	10646	98315904	64067	10668
ENSMUST00000060918	CAACAAGCCAGGGGATGCCTTG	140748172	140724471	23701	140744016	4156	140748194	23723	4178
ENSMUST00000060918	CAACAAGCCAGGGGATGCCTTG	140748172	140724471	23701	140748142	30	140748194	23723	52
ENSMUST00000060918	CAACAAGCCAGGGGATGCCTTG	140748172	140735638	12534	140744016	4156	140748194	12556	4178
ENSMUST00000060918	CAACAAGCCAGGGGATGCCTTG	140748172	140724471	23701	140748142	30	140748194	23723	52
ENSMUST00000060918	CAACAAGCCAGGGGATGCCTTG	140748172	140741587	6585	140748142	30	140748194	6607	52
ENSMUST00000060918	CAACAAGCCAGGGGATGCCTTG	140748172	140748271	-99	140749154	-982	140748194	-77	-960
ENSMUST00000060918	CAACAAGCCAGGGGATGCCTTG	140748172	140749331	-1159	140760572	-12400	140748194	-1137	-12378
ENSMUST00000033899	GGTTCAAAGCGTCTGGCCCTCC	11313478	11438417	-124939	11438946	-125468	11313500	-124917	-125446
ENSMUST00000002436	CTATGTGGGTTTATCCTACCTC	5908377	5887083	21294	5891773	16604	5908399	21316	16626
ENSMUST00000099133	CTATGACATCCTGGGCCTGGAC	158534835	158539871	-5036	158543204	-8369	158534857	-5014	-8347
ENSMUST00000163595	CGGGAAAAGGAAATTTATTGAC	35856741	35741888	114853	35815908	40833	35856763	114875	40855
ENSMUST00000163595	CGGGAAAAGGAAATTTATTGAC	35856741	35741888	114853	35856662	79	35856763	114875	101
ENSMUST00000163595	CGGGAAAAGGAAATTTATTGAC	35856741	35858248	-1507	35871577	-14836	35856763	-1485	-14814
ENSMUST00000021283	CTAGCAGGTCGGTTCCCATATG	68497294	68473910	23384	68476304	20990	68497316	23406	21012
ENSMUST00000110934	GGGGACCCAGAATGGCAACAGG	138193026	138187720	5306	138190492	2534	138193048	5328	2556
ENSMUST00000110934	GGGGACCCAGAATGGCAACAGG	138193026	138187720	5306	138190492	2534	138193048	5328	2556
ENSMUST00000180088	GCTTGGCAGTACCTGTCGGGAG	4209976	4187099	22877	4209925	51	4209998	22899	73
ENSMUST00000183156	TTTAGGTTCTATGCTGATAAAA	90923553	90033294	890259	90049815	873738	90923575	890281	873760
ENSMUST00000183156	TTTAGGTTCTATGCTGATAAAA	90923553	90033294	890259	90163160	760393	90923575	890281	760415
ENSMUST00000183156	TTTAGGTTCTATGCTGATAAAA	90923553	90077142	846411	90260652	662901	90923575	846433	662923
ENSMUST00000183156	TTTAGGTTCTATGCTGATAAAA	90923553	90260818	662735	90359034	564519	90923575	662757	564541
ENSMUST00000183156	TTTAGGTTCTATGCTGATAAAA	90923553	90512875	410678	90644457	279096	90923575	410700	279118
ENSMUST00000183156	TTTAGGTTCTATGCTGATAAAA	90923553	90577195	346358	90680766	242787	90923575	346380	242809
ENSMUST00000183156	TTTAGGTTCTATGCTGATAAAA	90923553	90644556	278997	90895098	28455	90923575	279019	28477
ENSMUST00000183156	TTTAGGTTCTATGCTGATAAAA	90923553	90680919	242634	90914692	8861	90923575	242656	8883
ENSMUST00000183156	TTTAGGTTCTATGCTGATAAAA	90923553	90680919	242634	90914695	8858	90923575	242656	8880
ENSMUST00000183156	TTTAGGTTCTATGCTGATAAAA	90923553	90680919	242634	90921295	2258	90923575	242656	2280
ENSMUST00000183156	TTTAGGTTCTATGCTGATAAAA	90923553	90680919	242634	90966224	-42671	90923575	242656	-42649
ENSMUST00000183156	TTTAGGTTCTATGCTGATAAAA	90923553	90829173	94380	90940563	-17010	90923575	94402	-16988
ENSMUST00000183156	TTTAGGTTCTATGCTGATAAAA	90923553	90895206	28347	90914692	8861	90923575	28369	8883
ENSMUST00000183156	TTTAGGTTCTATGCTGATAAAA	90923553	90895206	28347	90914695	8858	90923575	28369	8880
ENSMUST00000183156	TTTAGGTTCTATGCTGATAAAA	90923553	90895206	28347	90921295	2258	90923575	28369	2280
ENSMUST00000183156	TTTAGGTTCTATGCTGATAAAA	90923553	90895206	28347	90940563	-17010	90923575	28369	-16988
ENSMUST00000183156	TTTAGGTTCTATGCTGATAAAA	90923553	90895206	28347	90948534	-24981	90923575	28369	-24959
ENSMUST00000183156	TTTAGGTTCTATGCTGATAAAA	90923553	90895206	28347	90914695	8858	90923575	28369	8880
ENSMUST00000183156	TTTAGGTTCTATGCTGATAAAA	90923553	90895206	28347	90940563	-17010	90923575	28369	-16988
ENSMUST00000183156	TTTAGGTTCTATGCTGATAAAA	90923553	90895206	28347	90948534	-24981	90923575	28369	-24959
ENSMUST00000183156	TTTAGGTTCTATGCTGATAAAA	90923553	90895206	28347	90966224	-42671	90923575	28369	-42649
ENSMUST00000183156	TTTAGGTTCTATGCTGATAAAA	90923553	90680919	242634	90921295	2258	90923575	242656	2280
ENSMUST00000183156	TTTAGGTTCTATGCTGATAAAA	90923553	90895206	28347	90921295	2258	90923575	28369	2280
ENSMUST00000183156	TTTAGGTTCTATGCTGATAAAA	90923553	90897426	26127	90921295	2258	90923575	26149	2280
ENSMUST00000183156	TTTAGGTTCTATGCTGATAAAA	90923553	90680919	242634	90921295	2258	90923575	242656	2280
ENSMUST00000183156	TTTAGGTTCTATGCTGATAAAA	90923553	90895206	28347	90921295	2258	90923575	28369	2280
ENSMUST00000183156	TTTAGGTTCTATGCTGATAAAA	90923553	90897426	26127	90921295	2258	90923575	26149	2280
ENSMUST00000183156	TTTAGGTTCTATGCTGATAAAA	90923553	90895206	28347	90940563	-17010	90923575	28369	-16988
ENSMUST00000183156	TTTAGGTTCTATGCTGATAAAA	90923553	90897426	26127	90940563	-17010	90923575	26149	-16988
ENSMUST00000183156	TTTAGGTTCTATGCTGATAAAA	90923553	90921424	2129	90940563	-17010	90923575	2151	-16988
ENSMUST00000183156	TTTAGGTTCTATGCTGATAAAA	90923553	90923602	-49	90941425	-17872	90923575	-27	-17850
ENSMUST00000183156	TTTAGGTTCTATGCTGATAAAA	90923553	90923602	-49	90966224	-42671	90923575	-27	-42649
ENSMUST00000183156	TTTAGGTTCTATGCTGATAAAA	90923553	90895206	28347	90966224	-42671	90923575	28369	-42649
ENSMUST00000183156	TTTAGGTTCTATGCTGATAAAA	90923553	90897426	26127	90966224	-42671	90923575	26149	-42649
ENSMUST00000183156	TTTAGGTTCTATGCTGATAAAA	90923553	90941512	-17959	90966224	-42671	90923575	-17937	-42649
ENSMUST00000108076	GGGGTGGAGGGAGGGTGACAGG	84965952	84957941	8011	84963337	2615	84965974	8033	2637
ENSMUST00000108076	GGGGTGGAGGGAGGGTGACAGG	84965952	84963493	2459	84964347	1605	84965974	2481	1627
ENSMUST00000108076	GGGGTGGAGGGAGGGTGACAGG	84965952	84963493	2459	84964534	1418	84965974	2481	1440
ENSMUST00000108076	GGGGTGGAGGGAGGGTGACAGG	84965952	84963493	2459	84964534	1418	84965974	2481	1440
ENSMUST00000108076	GGGGTGGAGGGAGGGTGACAGG	84965952	84964238	1714	84964534	1418	84965974	1736	1440
ENSMUST00000025170	TTCGAAGCCTAAAACTCAAAGC	33941417	33944581	-3164	33948642	-7225	33941439	-3142	-7203
ENSMUST00000045706	AGTGCAGCCCAGTGCCAGGTCC	18322153	18255474	66679	18258230	63923	18322175	66701	63945
ENSMUST00000045706	AGTGCAGCCCAGTGCCAGGTCC	18322153	18255474	66679	18258230	63923	18322175	66701	63945
ENSMUST00000045706	AGTGCAGCCCAGTGCCAGGTCC	18322153	18285647	36506	18305831	16322	18322175	36528	16344
ENSMUST00000022458	CCTTTCAGTTCCTCTGTCCATC	31257424	31251779	5645	31252927	4497	31257446	5667	4519
ENSMUST00000022458	CCTTTCAGTTCCTCTGTCCATC	31257424	31251779	5645	31253455	3969	31257446	5667	3991
ENSMUST00000022458	CCTTTCAGTTCCTCTGTCCATC	31257424	31251779	5645	31254032	3392	31257446	5667	3414
ENSMUST00000022458	CCTTTCAGTTCCTCTGTCCATC	31257424	31251779	5645	31253455	3969	31257446	5667	3991
ENSMUST00000022458	CCTTTCAGTTCCTCTGTCCATC	31257424	31251954	5470	31253455	3969	31257446	5492	3991
ENSMUST00000022458	CCTTTCAGTTCCTCTGTCCATC	31257424	31251779	5645	31254032	3392	31257446	5667	3414
ENSMUST00000022458	CCTTTCAGTTCCTCTGTCCATC	31257424	31251954	5470	31254032	3392	31257446	5492	3414
ENSMUST00000022458	CCTTTCAGTTCCTCTGTCCATC	31257424	31251779	5645	31254032	3392	31257446	5667	3414
ENSMUST00000022458	CCTTTCAGTTCCTCTGTCCATC	31257424	31251954	5470	31254032	3392	31257446	5492	3414
ENSMUST00000022458	CCTTTCAGTTCCTCTGTCCATC	31257424	31253575	3849	31254166	3258	31257446	3871	3280
ENSMUST00000022458	CCTTTCAGTTCCTCTGTCCATC	31257424	31255209	2215	31256110	1314	31257446	2237	1336
ENSMUST00000022458	CCTTTCAGTTCCTCTGTCCATC	31257424	31258041	-617	31258457	-1033	31257446	-595	-1011
ENSMUST00000022458	CCTTTCAGTTCCTCTGTCCATC	31257424	31251779	5645	31252927	4497	31257446	5667	4519
ENSMUST00000022458	CCTTTCAGTTCCTCTGTCCATC	31257424	31251779	5645	31253455	3969	31257446	5667	3991
ENSMUST00000022458	CCTTTCAGTTCCTCTGTCCATC	31257424	31251779	5645	31254032	3392	31257446	5667	3414
ENSMUST00000022458	CCTTTCAGTTCCTCTGTCCATC	31257424	31251779	5645	31253455	3969	31257446	5667	3991
ENSMUST00000022458	CCTTTCAGTTCCTCTGTCCATC	31257424	31251954	5470	31253455	3969	31257446	5492	3991
ENSMUST00000022458	CCTTTCAGTTCCTCTGTCCATC	31257424	31251779	5645	31254032	3392	31257446	5667	3414
ENSMUST00000022458	CCTTTCAGTTCCTCTGTCCATC	31257424	31251954	5470	31254032	3392	31257446	5492	3414
ENSMUST00000022458	CCTTTCAGTTCCTCTGTCCATC	31257424	31251779	5645	31254032	3392	31257446	5667	3414
ENSMUST00000022458	CCTTTCAGTTCCTCTGTCCATC	31257424	31251954	5470	31254032	3392	31257446	5492	3414
ENSMUST00000022458	CCTTTCAGTTCCTCTGTCCATC	31257424	31253575	3849	31254166	3258	31257446	3871	3280
ENSMUST00000022458	CCTTTCAGTTCCTCTGTCCATC	31257424	31255209	2215	31256110	1314	31257446	2237	1336
ENSMUST00000022458	CCTTTCAGTTCCTCTGTCCATC	31257424	31258041	-617	31258457	-1033	31257446	-595	-1011
ENSMUST00000120645	TTCTGCCCCTACTCGCACAGGG	47872076	47869760	2316	47872015	61	47872098	2338	83
ENSMUST00000120645	TTCTGCCCCTACTCGCACAGGG	47872076	47870323	1753	47872015	61	47872098	1775	83
ENSMUST00000120645	TTCTGCCCCTACTCGCACAGGG	47872076	47875052	-2976	47884655	-12579	47872098	-2954	-12557
ENSMUST00000025477	AGCAAGACAAAATACTCAAAGA	64274041	64265650	8391	64269425	4616	64274063	8413	4638
ENSMUST00000059580	AATAAAGCAAAAAAATTAAAAT	124462273	124440015	22258	124447213	15060	124462295	22280	15082
ENSMUST00000059580	AATAAAGCAAAAAAATTAAAAT	124462273	124445728	16545	124447213	15060	124462295	16567	15082
ENSMUST00000093906	CGTGAGCCACCACGCCCGGCTT	117854950	117849461	5489	117852662	2288	117854972	5511	2310
ENSMUST00000171265	AAGTTTTGAACTGAAATTTGTA	9899084	9798246	100838	9865130	33954	9899106	100860	33976
ENSMUST00000171265	AAGTTTTGAACTGAAATTTGTA	9899084	9881661	17423	9884406	14678	9899106	17445	14700
ENSMUST00000171265	AAGTTTTGAACTGAAATTTGTA	9899084	9885753	13331	9888869	10215	9899106	13353	10237
ENSMUST00000171265	AAGTTTTGAACTGAAATTTGTA	9899084	9885753	13331	9891360	7724	9899106	13353	7746
ENSMUST00000171265	AAGTTTTGAACTGAAATTTGTA	9899084	9885753	13331	9888869	10215	9899106	13353	10237
ENSMUST00000171265	AAGTTTTGAACTGAAATTTGTA	9899084	9885753	13331	9891360	7724	9899106	13353	7746
ENSMUST00000171265	AAGTTTTGAACTGAAATTTGTA	9899084	9885753	13331	9891360	7724	9899106	13353	7746
ENSMUST00000171265	AAGTTTTGAACTGAAATTTGTA	9899084	9886142	12942	9891360	7724	9899106	12964	7746
ENSMUST00000106525	CTGGAGCCTGCGGCGGCCGCCA	115737802	115753019	-15217	115758808	-21006	115737824	-15195	-20984
ENSMUST00000106525	CTGGAGCCTGCGGCGGCCGCCA	115737802	115758895	-21093	115762217	-24415	115737824	-21071	-24393
ENSMUST00000106525	CTGGAGCCTGCGGCGGCCGCCA	115737802	115762298	-24496	115766392	-28590	115737824	-24474	-28568
ENSMUST00000041913	TGGCTTTTCAGCTTTGCCACCT	89189162	89183948	5214	89184412	4750	89189184	5236	4772
ENSMUST00000041913	TGGCTTTTCAGCTTTGCCACCT	89189162	89183494	5668	89184412	4750	89189184	5690	4772
ENSMUST00000041913	TGGCTTTTCAGCTTTGCCACCT	89189162	89183494	5668	89184456	4706	89189184	5690	4728
ENSMUST00000041913	TGGCTTTTCAGCTTTGCCACCT	89189162	89183948	5214	89184412	4750	89189184	5236	4772
ENSMUST00000041913	TGGCTTTTCAGCTTTGCCACCT	89189162	89184523	4639	89184888	4274	89189184	4661	4296
ENSMUST00000041913	TGGCTTTTCAGCTTTGCCACCT	89189162	89185609	3553	89186778	2384	89189184	3575	2406
ENSMUST00000081125	GTAACTGAAGAATTTTGATAAT	181827404	181763420	63984	181789521	37883	181827426	64006	37905
ENSMUST00000081125	GTAACTGAAGAATTTTGATAAT	181827404	181767341	60063	181789521	37883	181827426	60085	37905
ENSMUST00000081125	GTAACTGAAGAATTTTGATAAT	181827404	181790579	36825	181795646	31758	181827426	36847	31780
ENSMUST00000081125	GTAACTGAAGAATTTTGATAAT	181827404	181790579	36825	181795813	31591	181827426	36847	31613
ENSMUST00000081125	GTAACTGAAGAATTTTGATAAT	181827404	181790579	36825	181801016	26388	181827426	36847	26410
ENSMUST00000081125	GTAACTGAAGAATTTTGATAAT	181827404	181801151	26253	181802915	24489	181827426	26275	24511
ENSMUST00000081125	GTAACTGAAGAATTTTGATAAT	181827404	181801905	25499	181804926	22478	181827426	25521	22500
ENSMUST00000081125	GTAACTGAAGAATTTTGATAAT	181827404	181803029	24375	181806515	20889	181827426	24397	20911
ENSMUST00000081125	GTAACTGAAGAATTTTGATAAT	181827404	181811227	16177	181815048	12356	181827426	16199	12378
ENSMUST00000081125	GTAACTGAAGAATTTTGATAAT	181827404	181815613	11791	181821931	5473	181827426	11813	5495
ENSMUST00000114015	TGAAAATTGAGAGTGTAAAACT	66438278	66175495	262783	66251661	186617	66438300	262805	186639
ENSMUST00000114015	TGAAAATTGAGAGTGTAAAACT	66438278	66175698	262580	66251661	186617	66438300	262602	186639
ENSMUST00000114015	TGAAAATTGAGAGTGTAAAACT	66438278	66175495	262783	66322403	115875	66438300	262805	115897
ENSMUST00000114015	TGAAAATTGAGAGTGTAAAACT	66438278	66175495	262783	66362202	76076	66438300	262805	76098
ENSMUST00000114015	TGAAAATTGAGAGTGTAAAACT	66438278	66175495	262783	66362202	76076	66438300	262805	76098
ENSMUST00000114015	TGAAAATTGAGAGTGTAAAACT	66438278	66251712	186566	66362202	76076	66438300	186588	76098
ENSMUST00000114015	TGAAAATTGAGAGTGTAAAACT	66438278	66251712	186566	66380488	57790	66438300	186588	57812
ENSMUST00000114015	TGAAAATTGAGAGTGTAAAACT	66438278	66322334	115944	66362202	76076	66438300	115966	76098
ENSMUST00000114015	TGAAAATTGAGAGTGTAAAACT	66438278	66251712	186566	66380488	57790	66438300	186588	57812
ENSMUST00000114015	TGAAAATTGAGAGTGTAAAACT	66438278	66322468	115810	66380488	57790	66438300	115832	57812
ENSMUST00000114015	TGAAAATTGAGAGTGTAAAACT	66438278	66322468	115810	66399388	38890	66438300	115832	38912
ENSMUST00000114015	TGAAAATTGAGAGTGTAAAACT	66438278	66322468	115810	66399388	38890	66438300	115832	38912
ENSMUST00000114015	TGAAAATTGAGAGTGTAAAACT	66438278	66362280	75998	66399388	38890	66438300	76020	38912
ENSMUST00000114015	TGAAAATTGAGAGTGTAAAACT	66438278	66401521	36757	66412406	25872	66438300	36779	25894
ENSMUST00000114015	TGAAAATTGAGAGTGTAAAACT	66438278	66401521	36757	66416343	21935	66438300	36779	21957
ENSMUST00000114015	TGAAAATTGAGAGTGTAAAACT	66438278	66401521	36757	66416731	21547	66438300	36779	21569
ENSMUST00000114015	TGAAAATTGAGAGTGTAAAACT	66438278	66401521	36757	66416731	21547	66438300	36779	21569
ENSMUST00000114015	TGAAAATTGAGAGTGTAAAACT	66438278	66401521	36757	66420134	18144	66438300	36779	18166
ENSMUST00000114015	TGAAAATTGAGAGTGTAAAACT	66438278	66416147	22131	66416731	21547	66438300	22153	21569
ENSMUST00000114015	TGAAAATTGAGAGTGTAAAACT	66438278	66401521	36757	66420134	18144	66438300	36779	18166
ENSMUST00000114015	TGAAAATTGAGAGTGTAAAACT	66438278	66416550	21728	66420134	18144	66438300	21750	18166
ENSMUST00000114015	TGAAAATTGAGAGTGTAAAACT	66438278	66425528	12750	66433513	4765	66438300	12772	4787
ENSMUST00000114015	TGAAAATTGAGAGTGTAAAACT	66438278	66175495	262783	66251661	186617	66438300	262805	186639
ENSMUST00000114015	TGAAAATTGAGAGTGTAAAACT	66438278	66175698	262580	66251661	186617	66438300	262602	186639
ENSMUST00000114015	TGAAAATTGAGAGTGTAAAACT	66438278	66175495	262783	66322403	115875	66438300	262805	115897
ENSMUST00000114015	TGAAAATTGAGAGTGTAAAACT	66438278	66175495	262783	66362202	76076	66438300	262805	76098
ENSMUST00000114015	TGAAAATTGAGAGTGTAAAACT	66438278	66175495	262783	66362202	76076	66438300	262805	76098
ENSMUST00000114015	TGAAAATTGAGAGTGTAAAACT	66438278	66251712	186566	66362202	76076	66438300	186588	76098
ENSMUST00000114015	TGAAAATTGAGAGTGTAAAACT	66438278	66251712	186566	66380488	57790	66438300	186588	57812
ENSMUST00000114015	TGAAAATTGAGAGTGTAAAACT	66438278	66322334	115944	66362202	76076	66438300	115966	76098
ENSMUST00000114015	TGAAAATTGAGAGTGTAAAACT	66438278	66251712	186566	66380488	57790	66438300	186588	57812
ENSMUST00000114015	TGAAAATTGAGAGTGTAAAACT	66438278	66322468	115810	66380488	57790	66438300	115832	57812
ENSMUST00000114015	TGAAAATTGAGAGTGTAAAACT	66438278	66322468	115810	66399388	38890	66438300	115832	38912
ENSMUST00000114015	TGAAAATTGAGAGTGTAAAACT	66438278	66322468	115810	66399388	38890	66438300	115832	38912
ENSMUST00000114015	TGAAAATTGAGAGTGTAAAACT	66438278	66362280	75998	66399388	38890	66438300	76020	38912
ENSMUST00000114015	TGAAAATTGAGAGTGTAAAACT	66438278	66401521	36757	66412406	25872	66438300	36779	25894
ENSMUST00000114015	TGAAAATTGAGAGTGTAAAACT	66438278	66401521	36757	66416343	21935	66438300	36779	21957
ENSMUST00000114015	TGAAAATTGAGAGTGTAAAACT	66438278	66401521	36757	66416731	21547	66438300	36779	21569
ENSMUST00000114015	TGAAAATTGAGAGTGTAAAACT	66438278	66401521	36757	66416731	21547	66438300	36779	21569
ENSMUST00000114015	TGAAAATTGAGAGTGTAAAACT	66438278	66401521	36757	66420134	18144	66438300	36779	18166
ENSMUST00000114015	TGAAAATTGAGAGTGTAAAACT	66438278	66416147	22131	66416731	21547	66438300	22153	21569
ENSMUST00000114015	TGAAAATTGAGAGTGTAAAACT	66438278	66401521	36757	66420134	18144	66438300	36779	18166
ENSMUST00000114015	TGAAAATTGAGAGTGTAAAACT	66438278	66416550	21728	66420134	18144	66438300	21750	18166
ENSMUST00000114015	TGAAAATTGAGAGTGTAAAACT	66438278	66425528	12750	66433513	4765	66438300	12772	4787
ENSMUST00000101029	CGGGACACAGCACTCTGCACCA	112588851	112603222	-14371	112604013	-15162	112588873	-14349	-15140
ENSMUST00000101029	CGGGACACAGCACTCTGCACCA	112588851	112607058	-18207	112608328	-19477	112588873	-18185	-19455
ENSMUST00000101029	CGGGACACAGCACTCTGCACCA	112588851	112612036	-23185	112614894	-26043	112588873	-23163	-26021
ENSMUST00000112304	AGACAATGATGGGGGCGCTGGC	85005558	85005023	535	85015408	-9850	85015423	10400	15
ENSMUST00000112304	AGACAATGATGGGGGCGCTGGC	85005558	85005023	535	85023031	-17473	85015423	10400	-7608
ENSMUST00000112304	AGACAATGATGGGGGCGCTGGC	85005558	85005566	-8	85023695	-18137	85015423	9857	-8272
ENSMUST00000021030	ATAAATACTGGGATGACTTCTA	105128764	105127441	1323	105130446	-1682	105128786	1345	-1660
ENSMUST00000021030	ATAAATACTGGGATGACTTCTA	105128764	105126867	1897	105130446	-1682	105128786	1919	-1660
ENSMUST00000021030	ATAAATACTGGGATGACTTCTA	105128764	105131633	-2869	105135337	-6573	105128786	-2847	-6551
ENSMUST00000021030	ATAAATACTGGGATGACTTCTA	105128764	105132580	-3816	105137718	-8954	105128786	-3794	-8932
ENSMUST00000021030	ATAAATACTGGGATGACTTCTA	105128764	105135444	-6680	105139560	-10796	105128786	-6658	-10774
ENSMUST00000159584	GAGAACTCTGTGCCAGCAGCCT	63791582	63650320	141262	63725157	66425	63791604	141284	66447
ENSMUST00000159584	GAGAACTCTGTGCCAGCAGCCT	63791582	63725246	66336	63791443	139	63791604	66358	161
ENSMUST00000159584	GAGAACTCTGTGCCAGCAGCCT	63791582	63745297	46285	63800034	-8452	63791604	46307	-8430
ENSMUST00000159584	GAGAACTCTGTGCCAGCAGCCT	63791582	63791647	-65	63800034	-8452	63791604	-43	-8430
ENSMUST00000110934	TGGGGACCCAGAATGGCAACAG	138193025	138187720	5305	138190492	2533	138193047	5327	2555
ENSMUST00000110934	TGGGGACCCAGAATGGCAACAG	138193025	138187720	5305	138190492	2533	138193047	5327	2555
ENSMUST00000220346	CAAAGAACAAGTAACTTAGAAC	100523399	100489389	34010	100492647	30752	100528567	39178	35920
ENSMUST00000220346	CAAAGAACAAGTAACTTAGAAC	100523399	100542524	-19125	100544916	-21517	100528567	-13957	-16349
ENSMUST00000220346	CAAAGAACAAGTAACTTAGAAC	100523399	100563438	-40039	100572062	-48663	100528567	-34871	-43495
ENSMUST00000220346	CAAAGAACAAGTAACTTAGAAC	100523399	100567152	-43753	100572062	-48663	100528567	-38585	-43495
ENSMUST00000220346	CAAAGAACAAGTAACTTAGAAC	100523399	100568154	-44755	100572062	-48663	100528567	-39587	-43495
ENSMUST00000046751	TTGGCGGCTCGCGCGCTCCGTT	127077455	127104421	-26966	127106575	-29120	127077477	-26944	-29098
ENSMUST00000046751	TTGGCGGCTCGCGCGCTCCGTT	127077455	127108715	-31260	127120427	-42972	127077477	-31238	-42950
ENSMUST00000050709	TGAAGCTGAGTCTTGACCTCCT	35087250	35056988	30262	35064333	22917	35087272	30284	22939
ENSMUST00000050709	TGAAGCTGAGTCTTGACCTCCT	35087250	35057137	30113	35066449	20801	35087272	30135	20823
ENSMUST00000050709	TGAAGCTGAGTCTTGACCTCCT	35087250	35075422	11828	35079030	8220	35087272	11850	8242
ENSMUST00000050709	TGAAGCTGAGTCTTGACCTCCT	35087250	35077267	9983	35083163	4087	35087272	10005	4109
ENSMUST00000120580	TCATGCCTTTCTGCGTTTTGTA	65063313	65036468	26845	65043231	20082	65063335	26867	20104
ENSMUST00000120580	TCATGCCTTTCTGCGTTTTGTA	65063313	65043357	19956	65043714	19599	65063335	19978	19621
ENSMUST00000120580	TCATGCCTTTCTGCGTTTTGTA	65063313	65043357	19956	65044005	19308	65063335	19978	19330
ENSMUST00000120580	TCATGCCTTTCTGCGTTTTGTA	65063313	65044124	19189	65053285	10028	65063335	19211	10050
ENSMUST00000120580	TCATGCCTTTCTGCGTTTTGTA	65063313	65055320	7993	65055637	7676	65063335	8015	7698
ENSMUST00000093844	TAGAGGACCAAGATGTCGACAG	55004526	55000496	4030	55004330	196	55004548	4052	218
ENSMUST00000191774	CAAAGCAACCTTATGCTCTATT	16214520	16183520	31000	16189477	25043	16214542	31022	25065
ENSMUST00000191774	CAAAGCAACCTTATGCTCTATT	16214520	16183520	31000	16203825	10695	16214542	31022	10717
ENSMUST00000191774	CAAAGCAACCTTATGCTCTATT	16214520	16183946	30574	16189477	25043	16214542	30596	25065
ENSMUST00000191774	CAAAGCAACCTTATGCTCTATT	16214520	16187115	27405	16189477	25043	16214542	27427	25065
ENSMUST00000191774	CAAAGCAACCTTATGCTCTATT	16214520	16183520	31000	16203825	10695	16214542	31022	10717
ENSMUST00000191774	CAAAGCAACCTTATGCTCTATT	16214520	16183946	30574	16203825	10695	16214542	30596	10717
ENSMUST00000191774	CAAAGCAACCTTATGCTCTATT	16214520	16189563	24957	16203825	10695	16214542	24979	10717
ENSMUST00000191774	CAAAGCAACCTTATGCTCTATT	16214520	16189563	24957	16213954	566	16214542	24979	588
ENSMUST00000007245	CCTGAGCTTTGTCCTGGACACC	35020004	35022833	-2829	35023611	-3607	35020026	-2807	-3585
ENSMUST00000020528	AAGACACATCCTGGGGGCTGGA	32232272	32227949	4323	32229848	2424	32232294	4345	2446
ENSMUST00000020528	AAGACACATCCTGGGGGCTGGA	32232272	32227949	4323	32229879	2393	32232294	4345	2415
ENSMUST00000165607	GAATGGGAGGTGAAAAAAGGAA	80142280	80067572	74708	80089848	52432	80142302	74730	52454
ENSMUST00000165607	GAATGGGAGGTGAAAAAAGGAA	80142280	80067572	74708	80092266	50014	80142302	74730	50036
ENSMUST00000165607	GAATGGGAGGTGAAAAAAGGAA	80142280	80067572	74708	80092266	50014	80142302	74730	50036
ENSMUST00000165607	GAATGGGAGGTGAAAAAAGGAA	80142280	80067572	74708	80093536	48744	80142302	74730	48766
ENSMUST00000165607	GAATGGGAGGTGAAAAAAGGAA	80142280	80067572	74708	80103693	38587	80142302	74730	38609
ENSMUST00000165607	GAATGGGAGGTGAAAAAAGGAA	80142280	80087523	54757	80092266	50014	80142302	54779	50036
ENSMUST00000165607	GAATGGGAGGTGAAAAAAGGAA	80142280	80067572	74708	80093536	48744	80142302	74730	48766
ENSMUST00000165607	GAATGGGAGGTGAAAAAAGGAA	80142280	80089906	52374	80093536	48744	80142302	52396	48766
ENSMUST00000165607	GAATGGGAGGTGAAAAAAGGAA	80142280	80067572	74708	80098885	43395	80142302	74730	43417
ENSMUST00000165607	GAATGGGAGGTGAAAAAAGGAA	80142280	80067572	74708	80103693	38587	80142302	74730	38609
ENSMUST00000165607	GAATGGGAGGTGAAAAAAGGAA	80142280	80089906	52374	80103693	38587	80142302	52396	38609
ENSMUST00000165607	GAATGGGAGGTGAAAAAAGGAA	80142280	80067572	74708	80103693	38587	80142302	74730	38609
ENSMUST00000165607	GAATGGGAGGTGAAAAAAGGAA	80142280	80093641	48639	80103693	38587	80142302	48661	38609
ENSMUST00000165607	GAATGGGAGGTGAAAAAAGGAA	80142280	80098906	43374	80111310	30970	80142302	43396	30992
ENSMUST00000165607	GAATGGGAGGTGAAAAAAGGAA	80142280	80103764	38516	80116531	25749	80142302	38538	25771
ENSMUST00000165607	GAATGGGAGGTGAAAAAAGGAA	80142280	80111453	30827	80116531	25749	80142302	30849	25771
ENSMUST00000165607	GAATGGGAGGTGAAAAAAGGAA	80142280	80116764	25516	80121863	20417	80142302	25538	20439
ENSMUST00000165607	GAATGGGAGGTGAAAAAAGGAA	80142280	80118642	23638	80121863	20417	80142302	23660	20439
ENSMUST00000165607	GAATGGGAGGTGAAAAAAGGAA	80142280	80122058	20222	80126142	16138	80142302	20244	16160
ENSMUST00000165607	GAATGGGAGGTGAAAAAAGGAA	80142280	80126252	16028	80130738	11542	80142302	16050	11564
ENSMUST00000165607	GAATGGGAGGTGAAAAAAGGAA	80142280	80130858	11422	80136457	5823	80142302	11444	5845
ENSMUST00000212221	CAAGAGCTTTAACTGAATTTTA	4331375	4309934	21441	4329848	1527	4331397	21463	1549
ENSMUST00000124226	GAACGGAGGCTGAAGCTGAGAC	134694724	134686637	8087	134688016	6708	134694746	8109	6730
ENSMUST00000124226	GAACGGAGGCTGAAGCTGAGAC	134694724	134687225	7499	134688449	6275	134694746	7521	6297
ENSMUST00000124226	GAACGGAGGCTGAAGCTGAGAC	134694724	134688106	6618	134688819	5905	134694746	6640	5927
ENSMUST00000112844	TAAGACGAGCAGCTAAGAAATT	97775561	97770255	5306	97777325	-1764	97775583	5328	-1742
ENSMUST00000112844	TAAGACGAGCAGCTAAGAAATT	97775561	97770255	5306	97782926	-7365	97775583	5328	-7343
ENSMUST00000112844	TAAGACGAGCAGCTAAGAAATT	97775561	97770255	5306	97782926	-7365	97775583	5328	-7343
ENSMUST00000112844	TAAGACGAGCAGCTAAGAAATT	97775561	97770255	5306	97783193	-7632	97775583	5328	-7610
ENSMUST00000112844	TAAGACGAGCAGCTAAGAAATT	97775561	97770255	5306	97784752	-9191	97775583	5328	-9169
ENSMUST00000112844	TAAGACGAGCAGCTAAGAAATT	97775561	97770255	5306	97784752	-9191	97775583	5328	-9169
ENSMUST00000003964	GGGCATCCCCAGCATCTCCACC	45451591	45440049	11542	45442915	8676	45451613	11564	8698
ENSMUST00000003964	GGGCATCCCCAGCATCTCCACC	45451591	45448379	3212	45451750	-159	45451613	3234	-137
ENSMUST00000003964	GGGCATCCCCAGCATCTCCACC	45451591	45451914	-323	45455040	-3449	45451613	-301	-3427
ENSMUST00000035055	GGCGGCGGCGGCGGGCAGTCGC	109931927	109931940	-13	109999771	-67844	109978859	46919	-20912
ENSMUST00000035055	GGCGGCGGCGGCGGGCAGTCGC	109931927	109979091	-47164	110026100	-94173	109978859	-232	-47241
ENSMUST00000035055	GGCGGCGGCGGCGGGCAGTCGC	109931927	109979091	-47164	110032098	-100171	109978859	-232	-53239
ENSMUST00000035055	GGCGGCGGCGGCGGGCAGTCGC	109931927	109999840	-67913	110027678	-95751	109978859	-20981	-48819
ENSMUST00000035055	GGCGGCGGCGGCGGGCAGTCGC	109931927	109999840	-67913	110032098	-100171	109978859	-20981	-53239
ENSMUST00000035055	GGCGGCGGCGGCGGGCAGTCGC	109931927	109999840	-67913	110063016	-131089	109978859	-20981	-84157
ENSMUST00000035055	GGCGGCGGCGGCGGGCAGTCGC	109931927	110027792	-95865	110034372	-102445	109978859	-48933	-55513
ENSMUST00000035055	GGCGGCGGCGGCGGGCAGTCGC	109931927	110032233	-100306	110036741	-104814	109978859	-53374	-57882
ENSMUST00000035055	GGCGGCGGCGGCGGGCAGTCGC	109931927	110036855	-104928	110063016	-131089	109978859	-57996	-84157
ENSMUST00000035055	GGCGGCGGCGGCGGGCAGTCGC	109931927	110063123	-131196	110067484	-135557	109978859	-84264	-88625
ENSMUST00000035055	GGCGGCGGCGGCGGGCAGTCGC	109931927	110068985	-137058	110072612	-140685	109978859	-90126	-93753
ENSMUST00000035055	GGCGGCGGCGGCGGGCAGTCGC	109931927	110068985	-137058	110078002	-146075	109978859	-90126	-99143
ENSMUST00000035055	GGCGGCGGCGGCGGGCAGTCGC	109931927	110068985	-137058	110078002	-146075	109978859	-90126	-99143
ENSMUST00000035055	GGCGGCGGCGGCGGGCAGTCGC	109931927	110068985	-137058	110081420	-149493	109978859	-90126	-102561
ENSMUST00000035055	GGCGGCGGCGGCGGGCAGTCGC	109931927	110071139	-139212	110078002	-146075	109978859	-92280	-99143
ENSMUST00000035055	GGCGGCGGCGGCGGGCAGTCGC	109931927	110068985	-137058	110081420	-149493	109978859	-90126	-102561
ENSMUST00000035055	GGCGGCGGCGGCGGGCAGTCGC	109931927	110072705	-140778	110081420	-149493	109978859	-93846	-102561
ENSMUST00000035055	GGCGGCGGCGGCGGGCAGTCGC	109931927	110078084	-146157	110081420	-149493	109978859	-99225	-102561
ENSMUST00000035055	GGCGGCGGCGGCGGGCAGTCGC	109931927	110078084	-146157	110081420	-149493	109978859	-99225	-102561
ENSMUST00000035055	GGCGGCGGCGGCGGGCAGTCGC	109931927	110079893	-147966	110081734	-149807	109978859	-101034	-102875
ENSMUST00000035055	GGCGGCGGCGGCGGGCAGTCGC	109931927	110079893	-147966	110081840	-149913	109978859	-101034	-102981
ENSMUST00000035055	GGCGGCGGCGGCGGGCAGTCGC	109931927	110079896	-147969	110081840	-149913	109978859	-101037	-102981
ENSMUST00000073211	TCGATAAGTGTGAGGTGGGCAC	71064452	71080895	-16443	71084237	-19785	71064474	-16421	-19763
ENSMUST00000073211	TCGATAAGTGTGAGGTGGGCAC	71064452	71087570	-23118	71092099	-27647	71064474	-23096	-27625
ENSMUST00000020756	ATATCCCTTGGAATGGACCTGT	29137283	29130918	6365	29133851	3432	29138161	7243	4310
ENSMUST00000020756	ATATCCCTTGGAATGGACCTGT	29137283	29140005	-2722	29141663	-4380	29138161	-1844	-3502
ENSMUST00000020756	ATATCCCTTGGAATGGACCTGT	29137283	29141766	-4483	29146795	-9512	29138161	-3605	-8634
ENSMUST00000020756	ATATCCCTTGGAATGGACCTGT	29137283	29141766	-4483	29147297	-10014	29138161	-3605	-9136
ENSMUST00000020756	ATATCCCTTGGAATGGACCTGT	29137283	29148331	-11048	29154143	-16860	29138161	-10170	-15982
ENSMUST00000020756	ATATCCCTTGGAATGGACCTGT	29137283	29130918	6365	29133851	3432	29138161	7243	4310
ENSMUST00000020756	ATATCCCTTGGAATGGACCTGT	29137283	29140005	-2722	29141663	-4380	29138161	-1844	-3502
ENSMUST00000020756	ATATCCCTTGGAATGGACCTGT	29137283	29141766	-4483	29146795	-9512	29138161	-3605	-8634
ENSMUST00000020756	ATATCCCTTGGAATGGACCTGT	29137283	29141766	-4483	29147297	-10014	29138161	-3605	-9136
ENSMUST00000020756	ATATCCCTTGGAATGGACCTGT	29137283	29148331	-11048	29154143	-16860	29138161	-10170	-15982
ENSMUST00000118535	TGGAAATAAAGTGGAACGGAGT	123835265	123823894	11371	123828995	6270	123835286	11392	6291
ENSMUST00000118535	TGGAAATAAAGTGGAACGGAGT	123835265	123830387	4878	123834014	1251	123835286	4899	1272
ENSMUST00000118535	TGGAAATAAAGTGGAACGGAGT	123835265	123830387	4878	123834693	572	123835286	4899	593
ENSMUST00000107720	CCTGAAATATTGCCAAACACAC	48183195	48124958	58237	48131764	51431	48183217	58259	51453
ENSMUST00000107720	CCTGAAATATTGCCAAACACAC	48183195	48124958	58237	48158810	24385	48183217	58259	24407
ENSMUST00000107720	CCTGAAATATTGCCAAACACAC	48183195	48131949	51246	48158810	24385	48183217	51268	24407
ENSMUST00000107720	CCTGAAATATTGCCAAACACAC	48183195	48140485	42710	48166927	16268	48183217	42732	16290
ENSMUST00000107720	CCTGAAATATTGCCAAACACAC	48183195	48181535	1660	48182839	356	48183217	1682	378
ENSMUST00000107720	CCTGAAATATTGCCAAACACAC	48183195	48181535	1660	48185079	-1884	48183217	1682	-1862
ENSMUST00000024880	GCAGGGAGATCCAAACTGCAAA	78601901	78508325	93576	78546378	55523	78605438	97113	59060
ENSMUST00000024880	GCAGGGAGATCCAAACTGCAAA	78601901	78534684	67217	78566014	35887	78605438	70754	39424
ENSMUST00000024880	GCAGGGAGATCCAAACTGCAAA	78601901	78546444	55457	78579353	22548	78605438	58994	26085
ENSMUST00000024880	GCAGGGAGATCCAAACTGCAAA	78601901	78566171	35730	78579353	22548	78605438	39267	26085
ENSMUST00000024880	GCAGGGAGATCCAAACTGCAAA	78601901	78574218	27683	78586657	15244	78605438	31220	18781
ENSMUST00000020756	AGATATCCCTTGGAATGGACCT	29137281	29130918	6363	29133851	3430	29138159	7241	4308
ENSMUST00000020756	AGATATCCCTTGGAATGGACCT	29137281	29140005	-2724	29141663	-4382	29138159	-1846	-3504
ENSMUST00000020756	AGATATCCCTTGGAATGGACCT	29137281	29141766	-4485	29146795	-9514	29138159	-3607	-8636
ENSMUST00000020756	AGATATCCCTTGGAATGGACCT	29137281	29141766	-4485	29147297	-10016	29138159	-3607	-9138
ENSMUST00000020756	AGATATCCCTTGGAATGGACCT	29137281	29148331	-11050	29154143	-16862	29138159	-10172	-15984
ENSMUST00000162854	TGCGTAAAATCCATCACTGTTT	49753903	49675386	78517	49707509	46394	49753925	78539	46416
ENSMUST00000057270	CTGTAGCTCTTACAGTCTTTTC	58677224	58676552	672	58679503	-2279	58679507	2955	4
ENSMUST00000057270	CTGTAGCTCTTACAGTCTTTTC	58677224	58676552	672	58679503	-2279	58679507	2955	4
ENSMUST00000224503	GAAACGTGATGTATAGGGGCTG	64808965	64669717	139248	64714073	94892	64808987	139270	94914
ENSMUST00000224503	GAAACGTGATGTATAGGGGCTG	64808965	64708504	100461	64715387	93578	64808987	100483	93600
ENSMUST00000224503	GAAACGTGATGTATAGGGGCTG	64808965	64748608	60357	64751505	57460	64808987	60379	57482
ENSMUST00000041105	ACTCAGGCCAGGATTTTAACTG	10523958	10372616	151342	10393264	130694	10523980	151364	130716
ENSMUST00000041105	ACTCAGGCCAGGATTTTAACTG	10523958	10380235	143723	10393264	130694	10523980	143745	130716
ENSMUST00000041105	ACTCAGGCCAGGATTTTAACTG	10523958	10461472	62486	10530490	-6532	10523980	62508	-6510
ENSMUST00000041105	ACTCAGGCCAGGATTTTAACTG	10523958	10575511	-51553	10577814	-53856	10523980	-51531	-53834
ENSMUST00000109109	GCCTTAATTATTTTGGAACAAA	114151906	114133700	18206	114147894	4012	114151928	18228	4034
ENSMUST00000041105	TGTGAATCCAGGAGAGGTGTGC	10530552	10372616	157936	10393264	137288	10530574	157958	137310
ENSMUST00000041105	TGTGAATCCAGGAGAGGTGTGC	10530552	10380235	150317	10393264	137288	10530574	150339	137310
ENSMUST00000041105	TGTGAATCCAGGAGAGGTGTGC	10530552	10461472	69080	10530490	62	10530574	69102	84
ENSMUST00000041105	TGTGAATCCAGGAGAGGTGTGC	10530552	10575511	-44959	10577814	-47262	10530574	-44937	-47240
ENSMUST00000064595	GCAAACTGAGAAGAGAAAGCAA	21269794	21213225	56569	21217974	51820	21269816	56591	51842
ENSMUST00000064595	GCAAACTGAGAAGAGAAAGCAA	21269794	21239649	30145	21247287	22507	21269816	30167	22529
ENSMUST00000064595	GCAAACTGAGAAGAGAAAGCAA	21269794	21254467	15327	21258009	11785	21269816	15349	11807
ENSMUST00000042517	GTATCCATATTTGGATAGGTCT	97127958	97071711	56247	97106953	21005	97127980	56269	21027
ENSMUST00000042517	GTATCCATATTTGGATAGGTCT	97127958	97091952	36006	97094061	33897	97127980	36028	33919
ENSMUST00000042517	GTATCCATATTTGGATAGGTCT	97127958	97091952	36006	97106953	21005	97127980	36028	21027
ENSMUST00000042517	GTATCCATATTTGGATAGGTCT	97127958	97094147	33811	97106953	21005	97127980	33833	21027
ENSMUST00000042517	GTATCCATATTTGGATAGGTCT	97127958	97107133	20825	97111295	16663	97127980	20847	16685
ENSMUST00000042517	GTATCCATATTTGGATAGGTCT	97127958	97111402	16556	97114108	13850	97127980	16578	13872
ENSMUST00000042517	GTATCCATATTTGGATAGGTCT	97127958	97118531	9427	97126495	1463	97127980	9449	1485
ENSMUST00000061656	TGGAAATTCTGGGATACAGTCT	6768086	6735462	32624	6750657	17429	6768108	32646	17451
ENSMUST00000061656	TGGAAATTCTGGGATACAGTCT	6768086	6744392	23694	6750657	17429	6768108	23716	17451
ENSMUST00000061656	TGGAAATTCTGGGATACAGTCT	6768086	6745580	22506	6756460	11626	6768108	22528	11648
ENSMUST00000100203	GGAAACTGAGGCATGAGCTCTT	100216380	100142147	74233	100154156	62224	100216402	74255	62246
ENSMUST00000100203	GGAAACTGAGGCATGAGCTCTT	100216380	100157968	58412	100161977	54403	100216402	58434	54425
ENSMUST00000100203	GGAAACTGAGGCATGAGCTCTT	100216380	100191110	25270	100195790	20590	100216402	25292	20612
ENSMUST00000100203	GGAAACTGAGGCATGAGCTCTT	100216380	100142147	74233	100154156	62224	100216402	74255	62246
ENSMUST00000100203	GGAAACTGAGGCATGAGCTCTT	100216380	100157968	58412	100161977	54403	100216402	58434	54425
ENSMUST00000100203	GGAAACTGAGGCATGAGCTCTT	100216380	100191110	25270	100195790	20590	100216402	25292	20612
ENSMUST00000098519	CTGACTGGGACTGGAGACACGG	88745288	88697099	48189	88707088	38200	88745310	48211	38222
ENSMUST00000098519	CTGACTGGGACTGGAGACACGG	88745288	88709996	35292	88719297	25991	88745310	35314	26013
ENSMUST00000098519	CTGACTGGGACTGGAGACACGG	88745288	88709996	35292	88723098	22190	88745310	35314	22212
ENSMUST00000098519	CTGACTGGGACTGGAGACACGG	88745288	88709996	35292	88723098	22190	88745310	35314	22212
ENSMUST00000098519	CTGACTGGGACTGGAGACACGG	88745288	88709996	35292	88731674	13614	88745310	35314	13636
ENSMUST00000098519	CTGACTGGGACTGGAGACACGG	88745288	88719396	25892	88729458	15830	88745310	25914	15852
ENSMUST00000098519	CTGACTGGGACTGGAGACACGG	88745288	88723212	22076	88731674	13614	88745310	22098	13636
ENSMUST00000098519	CTGACTGGGACTGGAGACACGG	88745288	88729838	15450	88731674	13614	88745310	15472	13636
ENSMUST00000098519	CTGACTGGGACTGGAGACACGG	88745288	88735897	9391	88742285	3003	88745310	9413	3025
ENSMUST00000107178	TAACCATCCTCTCGACTACACA	86427301	86232691	194610	86247970	179331	86427323	194632	179353
ENSMUST00000107178	TAACCATCCTCTCGACTACACA	86427301	86232691	194610	86249762	177539	86427323	194632	177561
ENSMUST00000107178	TAACCATCCTCTCGACTACACA	86427301	86232691	194610	86249762	177539	86427323	194632	177561
ENSMUST00000107178	TAACCATCCTCTCGACTACACA	86427301	86243767	183534	86249762	177539	86427323	183556	177561
ENSMUST00000107178	TAACCATCCTCTCGACTACACA	86427301	86343155	84146	86374851	52450	86427323	84168	52472
ENSMUST00000080461	CTACTGGAGGCAGCAGTGGCGA	82799506	82788915	10591	82789816	9690	82799528	10613	9712
ENSMUST00000080461	CTACTGGAGGCAGCAGTGGCGA	82799506	82789713	9793	82790472	9034	82799528	9815	9056
ENSMUST00000080461	CTACTGGAGGCAGCAGTGGCGA	82799506	82792192	7314	82794503	5003	82799528	7336	5025
ENSMUST00000080461	CTACTGGAGGCAGCAGTGGCGA	82799506	82796151	3355	82797773	1733	82799528	3377	1755
ENSMUST00000076467	CTTCCAGGAGTCAGGATGGACT	106984204	106965114	19090	106969158	15046	106984226	19112	15068
ENSMUST00000076467	CTTCCAGGAGTCAGGATGGACT	106984204	106965114	19090	106972746	11458	106984226	19112	11480
ENSMUST00000076467	CTTCCAGGAGTCAGGATGGACT	106984204	106972840	11364	106973776	10428	106984226	11386	10450
ENSMUST00000076467	CTTCCAGGAGTCAGGATGGACT	106984204	106974020	10184	106975484	8720	106984226	10206	8742
ENSMUST00000076467	CTTCCAGGAGTCAGGATGGACT	106984204	106974696	9508	106975484	8720	106984226	9530	8742
ENSMUST00000076467	CTTCCAGGAGTCAGGATGGACT	106984204	106976712	7492	106979294	4910	106984226	7514	4932
ENSMUST00000076467	CTTCCAGGAGTCAGGATGGACT	106984204	106976712	7492	106982963	1241	106984226	7514	1263
ENSMUST00000076467	CTTCCAGGAGTCAGGATGGACT	106984204	106976712	7492	106982963	1241	106984226	7514	1263
ENSMUST00000159975	TCATCAGGAATGCTCTGGGAAG	29137548	29140641	-3093	29145131	-7583	29137570	-3071	-7561
ENSMUST00000159975	TCATCAGGAATGCTCTGGGAAG	29137548	29140641	-3093	29145131	-7583	29137570	-3071	-7561
ENSMUST00000159975	TCATCAGGAATGCTCTGGGAAG	29137548	29150291	-12743	29151445	-13897	29137570	-12721	-13875
ENSMUST00000107777	TGACCCTGACCTTGTGAAGGCG	46013094	45972436	40658	45989077	24017	46013116	40680	24039
ENSMUST00000107777	TGACCCTGACCTTGTGAAGGCG	46013094	45972436	40658	45992196	20898	46013116	40680	20920
ENSMUST00000107777	TGACCCTGACCTTGTGAAGGCG	46013094	45989219	23875	45992196	20898	46013116	23897	20920
ENSMUST00000107777	TGACCCTGACCTTGTGAAGGCG	46013094	45992270	20824	46005116	7978	46013116	20846	8000
ENSMUST00000107777	TGACCCTGACCTTGTGAAGGCG	46013094	46017003	-3909	46020804	-7710	46013116	-3887	-7688
ENSMUST00000107777	TGACCCTGACCTTGTGAAGGCG	46013094	46018616	-5522	46023394	-10300	46013116	-5500	-10278
ENSMUST00000107777	TGACCCTGACCTTGTGAAGGCG	46013094	46018616	-5522	46029646	-16552	46013116	-5500	-16530
ENSMUST00000107777	TGACCCTGACCTTGTGAAGGCG	46013094	46023505	-10411	46029646	-16552	46013116	-10389	-16530
ENSMUST00000107777	TGACCCTGACCTTGTGAAGGCG	46013094	46023505	-10411	46034295	-21201	46013116	-10389	-21179
ENSMUST00000107777	TGACCCTGACCTTGTGAAGGCG	46013094	46026159	-13065	46034295	-21201	46013116	-13043	-21179
ENSMUST00000045026	TTGGAAGAGAACCTGTTGAACT	78305186	78313939	-8753	78314704	-9518	78305208	-8731	-9496
ENSMUST00000045026	TTGGAAGAGAACCTGTTGAACT	78305186	78315108	-9922	78315508	-10322	78305208	-9900	-10300
ENSMUST00000045026	TTGGAAGAGAACCTGTTGAACT	78305186	78316041	-10855	78319985	-14799	78305208	-10833	-14777
ENSMUST00000106203	CCGCAGCTGCTCGAGCTGCTCA	120479269	120478605	664	120479086	183	120479291	686	205
ENSMUST00000112140	ATCACTGGAATCCACTGTCACG	71250899	71219418	31481	71228599	22300	71250921	31503	22322
ENSMUST00000112140	ATCACTGGAATCCACTGTCACG	71250899	71219418	31481	71228599	22300	71250921	31503	22322
ENSMUST00000112140	ATCACTGGAATCCACTGTCACG	71250899	71228690	22209	71235914	14985	71250921	22231	15007
ENSMUST00000112140	ATCACTGGAATCCACTGTCACG	71250899	71248933	1966	71249718	1181	71250921	1988	1203
ENSMUST00000112140	ATCACTGGAATCCACTGTCACG	71250899	71249852	1047	71258083	-7184	71250921	1069	-7162
ENSMUST00000112140	ATCACTGGAATCCACTGTCACG	71250899	71258224	-7325	71262647	-11748	71250921	-7303	-11726
ENSMUST00000103108	GCAGCCGAAGGCCTGGGGGTTG	101276197	101261280	14917	101263768	12429	101276219	14939	12451
ENSMUST00000103108	GCAGCCGAAGGCCTGGGGGTTG	101276197	101261280	14917	101263768	12429	101276219	14939	12451
ENSMUST00000103108	GCAGCCGAAGGCCTGGGGGTTG	101276197	101268490	7707	101269061	7136	101276219	7729	7158
ENSMUST00000103108	GCAGCCGAAGGCCTGGGGGTTG	101276197	101274869	1328	101275981	216	101276219	1350	238
ENSMUST00000103108	GCAGCCGAAGGCCTGGGGGTTG	101276197	101275549	648	101275981	216	101276219	670	238
ENSMUST00000103108	GCAGCCGAAGGCCTGGGGGTTG	101276197	101276677	-480	101277032	-835	101276219	-458	-813
ENSMUST00000103108	GCAGCCGAAGGCCTGGGGGTTG	101276197	101276677	-480	101277032	-835	101276219	-458	-813
ENSMUST00000000253	ATCTCTGACCGCTACTACCTGC	38353369	38354852	-1483	38368841	-15472	38353391	-1461	-15450
ENSMUST00000113130	AGATGCGGGATATCACAGAGGC	88230457	88259221	-28764	88259904	-29447	88230632	-28589	-29272
ENSMUST00000156680	GTGCAAGGCTAAAACTAAAATT	13846065	13836183	9882	13836836	9229	13846087	9904	9251
ENSMUST00000036865	AAGCTTAGGGCAGCAGGCAGAC	79427224	79392391	34833	79401824	25400	79427246	34855	25422
ENSMUST00000036865	AAGCTTAGGGCAGCAGGCAGAC	79427224	79395995	31229	79401824	25400	79427246	31251	25422
ENSMUST00000036865	AAGCTTAGGGCAGCAGGCAGAC	79427224	79402568	24656	79406166	21058	79427246	24678	21080
ENSMUST00000162057	AGGCGCGGGGAGAGTAGGGTGC	58728016	58728084	-68	58729437	-1421	58728038	-46	-1399
ENSMUST00000162057	AGGCGCGGGGAGAGTAGGGTGC	58728016	58728084	-68	58729437	-1421	58728038	-46	-1399
ENSMUST00000162057	AGGCGCGGGGAGAGTAGGGTGC	58728016	58728084	-68	58729437	-1421	58728038	-46	-1399
ENSMUST00000162057	AGGCGCGGGGAGAGTAGGGTGC	58728016	58728084	-68	58731301	-3285	58728038	-46	-3263
ENSMUST00000162057	AGGCGCGGGGAGAGTAGGGTGC	58728016	58731412	-3396	58732838	-4822	58728038	-3374	-4800
ENSMUST00000020365	GGGTGACAAACCAGAGGAAGAT	80233032	80226704	6328	80228994	4038	80234230	7526	5236
ENSMUST00000020365	GGGTGACAAACCAGAGGAAGAT	80233032	80226704	6328	80228994	4038	80234230	7526	5236
ENSMUST00000020365	GGGTGACAAACCAGAGGAAGAT	80233032	80226704	6328	80232237	795	80234230	7526	1993
ENSMUST00000020365	GGGTGACAAACCAGAGGAAGAT	80233032	80233047	-15	80236110	-3078	80234230	1183	-1880
ENSMUST00000020365	GGGTGACAAACCAGAGGAAGAT	80233032	80236181	-3149	80238859	-5827	80234230	-1951	-4629
ENSMUST00000027112	GTCGGCTGAATTCCAAAGATGC	62718946	62704277	14669	62738288	-19342	62718968	14691	-19320
ENSMUST00000027112	GTCGGCTGAATTCCAAAGATGC	62718946	62786301	-67355	62815332	-96386	62718968	-67333	-96364
ENSMUST00000027112	GTCGGCTGAATTCCAAAGATGC	62718946	62786316	-67370	62815332	-96386	62718968	-67348	-96364
ENSMUST00000114399	GAGAACCAAGAAGGTGATCCTG	33855557	33820877	34680	33843111	12446	33855579	34702	12468
ENSMUST00000114399	GAGAACCAAGAAGGTGATCCTG	33855557	33820877	34680	33854609	948	33855579	34702	970
ENSMUST00000114399	GAGAACCAAGAAGGTGATCCTG	33855557	33820877	34680	33854609	948	33855579	34702	970
ENSMUST00000114399	GAGAACCAAGAAGGTGATCCTG	33855557	33821728	33829	33854609	948	33855579	33851	970
ENSMUST00000114399	GAGAACCAAGAAGGTGATCCTG	33855557	33843737	11820	33854609	948	33855579	11842	970
ENSMUST00000114399	GAGAACCAAGAAGGTGATCCTG	33855557	33843737	11820	33855253	304	33855579	11842	326
ENSMUST00000114399	GAGAACCAAGAAGGTGATCCTG	33855557	33861178	-5621	33867573	-12016	33855579	-5599	-11994
ENSMUST00000114399	GAGAACCAAGAAGGTGATCCTG	33855557	33861178	-5621	33868753	-13196	33855579	-5599	-13174
ENSMUST00000114399	GAGAACCAAGAAGGTGATCCTG	33855557	33861178	-5621	33868753	-13196	33855579	-5599	-13174
ENSMUST00000114399	GAGAACCAAGAAGGTGATCCTG	33855557	33864778	-9221	33868753	-13196	33855579	-9199	-13174
ENSMUST00000114399	GAGAACCAAGAAGGTGATCCTG	33855557	33864778	-9221	33868753	-13196	33855579	-9199	-13174
ENSMUST00000114399	GAGAACCAAGAAGGTGATCCTG	33855557	33861178	-5621	33879057	-23500	33855579	-5599	-23478
ENSMUST00000114399	GAGAACCAAGAAGGTGATCCTG	33855557	33868878	-13321	33879057	-23500	33855579	-13299	-23478
ENSMUST00000114399	GAGAACCAAGAAGGTGATCCTG	33855557	33868878	-13321	33879057	-23500	33855579	-13299	-23478
ENSMUST00000114399	GAGAACCAAGAAGGTGATCCTG	33855557	33887368	-31811	33891939	-36382	33855579	-31789	-36360
ENSMUST00000111288	AGGGGGGGGGGGCGGATGACTTG	130843841	130384826	459015	130506063	337778	130843864	459038	337801
ENSMUST00000111288	AGGGGGGGGGGGCGGATGACTTG	130843841	130447891	395950	130617842	225999	130843864	395973	226022
ENSMUST00000111288	AGGGGGGGGGGGCGGATGACTTG	130843841	130449458	394383	130617842	225999	130843864	394406	226022
ENSMUST00000111288	AGGGGGGGGGGGCGGATGACTTG	130843841	130506188	337653	130669526	174315	130843864	337676	174338
ENSMUST00000111288	AGGGGGGGGGGGCGGATGACTTG	130843841	130617986	225855	130822872	20969	130843864	225878	20992
ENSMUST00000111288	AGGGGGGGGGGGCGGATGACTTG	130843841	130669639	174202	130839282	4559	130843864	174225	4582
ENSMUST00000106907	GAACCTTCATGGAGCGCCGAACA	102497804	102255456	242348	102487210	10594	102505996	250540	18786
ENSMUST00000106907	GAACCTTCATGGAGCGCCGAACA	102497804	102255456	242348	102497621	183	102505996	250540	8375
ENSMUST00000106907	GAACCTTCATGGAGCGCCGAACA	102497804	102487405	10399	102497753	51	102505996	18591	8243
ENSMUST00000106907	GAACCTTCATGGAGCGCCGAACA	102497804	102497824	-20	102570765	-72961	102505996	8172	-64769
ENSMUST00000106907	GAACCTTCATGGAGCGCCGAACA	102497804	102597858	-100054	102601532	-103728	102505996	-91862	-95536
ENSMUST00000047025	ACAGACAGAAGGACGGTAGGCCA	121083484	121118665	-35181	121125419	-41935	121083507	-35158	-41912
ENSMUST00000047025	ACAGACAGAAGGACGGTAGGCCA	121083484	121118665	-35181	121125419	-41935	121083507	-35158	-41912
ENSMUST00000121717	TTAATTGGAATGGATGGGAACAC	136546862	136532471	14391	136537085	9777	136546885	14414	9800
ENSMUST00000163483	TAGGGTAGGGTATGGCTGTTGAT	20226622	20215702	10920	20223083	3539	20226645	10943	3562
ENSMUST00000163483	TAGGGTAGGGTATGGCTGTTGAT	20226622	20215702	10920	20224366	2256	20226645	10943	2279
ENSMUST00000163483	TAGGGTAGGGTATGGCTGTTGAT	20226622	20215702	10920	20223083	3539	20226645	10943	3562
ENSMUST00000163483	TAGGGTAGGGTATGGCTGTTGAT	20226622	20215702	10920	20224366	2256	20226645	10943	2279
ENSMUST00000095909	AAATCCGCGACCTTCACCCTTCA	91831089	91784155	46934	91793606	37483	91831112	46957	37506
ENSMUST00000095909	AAATCCGCGACCTTCACCCTTCA	91831089	91839842	-8753	91848721	-17632	91831112	-8730	-17609
ENSMUST00000095909	AAATCCGCGACCTTCACCCTTCA	91831089	91841610	-10521	91848721	-17632	91831112	-10498	-17609
ENSMUST00000095909	AAATCCGCGACCTTCACCCTTCA	91831089	91841610	-10521	91848721	-17632	91831112	-10498	-17609
ENSMUST00000095909	AAATCCGCGACCTTCACCCTTCA	91831089	91848969	-17880	91853694	-22605	91831112	-17857	-22582
ENSMUST00000095909	AAATCCGCGACCTTCACCCTTCA	91831089	91850965	-19876	91854572	-23483	91831112	-19853	-23460
ENSMUST00000095909	AAATCCGCGACCTTCACCCTTCA	91831089	91854655	-23566	91861193	-30104	91831112	-23543	-30081
ENSMUST00000095909	AAATCCGCGACCTTCACCCTTCA	91831089	91854655	-23566	91863256	-32167	91831112	-23543	-32144
ENSMUST00000095909	AAATCCGCGACCTTCACCCTTCA	91831089	91887521	-56432	91893791	-62702	91831112	-56409	-62679
ENSMUST00000095909	AAATCCGCGACCTTCACCCTTCA	91831089	91896425	-65336	91905286	-74197	91831112	-65313	-74174
ENSMUST00000095909	AAATCCGCGACCTTCACCCTTCA	91831089	91899672	-68583	91906757	-75668	91831112	-68560	-75645
ENSMUST00000095909	AAATCCGCGACCTTCACCCTTCA	91831089	91908485	-77396	91909204	-78115	91831112	-77373	-78092
ENSMUST00000035371	GTGTGAAGCCTGGATTTAATTTA	96194441	96181303	13138	96186972	7469	96194464	13161	7492
ENSMUST00000035371	GTGTGAAGCCTGGATTTAATTTA	96194441	96190760	3681	96193188	1253	96194464	3704	1276
ENSMUST00000035661	TCTGACGGCGCACACACTTCTCC	56892655	56888786	3869	56890989	1666	56892678	3892	1689
ENSMUST00000084524	CTGCAGCTGGGACTCAGAACTGC	62424263	62409752	14511	62414542	9721	62424286	14534	9744
ENSMUST00000084524	CTGCAGCTGGGACTCAGAACTGC	62424263	62416710	7553	62419275	4988	62424286	7576	5011
ENSMUST00000084524	CTGCAGCTGGGACTCAGAACTGC	62424263	62419365	4898	62422414	1849	62424286	4921	1872
ENSMUST00000047923	ATGGTGGTGACGGATGTCGGAGA	123343155	123330439	12716	123343040	115	123343178	12739	138
ENSMUST00000179074	AGACTCTAACTTATTGTGATGGG	74423529	74395668	27861	74404003	19526	74423552	27884	19549
ENSMUST00000179074	AGACTCTAACTTATTGTGATGGG	74423529	74401998	21531	74405684	17845	74423552	21554	17868
ENSMUST00000179074	AGACTCTAACTTATTGTGATGGG	74423529	74415722	7807	74423016	513	74423552	7830	536
ENSMUST00000179074	AGACTCTAACTTATTGTGATGGG	74423529	74418667	4862	74423016	513	74423552	4885	536
ENSMUST00000071442	GAGCCCGGGCTCCCCTCTACTCA	25407882	25400698	7184	25406214	1668	25407905	7207	1691
ENSMUST00000071442	GAGCCCGGGCTCCCCTCTACTCA	25407882	25407542	340	25407840	42	25407905	363	65
ENSMUST00000071442	GAGCCCGGGCTCCCCTCTACTCA	25407882	25408014	-132	25408259	-377	25407905	-109	-354
ENSMUST00000071442	GAGCCCGGGCTCCCCTCTACTCA	25407882	25408014	-132	25408259	-377	25407905	-109	-354
ENSMUST00000035606	CCAAAGCTGAAGAATTTGATCAA	50713252	50592897	120355	50617711	95541	50714279	121382	96568
ENSMUST00000035606	CCAAAGCTGAAGAATTTGATCAA	50713252	50604882	108370	50617711	95541	50714279	109397	96568
ENSMUST00000035606	CCAAAGCTGAAGAATTTGATCAA	50713252	50608070	105182	50637907	75345	50714279	106209	76372
ENSMUST00000035606	CCAAAGCTGAAGAATTTGATCAA	50713252	50660726	52526	50699939	13313	50714279	53553	14340
ENSMUST00000035606	CCAAAGCTGAAGAATTTGATCAA	50713252	50748943	-35691	50750452	-37200	50714279	-34664	-36173
ENSMUST00000035606	CCAAAGCTGAAGAATTTGATCAA	50713252	50767507	-54255	50840297	-127045	50714279	-53228	-126018
ENSMUST00000034079	CAGGTGGTTCTTAATGGAAGGGC	88171482	88141781	29701	88147546	23936	88171505	29724	23959
ENSMUST00000034079	CAGGTGGTTCTTAATGGAAGGGC	88171482	88156827	14655	88158128	13354	88171505	14678	13377
ENSMUST00000034079	CAGGTGGTTCTTAATGGAAGGGC	88171482	88158265	13217	88164887	6595	88171505	13240	6618
ENSMUST00000034079	CAGGTGGTTCTTAATGGAAGGGC	88171482	88165031	6451	88170858	624	88171505	6474	647
ENSMUST00000199856	AGAGTCCCCTGAAGGGGGTCGAT	24476709	24452534	24175	24476632	77	24476916	24382	284
ENSMUST00000199856	AGAGTCCCCTGAAGGGGGTCGAT	24476709	24452534	24175	24476903	-194	24476916	24382	13
ENSMUST00000199856	AGAGTCCCCTGAAGGGGGTCGAT	24476709	24452534	24175	24477738	-1029	24476916	24382	-822
ENSMUST00000199856	AGAGTCCCCTGAAGGGGGTCGAT	24476709	24476989	-280	24477738	-1029	24476916	-73	-822
ENSMUST00000199856	AGAGTCCCCTGAAGGGGGTCGAT	24476709	24478137	-1428	24482265	-5556	24476916	-1221	-5349
ENSMUST00000199856	AGAGTCCCCTGAAGGGGGTCGAT	24476709	24478137	-1428	24483340	-6631	24476916	-1221	-6424
ENSMUST00000199856	AGAGTCCCCTGAAGGGGGTCGAT	24476709	24487893	-11184	24496732	-20023	24476916	-10977	-19816
ENSMUST00000199856	AGAGTCCCCTGAAGGGGGTCGAT	24476709	24493126	-16417	24498069	-21360	24476916	-16210	-21153
ENSMUST00000199856	AGAGTCCCCTGAAGGGGGTCGAT	24476709	24493126	-16417	24499657	-22948	24476916	-16210	-22741
ENSMUST00000199856	AGAGTCCCCTGAAGGGGGTCGAT	24476709	24493126	-16417	24499657	-22948	24476916	-16210	-22741
ENSMUST00000199856	AGAGTCCCCTGAAGGGGGTCGAT	24476709	24496903	-20194	24499657	-22948	24476916	-19987	-22741
ENSMUST00000199856	AGAGTCCCCTGAAGGGGGTCGAT	24476709	24452534	24175	24476632	77	24476916	24382	284
ENSMUST00000199856	AGAGTCCCCTGAAGGGGGTCGAT	24476709	24452534	24175	24476903	-194	24476916	24382	13
ENSMUST00000199856	AGAGTCCCCTGAAGGGGGTCGAT	24476709	24452534	24175	24477738	-1029	24476916	24382	-822
ENSMUST00000199856	AGAGTCCCCTGAAGGGGGTCGAT	24476709	24476989	-280	24477738	-1029	24476916	-73	-822
ENSMUST00000199856	AGAGTCCCCTGAAGGGGGTCGAT	24476709	24478137	-1428	24482265	-5556	24476916	-1221	-5349
ENSMUST00000199856	AGAGTCCCCTGAAGGGGGTCGAT	24476709	24478137	-1428	24483340	-6631	24476916	-1221	-6424
ENSMUST00000199856	AGAGTCCCCTGAAGGGGGTCGAT	24476709	24487893	-11184	24496732	-20023	24476916	-10977	-19816
ENSMUST00000199856	AGAGTCCCCTGAAGGGGGTCGAT	24476709	24493126	-16417	24498069	-21360	24476916	-16210	-21153
ENSMUST00000199856	AGAGTCCCCTGAAGGGGGTCGAT	24476709	24493126	-16417	24499657	-22948	24476916	-16210	-22741
ENSMUST00000199856	AGAGTCCCCTGAAGGGGGTCGAT	24476709	24493126	-16417	24499657	-22948	24476916	-16210	-22741
ENSMUST00000199856	AGAGTCCCCTGAAGGGGGTCGAT	24476709	24496903	-20194	24499657	-22948	24476916	-19987	-22741
ENSMUST00000022751	GAATGGCTTCCTTTGGGTGGAAG	5189582	5185572	4010	5208368	-18786	5189605	4033	-18763
ENSMUST00000022751	GAATGGCTTCCTTTGGGTGGAAG	5189582	5185768	3814	5208368	-18786	5189605	3837	-18763
ENSMUST00000022751	GAATGGCTTCCTTTGGGTGGAAG	5189582	5189803	-221	5211998	-22416	5189605	-198	-22393
ENSMUST00000022751	GAATGGCTTCCTTTGGGTGGAAG	5189582	5189803	-221	5217149	-27567	5189605	-198	-27544
ENSMUST00000043141	GGAAAGACTCAAAAGCTCAAAGT	110580862	110267031	313831	110298074	282788	110581979	314948	283905
ENSMUST00000043141	GGAAAGACTCAAAAGCTCAAAGT	110580862	110505879	74983	110506427	74435	110581979	76100	75552
ENSMUST00000043141	GGAAAGACTCAAAAGCTCAAAGT	110580862	110589619	-8757	110593666	-12804	110581979	-7640	-11687
ENSMUST00000043141	GGAAAGACTCAAAAGCTCAAAGT	110580862	110267031	313831	110298074	282788	110581979	314948	283905
ENSMUST00000043141	GGAAAGACTCAAAAGCTCAAAGT	110580862	110505879	74983	110506427	74435	110581979	76100	75552
ENSMUST00000043141	GGAAAGACTCAAAAGCTCAAAGT	110580862	110589619	-8757	110593666	-12804	110581979	-7640	-11687
ENSMUST00000191268	TGGGGAAGGATGTAGGCATGGTG	105687439	105655037	32402	105661336	26103	105687462	32425	26126
ENSMUST00000191268	TGGGGAAGGATGTAGGCATGGTG	105687439	105678320	9119	105685130	2309	105687462	9142	2332
ENSMUST00000171474	TGAAGGTCGCAAGTTCAAATCCC	32299841	32278415	21426	32285369	14472	32299864	21449	14495
ENSMUST00000171474	TGAAGGTCGCAAGTTCAAATCCC	32299841	32282387	17454	32289118	10723	32299864	17477	10746
ENSMUST00000171474	TGAAGGTCGCAAGTTCAAATCCC	32299841	32285549	14292	32291902	7939	32299864	14315	7962
ENSMUST00000171474	TGAAGGTCGCAAGTTCAAATCCC	32299841	32289240	10601	32298387	1454	32299864	10624	1477
ENSMUST00000109514	CCAAGCGCATCAAGCTGGAGAAG	24164559	24078445	86114	24158252	6307	24164582	86137	6330
ENSMUST00000109514	CCAAGCGCATCAAGCTGGAGAAG	24164559	24085650	78909	24163145	1414	24164582	78932	1437
ENSMUST00000109514	CCAAGCGCATCAAGCTGGAGAAG	24164559	24085650	78909	24172698	-8139	24164582	78932	-8116
ENSMUST00000109514	CCAAGCGCATCAAGCTGGAGAAG	24164559	24085650	78909	24172698	-8139	24164582	78932	-8116
ENSMUST00000109514	CCAAGCGCATCAAGCTGGAGAAG	24164559	24158354	6205	24172698	-8139	24164582	6228	-8116
ENSMUST00000109514	CCAAGCGCATCAAGCTGGAGAAG	24164559	24085650	78909	24172698	-8139	24164582	78932	-8116
ENSMUST00000109514	CCAAGCGCATCAAGCTGGAGAAG	24164559	24158354	6205	24172698	-8139	24164582	6228	-8116
ENSMUST00000032879	TAAATATTTTCATGTTCTATACA	92842490	92823881	18609	92835688	6802	92842513	18632	6825
ENSMUST00000114449	ACTGGCACAGCCCCTGCCCATGG	33371690	33335645	36045	33358439	13251	33371713	36068	13274
ENSMUST00000070801	TGGGATTACAGGCACATGCCACC	144324794	144318121	6673	144320002	4792	144324817	6696	4815
ENSMUST00000070801	TGGGATTACAGGCACATGCCACC	144324794	144322150	2644	144324015	779	144324817	2667	802
ENSMUST00000070801	TGGGATTACAGGCACATGCCACC	144324794	144339014	-14220	144340719	-15925	144324817	-14197	-15902
ENSMUST00000070801	TGGGATTACAGGCACATGCCACC	144324794	144346746	-21952	144349291	-24497	144324817	-21929	-24474
ENSMUST00000070801	TGGGATTACAGGCACATGCCACC	144324794	144351376	-26582	144352629	-27835	144324817	-26559	-27812
ENSMUST00000070801	TGGGATTACAGGCACATGCCACC	144324794	144353628	-28834	144356795	-32001	144324817	-28811	-31978
ENSMUST00000070801	TGGGATTACAGGCACATGCCACC	144324794	144364107	-39313	144367898	-43104	144324817	-39290	-43081
ENSMUST00000070801	TGGGATTACAGGCACATGCCACC	144324794	144364107	-39313	144369560	-44766	144324817	-39290	-44743
ENSMUST00000067458	ATCTTAAGATTAAAACTTCAAAG	32695512	32245299	450213	32417311	278201	32695535	450236	278224
ENSMUST00000067458	ATCTTAAGATTAAAACTTCAAAG	32695512	32245299	450213	32460218	235294	32695535	450236	235317
ENSMUST00000067458	ATCTTAAGATTAAAACTTCAAAG	32695512	32245299	450213	32460218	235294	32695535	450236	235317
ENSMUST00000067458	ATCTTAAGATTAAAACTTCAAAG	32695512	32347316	348196	32460218	235294	32695535	348219	235317
ENSMUST00000067458	ATCTTAAGATTAAAACTTCAAAG	32695512	32417509	278003	32474377	221135	32695535	278026	221158
ENSMUST00000067458	ATCTTAAGATTAAAACTTCAAAG	32695512	32417509	278003	32538664	156848	32695535	278026	156871
ENSMUST00000067458	ATCTTAAGATTAAAACTTCAAAG	32695512	32417509	278003	32538664	156848	32695535	278026	156871
ENSMUST00000067458	ATCTTAAGATTAAAACTTCAAAG	32695512	32460318	235194	32538664	156848	32695535	235217	156871
ENSMUST00000067458	ATCTTAAGATTAAAACTTCAAAG	32695512	32474423	221089	32548714	146798	32695535	221112	146821
ENSMUST00000067458	ATCTTAAGATTAAAACTTCAAAG	32695512	32609430	86082	32628141	67371	32695535	86105	67394
ENSMUST00000067458	ATCTTAAGATTAAAACTTCAAAG	32695512	32681621	13891	32686636	8876	32695535	13914	8899
ENSMUST00000048962	TCGATCTCATGCCATCTTTACAA	100638401	100717408	-79007	100718493	-80092	100638424	-78984	-80069
ENSMUST00000118254	GTCTTCTGAGTTAAGATTTTGTT	35671424	35570530	100894	35607594	63830	35671447	100917	63853
ENSMUST00000118254	GTCTTCTGAGTTAAGATTTTGTT	35671424	35669734	1690	35670478	946	35671447	1713	969
ENSMUST00000235039	TAAAACAAAGGCTCTGCCAAGCA	11722712	11660941	61771	11677594	45118	11725412	64471	47818
ENSMUST00000235039	TAAAACAAAGGCTCTGCCAAGCA	11722712	11722525	187	11725406	-2694	11725412	2887	6
ENSMUST00000047247	GACTGTCACCCAGAAGAAGGAAG	36569427	36569502	-75	36584895	-15468	36569450	-52	-15445
ENSMUST00000047247	GACTGTCACCCAGAAGAAGGAAG	36569427	36585533	-16106	36597076	-27649	36569450	-16083	-27626
ENSMUST00000047247	GACTGTCACCCAGAAGAAGGAAG	36569427	36595254	-25827	36598886	-29459	36569450	-25804	-29436
ENSMUST00000047247	GACTGTCACCCAGAAGAAGGAAG	36569427	36599719	-30292	36604249	-34822	36569450	-30269	-34799
ENSMUST00000047247	GACTGTCACCCAGAAGAAGGAAG	36569427	36599719	-30292	36604249	-34822	36569450	-30269	-34799
ENSMUST00000047247	GACTGTCACCCAGAAGAAGGAAG	36569427	36599719	-30292	36604249	-34822	36569450	-30269	-34799
ENSMUST00000046533	TCCTAGCCTGACTGCGAGGCTTT	55473028	55464414	8614	55472592	436	55473051	8637	459
ENSMUST00000163401	GGAACTGAAAGAGTTTGAGTCTT	72618114	72532980	85134	72591750	26364	72618137	85157	26387
ENSMUST00000163401	GGAACTGAAAGAGTTTGAGTCTT	72618114	72610388	7726	72615036	3078	72618137	7749	3101
ENSMUST00000029875	AGATGCCCTGAATACATTAGTAG	14915067	14864437	50630	14892392	22675	14915090	50653	22698
ENSMUST00000029875	AGATGCCCTGAATACATTAGTAG	14915067	14864437	50630	14893500	21567	14915090	50653	21590
ENSMUST00000029875	AGATGCCCTGAATACATTAGTAG	14915067	14864437	50630	14893500	21567	14915090	50653	21590
ENSMUST00000029875	AGATGCCCTGAATACATTAGTAG	14915067	14886682	28385	14893500	21567	14915090	28408	21590
ENSMUST00000089185	GGTTTCCACACGTACCTGATCAG	5725287	5493691	231596	5685654	39633	5725310	231619	39656
ENSMUST00000089185	GGTTTCCACACGTACCTGATCAG	5725287	5648063	77224	5712387	12900	5725310	77247	12923
ENSMUST00000089185	GGTTTCCACACGTACCTGATCAG	5725287	5648063	77224	5726824	-1537	5725310	77247	-1514
ENSMUST00000089185	GGTTTCCACACGTACCTGATCAG	5725287	5648063	77224	5731471	-6184	5725310	77247	-6161
ENSMUST00000089185	GGTTTCCACACGTACCTGATCAG	5725287	5685813	39474	5714968	10319	5725310	39497	10342
ENSMUST00000089185	GGTTTCCACACGTACCTGATCAG	5725287	5648063	77224	5731471	-6184	5725310	77247	-6161
ENSMUST00000089185	GGTTTCCACACGTACCTGATCAG	5725287	5685813	39474	5731471	-6184	5725310	39497	-6161
ENSMUST00000089185	GGTTTCCACACGTACCTGATCAG	5725287	5685813	39474	5752691	-27404	5725310	39497	-27381
ENSMUST00000128667	GAAAGAAGGCGGGTAACTGTTTA	53761427	53720209	41218	53729979	31448	53761450	41241	31471
ENSMUST00000128667	GAAAGAAGGCGGGTAACTGTTTA	53761427	53720209	41218	53731131	30296	53761450	41241	30319
ENSMUST00000128667	GAAAGAAGGCGGGTAACTGTTTA	53761427	53720209	41218	53734849	26578	53761450	41241	26601
ENSMUST00000128667	GAAAGAAGGCGGGTAACTGTTTA	53761427	53737659	23768	53744618	16809	53761450	23791	16832
ENSMUST00000110844	GGTGATCCAGGATGACGAGGTGG	192418909	192418935	-26	192505263	-86354	192418932	-3	-86331
ENSMUST00000110844	GGTGATCCAGGATGACGAGGTGG	192418909	192434919	-16010	192505263	-86354	192418932	-15987	-86331
ENSMUST00000029707	CAGCAAGAAGCGAGGGACGTGTG	88055466	88043179	12287	88051161	4305	88055489	12310	4328
ENSMUST00000029707	CAGCAAGAAGCGAGGGACGTGTG	88055466	88043179	12287	88051672	3794	88055489	12310	3817
ENSMUST00000029707	CAGCAAGAAGCGAGGGACGTGTG	88055466	88043179	12287	88051672	3794	88055489	12310	3817
ENSMUST00000029707	CAGCAAGAAGCGAGGGACGTGTG	88055466	88043601	11865	88051672	3794	88055489	11888	3817
ENSMUST00000113043	CTTCAGGCCTGTCCGGGAGAATT	139210173	139213238	-3065	139231285	-21112	139210196	-3042	-21089
ENSMUST00000113043	CTTCAGGCCTGTCCGGGAGAATT	139210173	139217214	-7041	139231285	-21112	139210196	-7018	-21089
ENSMUST00000069597	CAATAAGCACCGGGTCACTCTGT	53954289	53895954	58335	53906599	47690	53954312	58358	47713
ENSMUST00000069597	CAATAAGCACCGGGTCACTCTGT	53954289	53932339	21950	53948047	6242	53954312	21973	6265
ENSMUST00000069597	CAATAAGCACCGGGTCACTCTGT	53954289	53948154	6135	53953244	1045	53954312	6158	1068
ENSMUST00000025875	GAGGGGGAGGCTCCCTGCGAGCA	28912849	28894568	18281	28897506	15343	28912872	18304	15366
ENSMUST00000025875	GAGGGGGAGGCTCCCTGCGAGCA	28912849	28902793	10056	28905332	7517	28912872	10079	7540
ENSMUST00000025875	GAGGGGGAGGCTCCCTGCGAGCA	28912849	28905527	7322	28911653	1196	28912872	7345	1219
ENSMUST00000090178	GTCTTTCAGTCTCTGTAATTTAT	137916506	137868056	48450	137892807	23699	137916529	48473	23722
ENSMUST00000090178	GTCTTTCAGTCTCTGTAATTTAT	137916506	137904854	11652	137908344	8162	137916529	11675	8185
ENSMUST00000090178	GTCTTTCAGTCTCTGTAATTTAT	137916506	137868056	48450	137892807	23699	137916529	48473	23722
ENSMUST00000090178	GTCTTTCAGTCTCTGTAATTTAT	137916506	137904854	11652	137908344	8162	137916529	11675	8185
ENSMUST00000100330	GTGTTAAATGGTAATCTTTGAAA	105925042	105625124	299918	105713381	211661	105925065	299941	211684
ENSMUST00000100330	GTGTTAAATGGTAATCTTTGAAA	105925042	105625124	299918	105776805	148237	105925065	299941	148260
ENSMUST00000100330	GTGTTAAATGGTAATCTTTGAAA	105925042	105625124	299918	105776805	148237	105925065	299941	148260
ENSMUST00000100330	GTGTTAAATGGTAATCTTTGAAA	105925042	105673491	251551	105776805	148237	105925065	251574	148260
ENSMUST00000100330	GTGTTAAATGGTAATCTTTGAAA	105925042	105625124	299918	105776805	148237	105925065	299941	148260
ENSMUST00000100330	GTGTTAAATGGTAATCTTTGAAA	105925042	105673491	251551	105776805	148237	105925065	251574	148260
ENSMUST00000100330	GTGTTAAATGGTAATCTTTGAAA	105925042	105776954	148088	105798560	126482	105925065	148111	126505
ENSMUST00000100330	GTGTTAAATGGTAATCTTTGAAA	105925042	105713564	211478	105810471	114571	105925065	211501	114594
ENSMUST00000100330	GTGTTAAATGGTAATCTTTGAAA	105925042	105835230	89812	105857396	67646	105925065	89835	67669
ENSMUST00000100330	GTGTTAAATGGTAATCTTTGAAA	105925042	105857628	67414	105867166	57876	105925065	67437	57899
ENSMUST00000100330	GTGTTAAATGGTAATCTTTGAAA	105925042	105867774	57268	105895845	29197	105925065	57291	29220
ENSMUST00000100330	GTGTTAAATGGTAATCTTTGAAA	105925042	105902153	22889	105912911	12131	105925065	22912	12154
ENSMUST00000100330	GTGTTAAATGGTAATCTTTGAAA	105925042	105909128	15914	105912911	12131	105925065	15937	12154
ENSMUST00000100330	GTGTTAAATGGTAATCTTTGAAA	105925042	105913489	11553	105914891	10151	105925065	11576	10174
ENSMUST00000100330	GTGTTAAATGGTAATCTTTGAAA	105925042	105913489	11553	105919950	5092	105925065	11576	5115
ENSMUST00000100330	GTGTTAAATGGTAATCTTTGAAA	105925042	105914983	10059	105919950	5092	105925065	10082	5115
ENSMUST00000100330	GTGTTAAATGGTAATCTTTGAAA	105925042	105917060	7982	105921747	3295	105925065	8005	3318
ENSMUST00000173727	CACTACTGGAGGCAGCAGTGGCG	82799504	82788915	10589	82789816	9688	82799527	10612	9711
ENSMUST00000173727	CACTACTGGAGGCAGCAGTGGCG	82799504	82789713	9791	82790472	9032	82799527	9814	9055
ENSMUST00000173727	CACTACTGGAGGCAGCAGTGGCG	82799504	82792192	7312	82794503	5001	82799527	7335	5024
ENSMUST00000173727	CACTACTGGAGGCAGCAGTGGCG	82799504	82796151	3353	82797773	1731	82799527	3376	1754
ENSMUST00000123272	CTCCTCATCTCCCCAAGGCGGCG	114909471	114909658	-187	114916188	-6717	114909494	-164	-6694
ENSMUST00000122120	ACCTGGGAAAGTGGCTGGGACAA	96523428	96113586	409842	96523334	94	96523451	409865	117
ENSMUST00000122120	ACCTGGGAAAGTGGCTGGGACAA	96523428	96115754	407674	96649061	-125633	96523451	407697	-125610
ENSMUST00000122120	ACCTGGGAAAGTGGCTGGGACAA	96523428	96523475	-47	96654766	-131338	96523451	-24	-131315
ENSMUST00000026357	GCCCGAGCCCCGTCTGCTGCGTT	121785320	121731004	54316	121782160	3160	121785343	54339	3183
ENSMUST00000124470	CAGGCCTACCCCCCTGCCTTCCA	10328536	10326545	1991	10346409	-17873	10328559	2014	-17850
ENSMUST00000124470	CAGGCCTACCCCCCTGCCTTCCA	10328536	10326545	1991	10346409	-17873	10328559	2014	-17850
ENSMUST00000165963	CCCAAACCCCCGAAGACCCAGGT	34402127	34314945	87182	34404277	-2150	34402150	87205	-2127
ENSMUST00000165963	CCCAAACCCCCGAAGACCCAGGT	34402127	34314945	87182	34419718	-17591	34402150	87205	-17568
ENSMUST00000042808	CCGGCCGCTGCGTCTGCCTGCCG	75515514	75522296	-6782	75523990	-8476	75515537	-6759	-8453
ENSMUST00000042808	CCGGCCGCTGCGTCTGCCTGCCG	75515514	75522296	-6782	75525369	-9855	75515537	-6759	-9832
ENSMUST00000087228	TACTTCCAGGGTCTTCAACTATG	69571811	69559627	12184	69561134	10677	69571834	12207	10700
ENSMUST00000087228	TACTTCCAGGGTCTTCAACTATG	69571811	69560515	11296	69561653	10158	69571834	11319	10181
ENSMUST00000087228	TACTTCCAGGGTCTTCAACTATG	69571811	69561857	9954	69564523	7288	69571834	9977	7311
ENSMUST00000087228	TACTTCCAGGGTCTTCAACTATG	69571811	69561857	9954	69565429	6382	69571834	9977	6405
ENSMUST00000087228	TACTTCCAGGGTCTTCAACTATG	69571811	69564647	7164	69566360	5451	69571834	7187	5474
ENSMUST00000087228	TACTTCCAGGGTCTTCAACTATG	69571811	69566504	5307	69568395	3416	69571834	5330	3439
ENSMUST00000099356	CAAGTTTGAGAGAATAAAATCCC	80894758	80887487	7271	80890095	4663	80894781	7294	4686
ENSMUST00000027512	TGGGGAGTTAGCTCAGTTGGTGA	87765439	87765443	-4	87766805	-1366	87766128	685	-677
ENSMUST00000027512	TGGGGAGTTAGCTCAGTTGGTGA	87765439	87774231	-8792	87775080	-9641	87766128	-8103	-8952
ENSMUST00000027512	TGGGGAGTTAGCTCAGTTGGTGA	87765439	87774231	-8792	87775756	-10317	87766128	-8103	-9628
ENSMUST00000027512	TGGGGAGTTAGCTCAGTTGGTGA	87765439	87774231	-8792	87775756	-10317	87766128	-8103	-9628
ENSMUST00000027512	TGGGGAGTTAGCTCAGTTGGTGA	87765439	87774869	-9430	87775756	-10317	87766128	-8741	-9628
ENSMUST00000047023	ACAGCCATGGCTCAGATTGAGAC	85100781	84888731	212050	84956275	144506	85100804	212073	144529
ENSMUST00000047023	ACAGCCATGGCTCAGATTGAGAC	85100781	84888731	212050	84973862	126919	85100804	212073	126942
ENSMUST00000047023	ACAGCCATGGCTCAGATTGAGAC	85100781	84996580	104201	85006404	94377	85100804	104224	94400
ENSMUST00000047023	ACAGCCATGGCTCAGATTGAGAC	85100781	85050136	50645	85067479	33302	85100804	50668	33325
ENSMUST00000047023	ACAGCCATGGCTCAGATTGAGAC	85100781	85050136	50645	85067479	33302	85100804	50668	33325
ENSMUST00000099934	TGCTCAGGATGCACGCGGGCGGC	41481259	41478314	2945	41478962	2297	41481282	2968	2320
ENSMUST00000099934	TGCTCAGGATGCACGCGGGCGGC	41481259	41479499	1760	41480284	975	41481282	1783	998
ENSMUST00000099934	TGCTCAGGATGCACGCGGGCGGC	41481259	41481705	-446	41482207	-948	41481282	-423	-925
ENSMUST00000017799	CTGAACCCTGGAACTGCTTTGGA	165070918	165055758	15160	165062660	8258	165070941	15183	8281
ENSMUST00000017799	CTGAACCCTGGAACTGCTTTGGA	165070918	165055758	15160	165062660	8258	165070941	15183	8281
ENSMUST00000017799	CTGAACCCTGGAACTGCTTTGGA	165070918	165063561	7357	165069628	1290	165070941	7380	1313
ENSMUST00000017799	CTGAACCCTGGAACTGCTTTGGA	165070918	165066564	4354	165069816	1102	165070941	4377	1125
ENSMUST00000061318	TCAACTGGGAATTTCTTTCCAACG	11071695	11237658	-165963	11255548	-183853	11071719	-165939	-183829
ENSMUST00000061318	TCAACTGGGAATTTCTTTCCAACG	11071695	11311645	-239950	11327678	-255983	11071719	-239926	-255959
ENSMUST00000061318	TCAACTGGGAATTTCTTTCCAACG	11071695	11317355	-245660	11331717	-260022	11071719	-245636	-259998
ENSMUST00000193404	GGAATCTCTCAGAGCGCACCAAAC	37747201	37749605	-2404	37833264	-86063	37747225	-2380	-86039
ENSMUST00000099858	TACCCGCAGCAGGACGGGAAGAGC	45095167	45107877	-12710	45120642	-25475	45095189	-12688	-25453
ENSMUST00000112480	GGATTCCTATTGTCCGATCTTTTG	62234503	62046692	187811	62190739	43764	62234527	187835	43788
ENSMUST00000112480	GGATTCCTATTGTCCGATCTTTTG	62234503	62046692	187811	62211354	23149	62234527	187835	23173
ENSMUST00000112480	GGATTCCTATTGTCCGATCTTTTG	62234503	62046692	187811	62211354	23149	62234527	187835	23173
ENSMUST00000112480	GGATTCCTATTGTCCGATCTTTTG	62234503	62158287	76216	62211354	23149	62234527	76240	23173
ENSMUST00000112480	GGATTCCTATTGTCCGATCTTTTG	62234503	62190886	43617	62228566	5937	62234527	43641	5961
ENSMUST00000112480	GGATTCCTATTGTCCGATCTTTTG	62234503	62243453	-8950	62250378	-15875	62234527	-8926	-15851
ENSMUST00000112480	GGATTCCTATTGTCCGATCTTTTG	62234503	62253398	-18895	62263952	-29449	62234527	-18871	-29425
ENSMUST00000112480	GGATTCCTATTGTCCGATCTTTTG	62234503	62264053	-29550	62267400	-32897	62234527	-29526	-32873
ENSMUST00000112480	GGATTCCTATTGTCCGATCTTTTG	62234503	62297007	-62504	62303803	-69300	62234527	-62480	-69276
ENSMUST00000112480	GGATTCCTATTGTCCGATCTTTTG	62234503	62304775	-70272	62316564	-82061	62234527	-70248	-82037
ENSMUST00000112480	GGATTCCTATTGTCCGATCTTTTG	62234503	62304775	-70272	62324724	-90221	62234527	-70248	-90197
ENSMUST00000112480	GGATTCCTATTGTCCGATCTTTTG	62234503	62316681	-82178	62324724	-90221	62234527	-82154	-90197
ENSMUST00000034141	GTCAAGGAGATAAAAAGACTCAAA	86636630	86624416	12214	86633868	2762	86637915	13499	4047
ENSMUST00000034141	GTCAAGGAGATAAAAAGACTCAAA	86636630	86636642	-12	86641541	-4911	86637915	1273	-3626
ENSMUST00000034141	GTCAAGGAGATAAAAAGACTCAAA	86636630	86641800	-5170	86665690	-29060	86637915	-3885	-27775
ENSMUST00000034141	GTCAAGGAGATAAAAAGACTCAAA	86636630	86652317	-15687	86672935	-36305	86637915	-14402	-35020
ENSMUST00000034141	GTCAAGGAGATAAAAAGACTCAAA	86636630	86665841	-29211	86672935	-36305	86637915	-27926	-35020
ENSMUST00000034141	GTCAAGGAGATAAAAAGACTCAAA	86636630	86673069	-36439	86713311	-76681	86637915	-35154	-75396
ENSMUST00000034141	GTCAAGGAGATAAAAAGACTCAAA	86636630	86673069	-36439	86713902	-77272	86637915	-35154	-75987
ENSMUST00000121465	TTGTTTTTCTGTATCCCCCACCCT	13518816	13501373	17443	13507234	11582	13518840	17467	11606
ENSMUST00000121465	TTGTTTTTCTGTATCCCCCACCCT	13518816	13503258	15558	13507234	11582	13518840	15582	11606
ENSMUST00000121465	TTGTTTTTCTGTATCCCCCACCCT	13518816	13506078	12738	13507234	11582	13518840	12762	11606
ENSMUST00000191268	AATGGCTCTCTGGTTGGATGGGAT	105678211	105655037	23174	105661336	16875	105678235	23198	16899
ENSMUST00000191268	AATGGCTCTCTGGTTGGATGGGAT	105678211	105678320	-109	105685130	-6919	105678235	-85	-6895
ENSMUST00000078717	GTGATGGTGGGTATGGGTCAGAAG	37882663	37868980	13683	37881253	1410	37882687	13707	1434
ENSMUST00000078717	GTGATGGTGGGTATGGGTCAGAAG	37882663	37877177	5486	37881253	1410	37882687	5510	1434
ENSMUST00000078717	GTGATGGTGGGTATGGGTCAGAAG	37882663	37868980	13683	37881253	1410	37882687	13707	1434
ENSMUST00000078717	GTGATGGTGGGTATGGGTCAGAAG	37882663	37877177	5486	37881253	1410	37882687	5510	1434
ENSMUST00000174817	ACGAGAGGACGGAGAAAAGTTCAG	3907859	3806602	101257	3849634	58225	3907883	101281	58249
ENSMUST00000174817	ACGAGAGGACGGAGAAAAGTTCAG	3907859	3806602	101257	3865984	41875	3907883	101281	41899
ENSMUST00000174817	ACGAGAGGACGGAGAAAAGTTCAG	3907859	3807120	100739	3865984	41875	3907883	100763	41899
ENSMUST00000174817	ACGAGAGGACGGAGAAAAGTTCAG	3907859	3806602	101257	3865984	41875	3907883	101281	41899
ENSMUST00000174817	ACGAGAGGACGGAGAAAAGTTCAG	3907859	3835260	72599	3865984	41875	3907883	72623	41899
ENSMUST00000174817	ACGAGAGGACGGAGAAAAGTTCAG	3907859	3849739	58120	3865984	41875	3907883	58144	41899
ENSMUST00000174817	ACGAGAGGACGGAGAAAAGTTCAG	3907859	3807120	100739	3895542	12317	3907883	100763	12341
ENSMUST00000174817	ACGAGAGGACGGAGAAAAGTTCAG	3907859	3896148	11711	3896885	10974	3907883	11735	10998
ENSMUST00000174817	ACGAGAGGACGGAGAAAAGTTCAG	3907859	3901694	6165	3904139	3720	3907883	6189	3744
ENSMUST00000174817	ACGAGAGGACGGAGAAAAGTTCAG	3907859	3902471	5388	3904139	3720	3907883	5412	3744
ENSMUST00000174817	ACGAGAGGACGGAGAAAAGTTCAG	3907859	3902814	5045	3905592	2267	3907883	5069	2291
ENSMUST00000017981	GTGCATAAGCAAGCTGTTCTTCCC	100626297	100623008	3289	100624942	1355	100626321	3313	1379
ENSMUST00000032892	GGGCGACGTCGGCGGGGCCCGAGC	117381085	117381520	-435	117548583	-167498	117381109	-411	-167474
ENSMUST00000032892	GGGCGACGTCGGCGGGGCCCGAGC	117381085	117643740	-262655	117656411	-275326	117381109	-262631	-275302
ENSMUST00000032892	GGGCGACGTCGGCGGGGCCCGAGC	117381085	117643740	-262655	117667299	-286214	117381109	-262631	-286190
ENSMUST00000114229	GGCAGAAACTGTCGGACTCCCAGA	78333473	78301874	31599	78328953	4520	78333497	31623	4544
ENSMUST00000207854	GGGCAACAATCCTTACCATCTGCG	154865350	154860727	4623	154862093	3257	154865374	4647	3281
ENSMUST00000034230	CTGCGACACGGCCCAGCCTCCTGG	94772216	94772334	-118	94778027	-5811	94772240	-94	-5787
ENSMUST00000034230	CTGCGACACGGCCCAGCCTCCTGG	94772216	94772334	-118	94779559	-7343	94772240	-94	-7319
ENSMUST00000034230	CTGCGACACGGCCCAGCCTCCTGG	94772216	94772334	-118	94778027	-5811	94772240	-94	-5787
ENSMUST00000034230	CTGCGACACGGCCCAGCCTCCTGG	94772216	94772334	-118	94779559	-7343	94772240	-94	-7319
ENSMUST00000193404	AGGAATCTCTCAGAGCGCACCAAA	37747200	37749605	-2405	37833264	-86064	37747224	-2381	-86040
ENSMUST00000105821	GGAGGCCCAGCCTCAGCCCTTGCT	138291483	138262733	28750	138269845	21638	138291507	28774	21662
ENSMUST00000105821	GGAGGCCCAGCCTCAGCCCTTGCT	138291483	138275156	16327	138281356	10127	138291507	16351	10151
ENSMUST00000105821	GGAGGCCCAGCCTCAGCCCTTGCT	138291483	138275156	16327	138281356	10127	138291507	16351	10151
ENSMUST00000105821	GGAGGCCCAGCCTCAGCCCTTGCT	138291483	138281466	10017	138287928	3555	138291507	10041	3579
ENSMUST00000105821	GGAGGCCCAGCCTCAGCCCTTGCT	138291483	138281466	10017	138289237	2246	138291507	10041	2270
ENSMUST00000105821	GGAGGCCCAGCCTCAGCCCTTGCT	138291483	138281466	10017	138289240	2243	138291507	10041	2267
ENSMUST00000105821	GGAGGCCCAGCCTCAGCCCTTGCT	138291483	138296262	-4779	138301248	-9765	138291507	-4755	-9741
ENSMUST00000121465	GTTGTTTTTCTGTATCCCCCACCC	13518815	13501373	17442	13507234	11581	13518839	17466	11605
ENSMUST00000121465	GTTGTTTTTCTGTATCCCCCACCC	13518815	13503258	15557	13507234	11581	13518839	15581	11605
ENSMUST00000121465	GTTGTTTTTCTGTATCCCCCACCC	13518815	13506078	12737	13507234	11581	13518839	12761	11605
ENSMUST00000042561	GTGGATGTAGCTCAGTTGGTAGCA	75574975	75532788	42187	75544681	30294	75574999	42211	30318
ENSMUST00000042561	GTGGATGTAGCTCAGTTGGTAGCA	75574975	75543365	31610	75545753	29222	75574999	31634	29246
ENSMUST00000042561	GTGGATGTAGCTCAGTTGGTAGCA	75574975	75568490	6485	75571756	3219	75574999	6509	3243
ENSMUST00000042561	GTGGATGTAGCTCAGTTGGTAGCA	75574975	75568490	6485	75572314	2661	75574999	6509	2685
ENSMUST00000023572	ACATTTTATGTTGTAATCTAGGCT	78337706	78301874	35832	78328953	8753	78337730	35856	8777
ENSMUST00000028683	GTACATTTGGAACAGTGACAATAA	121437955	121426702	11253	121431651	6304	121437979	11277	6328
ENSMUST00000028683	GTACATTTGGAACAGTGACAATAA	121437955	121429583	8372	121432273	5682	121437979	8396	5706
ENSMUST00000028683	GTACATTTGGAACAGTGACAATAA	121437955	121434917	3038	121437585	370	121437979	3062	394
ENSMUST00000028683	GTACATTTGGAACAGTGACAATAA	121437955	121436000	1955	121437585	370	121437979	1979	394
ENSMUST00000102478	CCTTATGCTCTGAGTACATAGCAA	78326722	78324963	1759	78325328	1394	78326746	1783	1418
ENSMUST00000102478	CCTTATGCTCTGAGTACATAGCAA	78326722	78325209	1513	78325641	1081	78326746	1537	1105
ENSMUST00000102478	CCTTATGCTCTGAGTACATAGCAA	78326722	78325816	906	78326261	461	78326746	930	485
ENSMUST00000070257	ATTCCGGAATTGGAGTCTGCAATT	4664262	4637822	26440	4646561	17701	4664286	26464	17725
ENSMUST00000070257	ATTCCGGAATTGGAGTCTGCAATT	4664262	4670462	-6200	4679251	-14989	4664286	-6176	-14965
ENSMUST00000070257	ATTCCGGAATTGGAGTCTGCAATT	4664262	4672497	-8235	4679251	-14989	4664286	-8211	-14965
ENSMUST00000060531	CTCCCAGGATGGAGGAGTGAAGTC	105732263	105700254	32009	105811723	-79460	105732287	32033	-79436
ENSMUST00000098048	GATTTGAGGCGTGGCTTGGTCATG	126489642	126487782	1860	126488649	993	126489666	1884	1017
ENSMUST00000020830	ACATCCTTTTTAGCTTACCAAGAC	57530970	57518712	12258	57529468	1502	57530994	12282	1526
ENSMUST00000020830	ACATCCTTTTTAGCTTACCAAGAC	57530970	57518748	12222	57529468	1502	57530994	12246	1526
ENSMUST00000026296	AGTCTGTGGAGCTGACTGTGCAGC	151067444	151068966	-1522	151072172	-4728	151068894	-72	-3278
ENSMUST00000026296	AGTCTGTGGAGCTGACTGTGCAGC	151067444	151086215	-18771	151086819	-19375	151068894	-17321	-17925
ENSMUST00000026296	AGTCTGTGGAGCTGACTGTGCAGC	151067444	151086981	-19537	151088602	-21158	151068894	-18087	-19708
ENSMUST00000111605	TTGTCTGACTCGCTCGCCACCTTC	85070003	85050973	19030	85054282	15721	85070027	19054	15745
ENSMUST00000111605	TTGTCTGACTCGCTCGCCACCTTC	85070003	85059487	10516	85069987	16	85070027	10540	40
ENSMUST00000028162	TCACAGAGGGCAGAGTCATTTTGT	32402375	32400552	1823	32401486	889	32402399	1847	913
ENSMUST00000028162	TCACAGAGGGCAGAGTCATTTTGT	32402375	32401078	1297	32402175	200	32402399	1321	224
ENSMUST00000115032	CCCTGGGGTGTACAGCACTGGATG	36320536	36307836	12700	36316208	4328	36320560	12724	4352
ENSMUST00000115032	CCCTGGGGTGTACAGCACTGGATG	36320536	36307836	12700	36318083	2453	36320560	12724	2477
ENSMUST00000115032	CCCTGGGGTGTACAGCACTGGATG	36320536	36316327	4209	36317609	2927	36320560	4233	2951
ENSMUST00000115032	CCCTGGGGTGTACAGCACTGGATG	36320536	36316327	4209	36318083	2453	36320560	4233	2477
ENSMUST00000115032	CCCTGGGGTGTACAGCACTGGATG	36320536	36316327	4209	36318083	2453	36320560	4233	2477
ENSMUST00000115032	CCCTGGGGTGTACAGCACTGGATG	36320536	36318181	2355	36318991	1545	36320560	2379	1569
ENSMUST00000165443	GAGAAGCAAGAGTATGGGAGTGGA	84940736	84929455	11281	84934863	5873	84940760	11305	5897
ENSMUST00000163979	CCATTACACCTCCTTCCACCCCTT	110082087	109931940	150147	109999771	82316	110082111	150171	82340
ENSMUST00000163979	CCATTACACCTCCTTCCACCCCTT	110082087	109979091	102996	110026100	55987	110082111	103020	56011
ENSMUST00000163979	CCATTACACCTCCTTCCACCCCTT	110082087	109979091	102996	110032098	49989	110082111	103020	50013
ENSMUST00000163979	CCATTACACCTCCTTCCACCCCTT	110082087	109999840	82247	110027678	54409	110082111	82271	54433
ENSMUST00000163979	CCATTACACCTCCTTCCACCCCTT	110082087	109999840	82247	110032098	49989	110082111	82271	50013
ENSMUST00000163979	CCATTACACCTCCTTCCACCCCTT	110082087	109999840	82247	110063016	19071	110082111	82271	19095
ENSMUST00000163979	CCATTACACCTCCTTCCACCCCTT	110082087	110027792	54295	110034372	47715	110082111	54319	47739
ENSMUST00000163979	CCATTACACCTCCTTCCACCCCTT	110082087	110032233	49854	110036741	45346	110082111	49878	45370
ENSMUST00000163979	CCATTACACCTCCTTCCACCCCTT	110082087	110036855	45232	110063016	19071	110082111	45256	19095
ENSMUST00000163979	CCATTACACCTCCTTCCACCCCTT	110082087	110063123	18964	110067484	14603	110082111	18988	14627
ENSMUST00000163979	CCATTACACCTCCTTCCACCCCTT	110082087	110068985	13102	110072612	9475	110082111	13126	9499
ENSMUST00000163979	CCATTACACCTCCTTCCACCCCTT	110082087	110068985	13102	110078002	4085	110082111	13126	4109
ENSMUST00000163979	CCATTACACCTCCTTCCACCCCTT	110082087	110068985	13102	110078002	4085	110082111	13126	4109
ENSMUST00000163979	CCATTACACCTCCTTCCACCCCTT	110082087	110068985	13102	110081420	667	110082111	13126	691
ENSMUST00000163979	CCATTACACCTCCTTCCACCCCTT	110082087	110071139	10948	110078002	4085	110082111	10972	4109
ENSMUST00000163979	CCATTACACCTCCTTCCACCCCTT	110082087	110068985	13102	110081420	667	110082111	13126	691
ENSMUST00000163979	CCATTACACCTCCTTCCACCCCTT	110082087	110072705	9382	110081420	667	110082111	9406	691
ENSMUST00000163979	CCATTACACCTCCTTCCACCCCTT	110082087	110078084	4003	110081420	667	110082111	4027	691
ENSMUST00000163979	CCATTACACCTCCTTCCACCCCTT	110082087	110078084	4003	110081420	667	110082111	4027	691
ENSMUST00000163979	CCATTACACCTCCTTCCACCCCTT	110082087	110079893	2194	110081734	353	110082111	2218	377
ENSMUST00000163979	CCATTACACCTCCTTCCACCCCTT	110082087	110079893	2194	110081840	247	110082111	2218	271
ENSMUST00000163979	CCATTACACCTCCTTCCACCCCTT	110082087	110079896	2191	110081840	247	110082111	2215	271
ENSMUST00000163979	CCATTACACCTCCTTCCACCCCTT	110082087	109931940	150147	109999771	82316	110082111	150171	82340
ENSMUST00000163979	CCATTACACCTCCTTCCACCCCTT	110082087	109979091	102996	110026100	55987	110082111	103020	56011
ENSMUST00000163979	CCATTACACCTCCTTCCACCCCTT	110082087	109979091	102996	110032098	49989	110082111	103020	50013
ENSMUST00000163979	CCATTACACCTCCTTCCACCCCTT	110082087	109999840	82247	110027678	54409	110082111	82271	54433
ENSMUST00000163979	CCATTACACCTCCTTCCACCCCTT	110082087	109999840	82247	110032098	49989	110082111	82271	50013
ENSMUST00000163979	CCATTACACCTCCTTCCACCCCTT	110082087	109999840	82247	110063016	19071	110082111	82271	19095
ENSMUST00000163979	CCATTACACCTCCTTCCACCCCTT	110082087	110027792	54295	110034372	47715	110082111	54319	47739
ENSMUST00000163979	CCATTACACCTCCTTCCACCCCTT	110082087	110032233	49854	110036741	45346	110082111	49878	45370
ENSMUST00000163979	CCATTACACCTCCTTCCACCCCTT	110082087	110036855	45232	110063016	19071	110082111	45256	19095
ENSMUST00000163979	CCATTACACCTCCTTCCACCCCTT	110082087	110063123	18964	110067484	14603	110082111	18988	14627
ENSMUST00000163979	CCATTACACCTCCTTCCACCCCTT	110082087	110068985	13102	110072612	9475	110082111	13126	9499
ENSMUST00000163979	CCATTACACCTCCTTCCACCCCTT	110082087	110068985	13102	110078002	4085	110082111	13126	4109
ENSMUST00000163979	CCATTACACCTCCTTCCACCCCTT	110082087	110068985	13102	110078002	4085	110082111	13126	4109
ENSMUST00000163979	CCATTACACCTCCTTCCACCCCTT	110082087	110068985	13102	110081420	667	110082111	13126	691
ENSMUST00000163979	CCATTACACCTCCTTCCACCCCTT	110082087	110071139	10948	110078002	4085	110082111	10972	4109
ENSMUST00000163979	CCATTACACCTCCTTCCACCCCTT	110082087	110068985	13102	110081420	667	110082111	13126	691
ENSMUST00000163979	CCATTACACCTCCTTCCACCCCTT	110082087	110072705	9382	110081420	667	110082111	9406	691
ENSMUST00000163979	CCATTACACCTCCTTCCACCCCTT	110082087	110078084	4003	110081420	667	110082111	4027	691
ENSMUST00000163979	CCATTACACCTCCTTCCACCCCTT	110082087	110078084	4003	110081420	667	110082111	4027	691
ENSMUST00000163979	CCATTACACCTCCTTCCACCCCTT	110082087	110079893	2194	110081734	353	110082111	2218	377
ENSMUST00000163979	CCATTACACCTCCTTCCACCCCTT	110082087	110079893	2194	110081840	247	110082111	2218	271
ENSMUST00000163979	CCATTACACCTCCTTCCACCCCTT	110082087	110079896	2191	110081840	247	110082111	2215	271
ENSMUST00000100993	TTTCAAGAAGTACACAGACCACCA	120762548	120738325	24223	120750851	11697	120765287	26962	14436
ENSMUST00000121871	TGTAAATTTTGAGAGGAGCTGCTC	56537535	56523603	13932	56526914	10621	56537559	13956	10645
ENSMUST00000121871	TGTAAATTTTGAGAGGAGCTGCTC	56537535	56527840	9695	56536823	712	56537559	9719	736
ENSMUST00000102973	GAGATGAAAAAGGACTTTGAAAGC	40180259	40176025	4234	40177778	2481	40180283	4258	2505
ENSMUST00000102973	GAGATGAAAAAGGACTTTGAAAGC	40180259	40179073	1186	40181382	-1123	40180283	1210	-1099
ENSMUST00000102973	GAGATGAAAAAGGACTTTGAAAGC	40180259	40176025	4234	40177778	2481	40180283	4258	2505
ENSMUST00000102973	GAGATGAAAAAGGACTTTGAAAGC	40180259	40179073	1186	40181382	-1123	40180283	1210	-1099
ENSMUST00000054034	CACTGCAGAAGGAACAAAAGCAGT	37065390	37015209	50181	37017198	48192	37066779	51570	49581
ENSMUST00000113035	TGGGGTTCAGTACATCGGCATCAT	56304384	56315881	-11497	56317990	-13606	56305101	-10780	-12889
ENSMUST00000006112	CAGGTCCGGGCTCGCACAGTAGCG	21218884	21205263	13621	21214324	4560	21218908	13645	4584
ENSMUST00000066427	CGAAACCCAAGGCAAACAAGGAGA	85701433	85670082	31351	85675194	26239	85707241	37159	32047
ENSMUST00000066427	CGAAACCCAAGGCAAACAAGGAGA	85701433	85670082	31351	85675194	26239	85707241	37159	32047
ENSMUST00000066427	CGAAACCCAAGGCAAACAAGGAGA	85701433	85679109	22324	85691974	9459	85707241	28132	15267
ENSMUST00000066427	CGAAACCCAAGGCAAACAAGGAGA	85701433	85679109	22324	85694258	7175	85707241	28132	12983
ENSMUST00000066427	CGAAACCCAAGGCAAACAAGGAGA	85701433	85679109	22324	85694258	7175	85707241	28132	12983
ENSMUST00000066427	CGAAACCCAAGGCAAACAAGGAGA	85701433	85681139	20294	85694258	7175	85707241	26102	12983
ENSMUST00000066427	CGAAACCCAAGGCAAACAAGGAGA	85701433	85701443	-10	85708992	-7559	85707241	5798	-1751
ENSMUST00000066427	CGAAACCCAAGGCAAACAAGGAGA	85701433	85706954	-5521	85707981	-6548	85707241	287	-740
ENSMUST00000066427	CGAAACCCAAGGCAAACAAGGAGA	85701433	85707298	-5865	85708992	-7559	85707241	-57	-1751
ENSMUST00000115675	CTTAGAGAGCTCAAAGCAAGCTGA	7800536	7790068	10468	7799289	1247	7800560	10492	1271
ENSMUST00000115675	CTTAGAGAGCTCAAAGCAAGCTGA	7800536	7792136	8400	7794991	5545	7800560	8424	5569
ENSMUST00000115675	CTTAGAGAGCTCAAAGCAAGCTGA	7800536	7792136	8400	7799289	1247	7800560	8424	1271
ENSMUST00000115675	CTTAGAGAGCTCAAAGCAAGCTGA	7800536	7792337	8199	7794991	5545	7800560	8223	5569
ENSMUST00000115675	CTTAGAGAGCTCAAAGCAAGCTGA	7800536	7792337	8199	7799289	1247	7800560	8223	1271
ENSMUST00000115675	CTTAGAGAGCTCAAAGCAAGCTGA	7800536	7792136	8400	7799289	1247	7800560	8424	1271
ENSMUST00000115675	CTTAGAGAGCTCAAAGCAAGCTGA	7800536	7792337	8199	7799289	1247	7800560	8223	1271
ENSMUST00000115675	CTTAGAGAGCTCAAAGCAAGCTGA	7800536	7794286	6250	7799289	1247	7800560	6274	1271
ENSMUST00000115675	CTTAGAGAGCTCAAAGCAAGCTGA	7800536	7800341	195	7801176	-640	7800560	219	-616
ENSMUST00000115675	CTTAGAGAGCTCAAAGCAAGCTGA	7800536	7803400	-2864	7804359	-3823	7800560	-2840	-3799
ENSMUST00000115675	CTTAGAGAGCTCAAAGCAAGCTGA	7800536	7804494	-3958	7810252	-9716	7800560	-3934	-9692
ENSMUST00000115675	CTTAGAGAGCTCAAAGCAAGCTGA	7800536	7812560	-12024	7812831	-12295	7800560	-12000	-12271
ENSMUST00000115675	CTTAGAGAGCTCAAAGCAAGCTGA	7800536	7818389	-17853	7820001	-19465	7800560	-17829	-19441
ENSMUST00000110186	GGCCCCGAGTGCAACAGCCTGCAG	131520938	131492036	28902	131520094	844	131520962	28926	868
ENSMUST00000110186	GGCCCCGAGTGCAACAGCCTGCAG	131520938	131512217	8721	131520094	844	131520962	8745	868
ENSMUST00000110186	GGCCCCGAGTGCAACAGCCTGCAG	131520938	131512217	8721	131520094	844	131520962	8745	868
ENSMUST00000110186	GGCCCCGAGTGCAACAGCCTGCAG	131520938	131516443	4495	131524742	-3804	131520962	4519	-3780
ENSMUST00000110186	GGCCCCGAGTGCAACAGCCTGCAG	131520938	131520268	670	131521054	-116	131520962	694	-92
ENSMUST00000110186	GGCCCCGAGTGCAACAGCCTGCAG	131520938	131520268	670	131522058	-1120	131520962	694	-1096
ENSMUST00000110186	GGCCCCGAGTGCAACAGCCTGCAG	131520938	131520268	670	131522058	-1120	131520962	694	-1096
ENSMUST00000110186	GGCCCCGAGTGCAACAGCCTGCAG	131520938	131520268	670	131522147	-1209	131520962	694	-1185
ENSMUST00000110186	GGCCCCGAGTGCAACAGCCTGCAG	131520938	131520268	670	131524742	-3804	131520962	694	-3780
ENSMUST00000110186	GGCCCCGAGTGCAACAGCCTGCAG	131520938	131520268	670	131522058	-1120	131520962	694	-1096
ENSMUST00000110186	GGCCCCGAGTGCAACAGCCTGCAG	131520938	131520268	670	131522058	-1120	131520962	694	-1096
ENSMUST00000110186	GGCCCCGAGTGCAACAGCCTGCAG	131520938	131520646	292	131522058	-1120	131520962	316	-1096
ENSMUST00000110186	GGCCCCGAGTGCAACAGCCTGCAG	131520938	131520268	670	131524243	-3305	131520962	694	-3281
ENSMUST00000110186	GGCCCCGAGTGCAACAGCCTGCAG	131520938	131520268	670	131524742	-3804	131520962	694	-3780
ENSMUST00000110186	GGCCCCGAGTGCAACAGCCTGCAG	131520938	131521171	-233	131524742	-3804	131520962	-209	-3780
ENSMUST00000110186	GGCCCCGAGTGCAACAGCCTGCAG	131520938	131520268	670	131524742	-3804	131520962	694	-3780
ENSMUST00000110186	GGCCCCGAGTGCAACAGCCTGCAG	131520938	131521171	-233	131524742	-3804	131520962	-209	-3780
ENSMUST00000110186	GGCCCCGAGTGCAACAGCCTGCAG	131520938	131520268	670	131524742	-3804	131520962	694	-3780
ENSMUST00000110186	GGCCCCGAGTGCAACAGCCTGCAG	131520938	131522219	-1281	131524742	-3804	131520962	-1257	-3780
ENSMUST00000097288	CCAGTTCGAATCCGTGTGCGAGTC	70662595	70078423	584172	70308046	354549	70662619	584196	354573
ENSMUST00000097288	CCAGTTCGAATCCGTGTGCGAGTC	70662595	70078423	584172	70424795	237800	70662619	584196	237824
ENSMUST00000097288	CCAGTTCGAATCCGTGTGCGAGTC	70662595	70308170	354425	70515953	146642	70662619	354449	146666
ENSMUST00000097288	CCAGTTCGAATCCGTGTGCGAGTC	70662595	70424888	237707	70593166	69429	70662619	237731	69453
ENSMUST00000097288	CCAGTTCGAATCCGTGTGCGAGTC	70662595	70522262	140333	70657453	5142	70662619	140357	5166
ENSMUST00000097288	CCAGTTCGAATCCGTGTGCGAGTC	70662595	70593381	69214	70761074	-98479	70662619	69238	-98455
ENSMUST00000097288	CCAGTTCGAATCCGTGTGCGAGTC	70662595	70662809	-214	70761074	-98479	70662619	-190	-98455
ENSMUST00000097288	CCAGTTCGAATCCGTGTGCGAGTC	70662595	70662809	-214	70761158	-98563	70662619	-190	-98539
ENSMUST00000097288	CCAGTTCGAATCCGTGTGCGAGTC	70662595	70809279	-146684	70818024	-155429	70662619	-146660	-155405
ENSMUST00000042125	ACTGACTGAGTGAACTGTGCATTC	74698548	74661889	36659	74678897	19651	74698572	36683	19675
ENSMUST00000042125	ACTGACTGAGTGAACTGTGCATTC	74698548	74673010	25538	74680353	18195	74698572	25562	18219
ENSMUST00000042125	ACTGACTGAGTGAACTGTGCATTC	74698548	74686393	12155	74687477	11071	74698572	12179	11095
ENSMUST00000042125	ACTGACTGAGTGAACTGTGCATTC	74698548	74687395	11153	74688163	10385	74698572	11177	10409
ENSMUST00000042125	ACTGACTGAGTGAACTGTGCATTC	74698548	74690106	8442	74695707	2841	74698572	8466	2865
ENSMUST00000028341	CCTTGGGCTGCTCCTGGATGCGTT	25273119	25273932	-813	25276315	-3196	25273143	-789	-3172
ENSMUST00000028341	CCTTGGGCTGCTCCTGGATGCGTT	25273119	25277753	-4634	25279171	-6052	25273143	-4610	-6028
ENSMUST00000028341	CCTTGGGCTGCTCCTGGATGCGTT	25273119	25279313	-6194	25280282	-7163	25273143	-6170	-7139
ENSMUST00000028341	CCTTGGGCTGCTCCTGGATGCGTT	25273119	25280486	-7367	25284936	-11817	25273143	-7343	-11793
ENSMUST00000028911	TAAGCTGAAGAGTTTGAGAATGGGC	144407096	144369157	37939	144373190	33906	144407121	37964	33931
ENSMUST00000028911	TAAGCTGAAGAGTTTGAGAATGGGC	144407096	144375963	31133	144389174	17922	144407121	31158	17947
ENSMUST00000028911	TAAGCTGAAGAGTTTGAGAATGGGC	144407096	144375963	31133	144393303	13793	144407121	31158	13818
ENSMUST00000028911	TAAGCTGAAGAGTTTGAGAATGGGC	144407096	144375963	31133	144393303	13793	144407121	31158	13818
ENSMUST00000028911	TAAGCTGAAGAGTTTGAGAATGGGC	144407096	144380828	26268	144393303	13793	144407121	26293	13818
ENSMUST00000195823	AAGCCGTTCACCACTTGGTCCTTGT	37707842	37709652	-1810	37833264	-125422	37707867	-1785	-125397
ENSMUST00000077851	CTGCTTAATTAAGTGCATGAGGCAG	74242540	74252086	-9546	74271193	-28653	74242565	-9521	-28628
ENSMUST00000077851	CTGCTTAATTAAGTGCATGAGGCAG	74242540	74252086	-9546	74298440	-55900	74242565	-9521	-55875
ENSMUST00000077851	CTGCTTAATTAAGTGCATGAGGCAG	74242540	74271369	-28829	74298440	-55900	74242565	-28804	-55875
ENSMUST00000077851	CTGCTTAATTAAGTGCATGAGGCAG	74242540	74307014	-64474	74315511	-72971	74242565	-64449	-72946
ENSMUST00000077851	CTGCTTAATTAAGTGCATGAGGCAG	74242540	74343551	-101011	74348399	-105859	74242565	-100986	-105834
ENSMUST00000077851	CTGCTTAATTAAGTGCATGAGGCAG	74242540	74373751	-131211	74391376	-148836	74242565	-131186	-148811
ENSMUST00000077851	CTGCTTAATTAAGTGCATGAGGCAG	74242540	74391496	-148956	74404820	-162280	74242565	-148931	-162255
ENSMUST00000215474	ATGGTTTCCCCGGGGCCTGTGTTTG	37613860	37633754	-19894	37644751	-30891	37613885	-19869	-30866
ENSMUST00000062519	TTGTATTTTGGGGAAACTCTAAAAC	26772014	26715774	56240	26739542	32472	26772039	56265	32497
ENSMUST00000062519	TTGTATTTTGGGGAAACTCTAAAAC	26772014	26715774	56240	26739542	32472	26772039	56265	32497
ENSMUST00000062519	TTGTATTTTGGGGAAACTCTAAAAC	26772014	26715774	56240	26757804	14210	26772039	56265	14235
ENSMUST00000062519	TTGTATTTTGGGGAAACTCTAAAAC	26772014	26736983	35031	26742041	29973	26772039	35056	29998
ENSMUST00000062519	TTGTATTTTGGGGAAACTCTAAAAC	26772014	26739668	32346	26757804	14210	26772039	32371	14235
ENSMUST00000062519	TTGTATTTTGGGGAAACTCTAAAAC	26772014	26759949	12065	26763325	8689	26772039	12090	8714
ENSMUST00000062519	TTGTATTTTGGGGAAACTCTAAAAC	26772014	26762311	9703	26771291	723	26772039	9728	748
ENSMUST00000168527	TATTCTGAGTGTGTCCCCTGCAGGC	139171653	138966230	205423	139039999	131654	139171678	205448	131679
ENSMUST00000168527	TATTCTGAGTGTGTCCCCTGCAGGC	139171653	138966230	205423	139053345	118308	139171678	205448	118333
ENSMUST00000168527	TATTCTGAGTGTGTCCCCTGCAGGC	139171653	139042043	129610	139054540	117113	139171678	129635	117138
ENSMUST00000168527	TATTCTGAGTGTGTCCCCTGCAGGC	139171653	139054621	117032	139060274	111379	139171678	117057	111404
ENSMUST00000168527	TATTCTGAGTGTGTCCCCTGCAGGC	139171653	139023148	148505	139101967	69686	139171678	148530	69711
ENSMUST00000168527	TATTCTGAGTGTGTCCCCTGCAGGC	139171653	139062971	108682	139101967	69686	139171678	108707	69711
ENSMUST00000168527	TATTCTGAGTGTGTCCCCTGCAGGC	139171653	139081273	90380	139090453	81200	139171678	90405	81225
ENSMUST00000168527	TATTCTGAGTGTGTCCCCTGCAGGC	139171653	139081273	90380	139101967	69686	139171678	90405	69711
ENSMUST00000168527	TATTCTGAGTGTGTCCCCTGCAGGC	139171653	139090555	81098	139101967	69686	139171678	81123	69711
ENSMUST00000029865	TTTCTCTCATCAACTTGAAACTTAA	11174051	11165447	8604	11169709	4342	11174076	8629	4367
ENSMUST00000230703	CAGGAATCCAGCCTCCTCTGTTGAT	5077103	5050781	26322	5055076	22027	5077128	26347	22052
ENSMUST00000230703	CAGGAATCCAGCCTCCTCTGTTGAT	5077103	5055364	21739	5062534	14569	5077128	21764	14594
ENSMUST00000230703	CAGGAATCCAGCCTCCTCTGTTGAT	5077103	5074512	2591	5081417	-4314	5077128	2616	-4289
ENSMUST00000230703	CAGGAATCCAGCCTCCTCTGTTGAT	5077103	5078115	-1012	5084055	-6952	5077128	-987	-6927
ENSMUST00000230703	CAGGAATCCAGCCTCCTCTGTTGAT	5077103	5081661	-4558	5084055	-6952	5077128	-4533	-6927
ENSMUST00000230703	CAGGAATCCAGCCTCCTCTGTTGAT	5077103	5050781	26322	5055076	22027	5077128	26347	22052
ENSMUST00000230703	CAGGAATCCAGCCTCCTCTGTTGAT	5077103	5055364	21739	5062534	14569	5077128	21764	14594
ENSMUST00000230703	CAGGAATCCAGCCTCCTCTGTTGAT	5077103	5074512	2591	5081417	-4314	5077128	2616	-4289
ENSMUST00000230703	CAGGAATCCAGCCTCCTCTGTTGAT	5077103	5078115	-1012	5084055	-6952	5077128	-987	-6927
ENSMUST00000230703	CAGGAATCCAGCCTCCTCTGTTGAT	5077103	5081661	-4558	5084055	-6952	5077128	-4533	-6927
ENSMUST00000034703	CCTCACTATCGGCGACGCGAACGGC	21547121	21547230	-109	21574486	-27365	21547146	-84	-27340
ENSMUST00000034703	CCTCACTATCGGCGACGCGAACGGC	21547121	21574593	-27472	21575413	-28292	21547146	-27447	-28267
ENSMUST00000034703	CCTCACTATCGGCGACGCGAACGGC	21547121	21574593	-27472	21575413	-28292	21547146	-27447	-28267
ENSMUST00000034703	CCTCACTATCGGCGACGCGAACGGC	21547121	21575518	-28397	21583038	-35917	21547146	-28372	-35892
ENSMUST00000034703	CCTCACTATCGGCGACGCGAACGGC	21547121	21579509	-32388	21583038	-35917	21547146	-32363	-35892
ENSMUST00000034703	CCTCACTATCGGCGACGCGAACGGC	21547121	21586252	-39131	21586900	-39779	21547146	-39106	-39754
ENSMUST00000034703	CCTCACTATCGGCGACGCGAACGGC	21547121	21586252	-39131	21587124	-40003	21547146	-39106	-39978
ENSMUST00000034703	CCTCACTATCGGCGACGCGAACGGC	21547121	21586252	-39131	21587124	-40003	21547146	-39106	-39978
ENSMUST00000034703	CCTCACTATCGGCGACGCGAACGGC	21547121	21586534	-39413	21587124	-40003	21547146	-39388	-39978
ENSMUST00000034703	CCTCACTATCGGCGACGCGAACGGC	21547121	21587038	-39917	21587290	-40169	21547146	-39892	-40144
ENSMUST00000034703	CCTCACTATCGGCGACGCGAACGGC	21547121	21587585	-40464	21588048	-40927	21547146	-40439	-40902
ENSMUST00000027252	TCCAAGCTCAGGGTGTTGAAGTGCC	38022308	38036273	-13965	38037546	-15238	38032296	-3977	-5250
ENSMUST00000027252	TCCAAGCTCAGGGTGTTGAAGTGCC	38022308	38045506	-23198	38046611	-24303	38032296	-13210	-14315
ENSMUST00000027252	TCCAAGCTCAGGGTGTTGAAGTGCC	38022308	38049093	-26785	38050186	-27878	38032296	-16797	-17890
ENSMUST00000108689	GCTTGCCCAAGAGTCCATATTAGAT	67093545	67090875	2670	67091882	1663	67093570	2695	1688
ENSMUST00000108689	GCTTGCCCAAGAGTCCATATTAGAT	67093545	67098044	-4499	67099177	-5632	67093570	-4474	-5607
ENSMUST00000063594	GGAAGATTGCCATTTTAGGGTCAGC	62816327	62704277	112050	62738288	78039	62816352	112075	78064
ENSMUST00000063594	GGAAGATTGCCATTTTAGGGTCAGC	62816327	62786301	30026	62815332	995	62816352	30051	1020
ENSMUST00000063594	GGAAGATTGCCATTTTAGGGTCAGC	62816327	62786316	30011	62815332	995	62816352	30036	1020
ENSMUST00000109799	CTGACTCTAGTCATCTGCAATCCGC	153151296	153128305	22991	153129843	21453	153151321	23016	21478
ENSMUST00000047357	TGGGGTGTAGCTCAGTGGTAGAGCT	102003393	101976134	27259	101983175	20218	102003418	27284	20243
ENSMUST00000047357	TGGGGTGTAGCTCAGTGGTAGAGCT	102003393	101983525	19868	101987257	16136	102003418	19893	16161
ENSMUST00000085894	CACAAGACGGAGACGATCCAGCTCA	172529902	172521181	8721	172529809	93	172529927	8746	118
ENSMUST00000085894	CACAAGACGGAGACGATCCAGCTCA	172529902	172521181	8721	172532080	-2178	172529927	8746	-2153
ENSMUST00000085894	CACAAGACGGAGACGATCCAGCTCA	172529902	172521181	8721	172529809	93	172529927	8746	118
ENSMUST00000085894	CACAAGACGGAGACGATCCAGCTCA	172529902	172521181	8721	172532080	-2178	172529927	8746	-2153
ENSMUST00000004222	AGAAAGAATCTTTTGAAGAAACAAG	18927444	18894836	32608	18896453	30991	18927469	32633	31016
ENSMUST00000004222	AGAAAGAATCTTTTGAAGAAACAAG	18927444	18894836	32608	18896453	30991	18927469	32633	31016
ENSMUST00000004222	AGAAAGAATCTTTTGAAGAAACAAG	18927444	18896564	30880	18899362	28082	18927469	30905	28107
ENSMUST00000004222	AGAAAGAATCTTTTGAAGAAACAAG	18927444	18896773	30671	18899362	28082	18927469	30696	28107
ENSMUST00000004222	AGAAAGAATCTTTTGAAGAAACAAG	18927444	18899457	27987	18912045	15399	18927469	28012	15424
ENSMUST00000004222	AGAAAGAATCTTTTGAAGAAACAAG	18927444	18912206	15238	18918975	8469	18927469	15263	8494
ENSMUST00000004222	AGAAAGAATCTTTTGAAGAAACAAG	18927444	18922959	4485	18927437	7	18927469	4510	32
ENSMUST00000004222	AGAAAGAATCTTTTGAAGAAACAAG	18927444	18922959	4485	18932867	-5423	18927469	4510	-5398
ENSMUST00000004222	AGAAAGAATCTTTTGAAGAAACAAG	18927444	18922959	4485	18932867	-5423	18927469	4510	-5398
ENSMUST00000004222	AGAAAGAATCTTTTGAAGAAACAAG	18927444	18925863	1581	18932867	-5423	18927469	1606	-5398
ENSMUST00000004222	AGAAAGAATCTTTTGAAGAAACAAG	18927444	18946547	-19103	18947413	-19969	18927469	-19078	-19944
ENSMUST00000004222	AGAAAGAATCTTTTGAAGAAACAAG	18927444	18946547	-19103	18949135	-21691	18927469	-19078	-21666
ENSMUST00000004222	AGAAAGAATCTTTTGAAGAAACAAG	18927444	18951336	-23892	18952063	-24619	18927469	-23867	-24594
ENSMUST00000169547	GTGTGGATGTAGCTCAGTTGGTAGC	75574973	75532788	42185	75544681	30292	75574998	42210	30317
ENSMUST00000169547	GTGTGGATGTAGCTCAGTTGGTAGC	75574973	75543365	31608	75545753	29220	75574998	31633	29245
ENSMUST00000169547	GTGTGGATGTAGCTCAGTTGGTAGC	75574973	75568490	6483	75571756	3217	75574998	6508	3242
ENSMUST00000169547	GTGTGGATGTAGCTCAGTTGGTAGC	75574973	75568490	6483	75572314	2659	75574998	6508	2684
ENSMUST00000019931	CCGCACCCAGGATTCCATCGCGGCG	7590324	7590613	-289	7608543	-18219	7590349	-264	-18194
ENSMUST00000019931	CCGCACCCAGGATTCCATCGCGGCG	7590324	7590613	-289	7623629	-33305	7590349	-264	-33280
ENSMUST00000019931	CCGCACCCAGGATTCCATCGCGGCG	7590324	7596264	-5940	7608543	-18219	7590349	-5915	-18194
ENSMUST00000019931	CCGCACCCAGGATTCCATCGCGGCG	7590324	7596264	-5940	7604173	-13849	7590349	-5915	-13824
ENSMUST00000019931	CCGCACCCAGGATTCCATCGCGGCG	7590324	7596264	-5940	7608543	-18219	7590349	-5915	-18194
ENSMUST00000019931	CCGCACCCAGGATTCCATCGCGGCG	7590324	7596264	-5940	7623629	-33305	7590349	-5915	-33280
ENSMUST00000019931	CCGCACCCAGGATTCCATCGCGGCG	7590324	7590613	-289	7608543	-18219	7590349	-264	-18194
ENSMUST00000019931	CCGCACCCAGGATTCCATCGCGGCG	7590324	7598848	-8524	7604173	-13849	7590349	-8499	-13824
ENSMUST00000019931	CCGCACCCAGGATTCCATCGCGGCG	7590324	7598848	-8524	7608543	-18219	7590349	-8499	-18194
ENSMUST00000019931	CCGCACCCAGGATTCCATCGCGGCG	7590324	7596264	-5940	7608543	-18219	7590349	-5915	-18194
ENSMUST00000019931	CCGCACCCAGGATTCCATCGCGGCG	7590324	7596264	-5940	7608547	-18223	7590349	-5915	-18198
ENSMUST00000019931	CCGCACCCAGGATTCCATCGCGGCG	7590324	7596264	-5940	7623629	-33305	7590349	-5915	-33280
ENSMUST00000019931	CCGCACCCAGGATTCCATCGCGGCG	7590324	7598848	-8524	7608543	-18219	7590349	-8499	-18194
ENSMUST00000019931	CCGCACCCAGGATTCCATCGCGGCG	7590324	7598848	-8524	7623629	-33305	7590349	-8499	-33280
ENSMUST00000019931	CCGCACCCAGGATTCCATCGCGGCG	7590324	7602954	-12630	7608543	-18219	7590349	-12605	-18194
ENSMUST00000019931	CCGCACCCAGGATTCCATCGCGGCG	7590324	7590613	-289	7623629	-33305	7590349	-264	-33280
ENSMUST00000019931	CCGCACCCAGGATTCCATCGCGGCG	7590324	7596264	-5940	7623629	-33305	7590349	-5915	-33280
ENSMUST00000019931	CCGCACCCAGGATTCCATCGCGGCG	7590324	7598848	-8524	7623629	-33305	7590349	-8499	-33280
ENSMUST00000019931	CCGCACCCAGGATTCCATCGCGGCG	7590324	7604383	-14059	7623629	-33305	7590349	-14034	-33280
ENSMUST00000019931	CCGCACCCAGGATTCCATCGCGGCG	7590324	7596264	-5940	7623629	-33305	7590349	-5915	-33280
ENSMUST00000019931	CCGCACCCAGGATTCCATCGCGGCG	7590324	7604383	-14059	7623629	-33305	7590349	-14034	-33280
ENSMUST00000042065	AGCTGCCTTTTGTCACTCCCAGCAT	21930050	21892440	37610	21903745	26305	21930075	37635	26330
ENSMUST00000039627	CCTTTTGTAACCTGAGACCTGGCAC	87775233	87768480	6753	87769677	5556	87775258	6778	5581
ENSMUST00000039627	CCTTTTGTAACCTGAGACCTGGCAC	87775233	87777235	-2002	87779228	-3995	87775258	-1977	-3970
ENSMUST00000039627	CCTTTTGTAACCTGAGACCTGGCAC	87775233	87780953	-5720	87781489	-6256	87775258	-5695	-6231
ENSMUST00000039627	CCTTTTGTAACCTGAGACCTGGCAC	87775233	87780953	-5720	87781489	-6256	87775258	-5695	-6231
ENSMUST00000039627	CCTTTTGTAACCTGAGACCTGGCAC	87775233	87781593	-6360	87781944	-6711	87775258	-6335	-6686
ENSMUST00000039627	CCTTTTGTAACCTGAGACCTGGCAC	87775233	87782049	-6816	87784735	-9502	87775258	-6791	-9477
ENSMUST00000233283	AACGGCCAGTTCGAATCCGTGTGCG	70662590	70078423	584167	70308046	354544	70662615	584192	354569
ENSMUST00000233283	AACGGCCAGTTCGAATCCGTGTGCG	70662590	70078423	584167	70424795	237795	70662615	584192	237820
ENSMUST00000233283	AACGGCCAGTTCGAATCCGTGTGCG	70662590	70308170	354420	70515953	146637	70662615	354445	146662
ENSMUST00000233283	AACGGCCAGTTCGAATCCGTGTGCG	70662590	70424888	237702	70593166	69424	70662615	237727	69449
ENSMUST00000233283	AACGGCCAGTTCGAATCCGTGTGCG	70662590	70522262	140328	70657453	5137	70662615	140353	5162
ENSMUST00000233283	AACGGCCAGTTCGAATCCGTGTGCG	70662590	70593381	69209	70761074	-98484	70662615	69234	-98459
ENSMUST00000233283	AACGGCCAGTTCGAATCCGTGTGCG	70662590	70662809	-219	70761074	-98484	70662615	-194	-98459
ENSMUST00000233283	AACGGCCAGTTCGAATCCGTGTGCG	70662590	70662809	-219	70761158	-98568	70662615	-194	-98543
ENSMUST00000233283	AACGGCCAGTTCGAATCCGTGTGCG	70662590	70809279	-146689	70818024	-155434	70662615	-146664	-155409
ENSMUST00000097543	GAGGGGCTGGAGTCGCTGTGCTTGA	151361621	151344755	16866	151350980	10641	151363123	18368	12143
ENSMUST00000097543	GAGGGGCTGGAGTCGCTGTGCTTGA	151361621	151349603	12018	151351553	10068	151363123	13520	11570
ENSMUST00000097543	GAGGGGCTGGAGTCGCTGTGCTTGA	151361621	151349603	12018	151351829	9792	151363123	13520	11294
ENSMUST00000097543	GAGGGGCTGGAGTCGCTGTGCTTGA	151361621	151349603	12018	151351829	9792	151363123	13520	11294
ENSMUST00000097543	GAGGGGCTGGAGTCGCTGTGCTTGA	151361621	151351109	10512	151351829	9792	151363123	12014	11294
ENSMUST00000097543	GAGGGGCTGGAGTCGCTGTGCTTGA	151361621	151351109	10512	151353919	7702	151363123	12014	9204
ENSMUST00000097543	GAGGGGCTGGAGTCGCTGTGCTTGA	151361621	151354093	7528	151355166	6455	151363123	9030	7957
ENSMUST00000097543	GAGGGGCTGGAGTCGCTGTGCTTGA	151361621	151354093	7528	151356128	5493	151363123	9030	6995
ENSMUST00000097543	GAGGGGCTGGAGTCGCTGTGCTTGA	151361621	151356236	5385	151359952	1669	151363123	6887	3171
ENSMUST00000097543	GAGGGGCTGGAGTCGCTGTGCTTGA	151361621	151361058	563	151361461	160	151363123	2065	1662
ENSMUST00000087675	ATCTTCCGATGTCTTAGGTCAGCAGC	137837164	137783063	54101	137830192	6972	137837190	54127	6998
ENSMUST00000029382	TCCTCATCTGGACGGGAAACATGTGG	79597771	79593750	4021	79595201	2570	79597797	4047	2596
ENSMUST00000029382	TCCTCATCTGGACGGGAAACATGTGG	79597771	79595308	2463	79597684	87	79597797	2489	113
ENSMUST00000029382	TCCTCATCTGGACGGGAAACATGTGG	79597771	79598914	-1143	79600257	-2486	79597797	-1117	-2460
ENSMUST00000029382	TCCTCATCTGGACGGGAAACATGTGG	79597771	79599158	-1387	79602271	-4500	79597797	-1361	-4474
ENSMUST00000030816	ACCTCTCATATAGTTAGGACTTGATG	149119735	149106313	13422	149117407	2328	149119761	13448	2354
ENSMUST00000096753	GTTTTTATTATGAAAAGAAATGTTAT	8833788	8820813	12975	8823229	10559	8833814	13001	10585
ENSMUST00000096753	GTTTTTATTATGAAAAGAAATGTTAT	8833788	8820813	12975	8823529	10259	8833814	13001	10285
ENSMUST00000096753	GTTTTTATTATGAAAAGAAATGTTAT	8833788	8825123	8665	8825971	7817	8833814	8691	7843
ENSMUST00000096753	GTTTTTATTATGAAAAGAAATGTTAT	8833788	8825393	8395	8826643	7145	8833814	8421	7171
ENSMUST00000096753	GTTTTTATTATGAAAAGAAATGTTAT	8833788	8829950	3838	8831224	2564	8833814	3864	2590
ENSMUST00000033544	GCCGGGTTGGACGAGCCGCTGTGCGC	75416667	75416841	-174	75418410	-1743	75416693	-148	-1717
ENSMUST00000033544	GCCGGGTTGGACGAGCCGCTGTGCGC	75416667	75416841	-174	75422778	-6111	75416693	-148	-6085
ENSMUST00000033544	GCCGGGTTGGACGAGCCGCTGTGCGC	75416667	75416841	-174	75436105	-19438	75416693	-148	-19412
ENSMUST00000033544	GCCGGGTTGGACGAGCCGCTGTGCGC	75416667	75418465	-1798	75437935	-21268	75416693	-1772	-21242
ENSMUST00000033544	GCCGGGTTGGACGAGCCGCTGTGCGC	75416667	75437991	-21324	75447802	-31135	75416693	-21298	-31109
ENSMUST00000183200	AAGCTTGAGGGCATGGAGTTTGAATC	3435150	3430512	4638	3434701	449	3435176	4664	475
ENSMUST00000032066	TTCTCCAACTCAGAAGTGAAAAGTCT	86273173	86195545	77628	86263158	10015	86273199	77654	10041
ENSMUST00000102826	CATAGCAAAAAAGTATGACGAAGCCG	34574086	34551022	23064	34570218	3868	34574112	23090	3894
ENSMUST00000028781	TCTTTCTCTCACTCTGTCTTACACAC	131026764	130933469	93295	130944881	81883	131026790	93321	81909
ENSMUST00000028781	TCTTTCTCTCACTCTGTCTTACACAC	131026764	130945010	81754	130947558	79206	131026790	81780	79232
ENSMUST00000028781	TCTTTCTCTCACTCTGTCTTACACAC	131026764	130947727	79037	130957904	68860	131026790	79063	68886
ENSMUST00000028781	TCTTTCTCTCACTCTGTCTTACACAC	131026764	130958148	68616	130961519	65245	131026790	68642	65271
ENSMUST00000028781	TCTTTCTCTCACTCTGTCTTACACAC	131026764	130958148	68616	130964843	61921	131026790	68642	61947
ENSMUST00000028781	TCTTTCTCTCACTCTGTCTTACACAC	131026764	130970225	56539	130973376	53388	131026790	56565	53414
ENSMUST00000028781	TCTTTCTCTCACTCTGTCTTACACAC	131026764	130976068	50696	130981903	44861	131026790	50722	44887
ENSMUST00000028781	TCTTTCTCTCACTCTGTCTTACACAC	131026764	130986855	39909	130999145	27619	131026790	39935	27645
ENSMUST00000028781	TCTTTCTCTCACTCTGTCTTACACAC	131026764	130994214	32550	130999145	27619	131026790	32576	27645
ENSMUST00000028781	TCTTTCTCTCACTCTGTCTTACACAC	131026764	131021048	5716	131025816	948	131026790	5742	974
ENSMUST00000193053	ACCTTAAATCAAGCTGTTCTAAATAG	110803799	110738277	65522	110793113	10686	110803825	65548	10712
ENSMUST00000193053	ACCTTAAATCAAGCTGTTCTAAATAG	110803799	110779478	24321	110793113	10686	110803825	24347	10712
ENSMUST00000193053	ACCTTAAATCAAGCTGTTCTAAATAG	110803799	110779711	24088	110793113	10686	110803825	24114	10712
ENSMUST00000193053	ACCTTAAATCAAGCTGTTCTAAATAG	110803799	110779478	24321	110803404	395	110803825	24347	421
ENSMUST00000193053	ACCTTAAATCAAGCTGTTCTAAATAG	110803799	110794373	9426	110803404	395	110803825	9452	421
ENSMUST00000173033	AAGCCTGTGAAGGTGAACTGTGTGGT	49449154	49428564	20590	49435094	14060	49449454	20890	14360
ENSMUST00000173033	AAGCCTGTGAAGGTGAACTGTGTGGT	49449154	49433296	15858	49439421	9733	49449454	16158	10033
ENSMUST00000173033	AAGCCTGTGAAGGTGAACTGTGTGGT	49449154	49439586	9568	49449434	-280	49449454	9868	20
ENSMUST00000173033	AAGCCTGTGAAGGTGAACTGTGTGGT	49449154	49452331	-3177	49454029	-4875	49449454	-2877	-4575
ENSMUST00000173033	AAGCCTGTGAAGGTGAACTGTGTGGT	49449154	49452331	-3177	49454029	-4875	49449454	-2877	-4575
ENSMUST00000173033	AAGCCTGTGAAGGTGAACTGTGTGGT	49449154	49452842	-3688	49455256	-6102	49449454	-3388	-5802
ENSMUST00000044053	TGAAGAATTCATGGATGACTTTGAAA	11214519	11183881	30638	11186380	28139	11214545	30664	28165
ENSMUST00000040844	AGGGACTGACCGAGCCCCTCCATCGC	35638440	35591882	46558	35601489	36951	35638466	46584	36977
ENSMUST00000040844	AGGGACTGACCGAGCCCCTCCATCGC	35638440	35602582	35858	35603698	34742	35638466	35884	34768
ENSMUST00000040844	AGGGACTGACCGAGCCCCTCCATCGC	35638440	35620662	17778	35625646	12794	35638466	17804	12820
ENSMUST00000089185	TTTCCACACGTACCTGATCAGCTCCA	5725289	5493691	231598	5685654	39635	5725315	231624	39661
ENSMUST00000089185	TTTCCACACGTACCTGATCAGCTCCA	5725289	5648063	77226	5712387	12902	5725315	77252	12928
ENSMUST00000089185	TTTCCACACGTACCTGATCAGCTCCA	5725289	5648063	77226	5726824	-1535	5725315	77252	-1509
ENSMUST00000089185	TTTCCACACGTACCTGATCAGCTCCA	5725289	5648063	77226	5731471	-6182	5725315	77252	-6156
ENSMUST00000089185	TTTCCACACGTACCTGATCAGCTCCA	5725289	5685813	39476	5714968	10321	5725315	39502	10347
ENSMUST00000089185	TTTCCACACGTACCTGATCAGCTCCA	5725289	5648063	77226	5731471	-6182	5725315	77252	-6156
ENSMUST00000089185	TTTCCACACGTACCTGATCAGCTCCA	5725289	5685813	39476	5731471	-6182	5725315	39502	-6156
ENSMUST00000089185	TTTCCACACGTACCTGATCAGCTCCA	5725289	5685813	39476	5752691	-27402	5725315	39502	-27376
ENSMUST00000026927	AGCAAAAATAAGAGTTTTAAAAGAGA	5868923	5845385	23538	5854815	14108	5868949	23564	14134
ENSMUST00000026927	AGCAAAAATAAGAGTTTTAAAAGAGA	5868923	5845385	23538	5854815	14108	5868949	23564	14134
ENSMUST00000026927	AGCAAAAATAAGAGTTTTAAAAGAGA	5868923	5864448	4475	5866353	2570	5868949	4501	2596
ENSMUST00000060632	TGCTGGAATTGCAGGCATGAGCCACT	94064890	94037442	27448	94047271	17619	94064916	27474	17645
ENSMUST00000060632	TGCTGGAATTGCAGGCATGAGCCACT	94064890	94037442	27448	94047271	17619	94064916	27474	17645
ENSMUST00000060632	TGCTGGAATTGCAGGCATGAGCCACT	94064890	94037442	27448	94052074	12816	94064916	27474	12842
ENSMUST00000060632	TGCTGGAATTGCAGGCATGAGCCACT	94064890	94055344	9546	94056043	8847	94064916	9572	8873
ENSMUST00000065111	GGCTTGAGTCTTCGTAAAGTAAACAG	21830435	21784793	45642	21797294	33141	21830461	45668	33167
ENSMUST00000065111	GGCTTGAGTCTTCGTAAAGTAAACAG	21830435	21798735	31700	21810741	19694	21830461	31726	19720
ENSMUST00000065111	GGCTTGAGTCTTCGTAAAGTAAACAG	21830435	21816938	13497	21824416	6019	21830461	13523	6045
ENSMUST00000065111	GGCTTGAGTCTTCGTAAAGTAAACAG	21830435	21816938	13497	21830416	19	21830461	13523	45
ENSMUST00000065111	GGCTTGAGTCTTCGTAAAGTAAACAG	21830435	21825077	5358	21830416	19	21830461	5384	45
ENSMUST00000065111	GGCTTGAGTCTTCGTAAAGTAAACAG	21830435	21830503	-68	21834234	-3799	21830461	-42	-3773
ENSMUST00000065111	GGCTTGAGTCTTCGTAAAGTAAACAG	21830435	21784793	45642	21797294	33141	21830461	45668	33167
ENSMUST00000065111	GGCTTGAGTCTTCGTAAAGTAAACAG	21830435	21798735	31700	21810741	19694	21830461	31726	19720
ENSMUST00000065111	GGCTTGAGTCTTCGTAAAGTAAACAG	21830435	21816938	13497	21824416	6019	21830461	13523	6045
ENSMUST00000065111	GGCTTGAGTCTTCGTAAAGTAAACAG	21830435	21816938	13497	21830416	19	21830461	13523	45
ENSMUST00000065111	GGCTTGAGTCTTCGTAAAGTAAACAG	21830435	21825077	5358	21830416	19	21830461	5384	45
ENSMUST00000065111	GGCTTGAGTCTTCGTAAAGTAAACAG	21830435	21830503	-68	21834234	-3799	21830461	-42	-3773
ENSMUST00000102724	CTTTATGTCCTTACACCAGACTTGCCA	109742910	109677072	65838	109794767	-51857	109742937	65865	-51830
ENSMUST00000102724	CTTTATGTCCTTACACCAGACTTGCCA	109742910	109794854	-51944	109840315	-97405	109742937	-51917	-97378
ENSMUST00000102724	CTTTATGTCCTTACACCAGACTTGCCA	109742910	109794854	-51944	109925297	-182387	109742937	-51917	-182360
ENSMUST00000102724	CTTTATGTCCTTACACCAGACTTGCCA	109742910	109840442	-97532	109842287	-99377	109742937	-97505	-99350
ENSMUST00000102724	CTTTATGTCCTTACACCAGACTTGCCA	109742910	109890990	-148080	109961798	-218888	109742937	-148053	-218861
ENSMUST00000035269	TGACCATCGGCACCATGGACGGTGCCA	6393825	6385944	7881	6386373	7452	6393852	7908	7479
ENSMUST00000035269	TGACCATCGGCACCATGGACGGTGCCA	6393825	6388174	5651	6388736	5089	6393852	5678	5116
ENSMUST00000035269	TGACCATCGGCACCATGGACGGTGCCA	6393825	6385944	7881	6386373	7452	6393852	7908	7479
ENSMUST00000035269	TGACCATCGGCACCATGGACGGTGCCA	6393825	6388174	5651	6388736	5089	6393852	5678	5116
ENSMUST00000059270	AGGCCTTCGCTGAGGATCCTGGAAGCT	12401453	12395470	5983	12396421	5032	12401480	6010	5059
ENSMUST00000150234	GAAATTTCACCCAAACCTCCTTCGTCA	72031103	71981351	49752	72034030	-2927	72031130	49779	-2900
ENSMUST00000150234	GAAATTTCACCCAAACCTCCTTCGTCA	72031103	72137314	-106211	72178177	-147074	72031130	-106184	-147047
ENSMUST00000150234	GAAATTTCACCCAAACCTCCTTCGTCA	72031103	72141172	-110069	72174801	-143698	72031130	-110042	-143671
ENSMUST00000150234	GAAATTTCACCCAAACCTCCTTCGTCA	72031103	72141172	-110069	72178177	-147074	72031130	-110042	-147047
ENSMUST00000150234	GAAATTTCACCCAAACCTCCTTCGTCA	72031103	72195721	-164618	72198336	-167233	72031130	-164591	-167206
ENSMUST00000150234	GAAATTTCACCCAAACCTCCTTCGTCA	72031103	72198905	-167802	72205654	-174551	72031130	-167775	-174524
ENSMUST00000150234	GAAATTTCACCCAAACCTCCTTCGTCA	72031103	72223167	-192064	72225748	-194645	72031130	-192037	-194618
ENSMUST00000150234	GAAATTTCACCCAAACCTCCTTCGTCA	72031103	72241477	-210374	72242727	-211624	72031130	-210347	-211597
ENSMUST00000150234	GAAATTTCACCCAAACCTCCTTCGTCA	72031103	72241477	-210374	72252939	-221836	72031130	-210347	-221809
ENSMUST00000150234	GAAATTTCACCCAAACCTCCTTCGTCA	72031103	72242792	-211689	72256248	-225145	72031130	-211662	-225118
ENSMUST00000030691	AGGGCCATATGGTTACAGAGGGATTGG	14679857	14540801	139056	14674954	4903	14679884	139083	4930
ENSMUST00000030691	AGGGCCATATGGTTACAGAGGGATTGG	14679857	14540801	139056	14712416	-32559	14679884	139083	-32532
ENSMUST00000030691	AGGGCCATATGGTTACAGAGGGATTGG	14679857	14540801	139056	14712416	-32559	14679884	139083	-32532
ENSMUST00000030691	AGGGCCATATGGTTACAGAGGGATTGG	14679857	14669675	10182	14712416	-32559	14679884	10209	-32532
ENSMUST00000030691	AGGGCCATATGGTTACAGAGGGATTGG	14679857	14540801	139056	14712416	-32559	14679884	139083	-32532
ENSMUST00000030691	AGGGCCATATGGTTACAGAGGGATTGG	14679857	14669675	10182	14712416	-32559	14679884	10209	-32532
ENSMUST00000030691	AGGGCCATATGGTTACAGAGGGATTGG	14679857	14680013	-156	14712416	-32559	14679884	-129	-32532
ENSMUST00000030691	AGGGCCATATGGTTACAGAGGGATTGG	14679857	14775444	-95587	14788397	-108540	14679884	-95560	-108513
ENSMUST00000025932	TACAATAGGAAACCTGTCCAGTTTAAA	54003141	53945013	58128	54003008	133	54017571	72558	14563
ENSMUST00000025932	TACAATAGGAAACCTGTCCAGTTTAAA	54003141	53945013	58128	54026349	-23208	54017571	72558	-8778
ENSMUST00000025932	TACAATAGGAAACCTGTCCAGTTTAAA	54003141	53945013	58128	54026349	-23208	54017571	72558	-8778
ENSMUST00000025932	TACAATAGGAAACCTGTCCAGTTTAAA	54003141	53988383	14758	54017548	-14407	54017571	29188	23
ENSMUST00000025932	TACAATAGGAAACCTGTCCAGTTTAAA	54003141	53988383	14758	54026349	-23208	54017571	29188	-8778
ENSMUST00000025932	TACAATAGGAAACCTGTCCAGTTTAAA	54003141	53988383	14758	54026349	-23208	54017571	29188	-8778
ENSMUST00000025932	TACAATAGGAAACCTGTCCAGTTTAAA	54003141	54003146	-5	54026349	-23208	54017571	14425	-8778
ENSMUST00000025932	TACAATAGGAAACCTGTCCAGTTTAAA	54003141	54026538	-23397	54029468	-26327	54017571	-8967	-11897
ENSMUST00000130698	TAGTATTTCTAGCCTATTCTTGTCAGT	41756318	41756561	-243	41756938	-620	41756345	-216	-593
ENSMUST00000130698	TAGTATTTCTAGCCTATTCTTGTCAGT	41756318	41757592	-1274	41758083	-1765	41756345	-1247	-1738
ENSMUST00000060945	GTTATCAAGTCGGATTCAGAGCATGCT	53372297	53351129	21168	53372277	20	53372324	21195	47
ENSMUST00000060945	GTTATCAAGTCGGATTCAGAGCATGCT	53372297	53373057	-760	53380585	-8288	53372324	-733	-8261
ENSMUST00000060945	GTTATCAAGTCGGATTCAGAGCATGCT	53372297	53375633	-3336	53389754	-17457	53372324	-3309	-17430
ENSMUST00000060945	GTTATCAAGTCGGATTCAGAGCATGCT	53372297	53397869	-25572	53399588	-27291	53372324	-25545	-27264
ENSMUST00000060945	GTTATCAAGTCGGATTCAGAGCATGCT	53372297	53400506	-28209	53404355	-32058	53372324	-28182	-32031
ENSMUST00000060945	GTTATCAAGTCGGATTCAGAGCATGCT	53372297	53410959	-38662	53415387	-43090	53372324	-38635	-43063
ENSMUST00000060945	GTTATCAAGTCGGATTCAGAGCATGCT	53372297	53351129	21168	53372277	20	53372324	21195	47
ENSMUST00000060945	GTTATCAAGTCGGATTCAGAGCATGCT	53372297	53373057	-760	53380585	-8288	53372324	-733	-8261
ENSMUST00000060945	GTTATCAAGTCGGATTCAGAGCATGCT	53372297	53375633	-3336	53389754	-17457	53372324	-3309	-17430
ENSMUST00000060945	GTTATCAAGTCGGATTCAGAGCATGCT	53372297	53397869	-25572	53399588	-27291	53372324	-25545	-27264
ENSMUST00000060945	GTTATCAAGTCGGATTCAGAGCATGCT	53372297	53400506	-28209	53404355	-32058	53372324	-28182	-32031
ENSMUST00000060945	GTTATCAAGTCGGATTCAGAGCATGCT	53372297	53410959	-38662	53415387	-43090	53372324	-38635	-43063
ENSMUST00000038361	TTGGGGTTGGATTTTGAAGGCTGGGTG	127485889	127205427	280462	127306633	179256	127485916	280489	179283
ENSMUST00000038361	TTGGGGTTGGATTTTGAAGGCTGGGTG	127485889	127205427	280462	127306636	179253	127485916	280489	179280
ENSMUST00000038361	TTGGGGTTGGATTTTGAAGGCTGGGTG	127485889	127365224	120665	127382920	102969	127485916	120692	102996
ENSMUST00000038361	TTGGGGTTGGATTTTGAAGGCTGGGTG	127485889	127387512	98377	127397506	88383	127485916	98404	88410
ENSMUST00000038361	TTGGGGTTGGATTTTGAAGGCTGGGTG	127485889	127390878	95011	127412126	73763	127485916	95038	73790
ENSMUST00000038361	TTGGGGTTGGATTTTGAAGGCTGGGTG	127485889	127412260	73629	127459835	26054	127485916	73656	26081
ENSMUST00000093301	CAGAAGCACAGGAAGAGGAAGCAAAGA	94058342	94037442	20900	94047271	11071	94062973	25531	15702
ENSMUST00000093301	CAGAAGCACAGGAAGAGGAAGCAAAGA	94058342	94037442	20900	94047271	11071	94062973	25531	15702
ENSMUST00000093301	CAGAAGCACAGGAAGAGGAAGCAAAGA	94058342	94037442	20900	94052074	6268	94062973	25531	10899
ENSMUST00000093301	CAGAAGCACAGGAAGAGGAAGCAAAGA	94058342	94055344	2998	94056043	2299	94062973	7629	6930
ENSMUST00000075695	GAATTGGATATGGACAAAGACCTCAGT	94068995	93996573	72422	94036599	32396	94069022	72449	32423
ENSMUST00000075695	GAATTGGATATGGACAAAGACCTCAGT	94068995	94013743	55252	94043571	25424	94069022	55279	25451
ENSMUST00000075695	GAATTGGATATGGACAAAGACCTCAGT	94068995	94013743	55252	94048407	20588	94069022	55279	20615
ENSMUST00000075695	GAATTGGATATGGACAAAGACCTCAGT	94068995	94013743	55252	94048407	20588	94069022	55279	20615
ENSMUST00000075695	GAATTGGATATGGACAAAGACCTCAGT	94068995	94036670	32325	94048407	20588	94069022	32352	20615
ENSMUST00000075695	GAATTGGATATGGACAAAGACCTCAGT	94068995	94048558	20437	94067892	1103	94069022	20464	1130
ENSMUST00000075695	GAATTGGATATGGACAAAGACCTCAGT	94068995	94069035	-40	94081339	-12344	94069022	-13	-12317
ENSMUST00000075695	GAATTGGATATGGACAAAGACCTCAGT	94068995	94071686	-2691	94080739	-11744	94069022	-2664	-11717
ENSMUST00000075695	GAATTGGATATGGACAAAGACCTCAGT	94068995	94071686	-2691	94081339	-12344	94069022	-2664	-12317
ENSMUST00000075695	GAATTGGATATGGACAAAGACCTCAGT	94068995	94071686	-2691	94081339	-12344	94069022	-2664	-12317
ENSMUST00000075695	GAATTGGATATGGACAAAGACCTCAGT	94068995	94079210	-10215	94081339	-12344	94069022	-10188	-12317
ENSMUST00000075695	GAATTGGATATGGACAAAGACCTCAGT	94068995	94083999	-15004	94089598	-20603	94069022	-14977	-20576
ENSMUST00000075695	GAATTGGATATGGACAAAGACCTCAGT	94068995	94092427	-23432	94097217	-28222	94069022	-23405	-28195
ENSMUST00000075695	GAATTGGATATGGACAAAGACCTCAGT	94068995	94092427	-23432	94097217	-28222	94069022	-23405	-28195
ENSMUST00000075695	GAATTGGATATGGACAAAGACCTCAGT	94068995	94092982	-23987	94097217	-28222	94069022	-23960	-28195
ENSMUST00000075695	GAATTGGATATGGACAAAGACCTCAGT	94068995	94099152	-30157	94102090	-33095	94069022	-30130	-33068
ENSMUST00000075695	GAATTGGATATGGACAAAGACCTCAGT	94068995	94102158	-33163	94108454	-39459	94069022	-33136	-39432
ENSMUST00000075695	GAATTGGATATGGACAAAGACCTCAGT	94068995	94102158	-33163	94112032	-43037	94069022	-33136	-43010
ENSMUST00000075695	GAATTGGATATGGACAAAGACCTCAGT	94068995	94102158	-33163	94112032	-43037	94069022	-33136	-43010
ENSMUST00000075695	GAATTGGATATGGACAAAGACCTCAGT	94068995	94106782	-37787	94112032	-43037	94069022	-37760	-43010
ENSMUST00000075695	GAATTGGATATGGACAAAGACCTCAGT	94068995	94112146	-43151	94114172	-45177	94069022	-43124	-45150
ENSMUST00000075695	GAATTGGATATGGACAAAGACCTCAGT	94068995	94112146	-43151	94122721	-53726	94069022	-43124	-53699
ENSMUST00000075695	GAATTGGATATGGACAAAGACCTCAGT	94068995	94114349	-45354	94122721	-53726	94069022	-45327	-53699
ENSMUST00000239014	TAGGATTACAGGCCTGAGCCACCGTGCC	44791701	44767927	23774	44773063	18638	44791729	23802	18666
ENSMUST00000239014	TAGGATTACAGGCCTGAGCCACCGTGCC	44791701	44773173	18528	44778561	13140	44791729	18556	13168
ENSMUST00000239014	TAGGATTACAGGCCTGAGCCACCGTGCC	44791701	44773784	17917	44776359	15342	44791729	17945	15370
ENSMUST00000239014	TAGGATTACAGGCCTGAGCCACCGTGCC	44791701	44773784	17917	44778561	13140	44791729	17945	13168
ENSMUST00000239014	TAGGATTACAGGCCTGAGCCACCGTGCC	44791701	44773784	17917	44778561	13140	44791729	17945	13168
ENSMUST00000239014	TAGGATTACAGGCCTGAGCCACCGTGCC	44791701	44773784	17917	44778561	13140	44791729	17945	13168
ENSMUST00000239014	TAGGATTACAGGCCTGAGCCACCGTGCC	44791701	44774231	17470	44778561	13140	44791729	17498	13168
ENSMUST00000239014	TAGGATTACAGGCCTGAGCCACCGTGCC	44791701	44773784	17917	44782099	9602	44791729	17945	9630
ENSMUST00000239014	TAGGATTACAGGCCTGAGCCACCGTGCC	44791701	44783805	7896	44784331	7370	44791729	7924	7398
ENSMUST00000239014	TAGGATTACAGGCCTGAGCCACCGTGCC	44791701	44783805	7896	44786293	5408	44791729	7924	5436
ENSMUST00000239014	TAGGATTACAGGCCTGAGCCACCGTGCC	44791701	44783805	7896	44786293	5408	44791729	7924	5436
ENSMUST00000239014	TAGGATTACAGGCCTGAGCCACCGTGCC	44791701	44784053	7648	44786293	5408	44791729	7676	5436
ENSMUST00000239014	TAGGATTACAGGCCTGAGCCACCGTGCC	44791701	44786904	4797	44789890	1811	44791729	4825	1839
ENSMUST00000239014	TAGGATTACAGGCCTGAGCCACCGTGCC	44791701	44786904	4797	44790484	1217	44791729	4825	1245
ENSMUST00000239014	TAGGATTACAGGCCTGAGCCACCGTGCC	44791701	44786904	4797	44790484	1217	44791729	4825	1245
ENSMUST00000239014	TAGGATTACAGGCCTGAGCCACCGTGCC	44791701	44789627	2074	44790484	1217	44791729	2102	1245
ENSMUST00000199100	TACCAGACACTTTCAAGGTTCTCCAAAT	47300236	46001351	1298885	46015223	1285013	47300264	1298913	1285041
ENSMUST00000199100	TACCAGACACTTTCAAGGTTCTCCAAAT	47300236	46015488	1284748	46234151	1066085	47300264	1284776	1066113
ENSMUST00000199100	TACCAGACACTTTCAAGGTTCTCCAAAT	47300236	46421463	878773	46759739	540497	47300264	878801	540525
ENSMUST00000199100	TACCAGACACTTTCAAGGTTCTCCAAAT	47300236	47049428	250808	47107856	192380	47300264	250836	192408
ENSMUST00000199100	TACCAGACACTTTCAAGGTTCTCCAAAT	47300236	47095749	204487	47192985	107251	47300264	204515	107279
ENSMUST00000199100	TACCAGACACTTTCAAGGTTCTCCAAAT	47300236	47107990	192246	47271139	29097	47300264	192274	29125
ENSMUST00000199100	TACCAGACACTTTCAAGGTTCTCCAAAT	47300236	47193079	107157	47296718	3518	47300264	107185	3546
ENSMUST00000199100	TACCAGACACTTTCAAGGTTCTCCAAAT	47300236	47271379	28857	47298414	1822	47300264	28885	1850
ENSMUST00000028852	CATCTGGCGGATAAGAAGGGTCTCCACG	127603652	127596934	6718	127600011	3641	127603680	6746	3669
ENSMUST00000089027	GGCTTCTACGCAGCCTACATGTTTGTCC	153208714	153161571	47143	153182387	26327	153208742	47171	26355
ENSMUST00000089027	GGCTTCTACGCAGCCTACATGTTTGTCC	153208714	153161571	47143	153182387	26327	153208742	47171	26355
ENSMUST00000089027	GGCTTCTACGCAGCCTACATGTTTGTCC	153208714	153179002	29712	153187262	21452	153208742	29740	21480
ENSMUST00000089027	GGCTTCTACGCAGCCTACATGTTTGTCC	153208714	153189049	19665	153191050	17664	153208742	19693	17692
ENSMUST00000089027	GGCTTCTACGCAGCCTACATGTTTGTCC	153208714	153189077	19637	153191050	17664	153208742	19665	17692
ENSMUST00000089027	GGCTTCTACGCAGCCTACATGTTTGTCC	153208714	153194409	14305	153195310	13404	153208742	14333	13432
ENSMUST00000089027	GGCTTCTACGCAGCCTACATGTTTGTCC	153208714	153195565	13149	153200642	8072	153208742	13177	8100
ENSMUST00000089027	GGCTTCTACGCAGCCTACATGTTTGTCC	153208714	153195565	13149	153208606	108	153208742	13177	136
ENSMUST00000089027	GGCTTCTACGCAGCCTACATGTTTGTCC	153208714	153195565	13149	153200642	8072	153208742	13177	8100
ENSMUST00000089027	GGCTTCTACGCAGCCTACATGTTTGTCC	153208714	153195565	13149	153203781	4933	153208742	13177	4961
ENSMUST00000089027	GGCTTCTACGCAGCCTACATGTTTGTCC	153208714	153195565	13149	153208606	108	153208742	13177	136
ENSMUST00000089027	GGCTTCTACGCAGCCTACATGTTTGTCC	153208714	153198433	10281	153208606	108	153208742	10309	136
ENSMUST00000089027	GGCTTCTACGCAGCCTACATGTTTGTCC	153208714	153200818	7896	153203781	4933	153208742	7924	4961
ENSMUST00000089027	GGCTTCTACGCAGCCTACATGTTTGTCC	153208714	153198433	10281	153208606	108	153208742	10309	136
ENSMUST00000114840	ACTCTGTATTTATTCCAGGGCTGCTTCT	44047688	44043476	4212	44046613	1075	44047716	4240	1103
ENSMUST00000114840	ACTCTGTATTTATTCCAGGGCTGCTTCT	44047688	44046018	1670	44047338	350	44047716	1698	378
ENSMUST00000081154	TGAGCCCTGCGGTCACTCTATCCACCAT	65253479	65192294	61185	65195655	57824	65253507	61213	57852
ENSMUST00000081154	TGAGCCCTGCGGTCACTCTATCCACCAT	65253479	65195774	57705	65202715	50764	65253507	57733	50792
ENSMUST00000081154	TGAGCCCTGCGGTCACTCTATCCACCAT	65253479	65223652	29827	65230793	22686	65253507	29855	22714
ENSMUST00000081154	TGAGCCCTGCGGTCACTCTATCCACCAT	65253479	65235084	18395	65244395	9084	65253507	18423	9112
ENSMUST00000081154	TGAGCCCTGCGGTCACTCTATCCACCAT	65253479	65245836	7643	65250185	3294	65253507	7671	3322
ENSMUST00000081154	TGAGCCCTGCGGTCACTCTATCCACCAT	65253479	65250286	3193	65252411	1068	65253507	3221	1096
ENSMUST00000081154	TGAGCCCTGCGGTCACTCTATCCACCAT	65253479	65262975	-9496	65265248	-11769	65253507	-9468	-11741
ENSMUST00000081154	TGAGCCCTGCGGTCACTCTATCCACCAT	65253479	65265926	-12447	65268697	-15218	65253507	-12419	-15190
ENSMUST00000190997	AGAGGTTTCGATTCCCTTCACCCATCTT	132489677	132484801	4876	132489587	90	132489705	4904	118
ENSMUST00000190997	AGAGGTTTCGATTCCCTTCACCCATCTT	132489677	132484918	4759	132490422	-745	132489705	4787	-717
ENSMUST00000190997	AGAGGTTTCGATTCCCTTCACCCATCTT	132489677	132484918	4759	132492552	-2875	132489705	4787	-2847
ENSMUST00000190997	AGAGGTTTCGATTCCCTTCACCCATCTT	132489677	132490585	-908	132493814	-4137	132489705	-880	-4109
ENSMUST00000001202	TCATGATTATCTTTAATACCCTAGGCCT	47963912	47913048	50864	47920160	43752	47963940	50892	43780
ENSMUST00000001202	TCATGATTATCTTTAATACCCTAGGCCT	47963912	47931696	32216	47933373	30539	47963940	32244	30567
ENSMUST00000001202	TCATGATTATCTTTAATACCCTAGGCCT	47963912	47938410	25502	47947002	16910	47963940	25530	16938
ENSMUST00000001202	TCATGATTATCTTTAATACCCTAGGCCT	47963912	47941218	22694	47947002	16910	47963940	22722	16938
ENSMUST00000001202	TCATGATTATCTTTAATACCCTAGGCCT	47963912	47943641	20271	47947002	16910	47963940	20299	16938
ENSMUST00000001202	TCATGATTATCTTTAATACCCTAGGCCT	47963912	47943641	20271	47947706	16206	47963940	20299	16234
ENSMUST00000001202	TCATGATTATCTTTAATACCCTAGGCCT	47963912	47947113	16799	47948124	15788	47963940	16827	15816
ENSMUST00000001202	TCATGATTATCTTTAATACCCTAGGCCT	47963912	47948360	15552	47960452	3460	47963940	15580	3488
ENSMUST00000001202	TCATGATTATCTTTAATACCCTAGGCCT	47963912	47962207	1705	47963459	453	47963940	1733	481
ENSMUST00000164095	GTGGGGAACTGTACACTTGGGGCCTTGG	56184461	56050948	133513	56072292	112169	56184632	133684	112340
ENSMUST00000164095	GTGGGGAACTGTACACTTGGGGCCTTGG	56184461	56068098	116363	56084988	99473	56184632	116534	99644
ENSMUST00000164095	GTGGGGAACTGTACACTTGGGGCCTTGG	56184461	56106532	77929	56113044	71417	56184632	78100	71588
ENSMUST00000164095	GTGGGGAACTGTACACTTGGGGCCTTGG	56184461	56113522	70939	56121544	62917	56184632	71110	63088
ENSMUST00000164095	GTGGGGAACTGTACACTTGGGGCCTTGG	56184461	56122468	61993	56131168	53293	56184632	62164	53464
ENSMUST00000164095	GTGGGGAACTGTACACTTGGGGCCTTGG	56184461	56137394	47067	56137719	46742	56184632	47238	46913
ENSMUST00000164095	GTGGGGAACTGTACACTTGGGGCCTTGG	56184461	56137394	47067	56138778	45683	56184632	47238	45854
ENSMUST00000164095	GTGGGGAACTGTACACTTGGGGCCTTGG	56184461	56145951	38510	56148638	35823	56184632	38681	35994
ENSMUST00000164095	GTGGGGAACTGTACACTTGGGGCCTTGG	56184461	56153462	30999	56155014	29447	56184632	31170	29618
ENSMUST00000164095	GTGGGGAACTGTACACTTGGGGCCTTGG	56184461	56184707	-246	56185834	-1373	56184632	-75	-1202
ENSMUST00000164095	GTGGGGAACTGTACACTTGGGGCCTTGG	56184461	56197209	-12748	56203775	-19314	56184632	-12577	-19143
ENSMUST00000164095	GTGGGGAACTGTACACTTGGGGCCTTGG	56184461	56228619	-44158	56229660	-45199	56184632	-43987	-45028
ENSMUST00000112637	AGTTGTCACCAAATCCCCCAAAACTAAC	26751969	26619944	132025	26630669	121300	26751997	132053	121328
ENSMUST00000112637	AGTTGTCACCAAATCCCCCAAAACTAAC	26751969	26710685	41284	26720728	31241	26751997	41312	31269
ENSMUST00000112637	AGTTGTCACCAAATCCCCCAAAACTAAC	26751969	26720947	31022	26751823	146	26751997	31050	174
ENSMUST00000112637	AGTTGTCACCAAATCCCCCAAAACTAAC	26751969	26748298	3671	26751823	146	26751997	3699	174
ENSMUST00000112637	AGTTGTCACCAAATCCCCCAAAACTAAC	26751969	26748537	3432	26751121	848	26751997	3460	876
ENSMUST00000112637	AGTTGTCACCAAATCCCCCAAAACTAAC	26751969	26748537	3432	26751823	146	26751997	3460	174
ENSMUST00000112637	AGTTGTCACCAAATCCCCCAAAACTAAC	26751969	26748503	3466	26751823	146	26751997	3494	174
ENSMUST00000112637	AGTTGTCACCAAATCCCCCAAAACTAAC	26751969	26748544	3425	26751823	146	26751997	3453	174
ENSMUST00000112637	AGTTGTCACCAAATCCCCCAAAACTAAC	26751969	26748537	3432	26751823	146	26751997	3460	174
ENSMUST00000112637	AGTTGTCACCAAATCCCCCAAAACTAAC	26751969	26749947	2022	26751823	146	26751997	2050	174
ENSMUST00000112637	AGTTGTCACCAAATCCCCCAAAACTAAC	26751969	26720947	31022	26770937	-18968	26751997	31050	-18940
ENSMUST00000112637	AGTTGTCACCAAATCCCCCAAAACTAAC	26751969	26752041	-72	26770937	-18968	26751997	-44	-18940
ENSMUST00000112637	AGTTGTCACCAAATCCCCCAAAACTAAC	26751969	26752041	-72	26771507	-19538	26751997	-44	-19510
ENSMUST00000112637	AGTTGTCACCAAATCCCCCAAAACTAAC	26751969	26752041	-72	26771507	-19538	26751997	-44	-19510
ENSMUST00000112637	AGTTGTCACCAAATCCCCCAAAACTAAC	26751969	26759931	-7962	26771507	-19538	26751997	-7934	-19510
ENSMUST00000107420	TGCTTTGCCTCTGACACCACCTTACACT	62690475	62607677	82798	62616473	74002	62690503	82826	74030
ENSMUST00000107420	TGCTTTGCCTCTGACACCACCTTACACT	62690475	62619787	70688	62625096	65379	62690503	70716	65407
ENSMUST00000107420	TGCTTTGCCTCTGACACCACCTTACACT	62690475	62690626	-151	62699997	-9522	62690503	-123	-9494
ENSMUST00000107420	TGCTTTGCCTCTGACACCACCTTACACT	62690475	62700099	-9624	62701033	-10558	62690503	-9596	-10530
ENSMUST00000107420	TGCTTTGCCTCTGACACCACCTTACACT	62690475	62607677	82798	62616473	74002	62690503	82826	74030
ENSMUST00000107420	TGCTTTGCCTCTGACACCACCTTACACT	62690475	62619787	70688	62625096	65379	62690503	70716	65407
ENSMUST00000107420	TGCTTTGCCTCTGACACCACCTTACACT	62690475	62690626	-151	62699997	-9522	62690503	-123	-9494
ENSMUST00000107420	TGCTTTGCCTCTGACACCACCTTACACT	62690475	62700099	-9624	62701033	-10558	62690503	-9596	-10530
ENSMUST00000108639	GGGGATGTAGCTCAGTCGGTAGAGAGAGG	69782154	69766085	16069	69775375	6779	69782183	16098	6808
ENSMUST00000108639	GGGGATGTAGCTCAGTCGGTAGAGAGAGG	69782154	69766637	15517	69775375	6779	69782183	15546	6808
ENSMUST00000026671	TTCACATCCTGCCTCACCACTCCCATCAA	119756376	119657766	98610	119725009	31367	119756405	98639	31396
ENSMUST00000026671	TTCACATCCTGCCTCACCACTCCCATCAA	119756376	119671360	85016	119743866	12510	119756405	85045	12539
ENSMUST00000026671	TTCACATCCTGCCTCACCACTCCCATCAA	119756376	119671360	85016	119756238	138	119756405	85045	167
ENSMUST00000026671	TTCACATCCTGCCTCACCACTCCCATCAA	119756376	119671360	85016	119756238	138	119756405	85045	167
ENSMUST00000026671	TTCACATCCTGCCTCACCACTCCCATCAA	119756376	119725168	31208	119756238	138	119756405	31237	167
ENSMUST00000026671	TTCACATCCTGCCTCACCACTCCCATCAA	119756376	119744013	12363	119780542	-24166	119756405	12392	-24137
ENSMUST00000026671	TTCACATCCTGCCTCACCACTCCCATCAA	119756376	119756414	-38	119798768	-42392	119756405	-9	-42363
ENSMUST00000026671	TTCACATCCTGCCTCACCACTCCCATCAA	119756376	119756414	-38	119811944	-55568	119756405	-9	-55539
ENSMUST00000026671	TTCACATCCTGCCTCACCACTCCCATCAA	119756376	119756414	-38	119799321	-42945	119756405	-9	-42916
ENSMUST00000026671	TTCACATCCTGCCTCACCACTCCCATCAA	119756376	119756414	-38	119811944	-55568	119756405	-9	-55539
ENSMUST00000026671	TTCACATCCTGCCTCACCACTCCCATCAA	119756376	119780602	-24226	119817077	-60701	119756405	-24197	-60672
ENSMUST00000026671	TTCACATCCTGCCTCACCACTCCCATCAA	119756376	119799466	-43090	119817077	-60701	119756405	-43061	-60672
ENSMUST00000026671	TTCACATCCTGCCTCACCACTCCCATCAA	119756376	119812020	-55644	119821660	-65284	119756405	-55615	-65255
ENSMUST00000026671	TTCACATCCTGCCTCACCACTCCCATCAA	119756376	119817179	-60803	119843681	-87305	119756405	-60774	-87276
ENSMUST00000026671	TTCACATCCTGCCTCACCACTCCCATCAA	119756376	119821744	-65368	119843681	-87305	119756405	-65339	-87276
ENSMUST00000026671	TTCACATCCTGCCTCACCACTCCCATCAA	119756376	119823021	-66645	119846357	-89981	119756405	-66616	-89952
ENSMUST00000026671	TTCACATCCTGCCTCACCACTCCCATCAA	119756376	119843756	-87380	119846752	-90376	119756405	-87351	-90347
ENSMUST00000026671	TTCACATCCTGCCTCACCACTCCCATCAA	119756376	119865670	-109294	119872215	-115839	119756405	-109265	-115810
ENSMUST00000026671	TTCACATCCTGCCTCACCACTCCCATCAA	119756376	119865670	-109294	119874153	-117777	119756405	-109265	-117748
ENSMUST00000026671	TTCACATCCTGCCTCACCACTCCCATCAA	119756376	119887151	-130775	119891113	-134737	119756405	-130746	-134708
ENSMUST00000028852	AACATCTGGCGGATAAGAAGGGTCTCCAC	127603650	127596934	6716	127600011	3639	127603679	6745	3668
ENSMUST00000025563	GTTATTTTGACCGAGATGATGTGGCTCTG	9984186	9984327	-141	9984780	-594	9984215	-112	-565
ENSMUST00000102842	ATTGTGTTTAAGCTGTATTGAATTATCTG	29742843	29693693	49150	29733632	9211	29742872	49179	9240
ENSMUST00000102842	ATTGTGTTTAAGCTGTATTGAATTATCTG	29742843	29693962	48881	29733632	9211	29742872	48910	9240
ENSMUST00000102842	ATTGTGTTTAAGCTGTATTGAATTATCTG	29742843	29705591	37252	29733632	9211	29742872	37281	9240
ENSMUST00000102842	ATTGTGTTTAAGCTGTATTGAATTATCTG	29742843	29708770	34073	29736359	6484	29742872	34102	6513
ENSMUST00000102842	ATTGTGTTTAAGCTGTATTGAATTATCTG	29742843	29718882	23961	29736359	6484	29742872	23990	6513
ENSMUST00000102842	ATTGTGTTTAAGCTGTATTGAATTATCTG	29742843	29736498	6345	29741499	1344	29742872	6374	1373
ENSMUST00000102842	ATTGTGTTTAAGCTGTATTGAATTATCTG	29742843	29736498	6345	29741694	1149	29742872	6374	1178
ENSMUST00000102842	ATTGTGTTTAAGCTGTATTGAATTATCTG	29742843	29736498	6345	29741694	1149	29742872	6374	1178
ENSMUST00000036796	GGGGGATGGGGAAATCACTCTCTTTATTT	53187546	52773970	413576	53000196	187350	53187575	413605	187379
ENSMUST00000191471	CTTTTCTTTACTCTGTCCTCTCTTCTATC	24764064	24685573	78491	24704820	59244	24764093	78520	59273
ENSMUST00000191471	CTTTTCTTTACTCTGTCCTCTCTTCTATC	24764064	24746954	17110	24762191	1873	24764093	17139	1902
ENSMUST00000131717	CCGGGCCCAGTCGGTGCTGTACCAGAGTG	83938722	83900924	37798	83918819	19903	83938751	37827	19932
ENSMUST00000131717	CCGGGCCCAGTCGGTGCTGTACCAGAGTG	83938722	83900924	37798	83922998	15724	83938751	37827	15753
ENSMUST00000131717	CCGGGCCCAGTCGGTGCTGTACCAGAGTG	83938722	83919033	19689	83929463	9259	83938751	19718	9288
ENSMUST00000131717	CCGGGCCCAGTCGGTGCTGTACCAGAGTG	83938722	83923108	15614	83926261	12461	83938751	15643	12490
ENSMUST00000131717	CCGGGCCCAGTCGGTGCTGTACCAGAGTG	83938722	83923108	15614	83929463	9259	83938751	15643	9288
ENSMUST00000131717	CCGGGCCCAGTCGGTGCTGTACCAGAGTG	83938722	83923108	15614	83929463	9259	83938751	15643	9288
ENSMUST00000131717	CCGGGCCCAGTCGGTGCTGTACCAGAGTG	83938722	83924355	14367	83929463	9259	83938751	14396	9288
ENSMUST00000131717	CCGGGCCCAGTCGGTGCTGTACCAGAGTG	83938722	83931716	7006	83932371	6351	83938751	7035	6380
ENSMUST00000131717	CCGGGCCCAGTCGGTGCTGTACCAGAGTG	83938722	83937777	945	83938349	373	83938751	974	402
ENSMUST00000133670	GAAACAGCTTCGCGCTGCCAATATGGAGC	108606337	108486990	119347	108503065	103272	108606366	119376	103301
ENSMUST00000133670	GAAACAGCTTCGCGCTGCCAATATGGAGC	108606337	108531465	74872	108591003	15334	108606366	74901	15363
ENSMUST00000133670	GAAACAGCTTCGCGCTGCCAATATGGAGC	108606337	108606395	-58	108752577	-146240	108606366	-29	-146211
ENSMUST00000133670	GAAACAGCTTCGCGCTGCCAATATGGAGC	108606337	108606395	-58	108808649	-202312	108606366	-29	-202283
ENSMUST00000133670	GAAACAGCTTCGCGCTGCCAATATGGAGC	108606337	108664726	-58389	108757669	-151332	108606366	-58360	-151303
ENSMUST00000133670	GAAACAGCTTCGCGCTGCCAATATGGAGC	108606337	108757819	-151482	108855782	-249445	108606366	-151453	-249416
ENSMUST00000101432	AGTGCCACCATAGCTATTAATGCGAAGAAT	54062069	53248747	813322	53501033	561036	54062099	813352	561066
ENSMUST00000101432	AGTGCCACCATAGCTATTAATGCGAAGAAT	54062069	53354434	707635	53640459	421610	54062099	707665	421640
ENSMUST00000101432	AGTGCCACCATAGCTATTAATGCGAAGAAT	54062069	53501278	560791	53831695	230374	54062099	560821	230404
ENSMUST00000101432	AGTGCCACCATAGCTATTAATGCGAAGAAT	54062069	54044725	17344	54065790	-3721	54062099	17374	-3691
ENSMUST00000101432	AGTGCCACCATAGCTATTAATGCGAAGAAT	54062069	54048872	13197	54065790	-3721	54062099	13227	-3691
ENSMUST00000101432	AGTGCCACCATAGCTATTAATGCGAAGAAT	54062069	53248747	813322	53501033	561036	54062099	813352	561066
ENSMUST00000101432	AGTGCCACCATAGCTATTAATGCGAAGAAT	54062069	53354434	707635	53640459	421610	54062099	707665	421640
ENSMUST00000101432	AGTGCCACCATAGCTATTAATGCGAAGAAT	54062069	53501278	560791	53831695	230374	54062099	560821	230404
ENSMUST00000101432	AGTGCCACCATAGCTATTAATGCGAAGAAT	54062069	54044725	17344	54065790	-3721	54062099	17374	-3691
ENSMUST00000101432	AGTGCCACCATAGCTATTAATGCGAAGAAT	54062069	54048872	13197	54065790	-3721	54062099	13227	-3691
ENSMUST00000059270	GGCCTTCGCTGAGGATCCTGGAAGCTCCAC	12401454	12395470	5984	12396421	5033	12401484	6014	5063
ENSMUST00000159584	AGAACTCTGTGCCAGCAGCCTATTACCTCA	63791583	63650320	141263	63725157	66426	63791613	141293	66456
ENSMUST00000159584	AGAACTCTGTGCCAGCAGCCTATTACCTCA	63791583	63725246	66337	63791443	140	63791613	66367	170
ENSMUST00000159584	AGAACTCTGTGCCAGCAGCCTATTACCTCA	63791583	63745297	46286	63800034	-8451	63791613	46316	-8421
ENSMUST00000159584	AGAACTCTGTGCCAGCAGCCTATTACCTCA	63791583	63791647	-64	63800034	-8451	63791613	-34	-8421
ENSMUST00000092433	CTGGAAGCCTCGGGAAAGTACTCCCCAACC	69926133	69822393	103740	69824317	101816	69926163	103770	101846
ENSMUST00000092433	CTGGAAGCCTCGGGAAAGTACTCCCCAACC	69926133	69879991	46142	69884746	41387	69926163	46172	41417
ENSMUST00000092433	CTGGAAGCCTCGGGAAAGTACTCCCCAACC	69926133	69899089	27044	69927694	-1561	69926163	27074	-1531
ENSMUST00000092433	CTGGAAGCCTCGGGAAAGTACTCCCCAACC	69926133	69904270	21863	69920437	5696	69926163	21893	5726
ENSMUST00000092433	CTGGAAGCCTCGGGAAAGTACTCCCCAACC	69926133	69904270	21863	69927694	-1561	69926163	21893	-1531
ENSMUST00000092433	CTGGAAGCCTCGGGAAAGTACTCCCCAACC	69926133	69904270	21863	69927694	-1561	69926163	21893	-1531
ENSMUST00000092433	CTGGAAGCCTCGGGAAAGTACTCCCCAACC	69926133	69904510	21623	69927694	-1561	69926163	21653	-1531
ENSMUST00000092433	CTGGAAGCCTCGGGAAAGTACTCCCCAACC	69926133	69927818	-1685	69932393	-6260	69926163	-1655	-6230
ENSMUST00000092433	CTGGAAGCCTCGGGAAAGTACTCCCCAACC	69926133	69927818	-1685	69932408	-6275	69926163	-1655	-6245
ENSMUST00000092433	CTGGAAGCCTCGGGAAAGTACTCCCCAACC	69926133	69951058	-24925	69955925	-29792	69926163	-24895	-29762
ENSMUST00000092433	CTGGAAGCCTCGGGAAAGTACTCCCCAACC	69926133	69951058	-24925	69958917	-32784	69926163	-24895	-32754
ENSMUST00000092433	CTGGAAGCCTCGGGAAAGTACTCCCCAACC	69926133	69959072	-32939	69976047	-49914	69926163	-32909	-49884
ENSMUST00000092433	CTGGAAGCCTCGGGAAAGTACTCCCCAACC	69926133	69980394	-54261	69982115	-55982	69926163	-54231	-55952
ENSMUST00000092433	CTGGAAGCCTCGGGAAAGTACTCCCCAACC	69926133	69980394	-54261	69986082	-59949	69926163	-54231	-59919
ENSMUST00000092433	CTGGAAGCCTCGGGAAAGTACTCCCCAACC	69926133	69980394	-54261	69994371	-68238	69926163	-54231	-68208
ENSMUST00000092433	CTGGAAGCCTCGGGAAAGTACTCCCCAACC	69926133	69980394	-54261	69986082	-59949	69926163	-54231	-59919
ENSMUST00000092433	CTGGAAGCCTCGGGAAAGTACTCCCCAACC	69926133	69980394	-54261	69994371	-68238	69926163	-54231	-68208
ENSMUST00000092433	CTGGAAGCCTCGGGAAAGTACTCCCCAACC	69926133	69980394	-54261	69994371	-68238	69926163	-54231	-68208
ENSMUST00000092433	CTGGAAGCCTCGGGAAAGTACTCCCCAACC	69926133	69982161	-56028	69994371	-68238	69926163	-55998	-68208
ENSMUST00000092433	CTGGAAGCCTCGGGAAAGTACTCCCCAACC	69926133	69982197	-56064	69994371	-68238	69926163	-56034	-68208
ENSMUST00000092433	CTGGAAGCCTCGGGAAAGTACTCCCCAACC	69926133	69982161	-56028	69994371	-68238	69926163	-55998	-68208
ENSMUST00000092433	CTGGAAGCCTCGGGAAAGTACTCCCCAACC	69926133	69982197	-56064	69994371	-68238	69926163	-56034	-68208
ENSMUST00000092433	CTGGAAGCCTCGGGAAAGTACTCCCCAACC	69926133	69992475	-66342	69994371	-68238	69926163	-66312	-68208
ENSMUST00000092433	CTGGAAGCCTCGGGAAAGTACTCCCCAACC	69926133	69999498	-73365	70002510	-76377	69926163	-73335	-76347
ENSMUST00000092433	CTGGAAGCCTCGGGAAAGTACTCCCCAACC	69926133	70004991	-78858	70013971	-87838	69926163	-78828	-87808
ENSMUST00000092433	CTGGAAGCCTCGGGAAAGTACTCCCCAACC	69926133	70004991	-78858	70015567	-89434	69926163	-78828	-89404
ENSMUST00000092433	CTGGAAGCCTCGGGAAAGTACTCCCCAACC	69926133	70004991	-78858	70013971	-87838	69926163	-78828	-87808
ENSMUST00000092433	CTGGAAGCCTCGGGAAAGTACTCCCCAACC	69926133	70004991	-78858	70015567	-89434	69926163	-78828	-89404
ENSMUST00000092433	CTGGAAGCCTCGGGAAAGTACTCCCCAACC	69926133	70004991	-78858	70015567	-89434	69926163	-78828	-89404
ENSMUST00000092433	CTGGAAGCCTCGGGAAAGTACTCCCCAACC	69926133	70006853	-80720	70015567	-89434	69926163	-80690	-89404
ENSMUST00000092433	CTGGAAGCCTCGGGAAAGTACTCCCCAACC	69926133	70014055	-87922	70015567	-89434	69926163	-87892	-89404
ENSMUST00000199300	TCGCGTGTCGCCCGTCGCACTGTCCAGACC	126597405	126599160	-1755	126729406	-132001	126597435	-1725	-131971
ENSMUST00000199300	TCGCGTGTCGCCCGTCGCACTGTCCAGACC	126597405	126684719	-87314	126767513	-170108	126597435	-87284	-170078
ENSMUST00000199300	TCGCGTGTCGCCCGTCGCACTGTCCAGACC	126597405	126767579	-170174	126771773	-174368	126597435	-170144	-174338
ENSMUST00000199300	TCGCGTGTCGCCCGTCGCACTGTCCAGACC	126597405	126767579	-170174	126780359	-182954	126597435	-170144	-182924
ENSMUST00000199300	TCGCGTGTCGCCCGTCGCACTGTCCAGACC	126597405	126767579	-170174	126780359	-182954	126597435	-170144	-182924
ENSMUST00000199300	TCGCGTGTCGCCCGTCGCACTGTCCAGACC	126597405	126767579	-170174	126780359	-182954	126597435	-170144	-182924
ENSMUST00000199300	TCGCGTGTCGCCCGTCGCACTGTCCAGACC	126597405	126770857	-173452	126779900	-182495	126597435	-173422	-182465
ENSMUST00000199300	TCGCGTGTCGCCCGTCGCACTGTCCAGACC	126597405	126770857	-173452	126780359	-182954	126597435	-173422	-182924
ENSMUST00000199300	TCGCGTGTCGCCCGTCGCACTGTCCAGACC	126597405	126770857	-173452	126780359	-182954	126597435	-173422	-182924
ENSMUST00000199300	TCGCGTGTCGCCCGTCGCACTGTCCAGACC	126597405	126771846	-174441	126780359	-182954	126597435	-174411	-182924
ENSMUST00000199300	TCGCGTGTCGCCCGTCGCACTGTCCAGACC	126597405	126770857	-173452	126780359	-182954	126597435	-173422	-182924
ENSMUST00000199300	TCGCGTGTCGCCCGTCGCACTGTCCAGACC	126597405	126801761	-204356	126810638	-213233	126597435	-204326	-213203
ENSMUST00000199300	TCGCGTGTCGCCCGTCGCACTGTCCAGACC	126597405	126801761	-204356	126808207	-210802	126597435	-204326	-210772
ENSMUST00000199300	TCGCGTGTCGCCCGTCGCACTGTCCAGACC	126597405	126801761	-204356	126810638	-213233	126597435	-204326	-213203
ENSMUST00000199300	TCGCGTGTCGCCCGTCGCACTGTCCAGACC	126597405	126802969	-205564	126810638	-213233	126597435	-205534	-213203
ENSMUST00000199300	TCGCGTGTCGCCCGTCGCACTGTCCAGACC	126597405	126801761	-204356	126810638	-213233	126597435	-204326	-213203
ENSMUST00000199300	TCGCGTGTCGCCCGTCGCACTGTCCAGACC	126597405	126805916	-208511	126810638	-213233	126597435	-208481	-213203
ENSMUST00000199300	TCGCGTGTCGCCCGTCGCACTGTCCAGACC	126597405	126840365	-242960	126842757	-245352	126597435	-242930	-245322
ENSMUST00000096547	CCCAGTGAAGACGAGGAGGGCGGGGGGCAG	77380503	77369283	11220	77372868	7635	77380533	11250	7665
ENSMUST00000039734	TGTGAAGCACGGTGACGAGTGGGGCGAGCC	25208112	25189675	18437	25201041	7071	25208142	18467	7101
ENSMUST00000039734	TGTGAAGCACGGTGACGAGTGGGGCGAGCC	25208112	25199943	8169	25205598	2514	25208142	8199	2544
ENSMUST00000039734	TGTGAAGCACGGTGACGAGTGGGGCGAGCC	25208112	25213106	-4994	25228582	-20470	25208142	-4964	-20440
ENSMUST00000039734	TGTGAAGCACGGTGACGAGTGGGGCGAGCC	25208112	25218755	-10643	25229238	-21126	25208142	-10613	-21096
ENSMUST00000039734	TGTGAAGCACGGTGACGAGTGGGGCGAGCC	25208112	25218755	-10643	25230206	-22094	25208142	-10613	-22064
ENSMUST00000039734	TGTGAAGCACGGTGACGAGTGGGGCGAGCC	25208112	25222722	-14610	25230206	-22094	25208142	-14580	-22064
ENSMUST00000039734	TGTGAAGCACGGTGACGAGTGGGGCGAGCC	25208112	25218755	-10643	25230206	-22094	25208142	-10613	-22064
ENSMUST00000039734	TGTGAAGCACGGTGACGAGTGGGGCGAGCC	25208112	25228666	-20554	25230206	-22094	25208142	-20524	-22064
ENSMUST00000039734	TGTGAAGCACGGTGACGAGTGGGGCGAGCC	25208112	25230409	-22297	25231711	-23599	25208142	-22267	-23569
ENSMUST00000223751	CACATCCTATAATATCCCTTGTACTTCTGA	20686891	20676157	10734	20682678	4213	20686921	10764	4243
ENSMUST00000223751	CACATCCTATAATATCCCTTGTACTTCTGA	20686891	20689727	-2836	20690703	-3812	20686921	-2806	-3782
ENSMUST00000109689	CCCCCGGGCCACTTCGCCACCTCGTCACAC	78967868	78960074	7794	78966293	1575	78967898	7824	1605
ENSMUST00000109689	CCCCCGGGCCACTTCGCCACCTCGTCACAC	78967868	78974292	-6424	78978613	-10745	78967898	-6394	-10715
ENSMUST00000109689	CCCCCGGGCCACTTCGCCACCTCGTCACAC	78967868	78974292	-6424	78987891	-20023	78967898	-6394	-19993
ENSMUST00000109689	CCCCCGGGCCACTTCGCCACCTCGTCACAC	78967868	78974292	-6424	78987891	-20023	78967898	-6394	-19993
ENSMUST00000109689	CCCCCGGGCCACTTCGCCACCTCGTCACAC	78967868	78976544	-8676	78987891	-20023	78967898	-8646	-19993
ENSMUST00000038942	CAAAACAGGACTGTAGGCTCTAGAAAGTGC	89450082	89436780	13302	89443121	6961	89450112	13332	6991
ENSMUST00000038942	CAAAACAGGACTGTAGGCTCTAGAAAGTGC	89450082	89446173	3909	89447045	3037	89450112	3939	3067
ENSMUST00000224622	AATGTTGCTTTTCTTGCTCAGTGATTTTAA	46790190	46742081	48109	46779187	11003	46790220	48139	11033
ENSMUST00000224622	AATGTTGCTTTTCTTGCTCAGTGATTTTAA	46790190	46754462	35728	46779187	11003	46790220	35758	11033
ENSMUST00000224622	AATGTTGCTTTTCTTGCTCAGTGATTTTAA	46790190	46754462	35728	46780660	9530	46790220	35758	9560
ENSMUST00000224622	AATGTTGCTTTTCTTGCTCAGTGATTTTAA	46790190	46754462	35728	46780660	9530	46790220	35758	9560
ENSMUST00000224622	AATGTTGCTTTTCTTGCTCAGTGATTTTAA	46790190	46758114	32076	46780660	9530	46790220	32106	9560
ENSMUST00000224622	AATGTTGCTTTTCTTGCTCAGTGATTTTAA	46790190	46758114	32076	46789896	294	46790220	32106	324
ENSMUST00000036407	CATTTCACCAGATAACACTCTGCCCAACCAA	57382260	57380714	1546	57381231	1029	57382291	1577	1060
ENSMUST00000036407	CATTTCACCAGATAACACTCTGCCCAACCAA	57382260	57380714	1546	57381231	1029	57382291	1577	1060
ENSMUST00000025590	CGGGCCCCGGGGCCGGAGGAGTGGCGGCAGG	11966107	11970895	-4788	11977801	-11694	11966138	-4757	-11663
ENSMUST00000025590	CGGGCCCCGGGGCCGGAGGAGTGGCGGCAGG	11966107	11979000	-12893	11988348	-22241	11966138	-12862	-22210
ENSMUST00000025590	CGGGCCCCGGGGCCGGAGGAGTGGCGGCAGG	11966107	11984149	-18042	11988348	-22241	11966138	-18011	-22210
ENSMUST00000025590	CGGGCCCCGGGGCCGGAGGAGTGGCGGCAGG	11966107	11979000	-12893	11990600	-24493	11966138	-12862	-24462
ENSMUST00000025590	CGGGCCCCGGGGCCGGAGGAGTGGCGGCAGG	11966107	11988452	-22345	11990600	-24493	11966138	-22314	-24462
ENSMUST00000196060	GATATAATTGACATTGATTACTTTGAAGGAT	110246817	110247390	-573	110256144	-9327	110246848	-542	-9296
ENSMUST00000196060	GATATAATTGACATTGATTACTTTGAAGGAT	110246817	110247390	-573	110262059	-15242	110246848	-542	-15211
ENSMUST00000196060	GATATAATTGACATTGATTACTTTGAAGGAT	110246817	110247390	-573	110262059	-15242	110246848	-542	-15211
ENSMUST00000196060	GATATAATTGACATTGATTACTTTGAAGGAT	110246817	110251147	-4330	110262059	-15242	110246848	-4299	-15211
ENSMUST00000196060	GATATAATTGACATTGATTACTTTGAAGGAT	110246817	110247390	-573	110262059	-15242	110246848	-542	-15211
ENSMUST00000196060	GATATAATTGACATTGATTACTTTGAAGGAT	110246817	110251147	-4330	110262059	-15242	110246848	-4299	-15211
ENSMUST00000112232	TATGAATGTGCGGCGAGGCCTTGCTGGAGCC	134485877	134458666	27211	134467650	18227	134485908	27242	18258
ENSMUST00000112232	TATGAATGTGCGGCGAGGCCTTGCTGGAGCC	134485877	134458666	27211	134472393	13484	134485908	27242	13515
ENSMUST00000112232	TATGAATGTGCGGCGAGGCCTTGCTGGAGCC	134485877	134458666	27211	134472393	13484	134485908	27242	13515
ENSMUST00000112232	TATGAATGTGCGGCGAGGCCTTGCTGGAGCC	134485877	134463980	21897	134472393	13484	134485908	21928	13515
ENSMUST00000112232	TATGAATGTGCGGCGAGGCCTTGCTGGAGCC	134485877	134467868	18009	134475787	10090	134485908	18040	10121
ENSMUST00000112232	TATGAATGTGCGGCGAGGCCTTGCTGGAGCC	134485877	134485913	-36	134487643	-1766	134485908	-5	-1735
ENSMUST00000110901	TATGCACGAGTGCGAGCTGTGGTGATGACCA	117153000	117153166	-166	117164945	-11945	117153031	-135	-11914
ENSMUST00000110901	TATGCACGAGTGCGAGCTGTGGTGATGACCA	117153000	117153166	-166	117171927	-18927	117153031	-135	-18896
ENSMUST00000110901	TATGCACGAGTGCGAGCTGTGGTGATGACCA	117153000	117172086	-19086	117177301	-24301	117153031	-19055	-24270
ENSMUST00000111438	TTGACTTTGCCGGGCTTGCTCGAGGCTTTGC	124567850	124554642	13208	124556961	10889	124567881	13239	10920
ENSMUST00000111438	TTGACTTTGCCGGGCTTGCTCGAGGCTTTGC	124567850	124554757	13093	124556961	10889	124567881	13124	10920
ENSMUST00000111438	TTGACTTTGCCGGGCTTGCTCGAGGCTTTGC	124567850	124559317	8533	124561905	5945	124567881	8564	5976
ENSMUST00000162907	TCTACAGTGGGATCGAGGGGCTGGATGAGTC	127398699	127306508	92191	127357274	41425	127398730	92222	41456
ENSMUST00000162907	TCTACAGTGGGATCGAGGGGCTGGATGAGTC	127398699	127357366	41333	127370247	28452	127398730	41364	28483
ENSMUST00000162907	TCTACAGTGGGATCGAGGGGCTGGATGAGTC	127398699	127409617	-10918	127415569	-16870	127398730	-10887	-16839
ENSMUST00000162907	TCTACAGTGGGATCGAGGGGCTGGATGAGTC	127398699	127409704	-11005	127415569	-16870	127398730	-10974	-16839
ENSMUST00000162907	TCTACAGTGGGATCGAGGGGCTGGATGAGTC	127398699	127409707	-11008	127415569	-16870	127398730	-10977	-16839
ENSMUST00000162907	TCTACAGTGGGATCGAGGGGCTGGATGAGTC	127398699	127409617	-10918	127415569	-16870	127398730	-10887	-16839
ENSMUST00000162907	TCTACAGTGGGATCGAGGGGCTGGATGAGTC	127398699	127426753	-28054	127474378	-75679	127398730	-28023	-75648
ENSMUST00000043141	GTTTTCCAGAGTTGACTTGGATCAGGCCTTG	110309081	110267031	42050	110298074	11007	110309112	42081	11038
ENSMUST00000043141	GTTTTCCAGAGTTGACTTGGATCAGGCCTTG	110309081	110505879	-196798	110506427	-197346	110309112	-196767	-197315
ENSMUST00000043141	GTTTTCCAGAGTTGACTTGGATCAGGCCTTG	110309081	110589619	-280538	110593666	-284585	110309112	-280507	-284554
ENSMUST00000043141	GTTTTCCAGAGTTGACTTGGATCAGGCCTTG	110309081	110267031	42050	110298074	11007	110309112	42081	11038
ENSMUST00000043141	GTTTTCCAGAGTTGACTTGGATCAGGCCTTG	110309081	110505879	-196798	110506427	-197346	110309112	-196767	-197315
ENSMUST00000043141	GTTTTCCAGAGTTGACTTGGATCAGGCCTTG	110309081	110589619	-280538	110593666	-284585	110309112	-280507	-284554
ENSMUST00000126977	GAAATACCAGTGGTCGAGGATGAAGAAAAGG	5058150	4920874	137276	5037107	21043	5058735	137861	21628
ENSMUST00000126977	GAAATACCAGTGGTCGAGGATGAAGAAAAGG	5058150	4921774	136376	5037107	21043	5058735	136961	21628
ENSMUST00000126977	GAAATACCAGTGGTCGAGGATGAAGAAAAGG	5058150	5037165	20985	5046588	11562	5058735	21570	12147
ENSMUST00000126977	GAAATACCAGTGGTCGAGGATGAAGAAAAGG	5058150	5049494	8656	5057274	876	5058735	9241	1461
ENSMUST00000126977	GAAATACCAGTGGTCGAGGATGAAGAAAAGG	5058150	5049494	8656	5057274	876	5058735	9241	1461
ENSMUST00000126977	GAAATACCAGTGGTCGAGGATGAAGAAAAGG	5058150	5049494	8656	5058124	26	5058735	9241	611
ENSMUST00000126977	GAAATACCAGTGGTCGAGGATGAAGAAAAGG	5058150	5054098	4052	5057274	876	5058735	4637	1461
ENSMUST00000126977	GAAATACCAGTGGTCGAGGATGAAGAAAAGG	5058150	5049494	8656	5058124	26	5058735	9241	611
ENSMUST00000126977	GAAATACCAGTGGTCGAGGATGAAGAAAAGG	5058150	5059369	-1219	5062161	-4011	5058735	-634	-3426
ENSMUST00000126977	GAAATACCAGTGGTCGAGGATGAAGAAAAGG	5058150	5064690	-6540	5082782	-24632	5058735	-5955	-24047
ENSMUST00000126977	GAAATACCAGTGGTCGAGGATGAAGAAAAGG	5058150	5082930	-24780	5086709	-28559	5058735	-24195	-27974
ENSMUST00000126977	GAAATACCAGTGGTCGAGGATGAAGAAAAGG	5058150	5105871	-47721	5108574	-50424	5058735	-47136	-49839
ENSMUST00000072334	CAATGTTTATGACCTTTCCTACCCTTCTAAT	181552035	181520697	31338	181546370	5665	181552066	31369	5696
ENSMUST00000072334	CAATGTTTATGACCTTTCCTACCCTTCTAAT	181552035	181520985	31050	181546370	5665	181552066	31081	5696
ENSMUST00000072334	CAATGTTTATGACCTTTCCTACCCTTCTAAT	181552035	181547553	4482	181549272	2763	181552066	4513	2794
ENSMUST00000072334	CAATGTTTATGACCTTTCCTACCCTTCTAAT	181552035	181548841	3194	181549272	2763	181552066	3225	2794
ENSMUST00000035871	CAAAGTGAATGAGGACTTGATCCTGCGGACCG	127259176	127248084	11092	127256004	3172	127259208	11124	3204
ENSMUST00000035871	CAAAGTGAATGAGGACTTGATCCTGCGGACCG	127259176	127248084	11092	127256004	3172	127259208	11124	3204
ENSMUST00000035871	CAAAGTGAATGAGGACTTGATCCTGCGGACCG	127259176	127248084	11092	127256004	3172	127259208	11124	3204
ENSMUST00000172467	ACTACATAGTACACCTTAAGCGGCACTTCATG	28183207	28182480	727	28183063	144	28184269	1789	1206
ENSMUST00000172467	ACTACATAGTACACCTTAAGCGGCACTTCATG	28183207	28184527	-1320	28185295	-2088	28184269	-258	-1026
ENSMUST00000020756	CTAAATGATAGAAGCAGCATTGTAATGGGAGA	29161445	29130918	30527	29133851	27594	29161477	30559	27626
ENSMUST00000020756	CTAAATGATAGAAGCAGCATTGTAATGGGAGA	29161445	29140005	21440	29141663	19782	29161477	21472	19814
ENSMUST00000020756	CTAAATGATAGAAGCAGCATTGTAATGGGAGA	29161445	29141766	19679	29146795	14650	29161477	19711	14682
ENSMUST00000020756	CTAAATGATAGAAGCAGCATTGTAATGGGAGA	29161445	29141766	19679	29147297	14148	29161477	19711	14180
ENSMUST00000020756	CTAAATGATAGAAGCAGCATTGTAATGGGAGA	29161445	29148331	13114	29154143	7302	29161477	13146	7334
ENSMUST00000020756	CTAAATGATAGAAGCAGCATTGTAATGGGAGA	29161445	29130918	30527	29133851	27594	29161477	30559	27626
ENSMUST00000020756	CTAAATGATAGAAGCAGCATTGTAATGGGAGA	29161445	29140005	21440	29141663	19782	29161477	21472	19814
ENSMUST00000020756	CTAAATGATAGAAGCAGCATTGTAATGGGAGA	29161445	29141766	19679	29146795	14650	29161477	19711	14682
ENSMUST00000020756	CTAAATGATAGAAGCAGCATTGTAATGGGAGA	29161445	29141766	19679	29147297	14148	29161477	19711	14180
ENSMUST00000020756	CTAAATGATAGAAGCAGCATTGTAATGGGAGA	29161445	29148331	13114	29154143	7302	29161477	13146	7334
ENSMUST00000206024	GACTTGAAGCCAGAGAACCTGCTGTTGGATGA	4698711	4709016	-10305	4715332	-16621	4698743	-10273	-16589
ENSMUST00000035645	TAAGTCCTCCACCAGGCCCCTGCCCAGACCCA	43415994	43382199	33795	43414627	1367	43416026	33827	1399
ENSMUST00000035645	TAAGTCCTCCACCAGGCCCCTGCCCAGACCCA	43415994	43383759	32235	43414627	1367	43416026	32267	1399
ENSMUST00000035645	TAAGTCCTCCACCAGGCCCCTGCCCAGACCCA	43415994	43406680	9314	43414627	1367	43416026	9346	1399
ENSMUST00000035645	TAAGTCCTCCACCAGGCCCCTGCCCAGACCCA	43415994	43382199	33795	43421604	-5610	43416026	33827	-5578
ENSMUST00000035645	TAAGTCCTCCACCAGGCCCCTGCCCAGACCCA	43415994	43406680	9314	43421604	-5610	43416026	9346	-5578
ENSMUST00000048962	TCTTGAAGAGAGAAAGATCCTGGCTCAGGATG	100711879	100717408	-5529	100718493	-6614	100711911	-5497	-6582
ENSMUST00000023206	TCGGAGCGAGCTCCCATCTCTGATCCATCGGCG	13147591	13111911	35680	13125250	22341	13147624	35713	22374
ENSMUST00000023206	TCGGAGCGAGCTCCCATCTCTGATCCATCGGCG	13147591	13122191	25400	13125250	22341	13147624	25433	22374
ENSMUST00000023206	TCGGAGCGAGCTCCCATCTCTGATCCATCGGCG	13147591	13111911	35680	13126394	21197	13147624	35713	21230
ENSMUST00000023206	TCGGAGCGAGCTCCCATCTCTGATCCATCGGCG	13147591	13123541	24050	13126394	21197	13147624	24083	21230
ENSMUST00000009256	AGCTCTCCTAGTCATCTTCACACAGCCCTCCTC	120891655	120836357	55298	120862854	28801	120891688	55331	28834
ENSMUST00000009256	AGCTCTCCTAGTCATCTTCACACAGCCCTCCTC	120891655	120848616	43039	120865567	26088	120891688	43072	26121
ENSMUST00000009256	AGCTCTCCTAGTCATCTTCACACAGCCCTCCTC	120891655	120848616	43039	120870765	20890	120891688	43072	20923
ENSMUST00000009256	AGCTCTCCTAGTCATCTTCACACAGCCCTCCTC	120891655	120848616	43039	120870765	20890	120891688	43072	20923
ENSMUST00000009256	AGCTCTCCTAGTCATCTTCACACAGCCCTCCTC	120891655	120848616	43039	120876202	15453	120891688	43072	15486
ENSMUST00000009256	AGCTCTCCTAGTCATCTTCACACAGCCCTCCTC	120891655	120862962	28693	120870765	20890	120891688	28726	20923
ENSMUST00000009256	AGCTCTCCTAGTCATCTTCACACAGCCCTCCTC	120891655	120848616	43039	120876202	15453	120891688	43072	15486
ENSMUST00000009256	AGCTCTCCTAGTCATCTTCACACAGCCCTCCTC	120891655	120865724	25931	120876202	15453	120891688	25964	15486
ENSMUST00000009256	AGCTCTCCTAGTCATCTTCACACAGCCCTCCTC	120891655	120865724	25931	120886677	4978	120891688	25964	5011
ENSMUST00000009256	AGCTCTCCTAGTCATCTTCACACAGCCCTCCTC	120891655	120865724	25931	120886677	4978	120891688	25964	5011
ENSMUST00000009256	AGCTCTCCTAGTCATCTTCACACAGCCCTCCTC	120891655	120870835	20820	120886677	4978	120891688	20853	5011
ENSMUST00000201414	TTGAAATTATCCAGCCAACTCCCTGTTAAACAT	129846259	129790687	55572	129791782	54477	129846292	55605	54510
ENSMUST00000105361	TGGGCAGGCCAGCCCCCGCCCACGTGGCAACAA	80283136	80274047	9089	80274803	8333	80283169	9122	8366
ENSMUST00000105361	TGGGCAGGCCAGCCCCCGCCCACGTGGCAACAA	80283136	80274047	9089	80277574	5562	80283169	9122	5595
ENSMUST00000105361	TGGGCAGGCCAGCCCCCGCCCACGTGGCAACAA	80283136	80278281	4855	80283023	113	80283169	4888	146
ENSMUST00000049152	CAAAATCAGCTTAAACACTGGCTCTGGCGATGA	51589680	51524034	65646	51562017	27663	51589713	65679	27696
ENSMUST00000049152	CAAAATCAGCTTAAACACTGGCTCTGGCGATGA	51589680	51524429	65251	51562017	27663	51589713	65284	27696
ENSMUST00000049152	CAAAATCAGCTTAAACACTGGCTCTGGCGATGA	51589680	51524034	65646	51575902	13778	51589713	65679	13811
ENSMUST00000049152	CAAAATCAGCTTAAACACTGGCTCTGGCGATGA	51589680	51575989	13691	51580301	9379	51589713	13724	9412
ENSMUST00000084935	GTTTTTCAGACTTCAAGCAAAGAGGCTTTGTTG	100252212	100260077	-7865	100262065	-9853	100252245	-7832	-9820
ENSMUST00000150602	GCCAACCTCATGCACAACTTCATCTTGAAGGCG	155247820	155236617	11203	155247770	50	155247853	11236	83
ENSMUST00000150602	GCCAACCTCATGCACAACTTCATCTTGAAGGCG	155247820	155236936	10884	155247770	50	155247853	10917	83
ENSMUST00000150602	GCCAACCTCATGCACAACTTCATCTTGAAGGCG	155247820	155236617	11203	155247770	50	155247853	11236	83
ENSMUST00000150602	GCCAACCTCATGCACAACTTCATCTTGAAGGCG	155247820	155242806	5014	155249920	-2100	155247853	5047	-2067
ENSMUST00000150602	GCCAACCTCATGCACAACTTCATCTTGAAGGCG	155247820	155236617	11203	155247770	50	155247853	11236	83
ENSMUST00000150602	GCCAACCTCATGCACAACTTCATCTTGAAGGCG	155247820	155236936	10884	155247770	50	155247853	10917	83
ENSMUST00000150602	GCCAACCTCATGCACAACTTCATCTTGAAGGCG	155247820	155236617	11203	155247770	50	155247853	11236	83
ENSMUST00000150602	GCCAACCTCATGCACAACTTCATCTTGAAGGCG	155247820	155242806	5014	155249920	-2100	155247853	5047	-2067
ENSMUST00000025831	AACTCAGCATCATCTGCCTCAACTCCTCCCGCC	25127610	25172609	-44999	25175359	-47749	25127643	-44966	-47716
ENSMUST00000037232	GAAGCATTGAGATACTACTGCCAGTGATGAACT	37950327	37932489	17838	37946856	3471	37950360	17871	3504
ENSMUST00000032710	AACAAAAAAATCTGAATTCAAAACAGACCATGA	51669503	51622720	46783	51626843	42660	51669536	46816	42693
ENSMUST00000032710	AACAAAAAAATCTGAATTCAAAACAGACCATGA	51669503	51645119	24384	51649151	20352	51669536	24417	20385
ENSMUST00000032710	AACAAAAAAATCTGAATTCAAAACAGACCATGA	51669503	51646274	23229	51658677	10826	51669536	23262	10859
ENSMUST00000210135	TGGACTTTCCCACACGGATGTCCTTTCCTATAC	27653148	27622614	30534	27776825	-123677	27653181	30567	-123644
ENSMUST00000210135	TGGACTTTCCCACACGGATGTCCTTTCCTATAC	27653148	27653483	-335	27876586	-223438	27653181	-302	-223405
ENSMUST00000210135	TGGACTTTCCCACACGGATGTCCTTTCCTATAC	27653148	27777242	-124094	27898565	-245417	27653181	-124061	-245384
ENSMUST00000210135	TGGACTTTCCCACACGGATGTCCTTTCCTATAC	27653148	27876661	-223513	27912812	-259664	27653181	-223480	-259631
ENSMUST00000210135	TGGACTTTCCCACACGGATGTCCTTTCCTATAC	27653148	27898721	-245573	27966395	-313247	27653181	-245540	-313214
ENSMUST00000210135	TGGACTTTCCCACACGGATGTCCTTTCCTATAC	27653148	27912980	-259832	28011635	-358487	27653181	-259799	-358454
ENSMUST00000210135	TGGACTTTCCCACACGGATGTCCTTTCCTATAC	27653148	27966563	-313415	28021961	-368813	27653181	-313382	-368780
ENSMUST00000210135	TGGACTTTCCCACACGGATGTCCTTTCCTATAC	27653148	28025173	-372025	28080131	-426983	27653181	-371992	-426950
ENSMUST00000210135	TGGACTTTCCCACACGGATGTCCTTTCCTATAC	27653148	28025173	-372025	28141220	-488072	27653181	-371992	-488039
ENSMUST00000210135	TGGACTTTCCCACACGGATGTCCTTTCCTATAC	27653148	28025173	-372025	28141220	-488072	27653181	-371992	-488039
ENSMUST00000210135	TGGACTTTCCCACACGGATGTCCTTTCCTATAC	27653148	28040536	-387388	28141220	-488072	27653181	-387355	-488039
ENSMUST00000210135	TGGACTTTCCCACACGGATGTCCTTTCCTATAC	27653148	28025173	-372025	28302875	-649727	27653181	-371992	-649694
ENSMUST00000210135	TGGACTTTCCCACACGGATGTCCTTTCCTATAC	27653148	28040536	-387388	28271577	-618429	27653181	-387355	-618396
ENSMUST00000210135	TGGACTTTCCCACACGGATGTCCTTTCCTATAC	27653148	28141381	-488233	28302875	-649727	27653181	-488200	-649694
ENSMUST00000023132	GAACAAACAGAAGTGGAAGGAACGGGCAGCAAG	103527654	103521488	6166	103522044	5610	103528234	6746	6190
ENSMUST00000023132	GAACAAACAGAAGTGGAAGGAACGGGCAGCAAG	103527654	103521719	5935	103524307	3347	103528234	6515	3927
ENSMUST00000202447	CGCCCGCCCCACGAGGACTCACACCCTTGCACCC	118009698	117977039	32659	117986098	23600	118009732	32693	23634
ENSMUST00000202447	CGCCCGCCCCACGAGGACTCACACCCTTGCACCC	118009698	117977993	31705	117986098	23600	118009732	31739	23634
ENSMUST00000066807	TATTTATGATGCTGGGTCCCGTGCATCTCTGAAT	32580391	32513599	66792	32526148	54243	32580425	66826	54277
ENSMUST00000066807	TATTTATGATGCTGGGTCCCGTGCATCTCTGAAT	32580391	32517378	63013	32520947	59444	32580425	63047	59478
ENSMUST00000066807	TATTTATGATGCTGGGTCCCGTGCATCTCTGAAT	32580391	32517378	63013	32526148	54243	32580425	63047	54277
ENSMUST00000066807	TATTTATGATGCTGGGTCCCGTGCATCTCTGAAT	32580391	32526878	53513	32546744	33647	32580425	53547	33681
ENSMUST00000066807	TATTTATGATGCTGGGTCCCGTGCATCTCTGAAT	32580391	32558604	21787	32562555	17836	32580425	21821	17870
ENSMUST00000189946	CCTCCCCCCACGAAAGCCATGTCAATCAATCACT	131931657	131910750	20907	131921942	9715	131931691	20941	9749
ENSMUST00000189946	CCTCCCCCCACGAAAGCCATGTCAATCAATCACT	131931657	131928216	3441	131931033	624	131931691	3475	658
ENSMUST00000189946	CCTCCCCCCACGAAAGCCATGTCAATCAATCACT	131931657	131928216	3441	131931033	624	131931691	3475	658
ENSMUST00000024575	GGAGAATGGGCTGCTCATGACCCCCTGCTATACT	7292869	7170443	122426	7236045	56824	7292903	122460	56858
ENSMUST00000024575	GGAGAATGGGCTGCTCATGACCCCCTGCTATACT	7292869	7170443	122426	7246701	46168	7292903	122460	46202
ENSMUST00000024575	GGAGAATGGGCTGCTCATGACCCCCTGCTATACT	7292869	7170443	122426	7246701	46168	7292903	122460	46202
ENSMUST00000024575	GGAGAATGGGCTGCTCATGACCCCCTGCTATACT	7292869	7228029	64840	7246701	46168	7292903	64874	46202
ENSMUST00000024575	GGAGAATGGGCTGCTCATGACCCCCTGCTATACT	7292869	7254449	38420	7271591	21278	7292903	38454	21312
ENSMUST00000035269	CCATCGGCACCATGGACGGTGCCAACGTGGAGAT	6393828	6385944	7884	6386373	7455	6393862	7918	7489
ENSMUST00000035269	CCATCGGCACCATGGACGGTGCCAACGTGGAGAT	6393828	6388174	5654	6388736	5092	6393862	5688	5126
ENSMUST00000035269	CCATCGGCACCATGGACGGTGCCAACGTGGAGAT	6393828	6385944	7884	6386373	7455	6393862	7918	7489
ENSMUST00000035269	CCATCGGCACCATGGACGGTGCCAACGTGGAGAT	6393828	6388174	5654	6388736	5092	6393862	5688	5126
ENSMUST00000046515	TGTGTGTGTGTGTGTGAGCGAGCATGTGCTGTCT	27243839	27222896	20943	27239531	4308	27243873	20977	4342
ENSMUST00000080067	CTTTGCCTTCCTCATATCACTCATCTTCATCTAC	24436229	24434239	1990	24434634	1595	24436263	2024	1629
ENSMUST00000080067	CTTTGCCTTCCTCATATCACTCATCTTCATCTAC	24436229	24435340	889	24435841	388	24436263	923	422
ENSMUST00000080067	CTTTGCCTTCCTCATATCACTCATCTTCATCTAC	24436229	24436271	-42	24439055	-2826	24436263	-8	-2792
ENSMUST00000080067	CTTTGCCTTCCTCATATCACTCATCTTCATCTAC	24436229	24438949	-2720	24439231	-3002	24436263	-2686	-2968
ENSMUST00000080067	CTTTGCCTTCCTCATATCACTCATCTTCATCTAC	24436229	24439398	-3169	24440080	-3851	24436263	-3135	-3817
ENSMUST00000143432	AGGCGAACGAGGCCTGACTGGACCATCAGGCCCC	130058013	130048083	9930	130049632	8381	130058047	9964	8415
ENSMUST00000143432	AGGCGAACGAGGCCTGACTGGACCATCAGGCCCC	130058013	130048083	9930	130051654	6359	130058047	9964	6393
ENSMUST00000143432	AGGCGAACGAGGCCTGACTGGACCATCAGGCCCC	130058013	130048083	9930	130051654	6359	130058047	9964	6393
ENSMUST00000143432	AGGCGAACGAGGCCTGACTGGACCATCAGGCCCC	130058013	130055493	2520	130056942	1071	130058047	2554	1105
ENSMUST00000143432	AGGCGAACGAGGCCTGACTGGACCATCAGGCCCC	130058013	130072885	-14872	130073239	-15226	130058047	-14838	-15192
ENSMUST00000143432	AGGCGAACGAGGCCTGACTGGACCATCAGGCCCC	130058013	130080620	-22607	130083121	-25108	130058047	-22573	-25074
ENSMUST00000143432	AGGCGAACGAGGCCTGACTGGACCATCAGGCCCC	130058013	130080620	-22607	130083121	-25108	130058047	-22573	-25074
ENSMUST00000035813	GGTGCTGGGTGCTGGGTGCTGGGTGCTGGGTGCT	5161604	4903031	258573	5045935	115669	5161638	258607	115703
ENSMUST00000035813	GGTGCTGGGTGCTGGGTGCTGGGTGCTGGGTGCT	5161604	4903448	258156	5045935	115669	5161638	258190	115703
ENSMUST00000035813	GGTGCTGGGTGCTGGGTGCTGGGTGCTGGGTGCT	5161604	4906844	254760	5057457	104147	5161638	254794	104181
ENSMUST00000035813	GGTGCTGGGTGCTGGGTGCTGGGTGCTGGGTGCT	5161604	4906844	254760	5063990	97614	5161638	254794	97648
ENSMUST00000035813	GGTGCTGGGTGCTGGGTGCTGGGTGCTGGGTGCT	5161604	5057578	104026	5063990	97614	5161638	104060	97648
ENSMUST00000035813	GGTGCTGGGTGCTGGGTGCTGGGTGCTGGGTGCT	5161604	5077615	83989	5100431	61173	5161638	84023	61207
ENSMUST00000035813	GGTGCTGGGTGCTGGGTGCTGGGTGCTGGGTGCT	5161604	5077615	83989	5110999	50605	5161638	84023	50639
ENSMUST00000035813	GGTGCTGGGTGCTGGGTGCTGGGTGCTGGGTGCT	5161604	5077615	83989	5113600	48004	5161638	84023	48038
ENSMUST00000035813	GGTGCTGGGTGCTGGGTGCTGGGTGCTGGGTGCT	5161604	5077615	83989	5113600	48004	5161638	84023	48038
ENSMUST00000035813	GGTGCTGGGTGCTGGGTGCTGGGTGCTGGGTGCT	5161604	5100587	61017	5113600	48004	5161638	61051	48038
ENSMUST00000035813	GGTGCTGGGTGCTGGGTGCTGGGTGCTGGGTGCT	5161604	5134174	27430	5143227	18377	5161638	27464	18411
ENSMUST00000035813	GGTGCTGGGTGCTGGGTGCTGGGTGCTGGGTGCT	5161604	5134174	27430	5143227	18377	5161638	27464	18411
ENSMUST00000035813	GGTGCTGGGTGCTGGGTGCTGGGTGCTGGGTGCT	5161604	5143315	18289	5154008	7596	5161638	18323	7630
ENSMUST00000035813	GGTGCTGGGTGCTGGGTGCTGGGTGCTGGGTGCT	5161604	5156240	5364	5158088	3516	5161638	5398	3550
ENSMUST00000035813	GGTGCTGGGTGCTGGGTGCTGGGTGCTGGGTGCT	5161604	5156240	5364	5159551	2053	5161638	5398	2087
ENSMUST00000160834	TTTTGCAAGATTATACTTCAGAAGAGTTGGACCT	60281874	60206416	75458	60222066	59808	60281908	75492	59842
ENSMUST00000160834	TTTTGCAAGATTATACTTCAGAAGAGTTGGACCT	60281874	60224731	57143	60230601	51273	60281908	57177	51307
ENSMUST00000160834	TTTTGCAAGATTATACTTCAGAAGAGTTGGACCT	60281874	60237216	44658	60242538	39336	60281908	44692	39370
ENSMUST00000160834	TTTTGCAAGATTATACTTCAGAAGAGTTGGACCT	60281874	60279800	2074	60281246	628	60281908	2108	662
ENSMUST00000160834	TTTTGCAAGATTATACTTCAGAAGAGTTGGACCT	60281874	60280138	1736	60281246	628	60281908	1770	662
ENSMUST00000160834	TTTTGCAAGATTATACTTCAGAAGAGTTGGACCT	60281874	60281949	-75	60287310	-5436	60281908	-41	-5402
ENSMUST00000160834	TTTTGCAAGATTATACTTCAGAAGAGTTGGACCT	60281874	60311099	-29225	60319316	-37442	60281908	-29191	-37408
ENSMUST00000108251	CTCTGCAGTCTATATCTATAACTGTAACTCCTGG	79535824	79418683	117141	79428577	107247	79535858	117175	107281
ENSMUST00000108251	CTCTGCAGTCTATATCTATAACTGTAACTCCTGG	79535824	79458906	76918	79468716	67108	79535858	76952	67142
ENSMUST00000108251	CTCTGCAGTCTATATCTATAACTGTAACTCCTGG	79535824	79458906	76918	79468716	67108	79535858	76952	67142
ENSMUST00000108251	CTCTGCAGTCTATATCTATAACTGTAACTCCTGG	79535824	79463295	72529	79468716	67108	79535858	72563	67142
ENSMUST00000108251	CTCTGCAGTCTATATCTATAACTGTAACTCCTGG	79535824	79475883	59941	79545353	-9529	79535858	59975	-9495
ENSMUST00000108251	CTCTGCAGTCTATATCTATAACTGTAACTCCTGG	79535824	79546412	-10588	79547667	-11843	79535858	-10554	-11809
ENSMUST00000108251	CTCTGCAGTCTATATCTATAACTGTAACTCCTGG	79535824	79553997	-18173	79556698	-20874	79535858	-18139	-20840
ENSMUST00000108251	CTCTGCAGTCTATATCTATAACTGTAACTCCTGG	79535824	79553997	-18173	79559404	-23580	79535858	-18139	-23546
ENSMUST00000108251	CTCTGCAGTCTATATCTATAACTGTAACTCCTGG	79535824	79569170	-33346	79578253	-42429	79535858	-33312	-42395
ENSMUST00000110457	CTCTTCCCTATGGGGACATAAATCTCAACCTGCT	25804303	25783041	21262	25793150	11153	25804337	21296	11187
ENSMUST00000110457	CTCTTCCCTATGGGGACATAAATCTCAACCTGCT	25804303	25783041	21262	25793150	11153	25804337	21296	11187
ENSMUST00000064595	GTGAAGGCAATCAATATCTCTGGGCTGGCACACG	21168250	21213225	-44975	21217974	-49724	21185106	-28119	-32868
ENSMUST00000064595	GTGAAGGCAATCAATATCTCTGGGCTGGCACACG	21168250	21239649	-71399	21247287	-79037	21185106	-54543	-62181
ENSMUST00000064595	GTGAAGGCAATCAATATCTCTGGGCTGGCACACG	21168250	21254467	-86217	21258009	-89759	21185106	-69361	-72903
ENSMUST00000098350	GTCATCTACTTCCTGGCCCGCACTCGCCTGGCCCA	110378751	110333505	45246	110362393	16358	110378786	45281	16393
ENSMUST00000098350	GTCATCTACTTCCTGGCCCGCACTCGCCTGGCCCA	110378751	110372354	6397	110373389	5362	110378786	6432	5397
ENSMUST00000034912	GCAAAACCACACTGGACACTGGCAAGCTCTGTATG	89994936	89910273	84663	89915491	79445	89994971	84698	79480
ENSMUST00000034912	GCAAAACCACACTGGACACTGGCAAGCTCTGTATG	89994936	89924170	70766	89950907	44029	89994971	70801	44064
ENSMUST00000034912	GCAAAACCACACTGGACACTGGCAAGCTCTGTATG	89994936	89970546	24390	89974764	20172	89994971	24425	20207
ENSMUST00000034912	GCAAAACCACACTGGACACTGGCAAGCTCTGTATG	89994936	90002464	-7528	90010394	-15458	89994971	-7493	-15423
ENSMUST00000034912	GCAAAACCACACTGGACACTGGCAAGCTCTGTATG	89994936	90004902	-9966	90010394	-15458	89994971	-9931	-15423
ENSMUST00000034912	GCAAAACCACACTGGACACTGGCAAGCTCTGTATG	89994936	90012957	-18021	90020312	-25376	89994971	-17986	-25341
ENSMUST00000108909	CAAGGAGCACCCAGGAAGTGGCTTCAAAGGGGACT	101039943	100870333	169610	100936270	103673	101039978	169645	103708
ENSMUST00000108909	CAAGGAGCACCCAGGAAGTGGCTTCAAAGGGGACT	101039943	100870743	169200	100936270	103673	101039978	169235	103708
ENSMUST00000108909	CAAGGAGCACCCAGGAAGTGGCTTCAAAGGGGACT	101039943	100871068	168875	100936270	103673	101039978	168910	103708
ENSMUST00000108909	CAAGGAGCACCCAGGAAGTGGCTTCAAAGGGGACT	101039943	100957589	82354	100959602	80341	101039978	82389	80376
ENSMUST00000108909	CAAGGAGCACCCAGGAAGTGGCTTCAAAGGGGACT	101039943	100957589	82354	100959694	80249	101039978	82389	80284
ENSMUST00000108909	CAAGGAGCACCCAGGAAGTGGCTTCAAAGGGGACT	101039943	100959431	80512	100969020	70923	101039978	80547	70958
ENSMUST00000108909	CAAGGAGCACCCAGGAAGTGGCTTCAAAGGGGACT	101039943	101002166	37777	101011016	28927	101039978	37812	28962
ENSMUST00000108909	CAAGGAGCACCCAGGAAGTGGCTTCAAAGGGGACT	101039943	101018524	21419	101024260	15683	101039978	21454	15718
ENSMUST00000108909	CAAGGAGCACCCAGGAAGTGGCTTCAAAGGGGACT	101039943	101018524	21419	101029577	10366	101039978	21454	10401
ENSMUST00000108909	CAAGGAGCACCCAGGAAGTGGCTTCAAAGGGGACT	101039943	101018524	21419	101029577	10366	101039978	21454	10401
ENSMUST00000108909	CAAGGAGCACCCAGGAAGTGGCTTCAAAGGGGACT	101039943	101023906	16037	101029577	10366	101039978	16072	10401
ENSMUST00000108909	CAAGGAGCACCCAGGAAGTGGCTTCAAAGGGGACT	101039943	101029862	10081	101032184	7759	101039978	10116	7794
ENSMUST00000060945	TGCCAGTCATTATTGTACCTGAGGCTGTTCAAACT	53409292	53351129	58163	53372277	37015	53409327	58198	37050
ENSMUST00000060945	TGCCAGTCATTATTGTACCTGAGGCTGTTCAAACT	53409292	53373057	36235	53380585	28707	53409327	36270	28742
ENSMUST00000060945	TGCCAGTCATTATTGTACCTGAGGCTGTTCAAACT	53409292	53375633	33659	53389754	19538	53409327	33694	19573
ENSMUST00000060945	TGCCAGTCATTATTGTACCTGAGGCTGTTCAAACT	53409292	53397869	11423	53399588	9704	53409327	11458	9739
ENSMUST00000060945	TGCCAGTCATTATTGTACCTGAGGCTGTTCAAACT	53409292	53400506	8786	53404355	4937	53409327	8821	4972
ENSMUST00000060945	TGCCAGTCATTATTGTACCTGAGGCTGTTCAAACT	53409292	53410959	-1667	53415387	-6095	53409327	-1632	-6060
ENSMUST00000060945	TGCCAGTCATTATTGTACCTGAGGCTGTTCAAACT	53409292	53351129	58163	53372277	37015	53409327	58198	37050
ENSMUST00000060945	TGCCAGTCATTATTGTACCTGAGGCTGTTCAAACT	53409292	53373057	36235	53380585	28707	53409327	36270	28742
ENSMUST00000060945	TGCCAGTCATTATTGTACCTGAGGCTGTTCAAACT	53409292	53375633	33659	53389754	19538	53409327	33694	19573
ENSMUST00000060945	TGCCAGTCATTATTGTACCTGAGGCTGTTCAAACT	53409292	53397869	11423	53399588	9704	53409327	11458	9739
ENSMUST00000060945	TGCCAGTCATTATTGTACCTGAGGCTGTTCAAACT	53409292	53400506	8786	53404355	4937	53409327	8821	4972
ENSMUST00000060945	TGCCAGTCATTATTGTACCTGAGGCTGTTCAAACT	53409292	53410959	-1667	53415387	-6095	53409327	-1632	-6060
ENSMUST00000038900	ATAAAATCTGATATATACACGTTAGGAAAGTTCTC	150808801	150673953	134848	150719822	88979	150808836	134883	89014
ENSMUST00000038900	ATAAAATCTGATATATACACGTTAGGAAAGTTCTC	150808801	150716529	92272	150722294	86507	150808836	92307	86542
ENSMUST00000038900	ATAAAATCTGATATATACACGTTAGGAAAGTTCTC	150808801	150723371	85430	150736278	72523	150808836	85465	72558
ENSMUST00000038900	ATAAAATCTGATATATACACGTTAGGAAAGTTCTC	150808801	150673953	134848	150739200	69601	150808836	134883	69636
ENSMUST00000038900	ATAAAATCTGATATATACACGTTAGGAAAGTTCTC	150808801	150673953	134848	150744163	64638	150808836	134883	64673
ENSMUST00000038900	ATAAAATCTGATATATACACGTTAGGAAAGTTCTC	150808801	150769947	38854	150778152	30649	150808836	38889	30684
ENSMUST00000038900	ATAAAATCTGATATATACACGTTAGGAAAGTTCTC	150808801	150788519	20282	150792113	16688	150808836	20317	16723
ENSMUST00000038900	ATAAAATCTGATATATACACGTTAGGAAAGTTCTC	150808801	150792686	16115	150794267	14534	150808836	16150	14569
ENSMUST00000111338	CCTAAGATCCGGGCTGTTTCTCCACATTTTGATGA	91601035	91563113	37922	91568136	32899	91601070	37957	32934
ENSMUST00000111338	CCTAAGATCCGGGCTGTTTCTCCACATTTTGATGA	91601035	91564448	36587	91568136	32899	91601070	36622	32934
ENSMUST00000111338	CCTAAGATCCGGGCTGTTTCTCCACATTTTGATGA	91601035	91578209	22826	91581109	19926	91601070	22861	19961
ENSMUST00000111338	CCTAAGATCCGGGCTGTTTCTCCACATTTTGATGA	91601035	91579536	21499	91585721	15314	91601070	21534	15349
ENSMUST00000111338	CCTAAGATCCGGGCTGTTTCTCCACATTTTGATGA	91601035	91599378	1657	91600640	395	91601070	1692	430
ENSMUST00000111338	CCTAAGATCCGGGCTGTTTCTCCACATTTTGATGA	91601035	91599378	1657	91606245	-5210	91601070	1692	-5175
ENSMUST00000111338	CCTAAGATCCGGGCTGTTTCTCCACATTTTGATGA	91601035	91600814	221	91606245	-5210	91601070	256	-5175
ENSMUST00000111338	CCTAAGATCCGGGCTGTTTCTCCACATTTTGATGA	91601035	91601126	-91	91607444	-6409	91601070	-56	-6374
ENSMUST00000111338	CCTAAGATCCGGGCTGTTTCTCCACATTTTGATGA	91601035	91616460	-15425	91619981	-18946	91601070	-15390	-18911
ENSMUST00000111338	CCTAAGATCCGGGCTGTTTCTCCACATTTTGATGA	91601035	91616460	-15425	91619981	-18946	91601070	-15390	-18911
ENSMUST00000032335	GTTTGATAAGACGTTGGCAGAATTAAAAACTCGAG	136566702	136518963	47739	136559763	6939	136566737	47774	6974
ENSMUST00000032335	GTTTGATAAGACGTTGGCAGAATTAAAAACTCGAG	136566702	136554084	12618	136559763	6939	136566737	12653	6974
ENSMUST00000032335	GTTTGATAAGACGTTGGCAGAATTAAAAACTCGAG	136566702	136518963	47739	136563759	2943	136566737	47774	2978
ENSMUST00000032335	GTTTGATAAGACGTTGGCAGAATTAAAAACTCGAG	136566702	136554084	12618	136563759	2943	136566737	12653	2978
ENSMUST00000032335	GTTTGATAAGACGTTGGCAGAATTAAAAACTCGAG	136566702	136566785	-83	136575244	-8542	136566737	-48	-8507
ENSMUST00000032335	GTTTGATAAGACGTTGGCAGAATTAAAAACTCGAG	136566702	136566785	-83	136582377	-15675	136566737	-48	-15640
ENSMUST00000032335	GTTTGATAAGACGTTGGCAGAATTAAAAACTCGAG	136566702	136582466	-15764	136593075	-26373	136566737	-15729	-26338
ENSMUST00000037547	GCCGTGGGATGCCGGGACTGAGGATCCTGACGAGAA	118792050	118787686	4364	118789598	2452	118792086	4400	2488
ENSMUST00000037547	GCCGTGGGATGCCGGGACTGAGGATCCTGACGAGAA	118792050	118787686	4364	118810721	-18671	118792086	4400	-18635
ENSMUST00000037547	GCCGTGGGATGCCGGGACTGAGGATCCTGACGAGAA	118792050	118788114	3936	118810721	-18671	118792086	3972	-18635
ENSMUST00000037547	GCCGTGGGATGCCGGGACTGAGGATCCTGACGAGAA	118792050	118795462	-3412	118810721	-18671	118792086	-3376	-18635
ENSMUST00000194959	CCCATTTTGCTATCTAACTCTCCCACTGCCTTTGAA	108372699	108351037	21662	108360094	12605	108372735	21698	12641
ENSMUST00000194959	CCCATTTTGCTATCTAACTCTCCCACTGCCTTTGAA	108372699	108356541	16158	108362560	10139	108372735	16194	10175
ENSMUST00000194959	CCCATTTTGCTATCTAACTCTCCCACTGCCTTTGAA	108372699	108362898	9801	108366760	5939	108372735	9837	5975
ENSMUST00000194959	CCCATTTTGCTATCTAACTCTCCCACTGCCTTTGAA	108372699	108372786	-87	108378435	-5736	108372735	-51	-5700
ENSMUST00000194959	CCCATTTTGCTATCTAACTCTCCCACTGCCTTTGAA	108372699	108373690	-991	108378435	-5736	108372735	-955	-5700
ENSMUST00000194959	CCCATTTTGCTATCTAACTCTCCCACTGCCTTTGAA	108372699	108374318	-1619	108379264	-6565	108372735	-1583	-6529
ENSMUST00000194959	CCCATTTTGCTATCTAACTCTCCCACTGCCTTTGAA	108372699	108381552	-8853	108384396	-11697	108372735	-8817	-11661
ENSMUST00000194959	CCCATTTTGCTATCTAACTCTCCCACTGCCTTTGAA	108372699	108384155	-11456	108384806	-12107	108372735	-11420	-12071
ENSMUST00000194959	CCCATTTTGCTATCTAACTCTCCCACTGCCTTTGAA	108372699	108384155	-11456	108384806	-12107	108372735	-11420	-12071
ENSMUST00000194959	CCCATTTTGCTATCTAACTCTCCCACTGCCTTTGAA	108372699	108384956	-12257	108390979	-18280	108372735	-12221	-18244
ENSMUST00000049027	TTTATTTGTTTTGGTAATAAAGTGGTCTTGAAATGT	131771486	131766026	5460	131769200	2286	131771503	5477	2303
ENSMUST00000030691	TATTGACATCAATGCCAGCCTGCAAACTATTACTAT	14680751	14540801	139950	14674954	5797	14680787	139986	5833
ENSMUST00000030691	TATTGACATCAATGCCAGCCTGCAAACTATTACTAT	14680751	14540801	139950	14712416	-31665	14680787	139986	-31629
ENSMUST00000030691	TATTGACATCAATGCCAGCCTGCAAACTATTACTAT	14680751	14540801	139950	14712416	-31665	14680787	139986	-31629
ENSMUST00000030691	TATTGACATCAATGCCAGCCTGCAAACTATTACTAT	14680751	14669675	11076	14712416	-31665	14680787	11112	-31629
ENSMUST00000030691	TATTGACATCAATGCCAGCCTGCAAACTATTACTAT	14680751	14540801	139950	14712416	-31665	14680787	139986	-31629
ENSMUST00000030691	TATTGACATCAATGCCAGCCTGCAAACTATTACTAT	14680751	14669675	11076	14712416	-31665	14680787	11112	-31629
ENSMUST00000030691	TATTGACATCAATGCCAGCCTGCAAACTATTACTAT	14680751	14680013	738	14712416	-31665	14680787	774	-31629
ENSMUST00000030691	TATTGACATCAATGCCAGCCTGCAAACTATTACTAT	14680751	14775444	-94693	14788397	-107646	14680787	-94657	-107610
ENSMUST00000111216	ATGGGCTCTTCGGCAGCAAAACCAACTTCAACTCCC	135010048	135011060	-1012	135011886	-1838	135010084	-976	-1802
ENSMUST00000111216	ATGGGCTCTTCGGCAGCAAAACCAACTTCAACTCCC	135010048	135011060	-1012	135011886	-1838	135010084	-976	-1802
ENSMUST00000111216	ATGGGCTCTTCGGCAGCAAAACCAACTTCAACTCCC	135010048	135011380	-1332	135011886	-1838	135010084	-1296	-1802
ENSMUST00000087181	TGCCTCTGTCTCCATCCTAACCATACTTTTGAAGTT	73560345	73493076	67269	73510885	49460	73560381	67305	49496
ENSMUST00000087181	TGCCTCTGTCTCCATCCTAACCATACTTTTGAAGTT	73560345	73491191	69154	73510885	49460	73560381	69190	49496
ENSMUST00000087181	TGCCTCTGTCTCCATCCTAACCATACTTTTGAAGTT	73560345	73502768	57577	73510885	49460	73560381	57613	49496
ENSMUST00000087181	TGCCTCTGTCTCCATCCTAACCATACTTTTGAAGTT	73560345	73510956	49389	73520115	40230	73560381	49425	40266
ENSMUST00000087181	TGCCTCTGTCTCCATCCTAACCATACTTTTGAAGTT	73560345	73510956	49389	73534605	25740	73560381	49425	25776
ENSMUST00000087181	TGCCTCTGTCTCCATCCTAACCATACTTTTGAAGTT	73560345	73520230	40115	73522652	37693	73560381	40151	37729
ENSMUST00000087181	TGCCTCTGTCTCCATCCTAACCATACTTTTGAAGTT	73560345	73520230	40115	73531503	28842	73560381	40151	28878
ENSMUST00000087181	TGCCTCTGTCTCCATCCTAACCATACTTTTGAAGTT	73560345	73531574	28771	73557253	3092	73560381	28807	3128
ENSMUST00000087181	TGCCTCTGTCTCCATCCTAACCATACTTTTGAAGTT	73560345	73534697	25648	73555358	4987	73560381	25684	5023
ENSMUST00000087181	TGCCTCTGTCTCCATCCTAACCATACTTTTGAAGTT	73560345	73534697	25648	73557253	3092	73560381	25684	3128
ENSMUST00000087181	TGCCTCTGTCTCCATCCTAACCATACTTTTGAAGTT	73560345	73534697	25648	73557253	3092	73560381	25684	3128
ENSMUST00000087181	TGCCTCTGTCTCCATCCTAACCATACTTTTGAAGTT	73560345	73544155	16190	73557253	3092	73560381	16226	3128
ENSMUST00000100301	CACACACACACACACACAGCCCTTGTCCTCCGCAGT	3330978	3304337	26641	3310563	20415	3331014	26677	20451
ENSMUST00000100301	CACACACACACACACACAGCCCTTGTCCTCCGCAGT	3330978	3305426	25552	3310835	20143	3331014	25588	20179
ENSMUST00000100301	CACACACACACACACACAGCCCTTGTCCTCCGCAGT	3330978	3313832	17146	3314511	16467	3331014	17182	16503
ENSMUST00000100301	CACACACACACACACACAGCCCTTGTCCTCCGCAGT	3330978	3314541	16437	3319530	11448	3331014	16473	11484
ENSMUST00000100301	CACACACACACACACACAGCCCTTGTCCTCCGCAGT	3330978	3319719	11259	3322516	8462	3331014	11295	8498
ENSMUST00000100301	CACACACACACACACACAGCCCTTGTCCTCCGCAGT	3330978	3319719	11259	3323455	7523	3331014	11295	7559
ENSMUST00000100301	CACACACACACACACACAGCCCTTGTCCTCCGCAGT	3330978	3319719	11259	3323455	7523	3331014	11295	7559
ENSMUST00000100301	CACACACACACACACACAGCCCTTGTCCTCCGCAGT	3330978	3322431	8547	3323455	7523	3331014	8583	7559
ENSMUST00000100301	CACACACACACACACACAGCCCTTGTCCTCCGCAGT	3330978	3319719	11259	3327415	3563	3331014	11295	3599
ENSMUST00000100301	CACACACACACACACACAGCCCTTGTCCTCCGCAGT	3330978	3323594	7384	3329034	1944	3331014	7420	1980
ENSMUST00000098190	TTGGGGGGTTAGCTTACTGCACTGTAGATCTGTGTC	33021469	32983607	37862	32995801	25668	33021505	37898	25704
ENSMUST00000072031	GAGCGGCTCTCCACACATGAGCTCACCTCTCTGCTA	59753029	59697023	56006	59731507	21522	59754998	57975	23491
ENSMUST00000072031	GAGCGGCTCTCCACACATGAGCTCACCTCTCTGCTA	59753029	59727703	25326	59735829	17200	59754998	27295	19169
ENSMUST00000072031	GAGCGGCTCTCCACACATGAGCTCACCTCTCTGCTA	59753029	59741261	11768	59743770	9259	59754998	13737	11228
ENSMUST00000072031	GAGCGGCTCTCCACACATGAGCTCACCTCTCTGCTA	59753029	59743827	9202	59748546	4483	59754998	11171	6452
ENSMUST00000072031	GAGCGGCTCTCCACACATGAGCTCACCTCTCTGCTA	59753029	59744820	8209	59749518	3511	59754998	10178	5480
ENSMUST00000072031	GAGCGGCTCTCCACACATGAGCTCACCTCTCTGCTA	59753029	59753060	-31	59764379	-11350	59754998	1938	-9381
ENSMUST00000072031	GAGCGGCTCTCCACACATGAGCTCACCTCTCTGCTA	59753029	59755109	-2080	59764379	-11350	59754998	-111	-9381
ENSMUST00000072031	GAGCGGCTCTCCACACATGAGCTCACCTCTCTGCTA	59753029	59766887	-13858	59769212	-16183	59754998	-11889	-14214
ENSMUST00000072031	GAGCGGCTCTCCACACATGAGCTCACCTCTCTGCTA	59753029	59769299	-16270	59771616	-18587	59754998	-14301	-16618
ENSMUST00000072031	GAGCGGCTCTCCACACATGAGCTCACCTCTCTGCTA	59753029	59771702	-18673	59775515	-22486	59754998	-16704	-20517
ENSMUST00000089024	GAAAATGCTGTTCACTCTGGAGCCCTTGATGACTGAT	12924451	12916629	7822	12918042	6409	12924488	7859	6446
ENSMUST00000089024	GAAAATGCTGTTCACTCTGGAGCCCTTGATGACTGAT	12924451	12916629	7822	12919350	5101	12924488	7859	5138
ENSMUST00000089024	GAAAATGCTGTTCACTCTGGAGCCCTTGATGACTGAT	12924451	12916629	7822	12919350	5101	12924488	7859	5138
ENSMUST00000089024	GAAAATGCTGTTCACTCTGGAGCCCTTGATGACTGAT	12924451	12917883	6568	12919350	5101	12924488	6605	5138
ENSMUST00000089024	GAAAATGCTGTTCACTCTGGAGCCCTTGATGACTGAT	12924451	12916629	7822	12919814	4637	12924488	7859	4674
ENSMUST00000089024	GAAAATGCTGTTCACTCTGGAGCCCTTGATGACTGAT	12924451	12923410	1041	12924259	192	12924488	1078	229
ENSMUST00000120544	ATGTGTCTTTCTAACTTCTAATAAACTCACTCCAACT	111794872	111772580	22292	111775923	18949	111794894	22314	18971
ENSMUST00000120544	ATGTGTCTTTCTAACTTCTAATAAACTCACTCCAACT	111794872	111774583	20289	111778019	16853	111794894	20311	16875
ENSMUST00000120544	ATGTGTCTTTCTAACTTCTAATAAACTCACTCCAACT	111794872	111774583	20289	111778598	16274	111794894	20311	16296
ENSMUST00000120544	ATGTGTCTTTCTAACTTCTAATAAACTCACTCCAACT	111794872	111776002	18870	111778019	16853	111794894	18892	16875
ENSMUST00000120544	ATGTGTCTTTCTAACTTCTAATAAACTCACTCCAACT	111794872	111774583	20289	111778598	16274	111794894	20311	16296
ENSMUST00000120544	ATGTGTCTTTCTAACTTCTAATAAACTCACTCCAACT	111794872	111776002	18870	111778598	16274	111794894	18892	16296
ENSMUST00000120544	ATGTGTCTTTCTAACTTCTAATAAACTCACTCCAACT	111794872	111778700	16172	111781943	12929	111794894	16194	12951
ENSMUST00000120544	ATGTGTCTTTCTAACTTCTAATAAACTCACTCCAACT	111794872	111787596	7276	111793648	1224	111794894	7298	1246
ENSMUST00000120544	ATGTGTCTTTCTAACTTCTAATAAACTCACTCCAACT	111794872	111787596	7276	111795547	-675	111794894	7298	-653
ENSMUST00000120544	ATGTGTCTTTCTAACTTCTAATAAACTCACTCCAACT	111794872	111787596	7276	111793648	1224	111794894	7298	1246
ENSMUST00000120544	ATGTGTCTTTCTAACTTCTAATAAACTCACTCCAACT	111794872	111787596	7276	111795547	-675	111794894	7298	-653
ENSMUST00000120544	ATGTGTCTTTCTAACTTCTAATAAACTCACTCCAACT	111794872	111787596	7276	111795547	-675	111794894	7298	-653
ENSMUST00000120544	ATGTGTCTTTCTAACTTCTAATAAACTCACTCCAACT	111794872	111787596	7276	111795547	-675	111794894	7298	-653
ENSMUST00000120544	ATGTGTCTTTCTAACTTCTAATAAACTCACTCCAACT	111794872	111789459	5413	111794336	536	111794894	5435	558
ENSMUST00000120544	ATGTGTCTTTCTAACTTCTAATAAACTCACTCCAACT	111794872	111789459	5413	111795547	-675	111794894	5435	-653
ENSMUST00000120544	ATGTGTCTTTCTAACTTCTAATAAACTCACTCCAACT	111794872	111789486	5386	111794336	536	111794894	5408	558
ENSMUST00000120544	ATGTGTCTTTCTAACTTCTAATAAACTCACTCCAACT	111794872	111789486	5386	111795547	-675	111794894	5408	-653
ENSMUST00000120544	ATGTGTCTTTCTAACTTCTAATAAACTCACTCCAACT	111794872	111789459	5413	111806007	-11135	111794894	5435	-11113
ENSMUST00000120544	ATGTGTCTTTCTAACTTCTAATAAACTCACTCCAACT	111794872	111789486	5386	111806007	-11135	111794894	5408	-11113
ENSMUST00000120544	ATGTGTCTTTCTAACTTCTAATAAACTCACTCCAACT	111794872	111772580	22292	111775923	18949	111794894	22314	18971
ENSMUST00000120544	ATGTGTCTTTCTAACTTCTAATAAACTCACTCCAACT	111794872	111774583	20289	111778019	16853	111794894	20311	16875
ENSMUST00000120544	ATGTGTCTTTCTAACTTCTAATAAACTCACTCCAACT	111794872	111774583	20289	111778598	16274	111794894	20311	16296
ENSMUST00000120544	ATGTGTCTTTCTAACTTCTAATAAACTCACTCCAACT	111794872	111776002	18870	111778019	16853	111794894	18892	16875
ENSMUST00000120544	ATGTGTCTTTCTAACTTCTAATAAACTCACTCCAACT	111794872	111774583	20289	111778598	16274	111794894	20311	16296
ENSMUST00000120544	ATGTGTCTTTCTAACTTCTAATAAACTCACTCCAACT	111794872	111776002	18870	111778598	16274	111794894	18892	16296
ENSMUST00000120544	ATGTGTCTTTCTAACTTCTAATAAACTCACTCCAACT	111794872	111778700	16172	111781943	12929	111794894	16194	12951
ENSMUST00000120544	ATGTGTCTTTCTAACTTCTAATAAACTCACTCCAACT	111794872	111787596	7276	111793648	1224	111794894	7298	1246
ENSMUST00000120544	ATGTGTCTTTCTAACTTCTAATAAACTCACTCCAACT	111794872	111787596	7276	111795547	-675	111794894	7298	-653
ENSMUST00000120544	ATGTGTCTTTCTAACTTCTAATAAACTCACTCCAACT	111794872	111787596	7276	111793648	1224	111794894	7298	1246
ENSMUST00000120544	ATGTGTCTTTCTAACTTCTAATAAACTCACTCCAACT	111794872	111787596	7276	111795547	-675	111794894	7298	-653
ENSMUST00000120544	ATGTGTCTTTCTAACTTCTAATAAACTCACTCCAACT	111794872	111787596	7276	111795547	-675	111794894	7298	-653
ENSMUST00000120544	ATGTGTCTTTCTAACTTCTAATAAACTCACTCCAACT	111794872	111787596	7276	111795547	-675	111794894	7298	-653
ENSMUST00000120544	ATGTGTCTTTCTAACTTCTAATAAACTCACTCCAACT	111794872	111789459	5413	111794336	536	111794894	5435	558
ENSMUST00000120544	ATGTGTCTTTCTAACTTCTAATAAACTCACTCCAACT	111794872	111789459	5413	111795547	-675	111794894	5435	-653
ENSMUST00000120544	ATGTGTCTTTCTAACTTCTAATAAACTCACTCCAACT	111794872	111789486	5386	111794336	536	111794894	5408	558
ENSMUST00000120544	ATGTGTCTTTCTAACTTCTAATAAACTCACTCCAACT	111794872	111789486	5386	111795547	-675	111794894	5408	-653
ENSMUST00000120544	ATGTGTCTTTCTAACTTCTAATAAACTCACTCCAACT	111794872	111789459	5413	111806007	-11135	111794894	5435	-11113
ENSMUST00000120544	ATGTGTCTTTCTAACTTCTAATAAACTCACTCCAACT	111794872	111789486	5386	111806007	-11135	111794894	5408	-11113
ENSMUST00000238701	GATCCCTCTGCTGCAGATCGGCCTCCTCCTGTTTTTT	84518654	84415908	102746	84514962	3692	84518691	102783	3729
ENSMUST00000238701	GATCCCTCTGCTGCAGATCGGCCTCCTCCTGTTTTTT	84518654	84537528	-18874	84548508	-29854	84518691	-18837	-29817
ENSMUST00000238701	GATCCCTCTGCTGCAGATCGGCCTCCTCCTGTTTTTT	84518654	84556810	-38156	84565947	-47293	84518691	-38119	-47256
ENSMUST00000238701	GATCCCTCTGCTGCAGATCGGCCTCCTCCTGTTTTTT	84518654	84567757	-49103	84579469	-60815	84518691	-49066	-60778
ENSMUST00000238701	GATCCCTCTGCTGCAGATCGGCCTCCTCCTGTTTTTT	84518654	84581351	-62697	84587044	-68390	84518691	-62660	-68353
ENSMUST00000238701	GATCCCTCTGCTGCAGATCGGCCTCCTCCTGTTTTTT	84518654	84588859	-70205	84601388	-82734	84518691	-70168	-82697
ENSMUST00000238701	GATCCCTCTGCTGCAGATCGGCCTCCTCCTGTTTTTT	84518654	84611748	-93094	84617791	-99137	84518691	-93057	-99100
ENSMUST00000238701	GATCCCTCTGCTGCAGATCGGCCTCCTCCTGTTTTTT	84518654	84612412	-93758	84615573	-96919	84518691	-93721	-96882
ENSMUST00000238701	GATCCCTCTGCTGCAGATCGGCCTCCTCCTGTTTTTT	84518654	84612412	-93758	84617791	-99137	84518691	-93721	-99100
ENSMUST00000238701	GATCCCTCTGCTGCAGATCGGCCTCCTCCTGTTTTTT	84518654	84612412	-93758	84617791	-99137	84518691	-93721	-99100
ENSMUST00000238701	GATCCCTCTGCTGCAGATCGGCCTCCTCCTGTTTTTT	84518654	84614791	-96137	84617791	-99137	84518691	-96100	-99100
ENSMUST00000238701	GATCCCTCTGCTGCAGATCGGCCTCCTCCTGTTTTTT	84518654	84629710	-111056	84633206	-114552	84518691	-111019	-114515
ENSMUST00000238701	GATCCCTCTGCTGCAGATCGGCCTCCTCCTGTTTTTT	84518654	84633763	-115109	84636511	-117857	84518691	-115072	-117820
ENSMUST00000238701	GATCCCTCTGCTGCAGATCGGCCTCCTCCTGTTTTTT	84518654	84633763	-115109	84638611	-119957	84518691	-115072	-119920
ENSMUST00000091497	CTTTTCTCTCCCATTCAAGGCTGGGTACCCCAGAGCT	4612809	4018019	594790	4166801	446008	4612846	594827	446045
ENSMUST00000091497	CTTTTCTCTCCCATTCAAGGCTGGGTACCCCAGAGCT	4612809	4018019	594790	4431198	181611	4612846	594827	181648
ENSMUST00000091497	CTTTTCTCTCCCATTCAAGGCTGGGTACCCCAGAGCT	4612809	4153110	459699	4473120	139689	4612846	459736	139726
ENSMUST00000091497	CTTTTCTCTCCCATTCAAGGCTGGGTACCCCAGAGCT	4612809	4431264	181545	4484039	128770	4612846	181582	128807
ENSMUST00000091497	CTTTTCTCTCCCATTCAAGGCTGGGTACCCCAGAGCT	4612809	4431264	181545	4497988	114821	4612846	181582	114858
ENSMUST00000091497	CTTTTCTCTCCCATTCAAGGCTGGGTACCCCAGAGCT	4612809	4484132	128677	4513788	99021	4612846	128714	99058
ENSMUST00000091497	CTTTTCTCTCCCATTCAAGGCTGGGTACCCCAGAGCT	4612809	4498073	114736	4514996	97813	4612846	114773	97850
ENSMUST00000091497	CTTTTCTCTCCCATTCAAGGCTGGGTACCCCAGAGCT	4612809	4498073	114736	4529791	83018	4612846	114773	83055
ENSMUST00000091497	CTTTTCTCTCCCATTCAAGGCTGGGTACCCCAGAGCT	4612809	4534611	78198	4537238	75571	4612846	78235	75608
ENSMUST00000091497	CTTTTCTCTCCCATTCAAGGCTGGGTACCCCAGAGCT	4612809	4535230	77579	4560213	52596	4612846	77616	52633
ENSMUST00000091497	CTTTTCTCTCCCATTCAAGGCTGGGTACCCCAGAGCT	4612809	4537325	75484	4566051	46758	4612846	75521	46795
ENSMUST00000091497	CTTTTCTCTCCCATTCAAGGCTGGGTACCCCAGAGCT	4612809	4590742	22067	4594538	18271	4612846	22104	18308
ENSMUST00000091497	CTTTTCTCTCCCATTCAAGGCTGGGTACCCCAGAGCT	4612809	4590742	22067	4597337	15472	4612846	22104	15509
ENSMUST00000091497	CTTTTCTCTCCCATTCAAGGCTGGGTACCCCAGAGCT	4612809	4594767	18042	4601114	11695	4612846	18079	11732
ENSMUST00000091497	CTTTTCTCTCCCATTCAAGGCTGGGTACCCCAGAGCT	4612809	4604251	8558	4610966	1843	4612846	8595	1880
ENSMUST00000091497	CTTTTCTCTCCCATTCAAGGCTGGGTACCCCAGAGCT	4612809	4606066	6743	4610966	1843	4612846	6780	1880
ENSMUST00000217034	ACAAAAGTTTATGAATTCCCATCTGCAAAAACCCTAC	44627755	44612891	14864	44623618	4137	44628673	15782	5055
ENSMUST00000022458	GTCATCATGGAGCGAATCGGTCTTGCTACTGCAGGGGA	31254612	31251779	2833	31252927	1685	31255097	3318	2170
ENSMUST00000022458	GTCATCATGGAGCGAATCGGTCTTGCTACTGCAGGGGA	31254612	31251779	2833	31253455	1157	31255097	3318	1642
ENSMUST00000022458	GTCATCATGGAGCGAATCGGTCTTGCTACTGCAGGGGA	31254612	31251779	2833	31254032	580	31255097	3318	1065
ENSMUST00000022458	GTCATCATGGAGCGAATCGGTCTTGCTACTGCAGGGGA	31254612	31251779	2833	31253455	1157	31255097	3318	1642
ENSMUST00000022458	GTCATCATGGAGCGAATCGGTCTTGCTACTGCAGGGGA	31254612	31251954	2658	31253455	1157	31255097	3143	1642
ENSMUST00000022458	GTCATCATGGAGCGAATCGGTCTTGCTACTGCAGGGGA	31254612	31251779	2833	31254032	580	31255097	3318	1065
ENSMUST00000022458	GTCATCATGGAGCGAATCGGTCTTGCTACTGCAGGGGA	31254612	31251954	2658	31254032	580	31255097	3143	1065
ENSMUST00000022458	GTCATCATGGAGCGAATCGGTCTTGCTACTGCAGGGGA	31254612	31251779	2833	31254032	580	31255097	3318	1065
ENSMUST00000022458	GTCATCATGGAGCGAATCGGTCTTGCTACTGCAGGGGA	31254612	31251954	2658	31254032	580	31255097	3143	1065
ENSMUST00000022458	GTCATCATGGAGCGAATCGGTCTTGCTACTGCAGGGGA	31254612	31253575	1037	31254166	446	31255097	1522	931
ENSMUST00000022458	GTCATCATGGAGCGAATCGGTCTTGCTACTGCAGGGGA	31254612	31255209	-597	31256110	-1498	31255097	-112	-1013
ENSMUST00000022458	GTCATCATGGAGCGAATCGGTCTTGCTACTGCAGGGGA	31254612	31258041	-3429	31258457	-3845	31255097	-2944	-3360
ENSMUST00000022458	GTCATCATGGAGCGAATCGGTCTTGCTACTGCAGGGGA	31254612	31251779	2833	31252927	1685	31255097	3318	2170
ENSMUST00000022458	GTCATCATGGAGCGAATCGGTCTTGCTACTGCAGGGGA	31254612	31251779	2833	31253455	1157	31255097	3318	1642
ENSMUST00000022458	GTCATCATGGAGCGAATCGGTCTTGCTACTGCAGGGGA	31254612	31251779	2833	31254032	580	31255097	3318	1065
ENSMUST00000022458	GTCATCATGGAGCGAATCGGTCTTGCTACTGCAGGGGA	31254612	31251779	2833	31253455	1157	31255097	3318	1642
ENSMUST00000022458	GTCATCATGGAGCGAATCGGTCTTGCTACTGCAGGGGA	31254612	31251954	2658	31253455	1157	31255097	3143	1642
ENSMUST00000022458	GTCATCATGGAGCGAATCGGTCTTGCTACTGCAGGGGA	31254612	31251779	2833	31254032	580	31255097	3318	1065
ENSMUST00000022458	GTCATCATGGAGCGAATCGGTCTTGCTACTGCAGGGGA	31254612	31251954	2658	31254032	580	31255097	3143	1065
ENSMUST00000022458	GTCATCATGGAGCGAATCGGTCTTGCTACTGCAGGGGA	31254612	31251779	2833	31254032	580	31255097	3318	1065
ENSMUST00000022458	GTCATCATGGAGCGAATCGGTCTTGCTACTGCAGGGGA	31254612	31251954	2658	31254032	580	31255097	3143	1065
ENSMUST00000022458	GTCATCATGGAGCGAATCGGTCTTGCTACTGCAGGGGA	31254612	31253575	1037	31254166	446	31255097	1522	931
ENSMUST00000022458	GTCATCATGGAGCGAATCGGTCTTGCTACTGCAGGGGA	31254612	31255209	-597	31256110	-1498	31255097	-112	-1013
ENSMUST00000022458	GTCATCATGGAGCGAATCGGTCTTGCTACTGCAGGGGA	31254612	31258041	-3429	31258457	-3845	31255097	-2944	-3360
ENSMUST00000004684	TGGCCCACATCCGCCGGGCCGTGGAGAGCTGTCCTGAC	3445049	3393102	51947	3429089	15960	3447022	53920	17933
ENSMUST00000004684	TGGCCCACATCCGCCGGGCCGTGGAGAGCTGTCCTGAC	3445049	3393102	51947	3429231	15818	3447022	53920	17791
ENSMUST00000004684	TGGCCCACATCCGCCGGGCCGTGGAGAGCTGTCCTGAC	3445049	3393102	51947	3429498	15551	3447022	53920	17524
ENSMUST00000004684	TGGCCCACATCCGCCGGGCCGTGGAGAGCTGTCCTGAC	3445049	3393102	51947	3432618	12431	3447022	53920	14404
ENSMUST00000004684	TGGCCCACATCCGCCGGGCCGTGGAGAGCTGTCCTGAC	3445049	3429639	15410	3434871	10178	3447022	17383	12151
ENSMUST00000004684	TGGCCCACATCCGCCGGGCCGTGGAGAGCTGTCCTGAC	3445049	3448568	-3519	3450780	-5731	3447022	-1546	-3758
ENSMUST00000004684	TGGCCCACATCCGCCGGGCCGTGGAGAGCTGTCCTGAC	3445049	3451538	-6489	3451814	-6765	3447022	-4516	-4792
ENSMUST00000041543	CAGCCCTCGACCATCGCTCATACTCCAGCCACGGAACA	137030347	137026462	3885	137030259	88	137030385	3923	126
ENSMUST00000041543	CAGCCCTCGACCATCGCTCATACTCCAGCCACGGAACA	137030347	137028677	1670	137030259	88	137030385	1708	126
ENSMUST00000041543	CAGCCCTCGACCATCGCTCATACTCCAGCCACGGAACA	137030347	137030461	-114	137030965	-618	137030385	-76	-580
ENSMUST00000111416	TGGGATGTGGCTCAGTTGGTAGAGCGCTTGATTAGCAT	166314796	166269637	45159	166291415	23381	166314834	45197	23419
ENSMUST00000111416	TGGGATGTGGCTCAGTTGGTAGAGCGCTTGATTAGCAT	166314796	166269637	45159	166294590	20206	166314834	45197	20244
ENSMUST00000111416	TGGGATGTGGCTCAGTTGGTAGAGCGCTTGATTAGCAT	166314796	166269637	45159	166303501	11295	166314834	45197	11333
ENSMUST00000111416	TGGGATGTGGCTCAGTTGGTAGAGCGCTTGATTAGCAT	166314796	166269637	45159	166294590	20206	166314834	45197	20244
ENSMUST00000111416	TGGGATGTGGCTCAGTTGGTAGAGCGCTTGATTAGCAT	166314796	166269637	45159	166303501	11295	166314834	45197	11333
ENSMUST00000111416	TGGGATGTGGCTCAGTTGGTAGAGCGCTTGATTAGCAT	166314796	166270618	44178	166294590	20206	166314834	44216	20244
ENSMUST00000111416	TGGGATGTGGCTCAGTTGGTAGAGCGCTTGATTAGCAT	166314796	166270618	44178	166295751	19045	166314834	44216	19083
ENSMUST00000111416	TGGGATGTGGCTCAGTTGGTAGAGCGCTTGATTAGCAT	166314796	166270618	44178	166303501	11295	166314834	44216	11333
ENSMUST00000111416	TGGGATGTGGCTCAGTTGGTAGAGCGCTTGATTAGCAT	166314796	166269637	45159	166303501	11295	166314834	45197	11333
ENSMUST00000111416	TGGGATGTGGCTCAGTTGGTAGAGCGCTTGATTAGCAT	166314796	166270618	44178	166295751	19045	166314834	44216	19083
ENSMUST00000111416	TGGGATGTGGCTCAGTTGGTAGAGCGCTTGATTAGCAT	166314796	166270618	44178	166303501	11295	166314834	44216	11333
ENSMUST00000111416	TGGGATGTGGCTCAGTTGGTAGAGCGCTTGATTAGCAT	166314796	166270618	44178	166307719	7077	166314834	44216	7115
ENSMUST00000111416	TGGGATGTGGCTCAGTTGGTAGAGCGCTTGATTAGCAT	166314796	166291472	23324	166295751	19045	166314834	23362	19083
ENSMUST00000111416	TGGGATGTGGCTCAGTTGGTAGAGCGCTTGATTAGCAT	166314796	166291472	23324	166303501	11295	166314834	23362	11333
ENSMUST00000111416	TGGGATGTGGCTCAGTTGGTAGAGCGCTTGATTAGCAT	166314796	166270618	44178	166303501	11295	166314834	44216	11333
ENSMUST00000111416	TGGGATGTGGCTCAGTTGGTAGAGCGCTTGATTAGCAT	166314796	166291472	23324	166303501	11295	166314834	23362	11333
ENSMUST00000111416	TGGGATGTGGCTCAGTTGGTAGAGCGCTTGATTAGCAT	166314796	166294737	20059	166303501	11295	166314834	20097	11333
ENSMUST00000111416	TGGGATGTGGCTCAGTTGGTAGAGCGCTTGATTAGCAT	166314796	166270618	44178	166307719	7077	166314834	44216	7115
ENSMUST00000111416	TGGGATGTGGCTCAGTTGGTAGAGCGCTTGATTAGCAT	166314796	166294737	20059	166307719	7077	166314834	20097	7115
ENSMUST00000111416	TGGGATGTGGCTCAGTTGGTAGAGCGCTTGATTAGCAT	166314796	166307933	6863	166310759	4037	166314834	6901	4075
ENSMUST00000000199	TCTCAGCCCCGCGCAACTCCTCGCCGTGGCCGCTTGCA	31245907	31280804	-34897	31284146	-38239	31245945	-34859	-38201
ENSMUST00000000199	TCTCAGCCCCGCGCAACTCCTCGCCGTGGCCGCTTGCA	31245907	31284739	-38832	31292283	-46376	31245945	-38794	-46338
ENSMUST00000036315	TAACGCTGCAGTTTAACTGCTCGGCTCCCCTTCCAAGA	57011831	57011493	338	57015153	-3322	57011869	376	-3284
ENSMUST00000036315	TAACGCTGCAGTTTAACTGCTCGGCTCCCCTTCCAAGA	57011831	57015291	-3460	57189652	-177821	57011869	-3422	-177783
ENSMUST00000036315	TAACGCTGCAGTTTAACTGCTCGGCTCCCCTTCCAAGA	57011831	57015291	-3460	57217771	-205940	57011869	-3422	-205902
ENSMUST00000036315	TAACGCTGCAGTTTAACTGCTCGGCTCCCCTTCCAAGA	57011831	57189837	-178006	57217771	-205940	57011869	-177968	-205902
ENSMUST00000036315	TAACGCTGCAGTTTAACTGCTCGGCTCCCCTTCCAAGA	57011831	57201179	-189348	57221017	-209186	57011869	-189310	-209148
ENSMUST00000036315	TAACGCTGCAGTTTAACTGCTCGGCTCCCCTTCCAAGA	57011831	57217933	-206102	57228920	-217089	57011869	-206064	-217051
ENSMUST00000036315	TAACGCTGCAGTTTAACTGCTCGGCTCCCCTTCCAAGA	57011831	57221185	-209354	57236893	-225062	57011869	-209316	-225024
ENSMUST00000036315	TAACGCTGCAGTTTAACTGCTCGGCTCCCCTTCCAAGA	57011831	57237004	-225173	57242748	-230917	57011869	-225135	-230879
ENSMUST00000036315	TAACGCTGCAGTTTAACTGCTCGGCTCCCCTTCCAAGA	57011831	57289495	-277664	57310607	-298776	57011869	-277626	-298738
ENSMUST00000036315	TAACGCTGCAGTTTAACTGCTCGGCTCCCCTTCCAAGA	57011831	57289495	-277664	57317665	-305834	57011869	-277626	-305796
ENSMUST00000036315	TAACGCTGCAGTTTAACTGCTCGGCTCCCCTTCCAAGA	57011831	57289495	-277664	57327442	-315611	57011869	-277626	-315573
ENSMUST00000036315	TAACGCTGCAGTTTAACTGCTCGGCTCCCCTTCCAAGA	57011831	57289495	-277664	57317665	-305834	57011869	-277626	-305796
ENSMUST00000036315	TAACGCTGCAGTTTAACTGCTCGGCTCCCCTTCCAAGA	57011831	57289495	-277664	57327442	-315611	57011869	-277626	-315573
ENSMUST00000036315	TAACGCTGCAGTTTAACTGCTCGGCTCCCCTTCCAAGA	57011831	57309883	-298052	57317665	-305834	57011869	-298014	-305796
ENSMUST00000036315	TAACGCTGCAGTTTAACTGCTCGGCTCCCCTTCCAAGA	57011831	57309883	-298052	57327442	-315611	57011869	-298014	-315573
ENSMUST00000036315	TAACGCTGCAGTTTAACTGCTCGGCTCCCCTTCCAAGA	57011831	57289495	-277664	57327442	-315611	57011869	-277626	-315573
ENSMUST00000036315	TAACGCTGCAGTTTAACTGCTCGGCTCCCCTTCCAAGA	57011831	57309883	-298052	57327442	-315611	57011869	-298014	-315573
ENSMUST00000036315	TAACGCTGCAGTTTAACTGCTCGGCTCCCCTTCCAAGA	57011831	57310722	-298891	57327442	-315611	57011869	-298853	-315573
ENSMUST00000183034	GATTAGAGTCGGGAGTCCAGTTTCAGAATGAAGCAGAG	34161029	34249638	-88609	34250609	-89580	34161067	-88571	-89542
ENSMUST00000183034	GATTAGAGTCGGGAGTCCAGTTTCAGAATGAAGCAGAG	34161029	34295536	-134507	34299720	-138691	34161067	-134469	-138653
ENSMUST00000183034	GATTAGAGTCGGGAGTCCAGTTTCAGAATGAAGCAGAG	34161029	34299838	-138809	34302829	-141800	34161067	-138771	-141762
ENSMUST00000183034	GATTAGAGTCGGGAGTCCAGTTTCAGAATGAAGCAGAG	34161029	34303032	-142003	34306527	-145498	34161067	-141965	-145460
ENSMUST00000183034	GATTAGAGTCGGGAGTCCAGTTTCAGAATGAAGCAGAG	34161029	34174795	-13766	34184015	-22986	34161067	-13728	-22948
ENSMUST00000024575	CAAGGGGTTGTCCATCGGGACCTGAAACCAAGTAACAT	7292756	7170443	122313	7236045	56711	7292794	122351	56749
ENSMUST00000024575	CAAGGGGTTGTCCATCGGGACCTGAAACCAAGTAACAT	7292756	7170443	122313	7246701	46055	7292794	122351	46093
ENSMUST00000024575	CAAGGGGTTGTCCATCGGGACCTGAAACCAAGTAACAT	7292756	7170443	122313	7246701	46055	7292794	122351	46093
ENSMUST00000024575	CAAGGGGTTGTCCATCGGGACCTGAAACCAAGTAACAT	7292756	7228029	64727	7246701	46055	7292794	64765	46093
ENSMUST00000024575	CAAGGGGTTGTCCATCGGGACCTGAAACCAAGTAACAT	7292756	7254449	38307	7271591	21165	7292794	38345	21203
ENSMUST00000036288	CAAATAACCCACAGTCTCGGACCCACTCACCCCCACAG	128223545	128151952	71593	128167892	55653	128223583	71631	55691
ENSMUST00000036288	CAAATAACCCACAGTCTCGGACCCACTCACCCCCACAG	128223545	128153399	70146	128162768	60777	128223583	70184	60815
ENSMUST00000036288	CAAATAACCCACAGTCTCGGACCCACTCACCCCCACAG	128223545	128153399	70146	128167892	55653	128223583	70184	55691
ENSMUST00000036288	CAAATAACCCACAGTCTCGGACCCACTCACCCCCACAG	128223545	128153399	70146	128167892	55653	128223583	70184	55691
ENSMUST00000036288	CAAATAACCCACAGTCTCGGACCCACTCACCCCCACAG	128223545	128153399	70146	128190637	32908	128223583	70184	32946
ENSMUST00000036288	CAAATAACCCACAGTCTCGGACCCACTCACCCCCACAG	128223545	128162243	61302	128167892	55653	128223583	61340	55691
ENSMUST00000036288	CAAATAACCCACAGTCTCGGACCCACTCACCCCCACAG	128223545	128153399	70146	128174948	48597	128223583	70184	48635
ENSMUST00000036288	CAAATAACCCACAGTCTCGGACCCACTCACCCCCACAG	128223545	128168007	55538	128174948	48597	128223583	55576	48635
ENSMUST00000036288	CAAATAACCCACAGTCTCGGACCCACTCACCCCCACAG	128223545	128168007	55538	128175091	48454	128223583	55576	48492
ENSMUST00000036288	CAAATAACCCACAGTCTCGGACCCACTCACCCCCACAG	128223545	128168007	55538	128175091	48454	128223583	55576	48492
ENSMUST00000036288	CAAATAACCCACAGTCTCGGACCCACTCACCCCCACAG	128223545	128169057	54488	128175091	48454	128223583	54526	48492
ENSMUST00000036288	CAAATAACCCACAGTCTCGGACCCACTCACCCCCACAG	128223545	128181754	41791	128181985	41560	128223583	41829	41598
ENSMUST00000036288	CAAATAACCCACAGTCTCGGACCCACTCACCCCCACAG	128223545	128182212	41333	128186757	36788	128223583	41371	36826
ENSMUST00000036288	CAAATAACCCACAGTCTCGGACCCACTCACCCCCACAG	128223545	128153399	70146	128193459	30086	128223583	70184	30124
ENSMUST00000036288	CAAATAACCCACAGTCTCGGACCCACTCACCCCCACAG	128223545	128169057	54488	128193459	30086	128223583	54526	30124
ENSMUST00000036288	CAAATAACCCACAGTCTCGGACCCACTCACCCCCACAG	128223545	128186909	36636	128193459	30086	128223583	36674	30124
ENSMUST00000036288	CAAATAACCCACAGTCTCGGACCCACTCACCCCCACAG	128223545	128103483	120062	128211204	12341	128223583	120100	12379
ENSMUST00000036288	CAAATAACCCACAGTCTCGGACCCACTCACCCCCACAG	128223545	128186909	36636	128196973	26572	128223583	36674	26610
ENSMUST00000036288	CAAATAACCCACAGTCTCGGACCCACTCACCCCCACAG	128223545	128193756	29789	128211204	12341	128223583	29827	12379
ENSMUST00000036288	CAAATAACCCACAGTCTCGGACCCACTCACCCCCACAG	128223545	128197097	26448	128216400	7145	128223583	26486	7183
ENSMUST00000036288	CAAATAACCCACAGTCTCGGACCCACTCACCCCCACAG	128223545	128211359	12186	128221599	1946	128223583	12224	1984
ENSMUST00000036288	CAAATAACCCACAGTCTCGGACCCACTCACCCCCACAG	128223545	128216552	6993	128223468	77	128223583	7031	115
ENSMUST00000036288	CAAATAACCCACAGTCTCGGACCCACTCACCCCCACAG	128223545	128221703	1842	128231322	-7777	128223583	1880	-7739
ENSMUST00000036288	CAAATAACCCACAGTCTCGGACCCACTCACCCCCACAG	128223545	128231467	-7922	128235541	-11996	128223583	-7884	-11958
ENSMUST00000036288	CAAATAACCCACAGTCTCGGACCCACTCACCCCCACAG	128223545	128231467	-7922	128236396	-12851	128223583	-7884	-12813
ENSMUST00000055946	TATCACCAAAAGAAATTGAACTCTGTCATTCTGGAAGCT	21830001	21553401	276600	21648956	181045	21830040	276639	181084
ENSMUST00000055946	TATCACCAAAAGAAATTGAACTCTGTCATTCTGGAAGCT	21830001	21577046	252955	21746675	83326	21830040	252994	83365
ENSMUST00000055946	TATCACCAAAAGAAATTGAACTCTGTCATTCTGGAAGCT	21830001	21649025	180976	21783063	46938	21830040	181015	46977
ENSMUST00000055946	TATCACCAAAAGAAATTGAACTCTGTCATTCTGGAAGCT	21830001	21810689	19312	21825143	4858	21830040	19351	4897
ENSMUST00000084513	GGAAGGAAGCCCTTTCCGTCCTTCCCACTCCTCCTCGGC	130728587	130601937	126650	130674601	53986	130728626	126689	54025
ENSMUST00000084513	GGAAGGAAGCCCTTTCCGTCCTTCCCACTCCTCCTCGGC	130728587	130663141	65446	130716702	11885	130728626	65485	11924
ENSMUST00000084513	GGAAGGAAGCCCTTTCCGTCCTTCCCACTCCTCCTCGGC	130728587	130692987	35600	130728522	65	130728626	35639	104
ENSMUST00000084513	GGAAGGAAGCCCTTTCCGTCCTTCCCACTCCTCCTCGGC	130728587	130729828	-1241	130733505	-4918	130728626	-1202	-4879
ENSMUST00000084513	GGAAGGAAGCCCTTTCCGTCCTTCCCACTCCTCCTCGGC	130728587	130742301	-13714	130751189	-22602	130728626	-13675	-22563
ENSMUST00000084513	GGAAGGAAGCCCTTTCCGTCCTTCCCACTCCTCCTCGGC	130728587	130743684	-15097	130751189	-22602	130728626	-15058	-22563
ENSMUST00000084513	GGAAGGAAGCCCTTTCCGTCCTTCCCACTCCTCCTCGGC	130728587	130743684	-15097	130751833	-23246	130728626	-15058	-23207
ENSMUST00000107062	TATTCCGCTGGAAAGTACTGATGGCGAGCGCCTTGTAAA	97783472	97783613	-141	98000391	-216919	97783511	-102	-216880
ENSMUST00000107062	TATTCCGCTGGAAAGTACTGATGGCGAGCGCCTTGTAAA	97783472	98020954	-237482	98063012	-279540	97783511	-237443	-279501
ENSMUST00000107062	TATTCCGCTGGAAAGTACTGATGGCGAGCGCCTTGTAAA	97783472	98020954	-237482	98081724	-298252	97783511	-237443	-298213
ENSMUST00000107062	TATTCCGCTGGAAAGTACTGATGGCGAGCGCCTTGTAAA	97783472	98065446	-281974	98111217	-327745	97783511	-281935	-327706
ENSMUST00000099490	CAAGCTGTTAAATCGCTCACCCATGCCAGATTTCTTTCT	55313259	55214150	99109	55238689	74570	55313298	99148	74609
ENSMUST00000099490	CAAGCTGTTAAATCGCTCACCCATGCCAGATTTCTTTCT	55313259	55214150	99109	55245517	67742	55313298	99148	67781
ENSMUST00000099490	CAAGCTGTTAAATCGCTCACCCATGCCAGATTTCTTTCT	55313259	55214150	99109	55245517	67742	55313298	99148	67781
ENSMUST00000099490	CAAGCTGTTAAATCGCTCACCCATGCCAGATTTCTTTCT	55313259	55234030	79229	55245517	67742	55313298	79268	67781
ENSMUST00000099490	CAAGCTGTTAAATCGCTCACCCATGCCAGATTTCTTTCT	55313259	55238862	74397	55260343	52916	55313298	74436	52955
ENSMUST00000099490	CAAGCTGTTAAATCGCTCACCCATGCCAGATTTCTTTCT	55313259	55293714	19545	55298563	14696	55313298	19584	14735
ENSMUST00000099490	CAAGCTGTTAAATCGCTCACCCATGCCAGATTTCTTTCT	55313259	55298676	14583	55301726	11533	55313298	14622	11572
ENSMUST00000239447	AAGCTTGAAAAGGAGGCAGTGGTCCCCAGGAATGTGGAT	32305619	32292215	13404	32296625	8994	32305658	13443	9033
ENSMUST00000239447	AAGCTTGAAAAGGAGGCAGTGGTCCCCAGGAATGTGGAT	32305619	32292215	13404	32296964	8655	32305658	13443	8694
ENSMUST00000239447	AAGCTTGAAAAGGAGGCAGTGGTCCCCAGGAATGTGGAT	32305619	32292215	13404	32296964	8655	32305658	13443	8694
ENSMUST00000239447	AAGCTTGAAAAGGAGGCAGTGGTCCCCAGGAATGTGGAT	32305619	32293395	12224	32296964	8655	32305658	12263	8694
ENSMUST00000239447	AAGCTTGAAAAGGAGGCAGTGGTCCCCAGGAATGTGGAT	32305619	32297577	8042	32298599	7020	32305658	8081	7059
ENSMUST00000239447	AAGCTTGAAAAGGAGGCAGTGGTCCCCAGGAATGTGGAT	32305619	32297577	8042	32298885	6734	32305658	8081	6773
ENSMUST00000239447	AAGCTTGAAAAGGAGGCAGTGGTCCCCAGGAATGTGGAT	32305619	32302283	3336	32302895	2724	32305658	3375	2763
ENSMUST00000069395	TGCACATGTTTATTGCTCGATACTGTGACCTGTTAAATG	72886668	72844487	42181	72850558	36110	72886707	42220	36149
ENSMUST00000069395	TGCACATGTTTATTGCTCGATACTGTGACCTGTTAAATG	72886668	72850771	35897	72853158	33510	72886707	35936	33549
ENSMUST00000069395	TGCACATGTTTATTGCTCGATACTGTGACCTGTTAAATG	72886668	72855516	31152	72859581	27087	72886707	31191	27126
ENSMUST00000069395	TGCACATGTTTATTGCTCGATACTGTGACCTGTTAAATG	72886668	72855516	31152	72863874	22794	72886707	31191	22833
ENSMUST00000069395	TGCACATGTTTATTGCTCGATACTGTGACCTGTTAAATG	72886668	72866153	20515	72867921	18747	72886707	20554	18786
ENSMUST00000069395	TGCACATGTTTATTGCTCGATACTGTGACCTGTTAAATG	72886668	72855516	31152	72872603	14065	72886707	31191	14104
ENSMUST00000069395	TGCACATGTTTATTGCTCGATACTGTGACCTGTTAAATG	72886668	72895285	-8617	72900631	-13963	72886707	-8578	-13924
ENSMUST00000069395	TGCACATGTTTATTGCTCGATACTGTGACCTGTTAAATG	72886668	72901459	-14791	72908393	-21725	72886707	-14752	-21686
ENSMUST00000069395	TGCACATGTTTATTGCTCGATACTGTGACCTGTTAAATG	72886668	72908513	-21845	72911161	-24493	72886707	-21806	-24454
ENSMUST00000113136	ATATTCTGACAGGCCACGGTGAGCATCTATAGACCAGAA	135839791	135839262	529	135839996	-205	135839830	568	-166
ENSMUST00000113136	ATATTCTGACAGGCCACGGTGAGCATCTATAGACCAGAA	135839791	135839262	529	135840392	-601	135839830	568	-562
ENSMUST00000113136	ATATTCTGACAGGCCACGGTGAGCATCTATAGACCAGAA	135839791	135839262	529	135840392	-601	135839830	568	-562
ENSMUST00000113136	ATATTCTGACAGGCCACGGTGAGCATCTATAGACCAGAA	135839791	135840690	-899	135841220	-1429	135839830	-860	-1390
ENSMUST00000020285	TAGTTTTTCTGGTGGACTGTGCGGATCATTCTCGTCTCA	61686421	61686478	-57	61691284	-4863	61686460	-18	-4824
ENSMUST00000000811	GAAAGCGACTGAGTGACTATGCTCTGATTTTTGGGATGTT	89521310	89609736	-88426	89652017	-130707	89521350	-88386	-130667
ENSMUST00000029303	GAACTGGCCAATGAAATCTGAACATCATTAAACAAGCAAA	51472799	51416376	56423	51438338	34461	51472839	56463	34501
ENSMUST00000029303	GAACTGGCCAATGAAATCTGAACATCATTAAACAAGCAAA	51472799	51443951	28848	51448340	24459	51472839	28888	24499
ENSMUST00000029303	GAACTGGCCAATGAAATCTGAACATCATTAAACAAGCAAA	51472799	51457450	15349	51459946	12853	51472839	15389	12893
ENSMUST00000029303	GAACTGGCCAATGAAATCTGAACATCATTAAACAAGCAAA	51472799	51461277	11522	51470085	2714	51472839	11562	2754
ENSMUST00000029303	GAACTGGCCAATGAAATCTGAACATCATTAAACAAGCAAA	51472799	51463372	9427	51470085	2714	51472839	9467	2754
ENSMUST00000034388	CATGTAGGACACTTGAGACTGGCTCTGCATACTTCACTAC	107045323	107036748	8575	107038927	6396	107045363	8615	6436
ENSMUST00000034388	CATGTAGGACACTTGAGACTGGCTCTGCATACTTCACTAC	107045323	107036990	8333	107039089	6234	107045363	8373	6274
ENSMUST00000180611	CTCTGTCCCCCCGCTTCCTTTGTACGCCTTACTTGCAGCA	49878991	49851496	27495	49857232	21759	49879031	27535	21799
ENSMUST00000180611	CTCTGTCCCCCCGCTTCCTTTGTACGCCTTACTTGCAGCA	49878991	49864994	13997	49867804	11187	49879031	14037	11227
ENSMUST00000180611	CTCTGTCCCCCCGCTTCCTTTGTACGCCTTACTTGCAGCA	49878991	49894297	-15306	49898703	-19712	49879031	-15266	-19672
ENSMUST00000180611	CTCTGTCCCCCCGCTTCCTTTGTACGCCTTACTTGCAGCA	49878991	49917721	-38730	49920829	-41838	49879031	-38690	-41798
ENSMUST00000180611	CTCTGTCCCCCCGCTTCCTTTGTACGCCTTACTTGCAGCA	49878991	49935333	-56342	49951195	-72204	49879031	-56302	-72164
ENSMUST00000180611	CTCTGTCCCCCCGCTTCCTTTGTACGCCTTACTTGCAGCA	49878991	49939609	-60618	49955816	-76825	49879031	-60578	-76785
ENSMUST00000071325	TAACTTCTTCCTGCGACTGCGTTCCATCATTTAAAGAAAA	79581361	79418683	162678	79428577	152784	79581401	162718	152824
ENSMUST00000071325	TAACTTCTTCCTGCGACTGCGTTCCATCATTTAAAGAAAA	79581361	79458906	122455	79468716	112645	79581401	122495	112685
ENSMUST00000071325	TAACTTCTTCCTGCGACTGCGTTCCATCATTTAAAGAAAA	79581361	79458906	122455	79468716	112645	79581401	122495	112685
ENSMUST00000071325	TAACTTCTTCCTGCGACTGCGTTCCATCATTTAAAGAAAA	79581361	79463295	118066	79468716	112645	79581401	118106	112685
ENSMUST00000071325	TAACTTCTTCCTGCGACTGCGTTCCATCATTTAAAGAAAA	79581361	79475883	105478	79545353	36008	79581401	105518	36048
ENSMUST00000071325	TAACTTCTTCCTGCGACTGCGTTCCATCATTTAAAGAAAA	79581361	79546412	34949	79547667	33694	79581401	34989	33734
ENSMUST00000071325	TAACTTCTTCCTGCGACTGCGTTCCATCATTTAAAGAAAA	79581361	79553997	27364	79556698	24663	79581401	27404	24703
ENSMUST00000071325	TAACTTCTTCCTGCGACTGCGTTCCATCATTTAAAGAAAA	79581361	79553997	27364	79559404	21957	79581401	27404	21997
ENSMUST00000071325	TAACTTCTTCCTGCGACTGCGTTCCATCATTTAAAGAAAA	79581361	79569170	12191	79578253	3108	79581401	12231	3148
ENSMUST00000071325	TAACTTCTTCCTGCGACTGCGTTCCATCATTTAAAGAAAA	79581361	79418683	162678	79428577	152784	79581401	162718	152824
ENSMUST00000071325	TAACTTCTTCCTGCGACTGCGTTCCATCATTTAAAGAAAA	79581361	79458906	122455	79468716	112645	79581401	122495	112685
ENSMUST00000071325	TAACTTCTTCCTGCGACTGCGTTCCATCATTTAAAGAAAA	79581361	79458906	122455	79468716	112645	79581401	122495	112685
ENSMUST00000071325	TAACTTCTTCCTGCGACTGCGTTCCATCATTTAAAGAAAA	79581361	79463295	118066	79468716	112645	79581401	118106	112685
ENSMUST00000071325	TAACTTCTTCCTGCGACTGCGTTCCATCATTTAAAGAAAA	79581361	79475883	105478	79545353	36008	79581401	105518	36048
ENSMUST00000071325	TAACTTCTTCCTGCGACTGCGTTCCATCATTTAAAGAAAA	79581361	79546412	34949	79547667	33694	79581401	34989	33734
ENSMUST00000071325	TAACTTCTTCCTGCGACTGCGTTCCATCATTTAAAGAAAA	79581361	79553997	27364	79556698	24663	79581401	27404	24703
ENSMUST00000071325	TAACTTCTTCCTGCGACTGCGTTCCATCATTTAAAGAAAA	79581361	79553997	27364	79559404	21957	79581401	27404	21997
ENSMUST00000071325	TAACTTCTTCCTGCGACTGCGTTCCATCATTTAAAGAAAA	79581361	79569170	12191	79578253	3108	79581401	12231	3148
ENSMUST00000103221	ATCTTCCGAGATCAATCCCTCTCTCACCACCACACCATGG	148472024	148470701	1323	148480864	-8840	148472064	1363	-8800
ENSMUST00000103221	ATCTTCCGAGATCAATCCCTCTCTCACCACCACACCATGG	148472024	148472164	-140	148483554	-11530	148472064	-100	-11490
ENSMUST00000103221	ATCTTCCGAGATCAATCCCTCTCTCACCACCACACCATGG	148472024	148472164	-140	148484309	-12285	148472064	-100	-12245
ENSMUST00000103221	ATCTTCCGAGATCAATCCCTCTCTCACCACCACACCATGG	148472024	148514965	-42941	148524458	-52434	148472064	-42901	-52394
ENSMUST00000103221	ATCTTCCGAGATCAATCCCTCTCTCACCACCACACCATGG	148472024	148524574	-52550	148525997	-53973	148472064	-52510	-53933
ENSMUST00000103221	ATCTTCCGAGATCAATCCCTCTCTCACCACCACACCATGG	148472024	148530809	-58785	148534907	-62883	148472064	-58745	-62843
ENSMUST00000103221	ATCTTCCGAGATCAATCCCTCTCTCACCACCACACCATGG	148472024	148535025	-63001	148537361	-65337	148472064	-62961	-65297
ENSMUST00000103221	ATCTTCCGAGATCAATCCCTCTCTCACCACCACACCATGG	148472024	148537959	-65935	148538462	-66438	148472064	-65895	-66398
ENSMUST00000103221	ATCTTCCGAGATCAATCCCTCTCTCACCACCACACCATGG	148472024	148538585	-66561	148539980	-67956	148472064	-66521	-67916
ENSMUST00000103221	ATCTTCCGAGATCAATCCCTCTCTCACCACCACACCATGG	148472024	148549440	-77416	148550087	-78063	148472064	-77376	-78023
ENSMUST00000001202	TGCCAGTGAGGTGAAAAGTCTTATTAATAAAAATGAGCTT	47938359	47913048	25311	47920160	18199	47938399	25351	18239
ENSMUST00000001202	TGCCAGTGAGGTGAAAAGTCTTATTAATAAAAATGAGCTT	47938359	47931696	6663	47933373	4986	47938399	6703	5026
ENSMUST00000001202	TGCCAGTGAGGTGAAAAGTCTTATTAATAAAAATGAGCTT	47938359	47938410	-51	47947002	-8643	47938399	-11	-8603
ENSMUST00000001202	TGCCAGTGAGGTGAAAAGTCTTATTAATAAAAATGAGCTT	47938359	47941218	-2859	47947002	-8643	47938399	-2819	-8603
ENSMUST00000001202	TGCCAGTGAGGTGAAAAGTCTTATTAATAAAAATGAGCTT	47938359	47943641	-5282	47947002	-8643	47938399	-5242	-8603
ENSMUST00000001202	TGCCAGTGAGGTGAAAAGTCTTATTAATAAAAATGAGCTT	47938359	47943641	-5282	47947706	-9347	47938399	-5242	-9307
ENSMUST00000001202	TGCCAGTGAGGTGAAAAGTCTTATTAATAAAAATGAGCTT	47938359	47947113	-8754	47948124	-9765	47938399	-8714	-9725
ENSMUST00000001202	TGCCAGTGAGGTGAAAAGTCTTATTAATAAAAATGAGCTT	47938359	47948360	-10001	47960452	-22093	47938399	-9961	-22053
ENSMUST00000001202	TGCCAGTGAGGTGAAAAGTCTTATTAATAAAAATGAGCTT	47938359	47962207	-23848	47963459	-25100	47938399	-23808	-25060
ENSMUST00000224259	GGCTCAGCGTAGGGACACGCACTCCGACTGACTGGCACTG	58808680	58808940	-260	58837984	-29304	58808720	-220	-29264
ENSMUST00000224259	GGCTCAGCGTAGGGACACGCACTCCGACTGACTGGCACTG	58808680	58878262	-69582	59037966	-229286	58808720	-69542	-229246
ENSMUST00000033876	GCTGGGAGCCAGGGGACTACTCGCACTGTCTGTACACCAA	27113419	27086211	27208	27109327	4092	27113459	27248	4132
ENSMUST00000033876	GCTGGGAGCCAGGGGACTACTCGCACTGTCTGTACACCAA	27113419	27110012	3407	27111051	2368	27113459	3447	2408
ENSMUST00000033876	GCTGGGAGCCAGGGGACTACTCGCACTGTCTGTACACCAA	27113419	27111265	2154	27113285	134	27113459	2194	174
ENSMUST00000033876	GCTGGGAGCCAGGGGACTACTCGCACTGTCTGTACACCAA	27113419	27112507	912	27114079	-660	27113459	952	-620
ENSMUST00000033876	GCTGGGAGCCAGGGGACTACTCGCACTGTCTGTACACCAA	27113419	27119851	-6432	27120765	-7346	27113459	-6392	-7306
ENSMUST00000197859	ATAAATGGACTTGGGACTCAGCAGTTTTGAAACGTGTATA	135466336	135455377	10959	135458797	7539	135466376	10999	7579
ENSMUST00000197859	ATAAATGGACTTGGGACTCAGCAGTTTTGAAACGTGTATA	135466336	135463043	3293	135465194	1142	135466376	3333	1182
ENSMUST00000230414	GCAAATCTATTTTAACGTGGACACATCCCTGCTGCCAAGA	87757762	87625486	132276	87720501	37261	87757802	132316	37301
ENSMUST00000230414	GCAAATCTATTTTAACGTGGACACATCCCTGCTGCCAAGA	87757762	87625486	132276	87757296	466	87757802	132316	506
ENSMUST00000230414	GCAAATCTATTTTAACGTGGACACATCCCTGCTGCCAAGA	87757762	87625486	132276	87757296	466	87757802	132316	506
ENSMUST00000230414	GCAAATCTATTTTAACGTGGACACATCCCTGCTGCCAAGA	87757762	87681629	76133	87757296	466	87757802	76173	506
ENSMUST00000025729	ATTTTGCTGAGAACTCTTCCAAAAGCAATCAATATGTGTA	36888817	36857989	30828	36862085	26732	36888857	30868	26772
ENSMUST00000025729	ATTTTGCTGAGAACTCTTCCAAAAGCAATCAATATGTGTA	36888817	36874016	14801	36879234	9583	36888857	14841	9623
ENSMUST00000025729	ATTTTGCTGAGAACTCTTCCAAAAGCAATCAATATGTGTA	36888817	36875373	13444	36879234	9583	36888857	13484	9623
ENSMUST00000025729	ATTTTGCTGAGAACTCTTCCAAAAGCAATCAATATGTGTA	36888817	36884163	4654	36887065	1752	36888857	4694	1792
ENSMUST00000025729	ATTTTGCTGAGAACTCTTCCAAAAGCAATCAATATGTGTA	36888817	36887171	1646	36889891	-1074	36888857	1686	-1034
ENSMUST00000084513	TTCCCCAACTCCATGTTCAGGGTCGAGTTTTGAGGACACC	130740946	130601937	139009	130674601	66345	130742161	140224	67560
ENSMUST00000084513	TTCCCCAACTCCATGTTCAGGGTCGAGTTTTGAGGACACC	130740946	130663141	77805	130716702	24244	130742161	79020	25459
ENSMUST00000084513	TTCCCCAACTCCATGTTCAGGGTCGAGTTTTGAGGACACC	130740946	130692987	47959	130728522	12424	130742161	49174	13639
ENSMUST00000084513	TTCCCCAACTCCATGTTCAGGGTCGAGTTTTGAGGACACC	130740946	130729828	11118	130733505	7441	130742161	12333	8656
ENSMUST00000084513	TTCCCCAACTCCATGTTCAGGGTCGAGTTTTGAGGACACC	130740946	130742301	-1355	130751189	-10243	130742161	-140	-9028
ENSMUST00000084513	TTCCCCAACTCCATGTTCAGGGTCGAGTTTTGAGGACACC	130740946	130743684	-2738	130751189	-10243	130742161	-1523	-9028
ENSMUST00000084513	TTCCCCAACTCCATGTTCAGGGTCGAGTTTTGAGGACACC	130740946	130743684	-2738	130751833	-10887	130742161	-1523	-9672
ENSMUST00000003044	TGTTCAAGGGCAAGGTGGAAGCTGTATTGGAGAAGTTAGG	44860137	44857554	2583	44858452	1685	44860177	2623	1725
ENSMUST00000003044	TGTTCAAGGGCAAGGTGGAAGCTGTATTGGAGAAGTTAGG	44860137	44857554	2583	44859722	415	44860177	2623	455
ENSMUST00000003044	TGTTCAAGGGCAAGGTGGAAGCTGTATTGGAGAAGTTAGG	44860137	44857554	2583	44858452	1685	44860177	2623	1725
ENSMUST00000003044	TGTTCAAGGGCAAGGTGGAAGCTGTATTGGAGAAGTTAGG	44860137	44857554	2583	44859722	415	44860177	2623	455
ENSMUST00000003044	TGTTCAAGGGCAAGGTGGAAGCTGTATTGGAGAAGTTAGG	44860137	44857554	2583	44859722	415	44860177	2623	455
ENSMUST00000003044	TGTTCAAGGGCAAGGTGGAAGCTGTATTGGAGAAGTTAGG	44860137	44857554	2583	44859722	415	44860177	2623	455
ENSMUST00000003044	TGTTCAAGGGCAAGGTGGAAGCTGTATTGGAGAAGTTAGG	44860137	44858209	1928	44859722	415	44860177	1968	455
ENSMUST00000003044	TGTTCAAGGGCAAGGTGGAAGCTGTATTGGAGAAGTTAGG	44860137	44858749	1388	44859887	250	44860177	1428	290
ENSMUST00000003044	TGTTCAAGGGCAAGGTGGAAGCTGTATTGGAGAAGTTAGG	44860137	44857554	2583	44860988	-851	44860177	2623	-811
ENSMUST00000003044	TGTTCAAGGGCAAGGTGGAAGCTGTATTGGAGAAGTTAGG	44860137	44858749	1388	44860076	61	44860177	1428	101
ENSMUST00000003044	TGTTCAAGGGCAAGGTGGAAGCTGTATTGGAGAAGTTAGG	44860137	44858749	1388	44860359	-222	44860177	1428	-182
ENSMUST00000003044	TGTTCAAGGGCAAGGTGGAAGCTGTATTGGAGAAGTTAGG	44860137	44858749	1388	44860359	-222	44860177	1428	-182
ENSMUST00000003044	TGTTCAAGGGCAAGGTGGAAGCTGTATTGGAGAAGTTAGG	44860137	44859945	192	44860359	-222	44860177	232	-182
ENSMUST00000003044	TGTTCAAGGGCAAGGTGGAAGCTGTATTGGAGAAGTTAGG	44860137	44859945	192	44860862	-725	44860177	232	-685
ENSMUST00000003044	TGTTCAAGGGCAAGGTGGAAGCTGTATTGGAGAAGTTAGG	44860137	44860431	-294	44860988	-851	44860177	-254	-811
ENSMUST00000211136	CATGGCAAATCTGCCCCCACATTTCCGAGAACGTACTGAA	91075956	91078944	-2988	91085432	-9476	91075996	-2948	-9436
ENSMUST00000211136	CATGGCAAATCTGCCCCCACATTTCCGAGAACGTACTGAA	91075956	91096867	-20911	91101347	-25391	91075996	-20871	-25351
ENSMUST00000211136	CATGGCAAATCTGCCCCCACATTTCCGAGAACGTACTGAA	91075956	91101512	-25556	91106279	-30323	91075996	-25516	-30283
ENSMUST00000211136	CATGGCAAATCTGCCCCCACATTTCCGAGAACGTACTGAA	91075956	91107234	-31278	91113984	-38028	91075996	-31238	-37988
ENSMUST00000187040	GCTTTCCCTTGCCCAGGCCTGACTCTGATAACCACTACTT	127560840	127512338	48502	127515203	45637	127560880	48542	45677
ENSMUST00000187040	GCTTTCCCTTGCCCAGGCCTGACTCTGATAACCACTACTT	127560840	127512338	48502	127515941	44899	127560880	48542	44939
ENSMUST00000187040	GCTTTCCCTTGCCCAGGCCTGACTCTGATAACCACTACTT	127560840	127512630	48210	127515203	45637	127560880	48250	45677
ENSMUST00000187040	GCTTTCCCTTGCCCAGGCCTGACTCTGATAACCACTACTT	127560840	127512630	48210	127515941	44899	127560880	48250	44939
ENSMUST00000187040	GCTTTCCCTTGCCCAGGCCTGACTCTGATAACCACTACTT	127560840	127512338	48502	127515941	44899	127560880	48542	44939
ENSMUST00000187040	GCTTTCCCTTGCCCAGGCCTGACTCTGATAACCACTACTT	127560840	127514240	46600	127515941	44899	127560880	46640	44939
ENSMUST00000187040	GCTTTCCCTTGCCCAGGCCTGACTCTGATAACCACTACTT	127560840	127539921	20919	127540655	20185	127560880	20959	20225
ENSMUST00000182597	GTATTTCAGGAGTTGAGTTATTGGTGGACCAGCCTTTCAC	74589596	74593249	-3653	74594869	-5273	74589636	-3613	-5233
ENSMUST00000182597	GTATTTCAGGAGTTGAGTTATTGGTGGACCAGCCTTTCAC	74589596	74593249	-3653	74594869	-5273	74589636	-3613	-5233
ENSMUST00000182597	GTATTTCAGGAGTTGAGTTATTGGTGGACCAGCCTTTCAC	74589596	74606135	-16539	74609058	-19462	74589636	-16499	-19422
ENSMUST00000182597	GTATTTCAGGAGTTGAGTTATTGGTGGACCAGCCTTTCAC	74589596	74614432	-24836	74618435	-28839	74589636	-24796	-28799
ENSMUST00000182597	GTATTTCAGGAGTTGAGTTATTGGTGGACCAGCCTTTCAC	74589596	74614432	-24836	74618435	-28839	74589636	-24796	-28799
ENSMUST00000182597	GTATTTCAGGAGTTGAGTTATTGGTGGACCAGCCTTTCAC	74589596	74618563	-28967	74622035	-32439	74589636	-28927	-32399
ENSMUST00000182597	GTATTTCAGGAGTTGAGTTATTGGTGGACCAGCCTTTCAC	74589596	74635896	-46300	74639779	-50183	74589636	-46260	-50143
ENSMUST00000182597	GTATTTCAGGAGTTGAGTTATTGGTGGACCAGCCTTTCAC	74589596	74659355	-69759	74662600	-73004	74589636	-69719	-72964
ENSMUST00000182597	GTATTTCAGGAGTTGAGTTATTGGTGGACCAGCCTTTCAC	74589596	74659355	-69759	74668758	-79162	74589636	-69719	-79122
ENSMUST00000182597	GTATTTCAGGAGTTGAGTTATTGGTGGACCAGCCTTTCAC	74589596	74659355	-69759	74668758	-79162	74589636	-69719	-79122
ENSMUST00000182597	GTATTTCAGGAGTTGAGTTATTGGTGGACCAGCCTTTCAC	74589596	74660682	-71086	74668758	-79162	74589636	-71046	-79122
ENSMUST00000182597	GTATTTCAGGAGTTGAGTTATTGGTGGACCAGCCTTTCAC	74589596	74677379	-87783	74689217	-99621	74589636	-87743	-99581
ENSMUST00000168361	ATTTAATGAAATTCTACAGGCAGCCTATCAATTAATGACA	8744402	8674480	69922	8698090	46312	8744442	69962	46352
ENSMUST00000168361	ATTTAATGAAATTCTACAGGCAGCCTATCAATTAATGACA	8744402	8698159	46243	8700148	44254	8744442	46283	44294
ENSMUST00000168361	ATTTAATGAAATTCTACAGGCAGCCTATCAATTAATGACA	8744402	8698159	46243	8705932	38470	8744442	46283	38510
ENSMUST00000168361	ATTTAATGAAATTCTACAGGCAGCCTATCAATTAATGACA	8744402	8698159	46243	8705932	38470	8744442	46283	38510
ENSMUST00000168361	ATTTAATGAAATTCTACAGGCAGCCTATCAATTAATGACA	8744402	8699188	45214	8705932	38470	8744442	45254	38510
ENSMUST00000168361	ATTTAATGAAATTCTACAGGCAGCCTATCAATTAATGACA	8744402	8709509	34893	8713359	31043	8744442	34933	31083
ENSMUST00000168361	ATTTAATGAAATTCTACAGGCAGCCTATCAATTAATGACA	8744402	8728777	15625	8743760	642	8744442	15665	682
ENSMUST00000168361	ATTTAATGAAATTCTACAGGCAGCCTATCAATTAATGACA	8744402	8729149	15253	8743760	642	8744442	15293	682
ENSMUST00000168361	ATTTAATGAAATTCTACAGGCAGCCTATCAATTAATGACA	8744402	8744466	-64	8747156	-2754	8744442	-24	-2714
ENSMUST00000168361	ATTTAATGAAATTCTACAGGCAGCCTATCAATTAATGACA	8744402	8744466	-64	8747156	-2754	8744442	-24	-2714
ENSMUST00000168361	ATTTAATGAAATTCTACAGGCAGCCTATCAATTAATGACA	8744402	8744743	-341	8748110	-3708	8744442	-301	-3668
ENSMUST00000115243	TATAAAAGTGACTTCCTCACAGCAAATGTGCCCCAGCTCTT	28923056	27791446	1131610	28675133	247923	28923097	1131651	247964
ENSMUST00000115243	TATAAAAGTGACTTCCTCACAGCAAATGTGCCCCAGCTCTT	28923056	28404412	518644	28813286	109770	28923097	518685	109811
ENSMUST00000115243	TATAAAAGTGACTTCCTCACAGCAAATGTGCCCCAGCTCTT	28923056	28404412	518644	28901515	21541	28923097	518685	21582
ENSMUST00000115243	TATAAAAGTGACTTCCTCACAGCAAATGTGCCCCAGCTCTT	28923056	28404412	518644	28901515	21541	28923097	518685	21582
ENSMUST00000115243	TATAAAAGTGACTTCCTCACAGCAAATGTGCCCCAGCTCTT	28923056	28675366	247690	28901515	21541	28923097	247731	21582
ENSMUST00000073127	AATTATATTTGATCGCTGCTTAGACAAGGCACCTACTGTCC	27051755	27030499	21256	27036984	14771	27051796	21297	14812
ENSMUST00000073127	AATTATATTTGATCGCTGCTTAGACAAGGCACCTACTGTCC	27051755	27045992	5763	27050296	1459	27051796	5804	1500
ENSMUST00000073127	AATTATATTTGATCGCTGCTTAGACAAGGCACCTACTGTCC	27051755	27056178	-4423	27063263	-11508	27051796	-4382	-11467
ENSMUST00000073127	AATTATATTTGATCGCTGCTTAGACAAGGCACCTACTGTCC	27051755	27064092	-12337	27069667	-17912	27051796	-12296	-17871
ENSMUST00000067924	ACTTTCTGCCTGGTGAATAAAACAACCCACTGTGTACATAA	105609884	105519630	90254	105544199	65685	105609925	90295	65726
ENSMUST00000067924	ACTTTCTGCCTGGTGAATAAAACAACCCACTGTGTACATAA	105609884	105519630	90254	105579467	30417	105609925	90295	30458
ENSMUST00000067924	ACTTTCTGCCTGGTGAATAAAACAACCCACTGTGTACATAA	105609884	105544270	65614	105606498	3386	105609925	65655	3427
ENSMUST00000017408	GGTGTGGAATCAAACAAGCAATATCAGCTGGCAGACTGGAG	148565357	148563135	2222	148563843	1514	148566283	3148	2440
ENSMUST00000017408	GGTGTGGAATCAAACAAGCAATATCAGCTGGCAGACTGGAG	148565357	148575904	-10547	148578417	-13060	148566283	-9621	-12134
ENSMUST00000109526	ACACATATTCCTGCCTTGCTCCCTCATTTCCCCTTTTCCCC	157562164	157560260	1904	157561212	952	157562205	1945	993
ENSMUST00000109526	ACACATATTCCTGCCTTGCTCCCTCATTTCCCCTTTTCCCC	157562164	157560260	1904	157561541	623	157562205	1945	664
ENSMUST00000109526	ACACATATTCCTGCCTTGCTCCCTCATTTCCCCTTTTCCCC	157562164	157560260	1904	157561541	623	157562205	1945	664
ENSMUST00000109526	ACACATATTCCTGCCTTGCTCCCTCATTTCCCCTTTTCCCC	157562164	157560260	1904	157561541	623	157562205	1945	664
ENSMUST00000109526	ACACATATTCCTGCCTTGCTCCCTCATTTCCCCTTTTCCCC	157562164	157560535	1629	157561541	623	157562205	1670	664
ENSMUST00000109526	ACACATATTCCTGCCTTGCTCCCTCATTTCCCCTTTTCCCC	157562164	157560260	1904	157561541	623	157562205	1945	664
ENSMUST00000109526	ACACATATTCCTGCCTTGCTCCCTCATTTCCCCTTTTCCCC	157562164	157560535	1629	157561541	623	157562205	1670	664
ENSMUST00000020830	GCAACAAGTCATTCACTGCGATCCTCCTCGGCCACGTTTGA	57527938	57518712	9226	57529468	-1530	57527979	9267	-1489
ENSMUST00000020830	GCAACAAGTCATTCACTGCGATCCTCCTCGGCCACGTTTGA	57527938	57518748	9190	57529468	-1530	57527979	9231	-1489
ENSMUST00000073822	AAGTAAAAATCACTGTAAACTACCCTCCCTATATATCTAAA	28901636	27791446	1110190	28675133	226503	28902079	1110633	226946
ENSMUST00000073822	AAGTAAAAATCACTGTAAACTACCCTCCCTATATATCTAAA	28901636	28404412	497224	28813286	88350	28902079	497667	88793
ENSMUST00000073822	AAGTAAAAATCACTGTAAACTACCCTCCCTATATATCTAAA	28901636	28404412	497224	28901515	121	28902079	497667	564
ENSMUST00000073822	AAGTAAAAATCACTGTAAACTACCCTCCCTATATATCTAAA	28901636	28404412	497224	28901515	121	28902079	497667	564
ENSMUST00000073822	AAGTAAAAATCACTGTAAACTACCCTCCCTATATATCTAAA	28901636	28675366	226270	28901515	121	28902079	226713	564
ENSMUST00000107420	TCTTTGGGCTCATGGAGAAGGACTCTTACCCTCGCTTCCTC	62702154	62607677	94477	62616473	85681	62702195	94518	85722
ENSMUST00000107420	TCTTTGGGCTCATGGAGAAGGACTCTTACCCTCGCTTCCTC	62702154	62619787	82367	62625096	77058	62702195	82408	77099
ENSMUST00000107420	TCTTTGGGCTCATGGAGAAGGACTCTTACCCTCGCTTCCTC	62702154	62690626	11528	62699997	2157	62702195	11569	2198
ENSMUST00000107420	TCTTTGGGCTCATGGAGAAGGACTCTTACCCTCGCTTCCTC	62702154	62700099	2055	62701033	1121	62702195	2096	1162
ENSMUST00000107420	TCTTTGGGCTCATGGAGAAGGACTCTTACCCTCGCTTCCTC	62702154	62607677	94477	62616473	85681	62702195	94518	85722
ENSMUST00000107420	TCTTTGGGCTCATGGAGAAGGACTCTTACCCTCGCTTCCTC	62702154	62619787	82367	62625096	77058	62702195	82408	77099
ENSMUST00000107420	TCTTTGGGCTCATGGAGAAGGACTCTTACCCTCGCTTCCTC	62702154	62690626	11528	62699997	2157	62702195	11569	2198
ENSMUST00000107420	TCTTTGGGCTCATGGAGAAGGACTCTTACCCTCGCTTCCTC	62702154	62700099	2055	62701033	1121	62702195	2096	1162
ENSMUST00000090569	GAATGCAACCAACATCGAGCTAGCCACGGTGCAGCCTGGTC	108272366	108257305	15061	108265065	7301	108279765	22460	14700
ENSMUST00000090569	GAATGCAACCAACATCGAGCTAGCCACGGTGCAGCCTGGTC	108272366	108261752	10614	108266432	5934	108279765	18013	13333
ENSMUST00000090569	GAATGCAACCAACATCGAGCTAGCCACGGTGCAGCCTGGTC	108272366	108266500	5866	108268032	4334	108279765	13265	11733
ENSMUST00000090569	GAATGCAACCAACATCGAGCTAGCCACGGTGCAGCCTGGTC	108272366	108268091	4275	108272290	76	108279765	11674	7475
ENSMUST00000090569	GAATGCAACCAACATCGAGCTAGCCACGGTGCAGCCTGGTC	108272366	108268930	3436	108279734	-7368	108279765	10835	31
ENSMUST00000035142	CGGGGCTGTGAGGCGCTCGGGGCCGGGGTGCGCGGCGGCGC	102834981	102835239	-258	102867554	-32573	102835022	-217	-32532
ENSMUST00000035142	CGGGGCTGTGAGGCGCTCGGGGCCGGGGTGCGCGGCGGCGC	102834981	102886128	-51147	102891215	-56234	102835022	-51106	-56193
ENSMUST00000107153	AAATCCAGATGAAAGTGAAGAAGAGCCACCATCCAATGAGG	97680662	97580105	100557	97636376	44286	97680703	100598	44327
ENSMUST00000107153	AAATCCAGATGAAAGTGAAGAAGAGCCACCATCCAATGAGG	97680662	97616934	63728	97636376	44286	97680703	63769	44327
ENSMUST00000107153	AAATCCAGATGAAAGTGAAGAAGAGCCACCATCCAATGAGG	97680662	97636469	44193	97653052	27610	97680703	44234	27651
ENSMUST00000107153	AAATCCAGATGAAAGTGAAGAAGAGCCACCATCCAATGAGG	97680662	97662581	18081	97664559	16103	97680703	18122	16144
ENSMUST00000107153	AAATCCAGATGAAAGTGAAGAAGAGCCACCATCCAATGAGG	97680662	97674635	6027	97676155	4507	97680703	6068	4548
ENSMUST00000100244	CCCAGTGACTGTCAAGACCTCTGGCTCAAGGTTCGGGTCCT	28222583	28193462	29121	28212531	10052	28222624	29162	10093
ENSMUST00000100244	CCCAGTGACTGTCAAGACCTCTGGCTCAAGGTTCGGGTCCT	28222583	28193462	29121	28214608	7975	28222624	29162	8016
ENSMUST00000100244	CCCAGTGACTGTCAAGACCTCTGGCTCAAGGTTCGGGTCCT	28222583	28193462	29121	28214608	7975	28222624	29162	8016
ENSMUST00000100244	CCCAGTGACTGTCAAGACCTCTGGCTCAAGGTTCGGGTCCT	28222583	28193462	29121	28222550	33	28222624	29162	74
ENSMUST00000100244	CCCAGTGACTGTCAAGACCTCTGGCTCAAGGTTCGGGTCCT	28222583	28208227	14356	28214608	7975	28222624	14397	8016
ENSMUST00000100244	CCCAGTGACTGTCAAGACCTCTGGCTCAAGGTTCGGGTCCT	28222583	28193462	29121	28222550	33	28222624	29162	74
ENSMUST00000100244	CCCAGTGACTGTCAAGACCTCTGGCTCAAGGTTCGGGTCCT	28222583	28212687	9896	28222550	33	28222624	9937	74
ENSMUST00000100244	CCCAGTGACTGTCAAGACCTCTGGCTCAAGGTTCGGGTCCT	28222583	28214828	7755	28229053	-6470	28222624	7796	-6429
ENSMUST00000035645	ACACACCAAGATAAGTCCTCCACCAGGCCCCTGCCCAGACC	43415983	43382199	33784	43414627	1356	43416024	33825	1397
ENSMUST00000035645	ACACACCAAGATAAGTCCTCCACCAGGCCCCTGCCCAGACC	43415983	43383759	32224	43414627	1356	43416024	32265	1397
ENSMUST00000035645	ACACACCAAGATAAGTCCTCCACCAGGCCCCTGCCCAGACC	43415983	43406680	9303	43414627	1356	43416024	9344	1397
ENSMUST00000035645	ACACACCAAGATAAGTCCTCCACCAGGCCCCTGCCCAGACC	43415983	43382199	33784	43421604	-5621	43416024	33825	-5580
ENSMUST00000035645	ACACACCAAGATAAGTCCTCCACCAGGCCCCTGCCCAGACC	43415983	43406680	9303	43421604	-5621	43416024	9344	-5580
ENSMUST00000067689	GGGGCCTTCTGGAACTGACACAGTCTCTGGACAAAGCAATTC	80879703	80711488	168215	80759539	120164	80879745	168257	120206
ENSMUST00000067689	GGGGCCTTCTGGAACTGACACAGTCTCTGGACAAAGCAATTC	80879703	80759630	120073	80858680	21023	80879745	120115	21065
ENSMUST00000067689	GGGGCCTTCTGGAACTGACACAGTCTCTGGACAAAGCAATTC	80879703	80881206	-1503	80884206	-4503	80879745	-1461	-4461
ENSMUST00000067689	GGGGCCTTCTGGAACTGACACAGTCTCTGGACAAAGCAATTC	80879703	80902386	-22683	80913304	-33601	80879745	-22641	-33559
ENSMUST00000067689	GGGGCCTTCTGGAACTGACACAGTCTCTGGACAAAGCAATTC	80879703	80902712	-23009	80916683	-36980	80879745	-22967	-36938
ENSMUST00000067689	GGGGCCTTCTGGAACTGACACAGTCTCTGGACAAAGCAATTC	80879703	80918097	-38394	80923457	-43754	80879745	-38352	-43712
ENSMUST00000047714	GAACCTCATATTTACACTCTCCCTTCTCTACTGGACAGAGTT	134627343	134614011	13332	134616188	11155	134628607	14596	12419
ENSMUST00000047714	GAACCTCATATTTACACTCTCCCTTCTCTACTGGACAGAGTT	134627343	134614011	13332	134617691	9652	134628607	14596	10916
ENSMUST00000047714	GAACCTCATATTTACACTCTCCCTTCTCTACTGGACAGAGTT	134627343	134619698	7645	134621934	5409	134628607	8909	6673
ENSMUST00000000349	TTTTTTAATGAAACTTTTAAATTATACTTAATCGGGGAAAAG	116548580	116513191	35389	116523351	25229	116548622	35431	25271
ENSMUST00000000349	TTTTTTAATGAAACTTTTAAATTATACTTAATCGGGGAAAAG	116548580	116513191	35389	116533254	15326	116548622	35431	15368
ENSMUST00000000349	TTTTTTAATGAAACTTTTAAATTATACTTAATCGGGGAAAAG	116548580	116513191	35389	116533254	15326	116548622	35431	15368
ENSMUST00000000349	TTTTTTAATGAAACTTTTAAATTATACTTAATCGGGGAAAAG	116548580	116520360	28220	116533254	15326	116548622	28262	15368
ENSMUST00000000349	TTTTTTAATGAAACTTTTAAATTATACTTAATCGGGGAAAAG	116548580	116539821	8759	116545981	2599	116548622	8801	2641
ENSMUST00000000349	TTTTTTAATGAAACTTTTAAATTATACTTAATCGGGGAAAAG	116548580	116546173	2407	116548032	548	116548622	2449	590
ENSMUST00000002790	CATCATCCCCTATATCCCCACTCTCATCACGCAGCTCACACA	166937392	166906177	31215	166919612	17780	166937434	31257	17822
ENSMUST00000002790	CATCATCCCCTATATCCCCACTCTCATCACGCAGCTCACACA	166937392	166906177	31215	166921969	15423	166937434	31257	15465
ENSMUST00000002790	CATCATCCCCTATATCCCCACTCTCATCACGCAGCTCACACA	166937392	166906177	31215	166921969	15423	166937434	31257	15465
ENSMUST00000002790	CATCATCCCCTATATCCCCACTCTCATCACGCAGCTCACACA	166937392	166915264	22128	166921969	15423	166937434	22170	15465
ENSMUST00000002790	CATCATCCCCTATATCCCCACTCTCATCACGCAGCTCACACA	166937392	166922844	14548	166927243	10149	166937434	14590	10191
ENSMUST00000002790	CATCATCCCCTATATCCCCACTCTCATCACGCAGCTCACACA	166937392	166927842	9550	166930581	6811	166937434	9592	6853
ENSMUST00000002790	CATCATCCCCTATATCCCCACTCTCATCACGCAGCTCACACA	166937392	166929023	8369	166930581	6811	166937434	8411	6853
ENSMUST00000002790	CATCATCCCCTATATCCCCACTCTCATCACGCAGCTCACACA	166937392	166929023	8369	166930581	6811	166937434	8411	6853
ENSMUST00000002790	CATCATCCCCTATATCCCCACTCTCATCACGCAGCTCACACA	166937392	166930666	6726	166934752	2640	166937434	6768	2682
ENSMUST00000002790	CATCATCCCCTATATCCCCACTCTCATCACGCAGCTCACACA	166937392	166934889	2503	166937341	51	166937434	2545	93
ENSMUST00000002790	CATCATCCCCTATATCCCCACTCTCATCACGCAGCTCACACA	166937392	166934889	2503	166939634	-2242	166937434	2545	-2200
ENSMUST00000002790	CATCATCCCCTATATCCCCACTCTCATCACGCAGCTCACACA	166937392	166934889	2503	166939634	-2242	166937434	2545	-2200
ENSMUST00000002790	CATCATCCCCTATATCCCCACTCTCATCACGCAGCTCACACA	166937392	166941492	-4100	166944376	-6984	166937434	-4058	-6942
ENSMUST00000002790	CATCATCCCCTATATCCCCACTCTCATCACGCAGCTCACACA	166937392	166942096	-4704	166944376	-6984	166937434	-4662	-6942
ENSMUST00000077182	GGCCAAGAAGAACAAAGACAAAGAGTATTACGTCTGAGCACC	6532133	6428778	103355	6448254	83879	6532175	103397	83921
ENSMUST00000077182	GGCCAAGAAGAACAAAGACAAAGAGTATTACGTCTGAGCACC	6532133	6428778	103355	6472257	59876	6532175	103397	59918
ENSMUST00000077182	GGCCAAGAAGAACAAAGACAAAGAGTATTACGTCTGAGCACC	6532133	6428778	103355	6472257	59876	6532175	103397	59918
ENSMUST00000077182	GGCCAAGAAGAACAAAGACAAAGAGTATTACGTCTGAGCACC	6532133	6443648	88485	6450527	81606	6532175	88527	81648
ENSMUST00000077182	GGCCAAGAAGAACAAAGACAAAGAGTATTACGTCTGAGCACC	6532133	6443648	88485	6450530	81603	6532175	88527	81645
ENSMUST00000077182	GGCCAAGAAGAACAAAGACAAAGAGTATTACGTCTGAGCACC	6532133	6443648	88485	6454978	77155	6532175	88527	77197
ENSMUST00000077182	GGCCAAGAAGAACAAAGACAAAGAGTATTACGTCTGAGCACC	6532133	6443648	88485	6463823	68310	6532175	88527	68352
ENSMUST00000077182	GGCCAAGAAGAACAAAGACAAAGAGTATTACGTCTGAGCACC	6532133	6443648	88485	6472257	59876	6532175	88527	59918
ENSMUST00000077182	GGCCAAGAAGAACAAAGACAAAGAGTATTACGTCTGAGCACC	6532133	6443648	88485	6454978	77155	6532175	88527	77197
ENSMUST00000077182	GGCCAAGAAGAACAAAGACAAAGAGTATTACGTCTGAGCACC	6532133	6443648	88485	6481109	51024	6532175	88527	51066
ENSMUST00000077182	GGCCAAGAAGAACAAAGACAAAGAGTATTACGTCTGAGCACC	6532133	6448284	83849	6454978	77155	6532175	83891	77197
ENSMUST00000077182	GGCCAAGAAGAACAAAGACAAAGAGTATTACGTCTGAGCACC	6532133	6443648	88485	6454978	77155	6532175	88527	77197
ENSMUST00000077182	GGCCAAGAAGAACAAAGACAAAGAGTATTACGTCTGAGCACC	6532133	6448284	83849	6454978	77155	6532175	83891	77197
ENSMUST00000077182	GGCCAAGAAGAACAAAGACAAAGAGTATTACGTCTGAGCACC	6532133	6443648	88485	6463823	68310	6532175	88527	68352
ENSMUST00000077182	GGCCAAGAAGAACAAAGACAAAGAGTATTACGTCTGAGCACC	6532133	6443648	88485	6472257	59876	6532175	88527	59918
ENSMUST00000077182	GGCCAAGAAGAACAAAGACAAAGAGTATTACGTCTGAGCACC	6532133	6448284	83849	6463823	68310	6532175	83891	68352
ENSMUST00000077182	GGCCAAGAAGAACAAAGACAAAGAGTATTACGTCTGAGCACC	6532133	6448284	83849	6472257	59876	6532175	83891	59918
ENSMUST00000077182	GGCCAAGAAGAACAAAGACAAAGAGTATTACGTCTGAGCACC	6532133	6443648	88485	6472257	59876	6532175	88527	59918
ENSMUST00000077182	GGCCAAGAAGAACAAAGACAAAGAGTATTACGTCTGAGCACC	6532133	6448284	83849	6472257	59876	6532175	83891	59918
ENSMUST00000077182	GGCCAAGAAGAACAAAGACAAAGAGTATTACGTCTGAGCACC	6532133	6455280	76853	6472257	59876	6532175	76895	59918
ENSMUST00000077182	GGCCAAGAAGAACAAAGACAAAGAGTATTACGTCTGAGCACC	6532133	6443648	88485	6472257	59876	6532175	88527	59918
ENSMUST00000077182	GGCCAAGAAGAACAAAGACAAAGAGTATTACGTCTGAGCACC	6532133	6448284	83849	6472257	59876	6532175	83891	59918
ENSMUST00000077182	GGCCAAGAAGAACAAAGACAAAGAGTATTACGTCTGAGCACC	6532133	6455280	76853	6472257	59876	6532175	76895	59918
ENSMUST00000077182	GGCCAAGAAGAACAAAGACAAAGAGTATTACGTCTGAGCACC	6532133	6455280	76853	6473317	58816	6532175	76895	58858
ENSMUST00000077182	GGCCAAGAAGAACAAAGACAAAGAGTATTACGTCTGAGCACC	6532133	6481875	50258	6490066	42067	6532175	50300	42109
ENSMUST00000077182	GGCCAAGAAGAACAAAGACAAAGAGTATTACGTCTGAGCACC	6532133	6493009	39124	6504874	27259	6532175	39166	27301
ENSMUST00000077182	GGCCAAGAAGAACAAAGACAAAGAGTATTACGTCTGAGCACC	6532133	6498531	33602	6509777	22356	6532175	33644	22398
ENSMUST00000077182	GGCCAAGAAGAACAAAGACAAAGAGTATTACGTCTGAGCACC	6532133	6505056	27077	6519248	12885	6532175	27119	12927
ENSMUST00000077182	GGCCAAGAAGAACAAAGACAAAGAGTATTACGTCTGAGCACC	6532133	6509949	22184	6516922	15211	6532175	22226	15253
ENSMUST00000077182	GGCCAAGAAGAACAAAGACAAAGAGTATTACGTCTGAGCACC	6532133	6509949	22184	6519248	12885	6532175	22226	12927
ENSMUST00000077182	GGCCAAGAAGAACAAAGACAAAGAGTATTACGTCTGAGCACC	6532133	6517248	14885	6531267	866	6532175	14927	908
ENSMUST00000077182	GGCCAAGAAGAACAAAGACAAAGAGTATTACGTCTGAGCACC	6532133	6517248	14885	6531843	290	6532175	14927	332
ENSMUST00000077182	GGCCAAGAAGAACAAAGACAAAGAGTATTACGTCTGAGCACC	6532133	6517248	14885	6542340	-10207	6532175	14927	-10165
ENSMUST00000037341	TCACACTCGAAATCACTCTCCCTCCCCGCCTGTGACACCCAC	18531316	18390510	140806	18498032	33284	18531358	140848	33326
ENSMUST00000037341	TCACACTCGAAATCACTCTCCCTCCCCGCCTGTGACACCCAC	18531316	18511742	19574	18523790	7526	18531358	19616	7568
ENSMUST00000122941	CCAGCTACCACTACTTTCTCCATTTATCCTGTGTCCTCCACT	12140530	12117947	22583	12136395	4135	12140572	22625	4177
ENSMUST00000122941	CCAGCTACCACTACTTTCTCCATTTATCCTGTGTCCTCCACT	12140530	12117947	22583	12140433	97	12140572	22625	139
ENSMUST00000122941	CCAGCTACCACTACTTTCTCCATTTATCCTGTGTCCTCCACT	12140530	12118338	22192	12136395	4135	12140572	22234	4177
ENSMUST00000122941	CCAGCTACCACTACTTTCTCCATTTATCCTGTGTCCTCCACT	12140530	12118338	22192	12137904	2626	12140572	22234	2668
ENSMUST00000122941	CCAGCTACCACTACTTTCTCCATTTATCCTGTGTCCTCCACT	12140530	12118338	22192	12140433	97	12140572	22234	139
ENSMUST00000122941	CCAGCTACCACTACTTTCTCCATTTATCCTGTGTCCTCCACT	12140530	12118338	22192	12146148	-5618	12140572	22234	-5576
ENSMUST00000122941	CCAGCTACCACTACTTTCTCCATTTATCCTGTGTCCTCCACT	12140530	12118338	22192	12150172	-9642	12140572	22234	-9600
ENSMUST00000122941	CCAGCTACCACTACTTTCTCCATTTATCCTGTGTCCTCCACT	12140530	12118338	22192	12152800	-12270	12140572	22234	-12228
ENSMUST00000122941	CCAGCTACCACTACTTTCTCCATTTATCCTGTGTCCTCCACT	12140530	12118338	22192	12180621	-40091	12140572	22234	-40049
ENSMUST00000122941	CCAGCTACCACTACTTTCTCCATTTATCCTGTGTCCTCCACT	12140530	12118338	22192	12150172	-9642	12140572	22234	-9600
ENSMUST00000122941	CCAGCTACCACTACTTTCTCCATTTATCCTGTGTCCTCCACT	12140530	12140652	-122	12149527	-8997	12140572	-80	-8955
ENSMUST00000122941	CCAGCTACCACTACTTTCTCCATTTATCCTGTGTCCTCCACT	12140530	12140652	-122	12150172	-9642	12140572	-80	-9600
ENSMUST00000122941	CCAGCTACCACTACTTTCTCCATTTATCCTGTGTCCTCCACT	12140530	12140652	-122	12150172	-9642	12140572	-80	-9600
ENSMUST00000122941	CCAGCTACCACTACTTTCTCCATTTATCCTGTGTCCTCCACT	12140530	12146396	-5866	12150172	-9642	12140572	-5824	-9600
ENSMUST00000122941	CCAGCTACCACTACTTTCTCCATTTATCCTGTGTCCTCCACT	12140530	12118338	22192	12152800	-12270	12140572	22234	-12228
ENSMUST00000122941	CCAGCTACCACTACTTTCTCCATTTATCCTGTGTCCTCCACT	12140530	12140652	-122	12152800	-12270	12140572	-80	-12228
ENSMUST00000122941	CCAGCTACCACTACTTTCTCCATTTATCCTGTGTCCTCCACT	12140530	12160690	-20160	12166144	-25614	12140572	-20118	-25572
ENSMUST00000122941	CCAGCTACCACTACTTTCTCCATTTATCCTGTGTCCTCCACT	12140530	12160690	-20160	12166144	-25614	12140572	-20118	-25572
ENSMUST00000122941	CCAGCTACCACTACTTTCTCCATTTATCCTGTGTCCTCCACT	12140530	12166286	-25756	12171758	-31228	12140572	-25714	-31186
ENSMUST00000122941	CCAGCTACCACTACTTTCTCCATTTATCCTGTGTCCTCCACT	12140530	12170913	-30383	12180621	-40091	12140572	-30341	-40049
ENSMUST00000160597	GAAAACATGATTGGGCCAGACTGGAAAAAGAGGTGGATGTAC	29621501	29588359	33142	29589680	31821	29621543	33184	31863
ENSMUST00000160597	GAAAACATGATTGGGCCAGACTGGAAAAAGAGGTGGATGTAC	29621501	29589748	31753	29602211	19290	29621543	31795	19332
ENSMUST00000160597	GAAAACATGATTGGGCCAGACTGGAAAAAGAGGTGGATGTAC	29621501	29607769	13732	29610667	10834	29621543	13774	10876
ENSMUST00000160597	GAAAACATGATTGGGCCAGACTGGAAAAAGAGGTGGATGTAC	29621501	29616691	4810	29620380	1121	29621543	4852	1163
ENSMUST00000160597	GAAAACATGATTGGGCCAGACTGGAAAAAGAGGTGGATGTAC	29621501	29616691	4810	29620380	1121	29621543	4852	1163
ENSMUST00000125009	TATTTCTAAATTACTGCCTAATTCCTTAATGCACCACTCAGC	87602420	87804064	-201644	88026423	-424003	87602462	-201602	-423961
ENSMUST00000125009	TATTTCTAAATTACTGCCTAATTCCTTAATGCACCACTCAGC	87602420	88075130	-472710	88129980	-527560	87602462	-472668	-527518
ENSMUST00000027432	AACAACAAAGCCATTCGGCGCCTGCTACATGTTGCTGTAAGT	86092077	86070626	21451	86071613	20464	86094297	23671	22684
ENSMUST00000027432	AACAACAAAGCCATTCGGCGCCTGCTACATGTTGCTGTAAGT	86092077	86076004	16073	86078567	13510	86094297	18293	15730
ENSMUST00000027432	AACAACAAAGCCATTCGGCGCCTGCTACATGTTGCTGTAAGT	86092077	86090190	1887	86094275	-2198	86094297	4107	22
ENSMUST00000027432	AACAACAAAGCCATTCGGCGCCTGCTACATGTTGCTGTAAGT	86092077	86130729	-38652	86133637	-41560	86094297	-36432	-39340
ENSMUST00000093772	CAGTTTCACCTGCCCATTCCTGGCTTCCCTGTGCCCCTAACT	121768023	121765630	2393	121767238	785	121768065	2435	827
ENSMUST00000068150	GACCATCCTGTCCCTGCCAGGGTGCATGCATTCGGGGGTATA	102778975	102761684	17291	102769893	9082	102779017	17333	9124
ENSMUST00000068150	GACCATCCTGTCCCTGCCAGGGTGCATGCATTCGGGGGTATA	102778975	102770187	8788	102771434	7541	102779017	8830	7583
ENSMUST00000068150	GACCATCCTGTCCCTGCCAGGGTGCATGCATTCGGGGGTATA	102778975	102771510	7465	102772044	6931	102779017	7507	6973
ENSMUST00000068150	GACCATCCTGTCCCTGCCAGGGTGCATGCATTCGGGGGTATA	102778975	102771510	7465	102772454	6521	102779017	7507	6563
ENSMUST00000068150	GACCATCCTGTCCCTGCCAGGGTGCATGCATTCGGGGGTATA	102778975	102773478	5497	102773774	5201	102779017	5539	5243
ENSMUST00000068150	GACCATCCTGTCCCTGCCAGGGTGCATGCATTCGGGGGTATA	102778975	102776903	2072	102777630	1345	102779017	2114	1387
ENSMUST00000120836	AATTCTGGTTTCGCGTGATCCTGCCTGCGTCTGTGTCTGATT	4715918	4709016	6902	4715332	586	4715960	6944	628
ENSMUST00000035155	CAGAGATTGTGAAAGGGCAGGTAGTGTAAGTAGTATTGTTGT	103184091	103112226	71865	103160819	23272	103184133	71907	23314
ENSMUST00000035155	CAGAGATTGTGAAAGGGCAGGTAGTGTAAGTAGTATTGTTGT	103184091	103140440	43651	103161063	23028	103184133	43693	23070
ENSMUST00000067664	GCCGCAGGTACAGATCTGTATTGTTCTTACTGAAACACAGCA	75765491	75733091	32400	75755573	9918	75765533	32442	9960
ENSMUST00000067664	GCCGCAGGTACAGATCTGTATTGTTCTTACTGAAACACAGCA	75765491	75733091	32400	75759291	6200	75765533	32442	6242
ENSMUST00000067664	GCCGCAGGTACAGATCTGTATTGTTCTTACTGAAACACAGCA	75765491	75733091	32400	75764619	872	75765533	32442	914
ENSMUST00000068387	GCTTGCGGACTGCAGTCTATCATGAAATTCTAATTGGATATT	81640515	81616125	24390	81619999	20516	81641264	25139	21265
ENSMUST00000068387	GCTTGCGGACTGCAGTCTATCATGAAATTCTAATTGGATATT	81640515	81616863	23652	81621061	19454	81641264	24401	20203
ENSMUST00000068387	GCTTGCGGACTGCAGTCTATCATGAAATTCTAATTGGATATT	81640515	81636843	3672	81639740	775	81641264	4421	1524
ENSMUST00000042824	ATAGTTGACCTTCTCATACCCTCTCCTAATGCTACTGCAGAA	66501188	66385187	116001	66388160	113028	66501230	116043	113070
ENSMUST00000042824	ATAGTTGACCTTCTCATACCCTCTCCTAATGCTACTGCAGAA	66501188	66439906	61282	66445452	55736	66501230	61324	55778
ENSMUST00000042824	ATAGTTGACCTTCTCATACCCTCTCCTAATGCTACTGCAGAA	66501188	66448532	52656	66453336	47852	66501230	52698	47894
ENSMUST00000042824	ATAGTTGACCTTCTCATACCCTCTCCTAATGCTACTGCAGAA	66501188	66453535	47653	66457436	43752	66501230	47695	43794
ENSMUST00000042824	ATAGTTGACCTTCTCATACCCTCTCCTAATGCTACTGCAGAA	66501188	66458425	42763	66461699	39489	66501230	42805	39531
ENSMUST00000042824	ATAGTTGACCTTCTCATACCCTCTCCTAATGCTACTGCAGAA	66501188	66460532	40656	66462828	38360	66501230	40698	38402
ENSMUST00000042824	ATAGTTGACCTTCTCATACCCTCTCCTAATGCTACTGCAGAA	66501188	66460532	40656	66462828	38360	66501230	40698	38402
ENSMUST00000042824	ATAGTTGACCTTCTCATACCCTCTCCTAATGCTACTGCAGAA	66501188	66463097	38091	66465380	35808	66501230	38133	35850
ENSMUST00000042824	ATAGTTGACCTTCTCATACCCTCTCCTAATGCTACTGCAGAA	66501188	66467973	33215	66470237	30951	66501230	33257	30993
ENSMUST00000042824	ATAGTTGACCTTCTCATACCCTCTCCTAATGCTACTGCAGAA	66501188	66473583	27605	66475920	25268	66501230	27647	25310
ENSMUST00000042824	ATAGTTGACCTTCTCATACCCTCTCCTAATGCTACTGCAGAA	66501188	66479532	21656	66481803	19385	66501230	21698	19427
ENSMUST00000042824	ATAGTTGACCTTCTCATACCCTCTCCTAATGCTACTGCAGAA	66501188	66487079	14109	66489329	11859	66501230	14151	11901
ENSMUST00000042824	ATAGTTGACCTTCTCATACCCTCTCCTAATGCTACTGCAGAA	66501188	66497338	3850	66498679	2509	66501230	3892	2551
ENSMUST00000042824	ATAGTTGACCTTCTCATACCCTCTCCTAATGCTACTGCAGAA	66501188	66498756	2432	66504587	-3399	66501230	2474	-3357
ENSMUST00000042824	ATAGTTGACCTTCTCATACCCTCTCCTAATGCTACTGCAGAA	66501188	66501428	-240	66504587	-3399	66501230	-198	-3357
ENSMUST00000079618	TTGTTGGGGAATCGAACTTTGCTCTTTATCTTCATCTGCGCCT	77186128	77186225	-97	77232792	-46664	77186171	-54	-46621
ENSMUST00000079618	TTGTTGGGGAATCGAACTTTGCTCTTTATCTTCATCTGCGCCT	77186128	77186225	-97	77242103	-55975	77186171	-54	-55932
ENSMUST00000079618	TTGTTGGGGAATCGAACTTTGCTCTTTATCTTCATCTGCGCCT	77186128	77186225	-97	77242103	-55975	77186171	-54	-55932
ENSMUST00000079618	TTGTTGGGGAATCGAACTTTGCTCTTTATCTTCATCTGCGCCT	77186128	77211763	-25635	77242103	-55975	77186171	-25592	-55932
ENSMUST00000079618	TTGTTGGGGAATCGAACTTTGCTCTTTATCTTCATCTGCGCCT	77186128	77232885	-46757	77246066	-59938	77186171	-46714	-59895
ENSMUST00000100244	ACACGGACAACTTTACCTCTCACCGTCTCCCACACCCCTGGTC	28229129	28193462	35667	28212531	16598	28229172	35710	16641
ENSMUST00000100244	ACACGGACAACTTTACCTCTCACCGTCTCCCACACCCCTGGTC	28229129	28193462	35667	28214608	14521	28229172	35710	14564
ENSMUST00000100244	ACACGGACAACTTTACCTCTCACCGTCTCCCACACCCCTGGTC	28229129	28193462	35667	28214608	14521	28229172	35710	14564
ENSMUST00000100244	ACACGGACAACTTTACCTCTCACCGTCTCCCACACCCCTGGTC	28229129	28193462	35667	28222550	6579	28229172	35710	6622
ENSMUST00000100244	ACACGGACAACTTTACCTCTCACCGTCTCCCACACCCCTGGTC	28229129	28208227	20902	28214608	14521	28229172	20945	14564
ENSMUST00000100244	ACACGGACAACTTTACCTCTCACCGTCTCCCACACCCCTGGTC	28229129	28193462	35667	28222550	6579	28229172	35710	6622
ENSMUST00000100244	ACACGGACAACTTTACCTCTCACCGTCTCCCACACCCCTGGTC	28229129	28212687	16442	28222550	6579	28229172	16485	6622
ENSMUST00000100244	ACACGGACAACTTTACCTCTCACCGTCTCCCACACCCCTGGTC	28229129	28214828	14301	28229053	76	28229172	14344	119
ENSMUST00000053666	AAACTCAATGCTACGCTTGACCAGCATTGGCTCTGATGAGGAC	112357810	112267092	90718	112333382	24428	112357853	90761	24471
ENSMUST00000053666	AAACTCAATGCTACGCTTGACCAGCATTGGCTCTGATGAGGAC	112357810	112284805	73005	112333382	24428	112357853	73048	24471
ENSMUST00000053666	AAACTCAATGCTACGCTTGACCAGCATTGGCTCTGATGAGGAC	112357810	112267092	90718	112333382	24428	112357853	90761	24471
ENSMUST00000053666	AAACTCAATGCTACGCTTGACCAGCATTGGCTCTGATGAGGAC	112357810	112284805	73005	112333382	24428	112357853	73048	24471
ENSMUST00000030669	AATCAGACGTCTTCTTCCTCTTCCTGCTGCCACCCATCATCCT	133411955	133370907	41048	133415300	-3345	133411998	41091	-3302
ENSMUST00000108909	AAACTTTTACATGGTCCCTGGCATGCTAGAACCCTTGCTCTGC	100970212	100870333	99879	100936270	33942	100970255	99922	33985
ENSMUST00000108909	AAACTTTTACATGGTCCCTGGCATGCTAGAACCCTTGCTCTGC	100970212	100870743	99469	100936270	33942	100970255	99512	33985
ENSMUST00000108909	AAACTTTTACATGGTCCCTGGCATGCTAGAACCCTTGCTCTGC	100970212	100871068	99144	100936270	33942	100970255	99187	33985
ENSMUST00000108909	AAACTTTTACATGGTCCCTGGCATGCTAGAACCCTTGCTCTGC	100970212	100957589	12623	100959602	10610	100970255	12666	10653
ENSMUST00000108909	AAACTTTTACATGGTCCCTGGCATGCTAGAACCCTTGCTCTGC	100970212	100957589	12623	100959694	10518	100970255	12666	10561
ENSMUST00000108909	AAACTTTTACATGGTCCCTGGCATGCTAGAACCCTTGCTCTGC	100970212	100959431	10781	100969020	1192	100970255	10824	1235
ENSMUST00000108909	AAACTTTTACATGGTCCCTGGCATGCTAGAACCCTTGCTCTGC	100970212	101002166	-31954	101011016	-40804	100970255	-31911	-40761
ENSMUST00000108909	AAACTTTTACATGGTCCCTGGCATGCTAGAACCCTTGCTCTGC	100970212	101018524	-48312	101024260	-54048	100970255	-48269	-54005
ENSMUST00000108909	AAACTTTTACATGGTCCCTGGCATGCTAGAACCCTTGCTCTGC	100970212	101018524	-48312	101029577	-59365	100970255	-48269	-59322
ENSMUST00000108909	AAACTTTTACATGGTCCCTGGCATGCTAGAACCCTTGCTCTGC	100970212	101018524	-48312	101029577	-59365	100970255	-48269	-59322
ENSMUST00000108909	AAACTTTTACATGGTCCCTGGCATGCTAGAACCCTTGCTCTGC	100970212	101023906	-53694	101029577	-59365	100970255	-53651	-59322
ENSMUST00000108909	AAACTTTTACATGGTCCCTGGCATGCTAGAACCCTTGCTCTGC	100970212	101029862	-59650	101032184	-61972	100970255	-59607	-61929
ENSMUST00000114018	AGGAAAAAGTGGCACCTCCACACCTACTACCCCTGGATCAACT	66425227	66175495	249732	66251661	173566	66425270	249775	173609
ENSMUST00000114018	AGGAAAAAGTGGCACCTCCACACCTACTACCCCTGGATCAACT	66425227	66175698	249529	66251661	173566	66425270	249572	173609
ENSMUST00000114018	AGGAAAAAGTGGCACCTCCACACCTACTACCCCTGGATCAACT	66425227	66175495	249732	66322403	102824	66425270	249775	102867
ENSMUST00000114018	AGGAAAAAGTGGCACCTCCACACCTACTACCCCTGGATCAACT	66425227	66175495	249732	66362202	63025	66425270	249775	63068
ENSMUST00000114018	AGGAAAAAGTGGCACCTCCACACCTACTACCCCTGGATCAACT	66425227	66175495	249732	66362202	63025	66425270	249775	63068
ENSMUST00000114018	AGGAAAAAGTGGCACCTCCACACCTACTACCCCTGGATCAACT	66425227	66251712	173515	66362202	63025	66425270	173558	63068
ENSMUST00000114018	AGGAAAAAGTGGCACCTCCACACCTACTACCCCTGGATCAACT	66425227	66251712	173515	66380488	44739	66425270	173558	44782
ENSMUST00000114018	AGGAAAAAGTGGCACCTCCACACCTACTACCCCTGGATCAACT	66425227	66322334	102893	66362202	63025	66425270	102936	63068
ENSMUST00000114018	AGGAAAAAGTGGCACCTCCACACCTACTACCCCTGGATCAACT	66425227	66251712	173515	66380488	44739	66425270	173558	44782
ENSMUST00000114018	AGGAAAAAGTGGCACCTCCACACCTACTACCCCTGGATCAACT	66425227	66322468	102759	66380488	44739	66425270	102802	44782
ENSMUST00000114018	AGGAAAAAGTGGCACCTCCACACCTACTACCCCTGGATCAACT	66425227	66322468	102759	66399388	25839	66425270	102802	25882
ENSMUST00000114018	AGGAAAAAGTGGCACCTCCACACCTACTACCCCTGGATCAACT	66425227	66322468	102759	66399388	25839	66425270	102802	25882
ENSMUST00000114018	AGGAAAAAGTGGCACCTCCACACCTACTACCCCTGGATCAACT	66425227	66362280	62947	66399388	25839	66425270	62990	25882
ENSMUST00000114018	AGGAAAAAGTGGCACCTCCACACCTACTACCCCTGGATCAACT	66425227	66401521	23706	66412406	12821	66425270	23749	12864
ENSMUST00000114018	AGGAAAAAGTGGCACCTCCACACCTACTACCCCTGGATCAACT	66425227	66401521	23706	66416343	8884	66425270	23749	8927
ENSMUST00000114018	AGGAAAAAGTGGCACCTCCACACCTACTACCCCTGGATCAACT	66425227	66401521	23706	66416731	8496	66425270	23749	8539
ENSMUST00000114018	AGGAAAAAGTGGCACCTCCACACCTACTACCCCTGGATCAACT	66425227	66401521	23706	66416731	8496	66425270	23749	8539
ENSMUST00000114018	AGGAAAAAGTGGCACCTCCACACCTACTACCCCTGGATCAACT	66425227	66401521	23706	66420134	5093	66425270	23749	5136
ENSMUST00000114018	AGGAAAAAGTGGCACCTCCACACCTACTACCCCTGGATCAACT	66425227	66416147	9080	66416731	8496	66425270	9123	8539
ENSMUST00000114018	AGGAAAAAGTGGCACCTCCACACCTACTACCCCTGGATCAACT	66425227	66401521	23706	66420134	5093	66425270	23749	5136
ENSMUST00000114018	AGGAAAAAGTGGCACCTCCACACCTACTACCCCTGGATCAACT	66425227	66416550	8677	66420134	5093	66425270	8720	5136
ENSMUST00000114018	AGGAAAAAGTGGCACCTCCACACCTACTACCCCTGGATCAACT	66425227	66425528	-301	66433513	-8286	66425270	-258	-8243
ENSMUST00000114018	AGGAAAAAGTGGCACCTCCACACCTACTACCCCTGGATCAACT	66425227	66175495	249732	66251661	173566	66425270	249775	173609
ENSMUST00000114018	AGGAAAAAGTGGCACCTCCACACCTACTACCCCTGGATCAACT	66425227	66175698	249529	66251661	173566	66425270	249572	173609
ENSMUST00000114018	AGGAAAAAGTGGCACCTCCACACCTACTACCCCTGGATCAACT	66425227	66175495	249732	66322403	102824	66425270	249775	102867
ENSMUST00000114018	AGGAAAAAGTGGCACCTCCACACCTACTACCCCTGGATCAACT	66425227	66175495	249732	66362202	63025	66425270	249775	63068
ENSMUST00000114018	AGGAAAAAGTGGCACCTCCACACCTACTACCCCTGGATCAACT	66425227	66175495	249732	66362202	63025	66425270	249775	63068
ENSMUST00000114018	AGGAAAAAGTGGCACCTCCACACCTACTACCCCTGGATCAACT	66425227	66251712	173515	66362202	63025	66425270	173558	63068
ENSMUST00000114018	AGGAAAAAGTGGCACCTCCACACCTACTACCCCTGGATCAACT	66425227	66251712	173515	66380488	44739	66425270	173558	44782
ENSMUST00000114018	AGGAAAAAGTGGCACCTCCACACCTACTACCCCTGGATCAACT	66425227	66322334	102893	66362202	63025	66425270	102936	63068
ENSMUST00000114018	AGGAAAAAGTGGCACCTCCACACCTACTACCCCTGGATCAACT	66425227	66251712	173515	66380488	44739	66425270	173558	44782
ENSMUST00000114018	AGGAAAAAGTGGCACCTCCACACCTACTACCCCTGGATCAACT	66425227	66322468	102759	66380488	44739	66425270	102802	44782
ENSMUST00000114018	AGGAAAAAGTGGCACCTCCACACCTACTACCCCTGGATCAACT	66425227	66322468	102759	66399388	25839	66425270	102802	25882
ENSMUST00000114018	AGGAAAAAGTGGCACCTCCACACCTACTACCCCTGGATCAACT	66425227	66322468	102759	66399388	25839	66425270	102802	25882
ENSMUST00000114018	AGGAAAAAGTGGCACCTCCACACCTACTACCCCTGGATCAACT	66425227	66362280	62947	66399388	25839	66425270	62990	25882
ENSMUST00000114018	AGGAAAAAGTGGCACCTCCACACCTACTACCCCTGGATCAACT	66425227	66401521	23706	66412406	12821	66425270	23749	12864
ENSMUST00000114018	AGGAAAAAGTGGCACCTCCACACCTACTACCCCTGGATCAACT	66425227	66401521	23706	66416343	8884	66425270	23749	8927
ENSMUST00000114018	AGGAAAAAGTGGCACCTCCACACCTACTACCCCTGGATCAACT	66425227	66401521	23706	66416731	8496	66425270	23749	8539
ENSMUST00000114018	AGGAAAAAGTGGCACCTCCACACCTACTACCCCTGGATCAACT	66425227	66401521	23706	66416731	8496	66425270	23749	8539
ENSMUST00000114018	AGGAAAAAGTGGCACCTCCACACCTACTACCCCTGGATCAACT	66425227	66401521	23706	66420134	5093	66425270	23749	5136
ENSMUST00000114018	AGGAAAAAGTGGCACCTCCACACCTACTACCCCTGGATCAACT	66425227	66416147	9080	66416731	8496	66425270	9123	8539
ENSMUST00000114018	AGGAAAAAGTGGCACCTCCACACCTACTACCCCTGGATCAACT	66425227	66401521	23706	66420134	5093	66425270	23749	5136
ENSMUST00000114018	AGGAAAAAGTGGCACCTCCACACCTACTACCCCTGGATCAACT	66425227	66416550	8677	66420134	5093	66425270	8720	5136
ENSMUST00000114018	AGGAAAAAGTGGCACCTCCACACCTACTACCCCTGGATCAACT	66425227	66425528	-301	66433513	-8286	66425270	-258	-8243
ENSMUST00000084038	ACATCCTCTGTCACCTGAATATCACCATGCCCCCCTGCACCAA	23119423	22975261	144162	23082192	37231	23120568	145307	38376
ENSMUST00000084038	ACATCCTCTGTCACCTGAATATCACCATGCCCCCCTGCACCAA	23119423	23109729	9694	23111359	8064	23120568	10839	9209
ENSMUST00000084038	ACATCCTCTGTCACCTGAATATCACCATGCCCCCCTGCACCAA	23119423	23123978	-4555	23132096	-12673	23120568	-3410	-11528
ENSMUST00000084038	ACATCCTCTGTCACCTGAATATCACCATGCCCCCCTGCACCAA	23119423	23123978	-4555	23132561	-13138	23120568	-3410	-11993
ENSMUST00000084038	ACATCCTCTGTCACCTGAATATCACCATGCCCCCCTGCACCAA	23119423	23123978	-4555	23132561	-13138	23120568	-3410	-11993
ENSMUST00000084038	ACATCCTCTGTCACCTGAATATCACCATGCCCCCCTGCACCAA	23119423	23141229	-21806	23148280	-28857	23120568	-20661	-27712
ENSMUST00000084038	ACATCCTCTGTCACCTGAATATCACCATGCCCCCCTGCACCAA	23119423	23141304	-21881	23148280	-28857	23120568	-20736	-27712
ENSMUST00000115227	AGCAGGAGGCCGCGGTTTTAGGGGTCGGGAGAGGGTCTTGGAGA	31428829	31446664	-17835	31449823	-20994	31428873	-17791	-20950
ENSMUST00000038696	AACCTGCAGACACTGAGGAACTCCAATTCTACTTAACAGGAATA	95005332	94998114	7218	95000206	5126	95005376	7262	5170
ENSMUST00000038696	AACCTGCAGACACTGAGGAACTCCAATTCTACTTAACAGGAATA	95005332	95001354	3978	95002078	3254	95005376	4022	3298
ENSMUST00000038696	AACCTGCAGACACTGAGGAACTCCAATTCTACTTAACAGGAATA	95005332	95001354	3978	95004560	772	95005376	4022	816
ENSMUST00000027414	GTTTGAAGTGGAACTCCAAGCAGCTCGGACTCTGGAGCGGCTGG	75529519	75521849	7670	75525087	4432	75529563	7714	4476
ENSMUST00000027414	GTTTGAAGTGGAACTCCAAGCAGCTCGGACTCTGGAGCGGCTGG	75529519	75521849	7670	75525087	4432	75529563	7714	4476
ENSMUST00000027414	GTTTGAAGTGGAACTCCAAGCAGCTCGGACTCTGGAGCGGCTGG	75529519	75526158	3361	75527362	2157	75529563	3405	2201
ENSMUST00000027414	GTTTGAAGTGGAACTCCAAGCAGCTCGGACTCTGGAGCGGCTGG	75529519	75528118	1401	75528910	609	75529563	1445	653
ENSMUST00000027414	GTTTGAAGTGGAACTCCAAGCAGCTCGGACTCTGGAGCGGCTGG	75529519	75529616	-97	75532302	-2783	75529563	-53	-2739
ENSMUST00000027414	GTTTGAAGTGGAACTCCAAGCAGCTCGGACTCTGGAGCGGCTGG	75529519	75530050	-531	75532302	-2783	75529563	-487	-2739
ENSMUST00000084935	TGTTGTTCTCTCGCCTCACGCCCGCCTCAGTCAGTTCGAGCTGA	100227660	100260077	-32417	100262065	-34405	100227704	-32373	-34361
ENSMUST00000084935	TGTTGTTCTCTCGCCTCACGCCCGCCTCAGTCAGTTCGAGCTGA	100227660	100260077	-32417	100262065	-34405	100227704	-32373	-34361
ENSMUST00000102880	AAAGCCGCCGTCGCCGCGTCCCGAGGATCCTACAGCCGCCGCCA	17159477	17159542	-65	17192956	-33479	17159521	-21	-33435
ENSMUST00000238701	AAAACGTGGGCTTGGGACTGTGAAATATTGCATGACATTAAAAA	84640214	84415908	224306	84514962	125252	84640245	224337	125283
ENSMUST00000238701	AAAACGTGGGCTTGGGACTGTGAAATATTGCATGACATTAAAAA	84640214	84537528	102686	84548508	91706	84640245	102717	91737
ENSMUST00000238701	AAAACGTGGGCTTGGGACTGTGAAATATTGCATGACATTAAAAA	84640214	84556810	83404	84565947	74267	84640245	83435	74298
ENSMUST00000238701	AAAACGTGGGCTTGGGACTGTGAAATATTGCATGACATTAAAAA	84640214	84567757	72457	84579469	60745	84640245	72488	60776
ENSMUST00000238701	AAAACGTGGGCTTGGGACTGTGAAATATTGCATGACATTAAAAA	84640214	84581351	58863	84587044	53170	84640245	58894	53201
ENSMUST00000238701	AAAACGTGGGCTTGGGACTGTGAAATATTGCATGACATTAAAAA	84640214	84588859	51355	84601388	38826	84640245	51386	38857
ENSMUST00000238701	AAAACGTGGGCTTGGGACTGTGAAATATTGCATGACATTAAAAA	84640214	84611748	28466	84617791	22423	84640245	28497	22454
ENSMUST00000238701	AAAACGTGGGCTTGGGACTGTGAAATATTGCATGACATTAAAAA	84640214	84612412	27802	84615573	24641	84640245	27833	24672
ENSMUST00000238701	AAAACGTGGGCTTGGGACTGTGAAATATTGCATGACATTAAAAA	84640214	84612412	27802	84617791	22423	84640245	27833	22454
ENSMUST00000238701	AAAACGTGGGCTTGGGACTGTGAAATATTGCATGACATTAAAAA	84640214	84612412	27802	84617791	22423	84640245	27833	22454
ENSMUST00000238701	AAAACGTGGGCTTGGGACTGTGAAATATTGCATGACATTAAAAA	84640214	84614791	25423	84617791	22423	84640245	25454	22454
ENSMUST00000238701	AAAACGTGGGCTTGGGACTGTGAAATATTGCATGACATTAAAAA	84640214	84629710	10504	84633206	7008	84640245	10535	7039
ENSMUST00000238701	AAAACGTGGGCTTGGGACTGTGAAATATTGCATGACATTAAAAA	84640214	84633763	6451	84636511	3703	84640245	6482	3734
ENSMUST00000238701	AAAACGTGGGCTTGGGACTGTGAAATATTGCATGACATTAAAAA	84640214	84633763	6451	84638611	1603	84640245	6482	1634
ENSMUST00000238701	AAAACGTGGGCTTGGGACTGTGAAATATTGCATGACATTAAAAA	84640214	84415908	224306	84514962	125252	84640245	224337	125283
ENSMUST00000238701	AAAACGTGGGCTTGGGACTGTGAAATATTGCATGACATTAAAAA	84640214	84537528	102686	84548508	91706	84640245	102717	91737
ENSMUST00000238701	AAAACGTGGGCTTGGGACTGTGAAATATTGCATGACATTAAAAA	84640214	84556810	83404	84565947	74267	84640245	83435	74298
ENSMUST00000238701	AAAACGTGGGCTTGGGACTGTGAAATATTGCATGACATTAAAAA	84640214	84567757	72457	84579469	60745	84640245	72488	60776
ENSMUST00000238701	AAAACGTGGGCTTGGGACTGTGAAATATTGCATGACATTAAAAA	84640214	84581351	58863	84587044	53170	84640245	58894	53201
ENSMUST00000238701	AAAACGTGGGCTTGGGACTGTGAAATATTGCATGACATTAAAAA	84640214	84588859	51355	84601388	38826	84640245	51386	38857
ENSMUST00000238701	AAAACGTGGGCTTGGGACTGTGAAATATTGCATGACATTAAAAA	84640214	84611748	28466	84617791	22423	84640245	28497	22454
ENSMUST00000238701	AAAACGTGGGCTTGGGACTGTGAAATATTGCATGACATTAAAAA	84640214	84612412	27802	84615573	24641	84640245	27833	24672
ENSMUST00000238701	AAAACGTGGGCTTGGGACTGTGAAATATTGCATGACATTAAAAA	84640214	84612412	27802	84617791	22423	84640245	27833	22454
ENSMUST00000238701	AAAACGTGGGCTTGGGACTGTGAAATATTGCATGACATTAAAAA	84640214	84612412	27802	84617791	22423	84640245	27833	22454
ENSMUST00000238701	AAAACGTGGGCTTGGGACTGTGAAATATTGCATGACATTAAAAA	84640214	84614791	25423	84617791	22423	84640245	25454	22454
ENSMUST00000238701	AAAACGTGGGCTTGGGACTGTGAAATATTGCATGACATTAAAAA	84640214	84629710	10504	84633206	7008	84640245	10535	7039
ENSMUST00000238701	AAAACGTGGGCTTGGGACTGTGAAATATTGCATGACATTAAAAA	84640214	84633763	6451	84636511	3703	84640245	6482	3734
ENSMUST00000238701	AAAACGTGGGCTTGGGACTGTGAAATATTGCATGACATTAAAAA	84640214	84633763	6451	84638611	1603	84640245	6482	1634
ENSMUST00000086831	GAGGCTGGTGCGAGGGCTGCGAGGTCTCTGGGGAACAAGACTCA	104460203	104479041	-18838	104483024	-22821	104466905	-12136	-16119
ENSMUST00000086831	GAGGCTGGTGCGAGGGCTGCGAGGTCTCTGGGGAACAAGACTCA	104460203	104483253	-23050	104489232	-29029	104466905	-16348	-22327
ENSMUST00000086831	GAGGCTGGTGCGAGGGCTGCGAGGTCTCTGGGGAACAAGACTCA	104460203	104489414	-29211	104494892	-34689	104466905	-22509	-27987
ENSMUST00000038890	ACACTAGCCCATTCATCACCTTCATTTAACTTAGACACACTGCT	64897297	64811586	85711	64838812	58485	64897341	85755	58529
ENSMUST00000038890	ACACTAGCCCATTCATCACCTTCATTTAACTTAGACACACTGCT	64897297	64835352	61945	64838812	58485	64897341	61989	58529
ENSMUST00000038890	ACACTAGCCCATTCATCACCTTCATTTAACTTAGACACACTGCT	64897297	64836081	61216	64842439	54858	64897341	61260	54902
ENSMUST00000038890	ACACTAGCCCATTCATCACCTTCATTTAACTTAGACACACTGCT	64897297	64839144	58153	64849125	48172	64897341	58197	48216
ENSMUST00000038890	ACACTAGCCCATTCATCACCTTCATTTAACTTAGACACACTGCT	64897297	64857733	39564	64861902	35395	64897341	39608	35439
ENSMUST00000038890	ACACTAGCCCATTCATCACCTTCATTTAACTTAGACACACTGCT	64897297	64857733	39564	64867761	29536	64897341	39608	29580
ENSMUST00000038890	ACACTAGCCCATTCATCACCTTCATTTAACTTAGACACACTGCT	64897297	64857733	39564	64862326	34971	64897341	39608	35015
ENSMUST00000038890	ACACTAGCCCATTCATCACCTTCATTTAACTTAGACACACTGCT	64897297	64857733	39564	64867761	29536	64897341	39608	29580
ENSMUST00000038890	ACACTAGCCCATTCATCACCTTCATTTAACTTAGACACACTGCT	64897297	64911913	-14616	64916958	-19661	64897341	-14572	-19617
ENSMUST00000038890	ACACTAGCCCATTCATCACCTTCATTTAACTTAGACACACTGCT	64897297	64912516	-15219	64916958	-19661	64897341	-15175	-19617
ENSMUST00000182597	AAATAAATTAAACTCTGCACTATGTAATAGACGTAAAGGTGATC	74580002	74593249	-13247	74594869	-14867	74580046	-13203	-14823
ENSMUST00000182597	AAATAAATTAAACTCTGCACTATGTAATAGACGTAAAGGTGATC	74580002	74593249	-13247	74594869	-14867	74580046	-13203	-14823
ENSMUST00000182597	AAATAAATTAAACTCTGCACTATGTAATAGACGTAAAGGTGATC	74580002	74606135	-26133	74609058	-29056	74580046	-26089	-29012
ENSMUST00000182597	AAATAAATTAAACTCTGCACTATGTAATAGACGTAAAGGTGATC	74580002	74614432	-34430	74618435	-38433	74580046	-34386	-38389
ENSMUST00000182597	AAATAAATTAAACTCTGCACTATGTAATAGACGTAAAGGTGATC	74580002	74614432	-34430	74618435	-38433	74580046	-34386	-38389
ENSMUST00000182597	AAATAAATTAAACTCTGCACTATGTAATAGACGTAAAGGTGATC	74580002	74618563	-38561	74622035	-42033	74580046	-38517	-41989
ENSMUST00000182597	AAATAAATTAAACTCTGCACTATGTAATAGACGTAAAGGTGATC	74580002	74635896	-55894	74639779	-59777	74580046	-55850	-59733
ENSMUST00000182597	AAATAAATTAAACTCTGCACTATGTAATAGACGTAAAGGTGATC	74580002	74659355	-79353	74662600	-82598	74580046	-79309	-82554
ENSMUST00000182597	AAATAAATTAAACTCTGCACTATGTAATAGACGTAAAGGTGATC	74580002	74659355	-79353	74668758	-88756	74580046	-79309	-88712
ENSMUST00000182597	AAATAAATTAAACTCTGCACTATGTAATAGACGTAAAGGTGATC	74580002	74659355	-79353	74668758	-88756	74580046	-79309	-88712
ENSMUST00000182597	AAATAAATTAAACTCTGCACTATGTAATAGACGTAAAGGTGATC	74580002	74660682	-80680	74668758	-88756	74580046	-80636	-88712
ENSMUST00000182597	AAATAAATTAAACTCTGCACTATGTAATAGACGTAAAGGTGATC	74580002	74677379	-97377	74689217	-109215	74580046	-97333	-109171
ENSMUST00000041543	GAGGACGACCGCTCAGAAGAGCTGGAGGCGCTAGCATCCTTGCT	137031440	137026462	4978	137030259	1181	137031484	5022	1225
ENSMUST00000041543	GAGGACGACCGCTCAGAAGAGCTGGAGGCGCTAGCATCCTTGCT	137031440	137028677	2763	137030259	1181	137031484	2807	1225
ENSMUST00000041543	GAGGACGACCGCTCAGAAGAGCTGGAGGCGCTAGCATCCTTGCT	137031440	137030461	979	137030965	475	137031484	1023	519
ENSMUST00000131942	CAGCAGGCCGTGGCCCAGCACCACCACACCGTCCTACCATCCCA	43077797	42709850	367947	43037449	40348	43077841	367991	40392
ENSMUST00000131942	CAGCAGGCCGTGGCCCAGCACCACCACACCGTCCTACCATCCCA	43077797	42709850	367947	43077654	143	43077841	367991	187
ENSMUST00000131942	CAGCAGGCCGTGGCCCAGCACCACCACACCGTCCTACCATCCCA	43077797	42709850	367947	43077654	143	43077841	367991	187
ENSMUST00000131942	CAGCAGGCCGTGGCCCAGCACCACCACACCGTCCTACCATCCCA	43077797	42956781	121016	43057178	20619	43077841	121060	20663
ENSMUST00000131942	CAGCAGGCCGTGGCCCAGCACCACCACACCGTCCTACCATCCCA	43077797	42956781	121016	43077654	143	43077841	121060	187
ENSMUST00000131942	CAGCAGGCCGTGGCCCAGCACCACCACACCGTCCTACCATCCCA	43077797	42956781	121016	43077654	143	43077841	121060	187
ENSMUST00000131942	CAGCAGGCCGTGGCCCAGCACCACCACACCGTCCTACCATCCCA	43077797	43037530	40267	43077654	143	43077841	40311	187
ENSMUST00000131942	CAGCAGGCCGTGGCCCAGCACCACCACACCGTCCTACCATCCCA	43077797	43057346	20451	43077654	143	43077841	20495	187
ENSMUST00000131942	CAGCAGGCCGTGGCCCAGCACCACCACACCGTCCTACCATCCCA	43077797	43096806	-19009	43128137	-50340	43077841	-18965	-50296
ENSMUST00000131942	CAGCAGGCCGTGGCCCAGCACCACCACACCGTCCTACCATCCCA	43077797	43134003	-56206	43135173	-57376	43077841	-56162	-57332
ENSMUST00000067664	ACCAGGCGAAGCTGGCAGAGCAGGCCGAGCGATACGACGAAATGG	75733053	75733091	-38	75755573	-22520	75751888	18797	-3685
ENSMUST00000067664	ACCAGGCGAAGCTGGCAGAGCAGGCCGAGCGATACGACGAAATGG	75733053	75733091	-38	75759291	-26238	75751888	18797	-7403
ENSMUST00000067664	ACCAGGCGAAGCTGGCAGAGCAGGCCGAGCGATACGACGAAATGG	75733053	75733091	-38	75764619	-31566	75751888	18797	-12731
ENSMUST00000022875	GGACAACAACTGTCGTCTCTTTCCTCCTCCTCCTCCCATCAAGTT	27593264	27562894	30370	27567514	25750	27593309	30415	25795
ENSMUST00000022875	GGACAACAACTGTCGTCTCTTTCCTCCTCCTCCTCCCATCAAGTT	27593264	27567607	25657	27590342	2922	27593309	25702	2967
ENSMUST00000022875	GGACAACAACTGTCGTCTCTTTCCTCCTCCTCCTCCCATCAAGTT	27593264	27590472	2792	27591436	1828	27593309	2837	1873
ENSMUST00000022875	GGACAACAACTGTCGTCTCTTTCCTCCTCCTCCTCCCATCAAGTT	27593264	27591041	2223	27593103	161	27593309	2268	206
ENSMUST00000065496	GTAACCAACCACTTCCATATGAAGACTCCTCCATGCCCTCCATAT	51852443	51826913	25530	51831638	20805	51852488	25575	20850
ENSMUST00000065496	GTAACCAACCACTTCCATATGAAGACTCCTCCATGCCCTCCATAT	51852443	51831827	20616	51840393	12050	51852488	20661	12095
ENSMUST00000065496	GTAACCAACCACTTCCATATGAAGACTCCTCCATGCCCTCCATAT	51852443	51840555	11888	51846240	6203	51852488	11933	6248
ENSMUST00000065496	GTAACCAACCACTTCCATATGAAGACTCCTCCATGCCCTCCATAT	51852443	51826913	25530	51831638	20805	51852488	25575	20850
ENSMUST00000065496	GTAACCAACCACTTCCATATGAAGACTCCTCCATGCCCTCCATAT	51852443	51831827	20616	51840393	12050	51852488	20661	12095
ENSMUST00000065496	GTAACCAACCACTTCCATATGAAGACTCCTCCATGCCCTCCATAT	51852443	51840555	11888	51846240	6203	51852488	11933	6248
ENSMUST00000114913	TGAAGAGGATGGGCTTTGAGGACCCCAAGGACAAGAATGCCCAGG	35274562	35157235	117327	35253140	21422	35279216	121981	26076
ENSMUST00000114913	TGAAGAGGATGGGCTTTGAGGACCCCAAGGACAAGAATGCCCAGG	35274562	35289621	-15059	35291501	-16939	35279216	-10405	-12285
ENSMUST00000114913	TGAAGAGGATGGGCTTTGAGGACCCCAAGGACAAGAATGCCCAGG	35274562	35290191	-15629	35293961	-19399	35279216	-10975	-14745
ENSMUST00000114913	TGAAGAGGATGGGCTTTGAGGACCCCAAGGACAAGAATGCCCAGG	35274562	35291677	-17115	35293961	-19399	35279216	-12461	-14745
ENSMUST00000114913	TGAAGAGGATGGGCTTTGAGGACCCCAAGGACAAGAATGCCCAGG	35274562	35293047	-18485	35298346	-23784	35279216	-13831	-19130
ENSMUST00000099513	GTCTTCAACGTGGTCTCGGACACTTTCTTCCTCATGGACTTGGTG	79724492	79724811	-319	79728892	-4400	79724537	-274	-4355
ENSMUST00000099513	GTCTTCAACGTGGTCTCGGACACTTTCTTCCTCATGGACTTGGTG	79724492	79726308	-1816	79730846	-6354	79724537	-1771	-6309
ENSMUST00000099513	GTCTTCAACGTGGTCTCGGACACTTTCTTCCTCATGGACTTGGTG	79724492	79729111	-4619	79733670	-9178	79724537	-4574	-9133
ENSMUST00000119299	CTGCCTTCTGTCCATCCTCACCATAGCATGCTGTACCCTCTTTCC	101668073	101640322	27751	101643946	24127	101668118	27796	24172
ENSMUST00000119299	CTGCCTTCTGTCCATCCTCACCATAGCATGCTGTACCCTCTTTCC	101668073	101640322	27751	101643946	24127	101668118	27796	24172
ENSMUST00000119299	CTGCCTTCTGTCCATCCTCACCATAGCATGCTGTACCCTCTTTCC	101668073	101640322	27751	101652139	15934	101668118	27796	15979
ENSMUST00000119299	CTGCCTTCTGTCCATCCTCACCATAGCATGCTGTACCCTCTTTCC	101668073	101661331	6742	101663842	4231	101668118	6787	4276
ENSMUST00000119299	CTGCCTTCTGTCCATCCTCACCATAGCATGCTGTACCCTCTTTCC	101668073	101667431	642	101667979	94	101668118	687	139
ENSMUST00000119299	CTGCCTTCTGTCCATCCTCACCATAGCATGCTGTACCCTCTTTCC	101668073	101668159	-86	101672447	-4374	101668118	-41	-4329
ENSMUST00000119299	CTGCCTTCTGTCCATCCTCACCATAGCATGCTGTACCCTCTTTCC	101668073	101669915	-1842	101672447	-4374	101668118	-1797	-4329
ENSMUST00000119299	CTGCCTTCTGTCCATCCTCACCATAGCATGCTGTACCCTCTTTCC	101668073	101672573	-4500	101673322	-5249	101668118	-4455	-5204
ENSMUST00000119299	CTGCCTTCTGTCCATCCTCACCATAGCATGCTGTACCCTCTTTCC	101668073	101673213	-5140	101673541	-5468	101668118	-5095	-5423
ENSMUST00000119299	CTGCCTTCTGTCCATCCTCACCATAGCATGCTGTACCCTCTTTCC	101668073	101678961	-10888	101682155	-14082	101668118	-10843	-14037
ENSMUST00000055483	GTTTTAGATGCTCACTTCTGTGTTTTAGGATTCTGCCCATTTACT	42105428	42059851	45577	42068356	37072	42105473	45622	37117
ENSMUST00000055483	GTTTTAGATGCTCACTTCTGTGTTTTAGGATTCTGCCCATTTACT	42105428	42059851	45577	42094366	11062	42105473	45622	11107
ENSMUST00000055483	GTTTTAGATGCTCACTTCTGTGTTTTAGGATTCTGCCCATTTACT	42105428	42068056	37372	42094366	11062	42105473	37417	11107
ENSMUST00000055483	GTTTTAGATGCTCACTTCTGTGTTTTAGGATTCTGCCCATTTACT	42105428	42068056	37372	42096612	8816	42105473	37417	8861
ENSMUST00000055483	GTTTTAGATGCTCACTTCTGTGTTTTAGGATTCTGCCCATTTACT	42105428	42068482	36946	42072473	32955	42105473	36991	33000
ENSMUST00000055483	GTTTTAGATGCTCACTTCTGTGTTTTAGGATTCTGCCCATTTACT	42105428	42068056	37372	42096612	8816	42105473	37417	8861
ENSMUST00000055483	GTTTTAGATGCTCACTTCTGTGTTTTAGGATTCTGCCCATTTACT	42105428	42068482	36946	42096612	8816	42105473	36991	8861
ENSMUST00000055483	GTTTTAGATGCTCACTTCTGTGTTTTAGGATTCTGCCCATTTACT	42105428	42068872	36556	42096612	8816	42105473	36601	8861
ENSMUST00000084513	AAAAGACCCCCGAGAAACTTGACAACACTCCTGCCTCACCTCCAA	130729474	130601937	127537	130674601	54873	130729519	127582	54918
ENSMUST00000084513	AAAAGACCCCCGAGAAACTTGACAACACTCCTGCCTCACCTCCAA	130729474	130663141	66333	130716702	12772	130729519	66378	12817
ENSMUST00000084513	AAAAGACCCCCGAGAAACTTGACAACACTCCTGCCTCACCTCCAA	130729474	130692987	36487	130728522	952	130729519	36532	997
ENSMUST00000084513	AAAAGACCCCCGAGAAACTTGACAACACTCCTGCCTCACCTCCAA	130729474	130729828	-354	130733505	-4031	130729519	-309	-3986
ENSMUST00000084513	AAAAGACCCCCGAGAAACTTGACAACACTCCTGCCTCACCTCCAA	130729474	130742301	-12827	130751189	-21715	130729519	-12782	-21670
ENSMUST00000084513	AAAAGACCCCCGAGAAACTTGACAACACTCCTGCCTCACCTCCAA	130729474	130743684	-14210	130751189	-21715	130729519	-14165	-21670
ENSMUST00000084513	AAAAGACCCCCGAGAAACTTGACAACACTCCTGCCTCACCTCCAA	130729474	130743684	-14210	130751833	-22359	130729519	-14165	-22314
ENSMUST00000044783	GACTATTGATCAAATTCACAAGGAGGCTGAGATGGAAGAGCACCG	20684079	20672876	11203	20673867	10212	20684124	11248	10257
ENSMUST00000044783	GACTATTGATCAAATTCACAAGGAGGCTGAGATGGAAGAGCACCG	20684079	20672876	11203	20674227	9852	20684124	11248	9897
ENSMUST00000044783	GACTATTGATCAAATTCACAAGGAGGCTGAGATGGAAGAGCACCG	20684079	20672876	11203	20674227	9852	20684124	11248	9897
ENSMUST00000044783	GACTATTGATCAAATTCACAAGGAGGCTGAGATGGAAGAGCACCG	20684079	20673655	10424	20674227	9852	20684124	10469	9897
ENSMUST00000044783	GACTATTGATCAAATTCACAAGGAGGCTGAGATGGAAGAGCACCG	20684079	20672876	11203	20675343	8736	20684124	11248	8781
ENSMUST00000044783	GACTATTGATCAAATTCACAAGGAGGCTGAGATGGAAGAGCACCG	20684079	20672876	11203	20675729	8350	20684124	11248	8395
ENSMUST00000044783	GACTATTGATCAAATTCACAAGGAGGCTGAGATGGAAGAGCACCG	20684079	20674314	9765	20675343	8736	20684124	9810	8781
ENSMUST00000044783	GACTATTGATCAAATTCACAAGGAGGCTGAGATGGAAGAGCACCG	20684079	20672876	11203	20675729	8350	20684124	11248	8395
ENSMUST00000044783	GACTATTGATCAAATTCACAAGGAGGCTGAGATGGAAGAGCACCG	20684079	20681316	2763	20681733	2346	20684124	2808	2391
ENSMUST00000044783	GACTATTGATCAAATTCACAAGGAGGCTGAGATGGAAGAGCACCG	20684079	20681316	2763	20681736	2343	20684124	2808	2388
ENSMUST00000044783	GACTATTGATCAAATTCACAAGGAGGCTGAGATGGAAGAGCACCG	20684079	20682805	1274	20683811	268	20684124	1319	313
ENSMUST00000044783	GACTATTGATCAAATTCACAAGGAGGCTGAGATGGAAGAGCACCG	20684079	20686932	-2853	20687380	-3301	20684124	-2808	-3256
ENSMUST00000099490	GAAGGGGATGTAAGCAGCAAGGATAAGATGGGAAAAGGAGTTGAT	55296147	55214150	81997	55238689	57458	55298564	84414	59875
ENSMUST00000099490	GAAGGGGATGTAAGCAGCAAGGATAAGATGGGAAAAGGAGTTGAT	55296147	55214150	81997	55245517	50630	55298564	84414	53047
ENSMUST00000099490	GAAGGGGATGTAAGCAGCAAGGATAAGATGGGAAAAGGAGTTGAT	55296147	55214150	81997	55245517	50630	55298564	84414	53047
ENSMUST00000099490	GAAGGGGATGTAAGCAGCAAGGATAAGATGGGAAAAGGAGTTGAT	55296147	55234030	62117	55245517	50630	55298564	64534	53047
ENSMUST00000099490	GAAGGGGATGTAAGCAGCAAGGATAAGATGGGAAAAGGAGTTGAT	55296147	55238862	57285	55260343	35804	55298564	59702	38221
ENSMUST00000099490	GAAGGGGATGTAAGCAGCAAGGATAAGATGGGAAAAGGAGTTGAT	55296147	55293714	2433	55298563	-2416	55298564	4850	1
ENSMUST00000099490	GAAGGGGATGTAAGCAGCAAGGATAAGATGGGAAAAGGAGTTGAT	55296147	55298676	-2529	55301726	-5579	55298564	-112	-3162
ENSMUST00000109567	TGGTTCCTGGTCCACTCTGACCCTCAGTCATGCCCATGAGGTCTG	156701550	156613858	87692	156700605	945	156701595	87737	990
ENSMUST00000109567	TGGTTCCTGGTCCACTCTGACCCTCAGTCATGCCCATGAGGTCTG	156701550	156613858	87692	156745834	-44284	156701595	87737	-44239
ENSMUST00000109567	TGGTTCCTGGTCCACTCTGACCCTCAGTCATGCCCATGAGGTCTG	156701550	156705970	-4420	156711020	-9470	156701595	-4375	-9425
ENSMUST00000109567	TGGTTCCTGGTCCACTCTGACCCTCAGTCATGCCCATGAGGTCTG	156701550	156711261	-9711	156760850	-59300	156701595	-9666	-59255
ENSMUST00000109567	TGGTTCCTGGTCCACTCTGACCCTCAGTCATGCCCATGAGGTCTG	156701550	156721087	-19537	156760850	-59300	156701595	-19492	-59255
ENSMUST00000109567	TGGTTCCTGGTCCACTCTGACCCTCAGTCATGCCCATGAGGTCTG	156701550	156721087	-19537	156760850	-59300	156701595	-19492	-59255
ENSMUST00000109567	TGGTTCCTGGTCCACTCTGACCCTCAGTCATGCCCATGAGGTCTG	156701550	156746196	-44646	156748331	-46781	156701595	-44601	-46736
ENSMUST00000109567	TGGTTCCTGGTCCACTCTGACCCTCAGTCATGCCCATGAGGTCTG	156701550	156746196	-44646	156748943	-47393	156701595	-44601	-47348
ENSMUST00000109567	TGGTTCCTGGTCCACTCTGACCCTCAGTCATGCCCATGAGGTCTG	156701550	156746196	-44646	156748943	-47393	156701595	-44601	-47348
ENSMUST00000109567	TGGTTCCTGGTCCACTCTGACCCTCAGTCATGCCCATGAGGTCTG	156701550	156746196	-44646	156748943	-47393	156701595	-44601	-47348
ENSMUST00000109567	TGGTTCCTGGTCCACTCTGACCCTCAGTCATGCCCATGAGGTCTG	156701550	156746196	-44646	156748943	-47393	156701595	-44601	-47348
ENSMUST00000109567	TGGTTCCTGGTCCACTCTGACCCTCAGTCATGCCCATGAGGTCTG	156701550	156748102	-46552	156748943	-47393	156701595	-46507	-47348
ENSMUST00000061620	CGCCACAGCTGAATCTCGTCCACATGCATCCGGAGAAGGGGCAGG	66641697	66468538	173159	66471975	169722	66644297	175759	172322
ENSMUST00000061620	CGCCACAGCTGAATCTCGTCCACATGCATCCGGAGAAGGGGCAGG	66641697	66485841	155856	66503529	138168	66644297	158456	140768
ENSMUST00000061620	CGCCACAGCTGAATCTCGTCCACATGCATCCGGAGAAGGGGCAGG	66641697	66601220	40477	66608391	33306	66644297	43077	35906
ENSMUST00000061620	CGCCACAGCTGAATCTCGTCCACATGCATCCGGAGAAGGGGCAGG	66641697	66601220	40477	66612087	29610	66644297	43077	32210
ENSMUST00000061620	CGCCACAGCTGAATCTCGTCCACATGCATCCGGAGAAGGGGCAGG	66641697	66622637	19060	66626427	15270	66644297	21660	17870
ENSMUST00000061620	CGCCACAGCTGAATCTCGTCCACATGCATCCGGAGAAGGGGCAGG	66641697	66641717	-20	66646370	-4673	66644297	2580	-2073
ENSMUST00000061620	CGCCACAGCTGAATCTCGTCCACATGCATCCGGAGAAGGGGCAGG	66641697	66654602	-12905	66671585	-29888	66644297	-10305	-27288
ENSMUST00000061620	CGCCACAGCTGAATCTCGTCCACATGCATCCGGAGAAGGGGCAGG	66641697	66671709	-30012	66673986	-32289	66644297	-27412	-29689
ENSMUST00000061620	CGCCACAGCTGAATCTCGTCCACATGCATCCGGAGAAGGGGCAGG	66641697	66683287	-41590	66692507	-50810	66644297	-38990	-48210
ENSMUST00000061620	CGCCACAGCTGAATCTCGTCCACATGCATCCGGAGAAGGGGCAGG	66641697	66693803	-52106	66695329	-53632	66644297	-49506	-51032
ENSMUST00000043141	CTGGCCAAGAACCGGAAGGGCATCGCCATTATCGTCCACGGGACGC	110514272	110267031	247241	110298074	216198	110514861	247830	216787
ENSMUST00000043141	CTGGCCAAGAACCGGAAGGGCATCGCCATTATCGTCCACGGGACGC	110514272	110505879	8393	110506427	7845	110514861	8982	8434
ENSMUST00000043141	CTGGCCAAGAACCGGAAGGGCATCGCCATTATCGTCCACGGGACGC	110514272	110589619	-75347	110593666	-79394	110514861	-74758	-78805
ENSMUST00000043141	CTGGCCAAGAACCGGAAGGGCATCGCCATTATCGTCCACGGGACGC	110514272	110267031	247241	110298074	216198	110514861	247830	216787
ENSMUST00000043141	CTGGCCAAGAACCGGAAGGGCATCGCCATTATCGTCCACGGGACGC	110514272	110505879	8393	110506427	7845	110514861	8982	8434
ENSMUST00000043141	CTGGCCAAGAACCGGAAGGGCATCGCCATTATCGTCCACGGGACGC	110514272	110589619	-75347	110593666	-79394	110514861	-74758	-78805
ENSMUST00000165594	TAATTGCTGGCAGCCTGTTATCGACTACATTGATAGTAAATTTGAA	25288184	25252699	35485	25277543	10641	25288229	35530	10686
ENSMUST00000165594	TAATTGCTGGCAGCCTGTTATCGACTACATTGATAGTAAATTTGAA	25288184	25264207	23977	25277543	10641	25288229	24022	10686
ENSMUST00000165594	TAATTGCTGGCAGCCTGTTATCGACTACATTGATAGTAAATTTGAA	25288184	25252699	35485	25286667	1517	25288229	35530	1562
ENSMUST00000165594	TAATTGCTGGCAGCCTGTTATCGACTACATTGATAGTAAATTTGAA	25288184	25286768	1416	25293684	-5500	25288229	1461	-5455
ENSMUST00000165594	TAATTGCTGGCAGCCTGTTATCGACTACATTGATAGTAAATTTGAA	25288184	25296487	-8303	25299491	-11307	25288229	-8258	-11262
ENSMUST00000040787	CTTTGCTTTCCCGAATTCTGCCTTCTGATGCCTGTAAAATATACAA	157975236	157962382	12854	157972999	2237	157975282	12900	2283
ENSMUST00000040787	CTTTGCTTTCCCGAATTCTGCCTTCTGATGCCTGTAAAATATACAA	157975236	157962382	12854	157975227	9	157975282	12900	55
ENSMUST00000040787	CTTTGCTTTCCCGAATTCTGCCTTCTGATGCCTGTAAAATATACAA	157975236	157962382	12854	157988639	-13403	157975282	12900	-13357
ENSMUST00000040787	CTTTGCTTTCCCGAATTCTGCCTTCTGATGCCTGTAAAATATACAA	157975236	157962382	12854	157975227	9	157975282	12900	55
ENSMUST00000040787	CTTTGCTTTCCCGAATTCTGCCTTCTGATGCCTGTAAAATATACAA	157975236	157962382	12854	157988639	-13403	157975282	12900	-13357
ENSMUST00000040787	CTTTGCTTTCCCGAATTCTGCCTTCTGATGCCTGTAAAATATACAA	157975236	157972317	2919	157975227	9	157975282	2965	55
ENSMUST00000040787	CTTTGCTTTCCCGAATTCTGCCTTCTGATGCCTGTAAAATATACAA	157975236	157972317	2919	157988639	-13403	157975282	2965	-13357
ENSMUST00000040787	CTTTGCTTTCCCGAATTCTGCCTTCTGATGCCTGTAAAATATACAA	157975236	157962382	12854	157988639	-13403	157975282	12900	-13357
ENSMUST00000040787	CTTTGCTTTCCCGAATTCTGCCTTCTGATGCCTGTAAAATATACAA	157975236	157962382	12854	157991680	-16444	157975282	12900	-16398
ENSMUST00000040787	CTTTGCTTTCCCGAATTCTGCCTTCTGATGCCTGTAAAATATACAA	157975236	157972317	2919	157988639	-13403	157975282	2965	-13357
ENSMUST00000040787	CTTTGCTTTCCCGAATTCTGCCTTCTGATGCCTGTAAAATATACAA	157975236	157962382	12854	157988639	-13403	157975282	12900	-13357
ENSMUST00000040787	CTTTGCTTTCCCGAATTCTGCCTTCTGATGCCTGTAAAATATACAA	157975236	157962382	12854	157991680	-16444	157975282	12900	-16398
ENSMUST00000040787	CTTTGCTTTCCCGAATTCTGCCTTCTGATGCCTGTAAAATATACAA	157975236	157972317	2919	157988639	-13403	157975282	2965	-13357
ENSMUST00000040787	CTTTGCTTTCCCGAATTCTGCCTTCTGATGCCTGTAAAATATACAA	157975236	157973045	2191	157988639	-13403	157975282	2237	-13357
ENSMUST00000040787	CTTTGCTTTCCCGAATTCTGCCTTCTGATGCCTGTAAAATATACAA	157975236	157962382	12854	157991680	-16444	157975282	12900	-16398
ENSMUST00000040787	CTTTGCTTTCCCGAATTCTGCCTTCTGATGCCTGTAAAATATACAA	157975236	157975294	-58	157991680	-16444	157975282	-12	-16398
ENSMUST00000040787	CTTTGCTTTCCCGAATTCTGCCTTCTGATGCCTGTAAAATATACAA	157975236	157975294	-58	157999656	-24420	157975282	-12	-24374
ENSMUST00000040787	CTTTGCTTTCCCGAATTCTGCCTTCTGATGCCTGTAAAATATACAA	157975236	157991812	-16576	157999656	-24420	157975282	-16530	-24374
ENSMUST00000040787	CTTTGCTTTCCCGAATTCTGCCTTCTGATGCCTGTAAAATATACAA	157975236	157994758	-19522	158001073	-25837	157975282	-19476	-25791
ENSMUST00000002825	CCTGATGATGACTACTGTCCTCGAAGTAAGAAAGCAAACCTAGGCA	135223202	135210938	12264	135221957	1245	135226540	15602	4583
ENSMUST00000002825	CCTGATGATGACTACTGTCCTCGAAGTAAGAAAGCAAACCTAGGCA	135223202	135223218	-16	135228526	-5324	135226540	3322	-1986
ENSMUST00000002825	CCTGATGATGACTACTGTCCTCGAAGTAAGAAAGCAAACCTAGGCA	135223202	135236422	-13220	135240026	-16824	135226540	-9882	-13486
ENSMUST00000022458	GGCTGCCAGCCTTCCTAGACAATCACAATTATGCCAAATCCCCTAT	31256256	31251779	4477	31252927	3329	31256668	4889	3741
ENSMUST00000022458	GGCTGCCAGCCTTCCTAGACAATCACAATTATGCCAAATCCCCTAT	31256256	31251779	4477	31253455	2801	31256668	4889	3213
ENSMUST00000022458	GGCTGCCAGCCTTCCTAGACAATCACAATTATGCCAAATCCCCTAT	31256256	31251779	4477	31254032	2224	31256668	4889	2636
ENSMUST00000022458	GGCTGCCAGCCTTCCTAGACAATCACAATTATGCCAAATCCCCTAT	31256256	31251779	4477	31253455	2801	31256668	4889	3213
ENSMUST00000022458	GGCTGCCAGCCTTCCTAGACAATCACAATTATGCCAAATCCCCTAT	31256256	31251954	4302	31253455	2801	31256668	4714	3213
ENSMUST00000022458	GGCTGCCAGCCTTCCTAGACAATCACAATTATGCCAAATCCCCTAT	31256256	31251779	4477	31254032	2224	31256668	4889	2636
ENSMUST00000022458	GGCTGCCAGCCTTCCTAGACAATCACAATTATGCCAAATCCCCTAT	31256256	31251954	4302	31254032	2224	31256668	4714	2636
ENSMUST00000022458	GGCTGCCAGCCTTCCTAGACAATCACAATTATGCCAAATCCCCTAT	31256256	31251779	4477	31254032	2224	31256668	4889	2636
ENSMUST00000022458	GGCTGCCAGCCTTCCTAGACAATCACAATTATGCCAAATCCCCTAT	31256256	31251954	4302	31254032	2224	31256668	4714	2636
ENSMUST00000022458	GGCTGCCAGCCTTCCTAGACAATCACAATTATGCCAAATCCCCTAT	31256256	31253575	2681	31254166	2090	31256668	3093	2502
ENSMUST00000022458	GGCTGCCAGCCTTCCTAGACAATCACAATTATGCCAAATCCCCTAT	31256256	31255209	1047	31256110	146	31256668	1459	558
ENSMUST00000022458	GGCTGCCAGCCTTCCTAGACAATCACAATTATGCCAAATCCCCTAT	31256256	31258041	-1785	31258457	-2201	31256668	-1373	-1789
ENSMUST00000022458	GGCTGCCAGCCTTCCTAGACAATCACAATTATGCCAAATCCCCTAT	31256256	31251779	4477	31252927	3329	31256668	4889	3741
ENSMUST00000022458	GGCTGCCAGCCTTCCTAGACAATCACAATTATGCCAAATCCCCTAT	31256256	31251779	4477	31253455	2801	31256668	4889	3213
ENSMUST00000022458	GGCTGCCAGCCTTCCTAGACAATCACAATTATGCCAAATCCCCTAT	31256256	31251779	4477	31254032	2224	31256668	4889	2636
ENSMUST00000022458	GGCTGCCAGCCTTCCTAGACAATCACAATTATGCCAAATCCCCTAT	31256256	31251779	4477	31253455	2801	31256668	4889	3213
ENSMUST00000022458	GGCTGCCAGCCTTCCTAGACAATCACAATTATGCCAAATCCCCTAT	31256256	31251954	4302	31253455	2801	31256668	4714	3213
ENSMUST00000022458	GGCTGCCAGCCTTCCTAGACAATCACAATTATGCCAAATCCCCTAT	31256256	31251779	4477	31254032	2224	31256668	4889	2636
ENSMUST00000022458	GGCTGCCAGCCTTCCTAGACAATCACAATTATGCCAAATCCCCTAT	31256256	31251954	4302	31254032	2224	31256668	4714	2636
ENSMUST00000022458	GGCTGCCAGCCTTCCTAGACAATCACAATTATGCCAAATCCCCTAT	31256256	31251779	4477	31254032	2224	31256668	4889	2636
ENSMUST00000022458	GGCTGCCAGCCTTCCTAGACAATCACAATTATGCCAAATCCCCTAT	31256256	31251954	4302	31254032	2224	31256668	4714	2636
ENSMUST00000022458	GGCTGCCAGCCTTCCTAGACAATCACAATTATGCCAAATCCCCTAT	31256256	31253575	2681	31254166	2090	31256668	3093	2502
ENSMUST00000022458	GGCTGCCAGCCTTCCTAGACAATCACAATTATGCCAAATCCCCTAT	31256256	31255209	1047	31256110	146	31256668	1459	558
ENSMUST00000022458	GGCTGCCAGCCTTCCTAGACAATCACAATTATGCCAAATCCCCTAT	31256256	31258041	-1785	31258457	-2201	31256668	-1373	-1789
ENSMUST00000084935	CATATGGAACGAAACCTTCAAGAACTCCACTCAGTGAACCTTGTGT	100272474	100260077	12397	100262065	10409	100272520	12443	10455
ENSMUST00000026993	ACCTCAATATCTACTTCAACTGCACTGACTTGAACCCAAGCCGTGA	54795094	54789681	5413	54795052	42	54795140	5459	88
ENSMUST00000026993	ACCTCAATATCTACTTCAACTGCACTGACTTGAACCCAAGCCGTGA	54795094	54789681	5413	54795052	42	54795140	5459	88
ENSMUST00000026993	ACCTCAATATCTACTTCAACTGCACTGACTTGAACCCAAGCCGTGA	54795094	54793365	1729	54795410	-316	54795140	1775	-270
ENSMUST00000026993	ACCTCAATATCTACTTCAACTGCACTGACTTGAACCCAAGCCGTGA	54795094	54795458	-364	54796156	-1062	54795140	-318	-1016
ENSMUST00000018521	CACCAGTGACTCTCACTACTCCATTCAATATAACGTCCTCTGTGTC	88081442	88076374	5068	88081397	45	88081488	5114	91
ENSMUST00000043141	CCTGGCCAAGAACCGGAAGGGCATCGCCATTATCGTCCACGGGACG	110514271	110267031	247240	110298074	216197	110514860	247829	216786
ENSMUST00000043141	CCTGGCCAAGAACCGGAAGGGCATCGCCATTATCGTCCACGGGACG	110514271	110505879	8392	110506427	7844	110514860	8981	8433
ENSMUST00000043141	CCTGGCCAAGAACCGGAAGGGCATCGCCATTATCGTCCACGGGACG	110514271	110589619	-75348	110593666	-79395	110514860	-74759	-78806
ENSMUST00000043141	CCTGGCCAAGAACCGGAAGGGCATCGCCATTATCGTCCACGGGACG	110514271	110267031	247240	110298074	216197	110514860	247829	216786
ENSMUST00000043141	CCTGGCCAAGAACCGGAAGGGCATCGCCATTATCGTCCACGGGACG	110514271	110505879	8392	110506427	7844	110514860	8981	8433
ENSMUST00000043141	CCTGGCCAAGAACCGGAAGGGCATCGCCATTATCGTCCACGGGACG	110514271	110589619	-75348	110593666	-79395	110514860	-74759	-78806
ENSMUST00000169035	TCTAAATCTCCAGTCTGTCTGTTGTACTGGTAATTTAACTCTGTAA	43289598	43237588	52010	43244585	45013	43289644	52056	45059
ENSMUST00000169035	TCTAAATCTCCAGTCTGTCTGTTGTACTGGTAATTTAACTCTGTAA	43289598	43237597	52001	43244585	45013	43289644	52047	45059
ENSMUST00000169035	TCTAAATCTCCAGTCTGTCTGTTGTACTGGTAATTTAACTCTGTAA	43289598	43261784	27814	43277430	12168	43289644	27860	12214
ENSMUST00000169035	TCTAAATCTCCAGTCTGTCTGTTGTACTGGTAATTTAACTCTGTAA	43289598	43281485	8113	43285718	3880	43289644	8159	3926
ENSMUST00000148486	CACGGATTTTGACCCCTCTATCCTGCCTCCTCCGGACCCCTGGATT	70787010	70078423	708587	70308046	478964	70787056	708633	479010
ENSMUST00000148486	CACGGATTTTGACCCCTCTATCCTGCCTCCTCCGGACCCCTGGATT	70787010	70078423	708587	70424795	362215	70787056	708633	362261
ENSMUST00000148486	CACGGATTTTGACCCCTCTATCCTGCCTCCTCCGGACCCCTGGATT	70787010	70308170	478840	70515953	271057	70787056	478886	271103
ENSMUST00000148486	CACGGATTTTGACCCCTCTATCCTGCCTCCTCCGGACCCCTGGATT	70787010	70424888	362122	70593166	193844	70787056	362168	193890
ENSMUST00000148486	CACGGATTTTGACCCCTCTATCCTGCCTCCTCCGGACCCCTGGATT	70787010	70522262	264748	70657453	129557	70787056	264794	129603
ENSMUST00000148486	CACGGATTTTGACCCCTCTATCCTGCCTCCTCCGGACCCCTGGATT	70787010	70593381	193629	70761074	25936	70787056	193675	25982
ENSMUST00000148486	CACGGATTTTGACCCCTCTATCCTGCCTCCTCCGGACCCCTGGATT	70787010	70662809	124201	70761074	25936	70787056	124247	25982
ENSMUST00000148486	CACGGATTTTGACCCCTCTATCCTGCCTCCTCCGGACCCCTGGATT	70787010	70662809	124201	70761158	25852	70787056	124247	25898
ENSMUST00000148486	CACGGATTTTGACCCCTCTATCCTGCCTCCTCCGGACCCCTGGATT	70787010	70809279	-22269	70818024	-31014	70787056	-22223	-30968
ENSMUST00000184945	CCACACTGTCGGAAAGCCCTCTCTCTTCCCCTGCTGCTAGCCCTAA	49552840	49247198	305642	49372316	180524	49552885	305687	180569
ENSMUST00000184945	CCACACTGTCGGAAAGCCCTCTCTCTTCCCCTGCTGCTAGCCCTAA	49552840	49408906	143934	49420173	132667	49552885	143979	132712
ENSMUST00000184945	CCACACTGTCGGAAAGCCCTCTCTCTTCCCCTGCTGCTAGCCCTAA	49552840	49548541	4299	49552839	1	49552885	4344	46
ENSMUST00000184945	CCACACTGTCGGAAAGCCCTCTCTCTTCCCCTGCTGCTAGCCCTAA	49552840	49548541	4299	49556909	-4069	49552885	4344	-4024
ENSMUST00000184945	CCACACTGTCGGAAAGCCCTCTCTCTTCCCCTGCTGCTAGCCCTAA	49552840	49548541	4299	49554214	-1374	49552885	4344	-1329
ENSMUST00000184945	CCACACTGTCGGAAAGCCCTCTCTCTTCCCCTGCTGCTAGCCCTAA	49552840	49548541	4299	49556909	-4069	49552885	4344	-4024
ENSMUST00000184945	CCACACTGTCGGAAAGCCCTCTCTCTTCCCCTGCTGCTAGCCCTAA	49552840	49552049	791	49556909	-4069	49552885	836	-4024
ENSMUST00000184945	CCACACTGTCGGAAAGCCCTCTCTCTTCCCCTGCTGCTAGCCCTAA	49552840	49548541	4299	49556909	-4069	49552885	4344	-4024
ENSMUST00000184945	CCACACTGTCGGAAAGCCCTCTCTCTTCCCCTGCTGCTAGCCCTAA	49552840	49552905	-65	49556909	-4069	49552885	-20	-4024
ENSMUST00000184945	CCACACTGTCGGAAAGCCCTCTCTCTTCCCCTGCTGCTAGCCCTAA	49552840	49570775	-17935	49572307	-19467	49552885	-17890	-19422
ENSMUST00000184945	CCACACTGTCGGAAAGCCCTCTCTCTTCCCCTGCTGCTAGCCCTAA	49552840	49572453	-19613	49575647	-22807	49552885	-19568	-22762
ENSMUST00000184945	CCACACTGTCGGAAAGCCCTCTCTCTTCCCCTGCTGCTAGCCCTAA	49552840	49584212	-31372	49587706	-34866	49552885	-31327	-34821
ENSMUST00000184945	CCACACTGTCGGAAAGCCCTCTCTCTTCCCCTGCTGCTAGCCCTAA	49552840	49584212	-31372	49589149	-36309	49552885	-31327	-36264
ENSMUST00000041804	CAACATTGCCAGCTTCTCTCTCACACACCTCACGGACTCAGACATT	144183378	144129477	53901	144143525	39853	144184719	55242	41194
ENSMUST00000041804	CAACATTGCCAGCTTCTCTCTCACACACCTCACGGACTCAGACATT	144183378	144148365	35013	144164605	18773	144184719	36354	20114
ENSMUST00000041804	CAACATTGCCAGCTTCTCTCTCACACACCTCACGGACTCAGACATT	144183378	144156994	26384	144171736	11642	144184719	27725	12983
ENSMUST00000041804	CAACATTGCCAGCTTCTCTCTCACACACCTCACGGACTCAGACATT	144183378	144164690	18688	144171736	11642	144184719	20029	12983
ENSMUST00000041804	CAACATTGCCAGCTTCTCTCTCACACACCTCACGGACTCAGACATT	144183378	144176477	6901	144183181	197	144184719	8242	1538
ENSMUST00000041804	CAACATTGCCAGCTTCTCTCTCACACACCTCACGGACTCAGACATT	144183378	144129477	53901	144143525	39853	144184719	55242	41194
ENSMUST00000041804	CAACATTGCCAGCTTCTCTCTCACACACCTCACGGACTCAGACATT	144183378	144148365	35013	144164605	18773	144184719	36354	20114
ENSMUST00000041804	CAACATTGCCAGCTTCTCTCTCACACACCTCACGGACTCAGACATT	144183378	144156994	26384	144171736	11642	144184719	27725	12983
ENSMUST00000041804	CAACATTGCCAGCTTCTCTCTCACACACCTCACGGACTCAGACATT	144183378	144164690	18688	144171736	11642	144184719	20029	12983
ENSMUST00000041804	CAACATTGCCAGCTTCTCTCTCACACACCTCACGGACTCAGACATT	144183378	144176477	6901	144183181	197	144184719	8242	1538
ENSMUST00000025202	TGTCTGTCTGTCTGTCTGTCTGTCCATCTGTCCCAGGGATGTTGTGA	46431056	46398247	32809	46435157	-4101	46431103	32856	-4054
ENSMUST00000025202	TGTCTGTCTGTCTGTCTGTCTGTCCATCTGTCCCAGGGATGTTGTGA	46431056	46398247	32809	46435157	-4101	46431103	32856	-4054
ENSMUST00000061158	ACCGAGAGCGAATAGAACTGTTTTGCACCGAGTATCAGAACAATAAG	18674153	18674006	147	18674280	-127	18674293	287	13
ENSMUST00000096250	TCATTTTCAGAGGACTCCTGTCACCAATCAATCTTCAAATTTGACTG	96369965	96361983	7982	96362491	7474	96370012	8029	7521
ENSMUST00000096250	TCATTTTCAGAGGACTCCTGTCACCAATCAATCTTCAAATTTGACTG	96369965	96372762	-2797	96390875	-20910	96370012	-2750	-20863
ENSMUST00000013807	GAATAATGACATTACAATGGGCTGTTGCACTGTTAATATTTTTCCTT	32822259	32792593	29666	32799860	22399	32822306	29713	22446
ENSMUST00000009713	CCACAAGGTCTACAGCTCCCGTGCTCCCTACAAACACTGTGTCCTCA	13394895	13256554	138341	13326381	68514	13394942	138388	68561
ENSMUST00000009713	CCACAAGGTCTACAGCTCCCGTGCTCCCTACAAACACTGTGTCCTCA	13394895	13326571	68324	13378263	16632	13394942	68371	16679
ENSMUST00000230703	AGGACTCCCTGGATGAAGACCTCGTCAGGAATCCAGCCTCCTCTGTT	5077078	5050781	26297	5055076	22002	5077125	26344	22049
ENSMUST00000230703	AGGACTCCCTGGATGAAGACCTCGTCAGGAATCCAGCCTCCTCTGTT	5077078	5055364	21714	5062534	14544	5077125	21761	14591
ENSMUST00000230703	AGGACTCCCTGGATGAAGACCTCGTCAGGAATCCAGCCTCCTCTGTT	5077078	5074512	2566	5081417	-4339	5077125	2613	-4292
ENSMUST00000230703	AGGACTCCCTGGATGAAGACCTCGTCAGGAATCCAGCCTCCTCTGTT	5077078	5078115	-1037	5084055	-6977	5077125	-990	-6930
ENSMUST00000230703	AGGACTCCCTGGATGAAGACCTCGTCAGGAATCCAGCCTCCTCTGTT	5077078	5081661	-4583	5084055	-6977	5077125	-4536	-6930
ENSMUST00000230703	AGGACTCCCTGGATGAAGACCTCGTCAGGAATCCAGCCTCCTCTGTT	5077078	5050781	26297	5055076	22002	5077125	26344	22049
ENSMUST00000230703	AGGACTCCCTGGATGAAGACCTCGTCAGGAATCCAGCCTCCTCTGTT	5077078	5055364	21714	5062534	14544	5077125	21761	14591
ENSMUST00000230703	AGGACTCCCTGGATGAAGACCTCGTCAGGAATCCAGCCTCCTCTGTT	5077078	5074512	2566	5081417	-4339	5077125	2613	-4292
ENSMUST00000230703	AGGACTCCCTGGATGAAGACCTCGTCAGGAATCCAGCCTCCTCTGTT	5077078	5078115	-1037	5084055	-6977	5077125	-990	-6930
ENSMUST00000230703	AGGACTCCCTGGATGAAGACCTCGTCAGGAATCCAGCCTCCTCTGTT	5077078	5081661	-4583	5084055	-6977	5077125	-4536	-6930
ENSMUST00000033081	GCGGGGAGGCTGGAAAGGAGGATACAGTGGAGGGAGAAGACGAGAAG	127749746	127750067	-321	127750864	-1118	127749793	-274	-1071
ENSMUST00000110559	CCATTCACCAGGATGTTCACATAAACACCATAAACCTCTTCCTCTGT	13637669	13613927	23742	13631008	6661	13637716	23789	6708
ENSMUST00000110559	CCATTCACCAGGATGTTCACATAAACACCATAAACCTCTTCCTCTGT	13637669	13651750	-14081	13658596	-20927	13637716	-14034	-20880
ENSMUST00000110559	CCATTCACCAGGATGTTCACATAAACACCATAAACCTCTTCCTCTGT	13637669	13673454	-35785	13677648	-39979	13637716	-35738	-39932
ENSMUST00000110559	CCATTCACCAGGATGTTCACATAAACACCATAAACCTCTTCCTCTGT	13637669	13684101	-46432	13696609	-58940	13637716	-46385	-58893
ENSMUST00000110559	CCATTCACCAGGATGTTCACATAAACACCATAAACCTCTTCCTCTGT	13637669	13687810	-50141	13698326	-60657	13637716	-50094	-60610
ENSMUST00000110559	CCATTCACCAGGATGTTCACATAAACACCATAAACCTCTTCCTCTGT	13637669	13707695	-70026	13709287	-71618	13637716	-69979	-71571
ENSMUST00000110559	CCATTCACCAGGATGTTCACATAAACACCATAAACCTCTTCCTCTGT	13637669	13709610	-71941	13711617	-73948	13637716	-71894	-73901
ENSMUST00000110559	CCATTCACCAGGATGTTCACATAAACACCATAAACCTCTTCCTCTGT	13637669	13752132	-114463	13759377	-121708	13637716	-114416	-121661
ENSMUST00000105902	GACTTGGATGAGGACTTTCTTTTCACAGAACCGTTGCCTCCCCCCCT	144411108	144091789	319319	144179754	231354	144411155	319366	231401
ENSMUST00000105902	GACTTGGATGAGGACTTTCTTTTCACAGAACCGTTGCCTCCCCCCCT	144411108	144180073	231035	144192416	218692	144411155	231082	218739
ENSMUST00000105902	GACTTGGATGAGGACTTTCTTTTCACAGAACCGTTGCCTCCCCCCCT	144411108	144186989	224119	144259064	152044	144411155	224166	152091
ENSMUST00000105902	GACTTGGATGAGGACTTTCTTTTCACAGAACCGTTGCCTCCCCCCCT	144411108	144396431	14677	144398240	12868	144411155	14724	12915
ENSMUST00000105902	GACTTGGATGAGGACTTTCTTTTCACAGAACCGTTGCCTCCCCCCCT	144411108	144396431	14677	144405329	5779	144411155	14724	5826
ENSMUST00000105902	GACTTGGATGAGGACTTTCTTTTCACAGAACCGTTGCCTCCCCCCCT	144411108	144396431	14677	144405329	5779	144411155	14724	5826
ENSMUST00000105902	GACTTGGATGAGGACTTTCTTTTCACAGAACCGTTGCCTCCCCCCCT	144411108	144396646	14462	144405329	5779	144411155	14509	5826
ENSMUST00000105902	GACTTGGATGAGGACTTTCTTTTCACAGAACCGTTGCCTCCCCCCCT	144411108	144396431	14677	144409461	1647	144411155	14724	1694
ENSMUST00000105902	GACTTGGATGAGGACTTTCTTTTCACAGAACCGTTGCCTCCCCCCCT	144411108	144405460	5648	144408055	3053	144411155	5695	3100
ENSMUST00000105902	GACTTGGATGAGGACTTTCTTTTCACAGAACCGTTGCCTCCCCCCCT	144411108	144405460	5648	144409461	1647	144411155	5695	1694
ENSMUST00000105902	GACTTGGATGAGGACTTTCTTTTCACAGAACCGTTGCCTCCCCCCCT	144411108	144405460	5648	144409461	1647	144411155	5695	1694
ENSMUST00000105902	GACTTGGATGAGGACTTTCTTTTCACAGAACCGTTGCCTCCCCCCCT	144411108	144407232	3876	144409461	1647	144411155	3923	1694
ENSMUST00000105902	GACTTGGATGAGGACTTTCTTTTCACAGAACCGTTGCCTCCCCCCCT	144411108	144405460	5648	144420558	-9450	144411155	5695	-9403
ENSMUST00000034960	TTTCCTGGAAGCCCCTTTTGGATCTTTTTCAGGCGACACTAGACTAT	65042348	65032623	9725	65036968	5380	65043705	11082	6737
ENSMUST00000034960	TTTCCTGGAAGCCCCTTTTGGATCTTTTTCAGGCGACACTAGACTAT	65042348	65043859	-1511	65051389	-9041	65043705	-154	-7684
ENSMUST00000034960	TTTCCTGGAAGCCCCTTTTGGATCTTTTTCAGGCGACACTAGACTAT	65042348	65051500	-9152	65053768	-11420	65043705	-7795	-10063
ENSMUST00000034960	TTTCCTGGAAGCCCCTTTTGGATCTTTTTCAGGCGACACTAGACTAT	65042348	65051500	-9152	65054418	-12070	65043705	-7795	-10713
ENSMUST00000034960	TTTCCTGGAAGCCCCTTTTGGATCTTTTTCAGGCGACACTAGACTAT	65042348	65051500	-9152	65054418	-12070	65043705	-7795	-10713
ENSMUST00000034960	TTTCCTGGAAGCCCCTTTTGGATCTTTTTCAGGCGACACTAGACTAT	65042348	65053173	-10825	65054418	-12070	65043705	-9468	-10713
ENSMUST00000034960	TTTCCTGGAAGCCCCTTTTGGATCTTTTTCAGGCGACACTAGACTAT	65042348	65055005	-12657	65060202	-17854	65043705	-11300	-16497
ENSMUST00000034960	TTTCCTGGAAGCCCCTTTTGGATCTTTTTCAGGCGACACTAGACTAT	65042348	65063954	-21606	65074438	-32090	65043705	-20249	-30733
ENSMUST00000034960	TTTCCTGGAAGCCCCTTTTGGATCTTTTTCAGGCGACACTAGACTAT	65042348	65063954	-21606	65077962	-35614	65043705	-20249	-34257
ENSMUST00000034960	TTTCCTGGAAGCCCCTTTTGGATCTTTTTCAGGCGACACTAGACTAT	65042348	65066496	-24148	65075735	-33387	65043705	-22791	-32030
ENSMUST00000034960	TTTCCTGGAAGCCCCTTTTGGATCTTTTTCAGGCGACACTAGACTAT	65042348	65066496	-24148	65077962	-35614	65043705	-22791	-34257
ENSMUST00000034960	TTTCCTGGAAGCCCCTTTTGGATCTTTTTCAGGCGACACTAGACTAT	65042348	65063954	-21606	65080730	-38382	65043705	-20249	-37025
ENSMUST00000034960	TTTCCTGGAAGCCCCTTTTGGATCTTTTTCAGGCGACACTAGACTAT	65042348	65078105	-35757	65080730	-38382	65043705	-34400	-37025
ENSMUST00000113918	GCTGACAAACCAGCAGGAAGCGTCTGTAGAGAGGCAGCAGCAGCCGCC	83191273	83182769	8504	83183298	7975	83191321	8552	8023
ENSMUST00000113918	GCTGACAAACCAGCAGGAAGCGTCTGTAGAGAGGCAGCAGCAGCCGCC	83191273	83183333	7940	83186427	4846	83191321	7988	4894
ENSMUST00000113918	GCTGACAAACCAGCAGGAAGCGTCTGTAGAGAGGCAGCAGCAGCCGCC	83191273	83183333	7940	83187763	3510	83191321	7988	3558
ENSMUST00000113918	GCTGACAAACCAGCAGGAAGCGTCTGTAGAGAGGCAGCAGCAGCCGCC	83191273	83183333	7940	83189076	2197	83191321	7988	2245
ENSMUST00000113918	GCTGACAAACCAGCAGGAAGCGTCTGTAGAGAGGCAGCAGCAGCCGCC	83191273	83183333	7940	83187763	3510	83191321	7988	3558
ENSMUST00000113918	GCTGACAAACCAGCAGGAAGCGTCTGTAGAGAGGCAGCAGCAGCCGCC	83191273	83183956	7317	83187763	3510	83191321	7365	3558
ENSMUST00000113918	GCTGACAAACCAGCAGGAAGCGTCTGTAGAGAGGCAGCAGCAGCCGCC	83191273	83183333	7940	83189076	2197	83191321	7988	2245
ENSMUST00000113918	GCTGACAAACCAGCAGGAAGCGTCTGTAGAGAGGCAGCAGCAGCCGCC	83191273	83183956	7317	83189076	2197	83191321	7365	2245
ENSMUST00000113918	GCTGACAAACCAGCAGGAAGCGTCTGTAGAGAGGCAGCAGCAGCCGCC	83191273	83191160	113	83191565	-292	83191321	161	-244
ENSMUST00000113918	GCTGACAAACCAGCAGGAAGCGTCTGTAGAGAGGCAGCAGCAGCCGCC	83191273	83196107	-4834	83197490	-6217	83191321	-4786	-6169
ENSMUST00000113918	GCTGACAAACCAGCAGGAAGCGTCTGTAGAGAGGCAGCAGCAGCCGCC	83191273	83198661	-7388	83199673	-8400	83191321	-7340	-8352
ENSMUST00000033018	AGAACTGCAGTAGTCACTCAAATTATGATTCAACATTTTAATCCTTGG	113568471	113513937	54534	113539272	29199	113568519	54582	29247
ENSMUST00000033018	AGAACTGCAGTAGTCACTCAAATTATGATTCAACATTTTAATCCTTGG	113568471	113551117	17354	113551934	16537	113568519	17402	16585
ENSMUST00000033018	AGAACTGCAGTAGTCACTCAAATTATGATTCAACATTTTAATCCTTGG	113568471	113551353	17118	113561375	7096	113568519	17166	7144
ENSMUST00000033018	AGAACTGCAGTAGTCACTCAAATTATGATTCAACATTTTAATCCTTGG	113568471	113552002	16469	113561375	7096	113568519	16517	7144
ENSMUST00000033018	AGAACTGCAGTAGTCACTCAAATTATGATTCAACATTTTAATCCTTGG	113568471	113552002	16469	113561375	7096	113568519	16517	7144
ENSMUST00000084935	GAAATTCTGAAATGTATAGAAGAGTGTGTGGAACCCTGGAATGATTCT	100259934	100260077	-143	100262065	-2131	100259982	-95	-2083
ENSMUST00000084935	GAAATTCTGAAATGTATAGAAGAGTGTGTGGAACCCTGGAATGATTCT	100259934	100260077	-143	100262065	-2131	100259982	-95	-2083
ENSMUST00000067664	AAGCTATAAGGACTCTACGCTCATCATGCAGCTGCTACGTGATAACCT	75759353	75733091	26262	75755573	3780	75759401	26310	3828
ENSMUST00000067664	AAGCTATAAGGACTCTACGCTCATCATGCAGCTGCTACGTGATAACCT	75759353	75733091	26262	75759291	62	75759401	26310	110
ENSMUST00000067664	AAGCTATAAGGACTCTACGCTCATCATGCAGCTGCTACGTGATAACCT	75759353	75733091	26262	75764619	-5266	75759401	26310	-5218
ENSMUST00000032192	AACTGAAGAACAATGCTTCGAAGCTGCTACTGGCCATCATGGAAAGCA	108485283	108214278	271005	108241263	244020	108485331	271053	244068
ENSMUST00000032192	AACTGAAGAACAATGCTTCGAAGCTGCTACTGGCCATCATGGAAAGCA	108485283	108214278	271005	108339506	145777	108485331	271053	145825
ENSMUST00000032192	AACTGAAGAACAATGCTTCGAAGCTGCTACTGGCCATCATGGAAAGCA	108485283	108214278	271005	108339506	145777	108485331	271053	145825
ENSMUST00000032192	AACTGAAGAACAATGCTTCGAAGCTGCTACTGGCCATCATGGAAAGCA	108485283	108237085	248198	108339506	145777	108485331	248246	145825
ENSMUST00000032192	AACTGAAGAACAATGCTTCGAAGCTGCTACTGGCCATCATGGAAAGCA	108485283	108363705	121578	108369010	116273	108485331	121626	116321
ENSMUST00000032192	AACTGAAGAACAATGCTTCGAAGCTGCTACTGGCCATCATGGAAAGCA	108485283	108413953	71330	108417888	67395	108485331	71378	67443
ENSMUST00000032192	AACTGAAGAACAATGCTTCGAAGCTGCTACTGGCCATCATGGAAAGCA	108485283	108418000	67283	108431460	53823	108485331	67331	53871
ENSMUST00000032192	AACTGAAGAACAATGCTTCGAAGCTGCTACTGGCCATCATGGAAAGCA	108485283	108418000	67283	108432645	52638	108485331	67331	52686
ENSMUST00000032192	AACTGAAGAACAATGCTTCGAAGCTGCTACTGGCCATCATGGAAAGCA	108485283	108418000	67283	108438299	46984	108485331	67331	47032
ENSMUST00000032192	AACTGAAGAACAATGCTTCGAAGCTGCTACTGGCCATCATGGAAAGCA	108485283	108418000	67283	108438299	46984	108485331	67331	47032
ENSMUST00000032192	AACTGAAGAACAATGCTTCGAAGCTGCTACTGGCCATCATGGAAAGCA	108485283	108431496	53787	108438299	46984	108485331	53835	47032
ENSMUST00000032192	AACTGAAGAACAATGCTTCGAAGCTGCTACTGGCCATCATGGAAAGCA	108485283	108519450	-34167	108541902	-56619	108485331	-34119	-56571
ENSMUST00000032192	AACTGAAGAACAATGCTTCGAAGCTGCTACTGGCCATCATGGAAAGCA	108485283	108523448	-38165	108549752	-64469	108485331	-38117	-64421
ENSMUST00000032192	AACTGAAGAACAATGCTTCGAAGCTGCTACTGGCCATCATGGAAAGCA	108485283	108214278	271005	108241263	244020	108485331	271053	244068
ENSMUST00000032192	AACTGAAGAACAATGCTTCGAAGCTGCTACTGGCCATCATGGAAAGCA	108485283	108214278	271005	108339506	145777	108485331	271053	145825
ENSMUST00000032192	AACTGAAGAACAATGCTTCGAAGCTGCTACTGGCCATCATGGAAAGCA	108485283	108214278	271005	108339506	145777	108485331	271053	145825
ENSMUST00000032192	AACTGAAGAACAATGCTTCGAAGCTGCTACTGGCCATCATGGAAAGCA	108485283	108237085	248198	108339506	145777	108485331	248246	145825
ENSMUST00000032192	AACTGAAGAACAATGCTTCGAAGCTGCTACTGGCCATCATGGAAAGCA	108485283	108363705	121578	108369010	116273	108485331	121626	116321
ENSMUST00000032192	AACTGAAGAACAATGCTTCGAAGCTGCTACTGGCCATCATGGAAAGCA	108485283	108413953	71330	108417888	67395	108485331	71378	67443
ENSMUST00000032192	AACTGAAGAACAATGCTTCGAAGCTGCTACTGGCCATCATGGAAAGCA	108485283	108418000	67283	108431460	53823	108485331	67331	53871
ENSMUST00000032192	AACTGAAGAACAATGCTTCGAAGCTGCTACTGGCCATCATGGAAAGCA	108485283	108418000	67283	108432645	52638	108485331	67331	52686
ENSMUST00000032192	AACTGAAGAACAATGCTTCGAAGCTGCTACTGGCCATCATGGAAAGCA	108485283	108418000	67283	108438299	46984	108485331	67331	47032
ENSMUST00000032192	AACTGAAGAACAATGCTTCGAAGCTGCTACTGGCCATCATGGAAAGCA	108485283	108418000	67283	108438299	46984	108485331	67331	47032
ENSMUST00000032192	AACTGAAGAACAATGCTTCGAAGCTGCTACTGGCCATCATGGAAAGCA	108485283	108431496	53787	108438299	46984	108485331	53835	47032
ENSMUST00000032192	AACTGAAGAACAATGCTTCGAAGCTGCTACTGGCCATCATGGAAAGCA	108485283	108519450	-34167	108541902	-56619	108485331	-34119	-56571
ENSMUST00000032192	AACTGAAGAACAATGCTTCGAAGCTGCTACTGGCCATCATGGAAAGCA	108485283	108523448	-38165	108549752	-64469	108485331	-38117	-64421
ENSMUST00000032192	AACTGAAGAACAATGCTTCGAAGCTGCTACTGGCCATCATGGAAAGCA	108485283	108214278	271005	108241263	244020	108485331	271053	244068
ENSMUST00000032192	AACTGAAGAACAATGCTTCGAAGCTGCTACTGGCCATCATGGAAAGCA	108485283	108214278	271005	108339506	145777	108485331	271053	145825
ENSMUST00000032192	AACTGAAGAACAATGCTTCGAAGCTGCTACTGGCCATCATGGAAAGCA	108485283	108214278	271005	108339506	145777	108485331	271053	145825
ENSMUST00000032192	AACTGAAGAACAATGCTTCGAAGCTGCTACTGGCCATCATGGAAAGCA	108485283	108237085	248198	108339506	145777	108485331	248246	145825
ENSMUST00000032192	AACTGAAGAACAATGCTTCGAAGCTGCTACTGGCCATCATGGAAAGCA	108485283	108363705	121578	108369010	116273	108485331	121626	116321
ENSMUST00000032192	AACTGAAGAACAATGCTTCGAAGCTGCTACTGGCCATCATGGAAAGCA	108485283	108413953	71330	108417888	67395	108485331	71378	67443
ENSMUST00000032192	AACTGAAGAACAATGCTTCGAAGCTGCTACTGGCCATCATGGAAAGCA	108485283	108418000	67283	108431460	53823	108485331	67331	53871
ENSMUST00000032192	AACTGAAGAACAATGCTTCGAAGCTGCTACTGGCCATCATGGAAAGCA	108485283	108418000	67283	108432645	52638	108485331	67331	52686
ENSMUST00000032192	AACTGAAGAACAATGCTTCGAAGCTGCTACTGGCCATCATGGAAAGCA	108485283	108418000	67283	108438299	46984	108485331	67331	47032
ENSMUST00000032192	AACTGAAGAACAATGCTTCGAAGCTGCTACTGGCCATCATGGAAAGCA	108485283	108418000	67283	108438299	46984	108485331	67331	47032
ENSMUST00000032192	AACTGAAGAACAATGCTTCGAAGCTGCTACTGGCCATCATGGAAAGCA	108485283	108431496	53787	108438299	46984	108485331	53835	47032
ENSMUST00000032192	AACTGAAGAACAATGCTTCGAAGCTGCTACTGGCCATCATGGAAAGCA	108485283	108519450	-34167	108541902	-56619	108485331	-34119	-56571
ENSMUST00000032192	AACTGAAGAACAATGCTTCGAAGCTGCTACTGGCCATCATGGAAAGCA	108485283	108523448	-38165	108549752	-64469	108485331	-38117	-64421
ENSMUST00000038207	CAAAGTGATCGACTTAACTCCACCATGGGAACACTACTGCACAAAAGA	101616579	101496763	119816	101597800	18779	101616627	119864	18827
ENSMUST00000038207	CAAAGTGATCGACTTAACTCCACCATGGGAACACTACTGCACAAAAGA	101616579	101508182	108397	101597800	18779	101616627	108445	18827
ENSMUST00000038207	CAAAGTGATCGACTTAACTCCACCATGGGAACACTACTGCACAAAAGA	101616579	101508182	108397	101606588	9991	101616627	108445	10039
ENSMUST00000038207	CAAAGTGATCGACTTAACTCCACCATGGGAACACTACTGCACAAAAGA	101616579	101508182	108397	101606588	9991	101616627	108445	10039
ENSMUST00000038207	CAAAGTGATCGACTTAACTCCACCATGGGAACACTACTGCACAAAAGA	101616579	101532062	84517	101606588	9991	101616627	84565	10039
ENSMUST00000038207	CAAAGTGATCGACTTAACTCCACCATGGGAACACTACTGCACAAAAGA	101616579	101597951	18628	101599094	17485	101616627	18676	17533
ENSMUST00000038207	CAAAGTGATCGACTTAACTCCACCATGGGAACACTACTGCACAAAAGA	101616579	101597951	18628	101606588	9991	101616627	18676	10039
ENSMUST00000038207	CAAAGTGATCGACTTAACTCCACCATGGGAACACTACTGCACAAAAGA	101616579	101597951	18628	101606588	9991	101616627	18676	10039
ENSMUST00000038207	CAAAGTGATCGACTTAACTCCACCATGGGAACACTACTGCACAAAAGA	101616579	101599000	17579	101606588	9991	101616627	17627	10039
ENSMUST00000038207	CAAAGTGATCGACTTAACTCCACCATGGGAACACTACTGCACAAAAGA	101616579	101597951	18628	101611224	5355	101616627	18676	5403
ENSMUST00000038207	CAAAGTGATCGACTTAACTCCACCATGGGAACACTACTGCACAAAAGA	101616579	101623795	-7216	101628036	-11457	101616627	-7168	-11409
ENSMUST00000038207	CAAAGTGATCGACTTAACTCCACCATGGGAACACTACTGCACAAAAGA	101616579	101625761	-9182	101634990	-18411	101616627	-9134	-18363
ENSMUST00000159050	CGAGATGAATGGCTCCCTCACCAGCCCAAGCGCCTATGCTGGCCTACA	61410018	61373461	36557	61374514	35504	61410066	36605	35552
ENSMUST00000159050	CGAGATGAATGGCTCCCTCACCAGCCCAAGCGCCTATGCTGGCCTACA	61410018	61374053	35965	61375528	34490	61410066	36013	34538
ENSMUST00000159050	CGAGATGAATGGCTCCCTCACCAGCCCAAGCGCCTATGCTGGCCTACA	61410018	61402057	7961	61407353	2665	61410066	8009	2713
ENSMUST00000159050	CGAGATGAATGGCTCCCTCACCAGCCCAAGCGCCTATGCTGGCCTACA	61410018	61408330	1688	61409274	744	61410066	1736	792
ENSMUST00000159050	CGAGATGAATGGCTCCCTCACCAGCCCAAGCGCCTATGCTGGCCTACA	61410018	61414861	-4843	61416608	-6590	61410066	-4795	-6542
ENSMUST00000164930	CAAGAAGCCCACTTCCACTAAGCCTAGCTCCTCTGCTCCCAGGGTGAG	110068846	109931940	136906	109999771	69075	110068894	136954	69123
ENSMUST00000164930	CAAGAAGCCCACTTCCACTAAGCCTAGCTCCTCTGCTCCCAGGGTGAG	110068846	109979091	89755	110026100	42746	110068894	89803	42794
ENSMUST00000164930	CAAGAAGCCCACTTCCACTAAGCCTAGCTCCTCTGCTCCCAGGGTGAG	110068846	109979091	89755	110032098	36748	110068894	89803	36796
ENSMUST00000164930	CAAGAAGCCCACTTCCACTAAGCCTAGCTCCTCTGCTCCCAGGGTGAG	110068846	109999840	69006	110027678	41168	110068894	69054	41216
ENSMUST00000164930	CAAGAAGCCCACTTCCACTAAGCCTAGCTCCTCTGCTCCCAGGGTGAG	110068846	109999840	69006	110032098	36748	110068894	69054	36796
ENSMUST00000164930	CAAGAAGCCCACTTCCACTAAGCCTAGCTCCTCTGCTCCCAGGGTGAG	110068846	109999840	69006	110063016	5830	110068894	69054	5878
ENSMUST00000164930	CAAGAAGCCCACTTCCACTAAGCCTAGCTCCTCTGCTCCCAGGGTGAG	110068846	110027792	41054	110034372	34474	110068894	41102	34522
ENSMUST00000164930	CAAGAAGCCCACTTCCACTAAGCCTAGCTCCTCTGCTCCCAGGGTGAG	110068846	110032233	36613	110036741	32105	110068894	36661	32153
ENSMUST00000164930	CAAGAAGCCCACTTCCACTAAGCCTAGCTCCTCTGCTCCCAGGGTGAG	110068846	110036855	31991	110063016	5830	110068894	32039	5878
ENSMUST00000164930	CAAGAAGCCCACTTCCACTAAGCCTAGCTCCTCTGCTCCCAGGGTGAG	110068846	110063123	5723	110067484	1362	110068894	5771	1410
ENSMUST00000164930	CAAGAAGCCCACTTCCACTAAGCCTAGCTCCTCTGCTCCCAGGGTGAG	110068846	110068985	-139	110072612	-3766	110068894	-91	-3718
ENSMUST00000164930	CAAGAAGCCCACTTCCACTAAGCCTAGCTCCTCTGCTCCCAGGGTGAG	110068846	110068985	-139	110078002	-9156	110068894	-91	-9108
ENSMUST00000164930	CAAGAAGCCCACTTCCACTAAGCCTAGCTCCTCTGCTCCCAGGGTGAG	110068846	110068985	-139	110078002	-9156	110068894	-91	-9108
ENSMUST00000164930	CAAGAAGCCCACTTCCACTAAGCCTAGCTCCTCTGCTCCCAGGGTGAG	110068846	110068985	-139	110081420	-12574	110068894	-91	-12526
ENSMUST00000164930	CAAGAAGCCCACTTCCACTAAGCCTAGCTCCTCTGCTCCCAGGGTGAG	110068846	110071139	-2293	110078002	-9156	110068894	-2245	-9108
ENSMUST00000164930	CAAGAAGCCCACTTCCACTAAGCCTAGCTCCTCTGCTCCCAGGGTGAG	110068846	110068985	-139	110081420	-12574	110068894	-91	-12526
ENSMUST00000164930	CAAGAAGCCCACTTCCACTAAGCCTAGCTCCTCTGCTCCCAGGGTGAG	110068846	110072705	-3859	110081420	-12574	110068894	-3811	-12526
ENSMUST00000164930	CAAGAAGCCCACTTCCACTAAGCCTAGCTCCTCTGCTCCCAGGGTGAG	110068846	110078084	-9238	110081420	-12574	110068894	-9190	-12526
ENSMUST00000164930	CAAGAAGCCCACTTCCACTAAGCCTAGCTCCTCTGCTCCCAGGGTGAG	110068846	110078084	-9238	110081420	-12574	110068894	-9190	-12526
ENSMUST00000164930	CAAGAAGCCCACTTCCACTAAGCCTAGCTCCTCTGCTCCCAGGGTGAG	110068846	110079893	-11047	110081734	-12888	110068894	-10999	-12840
ENSMUST00000164930	CAAGAAGCCCACTTCCACTAAGCCTAGCTCCTCTGCTCCCAGGGTGAG	110068846	110079893	-11047	110081840	-12994	110068894	-10999	-12946
ENSMUST00000164930	CAAGAAGCCCACTTCCACTAAGCCTAGCTCCTCTGCTCCCAGGGTGAG	110068846	110079896	-11050	110081840	-12994	110068894	-11002	-12946
ENSMUST00000112008	ACGACCATTCCTTGGCACCTGCTGTGTTCGCCTCCTCGTCCAACAGCT	115994267	115859373	134894	115873851	120416	115994315	134942	120464
ENSMUST00000112008	ACGACCATTCCTTGGCACCTGCTGTGTTCGCCTCCTCGTCCAACAGCT	115994267	115873994	120273	115884865	109402	115994315	120321	109450
ENSMUST00000112008	ACGACCATTCCTTGGCACCTGCTGTGTTCGCCTCCTCGTCCAACAGCT	115994267	115925499	68768	115927835	66432	115994315	68816	66480
ENSMUST00000112008	ACGACCATTCCTTGGCACCTGCTGTGTTCGCCTCCTCGTCCAACAGCT	115994267	115936869	57398	115941836	52431	115994315	57446	52479
ENSMUST00000112008	ACGACCATTCCTTGGCACCTGCTGTGTTCGCCTCCTCGTCCAACAGCT	115994267	115936869	57398	115945784	48483	115994315	57446	48531
ENSMUST00000112008	ACGACCATTCCTTGGCACCTGCTGTGTTCGCCTCCTCGTCCAACAGCT	115994267	115948081	46186	115961143	33124	115994315	46234	33172
ENSMUST00000112008	ACGACCATTCCTTGGCACCTGCTGTGTTCGCCTCCTCGTCCAACAGCT	115994267	115952649	41618	115967887	26380	115994315	41666	26428
ENSMUST00000112008	ACGACCATTCCTTGGCACCTGCTGTGTTCGCCTCCTCGTCCAACAGCT	115994267	115968085	26182	115968963	25304	115994315	26230	25352
ENSMUST00000112008	ACGACCATTCCTTGGCACCTGCTGTGTTCGCCTCCTCGTCCAACAGCT	115994267	115979495	14772	115981694	12573	115994315	14820	12621
ENSMUST00000112008	ACGACCATTCCTTGGCACCTGCTGTGTTCGCCTCCTCGTCCAACAGCT	115994267	115987063	7204	115988155	6112	115994315	7252	6160
ENSMUST00000112008	ACGACCATTCCTTGGCACCTGCTGTGTTCGCCTCCTCGTCCAACAGCT	115994267	115988236	6031	115990327	3940	115994315	6079	3988
ENSMUST00000168361	TAAACAAGATGATGAGGACTCTAAAATAAATGGCAGAGGTTTGCCAAA	8710252	8674480	35772	8698090	12162	8710300	35820	12210
ENSMUST00000168361	TAAACAAGATGATGAGGACTCTAAAATAAATGGCAGAGGTTTGCCAAA	8710252	8698159	12093	8700148	10104	8710300	12141	10152
ENSMUST00000168361	TAAACAAGATGATGAGGACTCTAAAATAAATGGCAGAGGTTTGCCAAA	8710252	8698159	12093	8705932	4320	8710300	12141	4368
ENSMUST00000168361	TAAACAAGATGATGAGGACTCTAAAATAAATGGCAGAGGTTTGCCAAA	8710252	8698159	12093	8705932	4320	8710300	12141	4368
ENSMUST00000168361	TAAACAAGATGATGAGGACTCTAAAATAAATGGCAGAGGTTTGCCAAA	8710252	8699188	11064	8705932	4320	8710300	11112	4368
ENSMUST00000168361	TAAACAAGATGATGAGGACTCTAAAATAAATGGCAGAGGTTTGCCAAA	8710252	8709509	743	8713359	-3107	8710300	791	-3059
ENSMUST00000168361	TAAACAAGATGATGAGGACTCTAAAATAAATGGCAGAGGTTTGCCAAA	8710252	8728777	-18525	8743760	-33508	8710300	-18477	-33460
ENSMUST00000168361	TAAACAAGATGATGAGGACTCTAAAATAAATGGCAGAGGTTTGCCAAA	8710252	8729149	-18897	8743760	-33508	8710300	-18849	-33460
ENSMUST00000168361	TAAACAAGATGATGAGGACTCTAAAATAAATGGCAGAGGTTTGCCAAA	8710252	8744466	-34214	8747156	-36904	8710300	-34166	-36856
ENSMUST00000168361	TAAACAAGATGATGAGGACTCTAAAATAAATGGCAGAGGTTTGCCAAA	8710252	8744466	-34214	8747156	-36904	8710300	-34166	-36856
ENSMUST00000168361	TAAACAAGATGATGAGGACTCTAAAATAAATGGCAGAGGTTTGCCAAA	8710252	8744743	-34491	8748110	-37858	8710300	-34443	-37810
ENSMUST00000106307	GGCAATACATTCCAAAACTCGTACTGTAGATATGTACAGCAACCGCACT	120137628	119733862	403766	119762219	375409	120137677	403815	375458
ENSMUST00000106307	GGCAATACATTCCAAAACTCGTACTGTAGATATGTACAGCAACCGCACT	120137628	119733862	403766	119814677	322951	120137677	403815	323000
ENSMUST00000106307	GGCAATACATTCCAAAACTCGTACTGTAGATATGTACAGCAACCGCACT	120137628	119733862	403766	119872036	265592	120137677	403815	265641
ENSMUST00000106307	GGCAATACATTCCAAAACTCGTACTGTAGATATGTACAGCAACCGCACT	120137628	119733862	403766	119814677	322951	120137677	403815	323000
ENSMUST00000106307	GGCAATACATTCCAAAACTCGTACTGTAGATATGTACAGCAACCGCACT	120137628	119733862	403766	119872036	265592	120137677	403815	265641
ENSMUST00000106307	GGCAATACATTCCAAAACTCGTACTGTAGATATGTACAGCAACCGCACT	120137628	119741915	395713	119814677	322951	120137677	395762	323000
ENSMUST00000106307	GGCAATACATTCCAAAACTCGTACTGTAGATATGTACAGCAACCGCACT	120137628	119741915	395713	119872036	265592	120137677	395762	265641
ENSMUST00000106307	GGCAATACATTCCAAAACTCGTACTGTAGATATGTACAGCAACCGCACT	120137628	119733862	403766	119872036	265592	120137677	403815	265641
ENSMUST00000106307	GGCAATACATTCCAAAACTCGTACTGTAGATATGTACAGCAACCGCACT	120137628	119762348	375280	119872036	265592	120137677	375329	265641
ENSMUST00000106307	GGCAATACATTCCAAAACTCGTACTGTAGATATGTACAGCAACCGCACT	120137628	120103854	33774	120128275	9353	120137677	33823	9402
ENSMUST00000115731	CTTGACAGAGTACGTAGCCACACGTTGGTACAGAGCTCCAGAAATTATG	17023511	17018475	5036	17026025	-2514	17023560	5085	-2465
ENSMUST00000115731	CTTGACAGAGTACGTAGCCACACGTTGGTACAGAGCTCCAGAAATTATG	17023511	17026140	-2629	17035441	-11930	17023560	-2580	-11881
ENSMUST00000115731	CTTGACAGAGTACGTAGCCACACGTTGGTACAGAGCTCCAGAAATTATG	17023511	17026489	-2978	17038313	-14802	17023560	-2929	-14753
ENSMUST00000115731	CTTGACAGAGTACGTAGCCACACGTTGGTACAGAGCTCCAGAAATTATG	17023511	17026489	-2978	17043685	-20174	17023560	-2929	-20125
ENSMUST00000115731	CTTGACAGAGTACGTAGCCACACGTTGGTACAGAGCTCCAGAAATTATG	17023511	17035551	-12040	17038313	-14802	17023560	-11991	-14753
ENSMUST00000115731	CTTGACAGAGTACGTAGCCACACGTTGGTACAGAGCTCCAGAAATTATG	17023511	17035551	-12040	17038313	-14802	17023560	-11991	-14753
ENSMUST00000115731	CTTGACAGAGTACGTAGCCACACGTTGGTACAGAGCTCCAGAAATTATG	17023511	17026489	-2978	17043685	-20174	17023560	-2929	-20125
ENSMUST00000115731	CTTGACAGAGTACGTAGCCACACGTTGGTACAGAGCTCCAGAAATTATG	17023511	17035551	-12040	17043685	-20174	17023560	-11991	-20125
ENSMUST00000115731	CTTGACAGAGTACGTAGCCACACGTTGGTACAGAGCTCCAGAAATTATG	17023511	17026489	-2978	17043685	-20174	17023560	-2929	-20125
ENSMUST00000115731	CTTGACAGAGTACGTAGCCACACGTTGGTACAGAGCTCCAGAAATTATG	17023511	17035551	-12040	17043685	-20174	17023560	-11991	-20125
ENSMUST00000079258	TTTCACTGCCGGACTTAGGCTGGTGATGCCCCTTCCCCAGCCCCAGTCA	27281642	27258513	23129	27262167	19475	27281691	23178	19524
ENSMUST00000079258	TTTCACTGCCGGACTTAGGCTGGTGATGCCCCTTCCCCAGCCCCAGTCA	27281642	27258961	22681	27262167	19475	27281691	22730	19524
ENSMUST00000079258	TTTCACTGCCGGACTTAGGCTGGTGATGCCCCTTCCCCAGCCCCAGTCA	27281642	27258961	22681	27264875	16767	27281691	22730	16816
ENSMUST00000079258	TTTCACTGCCGGACTTAGGCTGGTGATGCCCCTTCCCCAGCCCCAGTCA	27281642	27266629	15013	27268778	12864	27281691	15062	12913
ENSMUST00000079258	TTTCACTGCCGGACTTAGGCTGGTGATGCCCCTTCCCCAGCCCCAGTCA	27281642	27266801	14841	27273954	7688	27281691	14890	7737
ENSMUST00000079258	TTTCACTGCCGGACTTAGGCTGGTGATGCCCCTTCCCCAGCCCCAGTCA	27281642	27268919	12723	27276626	5016	27281691	12772	5065
ENSMUST00000222068	GTAAAGAGTCATATTTGGACAGATTGAGCCTGGCACAGCTGACCCAACT	68585180	68582350	2830	68585177	3	68585229	2879	52
ENSMUST00000118962	ACAGACACACCCTCCAGTGTCCACCCCTTCTGTCCCTCCATCTGCGTCT	44399931	44396035	3896	44399535	396	44399980	3945	445
ENSMUST00000025729	AAAAATTGTACAACTGTTACTGCACCATGGGGCTGATGTCCATGCTAAA	36852845	36857989	-5144	36862085	-9240	36852894	-5095	-9191
ENSMUST00000025729	AAAAATTGTACAACTGTTACTGCACCATGGGGCTGATGTCCATGCTAAA	36852845	36874016	-21171	36879234	-26389	36852894	-21122	-26340
ENSMUST00000025729	AAAAATTGTACAACTGTTACTGCACCATGGGGCTGATGTCCATGCTAAA	36852845	36875373	-22528	36879234	-26389	36852894	-22479	-26340
ENSMUST00000025729	AAAAATTGTACAACTGTTACTGCACCATGGGGCTGATGTCCATGCTAAA	36852845	36884163	-31318	36887065	-34220	36852894	-31269	-34171
ENSMUST00000025729	AAAAATTGTACAACTGTTACTGCACCATGGGGCTGATGTCCATGCTAAA	36852845	36887171	-34326	36889891	-37046	36852894	-34277	-36997
ENSMUST00000192069	TGGTGTCAGACACAAACATAAATTCCCATCCCAGGGCCTAGGCAGTACA	159930307	159524215	406092	159849985	80322	159930356	406141	80371
ENSMUST00000192069	TGGTGTCAGACACAAACATAAATTCCCATCCCAGGGCCTAGGCAGTACA	159930307	159850545	79762	159858176	72131	159930356	79811	72180
ENSMUST00000192069	TGGTGTCAGACACAAACATAAATTCCCATCCCAGGGCCTAGGCAGTACA	159930307	159850545	79762	159861209	69098	159930356	79811	69147
ENSMUST00000192069	TGGTGTCAGACACAAACATAAATTCCCATCCCAGGGCCTAGGCAGTACA	159930307	159850545	79762	159861209	69098	159930356	79811	69147
ENSMUST00000192069	TGGTGTCAGACACAAACATAAATTCCCATCCCAGGGCCTAGGCAGTACA	159930307	159852433	77874	159861209	69098	159930356	77923	69147
ENSMUST00000192069	TGGTGTCAGACACAAACATAAATTCCCATCCCAGGGCCTAGGCAGTACA	159930307	159861325	68982	159868015	62292	159930356	69031	62341
ENSMUST00000192069	TGGTGTCAGACACAAACATAAATTCCCATCCCAGGGCCTAGGCAGTACA	159930307	159886320	43987	159888256	42051	159930356	44036	42100
ENSMUST00000192069	TGGTGTCAGACACAAACATAAATTCCCATCCCAGGGCCTAGGCAGTACA	159930307	159895830	34477	159912639	17668	159930356	34526	17717
ENSMUST00000031530	ATTTTTTTTGACATTTCGTTTCATTGGTGCGCTGTATTTTCCATGCCCT	115098276	115011615	86661	115061561	36715	115098325	86710	36764
ENSMUST00000031530	ATTTTTTTTGACATTTCGTTTCATTGGTGCGCTGTATTTTCCATGCCCT	115098276	115011615	86661	115074814	23462	115098325	86710	23511
ENSMUST00000031530	ATTTTTTTTGACATTTCGTTTCATTGGTGCGCTGTATTTTCCATGCCCT	115098276	115061639	36637	115082220	16056	115098325	36686	16105
ENSMUST00000031530	ATTTTTTTTGACATTTCGTTTCATTGGTGCGCTGTATTTTCCATGCCCT	115098276	115084965	13311	115088822	9454	115098325	13360	9503
ENSMUST00000031530	ATTTTTTTTGACATTTCGTTTCATTGGTGCGCTGTATTTTCCATGCCCT	115098276	115095250	3026	115097125	1151	115098325	3075	1200
ENSMUST00000162372	AAATCTGTTCAAACACCAGATCCTTCTCACCCGTACGGCTTTTCAAATA	67339984	67315845	24139	67326852	13132	67342121	26276	15269
ENSMUST00000162372	AAATCTGTTCAAACACCAGATCCTTCTCACCCGTACGGCTTTTCAAATA	67339984	67315845	24139	67326852	13132	67342121	26276	15269
ENSMUST00000162372	AAATCTGTTCAAACACCAGATCCTTCTCACCCGTACGGCTTTTCAAATA	67339984	67326952	13032	67328441	11543	67342121	15169	13680
ENSMUST00000162372	AAATCTGTTCAAACACCAGATCCTTCTCACCCGTACGGCTTTTCAAATA	67339984	67329951	10033	67334565	5419	67342121	12170	7556
ENSMUST00000162372	AAATCTGTTCAAACACCAGATCCTTCTCACCCGTACGGCTTTTCAAATA	67339984	67329951	10033	67339950	34	67342121	12170	2171
ENSMUST00000162372	AAATCTGTTCAAACACCAGATCCTTCTCACCCGTACGGCTTTTCAAATA	67339984	67329951	10033	67339950	34	67342121	12170	2171
ENSMUST00000162372	AAATCTGTTCAAACACCAGATCCTTCTCACCCGTACGGCTTTTCAAATA	67339984	67334668	5316	67344529	-4545	67342121	7453	-2408
ENSMUST00000162372	AAATCTGTTCAAACACCAGATCCTTCTCACCCGTACGGCTTTTCAAATA	67339984	67340006	-22	67344529	-4545	67342121	2115	-2408
ENSMUST00000162372	AAATCTGTTCAAACACCAGATCCTTCTCACCCGTACGGCTTTTCAAATA	67339984	67346233	-6249	67352651	-12667	67342121	-4112	-10530
ENSMUST00000162372	AAATCTGTTCAAACACCAGATCCTTCTCACCCGTACGGCTTTTCAAATA	67339984	67348085	-8101	67352651	-12667	67342121	-5964	-10530
ENSMUST00000162372	AAATCTGTTCAAACACCAGATCCTTCTCACCCGTACGGCTTTTCAAATA	67339984	67349911	-9927	67354531	-14547	67342121	-7790	-12410
ENSMUST00000102554	CCTGTCTAAACTGGCTGTGACTTCCTATGCAGACATTGCCGACCTCATG	70705015	70700709	4306	70702771	2244	70705064	4355	2293
ENSMUST00000102554	CCTGTCTAAACTGGCTGTGACTTCCTATGCAGACATTGCCGACCTCATG	70705015	70700709	4306	70702771	2244	70705064	4355	2293
ENSMUST00000102554	CCTGTCTAAACTGGCTGTGACTTCCTATGCAGACATTGCCGACCTCATG	70705015	70700709	4306	70702771	2244	70705064	4355	2293
ENSMUST00000102554	CCTGTCTAAACTGGCTGTGACTTCCTATGCAGACATTGCCGACCTCATG	70705015	70705758	-743	70706052	-1037	70705064	-694	-988
ENSMUST00000102554	CCTGTCTAAACTGGCTGTGACTTCCTATGCAGACATTGCCGACCTCATG	70705015	70706759	-1744	70708441	-3426	70705064	-1695	-3377
ENSMUST00000102554	CCTGTCTAAACTGGCTGTGACTTCCTATGCAGACATTGCCGACCTCATG	70705015	70709026	-4011	70718998	-13983	70705064	-3962	-13934
ENSMUST00000102554	CCTGTCTAAACTGGCTGTGACTTCCTATGCAGACATTGCCGACCTCATG	70705015	70719093	-14078	70724821	-19806	70705064	-14029	-19757
ENSMUST00000009099	TATTTTTATTACTTTTTTGTAGATGAACTTGAGCTCTGTAACTTACACC	113137050	113117081	19969	113120826	16224	113137099	20018	16273
ENSMUST00000009099	TATTTTTATTACTTTTTTGTAGATGAACTTGAGCTCTGTAACTTACACC	113137050	113120953	16097	113123116	13934	113137099	16146	13983
ENSMUST00000009099	TATTTTTATTACTTTTTTGTAGATGAACTTGAGCTCTGTAACTTACACC	113137050	113130592	6458	113131362	5688	113137099	6507	5737
ENSMUST00000009099	TATTTTTATTACTTTTTTGTAGATGAACTTGAGCTCTGTAACTTACACC	113137050	113133337	3713	113135796	1254	113137099	3762	1303
ENSMUST00000009099	TATTTTTATTACTTTTTTGTAGATGAACTTGAGCTCTGTAACTTACACC	113137050	113133576	3474	113136280	770	113137099	3523	819
ENSMUST00000212571	ATCCCAAGTGTACATGGCTGACGACCCCTAAGAGCACCTGGCCCCGGTA	123388593	123374064	14529	123382526	6067	123388642	14578	6116
ENSMUST00000212571	ATCCCAAGTGTACATGGCTGACGACCCCTAAGAGCACCTGGCCCCGGTA	123388593	123374064	14529	123383324	5269	123388642	14578	5318
ENSMUST00000212571	ATCCCAAGTGTACATGGCTGACGACCCCTAAGAGCACCTGGCCCCGGTA	123388593	123374064	14529	123383324	5269	123388642	14578	5318
ENSMUST00000212571	ATCCCAAGTGTACATGGCTGACGACCCCTAAGAGCACCTGGCCCCGGTA	123388593	123381561	7032	123383324	5269	123388642	7081	5318
ENSMUST00000212571	ATCCCAAGTGTACATGGCTGACGACCCCTAAGAGCACCTGGCCCCGGTA	123388593	123374064	14529	123384348	4245	123388642	14578	4294
ENSMUST00000212571	ATCCCAAGTGTACATGGCTGACGACCCCTAAGAGCACCTGGCCCCGGTA	123388593	123374064	14529	123388564	29	123388642	14578	78
ENSMUST00000212571	ATCCCAAGTGTACATGGCTGACGACCCCTAAGAGCACCTGGCCCCGGTA	123388593	123374064	14529	123388564	29	123388642	14578	78
ENSMUST00000212571	ATCCCAAGTGTACATGGCTGACGACCCCTAAGAGCACCTGGCCCCGGTA	123388593	123383443	5150	123388564	29	123388642	5199	78
ENSMUST00000212571	ATCCCAAGTGTACATGGCTGACGACCCCTAAGAGCACCTGGCCCCGGTA	123388593	123388647	-54	123390778	-2185	123388642	-5	-2136
ENSMUST00000212571	ATCCCAAGTGTACATGGCTGACGACCCCTAAGAGCACCTGGCCCCGGTA	123388593	123388647	-54	123391580	-2987	123388642	-5	-2938
ENSMUST00000212571	ATCCCAAGTGTACATGGCTGACGACCCCTAAGAGCACCTGGCCCCGGTA	123388593	123393014	-4421	123395550	-6957	123388642	-4372	-6908
ENSMUST00000212571	ATCCCAAGTGTACATGGCTGACGACCCCTAAGAGCACCTGGCCCCGGTA	123388593	123398141	-9548	123400624	-12031	123388642	-9499	-11982
ENSMUST00000212571	ATCCCAAGTGTACATGGCTGACGACCCCTAAGAGCACCTGGCCCCGGTA	123388593	123398606	-10013	123400624	-12031	123388642	-9964	-11982
ENSMUST00000080210	TATCAGCCTACGCCTGCATCATTCCCACTCAGTGCACCAGTGGAACTTGT	102789536	102659301	130235	102735943	53593	102789586	130285	53643
ENSMUST00000080210	TATCAGCCTACGCCTGCATCATTCCCACTCAGTGCACCAGTGGAACTTGT	102789536	102675809	113727	102735943	53593	102789586	113777	53643
ENSMUST00000080210	TATCAGCCTACGCCTGCATCATTCCCACTCAGTGCACCAGTGGAACTTGT	102789536	102659301	130235	102735943	53593	102789586	130285	53643
ENSMUST00000080210	TATCAGCCTACGCCTGCATCATTCCCACTCAGTGCACCAGTGGAACTTGT	102789536	102675809	113727	102735943	53593	102789586	113777	53643
ENSMUST00000080210	TATCAGCCTACGCCTGCATCATTCCCACTCAGTGCACCAGTGGAACTTGT	102789536	102659301	130235	102737776	51760	102789586	130285	51810
ENSMUST00000080210	TATCAGCCTACGCCTGCATCATTCCCACTCAGTGCACCAGTGGAACTTGT	102789536	102659301	130235	102743807	45729	102789586	130285	45779
ENSMUST00000080210	TATCAGCCTACGCCTGCATCATTCCCACTCAGTGCACCAGTGGAACTTGT	102789536	102737929	51607	102743807	45729	102789586	51657	45779
ENSMUST00000080210	TATCAGCCTACGCCTGCATCATTCCCACTCAGTGCACCAGTGGAACTTGT	102789536	102659301	130235	102755906	33630	102789586	130285	33680
ENSMUST00000080210	TATCAGCCTACGCCTGCATCATTCCCACTCAGTGCACCAGTGGAACTTGT	102789536	102743973	45563	102755906	33630	102789586	45613	33680
ENSMUST00000080210	TATCAGCCTACGCCTGCATCATTCCCACTCAGTGCACCAGTGGAACTTGT	102789536	102748595	40941	102761014	28522	102789586	40991	28572
ENSMUST00000080210	TATCAGCCTACGCCTGCATCATTCCCACTCAGTGCACCAGTGGAACTTGT	102789536	102761209	28327	102777426	12110	102789586	28377	12160
ENSMUST00000080210	TATCAGCCTACGCCTGCATCATTCCCACTCAGTGCACCAGTGGAACTTGT	102789536	102777655	11881	102781462	8074	102789586	11931	8124
ENSMUST00000111807	CATCATCAAGACCTACCGCAGCTCCTAGCCCACTGCAGAGCCCCACCTGC	47257633	47240671	16962	47256711	922	47257683	17012	972
ENSMUST00000111807	CATCATCAAGACCTACCGCAGCTCCTAGCCCACTGCAGAGCCCCACCTGC	47257633	47240671	16962	47257416	217	47257683	17012	267
ENSMUST00000111807	CATCATCAAGACCTACCGCAGCTCCTAGCCCACTGCAGAGCCCCACCTGC	47257633	47179551	78082	47257416	217	47257683	78132	267
ENSMUST00000111807	CATCATCAAGACCTACCGCAGCTCCTAGCCCACTGCAGAGCCCCACCTGC	47257633	47240671	16962	47257416	217	47257683	17012	267
ENSMUST00000111807	CATCATCAAGACCTACCGCAGCTCCTAGCCCACTGCAGAGCCCCACCTGC	47257633	47253808	3825	47257416	217	47257683	3875	267
ENSMUST00000020706	ATCCTTTTCCTGGCGCTGTTCGTGGTCACCAATGTCCGATCCCTGCAGGT	7063894	7109112	-45218	7137272	-73378	7063944	-45168	-73328
ENSMUST00000020706	ATCCTTTTCCTGGCGCTGTTCGTGGTCACCAATGTCCGATCCCTGCAGGT	7063894	7130403	-66509	7138286	-74392	7063944	-66459	-74342
ENSMUST00000020706	ATCCTTTTCCTGGCGCTGTTCGTGGTCACCAATGTCCGATCCCTGCAGGT	7063894	7160322	-96428	7161851	-97957	7063944	-96378	-97907
ENSMUST00000020706	ATCCTTTTCCTGGCGCTGTTCGTGGTCACCAATGTCCGATCCCTGCAGGT	7063894	7165526	-101632	7167063	-103169	7063944	-101582	-103119
ENSMUST00000020706	ATCCTTTTCCTGGCGCTGTTCGTGGTCACCAATGTCCGATCCCTGCAGGT	7063894	7109112	-45218	7137272	-73378	7063944	-45168	-73328
ENSMUST00000020706	ATCCTTTTCCTGGCGCTGTTCGTGGTCACCAATGTCCGATCCCTGCAGGT	7063894	7130403	-66509	7138286	-74392	7063944	-66459	-74342
ENSMUST00000020706	ATCCTTTTCCTGGCGCTGTTCGTGGTCACCAATGTCCGATCCCTGCAGGT	7063894	7160322	-96428	7161851	-97957	7063944	-96378	-97907
ENSMUST00000020706	ATCCTTTTCCTGGCGCTGTTCGTGGTCACCAATGTCCGATCCCTGCAGGT	7063894	7165526	-101632	7167063	-103169	7063944	-101582	-103119
ENSMUST00000108344	ATACCAGGCACCCCTTCCTTACAGCCCTCAAGTATGCCTTCCAGACCCAT	27632467	27591879	40588	27608622	23845	27633233	41354	24611
ENSMUST00000108344	ATACCAGGCACCCCTTCCTTACAGCCCTCAAGTATGCCTTCCAGACCCAT	27632467	27605937	26530	27608622	23845	27633233	27296	24611
ENSMUST00000108344	ATACCAGGCACCCCTTCCTTACAGCCCTCAAGTATGCCTTCCAGACCCAT	27632467	27608753	23714	27616240	16227	27633233	24480	16993
ENSMUST00000108344	ATACCAGGCACCCCTTCCTTACAGCCCTCAAGTATGCCTTCCAGACCCAT	27632467	27608753	23714	27618207	14260	27633233	24480	15026
ENSMUST00000108344	ATACCAGGCACCCCTTCCTTACAGCCCTCAAGTATGCCTTCCAGACCCAT	27632467	27628990	3477	27632417	50	27633233	4243	816
ENSMUST00000108344	ATACCAGGCACCCCTTCCTTACAGCCCTCAAGTATGCCTTCCAGACCCAT	27632467	27628990	3477	27634561	-2094	27633233	4243	-1328
ENSMUST00000108344	ATACCAGGCACCCCTTCCTTACAGCCCTCAAGTATGCCTTCCAGACCCAT	27632467	27628990	3477	27632417	50	27633233	4243	816
ENSMUST00000108344	ATACCAGGCACCCCTTCCTTACAGCCCTCAAGTATGCCTTCCAGACCCAT	27632467	27628990	3477	27634561	-2094	27633233	4243	-1328
ENSMUST00000108344	ATACCAGGCACCCCTTCCTTACAGCCCTCAAGTATGCCTTCCAGACCCAT	27632467	27629427	3040	27633198	-731	27633233	3806	35
ENSMUST00000108344	ATACCAGGCACCCCTTCCTTACAGCCCTCAAGTATGCCTTCCAGACCCAT	27632467	27629427	3040	27634561	-2094	27633233	3806	-1328
ENSMUST00000108344	ATACCAGGCACCCCTTCCTTACAGCCCTCAAGTATGCCTTCCAGACCCAT	27632467	27629427	3040	27634561	-2094	27633233	3806	-1328
ENSMUST00000108344	ATACCAGGCACCCCTTCCTTACAGCCCTCAAGTATGCCTTCCAGACCCAT	27632467	27632483	-16	27634561	-2094	27633233	750	-1328
ENSMUST00000086831	ACTTTTGTAGAATTCTCCTTTTTTTCCCTTTAGATATAAGTTCATATATT	104505622	104479041	26581	104483024	22598	104505672	26631	22648
ENSMUST00000086831	ACTTTTGTAGAATTCTCCTTTTTTTCCCTTTAGATATAAGTTCATATATT	104505622	104483253	22369	104489232	16390	104505672	22419	16440
ENSMUST00000086831	ACTTTTGTAGAATTCTCCTTTTTTTCCCTTTAGATATAAGTTCATATATT	104505622	104489414	16208	104494892	10730	104505672	16258	10780
ENSMUST00000159216	TAGGGGTTTCTGTTGGATAGCTTGTAATTAAGAACGGAGAAAGAACAACA	3280026	3271052	8974	3274660	5366	3280076	9024	5416
ENSMUST00000159216	TAGGGGTTTCTGTTGGATAGCTTGTAATTAAGAACGGAGAAAGAACAACA	3280026	3274876	5150	3277156	2870	3280076	5200	2920
ENSMUST00000114018	AAAGTTGCCATCATCCGCACTCCTCCAAAGTCCCCAGCTACTCCTAAGCA	66425390	66175495	249895	66251661	173729	66425440	249945	173779
ENSMUST00000114018	AAAGTTGCCATCATCCGCACTCCTCCAAAGTCCCCAGCTACTCCTAAGCA	66425390	66175698	249692	66251661	173729	66425440	249742	173779
ENSMUST00000114018	AAAGTTGCCATCATCCGCACTCCTCCAAAGTCCCCAGCTACTCCTAAGCA	66425390	66175495	249895	66322403	102987	66425440	249945	103037
ENSMUST00000114018	AAAGTTGCCATCATCCGCACTCCTCCAAAGTCCCCAGCTACTCCTAAGCA	66425390	66175495	249895	66362202	63188	66425440	249945	63238
ENSMUST00000114018	AAAGTTGCCATCATCCGCACTCCTCCAAAGTCCCCAGCTACTCCTAAGCA	66425390	66175495	249895	66362202	63188	66425440	249945	63238
ENSMUST00000114018	AAAGTTGCCATCATCCGCACTCCTCCAAAGTCCCCAGCTACTCCTAAGCA	66425390	66251712	173678	66362202	63188	66425440	173728	63238
ENSMUST00000114018	AAAGTTGCCATCATCCGCACTCCTCCAAAGTCCCCAGCTACTCCTAAGCA	66425390	66251712	173678	66380488	44902	66425440	173728	44952
ENSMUST00000114018	AAAGTTGCCATCATCCGCACTCCTCCAAAGTCCCCAGCTACTCCTAAGCA	66425390	66322334	103056	66362202	63188	66425440	103106	63238
ENSMUST00000114018	AAAGTTGCCATCATCCGCACTCCTCCAAAGTCCCCAGCTACTCCTAAGCA	66425390	66251712	173678	66380488	44902	66425440	173728	44952
ENSMUST00000114018	AAAGTTGCCATCATCCGCACTCCTCCAAAGTCCCCAGCTACTCCTAAGCA	66425390	66322468	102922	66380488	44902	66425440	102972	44952
ENSMUST00000114018	AAAGTTGCCATCATCCGCACTCCTCCAAAGTCCCCAGCTACTCCTAAGCA	66425390	66322468	102922	66399388	26002	66425440	102972	26052
ENSMUST00000114018	AAAGTTGCCATCATCCGCACTCCTCCAAAGTCCCCAGCTACTCCTAAGCA	66425390	66322468	102922	66399388	26002	66425440	102972	26052
ENSMUST00000114018	AAAGTTGCCATCATCCGCACTCCTCCAAAGTCCCCAGCTACTCCTAAGCA	66425390	66362280	63110	66399388	26002	66425440	63160	26052
ENSMUST00000114018	AAAGTTGCCATCATCCGCACTCCTCCAAAGTCCCCAGCTACTCCTAAGCA	66425390	66401521	23869	66412406	12984	66425440	23919	13034
ENSMUST00000114018	AAAGTTGCCATCATCCGCACTCCTCCAAAGTCCCCAGCTACTCCTAAGCA	66425390	66401521	23869	66416343	9047	66425440	23919	9097
ENSMUST00000114018	AAAGTTGCCATCATCCGCACTCCTCCAAAGTCCCCAGCTACTCCTAAGCA	66425390	66401521	23869	66416731	8659	66425440	23919	8709
ENSMUST00000114018	AAAGTTGCCATCATCCGCACTCCTCCAAAGTCCCCAGCTACTCCTAAGCA	66425390	66401521	23869	66416731	8659	66425440	23919	8709
ENSMUST00000114018	AAAGTTGCCATCATCCGCACTCCTCCAAAGTCCCCAGCTACTCCTAAGCA	66425390	66401521	23869	66420134	5256	66425440	23919	5306
ENSMUST00000114018	AAAGTTGCCATCATCCGCACTCCTCCAAAGTCCCCAGCTACTCCTAAGCA	66425390	66416147	9243	66416731	8659	66425440	9293	8709
ENSMUST00000114018	AAAGTTGCCATCATCCGCACTCCTCCAAAGTCCCCAGCTACTCCTAAGCA	66425390	66401521	23869	66420134	5256	66425440	23919	5306
ENSMUST00000114018	AAAGTTGCCATCATCCGCACTCCTCCAAAGTCCCCAGCTACTCCTAAGCA	66425390	66416550	8840	66420134	5256	66425440	8890	5306
ENSMUST00000114018	AAAGTTGCCATCATCCGCACTCCTCCAAAGTCCCCAGCTACTCCTAAGCA	66425390	66425528	-138	66433513	-8123	66425440	-88	-8073
ENSMUST00000037526	TAAACAATGCCCCCATCCTGTGCGTCCAGTCTCACCTTGGCCATGAAGAA	59815389	59612196	203193	59699347	116042	59815439	203243	116092
ENSMUST00000037526	TAAACAATGCCCCCATCCTGTGCGTCCAGTCTCACCTTGGCCATGAAGAA	59815389	59699427	115962	59758464	56925	59815439	116012	56975
ENSMUST00000037526	TAAACAATGCCCCCATCCTGTGCGTCCAGTCTCACCTTGGCCATGAAGAA	59815389	59724849	90540	59771131	44258	59815439	90590	44308
ENSMUST00000037526	TAAACAATGCCCCCATCCTGTGCGTCCAGTCTCACCTTGGCCATGAAGAA	59815389	59835567	-20178	59838974	-23585	59815439	-20128	-23535
ENSMUST00000110082	ATGTCAGAAGCCCCTCTGTCCACACACAAAGTCTGCATGTATTGGTCGGT	100206563	100199716	6847	100206097	466	100206613	6897	516
ENSMUST00000110082	ATGTCAGAAGCCCCTCTGTCCACACACAAAGTCTGCATGTATTGGTCGGT	100206563	100202423	4140	100205612	951	100206613	4190	1001
ENSMUST00000110082	ATGTCAGAAGCCCCTCTGTCCACACACAAAGTCTGCATGTATTGGTCGGT	100206563	100202423	4140	100206097	466	100206613	4190	516
ENSMUST00000110082	ATGTCAGAAGCCCCTCTGTCCACACACAAAGTCTGCATGTATTGGTCGGT	100206563	100202423	4140	100206097	466	100206613	4190	516
ENSMUST00000110082	ATGTCAGAAGCCCCTCTGTCCACACACAAAGTCTGCATGTATTGGTCGGT	100206563	100203718	2845	100206097	466	100206613	2895	516
ENSMUST00000110082	ATGTCAGAAGCCCCTCTGTCCACACACAAAGTCTGCATGTATTGGTCGGT	100206563	100199716	6847	100206097	466	100206613	6897	516
ENSMUST00000110082	ATGTCAGAAGCCCCTCTGTCCACACACAAAGTCTGCATGTATTGGTCGGT	100206563	100202423	4140	100205612	951	100206613	4190	1001
ENSMUST00000110082	ATGTCAGAAGCCCCTCTGTCCACACACAAAGTCTGCATGTATTGGTCGGT	100206563	100202423	4140	100206097	466	100206613	4190	516
ENSMUST00000110082	ATGTCAGAAGCCCCTCTGTCCACACACAAAGTCTGCATGTATTGGTCGGT	100206563	100202423	4140	100206097	466	100206613	4190	516
ENSMUST00000110082	ATGTCAGAAGCCCCTCTGTCCACACACAAAGTCTGCATGTATTGGTCGGT	100206563	100203718	2845	100206097	466	100206613	2895	516
ENSMUST00000044116	TGCCGGCCCAAGTGGTGCGCCTTCTGCTCTGCCCGTACCATCGCCCAGCT	55117433	55121797	-4364	55126533	-9100	55117483	-4314	-9050
ENSMUST00000238701	GACAAGACACCCATGTCTGAGCGGCTGGATGACACGGAACCATACTTCAT	84461572	84415908	45664	84514962	-53390	84462713	46805	-52249
ENSMUST00000238701	GACAAGACACCCATGTCTGAGCGGCTGGATGACACGGAACCATACTTCAT	84461572	84537528	-75956	84548508	-86936	84462713	-74815	-85795
ENSMUST00000238701	GACAAGACACCCATGTCTGAGCGGCTGGATGACACGGAACCATACTTCAT	84461572	84556810	-95238	84565947	-104375	84462713	-94097	-103234
ENSMUST00000238701	GACAAGACACCCATGTCTGAGCGGCTGGATGACACGGAACCATACTTCAT	84461572	84567757	-106185	84579469	-117897	84462713	-105044	-116756
ENSMUST00000238701	GACAAGACACCCATGTCTGAGCGGCTGGATGACACGGAACCATACTTCAT	84461572	84581351	-119779	84587044	-125472	84462713	-118638	-124331
ENSMUST00000238701	GACAAGACACCCATGTCTGAGCGGCTGGATGACACGGAACCATACTTCAT	84461572	84588859	-127287	84601388	-139816	84462713	-126146	-138675
ENSMUST00000238701	GACAAGACACCCATGTCTGAGCGGCTGGATGACACGGAACCATACTTCAT	84461572	84611748	-150176	84617791	-156219	84462713	-149035	-155078
ENSMUST00000238701	GACAAGACACCCATGTCTGAGCGGCTGGATGACACGGAACCATACTTCAT	84461572	84612412	-150840	84615573	-154001	84462713	-149699	-152860
ENSMUST00000238701	GACAAGACACCCATGTCTGAGCGGCTGGATGACACGGAACCATACTTCAT	84461572	84612412	-150840	84617791	-156219	84462713	-149699	-155078
ENSMUST00000238701	GACAAGACACCCATGTCTGAGCGGCTGGATGACACGGAACCATACTTCAT	84461572	84612412	-150840	84617791	-156219	84462713	-149699	-155078
ENSMUST00000238701	GACAAGACACCCATGTCTGAGCGGCTGGATGACACGGAACCATACTTCAT	84461572	84614791	-153219	84617791	-156219	84462713	-152078	-155078
ENSMUST00000238701	GACAAGACACCCATGTCTGAGCGGCTGGATGACACGGAACCATACTTCAT	84461572	84629710	-168138	84633206	-171634	84462713	-166997	-170493
ENSMUST00000238701	GACAAGACACCCATGTCTGAGCGGCTGGATGACACGGAACCATACTTCAT	84461572	84633763	-172191	84636511	-174939	84462713	-171050	-173798
ENSMUST00000238701	GACAAGACACCCATGTCTGAGCGGCTGGATGACACGGAACCATACTTCAT	84461572	84633763	-172191	84638611	-177039	84462713	-171050	-175898
ENSMUST00000102888	TCTCTCTTTCTTTTTTAATCTGTGGCTGTGAACTTGAATGACCACTGCTC	60987871	60925840	62031	60946985	40886	60987921	62081	40936
ENSMUST00000102888	TCTCTCTTTCTTTTTTAATCTGTGGCTGTGAACTTGAATGACCACTGCTC	60987871	60951347	36524	60952284	35587	60987921	36574	35637
ENSMUST00000102888	TCTCTCTTTCTTTTTTAATCTGTGGCTGTGAACTTGAATGACCACTGCTC	60987871	60952357	35514	60957103	30768	60987921	35564	30818
ENSMUST00000102888	TCTCTCTTTCTTTTTTAATCTGTGGCTGTGAACTTGAATGACCACTGCTC	60987871	60955639	32232	60957299	30572	60987921	32282	30622
ENSMUST00000102888	TCTCTCTTTCTTTTTTAATCTGTGGCTGTGAACTTGAATGACCACTGCTC	60987871	60957394	30477	60958572	29299	60987921	30527	29349
ENSMUST00000102888	TCTCTCTTTCTTTTTTAATCTGTGGCTGTGAACTTGAATGACCACTGCTC	60987871	60958656	29215	60963922	23949	60987921	29265	23999
ENSMUST00000102888	TCTCTCTTTCTTTTTTAATCTGTGGCTGTGAACTTGAATGACCACTGCTC	60987871	60963963	23908	60969993	17878	60987921	23958	17928
ENSMUST00000102888	TCTCTCTTTCTTTTTTAATCTGTGGCTGTGAACTTGAATGACCACTGCTC	60987871	60970042	17829	60980059	7812	60987921	17879	7862
ENSMUST00000102888	TCTCTCTTTCTTTTTTAATCTGTGGCTGTGAACTTGAATGACCACTGCTC	60987871	60978015	9856	60984325	3546	60987921	9906	3596
ENSMUST00000098070	TTTTTTGCCAGCACTGTGATTATGGGAACCGGACGGTCAAAGGCGTCCTC	55011585	55020207	-8622	55050185	-38600	55011635	-8572	-38550
ENSMUST00000098070	TTTTTTGCCAGCACTGTGATTATGGGAACCGGACGGTCAAAGGCGTCCTC	55011585	55051327	-39742	55072972	-61387	55011635	-39692	-61337
ENSMUST00000098070	TTTTTTGCCAGCACTGTGATTATGGGAACCGGACGGTCAAAGGCGTCCTC	55011585	55060237	-48652	55079263	-67678	55011635	-48602	-67628
ENSMUST00000097785	AATCATGTTCAGCACCTCCAGTCAGCCTGTGCGAGCTCACACCAGTTTCA	34227833	34249638	-21805	34250609	-22776	34227883	-21755	-22726
ENSMUST00000097785	AATCATGTTCAGCACCTCCAGTCAGCCTGTGCGAGCTCACACCAGTTTCA	34227833	34295536	-67703	34299720	-71887	34227883	-67653	-71837
ENSMUST00000097785	AATCATGTTCAGCACCTCCAGTCAGCCTGTGCGAGCTCACACCAGTTTCA	34227833	34299838	-72005	34302829	-74996	34227883	-71955	-74946
ENSMUST00000097785	AATCATGTTCAGCACCTCCAGTCAGCCTGTGCGAGCTCACACCAGTTTCA	34227833	34303032	-75199	34306527	-78694	34227883	-75149	-78644
ENSMUST00000097785	AATCATGTTCAGCACCTCCAGTCAGCCTGTGCGAGCTCACACCAGTTTCA	34227833	34174795	53038	34184015	43818	34227883	53088	43868
ENSMUST00000097785	AATCATGTTCAGCACCTCCAGTCAGCCTGTGCGAGCTCACACCAGTTTCA	34227833	34249638	-21805	34250609	-22776	34227883	-21755	-22726
ENSMUST00000097785	AATCATGTTCAGCACCTCCAGTCAGCCTGTGCGAGCTCACACCAGTTTCA	34227833	34295536	-67703	34299720	-71887	34227883	-67653	-71837
ENSMUST00000097785	AATCATGTTCAGCACCTCCAGTCAGCCTGTGCGAGCTCACACCAGTTTCA	34227833	34299838	-72005	34302829	-74996	34227883	-71955	-74946
ENSMUST00000097785	AATCATGTTCAGCACCTCCAGTCAGCCTGTGCGAGCTCACACCAGTTTCA	34227833	34303032	-75199	34306527	-78694	34227883	-75149	-78644
ENSMUST00000097785	AATCATGTTCAGCACCTCCAGTCAGCCTGTGCGAGCTCACACCAGTTTCA	34227833	34174795	53038	34184015	43818	34227883	53088	43868
ENSMUST00000036407	AATGATTCCCTGTATGGTTGCACGTTGTTCAAACCCAGGAAACAATCAGAC	57386745	57380714	6031	57381231	5514	57386796	6082	5565
ENSMUST00000036407	AATGATTCCCTGTATGGTTGCACGTTGTTCAAACCCAGGAAACAATCAGAC	57386745	57380714	6031	57381231	5514	57386796	6082	5565
ENSMUST00000023100	AGCTGGATCCTCCCAAAGAAGGAGAGAGGCGGACAACACACAATATCATTG	82175198	82178909	-3711	82181980	-6782	82175249	-3660	-6731
ENSMUST00000027521	AAAGGAGACAGAGAAGCGTGTAAAGTAACGGAGAGAGGTGCCTATAATGGA	89895210	89609583	285627	89663660	231550	89895261	285678	231601
ENSMUST00000027521	AAAGGAGACAGAGAAGCGTGTAAAGTAACGGAGAGAGGTGCCTATAATGGA	89895210	89671271	223939	89766305	128905	89895261	223990	128956
ENSMUST00000027521	AAAGGAGACAGAGAAGCGTGTAAAGTAACGGAGAGAGGTGCCTATAATGGA	89895210	89726065	169145	89766305	128905	89895261	169196	128956
ENSMUST00000027521	AAAGGAGACAGAGAAGCGTGTAAAGTAACGGAGAGAGGTGCCTATAATGGA	89895210	89743896	151314	89789162	106048	89895261	151365	106099
ENSMUST00000027521	AAAGGAGACAGAGAAGCGTGTAAAGTAACGGAGAGAGGTGCCTATAATGGA	89895210	89743896	151314	89834433	60777	89895261	151365	60828
ENSMUST00000027521	AAAGGAGACAGAGAAGCGTGTAAAGTAACGGAGAGAGGTGCCTATAATGGA	89895210	89743896	151314	89834433	60777	89895261	151365	60828
ENSMUST00000027521	AAAGGAGACAGAGAAGCGTGTAAAGTAACGGAGAGAGGTGCCTATAATGGA	89895210	89766464	128746	89834433	60777	89895261	128797	60828
ENSMUST00000167020	AGCATCTACTTTATCCAAACTGCCTACACCCACAGCTTCTCTCCCTGCACA	7910763	7871744	39019	7905399	5364	7910814	39070	5415
ENSMUST00000167020	AGCATCTACTTTATCCAAACTGCCTACACCCACAGCTTCTCTCCCTGCACA	7910763	7871744	39019	7916051	-5288	7910814	39070	-5237
ENSMUST00000167020	AGCATCTACTTTATCCAAACTGCCTACACCCACAGCTTCTCTCCCTGCACA	7910763	7871744	39019	7916051	-5288	7910814	39070	-5237
ENSMUST00000167020	AGCATCTACTTTATCCAAACTGCCTACACCCACAGCTTCTCTCCCTGCACA	7910763	7906044	4719	7916051	-5288	7910814	4770	-5237
ENSMUST00000167020	AGCATCTACTTTATCCAAACTGCCTACACCCACAGCTTCTCTCCCTGCACA	7910763	7910824	-61	7917552	-6789	7910814	-10	-6738
ENSMUST00000167020	AGCATCTACTTTATCCAAACTGCCTACACCCACAGCTTCTCTCCCTGCACA	7910763	7921608	-10845	7926069	-15306	7910814	-10794	-15255
ENSMUST00000190686	CACTCAGGATCTACATCTCCATATCTAAAAAGCATGCTCCAGACTCCACCA	23816980	23792511	24469	23808065	8915	23817031	24520	8966
ENSMUST00000190686	CACTCAGGATCTACATCTCCATATCTAAAAAGCATGCTCCAGACTCCACCA	23816980	23803398	13582	23808065	8915	23817031	13633	8966
ENSMUST00000190686	CACTCAGGATCTACATCTCCATATCTAAAAAGCATGCTCCAGACTCCACCA	23816980	23811731	5249	23812427	4553	23817031	5300	4604
ENSMUST00000190686	CACTCAGGATCTACATCTCCATATCTAAAAAGCATGCTCCAGACTCCACCA	23816980	23821690	-4710	23822412	-5432	23817031	-4659	-5381
ENSMUST00000003123	TGAAAGAATGACAAATCCGTGGAGCTGACATGTCTGGAATAAAGTGAATAC	72222970	72219860	3110	72221927	1043	72223021	3161	1094
ENSMUST00000003123	TGAAAGAATGACAAATCCGTGGAGCTGACATGTCTGGAATAAAGTGAATAC	72222970	72220082	2888	72222181	789	72223021	2939	840
ENSMUST00000058667	ACATTGAGGATGGCGCAGGCCCACATCCGCGGCTCCCCGTGCCCCTTGCTG	44444902	44429116	15786	44461008	-16106	44444953	15837	-16055
ENSMUST00000058667	ACATTGAGGATGGCGCAGGCCCACATCCGCGGCTCCCCGTGCCCCTTGCTG	44444902	44442531	2371	44461008	-16106	44444953	2422	-16055
ENSMUST00000058667	ACATTGAGGATGGCGCAGGCCCACATCCGCGGCTCCCCGTGCCCCTTGCTG	44444902	44429116	15786	44461008	-16106	44444953	15837	-16055
ENSMUST00000058667	ACATTGAGGATGGCGCAGGCCCACATCCGCGGCTCCCCGTGCCCCTTGCTG	44444902	44442531	2371	44461008	-16106	44444953	2422	-16055
ENSMUST00000078626	TCTTTTGTGATCATTCCCAGCTACTTGTGCAAGCCAGGGTTAGACTACCTC	111395060	111312251	82809	111343094	51966	111395111	82860	52017
ENSMUST00000078626	TCTTTTGTGATCATTCCCAGCTACTTGTGCAAGCCAGGGTTAGACTACCTC	111395060	111343245	51815	111345394	49666	111395111	51866	49717
ENSMUST00000078626	TCTTTTGTGATCATTCCCAGCTACTTGTGCAAGCCAGGGTTAGACTACCTC	111395060	111377921	17139	111383073	11987	111395111	17190	12038
ENSMUST00000078626	TCTTTTGTGATCATTCCCAGCTACTTGTGCAAGCCAGGGTTAGACTACCTC	111395060	111383162	11898	111386370	8690	111395111	11949	8741
ENSMUST00000078626	TCTTTTGTGATCATTCCCAGCTACTTGTGCAAGCCAGGGTTAGACTACCTC	111395060	111386704	8356	111389946	5114	111395111	8407	5165
ENSMUST00000238518	CGTCTCCGTCCTGTTCTGCTGCAACAAATCATTTGTTTTCTTGCTGTCGTG	126382253	126298861	83392	126382114	139	126382304	83443	190
ENSMUST00000238518	CGTCTCCGTCCTGTTCTGCTGCAACAAATCATTTGTTTTCTTGCTGTCGTG	126382253	126382334	-81	126389082	-6829	126382304	-30	-6778
ENSMUST00000218315	CTGATGCACTGCTCTCTGACTGGCCTGCTGCCAACTCTGCTCCCGCTCCCA	128310468	128315236	-4768	128315775	-5307	128310710	-4526	-5065
ENSMUST00000218315	CTGATGCACTGCTCTCTGACTGGCCTGCTGCCAACTCTGCTCCCGCTCCCA	128310468	128318033	-7565	128318944	-8476	128310710	-7323	-8234
ENSMUST00000218315	CTGATGCACTGCTCTCTGACTGGCCTGCTGCCAACTCTGCTCCCGCTCCCA	128310468	128319038	-8570	128320733	-10265	128310710	-8328	-10023
ENSMUST00000034740	CTCCTCCGCCGCAGCGACGCCTCCTCCTCCTCTTCCTCTCTCCTTCTCTCTC	72662453	72662613	-160	72671229	-8776	72662505	-108	-8724
ENSMUST00000034740	CTCCTCCGCCGCAGCGACGCCTCCTCCTCCTCTTCCTCTCTCCTTCTCTCTC	72662453	72662613	-160	72677314	-14861	72662505	-108	-14809
ENSMUST00000034740	CTCCTCCGCCGCAGCGACGCCTCCTCCTCCTCTTCCTCTCTCCTTCTCTCTC	72662453	72662613	-160	72709111	-46658	72662505	-108	-46606
ENSMUST00000034740	CTCCTCCGCCGCAGCGACGCCTCCTCCTCCTCTTCCTCTCTCCTTCTCTCTC	72662453	72677531	-15078	72709111	-46658	72662505	-15026	-46606
ENSMUST00000034740	CTCCTCCGCCGCAGCGACGCCTCCTCCTCCTCTTCCTCTCTCCTTCTCTCTC	72662453	72726530	-64077	72731221	-68768	72662505	-64025	-68716
ENSMUST00000034740	CTCCTCCGCCGCAGCGACGCCTCCTCCTCCTCTTCCTCTCTCCTTCTCTCTC	72662453	72739528	-77075	72742652	-80199	72662505	-77023	-80147
ENSMUST00000034740	CTCCTCCGCCGCAGCGACGCCTCCTCCTCCTCTTCCTCTCTCCTTCTCTCTC	72662453	72740228	-77775	72742652	-80199	72662505	-77723	-80147
ENSMUST00000034740	CTCCTCCGCCGCAGCGACGCCTCCTCCTCCTCTTCCTCTCTCCTTCTCTCTC	72662453	72742760	-80307	72746406	-83953	72662505	-80255	-83901
ENSMUST00000201702	ACCCAGATGAGCAGACCTCACGAACCCTCACCCTCATCGCCAAGGTCATCCA	26959783	26941518	18265	26946632	13151	26959835	18317	13203
ENSMUST00000201702	ACCCAGATGAGCAGACCTCACGAACCCTCACCCTCATCGCCAAGGTCATCCA	26959783	26941518	18265	26952561	7222	26959835	18317	7274
ENSMUST00000201702	ACCCAGATGAGCAGACCTCACGAACCCTCACCCTCATCGCCAAGGTCATCCA	26959783	26941518	18265	26952561	7222	26959835	18317	7274
ENSMUST00000201702	ACCCAGATGAGCAGACCTCACGAACCCTCACCCTCATCGCCAAGGTCATCCA	26959783	26944754	15029	26952561	7222	26959835	15081	7274
ENSMUST00000201702	ACCCAGATGAGCAGACCTCACGAACCCTCACCCTCATCGCCAAGGTCATCCA	26959783	26960521	-738	26961435	-1652	26959835	-686	-1600
ENSMUST00000201702	ACCCAGATGAGCAGACCTCACGAACCCTCACCCTCATCGCCAAGGTCATCCA	26959783	26966973	-7190	26970058	-10275	26959835	-7138	-10223
ENSMUST00000201702	ACCCAGATGAGCAGACCTCACGAACCCTCACCCTCATCGCCAAGGTCATCCA	26959783	26966973	-7190	26970498	-10715	26959835	-7138	-10663
ENSMUST00000201702	ACCCAGATGAGCAGACCTCACGAACCCTCACCCTCATCGCCAAGGTCATCCA	26959783	26966973	-7190	26970498	-10715	26959835	-7138	-10663
ENSMUST00000201702	ACCCAGATGAGCAGACCTCACGAACCCTCACCCTCATCGCCAAGGTCATCCA	26959783	26967760	-7977	26970498	-10715	26959835	-7925	-10663
ENSMUST00000201702	ACCCAGATGAGCAGACCTCACGAACCCTCACCCTCATCGCCAAGGTCATCCA	26959783	26966973	-7190	26970498	-10715	26959835	-7138	-10663
ENSMUST00000025729	GTTTATATTTACGTACTTTTCAAAGTTTGGCCTATGTTACTCTGTGTGGATC	36892535	36857989	34546	36862085	30450	36892587	34598	30502
ENSMUST00000025729	GTTTATATTTACGTACTTTTCAAAGTTTGGCCTATGTTACTCTGTGTGGATC	36892535	36874016	18519	36879234	13301	36892587	18571	13353
ENSMUST00000025729	GTTTATATTTACGTACTTTTCAAAGTTTGGCCTATGTTACTCTGTGTGGATC	36892535	36875373	17162	36879234	13301	36892587	17214	13353
ENSMUST00000025729	GTTTATATTTACGTACTTTTCAAAGTTTGGCCTATGTTACTCTGTGTGGATC	36892535	36884163	8372	36887065	5470	36892587	8424	5522
ENSMUST00000025729	GTTTATATTTACGTACTTTTCAAAGTTTGGCCTATGTTACTCTGTGTGGATC	36892535	36887171	5364	36889891	2644	36892587	5416	2696
ENSMUST00000004172	ATCCTACCCCAAGTGACCTGTTCTATCCCCATCTCCACCTCTGCCTAAAACT	4766132	4726471	39661	4763728	2404	4766184	39713	2456
ENSMUST00000004172	ATCCTACCCCAAGTGACCTGTTCTATCCCCATCTCCACCTCTGCCTAAAACT	4766132	4726471	39661	4764605	1527	4766184	39713	1579
ENSMUST00000004172	ATCCTACCCCAAGTGACCTGTTCTATCCCCATCTCCACCTCTGCCTAAAACT	4766132	4757112	9020	4763728	2404	4766184	9072	2456
ENSMUST00000004172	ATCCTACCCCAAGTGACCTGTTCTATCCCCATCTCCACCTCTGCCTAAAACT	4766132	4757170	8962	4763728	2404	4766184	9014	2456
ENSMUST00000004172	ATCCTACCCCAAGTGACCTGTTCTATCCCCATCTCCACCTCTGCCTAAAACT	4766132	4757170	8962	4764605	1527	4766184	9014	1579
ENSMUST00000004172	ATCCTACCCCAAGTGACCTGTTCTATCCCCATCTCCACCTCTGCCTAAAACT	4766132	4757127	9005	4764605	1527	4766184	9057	1579
ENSMUST00000004172	ATCCTACCCCAAGTGACCTGTTCTATCCCCATCTCCACCTCTGCCTAAAACT	4766132	4726471	39661	4764605	1527	4766184	39713	1579
ENSMUST00000004172	ATCCTACCCCAAGTGACCTGTTCTATCCCCATCTCCACCTCTGCCTAAAACT	4766132	4757170	8962	4764605	1527	4766184	9014	1579
ENSMUST00000004172	ATCCTACCCCAAGTGACCTGTTCTATCCCCATCTCCACCTCTGCCTAAAACT	4766132	4762677	3455	4764605	1527	4766184	3507	1579
ENSMUST00000004172	ATCCTACCCCAAGTGACCTGTTCTATCCCCATCTCCACCTCTGCCTAAAACT	4766132	4726471	39661	4765977	155	4766184	39713	207
ENSMUST00000004172	ATCCTACCCCAAGTGACCTGTTCTATCCCCATCTCCACCTCTGCCTAAAACT	4766132	4765097	1035	4765977	155	4766184	1087	207
ENSMUST00000149756	TGGCCCAGTGGTGTACGCAGGGAGACTTACTGGCAGTTGCTGGGATGGAGCA	6206902	6106582	100320	6176828	30074	6206954	100372	30126
ENSMUST00000149756	TGGCCCAGTGGTGTACGCAGGGAGACTTACTGGCAGTTGCTGGGATGGAGCA	6206902	6106996	99906	6121194	85708	6206954	99958	85760
ENSMUST00000149756	TGGCCCAGTGGTGTACGCAGGGAGACTTACTGGCAGTTGCTGGGATGGAGCA	6206902	6106996	99906	6176828	30074	6206954	99958	30126
ENSMUST00000149756	TGGCCCAGTGGTGTACGCAGGGAGACTTACTGGCAGTTGCTGGGATGGAGCA	6206902	6106582	100320	6137210	69692	6206954	100372	69744
ENSMUST00000149756	TGGCCCAGTGGTGTACGCAGGGAGACTTACTGGCAGTTGCTGGGATGGAGCA	6206902	6106582	100320	6176828	30074	6206954	100372	30126
ENSMUST00000149756	TGGCCCAGTGGTGTACGCAGGGAGACTTACTGGCAGTTGCTGGGATGGAGCA	6206902	6107788	99114	6124170	82732	6206954	99166	82784
ENSMUST00000149756	TGGCCCAGTGGTGTACGCAGGGAGACTTACTGGCAGTTGCTGGGATGGAGCA	6206902	6107788	99114	6137210	69692	6206954	99166	69744
ENSMUST00000149756	TGGCCCAGTGGTGTACGCAGGGAGACTTACTGGCAGTTGCTGGGATGGAGCA	6206902	6107788	99114	6176828	30074	6206954	99166	30126
ENSMUST00000149756	TGGCCCAGTGGTGTACGCAGGGAGACTTACTGGCAGTTGCTGGGATGGAGCA	6206902	6118366	88536	6176828	30074	6206954	88588	30126
ENSMUST00000149756	TGGCCCAGTGGTGTACGCAGGGAGACTTACTGGCAGTTGCTGGGATGGAGCA	6206902	6122344	84558	6124656	82246	6206954	84610	82298
ENSMUST00000149756	TGGCCCAGTGGTGTACGCAGGGAGACTTACTGGCAGTTGCTGGGATGGAGCA	6206902	6139156	67746	6185136	21766	6206954	67798	21818
ENSMUST00000149756	TGGCCCAGTGGTGTACGCAGGGAGACTTACTGGCAGTTGCTGGGATGGAGCA	6206902	6176957	29945	6198671	8231	6206954	29997	8283
ENSMUST00000149756	TGGCCCAGTGGTGTACGCAGGGAGACTTACTGGCAGTTGCTGGGATGGAGCA	6206902	6185298	21604	6201699	5203	6206954	21656	5255
ENSMUST00000149756	TGGCCCAGTGGTGTACGCAGGGAGACTTACTGGCAGTTGCTGGGATGGAGCA	6206902	6185298	21604	6213383	-6481	6206954	21656	-6429
ENSMUST00000149756	TGGCCCAGTGGTGTACGCAGGGAGACTTACTGGCAGTTGCTGGGATGGAGCA	6206902	6185298	21604	6206890	12	6206954	21656	64
ENSMUST00000149756	TGGCCCAGTGGTGTACGCAGGGAGACTTACTGGCAGTTGCTGGGATGGAGCA	6206902	6185298	21604	6213383	-6481	6206954	21656	-6429
ENSMUST00000149756	TGGCCCAGTGGTGTACGCAGGGAGACTTACTGGCAGTTGCTGGGATGGAGCA	6206902	6198852	8050	6213383	-6481	6206954	8102	-6429
ENSMUST00000149756	TGGCCCAGTGGTGTACGCAGGGAGACTTACTGGCAGTTGCTGGGATGGAGCA	6206902	6185298	21604	6213383	-6481	6206954	21656	-6429
ENSMUST00000149756	TGGCCCAGTGGTGTACGCAGGGAGACTTACTGGCAGTTGCTGGGATGGAGCA	6206902	6201834	5068	6213383	-6481	6206954	5120	-6429
ENSMUST00000149756	TGGCCCAGTGGTGTACGCAGGGAGACTTACTGGCAGTTGCTGGGATGGAGCA	6206902	6222448	-15546	6229334	-22432	6206954	-15494	-22380
ENSMUST00000078111	GAGTCCCTGTCGGTCCCCAAGCTGCAAAGCCCGCCTGGAAGACCCCGAAAGCT	45838676	45839288	-612	45854626	-15950	45838729	-559	-15897
ENSMUST00000078111	GAGTCCCTGTCGGTCCCCAAGCTGCAAAGCCCGCCTGGAAGACCCCGAAAGCT	45838676	45839288	-612	45856087	-17411	45838729	-559	-17358
ENSMUST00000078111	GAGTCCCTGTCGGTCCCCAAGCTGCAAAGCCCGCCTGGAAGACCCCGAAAGCT	45838676	45839288	-612	45856087	-17411	45838729	-559	-17358
ENSMUST00000078111	GAGTCCCTGTCGGTCCCCAAGCTGCAAAGCCCGCCTGGAAGACCCCGAAAGCT	45838676	45857248	-18572	45858909	-20233	45838729	-18519	-20180
ENSMUST00000026292	GGATGATGAAGGTGAAGAAGGAGATGAAGATGATGACGACGATGGTTCTGAGA	151907331	151800946	106385	151803175	104156	151907384	106438	104209
ENSMUST00000026292	GGATGATGAAGGTGAAGAAGGAGATGAAGATGATGACGACGATGGTTCTGAGA	151907331	151803569	103762	151804445	102886	151907384	103815	102939
ENSMUST00000026292	GGATGATGAAGGTGAAGAAGGAGATGAAGATGATGACGACGATGGTTCTGAGA	151907331	151803569	103762	151806271	101060	151907384	103815	101113
ENSMUST00000026292	GGATGATGAAGGTGAAGAAGGAGATGAAGATGATGACGACGATGGTTCTGAGA	151907331	151803569	103762	151806275	101056	151907384	103815	101109
ENSMUST00000026292	GGATGATGAAGGTGAAGAAGGAGATGAAGATGATGACGACGATGGTTCTGAGA	151907331	151803802	103529	151806271	101060	151907384	103582	101113
ENSMUST00000026292	GGATGATGAAGGTGAAGAAGGAGATGAAGATGATGACGACGATGGTTCTGAGA	151907331	151803802	103529	151806275	101056	151907384	103582	101109
ENSMUST00000026292	GGATGATGAAGGTGAAGAAGGAGATGAAGATGATGACGACGATGGTTCTGAGA	151907331	151800946	106385	151806719	100612	151907384	106438	100665
ENSMUST00000026292	GGATGATGAAGGTGAAGAAGGAGATGAAGATGATGACGACGATGGTTCTGAGA	151907331	151801366	105965	151806719	100612	151907384	106018	100665
ENSMUST00000026292	GGATGATGAAGGTGAAGAAGGAGATGAAGATGATGACGACGATGGTTCTGAGA	151907331	151803569	103762	151806719	100612	151907384	103815	100665
ENSMUST00000026292	GGATGATGAAGGTGAAGAAGGAGATGAAGATGATGACGACGATGGTTCTGAGA	151907331	151803802	103529	151806719	100612	151907384	103582	100665
ENSMUST00000026292	GGATGATGAAGGTGAAGAAGGAGATGAAGATGATGACGACGATGGTTCTGAGA	151907331	151800946	106385	151806719	100612	151907384	106438	100665
ENSMUST00000026292	GGATGATGAAGGTGAAGAAGGAGATGAAGATGATGACGACGATGGTTCTGAGA	151907331	151801366	105965	151806719	100612	151907384	106018	100665
ENSMUST00000026292	GGATGATGAAGGTGAAGAAGGAGATGAAGATGATGACGACGATGGTTCTGAGA	151907331	151803569	103762	151806719	100612	151907384	103815	100665
ENSMUST00000026292	GGATGATGAAGGTGAAGAAGGAGATGAAGATGATGACGACGATGGTTCTGAGA	151907331	151803802	103529	151806719	100612	151907384	103582	100665
ENSMUST00000026292	GGATGATGAAGGTGAAGAAGGAGATGAAGATGATGACGACGATGGTTCTGAGA	151907331	151801366	105965	151835223	72108	151907384	106018	72161
ENSMUST00000026292	GGATGATGAAGGTGAAGAAGGAGATGAAGATGATGACGACGATGGTTCTGAGA	151907331	151803569	103762	151835223	72108	151907384	103815	72161
ENSMUST00000026292	GGATGATGAAGGTGAAGAAGGAGATGAAGATGATGACGACGATGGTTCTGAGA	151907331	151806860	100471	151840055	67276	151907384	100524	67329
ENSMUST00000026292	GGATGATGAAGGTGAAGAAGGAGATGAAGATGATGACGACGATGGTTCTGAGA	151907331	151835292	72039	151840055	67276	151907384	72092	67329
ENSMUST00000026292	GGATGATGAAGGTGAAGAAGGAGATGAAGATGATGACGACGATGGTTCTGAGA	151907331	151857913	49418	151860166	47165	151907384	49471	47218
ENSMUST00000026292	GGATGATGAAGGTGAAGAAGGAGATGAAGATGATGACGACGATGGTTCTGAGA	151907331	151870516	36815	151874532	32799	151907384	36868	32852
ENSMUST00000026292	GGATGATGAAGGTGAAGAAGGAGATGAAGATGATGACGACGATGGTTCTGAGA	151907331	151905431	1900	151906950	381	151907384	1953	434
ENSMUST00000026292	GGATGATGAAGGTGAAGAAGGAGATGAAGATGATGACGACGATGGTTCTGAGA	151907331	151905431	1900	151908727	-1396	151907384	1953	-1343
ENSMUST00000026292	GGATGATGAAGGTGAAGAAGGAGATGAAGATGATGACGACGATGGTTCTGAGA	151907331	151907084	247	151908727	-1396	151907384	300	-1343
ENSMUST00000026292	GGATGATGAAGGTGAAGAAGGAGATGAAGATGATGACGACGATGGTTCTGAGA	151907331	151920185	-12854	151921261	-13930	151907384	-12801	-13877
ENSMUST00000026292	GGATGATGAAGGTGAAGAAGGAGATGAAGATGATGACGACGATGGTTCTGAGA	151907331	151924761	-17430	151928152	-20821	151907384	-17377	-20768
ENSMUST00000026292	GGATGATGAAGGTGAAGAAGGAGATGAAGATGATGACGACGATGGTTCTGAGA	151907331	151800946	106385	151803175	104156	151907384	106438	104209
ENSMUST00000026292	GGATGATGAAGGTGAAGAAGGAGATGAAGATGATGACGACGATGGTTCTGAGA	151907331	151803569	103762	151804445	102886	151907384	103815	102939
ENSMUST00000026292	GGATGATGAAGGTGAAGAAGGAGATGAAGATGATGACGACGATGGTTCTGAGA	151907331	151803569	103762	151806271	101060	151907384	103815	101113
ENSMUST00000026292	GGATGATGAAGGTGAAGAAGGAGATGAAGATGATGACGACGATGGTTCTGAGA	151907331	151803569	103762	151806275	101056	151907384	103815	101109
ENSMUST00000026292	GGATGATGAAGGTGAAGAAGGAGATGAAGATGATGACGACGATGGTTCTGAGA	151907331	151803802	103529	151806271	101060	151907384	103582	101113
ENSMUST00000026292	GGATGATGAAGGTGAAGAAGGAGATGAAGATGATGACGACGATGGTTCTGAGA	151907331	151803802	103529	151806275	101056	151907384	103582	101109
ENSMUST00000026292	GGATGATGAAGGTGAAGAAGGAGATGAAGATGATGACGACGATGGTTCTGAGA	151907331	151800946	106385	151806719	100612	151907384	106438	100665
ENSMUST00000026292	GGATGATGAAGGTGAAGAAGGAGATGAAGATGATGACGACGATGGTTCTGAGA	151907331	151801366	105965	151806719	100612	151907384	106018	100665
ENSMUST00000026292	GGATGATGAAGGTGAAGAAGGAGATGAAGATGATGACGACGATGGTTCTGAGA	151907331	151803569	103762	151806719	100612	151907384	103815	100665
ENSMUST00000026292	GGATGATGAAGGTGAAGAAGGAGATGAAGATGATGACGACGATGGTTCTGAGA	151907331	151803802	103529	151806719	100612	151907384	103582	100665
ENSMUST00000026292	GGATGATGAAGGTGAAGAAGGAGATGAAGATGATGACGACGATGGTTCTGAGA	151907331	151800946	106385	151806719	100612	151907384	106438	100665
ENSMUST00000026292	GGATGATGAAGGTGAAGAAGGAGATGAAGATGATGACGACGATGGTTCTGAGA	151907331	151801366	105965	151806719	100612	151907384	106018	100665
ENSMUST00000026292	GGATGATGAAGGTGAAGAAGGAGATGAAGATGATGACGACGATGGTTCTGAGA	151907331	151803569	103762	151806719	100612	151907384	103815	100665
ENSMUST00000026292	GGATGATGAAGGTGAAGAAGGAGATGAAGATGATGACGACGATGGTTCTGAGA	151907331	151803802	103529	151806719	100612	151907384	103582	100665
ENSMUST00000026292	GGATGATGAAGGTGAAGAAGGAGATGAAGATGATGACGACGATGGTTCTGAGA	151907331	151801366	105965	151835223	72108	151907384	106018	72161
ENSMUST00000026292	GGATGATGAAGGTGAAGAAGGAGATGAAGATGATGACGACGATGGTTCTGAGA	151907331	151803569	103762	151835223	72108	151907384	103815	72161
ENSMUST00000026292	GGATGATGAAGGTGAAGAAGGAGATGAAGATGATGACGACGATGGTTCTGAGA	151907331	151806860	100471	151840055	67276	151907384	100524	67329
ENSMUST00000026292	GGATGATGAAGGTGAAGAAGGAGATGAAGATGATGACGACGATGGTTCTGAGA	151907331	151835292	72039	151840055	67276	151907384	72092	67329
ENSMUST00000026292	GGATGATGAAGGTGAAGAAGGAGATGAAGATGATGACGACGATGGTTCTGAGA	151907331	151857913	49418	151860166	47165	151907384	49471	47218
ENSMUST00000026292	GGATGATGAAGGTGAAGAAGGAGATGAAGATGATGACGACGATGGTTCTGAGA	151907331	151870516	36815	151874532	32799	151907384	36868	32852
ENSMUST00000026292	GGATGATGAAGGTGAAGAAGGAGATGAAGATGATGACGACGATGGTTCTGAGA	151907331	151905431	1900	151906950	381	151907384	1953	434
ENSMUST00000026292	GGATGATGAAGGTGAAGAAGGAGATGAAGATGATGACGACGATGGTTCTGAGA	151907331	151905431	1900	151908727	-1396	151907384	1953	-1343
ENSMUST00000026292	GGATGATGAAGGTGAAGAAGGAGATGAAGATGATGACGACGATGGTTCTGAGA	151907331	151907084	247	151908727	-1396	151907384	300	-1343
ENSMUST00000026292	GGATGATGAAGGTGAAGAAGGAGATGAAGATGATGACGACGATGGTTCTGAGA	151907331	151920185	-12854	151921261	-13930	151907384	-12801	-13877
ENSMUST00000026292	GGATGATGAAGGTGAAGAAGGAGATGAAGATGATGACGACGATGGTTCTGAGA	151907331	151924761	-17430	151928152	-20821	151907384	-17377	-20768
ENSMUST00000035155	TCCTTCACCGCTTCCTCCTCCTCCTCCTCCTCCTCGCCCGGCCCCAGCTGCCA	103112099	103112226	-127	103160819	-48720	103112152	-74	-48667
ENSMUST00000035155	TCCTTCACCGCTTCCTCCTCCTCCTCCTCCTCCTCGCCCGGCCCCAGCTGCCA	103112099	103140440	-28341	103161063	-48964	103112152	-28288	-48911
ENSMUST00000168361	TTTTAATCGCACTCCTGGAAGTCGCCAAGCCTCTCCAACTGAAGTAGTTGAGC	8713360	8674480	38880	8698090	15270	8713412	38932	15322
ENSMUST00000168361	TTTTAATCGCACTCCTGGAAGTCGCCAAGCCTCTCCAACTGAAGTAGTTGAGC	8713360	8698159	15201	8700148	13212	8713412	15253	13264
ENSMUST00000168361	TTTTAATCGCACTCCTGGAAGTCGCCAAGCCTCTCCAACTGAAGTAGTTGAGC	8713360	8698159	15201	8705932	7428	8713412	15253	7480
ENSMUST00000168361	TTTTAATCGCACTCCTGGAAGTCGCCAAGCCTCTCCAACTGAAGTAGTTGAGC	8713360	8698159	15201	8705932	7428	8713412	15253	7480
ENSMUST00000168361	TTTTAATCGCACTCCTGGAAGTCGCCAAGCCTCTCCAACTGAAGTAGTTGAGC	8713360	8699188	14172	8705932	7428	8713412	14224	7480
ENSMUST00000168361	TTTTAATCGCACTCCTGGAAGTCGCCAAGCCTCTCCAACTGAAGTAGTTGAGC	8713360	8709509	3851	8713359	1	8713412	3903	53
ENSMUST00000168361	TTTTAATCGCACTCCTGGAAGTCGCCAAGCCTCTCCAACTGAAGTAGTTGAGC	8713360	8728777	-15417	8743760	-30400	8713412	-15365	-30348
ENSMUST00000168361	TTTTAATCGCACTCCTGGAAGTCGCCAAGCCTCTCCAACTGAAGTAGTTGAGC	8713360	8729149	-15789	8743760	-30400	8713412	-15737	-30348
ENSMUST00000168361	TTTTAATCGCACTCCTGGAAGTCGCCAAGCCTCTCCAACTGAAGTAGTTGAGC	8713360	8744466	-31106	8747156	-33796	8713412	-31054	-33744
ENSMUST00000168361	TTTTAATCGCACTCCTGGAAGTCGCCAAGCCTCTCCAACTGAAGTAGTTGAGC	8713360	8744466	-31106	8747156	-33796	8713412	-31054	-33744
ENSMUST00000168361	TTTTAATCGCACTCCTGGAAGTCGCCAAGCCTCTCCAACTGAAGTAGTTGAGC	8713360	8744743	-31383	8748110	-34750	8713412	-31331	-34698
ENSMUST00000030039	GTGCATCACAACTACCACCACCTCCTCCTCTCCTTGGGTCTGATAGTCAGGGA	174608843	174537211	71632	174593060	15783	174608896	71685	15836
ENSMUST00000030039	GTGCATCACAACTACCACCACCTCCTCCTCTCCTTGGGTCTGATAGTCAGGGA	174608843	174537211	71632	174608381	462	174608896	71685	515
ENSMUST00000030039	GTGCATCACAACTACCACCACCTCCTCCTCTCCTTGGGTCTGATAGTCAGGGA	174608843	174537211	71632	174608381	462	174608896	71685	515
ENSMUST00000030039	GTGCATCACAACTACCACCACCTCCTCCTCTCCTTGGGTCTGATAGTCAGGGA	174608843	174582063	26780	174608381	462	174608896	26833	515
ENSMUST00000030039	GTGCATCACAACTACCACCACCTCCTCCTCTCCTTGGGTCTGATAGTCAGGGA	174608843	174612651	-3808	174666642	-57799	174608896	-3755	-57746
ENSMUST00000030039	GTGCATCACAACTACCACCACCTCCTCCTCTCCTTGGGTCTGATAGTCAGGGA	174608843	174612651	-3808	174694186	-85343	174608896	-3755	-85290
ENSMUST00000030039	GTGCATCACAACTACCACCACCTCCTCCTCTCCTTGGGTCTGATAGTCAGGGA	174608843	174612651	-3808	174694186	-85343	174608896	-3755	-85290
ENSMUST00000030039	GTGCATCACAACTACCACCACCTCCTCCTCTCCTTGGGTCTGATAGTCAGGGA	174608843	174647193	-38350	174694186	-85343	174608896	-38297	-85290
ENSMUST00000030039	GTGCATCACAACTACCACCACCTCCTCCTCTCCTTGGGTCTGATAGTCAGGGA	174608843	174699676	-90833	174744254	-135411	174608896	-90780	-135358
ENSMUST00000030039	GTGCATCACAACTACCACCACCTCCTCCTCTCCTTGGGTCTGATAGTCAGGGA	174608843	174744306	-135463	174819953	-211110	174608896	-135410	-211057
ENSMUST00000074622	ATGGCCTTCTGGGAAGCTTCTCCGAGGAAACCCACTCCTGCACATGCCCCAAC	146901061	146496077	404984	146514667	386394	146901114	405037	386447
ENSMUST00000074622	ATGGCCTTCTGGGAAGCTTCTCCGAGGAAACCCACTCCTGCACATGCCCCAAC	146901061	146497740	403321	146514667	386394	146901114	403374	386447
ENSMUST00000074622	ATGGCCTTCTGGGAAGCTTCTCCGAGGAAACCCACTCCTGCACATGCCCCAAC	146901061	146497852	403209	146514667	386394	146901114	403262	386447
ENSMUST00000074622	ATGGCCTTCTGGGAAGCTTCTCCGAGGAAACCCACTCCTGCACATGCCCCAAC	146901061	146496077	404984	146682575	218486	146901114	405037	218539
ENSMUST00000074622	ATGGCCTTCTGGGAAGCTTCTCCGAGGAAACCCACTCCTGCACATGCCCCAAC	146901061	146497740	403321	146682575	218486	146901114	403374	218539
ENSMUST00000074622	ATGGCCTTCTGGGAAGCTTCTCCGAGGAAACCCACTCCTGCACATGCCCCAAC	146901061	146514953	386108	146682575	218486	146901114	386161	218539
ENSMUST00000074622	ATGGCCTTCTGGGAAGCTTCTCCGAGGAAACCCACTCCTGCACATGCCCCAAC	146901061	146514953	386108	146701655	199406	146901114	386161	199459
ENSMUST00000074622	ATGGCCTTCTGGGAAGCTTCTCCGAGGAAACCCACTCCTGCACATGCCCCAAC	146901061	146514953	386108	146746479	154582	146901114	386161	154635
ENSMUST00000074622	ATGGCCTTCTGGGAAGCTTCTCCGAGGAAACCCACTCCTGCACATGCCCCAAC	146901061	146514953	386108	146746479	154582	146901114	386161	154635
ENSMUST00000074622	ATGGCCTTCTGGGAAGCTTCTCCGAGGAAACCCACTCCTGCACATGCCCCAAC	146901061	146682766	218295	146746479	154582	146901114	218348	154635
ENSMUST00000074622	ATGGCCTTCTGGGAAGCTTCTCCGAGGAAACCCACTCCTGCACATGCCCCAAC	146901061	146701846	199215	146831560	69501	146901114	199268	69554
ENSMUST00000074622	ATGGCCTTCTGGGAAGCTTCTCCGAGGAAACCCACTCCTGCACATGCCCCAAC	146901061	146746585	154476	146831560	69501	146901114	154529	69554
ENSMUST00000074622	ATGGCCTTCTGGGAAGCTTCTCCGAGGAAACCCACTCCTGCACATGCCCCAAC	146901061	146751991	149070	146901000	61	146901114	149123	114
ENSMUST00000114015	ACTCAGTCAGAAAATTAAAAGAAAGAAGCCAGAACATACCACCAGCCGTTTGA	66322451	66175495	146956	66251661	70790	66362239	186744	110578
ENSMUST00000114015	ACTCAGTCAGAAAATTAAAAGAAAGAAGCCAGAACATACCACCAGCCGTTTGA	66322451	66175698	146753	66251661	70790	66362239	186541	110578
ENSMUST00000114015	ACTCAGTCAGAAAATTAAAAGAAAGAAGCCAGAACATACCACCAGCCGTTTGA	66322451	66175495	146956	66322403	48	66362239	186744	39836
ENSMUST00000114015	ACTCAGTCAGAAAATTAAAAGAAAGAAGCCAGAACATACCACCAGCCGTTTGA	66322451	66175495	146956	66362202	-39751	66362239	186744	37
ENSMUST00000114015	ACTCAGTCAGAAAATTAAAAGAAAGAAGCCAGAACATACCACCAGCCGTTTGA	66322451	66175495	146956	66362202	-39751	66362239	186744	37
ENSMUST00000114015	ACTCAGTCAGAAAATTAAAAGAAAGAAGCCAGAACATACCACCAGCCGTTTGA	66322451	66251712	70739	66362202	-39751	66362239	110527	37
ENSMUST00000114015	ACTCAGTCAGAAAATTAAAAGAAAGAAGCCAGAACATACCACCAGCCGTTTGA	66322451	66251712	70739	66380488	-58037	66362239	110527	-18249
ENSMUST00000114015	ACTCAGTCAGAAAATTAAAAGAAAGAAGCCAGAACATACCACCAGCCGTTTGA	66322451	66322334	117	66362202	-39751	66362239	39905	37
ENSMUST00000114015	ACTCAGTCAGAAAATTAAAAGAAAGAAGCCAGAACATACCACCAGCCGTTTGA	66322451	66251712	70739	66380488	-58037	66362239	110527	-18249
ENSMUST00000114015	ACTCAGTCAGAAAATTAAAAGAAAGAAGCCAGAACATACCACCAGCCGTTTGA	66322451	66322468	-17	66380488	-58037	66362239	39771	-18249
ENSMUST00000114015	ACTCAGTCAGAAAATTAAAAGAAAGAAGCCAGAACATACCACCAGCCGTTTGA	66322451	66322468	-17	66399388	-76937	66362239	39771	-37149
ENSMUST00000114015	ACTCAGTCAGAAAATTAAAAGAAAGAAGCCAGAACATACCACCAGCCGTTTGA	66322451	66322468	-17	66399388	-76937	66362239	39771	-37149
ENSMUST00000114015	ACTCAGTCAGAAAATTAAAAGAAAGAAGCCAGAACATACCACCAGCCGTTTGA	66322451	66362280	-39829	66399388	-76937	66362239	-41	-37149
ENSMUST00000114015	ACTCAGTCAGAAAATTAAAAGAAAGAAGCCAGAACATACCACCAGCCGTTTGA	66322451	66401521	-79070	66412406	-89955	66362239	-39282	-50167
ENSMUST00000114015	ACTCAGTCAGAAAATTAAAAGAAAGAAGCCAGAACATACCACCAGCCGTTTGA	66322451	66401521	-79070	66416343	-93892	66362239	-39282	-54104
ENSMUST00000114015	ACTCAGTCAGAAAATTAAAAGAAAGAAGCCAGAACATACCACCAGCCGTTTGA	66322451	66401521	-79070	66416731	-94280	66362239	-39282	-54492
ENSMUST00000114015	ACTCAGTCAGAAAATTAAAAGAAAGAAGCCAGAACATACCACCAGCCGTTTGA	66322451	66401521	-79070	66416731	-94280	66362239	-39282	-54492
ENSMUST00000114015	ACTCAGTCAGAAAATTAAAAGAAAGAAGCCAGAACATACCACCAGCCGTTTGA	66322451	66401521	-79070	66420134	-97683	66362239	-39282	-57895
ENSMUST00000114015	ACTCAGTCAGAAAATTAAAAGAAAGAAGCCAGAACATACCACCAGCCGTTTGA	66322451	66416147	-93696	66416731	-94280	66362239	-53908	-54492
ENSMUST00000114015	ACTCAGTCAGAAAATTAAAAGAAAGAAGCCAGAACATACCACCAGCCGTTTGA	66322451	66401521	-79070	66420134	-97683	66362239	-39282	-57895
ENSMUST00000114015	ACTCAGTCAGAAAATTAAAAGAAAGAAGCCAGAACATACCACCAGCCGTTTGA	66322451	66416550	-94099	66420134	-97683	66362239	-54311	-57895
ENSMUST00000114015	ACTCAGTCAGAAAATTAAAAGAAAGAAGCCAGAACATACCACCAGCCGTTTGA	66322451	66425528	-103077	66433513	-111062	66362239	-63289	-71274
ENSMUST00000114015	ACTCAGTCAGAAAATTAAAAGAAAGAAGCCAGAACATACCACCAGCCGTTTGA	66322451	66175495	146956	66251661	70790	66362239	186744	110578
ENSMUST00000114015	ACTCAGTCAGAAAATTAAAAGAAAGAAGCCAGAACATACCACCAGCCGTTTGA	66322451	66175698	146753	66251661	70790	66362239	186541	110578
ENSMUST00000114015	ACTCAGTCAGAAAATTAAAAGAAAGAAGCCAGAACATACCACCAGCCGTTTGA	66322451	66175495	146956	66322403	48	66362239	186744	39836
ENSMUST00000114015	ACTCAGTCAGAAAATTAAAAGAAAGAAGCCAGAACATACCACCAGCCGTTTGA	66322451	66175495	146956	66362202	-39751	66362239	186744	37
ENSMUST00000114015	ACTCAGTCAGAAAATTAAAAGAAAGAAGCCAGAACATACCACCAGCCGTTTGA	66322451	66175495	146956	66362202	-39751	66362239	186744	37
ENSMUST00000114015	ACTCAGTCAGAAAATTAAAAGAAAGAAGCCAGAACATACCACCAGCCGTTTGA	66322451	66251712	70739	66362202	-39751	66362239	110527	37
ENSMUST00000114015	ACTCAGTCAGAAAATTAAAAGAAAGAAGCCAGAACATACCACCAGCCGTTTGA	66322451	66251712	70739	66380488	-58037	66362239	110527	-18249
ENSMUST00000114015	ACTCAGTCAGAAAATTAAAAGAAAGAAGCCAGAACATACCACCAGCCGTTTGA	66322451	66322334	117	66362202	-39751	66362239	39905	37
ENSMUST00000114015	ACTCAGTCAGAAAATTAAAAGAAAGAAGCCAGAACATACCACCAGCCGTTTGA	66322451	66251712	70739	66380488	-58037	66362239	110527	-18249
ENSMUST00000114015	ACTCAGTCAGAAAATTAAAAGAAAGAAGCCAGAACATACCACCAGCCGTTTGA	66322451	66322468	-17	66380488	-58037	66362239	39771	-18249
ENSMUST00000114015	ACTCAGTCAGAAAATTAAAAGAAAGAAGCCAGAACATACCACCAGCCGTTTGA	66322451	66322468	-17	66399388	-76937	66362239	39771	-37149
ENSMUST00000114015	ACTCAGTCAGAAAATTAAAAGAAAGAAGCCAGAACATACCACCAGCCGTTTGA	66322451	66322468	-17	66399388	-76937	66362239	39771	-37149
ENSMUST00000114015	ACTCAGTCAGAAAATTAAAAGAAAGAAGCCAGAACATACCACCAGCCGTTTGA	66322451	66362280	-39829	66399388	-76937	66362239	-41	-37149
ENSMUST00000114015	ACTCAGTCAGAAAATTAAAAGAAAGAAGCCAGAACATACCACCAGCCGTTTGA	66322451	66401521	-79070	66412406	-89955	66362239	-39282	-50167
ENSMUST00000114015	ACTCAGTCAGAAAATTAAAAGAAAGAAGCCAGAACATACCACCAGCCGTTTGA	66322451	66401521	-79070	66416343	-93892	66362239	-39282	-54104
ENSMUST00000114015	ACTCAGTCAGAAAATTAAAAGAAAGAAGCCAGAACATACCACCAGCCGTTTGA	66322451	66401521	-79070	66416731	-94280	66362239	-39282	-54492
ENSMUST00000114015	ACTCAGTCAGAAAATTAAAAGAAAGAAGCCAGAACATACCACCAGCCGTTTGA	66322451	66401521	-79070	66416731	-94280	66362239	-39282	-54492
ENSMUST00000114015	ACTCAGTCAGAAAATTAAAAGAAAGAAGCCAGAACATACCACCAGCCGTTTGA	66322451	66401521	-79070	66420134	-97683	66362239	-39282	-57895
ENSMUST00000114015	ACTCAGTCAGAAAATTAAAAGAAAGAAGCCAGAACATACCACCAGCCGTTTGA	66322451	66416147	-93696	66416731	-94280	66362239	-53908	-54492
ENSMUST00000114015	ACTCAGTCAGAAAATTAAAAGAAAGAAGCCAGAACATACCACCAGCCGTTTGA	66322451	66401521	-79070	66420134	-97683	66362239	-39282	-57895
ENSMUST00000114015	ACTCAGTCAGAAAATTAAAAGAAAGAAGCCAGAACATACCACCAGCCGTTTGA	66322451	66416550	-94099	66420134	-97683	66362239	-54311	-57895
ENSMUST00000114015	ACTCAGTCAGAAAATTAAAAGAAAGAAGCCAGAACATACCACCAGCCGTTTGA	66322451	66425528	-103077	66433513	-111062	66362239	-63289	-71274
ENSMUST00000028392	ATAGAAACTGCTTTTGCTGCTGGTGTTGGCTGGCTGATCACATTCTGCTCTAAA	80326682	80321294	5388	80324994	1688	80326734	5440	1740
ENSMUST00000028392	ATAGAAACTGCTTTTGCTGCTGGTGTTGGCTGGCTGATCACATTCTGCTCTAAA	80326682	80326735	-53	80331268	-4586	80326734	-1	-4534
ENSMUST00000028392	ATAGAAACTGCTTTTGCTGCTGGTGTTGGCTGGCTGATCACATTCTGCTCTAAA	80326682	80333018	-6336	80335452	-8770	80326734	-6284	-8718
ENSMUST00000028392	ATAGAAACTGCTTTTGCTGCTGGTGTTGGCTGGCTGATCACATTCTGCTCTAAA	80326682	80335567	-8885	80340811	-14129	80326734	-8833	-14077
ENSMUST00000028392	ATAGAAACTGCTTTTGCTGCTGGTGTTGGCTGGCTGATCACATTCTGCTCTAAA	80326682	80345079	-18397	80347343	-20661	80326734	-18345	-20609
ENSMUST00000020999	ATCCCGACCTAGGAGTAGGGCAGAAGGACCGCCCAGGCTGCAGAGCGGCCCACC	3365907	3389741	-23834	3401682	-35775	3365961	-23780	-35721
ENSMUST00000040179	ATACCAATTGCTCTTCTTTCTGCAGTCCTGCTGCTGTTCTTCTGCAGAGACTCC	85933347	85826624	106723	85843777	89570	85933401	106777	89624
ENSMUST00000040179	ATACCAATTGCTCTTCTTTCTGCAGTCCTGCTGCTGTTCTTCTGCAGAGACTCC	85933347	85843860	89487	85845246	88101	85933401	89541	88155
ENSMUST00000040179	ATACCAATTGCTCTTCTTTCTGCAGTCCTGCTGCTGTTCTTCTGCAGAGACTCC	85933347	85832001	101346	85863563	69784	85933401	101400	69838
ENSMUST00000040179	ATACCAATTGCTCTTCTTTCTGCAGTCCTGCTGCTGTTCTTCTGCAGAGACTCC	85933347	85832001	101346	85876490	56857	85933401	101400	56911
ENSMUST00000040179	ATACCAATTGCTCTTCTTTCTGCAGTCCTGCTGCTGTTCTTCTGCAGAGACTCC	85933347	85849381	83966	85863563	69784	85933401	84020	69838
ENSMUST00000040179	ATACCAATTGCTCTTCTTTCTGCAGTCCTGCTGCTGTTCTTCTGCAGAGACTCC	85933347	85849381	83966	85876490	56857	85933401	84020	56911
ENSMUST00000040179	ATACCAATTGCTCTTCTTTCTGCAGTCCTGCTGCTGTTCTTCTGCAGAGACTCC	85933347	85832001	101346	85876490	56857	85933401	101400	56911
ENSMUST00000040179	ATACCAATTGCTCTTCTTTCTGCAGTCCTGCTGCTGTTCTTCTGCAGAGACTCC	85933347	85849381	83966	85876490	56857	85933401	84020	56911
ENSMUST00000040179	ATACCAATTGCTCTTCTTTCTGCAGTCCTGCTGCTGTTCTTCTGCAGAGACTCC	85933347	85857462	75885	85876490	56857	85933401	75939	56911
ENSMUST00000040179	ATACCAATTGCTCTTCTTTCTGCAGTCCTGCTGCTGTTCTTCTGCAGAGACTCC	85933347	85863633	69714	85876490	56857	85933401	69768	56911
ENSMUST00000040179	ATACCAATTGCTCTTCTTTCTGCAGTCCTGCTGCTGTTCTTCTGCAGAGACTCC	85933347	85876592	56755	85879367	53980	85933401	56809	54034
ENSMUST00000040179	ATACCAATTGCTCTTCTTTCTGCAGTCCTGCTGCTGTTCTTCTGCAGAGACTCC	85933347	85879475	53872	85891020	42327	85933401	53926	42381
ENSMUST00000040179	ATACCAATTGCTCTTCTTTCTGCAGTCCTGCTGCTGTTCTTCTGCAGAGACTCC	85933347	85879475	53872	85898992	34355	85933401	53926	34409
ENSMUST00000040179	ATACCAATTGCTCTTCTTTCTGCAGTCCTGCTGCTGTTCTTCTGCAGAGACTCC	85933347	85891082	42265	85898992	34355	85933401	42319	34409
ENSMUST00000040179	ATACCAATTGCTCTTCTTTCTGCAGTCCTGCTGCTGTTCTTCTGCAGAGACTCC	85933347	85892210	41137	85898992	34355	85933401	41191	34409
ENSMUST00000040179	ATACCAATTGCTCTTCTTTCTGCAGTCCTGCTGCTGTTCTTCTGCAGAGACTCC	85933347	85908855	24492	85917674	15673	85933401	24546	15727
ENSMUST00000040179	ATACCAATTGCTCTTCTTTCTGCAGTCCTGCTGCTGTTCTTCTGCAGAGACTCC	85933347	85919237	14110	85925639	7708	85933401	14164	7762
ENSMUST00000040179	ATACCAATTGCTCTTCTTTCTGCAGTCCTGCTGCTGTTCTTCTGCAGAGACTCC	85933347	85933674	-327	85956565	-23218	85933401	-273	-23164
ENSMUST00000040179	ATACCAATTGCTCTTCTTTCTGCAGTCCTGCTGCTGTTCTTCTGCAGAGACTCC	85933347	85933674	-327	85956565	-23218	85933401	-273	-23164
ENSMUST00000040179	ATACCAATTGCTCTTCTTTCTGCAGTCCTGCTGCTGTTCTTCTGCAGAGACTCC	85933347	85939510	-6163	85996000	-62653	85933401	-6109	-62599
ENSMUST00000040179	ATACCAATTGCTCTTCTTTCTGCAGTCCTGCTGCTGTTCTTCTGCAGAGACTCC	85933347	85939510	-6163	86012647	-79300	85933401	-6109	-79246
ENSMUST00000040179	ATACCAATTGCTCTTCTTTCTGCAGTCCTGCTGCTGTTCTTCTGCAGAGACTCC	85933347	86012862	-79515	86020520	-87173	85933401	-79461	-87119
ENSMUST00000040179	ATACCAATTGCTCTTCTTTCTGCAGTCCTGCTGCTGTTCTTCTGCAGAGACTCC	85933347	86012862	-79515	86053142	-119795	85933401	-79461	-119741
ENSMUST00000040179	ATACCAATTGCTCTTCTTTCTGCAGTCCTGCTGCTGTTCTTCTGCAGAGACTCC	85933347	86020603	-87256	86053142	-119795	85933401	-87202	-119741
ENSMUST00000040179	ATACCAATTGCTCTTCTTTCTGCAGTCCTGCTGCTGTTCTTCTGCAGAGACTCC	85933347	86020603	-87256	86056513	-123166	85933401	-87202	-123112
ENSMUST00000113460	AGATACTTACAGATTGGCCAGGATTCTTGTCCGCCTACCAGCACTCAGGCTCAT	92167461	92091742	75719	92138986	28475	92167515	75773	28529
ENSMUST00000113460	AGATACTTACAGATTGGCCAGGATTCTTGTCCGCCTACCAGCACTCAGGCTCAT	92167461	92091742	75719	92139779	27682	92167515	75773	27736
ENSMUST00000113460	AGATACTTACAGATTGGCCAGGATTCTTGTCCGCCTACCAGCACTCAGGCTCAT	92167461	92092814	74647	92138986	28475	92167515	74701	28529
ENSMUST00000113460	AGATACTTACAGATTGGCCAGGATTCTTGTCCGCCTACCAGCACTCAGGCTCAT	92167461	92092814	74647	92139779	27682	92167515	74701	27736
ENSMUST00000113460	AGATACTTACAGATTGGCCAGGATTCTTGTCCGCCTACCAGCACTCAGGCTCAT	92167461	92091742	75719	92139779	27682	92167515	75773	27736
ENSMUST00000113460	AGATACTTACAGATTGGCCAGGATTCTTGTCCGCCTACCAGCACTCAGGCTCAT	92167461	92092814	74647	92139779	27682	92167515	74701	27736
ENSMUST00000113460	AGATACTTACAGATTGGCCAGGATTCTTGTCCGCCTACCAGCACTCAGGCTCAT	92167461	92105365	62096	92139779	27682	92167515	62150	27736
ENSMUST00000113460	AGATACTTACAGATTGGCCAGGATTCTTGTCCGCCTACCAGCACTCAGGCTCAT	92167461	92092814	74647	92149603	17858	92167515	74701	17912
ENSMUST00000113460	AGATACTTACAGATTGGCCAGGATTCTTGTCCGCCTACCAGCACTCAGGCTCAT	92167461	92149804	17657	92154334	13127	92167515	17711	13181
ENSMUST00000106113	CATTCTGGACTGAGCTGAGCAACAGGCAGAGGGCGTTAGCCTCATTGTGAGGTT	121308316	121288078	20238	121296028	12288	121308370	20292	12342
ENSMUST00000106113	CATTCTGGACTGAGCTGAGCAACAGGCAGAGGGCGTTAGCCTCATTGTGAGGTT	121308316	121290890	17426	121296913	11403	121308370	17480	11457
ENSMUST00000106113	CATTCTGGACTGAGCTGAGCAACAGGCAGAGGGCGTTAGCCTCATTGTGAGGTT	121308316	121290890	17426	121298558	9758	121308370	17480	9812
ENSMUST00000106113	CATTCTGGACTGAGCTGAGCAACAGGCAGAGGGCGTTAGCCTCATTGTGAGGTT	121308316	121290890	17426	121296913	11403	121308370	17480	11457
ENSMUST00000106113	CATTCTGGACTGAGCTGAGCAACAGGCAGAGGGCGTTAGCCTCATTGTGAGGTT	121308316	121290890	17426	121298558	9758	121308370	17480	9812
ENSMUST00000106113	CATTCTGGACTGAGCTGAGCAACAGGCAGAGGGCGTTAGCCTCATTGTGAGGTT	121308316	121296222	12094	121298558	9758	121308370	12148	9812
ENSMUST00000106113	CATTCTGGACTGAGCTGAGCAACAGGCAGAGGGCGTTAGCCTCATTGTGAGGTT	121308316	121290890	17426	121306767	1549	121308370	17480	1603
ENSMUST00000106113	CATTCTGGACTGAGCTGAGCAACAGGCAGAGGGCGTTAGCCTCATTGTGAGGTT	121308316	121298855	9461	121306767	1549	121308370	9515	1603
ENSMUST00000020608	GCTCCAAACTATTGCTATCGTTGTGGTAACCAAGCTGCAATCATGGAACTTGAC	52120983	52099150	21833	52117986	2997	52121037	21887	3051
ENSMUST00000020608	GCTCCAAACTATTGCTATCGTTGTGGTAACCAAGCTGCAATCATGGAACTTGAC	52120983	52118160	2823	52119142	1841	52121037	2877	1895
ENSMUST00000020608	GCTCCAAACTATTGCTATCGTTGTGGTAACCAAGCTGCAATCATGGAACTTGAC	52120983	52118758	2225	52120932	51	52121037	2279	105
ENSMUST00000020608	GCTCCAAACTATTGCTATCGTTGTGGTAACCAAGCTGCAATCATGGAACTTGAC	52120983	52113329	7654	52121901	-918	52121037	7708	-864
ENSMUST00000095797	CTGCTCACCATGTGAACATAGTACCTCAGTTCTGTCCTTGGCTGCAATCGTTGT	51150897	51100990	49907	51139356	11541	51150951	49961	11595
ENSMUST00000095797	CTGCTCACCATGTGAACATAGTACCTCAGTTCTGTCCTTGGCTGCAATCGTTGT	51150897	51123288	27609	51139356	11541	51150951	27663	11595
ENSMUST00000095797	CTGCTCACCATGTGAACATAGTACCTCAGTTCTGTCCTTGGCTGCAATCGTTGT	51150897	51127973	22924	51144301	6596	51150951	22978	6650
ENSMUST00000095797	CTGCTCACCATGTGAACATAGTACCTCAGTTCTGTCCTTGGCTGCAATCGTTGT	51150897	51139610	11287	51148961	1936	51150951	11341	1990
ENSMUST00000097785	ATCCTGACAACCCACTCAAGACGTCCATCCCCATCAAAGCCATCTGCGACTACA	34167047	34249638	-82591	34250609	-83562	34167286	-82352	-83323
ENSMUST00000097785	ATCCTGACAACCCACTCAAGACGTCCATCCCCATCAAAGCCATCTGCGACTACA	34167047	34295536	-128489	34299720	-132673	34167286	-128250	-132434
ENSMUST00000097785	ATCCTGACAACCCACTCAAGACGTCCATCCCCATCAAAGCCATCTGCGACTACA	34167047	34299838	-132791	34302829	-135782	34167286	-132552	-135543
ENSMUST00000097785	ATCCTGACAACCCACTCAAGACGTCCATCCCCATCAAAGCCATCTGCGACTACA	34167047	34303032	-135985	34306527	-139480	34167286	-135746	-139241
ENSMUST00000097785	ATCCTGACAACCCACTCAAGACGTCCATCCCCATCAAAGCCATCTGCGACTACA	34167047	34174795	-7748	34184015	-16968	34167286	-7509	-16729
ENSMUST00000097785	ATCCTGACAACCCACTCAAGACGTCCATCCCCATCAAAGCCATCTGCGACTACA	34167047	34249638	-82591	34250609	-83562	34167286	-82352	-83323
ENSMUST00000097785	ATCCTGACAACCCACTCAAGACGTCCATCCCCATCAAAGCCATCTGCGACTACA	34167047	34295536	-128489	34299720	-132673	34167286	-128250	-132434
ENSMUST00000097785	ATCCTGACAACCCACTCAAGACGTCCATCCCCATCAAAGCCATCTGCGACTACA	34167047	34299838	-132791	34302829	-135782	34167286	-132552	-135543
ENSMUST00000097785	ATCCTGACAACCCACTCAAGACGTCCATCCCCATCAAAGCCATCTGCGACTACA	34167047	34303032	-135985	34306527	-139480	34167286	-135746	-139241
ENSMUST00000097785	ATCCTGACAACCCACTCAAGACGTCCATCCCCATCAAAGCCATCTGCGACTACA	34167047	34174795	-7748	34184015	-16968	34167286	-7509	-16729
ENSMUST00000018887	GTCGGGCAGCTCTACAAGGAGTCTCTCACCAAGCTGATGGCAACTCTCCGCAAC	68783215	68692182	91033	68721319	61896	68783269	91087	61950
ENSMUST00000018887	GTCGGGCAGCTCTACAAGGAGTCTCTCACCAAGCTGATGGCAACTCTCCGCAAC	68783215	68692182	91033	68745316	37899	68783269	91087	37953
ENSMUST00000018887	GTCGGGCAGCTCTACAAGGAGTCTCTCACCAAGCTGATGGCAACTCTCCGCAAC	68783215	68721476	61739	68745316	37899	68783269	61793	37953
ENSMUST00000018887	GTCGGGCAGCTCTACAAGGAGTCTCTCACCAAGCTGATGGCAACTCTCCGCAAC	68783215	68745419	37796	68751941	31274	68783269	37850	31328
ENSMUST00000018887	GTCGGGCAGCTCTACAAGGAGTCTCTCACCAAGCTGATGGCAACTCTCCGCAAC	68783215	68771986	11229	68783105	110	68783269	11283	164
ENSMUST00000018887	GTCGGGCAGCTCTACAAGGAGTCTCTCACCAAGCTGATGGCAACTCTCCGCAAC	68783215	68793268	-10053	68798249	-15034	68783269	-9999	-14980
ENSMUST00000018887	GTCGGGCAGCTCTACAAGGAGTCTCTCACCAAGCTGATGGCAACTCTCCGCAAC	68783215	68803052	-19837	68807124	-23909	68783269	-19783	-23855
ENSMUST00000071370	TTATTCTCTTCAAATATTCACCACTCTTGTTCCTCGCCAAGGTTTTCCTTTCTA	84444664	84448653	-3989	84477514	-32850	84444718	-3935	-32796
ENSMUST00000071370	TTATTCTCTTCAAATATTCACCACTCTTGTTCCTCGCCAAGGTTTTCCTTTCTA	84444664	84448653	-3989	84532874	-88210	84444718	-3935	-88156
ENSMUST00000167487	ACATAAAGTTCGACAAAATCTATTCTAATGTGGCTTTTTATGGAGGGTGTAACT	27250521	27216948	33573	27230195	20326	27250575	33627	20380
ENSMUST00000167487	ACATAAAGTTCGACAAAATCTATTCTAATGTGGCTTTTTATGGAGGGTGTAACT	27250521	27234912	15609	27238052	12469	27250575	15663	12523
ENSMUST00000167487	ACATAAAGTTCGACAAAATCTATTCTAATGTGGCTTTTTATGGAGGGTGTAACT	27250521	27238846	11675	27240465	10056	27250575	11729	10110
ENSMUST00000167487	ACATAAAGTTCGACAAAATCTATTCTAATGTGGCTTTTTATGGAGGGTGTAACT	27250521	27239741	10780	27240465	10056	27250575	10834	10110
ENSMUST00000167487	ACATAAAGTTCGACAAAATCTATTCTAATGTGGCTTTTTATGGAGGGTGTAACT	27250521	27245681	4840	27247009	3512	27250575	4894	3566
ENSMUST00000052266	TTGTCTGCAAACCTGGAGCCAGAAATATTACCGTCATATTCCATCCATTACTGA	33580033	33815810	-235777	33862060	-282027	33757976	-57834	-104084
ENSMUST00000094639	AGAGGAACATGTGTCCTCAGCCACATCAATCACGGAGTGTGACAAACTCTCCTCC	121301885	121289872	12013	121298596	3289	121301940	12068	3344
ENSMUST00000094639	AGAGGAACATGTGTCCTCAGCCACATCAATCACGGAGTGTGACAAACTCTCCTCC	121301885	121290821	11064	121299268	2617	121301940	11119	2672
ENSMUST00000094639	AGAGGAACATGTGTCCTCAGCCACATCAATCACGGAGTGTGACAAACTCTCCTCC	121301885	121295542	6343	121298905	2980	121301940	6398	3035
ENSMUST00000094639	AGAGGAACATGTGTCCTCAGCCACATCAATCACGGAGTGTGACAAACTCTCCTCC	121301885	121295542	6343	121299268	2617	121301940	6398	2672
ENSMUST00000094639	AGAGGAACATGTGTCCTCAGCCACATCAATCACGGAGTGTGACAAACTCTCCTCC	121301885	121295542	6343	121299268	2617	121301940	6398	2672
ENSMUST00000094639	AGAGGAACATGTGTCCTCAGCCACATCAATCACGGAGTGTGACAAACTCTCCTCC	121301885	121298679	3206	121299268	2617	121301940	3261	2672
ENSMUST00000094639	AGAGGAACATGTGTCCTCAGCCACATCAATCACGGAGTGTGACAAACTCTCCTCC	121301885	121299046	2839	121307514	-5629	121301940	2894	-5574
ENSMUST00000094639	AGAGGAACATGTGTCCTCAGCCACATCAATCACGGAGTGTGACAAACTCTCCTCC	121301885	121289872	12013	121298596	3289	121301940	12068	3344
ENSMUST00000094639	AGAGGAACATGTGTCCTCAGCCACATCAATCACGGAGTGTGACAAACTCTCCTCC	121301885	121290821	11064	121299268	2617	121301940	11119	2672
ENSMUST00000094639	AGAGGAACATGTGTCCTCAGCCACATCAATCACGGAGTGTGACAAACTCTCCTCC	121301885	121295542	6343	121298905	2980	121301940	6398	3035
ENSMUST00000094639	AGAGGAACATGTGTCCTCAGCCACATCAATCACGGAGTGTGACAAACTCTCCTCC	121301885	121295542	6343	121299268	2617	121301940	6398	2672
ENSMUST00000094639	AGAGGAACATGTGTCCTCAGCCACATCAATCACGGAGTGTGACAAACTCTCCTCC	121301885	121295542	6343	121299268	2617	121301940	6398	2672
ENSMUST00000094639	AGAGGAACATGTGTCCTCAGCCACATCAATCACGGAGTGTGACAAACTCTCCTCC	121301885	121298679	3206	121299268	2617	121301940	3261	2672
ENSMUST00000094639	AGAGGAACATGTGTCCTCAGCCACATCAATCACGGAGTGTGACAAACTCTCCTCC	121301885	121299046	2839	121307514	-5629	121301940	2894	-5574
ENSMUST00000098266	ATGACCAGATTGAAGGTGGGAGAGGGCAGGACTGTGAATAGATTCTCAATGCTTT	99601633	99535798	65835	99583659	17974	99601688	65890	18029
ENSMUST00000098266	ATGACCAGATTGAAGGTGGGAGAGGGCAGGACTGTGAATAGATTCTCAATGCTTT	99601633	99535798	65835	99587214	14419	99601688	65890	14474
ENSMUST00000098266	ATGACCAGATTGAAGGTGGGAGAGGGCAGGACTGTGAATAGATTCTCAATGCTTT	99601633	99583720	17913	99587997	13636	99601688	17968	13691
ENSMUST00000098266	ATGACCAGATTGAAGGTGGGAGAGGGCAGGACTGTGAATAGATTCTCAATGCTTT	99601633	99587259	14374	99588894	12739	99601688	14429	12794
ENSMUST00000098266	ATGACCAGATTGAAGGTGGGAGAGGGCAGGACTGTGAATAGATTCTCAATGCTTT	99601633	99594758	6875	99597035	4598	99601688	6930	4653
ENSMUST00000098266	ATGACCAGATTGAAGGTGGGAGAGGGCAGGACTGTGAATAGATTCTCAATGCTTT	99601633	99596106	5527	99598490	3143	99601688	5582	3198
ENSMUST00000098266	ATGACCAGATTGAAGGTGGGAGAGGGCAGGACTGTGAATAGATTCTCAATGCTTT	99601633	99597059	4574	99599800	1833	99601688	4629	1888
ENSMUST00000098266	ATGACCAGATTGAAGGTGGGAGAGGGCAGGACTGTGAATAGATTCTCAATGCTTT	99601633	99598561	3072	99601097	536	99601688	3127	591
ENSMUST00000032451	CTGGTTTTATCTCTGAACTTCCCTGGCCACCCTCCTCTGTGCCCTGGGACCAGTT	114248100	114131517	116583	114134849	113251	114248155	116638	113306
ENSMUST00000032451	CTGGTTTTATCTCTGAACTTCCCTGGCCACCCTCCTCTGTGCCCTGGGACCAGTT	114248100	114131517	116583	114138900	109200	114248155	116638	109255
ENSMUST00000032451	CTGGTTTTATCTCTGAACTTCCCTGGCCACCCTCCTCTGTGCCCTGGGACCAGTT	114248100	114131517	116583	114138900	109200	114248155	116638	109255
ENSMUST00000032451	CTGGTTTTATCTCTGAACTTCCCTGGCCACCCTCCTCTGTGCCCTGGGACCAGTT	114248100	114134733	113367	114138900	109200	114248155	113422	109255
ENSMUST00000032451	CTGGTTTTATCTCTGAACTTCCCTGGCCACCCTCCTCTGTGCCCTGGGACCAGTT	114248100	114134990	113110	114162040	86060	114248155	113165	86115
ENSMUST00000032451	CTGGTTTTATCTCTGAACTTCCCTGGCCACCCTCCTCTGTGCCCTGGGACCAGTT	114248100	114138991	109109	114194610	53490	114248155	109164	53545
ENSMUST00000032451	CTGGTTTTATCTCTGAACTTCCCTGGCCACCCTCCTCTGTGCCCTGGGACCAGTT	114248100	114162173	85927	114225822	22278	114248155	85982	22333
ENSMUST00000032451	CTGGTTTTATCTCTGAACTTCCCTGGCCACCCTCCTCTGTGCCCTGGGACCAGTT	114248100	114230161	17939	114238358	9742	114248155	17994	9797
ENSMUST00000032451	CTGGTTTTATCTCTGAACTTCCCTGGCCACCCTCCTCTGTGCCCTGGGACCAGTT	114248100	114238496	9604	114245605	2495	114248155	9659	2550
ENSMUST00000032451	CTGGTTTTATCTCTGAACTTCCCTGGCCACCCTCCTCTGTGCCCTGGGACCAGTT	114248100	114238496	9604	114247587	513	114248155	9659	568
ENSMUST00000032451	CTGGTTTTATCTCTGAACTTCCCTGGCCACCCTCCTCTGTGCCCTGGGACCAGTT	114248100	114243968	4132	114245605	2495	114248155	4187	2550
ENSMUST00000032451	CTGGTTTTATCTCTGAACTTCCCTGGCCACCCTCCTCTGTGCCCTGGGACCAGTT	114248100	114243968	4132	114247587	513	114248155	4187	568
ENSMUST00000032451	CTGGTTTTATCTCTGAACTTCCCTGGCCACCCTCCTCTGTGCCCTGGGACCAGTT	114248100	114238496	9604	114247587	513	114248155	9659	568
ENSMUST00000032451	CTGGTTTTATCTCTGAACTTCCCTGGCCACCCTCCTCTGTGCCCTGGGACCAGTT	114248100	114243968	4132	114247587	513	114248155	4187	568
ENSMUST00000032451	CTGGTTTTATCTCTGAACTTCCCTGGCCACCCTCCTCTGTGCCCTGGGACCAGTT	114248100	114244910	3190	114247587	513	114248155	3245	568
ENSMUST00000036236	ATCCGTATTCTCGGTATTCACAAAAAAGCTGGAGAGCCATTGGGTGTAACATTTA	50162698	50110464	52234	50145773	16925	50163440	52976	17667
ENSMUST00000036236	ATCCGTATTCTCGGTATTCACAAAAAAGCTGGAGAGCCATTGGGTGTAACATTTA	50162698	50110454	52244	50145773	16925	50163440	52986	17667
ENSMUST00000036236	ATCCGTATTCTCGGTATTCACAAAAAAGCTGGAGAGCCATTGGGTGTAACATTTA	50162698	50111127	51571	50145773	16925	50163440	52313	17667
ENSMUST00000036236	ATCCGTATTCTCGGTATTCACAAAAAAGCTGGAGAGCCATTGGGTGTAACATTTA	50162698	50110464	52234	50158681	4017	50163440	52976	4759
ENSMUST00000036236	ATCCGTATTCTCGGTATTCACAAAAAAGCTGGAGAGCCATTGGGTGTAACATTTA	50162698	50111127	51571	50158681	4017	50163440	52313	4759
ENSMUST00000036236	ATCCGTATTCTCGGTATTCACAAAAAAGCTGGAGAGCCATTGGGTGTAACATTTA	50162698	50145892	16806	50158681	4017	50163440	17548	4759
ENSMUST00000036236	ATCCGTATTCTCGGTATTCACAAAAAAGCTGGAGAGCCATTGGGTGTAACATTTA	50162698	50145892	16806	50162585	113	50163440	17548	855
ENSMUST00000036236	ATCCGTATTCTCGGTATTCACAAAAAAGCTGGAGAGCCATTGGGTGTAACATTTA	50162698	50163649	-951	50178388	-15690	50163440	-209	-14948
ENSMUST00000036236	ATCCGTATTCTCGGTATTCACAAAAAAGCTGGAGAGCCATTGGGTGTAACATTTA	50162698	50180659	-17961	50194525	-31827	50163440	-17219	-31085
ENSMUST00000078525	GTTGTTGTTGTTGTTGTTGTTGTTGTTGTTGTTGTTGCTTTAACATTTTCATCTG	83087372	82864490	222882	83003574	83798	83087427	222937	83853
ENSMUST00000078525	GTTGTTGTTGTTGTTGTTGTTGTTGTTGTTGTTGTTGCTTTAACATTTTCATCTG	83087372	83006412	80960	83042571	44801	83087427	81015	44856
ENSMUST00000078525	GTTGTTGTTGTTGTTGTTGTTGTTGTTGTTGTTGTTGCTTTAACATTTTCATCTG	83087372	83006412	80960	83083435	3937	83087427	81015	3992
ENSMUST00000005233	GATGGGAAGGCCTACCGCACCATGATGAGTCAGATCTTCTGCCAGCACATCTCCC	118448440	118388852	59588	118405046	43394	118448495	59643	43449
ENSMUST00000005233	GATGGGAAGGCCTACCGCACCATGATGAGTCAGATCTTCTGCCAGCACATCTCCC	118448440	118400647	47793	118405046	43394	118448495	47848	43449
ENSMUST00000005233	GATGGGAAGGCCTACCGCACCATGATGAGTCAGATCTTCTGCCAGCACATCTCCC	118448440	118400647	47793	118408351	40089	118448495	47848	40144
ENSMUST00000005233	GATGGGAAGGCCTACCGCACCATGATGAGTCAGATCTTCTGCCAGCACATCTCCC	118448440	118400647	47793	118412934	35506	118448495	47848	35561
ENSMUST00000005233	GATGGGAAGGCCTACCGCACCATGATGAGTCAGATCTTCTGCCAGCACATCTCCC	118448440	118408504	39936	118412934	35506	118448495	39991	35561
ENSMUST00000005233	GATGGGAAGGCCTACCGCACCATGATGAGTCAGATCTTCTGCCAGCACATCTCCC	118448440	118443226	5214	118448275	165	118448495	5269	220
ENSMUST00000005233	GATGGGAAGGCCTACCGCACCATGATGAGTCAGATCTTCTGCCAGCACATCTCCC	118448440	118468274	-19834	118470835	-22395	118448495	-19779	-22340
ENSMUST00000005233	GATGGGAAGGCCTACCGCACCATGATGAGTCAGATCTTCTGCCAGCACATCTCCC	118448440	118472686	-24246	118475002	-26562	118448495	-24191	-26507
ENSMUST00000074015	ATTTTTTCCCAATGATCTTATTCTACACCTAAGTCCTGCTATACCCTGTGGTCCT	157315755	156562352	753403	157069165	246590	157315810	753458	246645
ENSMUST00000074015	ATTTTTTCCCAATGATCTTATTCTACACCTAAGTCCTGCTATACCCTGTGGTCCT	157315755	156859669	456086	157069165	246590	157315810	456141	246645
ENSMUST00000074015	ATTTTTTCCCAATGATCTTATTCTACACCTAAGTCCTGCTATACCCTGTGGTCCT	157315755	156859669	456086	157146211	169544	157315810	456141	169599
ENSMUST00000074015	ATTTTTTCCCAATGATCTTATTCTACACCTAAGTCCTGCTATACCCTGTGGTCCT	157315755	156859669	456086	157312785	2970	157315810	456141	3025
ENSMUST00000074015	ATTTTTTCCCAATGATCTTATTCTACACCTAAGTCCTGCTATACCCTGTGGTCCT	157315755	156859669	456086	157146211	169544	157315810	456141	169599
ENSMUST00000074015	ATTTTTTCCCAATGATCTTATTCTACACCTAAGTCCTGCTATACCCTGTGGTCCT	157315755	157016307	299448	157146211	169544	157315810	299503	169599
ENSMUST00000074015	ATTTTTTCCCAATGATCTTATTCTACACCTAAGTCCTGCTATACCCTGTGGTCCT	157315755	157016307	299448	157160585	155170	157315810	299503	155225
ENSMUST00000074015	ATTTTTTCCCAATGATCTTATTCTACACCTAAGTCCTGCTATACCCTGTGGTCCT	157315755	156859669	456086	157312785	2970	157315810	456141	3025
ENSMUST00000074015	ATTTTTTCCCAATGATCTTATTCTACACCTAAGTCCTGCTATACCCTGTGGTCCT	157315755	157016307	299448	157160585	155170	157315810	299503	155225
ENSMUST00000074015	ATTTTTTCCCAATGATCTTATTCTACACCTAAGTCCTGCTATACCCTGTGGTCCT	157315755	157016307	299448	157312785	2970	157315810	299503	3025
ENSMUST00000074015	ATTTTTTCCCAATGATCTTATTCTACACCTAAGTCCTGCTATACCCTGTGGTCCT	157315755	157069297	246458	157160585	155170	157315810	246513	155225
ENSMUST00000074015	ATTTTTTCCCAATGATCTTATTCTACACCTAAGTCCTGCTATACCCTGTGGTCCT	157315755	157016307	299448	157312785	2970	157315810	299503	3025
ENSMUST00000074015	ATTTTTTCCCAATGATCTTATTCTACACCTAAGTCCTGCTATACCCTGTGGTCCT	157315755	157146332	169423	157312785	2970	157315810	169478	3025
ENSMUST00000182356	ACCAAGTATGAAACCACGATTTTCTGATACCCGCCGCCCCGTCCTCGCGGTGCCT	90969900	90033294	936606	90049815	920085	90969955	936661	920140
ENSMUST00000182356	ACCAAGTATGAAACCACGATTTTCTGATACCCGCCGCCCCGTCCTCGCGGTGCCT	90969900	90033294	936606	90163160	806740	90969955	936661	806795
ENSMUST00000182356	ACCAAGTATGAAACCACGATTTTCTGATACCCGCCGCCCCGTCCTCGCGGTGCCT	90969900	90077142	892758	90260652	709248	90969955	892813	709303
ENSMUST00000182356	ACCAAGTATGAAACCACGATTTTCTGATACCCGCCGCCCCGTCCTCGCGGTGCCT	90969900	90260818	709082	90359034	610866	90969955	709137	610921
ENSMUST00000182356	ACCAAGTATGAAACCACGATTTTCTGATACCCGCCGCCCCGTCCTCGCGGTGCCT	90969900	90512875	457025	90644457	325443	90969955	457080	325498
ENSMUST00000182356	ACCAAGTATGAAACCACGATTTTCTGATACCCGCCGCCCCGTCCTCGCGGTGCCT	90969900	90577195	392705	90680766	289134	90969955	392760	289189
ENSMUST00000182356	ACCAAGTATGAAACCACGATTTTCTGATACCCGCCGCCCCGTCCTCGCGGTGCCT	90969900	90644556	325344	90895098	74802	90969955	325399	74857
ENSMUST00000182356	ACCAAGTATGAAACCACGATTTTCTGATACCCGCCGCCCCGTCCTCGCGGTGCCT	90969900	90680919	288981	90914692	55208	90969955	289036	55263
ENSMUST00000182356	ACCAAGTATGAAACCACGATTTTCTGATACCCGCCGCCCCGTCCTCGCGGTGCCT	90969900	90680919	288981	90914695	55205	90969955	289036	55260
ENSMUST00000182356	ACCAAGTATGAAACCACGATTTTCTGATACCCGCCGCCCCGTCCTCGCGGTGCCT	90969900	90680919	288981	90921295	48605	90969955	289036	48660
ENSMUST00000182356	ACCAAGTATGAAACCACGATTTTCTGATACCCGCCGCCCCGTCCTCGCGGTGCCT	90969900	90680919	288981	90966224	3676	90969955	289036	3731
ENSMUST00000182356	ACCAAGTATGAAACCACGATTTTCTGATACCCGCCGCCCCGTCCTCGCGGTGCCT	90969900	90829173	140727	90940563	29337	90969955	140782	29392
ENSMUST00000182356	ACCAAGTATGAAACCACGATTTTCTGATACCCGCCGCCCCGTCCTCGCGGTGCCT	90969900	90895206	74694	90914692	55208	90969955	74749	55263
ENSMUST00000182356	ACCAAGTATGAAACCACGATTTTCTGATACCCGCCGCCCCGTCCTCGCGGTGCCT	90969900	90895206	74694	90914695	55205	90969955	74749	55260
ENSMUST00000182356	ACCAAGTATGAAACCACGATTTTCTGATACCCGCCGCCCCGTCCTCGCGGTGCCT	90969900	90895206	74694	90921295	48605	90969955	74749	48660
ENSMUST00000182356	ACCAAGTATGAAACCACGATTTTCTGATACCCGCCGCCCCGTCCTCGCGGTGCCT	90969900	90895206	74694	90940563	29337	90969955	74749	29392
ENSMUST00000182356	ACCAAGTATGAAACCACGATTTTCTGATACCCGCCGCCCCGTCCTCGCGGTGCCT	90969900	90895206	74694	90948534	21366	90969955	74749	21421
ENSMUST00000182356	ACCAAGTATGAAACCACGATTTTCTGATACCCGCCGCCCCGTCCTCGCGGTGCCT	90969900	90895206	74694	90914695	55205	90969955	74749	55260
ENSMUST00000182356	ACCAAGTATGAAACCACGATTTTCTGATACCCGCCGCCCCGTCCTCGCGGTGCCT	90969900	90895206	74694	90940563	29337	90969955	74749	29392
ENSMUST00000182356	ACCAAGTATGAAACCACGATTTTCTGATACCCGCCGCCCCGTCCTCGCGGTGCCT	90969900	90895206	74694	90948534	21366	90969955	74749	21421
ENSMUST00000182356	ACCAAGTATGAAACCACGATTTTCTGATACCCGCCGCCCCGTCCTCGCGGTGCCT	90969900	90895206	74694	90966224	3676	90969955	74749	3731
ENSMUST00000182356	ACCAAGTATGAAACCACGATTTTCTGATACCCGCCGCCCCGTCCTCGCGGTGCCT	90969900	90680919	288981	90921295	48605	90969955	289036	48660
ENSMUST00000182356	ACCAAGTATGAAACCACGATTTTCTGATACCCGCCGCCCCGTCCTCGCGGTGCCT	90969900	90895206	74694	90921295	48605	90969955	74749	48660
ENSMUST00000182356	ACCAAGTATGAAACCACGATTTTCTGATACCCGCCGCCCCGTCCTCGCGGTGCCT	90969900	90897426	72474	90921295	48605	90969955	72529	48660
ENSMUST00000182356	ACCAAGTATGAAACCACGATTTTCTGATACCCGCCGCCCCGTCCTCGCGGTGCCT	90969900	90680919	288981	90921295	48605	90969955	289036	48660
ENSMUST00000182356	ACCAAGTATGAAACCACGATTTTCTGATACCCGCCGCCCCGTCCTCGCGGTGCCT	90969900	90895206	74694	90921295	48605	90969955	74749	48660
ENSMUST00000182356	ACCAAGTATGAAACCACGATTTTCTGATACCCGCCGCCCCGTCCTCGCGGTGCCT	90969900	90897426	72474	90921295	48605	90969955	72529	48660
ENSMUST00000182356	ACCAAGTATGAAACCACGATTTTCTGATACCCGCCGCCCCGTCCTCGCGGTGCCT	90969900	90895206	74694	90940563	29337	90969955	74749	29392
ENSMUST00000182356	ACCAAGTATGAAACCACGATTTTCTGATACCCGCCGCCCCGTCCTCGCGGTGCCT	90969900	90897426	72474	90940563	29337	90969955	72529	29392
ENSMUST00000182356	ACCAAGTATGAAACCACGATTTTCTGATACCCGCCGCCCCGTCCTCGCGGTGCCT	90969900	90921424	48476	90940563	29337	90969955	48531	29392
ENSMUST00000182356	ACCAAGTATGAAACCACGATTTTCTGATACCCGCCGCCCCGTCCTCGCGGTGCCT	90969900	90923602	46298	90941425	28475	90969955	46353	28530
ENSMUST00000182356	ACCAAGTATGAAACCACGATTTTCTGATACCCGCCGCCCCGTCCTCGCGGTGCCT	90969900	90923602	46298	90966224	3676	90969955	46353	3731
ENSMUST00000182356	ACCAAGTATGAAACCACGATTTTCTGATACCCGCCGCCCCGTCCTCGCGGTGCCT	90969900	90895206	74694	90966224	3676	90969955	74749	3731
ENSMUST00000182356	ACCAAGTATGAAACCACGATTTTCTGATACCCGCCGCCCCGTCCTCGCGGTGCCT	90969900	90897426	72474	90966224	3676	90969955	72529	3731
ENSMUST00000182356	ACCAAGTATGAAACCACGATTTTCTGATACCCGCCGCCCCGTCCTCGCGGTGCCT	90969900	90941512	28388	90966224	3676	90969955	28443	3731
ENSMUST00000174408	TTAACACTCACCCTCTCACTAGTGGTCCACACCATCCTGTCCATCACCCTCATTT	67220278	67158071	62207	67215269	5009	67220333	62262	5064
ENSMUST00000174408	TTAACACTCACCCTCTCACTAGTGGTCCACACCATCCTGTCCATCACCCTCATTT	67220278	67215375	4903	67218037	2241	67220333	4958	2296
ENSMUST00000174408	TTAACACTCACCCTCTCACTAGTGGTCCACACCATCCTGTCCATCACCCTCATTT	67220278	67215375	4903	67218116	2162	67220333	4958	2217
ENSMUST00000174408	TTAACACTCACCCTCTCACTAGTGGTCCACACCATCCTGTCCATCACCCTCATTT	67220278	67215375	4903	67218276	2002	67220333	4958	2057
ENSMUST00000174408	TTAACACTCACCCTCTCACTAGTGGTCCACACCATCCTGTCCATCACCCTCATTT	67220278	67215375	4903	67218276	2002	67220333	4958	2057
ENSMUST00000174408	TTAACACTCACCCTCTCACTAGTGGTCCACACCATCCTGTCCATCACCCTCATTT	67220278	67240941	-20663	67244782	-24504	67220333	-20608	-24449
ENSMUST00000174408	TTAACACTCACCCTCTCACTAGTGGTCCACACCATCCTGTCCATCACCCTCATTT	67220278	67240941	-20663	67245505	-25227	67220333	-20608	-25172
ENSMUST00000232395	CATCTGAGGCTCATTCGGCTGCCTCTGTGGCCAAGTCCTCCCAGAGTCCACCCTT	94462564	94384066	78498	94384783	77781	94462619	78553	77836
ENSMUST00000232395	CATCTGAGGCTCATTCGGCTGCCTCTGTGGCCAAGTCCTCCCAGAGTCCACCCTT	94462564	94384934	77630	94387336	75228	94462619	77685	75283
ENSMUST00000232395	CATCTGAGGCTCATTCGGCTGCCTCTGTGGCCAAGTCCTCCCAGAGTCCACCCTT	94462564	94384934	77630	94392014	70550	94462619	77685	70605
ENSMUST00000232395	CATCTGAGGCTCATTCGGCTGCCTCTGTGGCCAAGTCCTCCCAGAGTCCACCCTT	94462564	94385423	77141	94388264	74300	94462619	77196	74355
ENSMUST00000232395	CATCTGAGGCTCATTCGGCTGCCTCTGTGGCCAAGTCCTCCCAGAGTCCACCCTT	94462564	94370861	91703	94392014	70550	94462619	91758	70605
ENSMUST00000232395	CATCTGAGGCTCATTCGGCTGCCTCTGTGGCCAAGTCCTCCCAGAGTCCACCCTT	94462564	94385423	77141	94392014	70550	94462619	77196	70605
ENSMUST00000232395	CATCTGAGGCTCATTCGGCTGCCTCTGTGGCCAAGTCCTCCCAGAGTCCACCCTT	94462564	94388385	74179	94392014	70550	94462619	74234	70605
ENSMUST00000232395	CATCTGAGGCTCATTCGGCTGCCTCTGTGGCCAAGTCCTCCCAGAGTCCACCCTT	94462564	94370861	91703	94393111	69453	94462619	91758	69508
ENSMUST00000232395	CATCTGAGGCTCATTCGGCTGCCTCTGTGGCCAAGTCCTCCCAGAGTCCACCCTT	94462564	94384934	77630	94393111	69453	94462619	77685	69508
ENSMUST00000232395	CATCTGAGGCTCATTCGGCTGCCTCTGTGGCCAAGTCCTCCCAGAGTCCACCCTT	94462564	94390287	72277	94393111	69453	94462619	72332	69508
ENSMUST00000232395	CATCTGAGGCTCATTCGGCTGCCTCTGTGGCCAAGTCCTCCCAGAGTCCACCCTT	94462564	94370861	91703	94403313	59251	94462619	91758	59306
ENSMUST00000232395	CATCTGAGGCTCATTCGGCTGCCTCTGTGGCCAAGTCCTCCCAGAGTCCACCCTT	94462564	94403368	59196	94409683	52881	94462619	59251	52936
ENSMUST00000232395	CATCTGAGGCTCATTCGGCTGCCTCTGTGGCCAAGTCCTCCCAGAGTCCACCCTT	94462564	94403368	59196	94410832	51732	94462619	59251	51787
ENSMUST00000232395	CATCTGAGGCTCATTCGGCTGCCTCTGTGGCCAAGTCCTCCCAGAGTCCACCCTT	94462564	94403368	59196	94415948	46616	94462619	59251	46671
ENSMUST00000232395	CATCTGAGGCTCATTCGGCTGCCTCTGTGGCCAAGTCCTCCCAGAGTCCACCCTT	94462564	94403368	59196	94409683	52881	94462619	59251	52936
ENSMUST00000232395	CATCTGAGGCTCATTCGGCTGCCTCTGTGGCCAAGTCCTCCCAGAGTCCACCCTT	94462564	94403368	59196	94410832	51732	94462619	59251	51787
ENSMUST00000232395	CATCTGAGGCTCATTCGGCTGCCTCTGTGGCCAAGTCCTCCCAGAGTCCACCCTT	94462564	94403368	59196	94410871	51693	94462619	59251	51748
ENSMUST00000232395	CATCTGAGGCTCATTCGGCTGCCTCTGTGGCCAAGTCCTCCCAGAGTCCACCCTT	94462564	94408716	53848	94410832	51732	94462619	53903	51787
ENSMUST00000232395	CATCTGAGGCTCATTCGGCTGCCTCTGTGGCCAAGTCCTCCCAGAGTCCACCCTT	94462564	94403368	59196	94412059	50505	94462619	59251	50560
ENSMUST00000232395	CATCTGAGGCTCATTCGGCTGCCTCTGTGGCCAAGTCCTCCCAGAGTCCACCCTT	94462564	94403368	59196	94415948	46616	94462619	59251	46671
ENSMUST00000232395	CATCTGAGGCTCATTCGGCTGCCTCTGTGGCCAAGTCCTCCCAGAGTCCACCCTT	94462564	94408716	53848	94415948	46616	94462619	53903	46671
ENSMUST00000232395	CATCTGAGGCTCATTCGGCTGCCTCTGTGGCCAAGTCCTCCCAGAGTCCACCCTT	94462564	94403368	59196	94412059	50505	94462619	59251	50560
ENSMUST00000232395	CATCTGAGGCTCATTCGGCTGCCTCTGTGGCCAAGTCCTCCCAGAGTCCACCCTT	94462564	94403368	59196	94415948	46616	94462619	59251	46671
ENSMUST00000232395	CATCTGAGGCTCATTCGGCTGCCTCTGTGGCCAAGTCCTCCCAGAGTCCACCCTT	94462564	94403368	59196	94416281	46283	94462619	59251	46338
ENSMUST00000232395	CATCTGAGGCTCATTCGGCTGCCTCTGTGGCCAAGTCCTCCCAGAGTCCACCCTT	94462564	94410956	51608	94415948	46616	94462619	51663	46671
ENSMUST00000232395	CATCTGAGGCTCATTCGGCTGCCTCTGTGGCCAAGTCCTCCCAGAGTCCACCCTT	94462564	94403368	59196	94416281	46283	94462619	59251	46338
ENSMUST00000232395	CATCTGAGGCTCATTCGGCTGCCTCTGTGGCCAAGTCCTCCCAGAGTCCACCCTT	94462564	94412123	50441	94416281	46283	94462619	50496	46338
ENSMUST00000232395	CATCTGAGGCTCATTCGGCTGCCTCTGTGGCCAAGTCCTCCCAGAGTCCACCCTT	94462564	94416009	46555	94418606	43958	94462619	46610	44013
ENSMUST00000232395	CATCTGAGGCTCATTCGGCTGCCTCTGTGGCCAAGTCCTCCCAGAGTCCACCCTT	94462564	94416366	46198	94419397	43167	94462619	46253	43222
ENSMUST00000232395	CATCTGAGGCTCATTCGGCTGCCTCTGTGGCCAAGTCCTCCCAGAGTCCACCCTT	94462564	94419478	43086	94422226	40338	94462619	43141	40393
ENSMUST00000232395	CATCTGAGGCTCATTCGGCTGCCTCTGTGGCCAAGTCCTCCCAGAGTCCACCCTT	94462564	94424187	38377	94426150	36414	94462619	38432	36469
ENSMUST00000232395	CATCTGAGGCTCATTCGGCTGCCTCTGTGGCCAAGTCCTCCCAGAGTCCACCCTT	94462564	94425188	37376	94426765	35799	94462619	37431	35854
ENSMUST00000232395	CATCTGAGGCTCATTCGGCTGCCTCTGTGGCCAAGTCCTCCCAGAGTCCACCCTT	94462564	94454523	8041	94457320	5244	94462619	8096	5299
ENSMUST00000232395	CATCTGAGGCTCATTCGGCTGCCTCTGTGGCCAAGTCCTCCCAGAGTCCACCCTT	94462564	94454523	8041	94457320	5244	94462619	8096	5299
ENSMUST00000232395	CATCTGAGGCTCATTCGGCTGCCTCTGTGGCCAAGTCCTCCCAGAGTCCACCCTT	94462564	94457411	5153	94459761	2803	94462619	5208	2858
ENSMUST00000232395	CATCTGAGGCTCATTCGGCTGCCTCTGTGGCCAAGTCCTCCCAGAGTCCACCCTT	94462564	94462348	216	94466902	-4338	94462619	271	-4283
ENSMUST00000232395	CATCTGAGGCTCATTCGGCTGCCTCTGTGGCCAAGTCCTCCCAGAGTCCACCCTT	94462564	94384066	78498	94384783	77781	94462619	78553	77836
ENSMUST00000232395	CATCTGAGGCTCATTCGGCTGCCTCTGTGGCCAAGTCCTCCCAGAGTCCACCCTT	94462564	94384934	77630	94387336	75228	94462619	77685	75283
ENSMUST00000232395	CATCTGAGGCTCATTCGGCTGCCTCTGTGGCCAAGTCCTCCCAGAGTCCACCCTT	94462564	94384934	77630	94392014	70550	94462619	77685	70605
ENSMUST00000232395	CATCTGAGGCTCATTCGGCTGCCTCTGTGGCCAAGTCCTCCCAGAGTCCACCCTT	94462564	94385423	77141	94388264	74300	94462619	77196	74355
ENSMUST00000232395	CATCTGAGGCTCATTCGGCTGCCTCTGTGGCCAAGTCCTCCCAGAGTCCACCCTT	94462564	94370861	91703	94392014	70550	94462619	91758	70605
ENSMUST00000232395	CATCTGAGGCTCATTCGGCTGCCTCTGTGGCCAAGTCCTCCCAGAGTCCACCCTT	94462564	94385423	77141	94392014	70550	94462619	77196	70605
ENSMUST00000232395	CATCTGAGGCTCATTCGGCTGCCTCTGTGGCCAAGTCCTCCCAGAGTCCACCCTT	94462564	94388385	74179	94392014	70550	94462619	74234	70605
ENSMUST00000232395	CATCTGAGGCTCATTCGGCTGCCTCTGTGGCCAAGTCCTCCCAGAGTCCACCCTT	94462564	94370861	91703	94393111	69453	94462619	91758	69508
ENSMUST00000232395	CATCTGAGGCTCATTCGGCTGCCTCTGTGGCCAAGTCCTCCCAGAGTCCACCCTT	94462564	94384934	77630	94393111	69453	94462619	77685	69508
ENSMUST00000232395	CATCTGAGGCTCATTCGGCTGCCTCTGTGGCCAAGTCCTCCCAGAGTCCACCCTT	94462564	94390287	72277	94393111	69453	94462619	72332	69508
ENSMUST00000232395	CATCTGAGGCTCATTCGGCTGCCTCTGTGGCCAAGTCCTCCCAGAGTCCACCCTT	94462564	94370861	91703	94403313	59251	94462619	91758	59306
ENSMUST00000232395	CATCTGAGGCTCATTCGGCTGCCTCTGTGGCCAAGTCCTCCCAGAGTCCACCCTT	94462564	94403368	59196	94409683	52881	94462619	59251	52936
ENSMUST00000232395	CATCTGAGGCTCATTCGGCTGCCTCTGTGGCCAAGTCCTCCCAGAGTCCACCCTT	94462564	94403368	59196	94410832	51732	94462619	59251	51787
ENSMUST00000232395	CATCTGAGGCTCATTCGGCTGCCTCTGTGGCCAAGTCCTCCCAGAGTCCACCCTT	94462564	94403368	59196	94415948	46616	94462619	59251	46671
ENSMUST00000232395	CATCTGAGGCTCATTCGGCTGCCTCTGTGGCCAAGTCCTCCCAGAGTCCACCCTT	94462564	94403368	59196	94409683	52881	94462619	59251	52936
ENSMUST00000232395	CATCTGAGGCTCATTCGGCTGCCTCTGTGGCCAAGTCCTCCCAGAGTCCACCCTT	94462564	94403368	59196	94410832	51732	94462619	59251	51787
ENSMUST00000232395	CATCTGAGGCTCATTCGGCTGCCTCTGTGGCCAAGTCCTCCCAGAGTCCACCCTT	94462564	94403368	59196	94410871	51693	94462619	59251	51748
ENSMUST00000232395	CATCTGAGGCTCATTCGGCTGCCTCTGTGGCCAAGTCCTCCCAGAGTCCACCCTT	94462564	94408716	53848	94410832	51732	94462619	53903	51787
ENSMUST00000232395	CATCTGAGGCTCATTCGGCTGCCTCTGTGGCCAAGTCCTCCCAGAGTCCACCCTT	94462564	94403368	59196	94412059	50505	94462619	59251	50560
ENSMUST00000232395	CATCTGAGGCTCATTCGGCTGCCTCTGTGGCCAAGTCCTCCCAGAGTCCACCCTT	94462564	94403368	59196	94415948	46616	94462619	59251	46671
ENSMUST00000232395	CATCTGAGGCTCATTCGGCTGCCTCTGTGGCCAAGTCCTCCCAGAGTCCACCCTT	94462564	94408716	53848	94415948	46616	94462619	53903	46671
ENSMUST00000232395	CATCTGAGGCTCATTCGGCTGCCTCTGTGGCCAAGTCCTCCCAGAGTCCACCCTT	94462564	94403368	59196	94412059	50505	94462619	59251	50560
ENSMUST00000232395	CATCTGAGGCTCATTCGGCTGCCTCTGTGGCCAAGTCCTCCCAGAGTCCACCCTT	94462564	94403368	59196	94415948	46616	94462619	59251	46671
ENSMUST00000232395	CATCTGAGGCTCATTCGGCTGCCTCTGTGGCCAAGTCCTCCCAGAGTCCACCCTT	94462564	94403368	59196	94416281	46283	94462619	59251	46338
ENSMUST00000232395	CATCTGAGGCTCATTCGGCTGCCTCTGTGGCCAAGTCCTCCCAGAGTCCACCCTT	94462564	94410956	51608	94415948	46616	94462619	51663	46671
ENSMUST00000232395	CATCTGAGGCTCATTCGGCTGCCTCTGTGGCCAAGTCCTCCCAGAGTCCACCCTT	94462564	94403368	59196	94416281	46283	94462619	59251	46338
ENSMUST00000232395	CATCTGAGGCTCATTCGGCTGCCTCTGTGGCCAAGTCCTCCCAGAGTCCACCCTT	94462564	94412123	50441	94416281	46283	94462619	50496	46338
ENSMUST00000232395	CATCTGAGGCTCATTCGGCTGCCTCTGTGGCCAAGTCCTCCCAGAGTCCACCCTT	94462564	94416009	46555	94418606	43958	94462619	46610	44013
ENSMUST00000232395	CATCTGAGGCTCATTCGGCTGCCTCTGTGGCCAAGTCCTCCCAGAGTCCACCCTT	94462564	94416366	46198	94419397	43167	94462619	46253	43222
ENSMUST00000232395	CATCTGAGGCTCATTCGGCTGCCTCTGTGGCCAAGTCCTCCCAGAGTCCACCCTT	94462564	94419478	43086	94422226	40338	94462619	43141	40393
ENSMUST00000232395	CATCTGAGGCTCATTCGGCTGCCTCTGTGGCCAAGTCCTCCCAGAGTCCACCCTT	94462564	94424187	38377	94426150	36414	94462619	38432	36469
ENSMUST00000232395	CATCTGAGGCTCATTCGGCTGCCTCTGTGGCCAAGTCCTCCCAGAGTCCACCCTT	94462564	94425188	37376	94426765	35799	94462619	37431	35854
ENSMUST00000232395	CATCTGAGGCTCATTCGGCTGCCTCTGTGGCCAAGTCCTCCCAGAGTCCACCCTT	94462564	94454523	8041	94457320	5244	94462619	8096	5299
ENSMUST00000232395	CATCTGAGGCTCATTCGGCTGCCTCTGTGGCCAAGTCCTCCCAGAGTCCACCCTT	94462564	94454523	8041	94457320	5244	94462619	8096	5299
ENSMUST00000232395	CATCTGAGGCTCATTCGGCTGCCTCTGTGGCCAAGTCCTCCCAGAGTCCACCCTT	94462564	94457411	5153	94459761	2803	94462619	5208	2858
ENSMUST00000232395	CATCTGAGGCTCATTCGGCTGCCTCTGTGGCCAAGTCCTCCCAGAGTCCACCCTT	94462564	94462348	216	94466902	-4338	94462619	271	-4283
ENSMUST00000232395	CATCTGAGGCTCATTCGGCTGCCTCTGTGGCCAAGTCCTCCCAGAGTCCACCCTT	94462564	94384066	78498	94384783	77781	94462619	78553	77836
ENSMUST00000232395	CATCTGAGGCTCATTCGGCTGCCTCTGTGGCCAAGTCCTCCCAGAGTCCACCCTT	94462564	94384934	77630	94387336	75228	94462619	77685	75283
ENSMUST00000232395	CATCTGAGGCTCATTCGGCTGCCTCTGTGGCCAAGTCCTCCCAGAGTCCACCCTT	94462564	94384934	77630	94392014	70550	94462619	77685	70605
ENSMUST00000232395	CATCTGAGGCTCATTCGGCTGCCTCTGTGGCCAAGTCCTCCCAGAGTCCACCCTT	94462564	94385423	77141	94388264	74300	94462619	77196	74355
ENSMUST00000232395	CATCTGAGGCTCATTCGGCTGCCTCTGTGGCCAAGTCCTCCCAGAGTCCACCCTT	94462564	94370861	91703	94392014	70550	94462619	91758	70605
ENSMUST00000232395	CATCTGAGGCTCATTCGGCTGCCTCTGTGGCCAAGTCCTCCCAGAGTCCACCCTT	94462564	94385423	77141	94392014	70550	94462619	77196	70605
ENSMUST00000232395	CATCTGAGGCTCATTCGGCTGCCTCTGTGGCCAAGTCCTCCCAGAGTCCACCCTT	94462564	94388385	74179	94392014	70550	94462619	74234	70605
ENSMUST00000232395	CATCTGAGGCTCATTCGGCTGCCTCTGTGGCCAAGTCCTCCCAGAGTCCACCCTT	94462564	94370861	91703	94393111	69453	94462619	91758	69508
ENSMUST00000232395	CATCTGAGGCTCATTCGGCTGCCTCTGTGGCCAAGTCCTCCCAGAGTCCACCCTT	94462564	94384934	77630	94393111	69453	94462619	77685	69508
ENSMUST00000232395	CATCTGAGGCTCATTCGGCTGCCTCTGTGGCCAAGTCCTCCCAGAGTCCACCCTT	94462564	94390287	72277	94393111	69453	94462619	72332	69508
ENSMUST00000232395	CATCTGAGGCTCATTCGGCTGCCTCTGTGGCCAAGTCCTCCCAGAGTCCACCCTT	94462564	94370861	91703	94403313	59251	94462619	91758	59306
ENSMUST00000232395	CATCTGAGGCTCATTCGGCTGCCTCTGTGGCCAAGTCCTCCCAGAGTCCACCCTT	94462564	94403368	59196	94409683	52881	94462619	59251	52936
ENSMUST00000232395	CATCTGAGGCTCATTCGGCTGCCTCTGTGGCCAAGTCCTCCCAGAGTCCACCCTT	94462564	94403368	59196	94410832	51732	94462619	59251	51787
ENSMUST00000232395	CATCTGAGGCTCATTCGGCTGCCTCTGTGGCCAAGTCCTCCCAGAGTCCACCCTT	94462564	94403368	59196	94415948	46616	94462619	59251	46671
ENSMUST00000232395	CATCTGAGGCTCATTCGGCTGCCTCTGTGGCCAAGTCCTCCCAGAGTCCACCCTT	94462564	94403368	59196	94409683	52881	94462619	59251	52936
ENSMUST00000232395	CATCTGAGGCTCATTCGGCTGCCTCTGTGGCCAAGTCCTCCCAGAGTCCACCCTT	94462564	94403368	59196	94410832	51732	94462619	59251	51787
ENSMUST00000232395	CATCTGAGGCTCATTCGGCTGCCTCTGTGGCCAAGTCCTCCCAGAGTCCACCCTT	94462564	94403368	59196	94410871	51693	94462619	59251	51748
ENSMUST00000232395	CATCTGAGGCTCATTCGGCTGCCTCTGTGGCCAAGTCCTCCCAGAGTCCACCCTT	94462564	94408716	53848	94410832	51732	94462619	53903	51787
ENSMUST00000232395	CATCTGAGGCTCATTCGGCTGCCTCTGTGGCCAAGTCCTCCCAGAGTCCACCCTT	94462564	94403368	59196	94412059	50505	94462619	59251	50560
ENSMUST00000232395	CATCTGAGGCTCATTCGGCTGCCTCTGTGGCCAAGTCCTCCCAGAGTCCACCCTT	94462564	94403368	59196	94415948	46616	94462619	59251	46671
ENSMUST00000232395	CATCTGAGGCTCATTCGGCTGCCTCTGTGGCCAAGTCCTCCCAGAGTCCACCCTT	94462564	94408716	53848	94415948	46616	94462619	53903	46671
ENSMUST00000232395	CATCTGAGGCTCATTCGGCTGCCTCTGTGGCCAAGTCCTCCCAGAGTCCACCCTT	94462564	94403368	59196	94412059	50505	94462619	59251	50560
ENSMUST00000232395	CATCTGAGGCTCATTCGGCTGCCTCTGTGGCCAAGTCCTCCCAGAGTCCACCCTT	94462564	94403368	59196	94415948	46616	94462619	59251	46671
ENSMUST00000232395	CATCTGAGGCTCATTCGGCTGCCTCTGTGGCCAAGTCCTCCCAGAGTCCACCCTT	94462564	94403368	59196	94416281	46283	94462619	59251	46338
ENSMUST00000232395	CATCTGAGGCTCATTCGGCTGCCTCTGTGGCCAAGTCCTCCCAGAGTCCACCCTT	94462564	94410956	51608	94415948	46616	94462619	51663	46671
ENSMUST00000232395	CATCTGAGGCTCATTCGGCTGCCTCTGTGGCCAAGTCCTCCCAGAGTCCACCCTT	94462564	94403368	59196	94416281	46283	94462619	59251	46338
ENSMUST00000232395	CATCTGAGGCTCATTCGGCTGCCTCTGTGGCCAAGTCCTCCCAGAGTCCACCCTT	94462564	94412123	50441	94416281	46283	94462619	50496	46338
ENSMUST00000232395	CATCTGAGGCTCATTCGGCTGCCTCTGTGGCCAAGTCCTCCCAGAGTCCACCCTT	94462564	94416009	46555	94418606	43958	94462619	46610	44013
ENSMUST00000232395	CATCTGAGGCTCATTCGGCTGCCTCTGTGGCCAAGTCCTCCCAGAGTCCACCCTT	94462564	94416366	46198	94419397	43167	94462619	46253	43222
ENSMUST00000232395	CATCTGAGGCTCATTCGGCTGCCTCTGTGGCCAAGTCCTCCCAGAGTCCACCCTT	94462564	94419478	43086	94422226	40338	94462619	43141	40393
ENSMUST00000232395	CATCTGAGGCTCATTCGGCTGCCTCTGTGGCCAAGTCCTCCCAGAGTCCACCCTT	94462564	94424187	38377	94426150	36414	94462619	38432	36469
ENSMUST00000232395	CATCTGAGGCTCATTCGGCTGCCTCTGTGGCCAAGTCCTCCCAGAGTCCACCCTT	94462564	94425188	37376	94426765	35799	94462619	37431	35854
ENSMUST00000232395	CATCTGAGGCTCATTCGGCTGCCTCTGTGGCCAAGTCCTCCCAGAGTCCACCCTT	94462564	94454523	8041	94457320	5244	94462619	8096	5299
ENSMUST00000232395	CATCTGAGGCTCATTCGGCTGCCTCTGTGGCCAAGTCCTCCCAGAGTCCACCCTT	94462564	94454523	8041	94457320	5244	94462619	8096	5299
ENSMUST00000232395	CATCTGAGGCTCATTCGGCTGCCTCTGTGGCCAAGTCCTCCCAGAGTCCACCCTT	94462564	94457411	5153	94459761	2803	94462619	5208	2858
ENSMUST00000232395	CATCTGAGGCTCATTCGGCTGCCTCTGTGGCCAAGTCCTCCCAGAGTCCACCCTT	94462564	94462348	216	94466902	-4338	94462619	271	-4283
ENSMUST00000021631	AGCTGCTGCAGAAGTACACCTGTCTGCCTCATATCATATCGAGTGACCAGATTTA	103593094	103534144	58950	103576280	16814	103593149	59005	16869
ENSMUST00000021631	AGCTGCTGCAGAAGTACACCTGTCTGCCTCATATCATATCGAGTGACCAGATTTA	103593094	103558470	34624	103576280	16814	103593149	34679	16869
ENSMUST00000021631	AGCTGCTGCAGAAGTACACCTGTCTGCCTCATATCATATCGAGTGACCAGATTTA	103593094	103579098	13996	103584055	9039	103593149	14051	9094
ENSMUST00000021631	AGCTGCTGCAGAAGTACACCTGTCTGCCTCATATCATATCGAGTGACCAGATTTA	103593094	103579098	13996	103585706	7388	103593149	14051	7443
ENSMUST00000021631	AGCTGCTGCAGAAGTACACCTGTCTGCCTCATATCATATCGAGTGACCAGATTTA	103593094	103585829	7265	103587436	5658	103593149	7320	5713
ENSMUST00000021631	AGCTGCTGCAGAAGTACACCTGTCTGCCTCATATCATATCGAGTGACCAGATTTA	103593094	103587120	5974	103590778	2316	103593149	6029	2371
ENSMUST00000021631	AGCTGCTGCAGAAGTACACCTGTCTGCCTCATATCATATCGAGTGACCAGATTTA	103593094	103598248	-5154	103600363	-7269	103593149	-5099	-7214
ENSMUST00000021631	AGCTGCTGCAGAAGTACACCTGTCTGCCTCATATCATATCGAGTGACCAGATTTA	103593094	103603020	-9926	103604966	-11872	103593149	-9871	-11817
ENSMUST00000021631	AGCTGCTGCAGAAGTACACCTGTCTGCCTCATATCATATCGAGTGACCAGATTTA	103593094	103604058	-10964	103604966	-11872	103593149	-10909	-11817
ENSMUST00000224402	CTGCTGGTCTTGGGCTTCTGGAGGGCCTCTCTCGCCTGCCCGACGTCCTGCAAAT	58808787	58808940	-153	58837984	-29197	58808842	-98	-29142
ENSMUST00000224402	CTGCTGGTCTTGGGCTTCTGGAGGGCCTCTCTCGCCTGCCCGACGTCCTGCAAAT	58808787	58878262	-69475	59037966	-229179	58808842	-69420	-229124
ENSMUST00000069817	TGCTGGATTCCCAGCTCCCACAGCTCACTATGCCACTGCCTCGGTATGGCTCCGG	32226236	32151291	74945	32183122	43114	32226291	75000	43169
ENSMUST00000069817	TGCTGGATTCCCAGCTCCCACAGCTCACTATGCCACTGCCTCGGTATGGCTCCGG	32226236	32183300	42936	32187480	38756	32226291	42991	38811
ENSMUST00000069817	TGCTGGATTCCCAGCTCCCACAGCTCACTATGCCACTGCCTCGGTATGGCTCCGG	32226236	32212291	13945	32216045	10191	32226291	14000	10246
ENSMUST00000069817	TGCTGGATTCCCAGCTCCCACAGCTCACTATGCCACTGCCTCGGTATGGCTCCGG	32226236	32219405	6831	32220089	6147	32226291	6886	6202
ENSMUST00000069817	TGCTGGATTCCCAGCTCCCACAGCTCACTATGCCACTGCCTCGGTATGGCTCCGG	32226236	32224169	2067	32226944	-708	32226291	2122	-653
ENSMUST00000069817	TGCTGGATTCCCAGCTCCCACAGCTCACTATGCCACTGCCTCGGTATGGCTCCGG	32226236	32224169	2067	32229262	-3026	32226291	2122	-2971
ENSMUST00000069817	TGCTGGATTCCCAGCTCCCACAGCTCACTATGCCACTGCCTCGGTATGGCTCCGG	32226236	32224169	2067	32230610	-4374	32226291	2122	-4319
ENSMUST00000069817	TGCTGGATTCCCAGCTCCCACAGCTCACTATGCCACTGCCTCGGTATGGCTCCGG	32226236	32224169	2067	32230610	-4374	32226291	2122	-4319
ENSMUST00000069817	TGCTGGATTCCCAGCTCCCACAGCTCACTATGCCACTGCCTCGGTATGGCTCCGG	32226236	32227036	-800	32230610	-4374	32226291	-745	-4319
ENSMUST00000069817	TGCTGGATTCCCAGCTCCCACAGCTCACTATGCCACTGCCTCGGTATGGCTCCGG	32226236	32151291	74945	32183122	43114	32226291	75000	43169
ENSMUST00000069817	TGCTGGATTCCCAGCTCCCACAGCTCACTATGCCACTGCCTCGGTATGGCTCCGG	32226236	32183300	42936	32187480	38756	32226291	42991	38811
ENSMUST00000069817	TGCTGGATTCCCAGCTCCCACAGCTCACTATGCCACTGCCTCGGTATGGCTCCGG	32226236	32212291	13945	32216045	10191	32226291	14000	10246
ENSMUST00000069817	TGCTGGATTCCCAGCTCCCACAGCTCACTATGCCACTGCCTCGGTATGGCTCCGG	32226236	32219405	6831	32220089	6147	32226291	6886	6202
ENSMUST00000069817	TGCTGGATTCCCAGCTCCCACAGCTCACTATGCCACTGCCTCGGTATGGCTCCGG	32226236	32224169	2067	32226944	-708	32226291	2122	-653
ENSMUST00000069817	TGCTGGATTCCCAGCTCCCACAGCTCACTATGCCACTGCCTCGGTATGGCTCCGG	32226236	32224169	2067	32229262	-3026	32226291	2122	-2971
ENSMUST00000069817	TGCTGGATTCCCAGCTCCCACAGCTCACTATGCCACTGCCTCGGTATGGCTCCGG	32226236	32224169	2067	32230610	-4374	32226291	2122	-4319
ENSMUST00000069817	TGCTGGATTCCCAGCTCCCACAGCTCACTATGCCACTGCCTCGGTATGGCTCCGG	32226236	32224169	2067	32230610	-4374	32226291	2122	-4319
ENSMUST00000069817	TGCTGGATTCCCAGCTCCCACAGCTCACTATGCCACTGCCTCGGTATGGCTCCGG	32226236	32227036	-800	32230610	-4374	32226291	-745	-4319
ENSMUST00000095737	GTTTACATTTTATGACTACTCGTACCTCCAAGGCTCAAAACTCAAATTCCCAATG	53140196	52699442	440754	52880638	259558	53140251	440809	259613
ENSMUST00000095737	GTTTACATTTTATGACTACTCGTACCTCCAAGGCTCAAAACTCAAATTCCCAATG	53140196	52888063	252133	52937134	203062	53140251	252188	203117
ENSMUST00000095737	GTTTACATTTTATGACTACTCGTACCTCCAAGGCTCAAAACTCAAATTCCCAATG	53140196	52699442	440754	53139380	816	53140251	440809	871
ENSMUST00000095737	GTTTACATTTTATGACTACTCGTACCTCCAAGGCTCAAAACTCAAATTCCCAATG	53140196	52938506	201690	53069106	71090	53140251	201745	71145
ENSMUST00000095737	GTTTACATTTTATGACTACTCGTACCTCCAAGGCTCAAAACTCAAATTCCCAATG	53140196	52938506	201690	53139380	816	53140251	201745	871
ENSMUST00000095737	GTTTACATTTTATGACTACTCGTACCTCCAAGGCTCAAAACTCAAATTCCCAATG	53140196	53010622	129574	53069106	71090	53140251	129629	71145
ENSMUST00000095737	GTTTACATTTTATGACTACTCGTACCTCCAAGGCTCAAAACTCAAATTCCCAATG	53140196	53025841	114355	53072289	67907	53140251	114410	67962
ENSMUST00000095737	GTTTACATTTTATGACTACTCGTACCTCCAAGGCTCAAAACTCAAATTCCCAATG	53140196	53025841	114355	53104514	35682	53140251	114410	35737
ENSMUST00000095737	GTTTACATTTTATGACTACTCGTACCTCCAAGGCTCAAAACTCAAATTCCCAATG	53140196	53072511	67685	53139380	816	53140251	67740	871
ENSMUST00000095737	GTTTACATTTTATGACTACTCGTACCTCCAAGGCTCAAAACTCAAATTCCCAATG	53140196	53104730	35466	53147810	-7614	53140251	35521	-7559
ENSMUST00000023924	CGAAGGCTAAAGCCCCTGTTGGTGACATTTGGAGATACTGAAGATGTGGCGTGGGC	8090040	8080512	9528	8083916	6124	8090096	9584	6180
ENSMUST00000047865	AAGGACTCATTCTTAGCTTTAGGGGGGTTCCTGTCACTGAATCGAGTCGCTGCCCT	82585113	82522137	62976	82572824	12289	82585169	63032	12345
ENSMUST00000047865	AAGGACTCATTCTTAGCTTTAGGGGGGTTCCTGTCACTGAATCGAGTCGCTGCCCT	82585113	82554750	30363	82572824	12289	82585169	30419	12345
ENSMUST00000047865	AAGGACTCATTCTTAGCTTTAGGGGGGTTCCTGTCACTGAATCGAGTCGCTGCCCT	82585113	82554750	30363	82575171	9942	82585169	30419	9998
ENSMUST00000047865	AAGGACTCATTCTTAGCTTTAGGGGGGTTCCTGTCACTGAATCGAGTCGCTGCCCT	82585113	82554750	30363	82584111	1002	82585169	30419	1058
ENSMUST00000047865	AAGGACTCATTCTTAGCTTTAGGGGGGTTCCTGTCACTGAATCGAGTCGCTGCCCT	82585113	82561855	23258	82572824	12289	82585169	23314	12345
ENSMUST00000047865	AAGGACTCATTCTTAGCTTTAGGGGGGTTCCTGTCACTGAATCGAGTCGCTGCCCT	82585113	82563332	21781	82572824	12289	82585169	21837	12345
ENSMUST00000047865	AAGGACTCATTCTTAGCTTTAGGGGGGTTCCTGTCACTGAATCGAGTCGCTGCCCT	82585113	82554750	30363	82575171	9942	82585169	30419	9998
ENSMUST00000047865	AAGGACTCATTCTTAGCTTTAGGGGGGTTCCTGTCACTGAATCGAGTCGCTGCCCT	82585113	82561855	23258	82575171	9942	82585169	23314	9998
ENSMUST00000047865	AAGGACTCATTCTTAGCTTTAGGGGGGTTCCTGTCACTGAATCGAGTCGCTGCCCT	82585113	82554750	30363	82578935	6178	82585169	30419	6234
ENSMUST00000047865	AAGGACTCATTCTTAGCTTTAGGGGGGTTCCTGTCACTGAATCGAGTCGCTGCCCT	82585113	82554750	30363	82584111	1002	82585169	30419	1058
ENSMUST00000047865	AAGGACTCATTCTTAGCTTTAGGGGGGTTCCTGTCACTGAATCGAGTCGCTGCCCT	82585113	82561855	23258	82584111	1002	82585169	23314	1058
ENSMUST00000047865	AAGGACTCATTCTTAGCTTTAGGGGGGTTCCTGTCACTGAATCGAGTCGCTGCCCT	82585113	82572926	12187	82575600	9513	82585169	12243	9569
ENSMUST00000047865	AAGGACTCATTCTTAGCTTTAGGGGGGTTCCTGTCACTGAATCGAGTCGCTGCCCT	82585113	82575207	9906	82578935	6178	82585169	9962	6234
ENSMUST00000047865	AAGGACTCATTCTTAGCTTTAGGGGGGTTCCTGTCACTGAATCGAGTCGCTGCCCT	82585113	82575207	9906	82584111	1002	82585169	9962	1058
ENSMUST00000047865	AAGGACTCATTCTTAGCTTTAGGGGGGTTCCTGTCACTGAATCGAGTCGCTGCCCT	82585113	82554750	30363	82584111	1002	82585169	30419	1058
ENSMUST00000047865	AAGGACTCATTCTTAGCTTTAGGGGGGTTCCTGTCACTGAATCGAGTCGCTGCCCT	82585113	82575207	9906	82584111	1002	82585169	9962	1058
ENSMUST00000047865	AAGGACTCATTCTTAGCTTTAGGGGGGTTCCTGTCACTGAATCGAGTCGCTGCCCT	82585113	82575633	9480	82584111	1002	82585169	9536	1058
ENSMUST00000111467	AACTCACTGGCCTATCTCATCAATACCTATGCACTGGACAGTGGGGTTTCTACCAT	90859532	90849704	9828	90853050	6482	90860482	10778	7432
ENSMUST00000111467	AACTCACTGGCCTATCTCATCAATACCTATGCACTGGACAGTGGGGTTTCTACCAT	90859532	90849704	9828	90853050	6482	90860482	10778	7432
ENSMUST00000111467	AACTCACTGGCCTATCTCATCAATACCTATGCACTGGACAGTGGGGTTTCTACCAT	90859532	90852866	6666	90856805	2727	90860482	7616	3677
ENSMUST00000111467	AACTCACTGGCCTATCTCATCAATACCTATGCACTGGACAGTGGGGTTTCTACCAT	90859532	90849704	9828	90854923	4609	90860482	10778	5559
ENSMUST00000111467	AACTCACTGGCCTATCTCATCAATACCTATGCACTGGACAGTGGGGTTTCTACCAT	90859532	90852866	6666	90856805	2727	90860482	7616	3677
ENSMUST00000111467	AACTCACTGGCCTATCTCATCAATACCTATGCACTGGACAGTGGGGTTTCTACCAT	90859532	90853113	6419	90856805	2727	90860482	7369	3677
ENSMUST00000111467	AACTCACTGGCCTATCTCATCAATACCTATGCACTGGACAGTGGGGTTTCTACCAT	90859532	90854981	4551	90856805	2727	90860482	5501	3677
ENSMUST00000111467	AACTCACTGGCCTATCTCATCAATACCTATGCACTGGACAGTGGGGTTTCTACCAT	90859532	90856865	2667	90860462	-930	90860482	3617	20
ENSMUST00000111467	AACTCACTGGCCTATCTCATCAATACCTATGCACTGGACAGTGGGGTTTCTACCAT	90859532	90861449	-1917	90865183	-5651	90860482	-967	-4701
ENSMUST00000113462	GGCATCGTGGCGGCGGCGGCGCTCTGCATCCTCATTCTCCTCTACGCCATGTACAA	6531952	6428778	103174	6448254	83698	6532008	103230	83754
ENSMUST00000113462	GGCATCGTGGCGGCGGCGGCGCTCTGCATCCTCATTCTCCTCTACGCCATGTACAA	6531952	6428778	103174	6472257	59695	6532008	103230	59751
ENSMUST00000113462	GGCATCGTGGCGGCGGCGGCGCTCTGCATCCTCATTCTCCTCTACGCCATGTACAA	6531952	6428778	103174	6472257	59695	6532008	103230	59751
ENSMUST00000113462	GGCATCGTGGCGGCGGCGGCGCTCTGCATCCTCATTCTCCTCTACGCCATGTACAA	6531952	6443648	88304	6450527	81425	6532008	88360	81481
ENSMUST00000113462	GGCATCGTGGCGGCGGCGGCGCTCTGCATCCTCATTCTCCTCTACGCCATGTACAA	6531952	6443648	88304	6450530	81422	6532008	88360	81478
ENSMUST00000113462	GGCATCGTGGCGGCGGCGGCGCTCTGCATCCTCATTCTCCTCTACGCCATGTACAA	6531952	6443648	88304	6454978	76974	6532008	88360	77030
ENSMUST00000113462	GGCATCGTGGCGGCGGCGGCGCTCTGCATCCTCATTCTCCTCTACGCCATGTACAA	6531952	6443648	88304	6463823	68129	6532008	88360	68185
ENSMUST00000113462	GGCATCGTGGCGGCGGCGGCGCTCTGCATCCTCATTCTCCTCTACGCCATGTACAA	6531952	6443648	88304	6472257	59695	6532008	88360	59751
ENSMUST00000113462	GGCATCGTGGCGGCGGCGGCGCTCTGCATCCTCATTCTCCTCTACGCCATGTACAA	6531952	6443648	88304	6454978	76974	6532008	88360	77030
ENSMUST00000113462	GGCATCGTGGCGGCGGCGGCGCTCTGCATCCTCATTCTCCTCTACGCCATGTACAA	6531952	6443648	88304	6481109	50843	6532008	88360	50899
ENSMUST00000113462	GGCATCGTGGCGGCGGCGGCGCTCTGCATCCTCATTCTCCTCTACGCCATGTACAA	6531952	6448284	83668	6454978	76974	6532008	83724	77030
ENSMUST00000113462	GGCATCGTGGCGGCGGCGGCGCTCTGCATCCTCATTCTCCTCTACGCCATGTACAA	6531952	6443648	88304	6454978	76974	6532008	88360	77030
ENSMUST00000113462	GGCATCGTGGCGGCGGCGGCGCTCTGCATCCTCATTCTCCTCTACGCCATGTACAA	6531952	6448284	83668	6454978	76974	6532008	83724	77030
ENSMUST00000113462	GGCATCGTGGCGGCGGCGGCGCTCTGCATCCTCATTCTCCTCTACGCCATGTACAA	6531952	6443648	88304	6463823	68129	6532008	88360	68185
ENSMUST00000113462	GGCATCGTGGCGGCGGCGGCGCTCTGCATCCTCATTCTCCTCTACGCCATGTACAA	6531952	6443648	88304	6472257	59695	6532008	88360	59751
ENSMUST00000113462	GGCATCGTGGCGGCGGCGGCGCTCTGCATCCTCATTCTCCTCTACGCCATGTACAA	6531952	6448284	83668	6463823	68129	6532008	83724	68185
ENSMUST00000113462	GGCATCGTGGCGGCGGCGGCGCTCTGCATCCTCATTCTCCTCTACGCCATGTACAA	6531952	6448284	83668	6472257	59695	6532008	83724	59751
ENSMUST00000113462	GGCATCGTGGCGGCGGCGGCGCTCTGCATCCTCATTCTCCTCTACGCCATGTACAA	6531952	6443648	88304	6472257	59695	6532008	88360	59751
ENSMUST00000113462	GGCATCGTGGCGGCGGCGGCGCTCTGCATCCTCATTCTCCTCTACGCCATGTACAA	6531952	6448284	83668	6472257	59695	6532008	83724	59751
ENSMUST00000113462	GGCATCGTGGCGGCGGCGGCGCTCTGCATCCTCATTCTCCTCTACGCCATGTACAA	6531952	6455280	76672	6472257	59695	6532008	76728	59751
ENSMUST00000113462	GGCATCGTGGCGGCGGCGGCGCTCTGCATCCTCATTCTCCTCTACGCCATGTACAA	6531952	6443648	88304	6472257	59695	6532008	88360	59751
ENSMUST00000113462	GGCATCGTGGCGGCGGCGGCGCTCTGCATCCTCATTCTCCTCTACGCCATGTACAA	6531952	6448284	83668	6472257	59695	6532008	83724	59751
ENSMUST00000113462	GGCATCGTGGCGGCGGCGGCGCTCTGCATCCTCATTCTCCTCTACGCCATGTACAA	6531952	6455280	76672	6472257	59695	6532008	76728	59751
ENSMUST00000113462	GGCATCGTGGCGGCGGCGGCGCTCTGCATCCTCATTCTCCTCTACGCCATGTACAA	6531952	6455280	76672	6473317	58635	6532008	76728	58691
ENSMUST00000113462	GGCATCGTGGCGGCGGCGGCGCTCTGCATCCTCATTCTCCTCTACGCCATGTACAA	6531952	6481875	50077	6490066	41886	6532008	50133	41942
ENSMUST00000113462	GGCATCGTGGCGGCGGCGGCGCTCTGCATCCTCATTCTCCTCTACGCCATGTACAA	6531952	6493009	38943	6504874	27078	6532008	38999	27134
ENSMUST00000113462	GGCATCGTGGCGGCGGCGGCGCTCTGCATCCTCATTCTCCTCTACGCCATGTACAA	6531952	6498531	33421	6509777	22175	6532008	33477	22231
ENSMUST00000113462	GGCATCGTGGCGGCGGCGGCGCTCTGCATCCTCATTCTCCTCTACGCCATGTACAA	6531952	6505056	26896	6519248	12704	6532008	26952	12760
ENSMUST00000113462	GGCATCGTGGCGGCGGCGGCGCTCTGCATCCTCATTCTCCTCTACGCCATGTACAA	6531952	6509949	22003	6516922	15030	6532008	22059	15086
ENSMUST00000113462	GGCATCGTGGCGGCGGCGGCGCTCTGCATCCTCATTCTCCTCTACGCCATGTACAA	6531952	6509949	22003	6519248	12704	6532008	22059	12760
ENSMUST00000113462	GGCATCGTGGCGGCGGCGGCGCTCTGCATCCTCATTCTCCTCTACGCCATGTACAA	6531952	6517248	14704	6531267	685	6532008	14760	741
ENSMUST00000113462	GGCATCGTGGCGGCGGCGGCGCTCTGCATCCTCATTCTCCTCTACGCCATGTACAA	6531952	6517248	14704	6531843	109	6532008	14760	165
ENSMUST00000113462	GGCATCGTGGCGGCGGCGGCGCTCTGCATCCTCATTCTCCTCTACGCCATGTACAA	6531952	6517248	14704	6542340	-10388	6532008	14760	-10332
ENSMUST00000113462	GGCATCGTGGCGGCGGCGGCGCTCTGCATCCTCATTCTCCTCTACGCCATGTACAA	6531952	6428778	103174	6448254	83698	6532008	103230	83754
ENSMUST00000113462	GGCATCGTGGCGGCGGCGGCGCTCTGCATCCTCATTCTCCTCTACGCCATGTACAA	6531952	6428778	103174	6472257	59695	6532008	103230	59751
ENSMUST00000113462	GGCATCGTGGCGGCGGCGGCGCTCTGCATCCTCATTCTCCTCTACGCCATGTACAA	6531952	6428778	103174	6472257	59695	6532008	103230	59751
ENSMUST00000113462	GGCATCGTGGCGGCGGCGGCGCTCTGCATCCTCATTCTCCTCTACGCCATGTACAA	6531952	6443648	88304	6450527	81425	6532008	88360	81481
ENSMUST00000113462	GGCATCGTGGCGGCGGCGGCGCTCTGCATCCTCATTCTCCTCTACGCCATGTACAA	6531952	6443648	88304	6450530	81422	6532008	88360	81478
ENSMUST00000113462	GGCATCGTGGCGGCGGCGGCGCTCTGCATCCTCATTCTCCTCTACGCCATGTACAA	6531952	6443648	88304	6454978	76974	6532008	88360	77030
ENSMUST00000113462	GGCATCGTGGCGGCGGCGGCGCTCTGCATCCTCATTCTCCTCTACGCCATGTACAA	6531952	6443648	88304	6463823	68129	6532008	88360	68185
ENSMUST00000113462	GGCATCGTGGCGGCGGCGGCGCTCTGCATCCTCATTCTCCTCTACGCCATGTACAA	6531952	6443648	88304	6472257	59695	6532008	88360	59751
ENSMUST00000113462	GGCATCGTGGCGGCGGCGGCGCTCTGCATCCTCATTCTCCTCTACGCCATGTACAA	6531952	6443648	88304	6454978	76974	6532008	88360	77030
ENSMUST00000113462	GGCATCGTGGCGGCGGCGGCGCTCTGCATCCTCATTCTCCTCTACGCCATGTACAA	6531952	6443648	88304	6481109	50843	6532008	88360	50899
ENSMUST00000113462	GGCATCGTGGCGGCGGCGGCGCTCTGCATCCTCATTCTCCTCTACGCCATGTACAA	6531952	6448284	83668	6454978	76974	6532008	83724	77030
ENSMUST00000113462	GGCATCGTGGCGGCGGCGGCGCTCTGCATCCTCATTCTCCTCTACGCCATGTACAA	6531952	6443648	88304	6454978	76974	6532008	88360	77030
ENSMUST00000113462	GGCATCGTGGCGGCGGCGGCGCTCTGCATCCTCATTCTCCTCTACGCCATGTACAA	6531952	6448284	83668	6454978	76974	6532008	83724	77030
ENSMUST00000113462	GGCATCGTGGCGGCGGCGGCGCTCTGCATCCTCATTCTCCTCTACGCCATGTACAA	6531952	6443648	88304	6463823	68129	6532008	88360	68185
ENSMUST00000113462	GGCATCGTGGCGGCGGCGGCGCTCTGCATCCTCATTCTCCTCTACGCCATGTACAA	6531952	6443648	88304	6472257	59695	6532008	88360	59751
ENSMUST00000113462	GGCATCGTGGCGGCGGCGGCGCTCTGCATCCTCATTCTCCTCTACGCCATGTACAA	6531952	6448284	83668	6463823	68129	6532008	83724	68185
ENSMUST00000113462	GGCATCGTGGCGGCGGCGGCGCTCTGCATCCTCATTCTCCTCTACGCCATGTACAA	6531952	6448284	83668	6472257	59695	6532008	83724	59751
ENSMUST00000113462	GGCATCGTGGCGGCGGCGGCGCTCTGCATCCTCATTCTCCTCTACGCCATGTACAA	6531952	6443648	88304	6472257	59695	6532008	88360	59751
ENSMUST00000113462	GGCATCGTGGCGGCGGCGGCGCTCTGCATCCTCATTCTCCTCTACGCCATGTACAA	6531952	6448284	83668	6472257	59695	6532008	83724	59751
ENSMUST00000113462	GGCATCGTGGCGGCGGCGGCGCTCTGCATCCTCATTCTCCTCTACGCCATGTACAA	6531952	6455280	76672	6472257	59695	6532008	76728	59751
ENSMUST00000113462	GGCATCGTGGCGGCGGCGGCGCTCTGCATCCTCATTCTCCTCTACGCCATGTACAA	6531952	6443648	88304	6472257	59695	6532008	88360	59751
ENSMUST00000113462	GGCATCGTGGCGGCGGCGGCGCTCTGCATCCTCATTCTCCTCTACGCCATGTACAA	6531952	6448284	83668	6472257	59695	6532008	83724	59751
ENSMUST00000113462	GGCATCGTGGCGGCGGCGGCGCTCTGCATCCTCATTCTCCTCTACGCCATGTACAA	6531952	6455280	76672	6472257	59695	6532008	76728	59751
ENSMUST00000113462	GGCATCGTGGCGGCGGCGGCGCTCTGCATCCTCATTCTCCTCTACGCCATGTACAA	6531952	6455280	76672	6473317	58635	6532008	76728	58691
ENSMUST00000113462	GGCATCGTGGCGGCGGCGGCGCTCTGCATCCTCATTCTCCTCTACGCCATGTACAA	6531952	6481875	50077	6490066	41886	6532008	50133	41942
ENSMUST00000113462	GGCATCGTGGCGGCGGCGGCGCTCTGCATCCTCATTCTCCTCTACGCCATGTACAA	6531952	6493009	38943	6504874	27078	6532008	38999	27134
ENSMUST00000113462	GGCATCGTGGCGGCGGCGGCGCTCTGCATCCTCATTCTCCTCTACGCCATGTACAA	6531952	6498531	33421	6509777	22175	6532008	33477	22231
ENSMUST00000113462	GGCATCGTGGCGGCGGCGGCGCTCTGCATCCTCATTCTCCTCTACGCCATGTACAA	6531952	6505056	26896	6519248	12704	6532008	26952	12760
ENSMUST00000113462	GGCATCGTGGCGGCGGCGGCGCTCTGCATCCTCATTCTCCTCTACGCCATGTACAA	6531952	6509949	22003	6516922	15030	6532008	22059	15086
ENSMUST00000113462	GGCATCGTGGCGGCGGCGGCGCTCTGCATCCTCATTCTCCTCTACGCCATGTACAA	6531952	6509949	22003	6519248	12704	6532008	22059	12760
ENSMUST00000113462	GGCATCGTGGCGGCGGCGGCGCTCTGCATCCTCATTCTCCTCTACGCCATGTACAA	6531952	6517248	14704	6531267	685	6532008	14760	741
ENSMUST00000113462	GGCATCGTGGCGGCGGCGGCGCTCTGCATCCTCATTCTCCTCTACGCCATGTACAA	6531952	6517248	14704	6531843	109	6532008	14760	165
ENSMUST00000113462	GGCATCGTGGCGGCGGCGGCGCTCTGCATCCTCATTCTCCTCTACGCCATGTACAA	6531952	6517248	14704	6542340	-10388	6532008	14760	-10332
ENSMUST00000040182	ACTACAGCCATCAACTTTTCAACTGTCAACTCTTCTGCAGCCTTCCGATCCAAGCA	29498565	29374410	124155	29400183	98382	29499344	124934	99161
ENSMUST00000040182	ACTACAGCCATCAACTTTTCAACTGTCAACTCTTCTGCAGCCTTCCGATCCAAGCA	29498565	29374607	123958	29422539	76026	29499344	124737	76805
ENSMUST00000040182	ACTACAGCCATCAACTTTTCAACTGTCAACTCTTCTGCAGCCTTCCGATCCAAGCA	29498565	29424830	73735	29430111	68454	29499344	74514	69233
ENSMUST00000040182	ACTACAGCCATCAACTTTTCAACTGTCAACTCTTCTGCAGCCTTCCGATCCAAGCA	29498565	29451103	47462	29455369	43196	29499344	48241	43975
ENSMUST00000040182	ACTACAGCCATCAACTTTTCAACTGTCAACTCTTCTGCAGCCTTCCGATCCAAGCA	29498565	29453277	45288	29456457	42108	29499344	46067	42887
ENSMUST00000040182	ACTACAGCCATCAACTTTTCAACTGTCAACTCTTCTGCAGCCTTCCGATCCAAGCA	29498565	29461033	37532	29463119	35446	29499344	38311	36225
ENSMUST00000040182	ACTACAGCCATCAACTTTTCAACTGTCAACTCTTCTGCAGCCTTCCGATCCAAGCA	29498565	29494093	4472	29498408	157	29499344	5251	936
ENSMUST00000040182	ACTACAGCCATCAACTTTTCAACTGTCAACTCTTCTGCAGCCTTCCGATCCAAGCA	29498565	29494093	4472	29499334	-769	29499344	5251	10
ENSMUST00000040182	ACTACAGCCATCAACTTTTCAACTGTCAACTCTTCTGCAGCCTTCCGATCCAAGCA	29498565	29494093	4472	29499334	-769	29499344	5251	10
ENSMUST00000040182	ACTACAGCCATCAACTTTTCAACTGTCAACTCTTCTGCAGCCTTCCGATCCAAGCA	29498565	29497426	1139	29499334	-769	29499344	1918	10
ENSMUST00000040182	ACTACAGCCATCAACTTTTCAACTGTCAACTCTTCTGCAGCCTTCCGATCCAAGCA	29498565	29499406	-841	29503382	-4817	29499344	-62	-4038
ENSMUST00000040182	ACTACAGCCATCAACTTTTCAACTGTCAACTCTTCTGCAGCCTTCCGATCCAAGCA	29498565	29501056	-2491	29503851	-5286	29499344	-1712	-4507
ENSMUST00000040182	ACTACAGCCATCAACTTTTCAACTGTCAACTCTTCTGCAGCCTTCCGATCCAAGCA	29498565	29504311	-5746	29507694	-9129	29499344	-4967	-8350
ENSMUST00000013807	CAATCATGTTGCAGCAATTCACTGTAAAGCTGGAAAGGGACGGACTGGTGTAATGA	32799959	32792593	7366	32799860	99	32800015	7422	155
ENSMUST00000092887	CGACTGGTGGAGATTAATGGACAGAATGTGGAGAATAAATCCAGGGATGAAATTGT	77778138	77778314	-176	77817618	-39480	77778194	-120	-39424
ENSMUST00000092887	CGACTGGTGGAGATTAATGGACAGAATGTGGAGAATAAATCCAGGGATGAAATTGT	77778138	77801380	-23242	77817618	-39480	77778194	-23186	-39424
ENSMUST00000092887	CGACTGGTGGAGATTAATGGACAGAATGTGGAGAATAAATCCAGGGATGAAATTGT	77778138	77778314	-176	77817618	-39480	77778194	-120	-39424
ENSMUST00000092887	CGACTGGTGGAGATTAATGGACAGAATGTGGAGAATAAATCCAGGGATGAAATTGT	77778138	77817706	-39568	77818101	-39963	77778194	-39512	-39907
ENSMUST00000092887	CGACTGGTGGAGATTAATGGACAGAATGTGGAGAATAAATCCAGGGATGAAATTGT	77778138	77821186	-43048	77823275	-45137	77778194	-42992	-45081
ENSMUST00000092887	CGACTGGTGGAGATTAATGGACAGAATGTGGAGAATAAATCCAGGGATGAAATTGT	77778138	77845808	-67670	77846890	-68752	77778194	-67614	-68696
ENSMUST00000092887	CGACTGGTGGAGATTAATGGACAGAATGTGGAGAATAAATCCAGGGATGAAATTGT	77778138	77853891	-75753	77857722	-79584	77778194	-75697	-79528
ENSMUST00000092887	CGACTGGTGGAGATTAATGGACAGAATGTGGAGAATAAATCCAGGGATGAAATTGT	77778138	77853891	-75753	77864690	-86552	77778194	-75697	-86496
ENSMUST00000071325	CTGGCCTCAAGGGCAGCAAAAGGCTCATTTTCATCGACTGTCCTGGGAAGCTGGCT	79535896	79418683	117213	79428577	107319	79535952	117269	107375
ENSMUST00000071325	CTGGCCTCAAGGGCAGCAAAAGGCTCATTTTCATCGACTGTCCTGGGAAGCTGGCT	79535896	79458906	76990	79468716	67180	79535952	77046	67236
ENSMUST00000071325	CTGGCCTCAAGGGCAGCAAAAGGCTCATTTTCATCGACTGTCCTGGGAAGCTGGCT	79535896	79458906	76990	79468716	67180	79535952	77046	67236
ENSMUST00000071325	CTGGCCTCAAGGGCAGCAAAAGGCTCATTTTCATCGACTGTCCTGGGAAGCTGGCT	79535896	79463295	72601	79468716	67180	79535952	72657	67236
ENSMUST00000071325	CTGGCCTCAAGGGCAGCAAAAGGCTCATTTTCATCGACTGTCCTGGGAAGCTGGCT	79535896	79475883	60013	79545353	-9457	79535952	60069	-9401
ENSMUST00000071325	CTGGCCTCAAGGGCAGCAAAAGGCTCATTTTCATCGACTGTCCTGGGAAGCTGGCT	79535896	79546412	-10516	79547667	-11771	79535952	-10460	-11715
ENSMUST00000071325	CTGGCCTCAAGGGCAGCAAAAGGCTCATTTTCATCGACTGTCCTGGGAAGCTGGCT	79535896	79553997	-18101	79556698	-20802	79535952	-18045	-20746
ENSMUST00000071325	CTGGCCTCAAGGGCAGCAAAAGGCTCATTTTCATCGACTGTCCTGGGAAGCTGGCT	79535896	79553997	-18101	79559404	-23508	79535952	-18045	-23452
ENSMUST00000071325	CTGGCCTCAAGGGCAGCAAAAGGCTCATTTTCATCGACTGTCCTGGGAAGCTGGCT	79535896	79569170	-33274	79578253	-42357	79535952	-33218	-42301
ENSMUST00000239120	ACTCCTGGCTGCTTGCAAATCCCTGCCTAGCTCGCCAAGCCATTCAGCTGCATCTA	127085594	127085660	-66	127087233	-1639	127085650	-10	-1583
ENSMUST00000239120	ACTCCTGGCTGCTTGCAAATCCCTGCCTAGCTCGCCAAGCCATTCAGCTGCATCTA	127085594	127088047	-2453	127089229	-3635	127085650	-2397	-3579
ENSMUST00000239120	ACTCCTGGCTGCTTGCAAATCCCTGCCTAGCTCGCCAAGCCATTCAGCTGCATCTA	127085594	127089358	-3764	127090426	-4832	127085650	-3708	-4776
ENSMUST00000071370	AGAGTATTCTGTAGGCTGCCGGAGGGAGTGGATTTTGCAGCGCCTAGCGGGAGTGA	84445628	84448653	-3025	84477514	-31886	84445684	-2969	-31830
ENSMUST00000071370	AGAGTATTCTGTAGGCTGCCGGAGGGAGTGGATTTTGCAGCGCCTAGCGGGAGTGA	84445628	84448653	-3025	84532874	-87246	84445684	-2969	-87190
ENSMUST00000097822	ACAGAAGTCAAGATTGACCTGCCTCTGCCCATCGTGGCCTCTAACCTGATGATCGA	139457654	139397212	60442	139399561	58093	139457710	60498	58149
ENSMUST00000097822	ACAGAAGTCAAGATTGACCTGCCTCTGCCCATCGTGGCCTCTAACCTGATGATCGA	139457654	139397484	60170	139399796	57858	139457710	60226	57914
ENSMUST00000097822	ACAGAAGTCAAGATTGACCTGCCTCTGCCCATCGTGGCCTCTAACCTGATGATCGA	139457654	139399661	57993	139400324	57330	139457710	58049	57386
ENSMUST00000097822	ACAGAAGTCAAGATTGACCTGCCTCTGCCCATCGTGGCCTCTAACCTGATGATCGA	139457654	139421378	36276	139422392	35262	139457710	36332	35318
ENSMUST00000097822	ACAGAAGTCAAGATTGACCTGCCTCTGCCCATCGTGGCCTCTAACCTGATGATCGA	139457654	139428691	28963	139430123	27531	139457710	29019	27587
ENSMUST00000097822	ACAGAAGTCAAGATTGACCTGCCTCTGCCCATCGTGGCCTCTAACCTGATGATCGA	139457654	139431761	25893	139433619	24035	139457710	25949	24091
ENSMUST00000097822	ACAGAAGTCAAGATTGACCTGCCTCTGCCCATCGTGGCCTCTAACCTGATGATCGA	139457654	139435184	22470	139436121	21533	139457710	22526	21589
ENSMUST00000097822	ACAGAAGTCAAGATTGACCTGCCTCTGCCCATCGTGGCCTCTAACCTGATGATCGA	139457654	139438161	19493	139440644	17010	139457710	19549	17066
ENSMUST00000097822	ACAGAAGTCAAGATTGACCTGCCTCTGCCCATCGTGGCCTCTAACCTGATGATCGA	139457654	139438161	19493	139442685	14969	139457710	19549	15025
ENSMUST00000097822	ACAGAAGTCAAGATTGACCTGCCTCTGCCCATCGTGGCCTCTAACCTGATGATCGA	139457654	139440822	16832	139442685	14969	139457710	16888	15025
ENSMUST00000097822	ACAGAAGTCAAGATTGACCTGCCTCTGCCCATCGTGGCCTCTAACCTGATGATCGA	139457654	139451324	6330	139452570	5084	139457710	6386	5140
ENSMUST00000097822	ACAGAAGTCAAGATTGACCTGCCTCTGCCCATCGTGGCCTCTAACCTGATGATCGA	139457654	139454057	3597	139455447	2207	139457710	3653	2263
ENSMUST00000025830	ATCTCAGCCAATGACTGAGGTGGACCTGTTCATCTCTACCCAGAGGATCAAAGTAC	23933720	23917698	16022	23933699	21	23933776	16078	77
ENSMUST00000025830	ATCTCAGCCAATGACTGAGGTGGACCTGTTCATCTCTACCCAGAGGATCAAAGTAC	23933720	23917698	16022	23933699	21	23933776	16078	77
ENSMUST00000199300	AGCCTGCATCGCATACATTCGGCTCACACAGTACATGGACGGAAGCGGGATGCCAAA	126840226	126599160	241066	126729406	110820	126840283	241123	110877
ENSMUST00000199300	AGCCTGCATCGCATACATTCGGCTCACACAGTACATGGACGGAAGCGGGATGCCAAA	126840226	126684719	155507	126767513	72713	126840283	155564	72770
ENSMUST00000199300	AGCCTGCATCGCATACATTCGGCTCACACAGTACATGGACGGAAGCGGGATGCCAAA	126840226	126767579	72647	126771773	68453	126840283	72704	68510
ENSMUST00000199300	AGCCTGCATCGCATACATTCGGCTCACACAGTACATGGACGGAAGCGGGATGCCAAA	126840226	126767579	72647	126780359	59867	126840283	72704	59924
ENSMUST00000199300	AGCCTGCATCGCATACATTCGGCTCACACAGTACATGGACGGAAGCGGGATGCCAAA	126840226	126767579	72647	126780359	59867	126840283	72704	59924
ENSMUST00000199300	AGCCTGCATCGCATACATTCGGCTCACACAGTACATGGACGGAAGCGGGATGCCAAA	126840226	126767579	72647	126780359	59867	126840283	72704	59924
ENSMUST00000199300	AGCCTGCATCGCATACATTCGGCTCACACAGTACATGGACGGAAGCGGGATGCCAAA	126840226	126770857	69369	126779900	60326	126840283	69426	60383
ENSMUST00000199300	AGCCTGCATCGCATACATTCGGCTCACACAGTACATGGACGGAAGCGGGATGCCAAA	126840226	126770857	69369	126780359	59867	126840283	69426	59924
ENSMUST00000199300	AGCCTGCATCGCATACATTCGGCTCACACAGTACATGGACGGAAGCGGGATGCCAAA	126840226	126770857	69369	126780359	59867	126840283	69426	59924
ENSMUST00000199300	AGCCTGCATCGCATACATTCGGCTCACACAGTACATGGACGGAAGCGGGATGCCAAA	126840226	126771846	68380	126780359	59867	126840283	68437	59924
ENSMUST00000199300	AGCCTGCATCGCATACATTCGGCTCACACAGTACATGGACGGAAGCGGGATGCCAAA	126840226	126770857	69369	126780359	59867	126840283	69426	59924
ENSMUST00000199300	AGCCTGCATCGCATACATTCGGCTCACACAGTACATGGACGGAAGCGGGATGCCAAA	126840226	126801761	38465	126810638	29588	126840283	38522	29645
ENSMUST00000199300	AGCCTGCATCGCATACATTCGGCTCACACAGTACATGGACGGAAGCGGGATGCCAAA	126840226	126801761	38465	126808207	32019	126840283	38522	32076
ENSMUST00000199300	AGCCTGCATCGCATACATTCGGCTCACACAGTACATGGACGGAAGCGGGATGCCAAA	126840226	126801761	38465	126810638	29588	126840283	38522	29645
ENSMUST00000199300	AGCCTGCATCGCATACATTCGGCTCACACAGTACATGGACGGAAGCGGGATGCCAAA	126840226	126802969	37257	126810638	29588	126840283	37314	29645
ENSMUST00000199300	AGCCTGCATCGCATACATTCGGCTCACACAGTACATGGACGGAAGCGGGATGCCAAA	126840226	126801761	38465	126810638	29588	126840283	38522	29645
ENSMUST00000199300	AGCCTGCATCGCATACATTCGGCTCACACAGTACATGGACGGAAGCGGGATGCCAAA	126840226	126805916	34310	126810638	29588	126840283	34367	29645
ENSMUST00000199300	AGCCTGCATCGCATACATTCGGCTCACACAGTACATGGACGGAAGCGGGATGCCAAA	126840226	126840365	-139	126842757	-2531	126840283	-82	-2474
ENSMUST00000107866	TGTATTTCCGCTCTGGAGCACCTCCCGTCATCAATCCGCTGCACACACACTTCCCAG	43674438	43669172	5266	43673899	539	43674495	5323	596
ENSMUST00000107866	TGTATTTCCGCTCTGGAGCACCTCCCGTCATCAATCCGCTGCACACACACTTCCCAG	43674438	43670034	4404	43674436	2	43674495	4461	59
ENSMUST00000107866	TGTATTTCCGCTCTGGAGCACCTCCCGTCATCAATCCGCTGCACACACACTTCCCAG	43674438	43670034	4404	43680658	-6220	43674495	4461	-6163
ENSMUST00000107866	TGTATTTCCGCTCTGGAGCACCTCCCGTCATCAATCCGCTGCACACACACTTCCCAG	43674438	43680792	-6354	43681958	-7520	43674495	-6297	-7463
ENSMUST00000107866	TGTATTTCCGCTCTGGAGCACCTCCCGTCATCAATCCGCTGCACACACACTTCCCAG	43674438	43685390	-10952	43685727	-11289	43674495	-10895	-11232
ENSMUST00000107866	TGTATTTCCGCTCTGGAGCACCTCCCGTCATCAATCCGCTGCACACACACTTCCCAG	43674438	43689573	-15135	43690026	-15588	43674495	-15078	-15531
ENSMUST00000112224	TATCAACTATCTAAAACCTAACTGCAAATTGACCACAGACCTCTGACCTTCTACTTT	166387998	166239136	148862	166367027	20971	166388055	148919	21028
ENSMUST00000112224	TATCAACTATCTAAAACCTAACTGCAAATTGACCACAGACCTCTGACCTTCTACTTT	166387998	166239136	148862	166372637	15361	166388055	148919	15418
ENSMUST00000112224	TATCAACTATCTAAAACCTAACTGCAAATTGACCACAGACCTCTGACCTTCTACTTT	166387998	166345081	42917	166367027	20971	166388055	42974	21028
ENSMUST00000112224	TATCAACTATCTAAAACCTAACTGCAAATTGACCACAGACCTCTGACCTTCTACTTT	166387998	166345081	42917	166372637	15361	166388055	42974	15418
ENSMUST00000112224	TATCAACTATCTAAAACCTAACTGCAAATTGACCACAGACCTCTGACCTTCTACTTT	166387998	166239136	148862	166372637	15361	166388055	148919	15418
ENSMUST00000112224	TATCAACTATCTAAAACCTAACTGCAAATTGACCACAGACCTCTGACCTTCTACTTT	166387998	166345081	42917	166372637	15361	166388055	42974	15418
ENSMUST00000112224	TATCAACTATCTAAAACCTAACTGCAAATTGACCACAGACCTCTGACCTTCTACTTT	166387998	166353684	34314	166372637	15361	166388055	34371	15418
ENSMUST00000112224	TATCAACTATCTAAAACCTAACTGCAAATTGACCACAGACCTCTGACCTTCTACTTT	166387998	166239136	148862	166375632	12366	166388055	148919	12423
ENSMUST00000112224	TATCAACTATCTAAAACCTAACTGCAAATTGACCACAGACCTCTGACCTTCTACTTT	166387998	166375789	12209	166382448	5550	166388055	12266	5607
ENSMUST00000112224	TATCAACTATCTAAAACCTAACTGCAAATTGACCACAGACCTCTGACCTTCTACTTT	166387998	166380159	7839	166383934	4064	166388055	7896	4121
ENSMUST00000112224	TATCAACTATCTAAAACCTAACTGCAAATTGACCACAGACCTCTGACCTTCTACTTT	166387998	166382522	5476	166385390	2608	166388055	5533	2665
ENSMUST00000112224	TATCAACTATCTAAAACCTAACTGCAAATTGACCACAGACCTCTGACCTTCTACTTT	166387998	166382522	5476	166386951	1047	166388055	5533	1104
ENSMUST00000112224	TATCAACTATCTAAAACCTAACTGCAAATTGACCACAGACCTCTGACCTTCTACTTT	166387998	166382522	5476	166386951	1047	166388055	5533	1104
ENSMUST00000112224	TATCAACTATCTAAAACCTAACTGCAAATTGACCACAGACCTCTGACCTTCTACTTT	166387998	166384000	3998	166386951	1047	166388055	4055	1104
ENSMUST00000061352	GCTCGCACCGCCGACTCTCCGCTCGTTCGCCGCCAGCCACGACGCCCCCGCCGAGCC	52048326	52067444	-19118	52068806	-20480	52048383	-19061	-20423
ENSMUST00000023776	AGCTCACTTGCCCACTGCAGCTCCCCCTGCATGGCGTTCACCGTCCCTTGGAGGAAA	100822700	100761974	60726	100782945	39755	100822757	60783	39812
ENSMUST00000023776	AGCTCACTTGCCCACTGCAGCTCCCCCTGCATGGCGTTCACCGTCCCTTGGAGGAAA	100822700	100791697	31003	100796504	26196	100822757	31060	26253
ENSMUST00000023776	AGCTCACTTGCCCACTGCAGCTCCCCCTGCATGGCGTTCACCGTCCCTTGGAGGAAA	100822700	100796638	26062	100799646	23054	100822757	26119	23111
ENSMUST00000023776	AGCTCACTTGCCCACTGCAGCTCCCCCTGCATGGCGTTCACCGTCCCTTGGAGGAAA	100822700	100806411	16289	100809294	13406	100822757	16346	13463
ENSMUST00000027521	CTTTCGTGAACAGCCAGGAATGGACACTCAGCCGATCGGTACCGGAGCTCAAAGTGG	89604602	89609583	-4981	89663660	-59058	89609499	-84	-54161
ENSMUST00000027521	CTTTCGTGAACAGCCAGGAATGGACACTCAGCCGATCGGTACCGGAGCTCAAAGTGG	89604602	89671271	-66669	89766305	-161703	89609499	-61772	-156806
ENSMUST00000027521	CTTTCGTGAACAGCCAGGAATGGACACTCAGCCGATCGGTACCGGAGCTCAAAGTGG	89604602	89726065	-121463	89766305	-161703	89609499	-116566	-156806
ENSMUST00000027521	CTTTCGTGAACAGCCAGGAATGGACACTCAGCCGATCGGTACCGGAGCTCAAAGTGG	89604602	89743896	-139294	89789162	-184560	89609499	-134397	-179663
ENSMUST00000027521	CTTTCGTGAACAGCCAGGAATGGACACTCAGCCGATCGGTACCGGAGCTCAAAGTGG	89604602	89743896	-139294	89834433	-229831	89609499	-134397	-224934
ENSMUST00000027521	CTTTCGTGAACAGCCAGGAATGGACACTCAGCCGATCGGTACCGGAGCTCAAAGTGG	89604602	89743896	-139294	89834433	-229831	89609499	-134397	-224934
ENSMUST00000027521	CTTTCGTGAACAGCCAGGAATGGACACTCAGCCGATCGGTACCGGAGCTCAAAGTGG	89604602	89766464	-161862	89834433	-229831	89609499	-156965	-224934
ENSMUST00000046515	AGCTGTGCACAACAATGGCTGAGGAGCTGAACGCCGTCATCGTTTCTATTGAATACA	27226093	27222896	3197	27239531	-13438	27239540	16644	9
ENSMUST00000208651	ATCCTTCGTATCTTCAAGCTGACCCGTCACTTCGTGGGGCTGCGTGTGCTGGGCCAC	44595552	44598575	-3023	44601868	-6316	44595609	-2966	-6259
ENSMUST00000024627	ATGCACTCAGACCATCGCTCAAGCTCCGAGCACACACATCATAAATCCTCCAGGGATT	15770140	15765021	5119	15767449	2691	15770198	5177	2749
ENSMUST00000024627	ATGCACTCAGACCATCGCTCAAGCTCCGAGCACACACATCATAAATCCTCCAGGGATT	15770140	15765021	5119	15767449	2691	15770198	5177	2749
ENSMUST00000220055	CGCTGAGGAGCTGAGGGCTGTTTCTGTCGCCAGGGAGCAGGAATACCAGGCCTTCCTT	127166821	127167105	-284	127167700	-879	127166879	-226	-821
ENSMUST00000220055	CGCTGAGGAGCTGAGGGCTGTTTCTGTCGCCAGGGAGCAGGAATACCAGGCCTTCCTT	127166821	127167105	-284	127169743	-2922	127166879	-226	-2864
ENSMUST00000220055	CGCTGAGGAGCTGAGGGCTGTTTCTGTCGCCAGGGAGCAGGAATACCAGGCCTTCCTT	127166821	127167105	-284	127169743	-2922	127166879	-226	-2864
ENSMUST00000220055	CGCTGAGGAGCTGAGGGCTGTTTCTGTCGCCAGGGAGCAGGAATACCAGGCCTTCCTT	127166821	127167542	-721	127169743	-2922	127166879	-663	-2864
ENSMUST00000220055	CGCTGAGGAGCTGAGGGCTGTTTCTGTCGCCAGGGAGCAGGAATACCAGGCCTTCCTT	127166821	127167542	-721	127169977	-3156	127166879	-663	-3098
ENSMUST00000220055	CGCTGAGGAGCTGAGGGCTGTTTCTGTCGCCAGGGAGCAGGAATACCAGGCCTTCCTT	127166821	127167542	-721	127169977	-3156	127166879	-663	-3098
ENSMUST00000220055	CGCTGAGGAGCTGAGGGCTGTTTCTGTCGCCAGGGAGCAGGAATACCAGGCCTTCCTT	127166821	127167881	-1060	127169977	-3156	127166879	-1002	-3098
ENSMUST00000220055	CGCTGAGGAGCTGAGGGCTGTTTCTGTCGCCAGGGAGCAGGAATACCAGGCCTTCCTT	127166821	127167881	-1060	127170590	-3769	127166879	-1002	-3711
ENSMUST00000220055	CGCTGAGGAGCTGAGGGCTGTTTCTGTCGCCAGGGAGCAGGAATACCAGGCCTTCCTT	127166821	127170731	-3910	127171615	-4794	127166879	-3852	-4736
ENSMUST00000039259	GCTTTGGGCTGTCTGTGTCAGTGGTTTCCGGTCTTTTTTTTTTTTTTTTTTTTTTTTT	127092996	127085660	7336	127087233	5763	127093054	7394	5821
ENSMUST00000039259	GCTTTGGGCTGTCTGTGTCAGTGGTTTCCGGTCTTTTTTTTTTTTTTTTTTTTTTTTT	127092996	127088047	4949	127089229	3767	127093054	5007	3825
ENSMUST00000039259	GCTTTGGGCTGTCTGTGTCAGTGGTTTCCGGTCTTTTTTTTTTTTTTTTTTTTTTTTT	127092996	127089358	3638	127090426	2570	127093054	3696	2628
ENSMUST00000039259	GCTTTGGGCTGTCTGTGTCAGTGGTTTCCGGTCTTTTTTTTTTTTTTTTTTTTTTTTT	127092996	127085660	7336	127087233	5763	127093054	7394	5821
ENSMUST00000039259	GCTTTGGGCTGTCTGTGTCAGTGGTTTCCGGTCTTTTTTTTTTTTTTTTTTTTTTTTT	127092996	127088047	4949	127089229	3767	127093054	5007	3825
ENSMUST00000039259	GCTTTGGGCTGTCTGTGTCAGTGGTTTCCGGTCTTTTTTTTTTTTTTTTTTTTTTTTT	127092996	127089358	3638	127090426	2570	127093054	3696	2628
ENSMUST00000142890	ATTAATTAAACACTCCCTCACCCCACCGCACCAAACCAGTTGGGTTCTTCTGATATTC	138903117	138742660	160457	138868345	34772	138903175	160515	34830
ENSMUST00000142890	ATTAATTAAACACTCCCTCACCCCACCGCACCAAACCAGTTGGGTTCTTCTGATATTC	138903117	138778378	124739	138868345	34772	138903175	124797	34830
ENSMUST00000142890	ATTAATTAAACACTCCCTCACCCCACCGCACCAAACCAGTTGGGTTCTTCTGATATTC	138903117	138742660	160457	138890734	12383	138903175	160515	12441
ENSMUST00000142890	ATTAATTAAACACTCCCTCACCCCACCGCACCAAACCAGTTGGGTTCTTCTGATATTC	138903117	138868396	34721	138894347	8770	138903175	34779	8828
ENSMUST00000142890	ATTAATTAAACACTCCCTCACCCCACCGCACCAAACCAGTTGGGTTCTTCTGATATTC	138903117	138890881	12236	138896788	6329	138903175	12294	6387
ENSMUST00000142890	ATTAATTAAACACTCCCTCACCCCACCGCACCAAACCAGTTGGGTTCTTCTGATATTC	138903117	138890881	12236	138896852	6265	138903175	12294	6323
ENSMUST00000142890	ATTAATTAAACACTCCCTCACCCCACCGCACCAAACCAGTTGGGTTCTTCTGATATTC	138903117	138894518	8599	138898112	5005	138903175	8657	5063
ENSMUST00000142890	ATTAATTAAACACTCCCTCACCCCACCGCACCAAACCAGTTGGGTTCTTCTGATATTC	138903117	138894518	8599	138898112	5005	138903175	8657	5063
ENSMUST00000142890	ATTAATTAAACACTCCCTCACCCCACCGCACCAAACCAGTTGGGTTCTTCTGATATTC	138903117	138898160	4957	138902378	739	138903175	5015	797
ENSMUST00000028081	AGCTGGTGCATTCCCGGCTCTACTCTCCGGAGCTGCCCATCCCTCCGGCTGCGGGCGA	16356486	16357237	-751	16548116	-191630	16356544	-693	-191572
ENSMUST00000028081	AGCTGGTGCATTCCCGGCTCTACTCTCCGGAGCTGCCCATCCCTCCGGCTGCGGGCGA	16356486	16357237	-751	16638586	-282100	16356544	-693	-282042
ENSMUST00000028081	AGCTGGTGCATTCCCGGCTCTACTCTCCGGAGCTGCCCATCCCTCCGGCTGCGGGCGA	16356486	16512233	-155747	16565335	-208849	16356544	-155689	-208791
ENSMUST00000028081	AGCTGGTGCATTCCCGGCTCTACTCTCCGGAGCTGCCCATCCCTCCGGCTGCGGGCGA	16356486	16548263	-191777	16638586	-282100	16356544	-191719	-282042
ENSMUST00000028081	AGCTGGTGCATTCCCGGCTCTACTCTCCGGAGCTGCCCATCCCTCCGGCTGCGGGCGA	16356486	16713708	-357222	16751190	-394704	16356544	-357164	-394646
ENSMUST00000186360	TATCCTGGTGGGCCACTGCCTGACTTCCCTAATCACTCACTCACCCTCAAAAAGGACA	74586950	74543362	43588	74544276	42674	74587008	43646	42732
ENSMUST00000186360	TATCCTGGTGGGCCACTGCCTGACTTCCCTAATCACTCACTCACCCTCAAAAAGGACA	74586950	74550057	36893	74569868	17082	74587008	36951	17140
ENSMUST00000186360	TATCCTGGTGGGCCACTGCCTGACTTCCCTAATCACTCACTCACCCTCAAAAAGGACA	74586950	74569972	16978	74580564	6386	74587008	17036	6444
ENSMUST00000186360	TATCCTGGTGGGCCACTGCCTGACTTCCCTAATCACTCACTCACCCTCAAAAAGGACA	74586950	74571515	15435	74572806	14144	74587008	15493	14202
ENSMUST00000186360	TATCCTGGTGGGCCACTGCCTGACTTCCCTAATCACTCACTCACCCTCAAAAAGGACA	74586950	74574168	12782	74580564	6386	74587008	12840	6444
ENSMUST00000186360	TATCCTGGTGGGCCACTGCCTGACTTCCCTAATCACTCACTCACCCTCAAAAAGGACA	74586950	74574168	12782	74580664	6286	74587008	12840	6344
ENSMUST00000186360	TATCCTGGTGGGCCACTGCCTGACTTCCCTAATCACTCACTCACCCTCAAAAAGGACA	74586950	74575924	11026	74580564	6386	74587008	11084	6444
ENSMUST00000186360	TATCCTGGTGGGCCACTGCCTGACTTCCCTAATCACTCACTCACCCTCAAAAAGGACA	74586950	74575924	11026	74580664	6286	74587008	11084	6344
ENSMUST00000186360	TATCCTGGTGGGCCACTGCCTGACTTCCCTAATCACTCACTCACCCTCAAAAAGGACA	74586950	74580736	6214	74584377	2573	74587008	6272	2631
ENSMUST00000186360	TATCCTGGTGGGCCACTGCCTGACTTCCCTAATCACTCACTCACCCTCAAAAAGGACA	74586950	74582987	3963	74586756	194	74587008	4021	252
ENSMUST00000186360	TATCCTGGTGGGCCACTGCCTGACTTCCCTAATCACTCACTCACCCTCAAAAAGGACA	74586950	74582987	3963	74586756	194	74587008	4021	252
ENSMUST00000054955	AACTGCCACCACATGTGCGCATCTGGGACTCTGTGACACTGAACACTCTGCATGTCAT	108511830	108423261	88569	108471852	39978	108511888	88627	40036
ENSMUST00000054955	AACTGCCACCACATGTGCGCATCTGGGACTCTGTGACACTGAACACTCTGCATGTCAT	108511830	108471985	39845	108502389	9441	108511888	39903	9499
ENSMUST00000054955	AACTGCCACCACATGTGCGCATCTGGGACTCTGTGACACTGAACACTCTGCATGTCAT	108511830	108502418	9412	108506478	5352	108511888	9470	5410
ENSMUST00000054955	AACTGCCACCACATGTGCGCATCTGGGACTCTGTGACACTGAACACTCTGCATGTCAT	108511830	108509235	2595	108511820	10	108511888	2653	68
ENSMUST00000054955	AACTGCCACCACATGTGCGCATCTGGGACTCTGTGACACTGAACACTCTGCATGTCAT	108511830	108509235	2595	108512974	-1144	108511888	2653	-1086
ENSMUST00000054955	AACTGCCACCACATGTGCGCATCTGGGACTCTGTGACACTGAACACTCTGCATGTCAT	108511830	108534952	-23122	108537333	-25503	108511888	-23064	-25445
ENSMUST00000043654	AGAAAATTCACGAGGACATCTTTGACATTATAGACCGAGAAGCAGATGGAAGTGACAG	101157459	101156168	1291	101156752	707	101157517	1349	765
ENSMUST00000043654	AGAAAATTCACGAGGACATCTTTGACATTATAGACCGAGAAGCAGATGGAAGTGACAG	101157459	101157862	-403	101160056	-2597	101157517	-345	-2539
ENSMUST00000000449	TTTTTTTTTTTTTCCTTGCCAAGACATCGCCAGCCCTGTAGAAGGCTCCTCTGCAGTG	115618057	115610700	7357	115613326	4731	115618115	7415	4789
ENSMUST00000114013	ATATTACAAAAATGGTACTGTCATGGCCCCTGACCTGCCCGAGATGCTAGATCTGGCA	66414346	66175495	238851	66251661	162685	66414404	238909	162743
ENSMUST00000114013	ATATTACAAAAATGGTACTGTCATGGCCCCTGACCTGCCCGAGATGCTAGATCTGGCA	66414346	66175698	238648	66251661	162685	66414404	238706	162743
ENSMUST00000114013	ATATTACAAAAATGGTACTGTCATGGCCCCTGACCTGCCCGAGATGCTAGATCTGGCA	66414346	66175495	238851	66322403	91943	66414404	238909	92001
ENSMUST00000114013	ATATTACAAAAATGGTACTGTCATGGCCCCTGACCTGCCCGAGATGCTAGATCTGGCA	66414346	66175495	238851	66362202	52144	66414404	238909	52202
ENSMUST00000114013	ATATTACAAAAATGGTACTGTCATGGCCCCTGACCTGCCCGAGATGCTAGATCTGGCA	66414346	66175495	238851	66362202	52144	66414404	238909	52202
ENSMUST00000114013	ATATTACAAAAATGGTACTGTCATGGCCCCTGACCTGCCCGAGATGCTAGATCTGGCA	66414346	66251712	162634	66362202	52144	66414404	162692	52202
ENSMUST00000114013	ATATTACAAAAATGGTACTGTCATGGCCCCTGACCTGCCCGAGATGCTAGATCTGGCA	66414346	66251712	162634	66380488	33858	66414404	162692	33916
ENSMUST00000114013	ATATTACAAAAATGGTACTGTCATGGCCCCTGACCTGCCCGAGATGCTAGATCTGGCA	66414346	66322334	92012	66362202	52144	66414404	92070	52202
ENSMUST00000114013	ATATTACAAAAATGGTACTGTCATGGCCCCTGACCTGCCCGAGATGCTAGATCTGGCA	66414346	66251712	162634	66380488	33858	66414404	162692	33916
ENSMUST00000114013	ATATTACAAAAATGGTACTGTCATGGCCCCTGACCTGCCCGAGATGCTAGATCTGGCA	66414346	66322468	91878	66380488	33858	66414404	91936	33916
ENSMUST00000114013	ATATTACAAAAATGGTACTGTCATGGCCCCTGACCTGCCCGAGATGCTAGATCTGGCA	66414346	66322468	91878	66399388	14958	66414404	91936	15016
ENSMUST00000114013	ATATTACAAAAATGGTACTGTCATGGCCCCTGACCTGCCCGAGATGCTAGATCTGGCA	66414346	66322468	91878	66399388	14958	66414404	91936	15016
ENSMUST00000114013	ATATTACAAAAATGGTACTGTCATGGCCCCTGACCTGCCCGAGATGCTAGATCTGGCA	66414346	66362280	52066	66399388	14958	66414404	52124	15016
ENSMUST00000114013	ATATTACAAAAATGGTACTGTCATGGCCCCTGACCTGCCCGAGATGCTAGATCTGGCA	66414346	66401521	12825	66412406	1940	66414404	12883	1998
ENSMUST00000114013	ATATTACAAAAATGGTACTGTCATGGCCCCTGACCTGCCCGAGATGCTAGATCTGGCA	66414346	66401521	12825	66416343	-1997	66414404	12883	-1939
ENSMUST00000114013	ATATTACAAAAATGGTACTGTCATGGCCCCTGACCTGCCCGAGATGCTAGATCTGGCA	66414346	66401521	12825	66416731	-2385	66414404	12883	-2327
ENSMUST00000114013	ATATTACAAAAATGGTACTGTCATGGCCCCTGACCTGCCCGAGATGCTAGATCTGGCA	66414346	66401521	12825	66416731	-2385	66414404	12883	-2327
ENSMUST00000114013	ATATTACAAAAATGGTACTGTCATGGCCCCTGACCTGCCCGAGATGCTAGATCTGGCA	66414346	66401521	12825	66420134	-5788	66414404	12883	-5730
ENSMUST00000114013	ATATTACAAAAATGGTACTGTCATGGCCCCTGACCTGCCCGAGATGCTAGATCTGGCA	66414346	66416147	-1801	66416731	-2385	66414404	-1743	-2327
ENSMUST00000114013	ATATTACAAAAATGGTACTGTCATGGCCCCTGACCTGCCCGAGATGCTAGATCTGGCA	66414346	66401521	12825	66420134	-5788	66414404	12883	-5730
ENSMUST00000114013	ATATTACAAAAATGGTACTGTCATGGCCCCTGACCTGCCCGAGATGCTAGATCTGGCA	66414346	66416550	-2204	66420134	-5788	66414404	-2146	-5730
ENSMUST00000114013	ATATTACAAAAATGGTACTGTCATGGCCCCTGACCTGCCCGAGATGCTAGATCTGGCA	66414346	66425528	-11182	66433513	-19167	66414404	-11124	-19109
ENSMUST00000174008	ATTTGAACTTCTTGATAGAATTCTACCCAAACTCCGTGCAACGAACCATAAAGTGCTC	21673220	21616400	56820	21634749	38471	21673278	56878	38529
ENSMUST00000174008	ATTTGAACTTCTTGATAGAATTCTACCCAAACTCCGTGCAACGAACCATAAAGTGCTC	21673220	21616400	56820	21635535	37685	21673278	56878	37743
ENSMUST00000174008	ATTTGAACTTCTTGATAGAATTCTACCCAAACTCCGTGCAACGAACCATAAAGTGCTC	21673220	21647675	25545	21658825	14395	21673278	25603	14453
ENSMUST00000174008	ATTTGAACTTCTTGATAGAATTCTACCCAAACTCCGTGCAACGAACCATAAAGTGCTC	21673220	21664915	8305	21667165	6055	21673278	8363	6113
ENSMUST00000174008	ATTTGAACTTCTTGATAGAATTCTACCCAAACTCCGTGCAACGAACCATAAAGTGCTC	21673220	21669048	4172	21670483	2737	21673278	4230	2795
ENSMUST00000174008	ATTTGAACTTCTTGATAGAATTCTACCCAAACTCCGTGCAACGAACCATAAAGTGCTC	21673220	21670570	2650	21673169	51	21673278	2708	109
ENSMUST00000174008	ATTTGAACTTCTTGATAGAATTCTACCCAAACTCCGTGCAACGAACCATAAAGTGCTC	21673220	21677677	-4457	21678315	-5095	21673278	-4399	-5037
ENSMUST00000174008	ATTTGAACTTCTTGATAGAATTCTACCCAAACTCCGTGCAACGAACCATAAAGTGCTC	21673220	21679147	-5927	21699799	-26579	21673278	-5869	-26521
ENSMUST00000174008	ATTTGAACTTCTTGATAGAATTCTACCCAAACTCCGTGCAACGAACCATAAAGTGCTC	21673220	21679147	-5927	21699799	-26579	21673278	-5869	-26521
ENSMUST00000174008	ATTTGAACTTCTTGATAGAATTCTACCCAAACTCCGTGCAACGAACCATAAAGTGCTC	21673220	21679147	-5927	21699802	-26582	21673278	-5869	-26524
ENSMUST00000174008	ATTTGAACTTCTTGATAGAATTCTACCCAAACTCCGTGCAACGAACCATAAAGTGCTC	21673220	21616400	56820	21634749	38471	21673278	56878	38529
ENSMUST00000174008	ATTTGAACTTCTTGATAGAATTCTACCCAAACTCCGTGCAACGAACCATAAAGTGCTC	21673220	21616400	56820	21635535	37685	21673278	56878	37743
ENSMUST00000174008	ATTTGAACTTCTTGATAGAATTCTACCCAAACTCCGTGCAACGAACCATAAAGTGCTC	21673220	21647675	25545	21658825	14395	21673278	25603	14453
ENSMUST00000174008	ATTTGAACTTCTTGATAGAATTCTACCCAAACTCCGTGCAACGAACCATAAAGTGCTC	21673220	21664915	8305	21667165	6055	21673278	8363	6113
ENSMUST00000174008	ATTTGAACTTCTTGATAGAATTCTACCCAAACTCCGTGCAACGAACCATAAAGTGCTC	21673220	21669048	4172	21670483	2737	21673278	4230	2795
ENSMUST00000174008	ATTTGAACTTCTTGATAGAATTCTACCCAAACTCCGTGCAACGAACCATAAAGTGCTC	21673220	21670570	2650	21673169	51	21673278	2708	109
ENSMUST00000174008	ATTTGAACTTCTTGATAGAATTCTACCCAAACTCCGTGCAACGAACCATAAAGTGCTC	21673220	21677677	-4457	21678315	-5095	21673278	-4399	-5037
ENSMUST00000174008	ATTTGAACTTCTTGATAGAATTCTACCCAAACTCCGTGCAACGAACCATAAAGTGCTC	21673220	21679147	-5927	21699799	-26579	21673278	-5869	-26521
ENSMUST00000174008	ATTTGAACTTCTTGATAGAATTCTACCCAAACTCCGTGCAACGAACCATAAAGTGCTC	21673220	21679147	-5927	21699799	-26579	21673278	-5869	-26521
ENSMUST00000174008	ATTTGAACTTCTTGATAGAATTCTACCCAAACTCCGTGCAACGAACCATAAAGTGCTC	21673220	21679147	-5927	21699802	-26582	21673278	-5869	-26524
ENSMUST00000089461	CAAGGCCGCCCAGCTGCTGTGACTTAGATAATGAAAAGCTTCAACTCACCACCGTCATT	132305350	132263497	41853	132294383	10967	132305409	41912	11026
ENSMUST00000089461	CAAGGCCGCCCAGCTGCTGTGACTTAGATAATGAAAAGCTTCAACTCACCACCGTCATT	132305350	132300641	4709	132302079	3271	132305409	4768	3330
ENSMUST00000132615	ATGCAGCTCGGCCCGACTACATCGCTTCCAAGGCCTCCCCTACCTCGACTGAGGAGGAG	37378916	37358552	20364	37366162	12754	37378975	20423	12813
ENSMUST00000132615	ATGCAGCTCGGCCCGACTACATCGCTTCCAAGGCCTCCCCTACCTCGACTGAGGAGGAG	37378916	37372419	6497	37377577	1339	37378975	6556	1398
ENSMUST00000132615	ATGCAGCTCGGCCCGACTACATCGCTTCCAAGGCCTCCCCTACCTCGACTGAGGAGGAG	37378916	37372419	6497	37377577	1339	37378975	6556	1398
ENSMUST00000132615	ATGCAGCTCGGCCCGACTACATCGCTTCCAAGGCCTCCCCTACCTCGACTGAGGAGGAG	37378916	37380060	-1144	37387697	-8781	37378975	-1085	-8722
ENSMUST00000132615	ATGCAGCTCGGCCCGACTACATCGCTTCCAAGGCCTCCCCTACCTCGACTGAGGAGGAG	37378916	37380177	-1261	37387697	-8781	37378975	-1202	-8722
ENSMUST00000109485	TTCCCTGACCCTGTTACGGACTGTAAGCCTCCACCTCCTGCCCAGGAATTTCAGACAGC	158466860	158421029	45831	158430416	36444	158466919	45890	36503
ENSMUST00000109485	TTCCCTGACCCTGTTACGGACTGTAAGCCTCCACCTCCTGCCCAGGAATTTCAGACAGC	158466860	158437476	29384	158440769	26091	158466919	29443	26150
ENSMUST00000109485	TTCCCTGACCCTGTTACGGACTGTAAGCCTCCACCTCCTGCCCAGGAATTTCAGACAGC	158466860	158456602	10258	158464071	2789	158466919	10317	2848
ENSMUST00000109485	TTCCCTGACCCTGTTACGGACTGTAAGCCTCCACCTCCTGCCCAGGAATTTCAGACAGC	158466860	158465971	889	158473122	-6262	158466919	948	-6203
ENSMUST00000109485	TTCCCTGACCCTGTTACGGACTGTAAGCCTCCACCTCCTGCCCAGGAATTTCAGACAGC	158466860	158476270	-9410	158482364	-15504	158466919	-9351	-15445
ENSMUST00000109485	TTCCCTGACCCTGTTACGGACTGTAAGCCTCCACCTCCTGCCCAGGAATTTCAGACAGC	158466860	158477763	-10903	158492363	-25503	158466919	-10844	-25444
ENSMUST00000109485	TTCCCTGACCCTGTTACGGACTGTAAGCCTCCACCTCCTGCCCAGGAATTTCAGACAGC	158466860	158477763	-10903	158492934	-26074	158466919	-10844	-26015
ENSMUST00000030025	AGCTGCGAACTCAAGCCCTCCTGCCTGTACCAAATGCCGCCTTCTGGGCCTCGGCCTTT	48051451	48049128	2323	48051245	206	48051510	2382	265
ENSMUST00000027521	TTACATGATTACATGCAGAATGTCCACGGCAAAGAGATAGACCTCTTGAGGACCACTGT	89743732	89609583	134149	89663660	80072	89743791	134208	80131
ENSMUST00000027521	TTACATGATTACATGCAGAATGTCCACGGCAAAGAGATAGACCTCTTGAGGACCACTGT	89743732	89671271	72461	89766305	-22573	89743791	72520	-22514
ENSMUST00000027521	TTACATGATTACATGCAGAATGTCCACGGCAAAGAGATAGACCTCTTGAGGACCACTGT	89743732	89726065	17667	89766305	-22573	89743791	17726	-22514
ENSMUST00000027521	TTACATGATTACATGCAGAATGTCCACGGCAAAGAGATAGACCTCTTGAGGACCACTGT	89743732	89743896	-164	89789162	-45430	89743791	-105	-45371
ENSMUST00000027521	TTACATGATTACATGCAGAATGTCCACGGCAAAGAGATAGACCTCTTGAGGACCACTGT	89743732	89743896	-164	89834433	-90701	89743791	-105	-90642
ENSMUST00000027521	TTACATGATTACATGCAGAATGTCCACGGCAAAGAGATAGACCTCTTGAGGACCACTGT	89743732	89743896	-164	89834433	-90701	89743791	-105	-90642
ENSMUST00000027521	TTACATGATTACATGCAGAATGTCCACGGCAAAGAGATAGACCTCTTGAGGACCACTGT	89743732	89766464	-22732	89834433	-90701	89743791	-22673	-90642
ENSMUST00000123128	TCGAAACTCCCTTCACCTGCTTATGGAAACCCTTAATGCCACTACTCCTCACTATGTAC	75161449	75116296	45153	75122910	38539	75161508	45212	38598
ENSMUST00000123128	TCGAAACTCCCTTCACCTGCTTATGGAAACCCTTAATGCCACTACTCCTCACTATGTAC	75161449	75120844	40605	75129971	31478	75161508	40664	31537
ENSMUST00000123128	TCGAAACTCCCTTCACCTGCTTATGGAAACCCTTAATGCCACTACTCCTCACTATGTAC	75161449	75123055	38394	75136342	25107	75161508	38453	25166
ENSMUST00000123128	TCGAAACTCCCTTCACCTGCTTATGGAAACCCTTAATGCCACTACTCCTCACTATGTAC	75161449	75156265	5184	75164129	-2680	75161508	5243	-2621
ENSMUST00000123128	TCGAAACTCCCTTCACCTGCTTATGGAAACCCTTAATGCCACTACTCCTCACTATGTAC	75161449	75160579	870	75164129	-2680	75161508	929	-2621
ENSMUST00000123128	TCGAAACTCCCTTCACCTGCTTATGGAAACCCTTAATGCCACTACTCCTCACTATGTAC	75161449	75167230	-5781	75171538	-10089	75161508	-5722	-10030
ENSMUST00000123128	TCGAAACTCCCTTCACCTGCTTATGGAAACCCTTAATGCCACTACTCCTCACTATGTAC	75161449	75186122	-24673	75189899	-28450	75161508	-24614	-28391
ENSMUST00000123128	TCGAAACTCCCTTCACCTGCTTATGGAAACCCTTAATGCCACTACTCCTCACTATGTAC	75161449	75186122	-24673	75193938	-32489	75161508	-24614	-32430
ENSMUST00000123128	TCGAAACTCCCTTCACCTGCTTATGGAAACCCTTAATGCCACTACTCCTCACTATGTAC	75161449	75190000	-28551	75193938	-32489	75161508	-28492	-32430
ENSMUST00000123128	TCGAAACTCCCTTCACCTGCTTATGGAAACCCTTAATGCCACTACTCCTCACTATGTAC	75161449	75194137	-32688	75197642	-36193	75161508	-32629	-36134
ENSMUST00000123128	TCGAAACTCCCTTCACCTGCTTATGGAAACCCTTAATGCCACTACTCCTCACTATGTAC	75161449	75197736	-36287	75203707	-42258	75161508	-36228	-42199
ENSMUST00000105616	GTACTGCAAGGAGGCTGGATGCAAGATAGATACTATATTAAACTGTACTGTTATTTAAG	155559193	155491580	67613	155527412	31781	155559252	67672	31840
ENSMUST00000105616	GTACTGCAAGGAGGCTGGATGCAAGATAGATACTATATTAAACTGTACTGTTATTTAAG	155559193	155491580	67613	155533696	25497	155559252	67672	25556
ENSMUST00000105616	GTACTGCAAGGAGGCTGGATGCAAGATAGATACTATATTAAACTGTACTGTTATTTAAG	155559193	155491580	67613	155533696	25497	155559252	67672	25556
ENSMUST00000105616	GTACTGCAAGGAGGCTGGATGCAAGATAGATACTATATTAAACTGTACTGTTATTTAAG	155559193	155515679	43514	155533696	25497	155559252	43573	25556
ENSMUST00000105616	GTACTGCAAGGAGGCTGGATGCAAGATAGATACTATATTAAACTGTACTGTTATTTAAG	155559193	155491580	67613	155540555	18638	155559252	67672	18697
ENSMUST00000105616	GTACTGCAAGGAGGCTGGATGCAAGATAGATACTATATTAAACTGTACTGTTATTTAAG	155559193	155527509	31684	155535357	23836	155559252	31743	23895
ENSMUST00000105616	GTACTGCAAGGAGGCTGGATGCAAGATAGATACTATATTAAACTGTACTGTTATTTAAG	155559193	155533735	25458	155540555	18638	155559252	25517	18697
ENSMUST00000113913	ATTGCCCCCTTGGCAGAGAACGAGGGGCTGCCTGTGGCTGCACTGGAGGAGCTGGCCTT	83194538	83182769	11769	83183298	11240	83194680	11911	11382
ENSMUST00000113913	ATTGCCCCCTTGGCAGAGAACGAGGGGCTGCCTGTGGCTGCACTGGAGGAGCTGGCCTT	83194538	83183333	11205	83186427	8111	83194680	11347	8253
ENSMUST00000113913	ATTGCCCCCTTGGCAGAGAACGAGGGGCTGCCTGTGGCTGCACTGGAGGAGCTGGCCTT	83194538	83183333	11205	83187763	6775	83194680	11347	6917
ENSMUST00000113913	ATTGCCCCCTTGGCAGAGAACGAGGGGCTGCCTGTGGCTGCACTGGAGGAGCTGGCCTT	83194538	83183333	11205	83189076	5462	83194680	11347	5604
ENSMUST00000113913	ATTGCCCCCTTGGCAGAGAACGAGGGGCTGCCTGTGGCTGCACTGGAGGAGCTGGCCTT	83194538	83183333	11205	83187763	6775	83194680	11347	6917
ENSMUST00000113913	ATTGCCCCCTTGGCAGAGAACGAGGGGCTGCCTGTGGCTGCACTGGAGGAGCTGGCCTT	83194538	83183956	10582	83187763	6775	83194680	10724	6917
ENSMUST00000113913	ATTGCCCCCTTGGCAGAGAACGAGGGGCTGCCTGTGGCTGCACTGGAGGAGCTGGCCTT	83194538	83183333	11205	83189076	5462	83194680	11347	5604
ENSMUST00000113913	ATTGCCCCCTTGGCAGAGAACGAGGGGCTGCCTGTGGCTGCACTGGAGGAGCTGGCCTT	83194538	83183956	10582	83189076	5462	83194680	10724	5604
ENSMUST00000113913	ATTGCCCCCTTGGCAGAGAACGAGGGGCTGCCTGTGGCTGCACTGGAGGAGCTGGCCTT	83194538	83191160	3378	83191565	2973	83194680	3520	3115
ENSMUST00000113913	ATTGCCCCCTTGGCAGAGAACGAGGGGCTGCCTGTGGCTGCACTGGAGGAGCTGGCCTT	83194538	83196107	-1569	83197490	-2952	83194680	-1427	-2810
ENSMUST00000113913	ATTGCCCCCTTGGCAGAGAACGAGGGGCTGCCTGTGGCTGCACTGGAGGAGCTGGCCTT	83194538	83198661	-4123	83199673	-5135	83194680	-3981	-4993
ENSMUST00000179721	CTTTAGCTTGACTGTAGCCAATGTTGGCATGTGCCAAGCTGTCCTGTGCCGAGGTGGGAA	109937113	109868717	68396	109895507	41606	109937173	68456	41666
ENSMUST00000179721	CTTTAGCTTGACTGTAGCCAATGTTGGCATGTGCCAAGCTGTCCTGTGCCGAGGTGGGAA	109937113	109877083	60030	109904239	32874	109937173	60090	32934
ENSMUST00000179721	CTTTAGCTTGACTGTAGCCAATGTTGGCATGTGCCAAGCTGTCCTGTGCCGAGGTGGGAA	109937113	109904430	32683	109909032	28081	109937173	32743	28141
ENSMUST00000179721	CTTTAGCTTGACTGTAGCCAATGTTGGCATGTGCCAAGCTGTCCTGTGCCGAGGTGGGAA	109937113	109913771	23342	109922815	14298	109937173	23402	14358
ENSMUST00000179721	CTTTAGCTTGACTGTAGCCAATGTTGGCATGTGCCAAGCTGTCCTGTGCCGAGGTGGGAA	109937113	109934089	3024	109935468	1645	109937173	3084	1705
ENSMUST00000059667	TCACAGGGTAGCGAGACAACTGCCAAGGGTTGCAGTCTCGGACAGGATGGTGGAACACAA	123191479	123183624	7855	123188714	2765	123191539	7915	2825
ENSMUST00000059667	TCACAGGGTAGCGAGACAACTGCCAAGGGTTGCAGTCTCGGACAGGATGGTGGAACACAA	123191479	123183856	7623	123188714	2765	123191539	7683	2825
ENSMUST00000059667	TCACAGGGTAGCGAGACAACTGCCAAGGGTTGCAGTCTCGGACAGGATGGTGGAACACAA	123191479	123183624	7855	123188714	2765	123191539	7915	2825
ENSMUST00000059667	TCACAGGGTAGCGAGACAACTGCCAAGGGTTGCAGTCTCGGACAGGATGGTGGAACACAA	123191479	123183856	7623	123188714	2765	123191539	7683	2825
ENSMUST00000081285	TTCATGGAGCGGGAACACCTCATATTCCGAGAGAACACGCTCGCCACTAAAGCCATAGAA	26957778	26941518	16260	26946632	11146	26957838	16320	11206
ENSMUST00000081285	TTCATGGAGCGGGAACACCTCATATTCCGAGAGAACACGCTCGCCACTAAAGCCATAGAA	26957778	26941518	16260	26952561	5217	26957838	16320	5277
ENSMUST00000081285	TTCATGGAGCGGGAACACCTCATATTCCGAGAGAACACGCTCGCCACTAAAGCCATAGAA	26957778	26941518	16260	26952561	5217	26957838	16320	5277
ENSMUST00000081285	TTCATGGAGCGGGAACACCTCATATTCCGAGAGAACACGCTCGCCACTAAAGCCATAGAA	26957778	26944754	13024	26952561	5217	26957838	13084	5277
ENSMUST00000081285	TTCATGGAGCGGGAACACCTCATATTCCGAGAGAACACGCTCGCCACTAAAGCCATAGAA	26957778	26960521	-2743	26961435	-3657	26957838	-2683	-3597
ENSMUST00000081285	TTCATGGAGCGGGAACACCTCATATTCCGAGAGAACACGCTCGCCACTAAAGCCATAGAA	26957778	26966973	-9195	26970058	-12280	26957838	-9135	-12220
ENSMUST00000081285	TTCATGGAGCGGGAACACCTCATATTCCGAGAGAACACGCTCGCCACTAAAGCCATAGAA	26957778	26966973	-9195	26970498	-12720	26957838	-9135	-12660
ENSMUST00000081285	TTCATGGAGCGGGAACACCTCATATTCCGAGAGAACACGCTCGCCACTAAAGCCATAGAA	26957778	26966973	-9195	26970498	-12720	26957838	-9135	-12660
ENSMUST00000081285	TTCATGGAGCGGGAACACCTCATATTCCGAGAGAACACGCTCGCCACTAAAGCCATAGAA	26957778	26967760	-9982	26970498	-12720	26957838	-9922	-12660
ENSMUST00000081285	TTCATGGAGCGGGAACACCTCATATTCCGAGAGAACACGCTCGCCACTAAAGCCATAGAA	26957778	26966973	-9195	26970498	-12720	26957838	-9135	-12660
ENSMUST00000131552	ATTTAAAAGCAAGTTCAGGGATACATGGACAGAGAAGAAATGGGTCAAATATATGTTATA	135473333	134786631	686702	134988123	485210	135473393	686762	485270
ENSMUST00000131552	ATTTAAAAGCAAGTTCAGGGATACATGGACAGAGAAGAAATGGGTCAAATATATGTTATA	135473333	134813678	659655	135220717	252616	135473393	659715	252676
ENSMUST00000131552	ATTTAAAAGCAAGTTCAGGGATACATGGACAGAGAAGAAATGGGTCAAATATATGTTATA	135473333	134988192	485141	135249970	223363	135473393	485201	223423
ENSMUST00000131552	ATTTAAAAGCAAGTTCAGGGATACATGGACAGAGAAGAAATGGGTCAAATATATGTTATA	135473333	135250050	223283	135251732	221601	135473393	223343	221661
ENSMUST00000131552	ATTTAAAAGCAAGTTCAGGGATACATGGACAGAGAAGAAATGGGTCAAATATATGTTATA	135473333	135262274	211059	135310920	162413	135473393	211119	162473
ENSMUST00000131552	ATTTAAAAGCAAGTTCAGGGATACATGGACAGAGAAGAAATGGGTCAAATATATGTTATA	135473333	135359786	113547	135364767	108566	135473393	113607	108626
ENSMUST00000131552	ATTTAAAAGCAAGTTCAGGGATACATGGACAGAGAAGAAATGGGTCAAATATATGTTATA	135473333	135387884	85449	135472052	1281	135473393	85509	1341
ENSMUST00000069817	GAGGAGGACGAAGAGAACAACCCTGCCCTAGCCAATGCCTCCTCCGCCCTGGAGGACAAG	32213527	32151291	62236	32183122	30405	32213587	62296	30465
ENSMUST00000069817	GAGGAGGACGAAGAGAACAACCCTGCCCTAGCCAATGCCTCCTCCGCCCTGGAGGACAAG	32213527	32183300	30227	32187480	26047	32213587	30287	26107
ENSMUST00000069817	GAGGAGGACGAAGAGAACAACCCTGCCCTAGCCAATGCCTCCTCCGCCCTGGAGGACAAG	32213527	32212291	1236	32216045	-2518	32213587	1296	-2458
ENSMUST00000069817	GAGGAGGACGAAGAGAACAACCCTGCCCTAGCCAATGCCTCCTCCGCCCTGGAGGACAAG	32213527	32219405	-5878	32220089	-6562	32213587	-5818	-6502
ENSMUST00000069817	GAGGAGGACGAAGAGAACAACCCTGCCCTAGCCAATGCCTCCTCCGCCCTGGAGGACAAG	32213527	32224169	-10642	32226944	-13417	32213587	-10582	-13357
ENSMUST00000069817	GAGGAGGACGAAGAGAACAACCCTGCCCTAGCCAATGCCTCCTCCGCCCTGGAGGACAAG	32213527	32224169	-10642	32229262	-15735	32213587	-10582	-15675
ENSMUST00000069817	GAGGAGGACGAAGAGAACAACCCTGCCCTAGCCAATGCCTCCTCCGCCCTGGAGGACAAG	32213527	32224169	-10642	32230610	-17083	32213587	-10582	-17023
ENSMUST00000069817	GAGGAGGACGAAGAGAACAACCCTGCCCTAGCCAATGCCTCCTCCGCCCTGGAGGACAAG	32213527	32224169	-10642	32230610	-17083	32213587	-10582	-17023
ENSMUST00000069817	GAGGAGGACGAAGAGAACAACCCTGCCCTAGCCAATGCCTCCTCCGCCCTGGAGGACAAG	32213527	32227036	-13509	32230610	-17083	32213587	-13449	-17023
ENSMUST00000069817	GAGGAGGACGAAGAGAACAACCCTGCCCTAGCCAATGCCTCCTCCGCCCTGGAGGACAAG	32213527	32151291	62236	32183122	30405	32213587	62296	30465
ENSMUST00000069817	GAGGAGGACGAAGAGAACAACCCTGCCCTAGCCAATGCCTCCTCCGCCCTGGAGGACAAG	32213527	32183300	30227	32187480	26047	32213587	30287	26107
ENSMUST00000069817	GAGGAGGACGAAGAGAACAACCCTGCCCTAGCCAATGCCTCCTCCGCCCTGGAGGACAAG	32213527	32212291	1236	32216045	-2518	32213587	1296	-2458
ENSMUST00000069817	GAGGAGGACGAAGAGAACAACCCTGCCCTAGCCAATGCCTCCTCCGCCCTGGAGGACAAG	32213527	32219405	-5878	32220089	-6562	32213587	-5818	-6502
ENSMUST00000069817	GAGGAGGACGAAGAGAACAACCCTGCCCTAGCCAATGCCTCCTCCGCCCTGGAGGACAAG	32213527	32224169	-10642	32226944	-13417	32213587	-10582	-13357
ENSMUST00000069817	GAGGAGGACGAAGAGAACAACCCTGCCCTAGCCAATGCCTCCTCCGCCCTGGAGGACAAG	32213527	32224169	-10642	32229262	-15735	32213587	-10582	-15675
ENSMUST00000069817	GAGGAGGACGAAGAGAACAACCCTGCCCTAGCCAATGCCTCCTCCGCCCTGGAGGACAAG	32213527	32224169	-10642	32230610	-17083	32213587	-10582	-17023
ENSMUST00000069817	GAGGAGGACGAAGAGAACAACCCTGCCCTAGCCAATGCCTCCTCCGCCCTGGAGGACAAG	32213527	32224169	-10642	32230610	-17083	32213587	-10582	-17023
ENSMUST00000069817	GAGGAGGACGAAGAGAACAACCCTGCCCTAGCCAATGCCTCCTCCGCCCTGGAGGACAAG	32213527	32227036	-13509	32230610	-17083	32213587	-13449	-17023
ENSMUST00000132846	ATCAAACCATTCCTTCTGTAGCTCAGGAGAGCGTCCCTACCCCATCTGCTCGCAATGTCCT	6419643	6415979	3664	6418225	1418	6419704	3725	1479
ENSMUST00000132846	ATCAAACCATTCCTTCTGTAGCTCAGGAGAGCGTCCCTACCCCATCTGCTCGCAATGTCCT	6419643	6415979	3664	6419112	531	6419704	3725	592
ENSMUST00000132846	ATCAAACCATTCCTTCTGTAGCTCAGGAGAGCGTCCCTACCCCATCTGCTCGCAATGTCCT	6419643	6415979	3664	6419112	531	6419704	3725	592
ENSMUST00000132846	ATCAAACCATTCCTTCTGTAGCTCAGGAGAGCGTCCCTACCCCATCTGCTCGCAATGTCCT	6419643	6418314	1329	6419477	166	6419704	1390	227
ENSMUST00000097822	GTCTATTGATGCCTTGAGTCCAACCTTCTACTTCCTCCTGCCGAGCTCAAAGATAAGAGAC	139425752	139397212	28540	139399561	26191	139425813	28601	26252
ENSMUST00000097822	GTCTATTGATGCCTTGAGTCCAACCTTCTACTTCCTCCTGCCGAGCTCAAAGATAAGAGAC	139425752	139397484	28268	139399796	25956	139425813	28329	26017
ENSMUST00000097822	GTCTATTGATGCCTTGAGTCCAACCTTCTACTTCCTCCTGCCGAGCTCAAAGATAAGAGAC	139425752	139399661	26091	139400324	25428	139425813	26152	25489
ENSMUST00000097822	GTCTATTGATGCCTTGAGTCCAACCTTCTACTTCCTCCTGCCGAGCTCAAAGATAAGAGAC	139425752	139421378	4374	139422392	3360	139425813	4435	3421
ENSMUST00000097822	GTCTATTGATGCCTTGAGTCCAACCTTCTACTTCCTCCTGCCGAGCTCAAAGATAAGAGAC	139425752	139428691	-2939	139430123	-4371	139425813	-2878	-4310
ENSMUST00000097822	GTCTATTGATGCCTTGAGTCCAACCTTCTACTTCCTCCTGCCGAGCTCAAAGATAAGAGAC	139425752	139431761	-6009	139433619	-7867	139425813	-5948	-7806
ENSMUST00000097822	GTCTATTGATGCCTTGAGTCCAACCTTCTACTTCCTCCTGCCGAGCTCAAAGATAAGAGAC	139425752	139435184	-9432	139436121	-10369	139425813	-9371	-10308
ENSMUST00000097822	GTCTATTGATGCCTTGAGTCCAACCTTCTACTTCCTCCTGCCGAGCTCAAAGATAAGAGAC	139425752	139438161	-12409	139440644	-14892	139425813	-12348	-14831
ENSMUST00000097822	GTCTATTGATGCCTTGAGTCCAACCTTCTACTTCCTCCTGCCGAGCTCAAAGATAAGAGAC	139425752	139438161	-12409	139442685	-16933	139425813	-12348	-16872
ENSMUST00000097822	GTCTATTGATGCCTTGAGTCCAACCTTCTACTTCCTCCTGCCGAGCTCAAAGATAAGAGAC	139425752	139440822	-15070	139442685	-16933	139425813	-15009	-16872
ENSMUST00000097822	GTCTATTGATGCCTTGAGTCCAACCTTCTACTTCCTCCTGCCGAGCTCAAAGATAAGAGAC	139425752	139451324	-25572	139452570	-26818	139425813	-25511	-26757
ENSMUST00000097822	GTCTATTGATGCCTTGAGTCCAACCTTCTACTTCCTCCTGCCGAGCTCAAAGATAAGAGAC	139425752	139454057	-28305	139455447	-29695	139425813	-28244	-29634
ENSMUST00000029355	TCTGGACGACTGTTCCGAGCGGCCGTGGGTTCGTTCACCCTGTCGGCCCGGGCTGCCTCTC	69317411	69317965	-554	69549325	-231914	69317472	-493	-231853
ENSMUST00000029355	TCTGGACGACTGTTCCGAGCGGCCGTGGGTTCGTTCACCCTGTCGGCCCGGGCTGCCTCTC	69317411	69497945	-180534	69552827	-235416	69317472	-180473	-235355
ENSMUST00000161431	AGACCCCACAGCCCCCTGTAGGACATCTCCCCCTAGCCATTTATACTTTGGATATTGTTTT	26760709	26734177	26532	26751743	8966	26760770	26593	9027
ENSMUST00000161431	AGACCCCACAGCCCCCTGTAGGACATCTCCCCCTAGCCATTTATACTTTGGATATTGTTTT	26760709	26751890	8819	26756736	3973	26760770	8880	4034
ENSMUST00000060945	AAAGGACTTGCTACCTTCACCTGCTGGGCCCATTCTTTCAAAAGATTCAAAAACAGAGCAT	53404395	53351129	53266	53372277	32118	53404456	53327	32179
ENSMUST00000060945	AAAGGACTTGCTACCTTCACCTGCTGGGCCCATTCTTTCAAAAGATTCAAAAACAGAGCAT	53404395	53373057	31338	53380585	23810	53404456	31399	23871
ENSMUST00000060945	AAAGGACTTGCTACCTTCACCTGCTGGGCCCATTCTTTCAAAAGATTCAAAAACAGAGCAT	53404395	53375633	28762	53389754	14641	53404456	28823	14702
ENSMUST00000060945	AAAGGACTTGCTACCTTCACCTGCTGGGCCCATTCTTTCAAAAGATTCAAAAACAGAGCAT	53404395	53397869	6526	53399588	4807	53404456	6587	4868
ENSMUST00000060945	AAAGGACTTGCTACCTTCACCTGCTGGGCCCATTCTTTCAAAAGATTCAAAAACAGAGCAT	53404395	53400506	3889	53404355	40	53404456	3950	101
ENSMUST00000060945	AAAGGACTTGCTACCTTCACCTGCTGGGCCCATTCTTTCAAAAGATTCAAAAACAGAGCAT	53404395	53410959	-6564	53415387	-10992	53404456	-6503	-10931
ENSMUST00000060945	AAAGGACTTGCTACCTTCACCTGCTGGGCCCATTCTTTCAAAAGATTCAAAAACAGAGCAT	53404395	53351129	53266	53372277	32118	53404456	53327	32179
ENSMUST00000060945	AAAGGACTTGCTACCTTCACCTGCTGGGCCCATTCTTTCAAAAGATTCAAAAACAGAGCAT	53404395	53373057	31338	53380585	23810	53404456	31399	23871
ENSMUST00000060945	AAAGGACTTGCTACCTTCACCTGCTGGGCCCATTCTTTCAAAAGATTCAAAAACAGAGCAT	53404395	53375633	28762	53389754	14641	53404456	28823	14702
ENSMUST00000060945	AAAGGACTTGCTACCTTCACCTGCTGGGCCCATTCTTTCAAAAGATTCAAAAACAGAGCAT	53404395	53397869	6526	53399588	4807	53404456	6587	4868
ENSMUST00000060945	AAAGGACTTGCTACCTTCACCTGCTGGGCCCATTCTTTCAAAAGATTCAAAAACAGAGCAT	53404395	53400506	3889	53404355	40	53404456	3950	101
ENSMUST00000060945	AAAGGACTTGCTACCTTCACCTGCTGGGCCCATTCTTTCAAAAGATTCAAAAACAGAGCAT	53404395	53410959	-6564	53415387	-10992	53404456	-6503	-10931
ENSMUST00000032192	GGAGCTCATCTGTAAAGCTGTGCTCAATCCCACCAATGCTGACATCCTGATTGAGACCAAG	108382183	108214278	167905	108241263	140920	108383641	169363	142378
ENSMUST00000032192	GGAGCTCATCTGTAAAGCTGTGCTCAATCCCACCAATGCTGACATCCTGATTGAGACCAAG	108382183	108214278	167905	108339506	42677	108383641	169363	44135
ENSMUST00000032192	GGAGCTCATCTGTAAAGCTGTGCTCAATCCCACCAATGCTGACATCCTGATTGAGACCAAG	108382183	108214278	167905	108339506	42677	108383641	169363	44135
ENSMUST00000032192	GGAGCTCATCTGTAAAGCTGTGCTCAATCCCACCAATGCTGACATCCTGATTGAGACCAAG	108382183	108237085	145098	108339506	42677	108383641	146556	44135
ENSMUST00000032192	GGAGCTCATCTGTAAAGCTGTGCTCAATCCCACCAATGCTGACATCCTGATTGAGACCAAG	108382183	108363705	18478	108369010	13173	108383641	19936	14631
ENSMUST00000032192	GGAGCTCATCTGTAAAGCTGTGCTCAATCCCACCAATGCTGACATCCTGATTGAGACCAAG	108382183	108413953	-31770	108417888	-35705	108383641	-30312	-34247
ENSMUST00000032192	GGAGCTCATCTGTAAAGCTGTGCTCAATCCCACCAATGCTGACATCCTGATTGAGACCAAG	108382183	108418000	-35817	108431460	-49277	108383641	-34359	-47819
ENSMUST00000032192	GGAGCTCATCTGTAAAGCTGTGCTCAATCCCACCAATGCTGACATCCTGATTGAGACCAAG	108382183	108418000	-35817	108432645	-50462	108383641	-34359	-49004
ENSMUST00000032192	GGAGCTCATCTGTAAAGCTGTGCTCAATCCCACCAATGCTGACATCCTGATTGAGACCAAG	108382183	108418000	-35817	108438299	-56116	108383641	-34359	-54658
ENSMUST00000032192	GGAGCTCATCTGTAAAGCTGTGCTCAATCCCACCAATGCTGACATCCTGATTGAGACCAAG	108382183	108418000	-35817	108438299	-56116	108383641	-34359	-54658
ENSMUST00000032192	GGAGCTCATCTGTAAAGCTGTGCTCAATCCCACCAATGCTGACATCCTGATTGAGACCAAG	108382183	108431496	-49313	108438299	-56116	108383641	-47855	-54658
ENSMUST00000032192	GGAGCTCATCTGTAAAGCTGTGCTCAATCCCACCAATGCTGACATCCTGATTGAGACCAAG	108382183	108519450	-137267	108541902	-159719	108383641	-135809	-158261
ENSMUST00000032192	GGAGCTCATCTGTAAAGCTGTGCTCAATCCCACCAATGCTGACATCCTGATTGAGACCAAG	108382183	108523448	-141265	108549752	-167569	108383641	-139807	-166111
ENSMUST00000032192	GGAGCTCATCTGTAAAGCTGTGCTCAATCCCACCAATGCTGACATCCTGATTGAGACCAAG	108382183	108214278	167905	108241263	140920	108383641	169363	142378
ENSMUST00000032192	GGAGCTCATCTGTAAAGCTGTGCTCAATCCCACCAATGCTGACATCCTGATTGAGACCAAG	108382183	108214278	167905	108339506	42677	108383641	169363	44135
ENSMUST00000032192	GGAGCTCATCTGTAAAGCTGTGCTCAATCCCACCAATGCTGACATCCTGATTGAGACCAAG	108382183	108214278	167905	108339506	42677	108383641	169363	44135
ENSMUST00000032192	GGAGCTCATCTGTAAAGCTGTGCTCAATCCCACCAATGCTGACATCCTGATTGAGACCAAG	108382183	108237085	145098	108339506	42677	108383641	146556	44135
ENSMUST00000032192	GGAGCTCATCTGTAAAGCTGTGCTCAATCCCACCAATGCTGACATCCTGATTGAGACCAAG	108382183	108363705	18478	108369010	13173	108383641	19936	14631
ENSMUST00000032192	GGAGCTCATCTGTAAAGCTGTGCTCAATCCCACCAATGCTGACATCCTGATTGAGACCAAG	108382183	108413953	-31770	108417888	-35705	108383641	-30312	-34247
ENSMUST00000032192	GGAGCTCATCTGTAAAGCTGTGCTCAATCCCACCAATGCTGACATCCTGATTGAGACCAAG	108382183	108418000	-35817	108431460	-49277	108383641	-34359	-47819
ENSMUST00000032192	GGAGCTCATCTGTAAAGCTGTGCTCAATCCCACCAATGCTGACATCCTGATTGAGACCAAG	108382183	108418000	-35817	108432645	-50462	108383641	-34359	-49004
ENSMUST00000032192	GGAGCTCATCTGTAAAGCTGTGCTCAATCCCACCAATGCTGACATCCTGATTGAGACCAAG	108382183	108418000	-35817	108438299	-56116	108383641	-34359	-54658
ENSMUST00000032192	GGAGCTCATCTGTAAAGCTGTGCTCAATCCCACCAATGCTGACATCCTGATTGAGACCAAG	108382183	108418000	-35817	108438299	-56116	108383641	-34359	-54658
ENSMUST00000032192	GGAGCTCATCTGTAAAGCTGTGCTCAATCCCACCAATGCTGACATCCTGATTGAGACCAAG	108382183	108431496	-49313	108438299	-56116	108383641	-47855	-54658
ENSMUST00000032192	GGAGCTCATCTGTAAAGCTGTGCTCAATCCCACCAATGCTGACATCCTGATTGAGACCAAG	108382183	108519450	-137267	108541902	-159719	108383641	-135809	-158261
ENSMUST00000032192	GGAGCTCATCTGTAAAGCTGTGCTCAATCCCACCAATGCTGACATCCTGATTGAGACCAAG	108382183	108523448	-141265	108549752	-167569	108383641	-139807	-166111
ENSMUST00000032192	GGAGCTCATCTGTAAAGCTGTGCTCAATCCCACCAATGCTGACATCCTGATTGAGACCAAG	108382183	108214278	167905	108241263	140920	108383641	169363	142378
ENSMUST00000032192	GGAGCTCATCTGTAAAGCTGTGCTCAATCCCACCAATGCTGACATCCTGATTGAGACCAAG	108382183	108214278	167905	108339506	42677	108383641	169363	44135
ENSMUST00000032192	GGAGCTCATCTGTAAAGCTGTGCTCAATCCCACCAATGCTGACATCCTGATTGAGACCAAG	108382183	108214278	167905	108339506	42677	108383641	169363	44135
ENSMUST00000032192	GGAGCTCATCTGTAAAGCTGTGCTCAATCCCACCAATGCTGACATCCTGATTGAGACCAAG	108382183	108237085	145098	108339506	42677	108383641	146556	44135
ENSMUST00000032192	GGAGCTCATCTGTAAAGCTGTGCTCAATCCCACCAATGCTGACATCCTGATTGAGACCAAG	108382183	108363705	18478	108369010	13173	108383641	19936	14631
ENSMUST00000032192	GGAGCTCATCTGTAAAGCTGTGCTCAATCCCACCAATGCTGACATCCTGATTGAGACCAAG	108382183	108413953	-31770	108417888	-35705	108383641	-30312	-34247
ENSMUST00000032192	GGAGCTCATCTGTAAAGCTGTGCTCAATCCCACCAATGCTGACATCCTGATTGAGACCAAG	108382183	108418000	-35817	108431460	-49277	108383641	-34359	-47819
ENSMUST00000032192	GGAGCTCATCTGTAAAGCTGTGCTCAATCCCACCAATGCTGACATCCTGATTGAGACCAAG	108382183	108418000	-35817	108432645	-50462	108383641	-34359	-49004
ENSMUST00000032192	GGAGCTCATCTGTAAAGCTGTGCTCAATCCCACCAATGCTGACATCCTGATTGAGACCAAG	108382183	108418000	-35817	108438299	-56116	108383641	-34359	-54658
ENSMUST00000032192	GGAGCTCATCTGTAAAGCTGTGCTCAATCCCACCAATGCTGACATCCTGATTGAGACCAAG	108382183	108418000	-35817	108438299	-56116	108383641	-34359	-54658
ENSMUST00000032192	GGAGCTCATCTGTAAAGCTGTGCTCAATCCCACCAATGCTGACATCCTGATTGAGACCAAG	108382183	108431496	-49313	108438299	-56116	108383641	-47855	-54658
ENSMUST00000032192	GGAGCTCATCTGTAAAGCTGTGCTCAATCCCACCAATGCTGACATCCTGATTGAGACCAAG	108382183	108519450	-137267	108541902	-159719	108383641	-135809	-158261
ENSMUST00000032192	GGAGCTCATCTGTAAAGCTGTGCTCAATCCCACCAATGCTGACATCCTGATTGAGACCAAG	108382183	108523448	-141265	108549752	-167569	108383641	-139807	-166111
ENSMUST00000029201	GAAAATGACAAGGAACAGCTCCGAGCACTTTGCACCCGGGACCCACTATCTGAAATCACTG	32447996	32442831	5165	32443814	4182	32448057	5226	4243
ENSMUST00000029201	GAAAATGACAAGGAACAGCTCCGAGCACTTTGCACCCGGGACCCACTATCTGAAATCACTG	32447996	32450073	-2077	32451755	-3759	32448057	-2016	-3698
ENSMUST00000029201	GAAAATGACAAGGAACAGCTCCGAGCACTTTGCACCCGGGACCCACTATCTGAAATCACTG	32447996	32451927	-3931	32454378	-6382	32448057	-3870	-6321
ENSMUST00000020204	ACGCCACCGAACTCTTCTGCTTCTACAGTGAGAATGCTGACCTCACTTGCCGGCAGCCCAA	93644583	93645000	-417	93707277	-62694	93644644	-356	-62633
ENSMUST00000020204	ACGCCACCGAACTCTTCTGCTTCTACAGTGAGAATGCTGACCTCACTTGCCGGCAGCCCAA	93644583	93734288	-89705	93741050	-96467	93644644	-89644	-96406
ENSMUST00000020204	ACGCCACCGAACTCTTCTGCTTCTACAGTGAGAATGCTGACCTCACTTGCCGGCAGCCCAA	93644583	93645000	-417	93707277	-62694	93644644	-356	-62633
ENSMUST00000020204	ACGCCACCGAACTCTTCTGCTTCTACAGTGAGAATGCTGACCTCACTTGCCGGCAGCCCAA	93644583	93734288	-89705	93741050	-96467	93644644	-89644	-96406
ENSMUST00000097526	CTTCAGTGGATCTACTCCACCAGGTCTTCCCGACCTTACTACATCACTGCCAAGTGCTATT	156051385	156035920	15465	156051293	92	156051446	15526	153
ENSMUST00000097526	CTTCAGTGGATCTACTCCACCAGGTCTTCCCGACCTTACTACATCACTGCCAAGTGCTATT	156051385	156035920	15465	156059410	-8025	156051446	15526	-7964
ENSMUST00000097526	CTTCAGTGGATCTACTCCACCAGGTCTTCCCGACCTTACTACATCACTGCCAAGTGCTATT	156051385	156036091	15294	156051293	92	156051446	15355	153
ENSMUST00000097526	CTTCAGTGGATCTACTCCACCAGGTCTTCCCGACCTTACTACATCACTGCCAAGTGCTATT	156051385	156036091	15294	156059410	-8025	156051446	15355	-7964
ENSMUST00000097526	CTTCAGTGGATCTACTCCACCAGGTCTTCCCGACCTTACTACATCACTGCCAAGTGCTATT	156051385	156041002	10383	156051293	92	156051446	10444	153
ENSMUST00000097526	CTTCAGTGGATCTACTCCACCAGGTCTTCCCGACCTTACTACATCACTGCCAAGTGCTATT	156051385	156041002	10383	156059410	-8025	156051446	10444	-7964
ENSMUST00000097526	CTTCAGTGGATCTACTCCACCAGGTCTTCCCGACCTTACTACATCACTGCCAAGTGCTATT	156051385	156041134	10251	156059410	-8025	156051446	10312	-7964
ENSMUST00000097526	CTTCAGTGGATCTACTCCACCAGGTCTTCCCGACCTTACTACATCACTGCCAAGTGCTATT	156051385	156059587	-8202	156063592	-12207	156051446	-8141	-12146
ENSMUST00000100330	ATGCTGAGGTGGTCCAGTTCCTGGTAGATCATGGGGCCATGATTGAGCATGTTGACTACAG	105913367	105625124	288243	105713381	199986	105913428	288304	200047
ENSMUST00000100330	ATGCTGAGGTGGTCCAGTTCCTGGTAGATCATGGGGCCATGATTGAGCATGTTGACTACAG	105913367	105625124	288243	105776805	136562	105913428	288304	136623
ENSMUST00000100330	ATGCTGAGGTGGTCCAGTTCCTGGTAGATCATGGGGCCATGATTGAGCATGTTGACTACAG	105913367	105625124	288243	105776805	136562	105913428	288304	136623
ENSMUST00000100330	ATGCTGAGGTGGTCCAGTTCCTGGTAGATCATGGGGCCATGATTGAGCATGTTGACTACAG	105913367	105673491	239876	105776805	136562	105913428	239937	136623
ENSMUST00000100330	ATGCTGAGGTGGTCCAGTTCCTGGTAGATCATGGGGCCATGATTGAGCATGTTGACTACAG	105913367	105625124	288243	105776805	136562	105913428	288304	136623
ENSMUST00000100330	ATGCTGAGGTGGTCCAGTTCCTGGTAGATCATGGGGCCATGATTGAGCATGTTGACTACAG	105913367	105673491	239876	105776805	136562	105913428	239937	136623
ENSMUST00000100330	ATGCTGAGGTGGTCCAGTTCCTGGTAGATCATGGGGCCATGATTGAGCATGTTGACTACAG	105913367	105776954	136413	105798560	114807	105913428	136474	114868
ENSMUST00000100330	ATGCTGAGGTGGTCCAGTTCCTGGTAGATCATGGGGCCATGATTGAGCATGTTGACTACAG	105913367	105713564	199803	105810471	102896	105913428	199864	102957
ENSMUST00000100330	ATGCTGAGGTGGTCCAGTTCCTGGTAGATCATGGGGCCATGATTGAGCATGTTGACTACAG	105913367	105835230	78137	105857396	55971	105913428	78198	56032
ENSMUST00000100330	ATGCTGAGGTGGTCCAGTTCCTGGTAGATCATGGGGCCATGATTGAGCATGTTGACTACAG	105913367	105857628	55739	105867166	46201	105913428	55800	46262
ENSMUST00000100330	ATGCTGAGGTGGTCCAGTTCCTGGTAGATCATGGGGCCATGATTGAGCATGTTGACTACAG	105913367	105867774	45593	105895845	17522	105913428	45654	17583
ENSMUST00000100330	ATGCTGAGGTGGTCCAGTTCCTGGTAGATCATGGGGCCATGATTGAGCATGTTGACTACAG	105913367	105902153	11214	105912911	456	105913428	11275	517
ENSMUST00000100330	ATGCTGAGGTGGTCCAGTTCCTGGTAGATCATGGGGCCATGATTGAGCATGTTGACTACAG	105913367	105909128	4239	105912911	456	105913428	4300	517
ENSMUST00000100330	ATGCTGAGGTGGTCCAGTTCCTGGTAGATCATGGGGCCATGATTGAGCATGTTGACTACAG	105913367	105913489	-122	105914891	-1524	105913428	-61	-1463
ENSMUST00000100330	ATGCTGAGGTGGTCCAGTTCCTGGTAGATCATGGGGCCATGATTGAGCATGTTGACTACAG	105913367	105913489	-122	105919950	-6583	105913428	-61	-6522
ENSMUST00000100330	ATGCTGAGGTGGTCCAGTTCCTGGTAGATCATGGGGCCATGATTGAGCATGTTGACTACAG	105913367	105914983	-1616	105919950	-6583	105913428	-1555	-6522
ENSMUST00000100330	ATGCTGAGGTGGTCCAGTTCCTGGTAGATCATGGGGCCATGATTGAGCATGTTGACTACAG	105913367	105917060	-3693	105921747	-8380	105913428	-3632	-8319
ENSMUST00000218359	GATTTTTGGAGGATGGTGTGGCAAGAGCAGTCTGCCTGTATTGTGATGGTCACTAATTTAG	28574862	28075177	499685	28263500	311362	28575597	500420	312097
ENSMUST00000218359	GATTTTTGGAGGATGGTGTGGCAAGAGCAGTCTGCCTGTATTGTGATGGTCACTAATTTAG	28574862	28336537	238325	28383430	191432	28575597	239060	192167
ENSMUST00000218359	GATTTTTGGAGGATGGTGTGGCAAGAGCAGTCTGCCTGTATTGTGATGGTCACTAATTTAG	28574862	28263772	311090	28465757	109105	28575597	311825	109840
ENSMUST00000218359	GATTTTTGGAGGATGGTGTGGCAAGAGCAGTCTGCCTGTATTGTGATGGTCACTAATTTAG	28574862	28560165	14697	28566494	8368	28575597	15432	9103
ENSMUST00000218359	GATTTTTGGAGGATGGTGTGGCAAGAGCAGTCTGCCTGTATTGTGATGGTCACTAATTTAG	28574862	28569973	4889	28573367	1495	28575597	5624	2230
ENSMUST00000218359	GATTTTTGGAGGATGGTGTGGCAAGAGCAGTCTGCCTGTATTGTGATGGTCACTAATTTAG	28574862	28575706	-844	28585559	-10697	28575597	-109	-9962
ENSMUST00000218359	GATTTTTGGAGGATGGTGTGGCAAGAGCAGTCTGCCTGTATTGTGATGGTCACTAATTTAG	28574862	28580547	-5685	28585922	-11060	28575597	-4950	-10325
ENSMUST00000110049	AGATCCATTCCAAGGCATGCGCAAGCCCATGAGTCCTGTCTCAGCCCAGATGAGCCAGCTA	3235624	3220530	15094	3224631	10993	3236239	15709	11608
ENSMUST00000110049	AGATCCATTCCAAGGCATGCGCAAGCCCATGAGTCCTGTCTCAGCCCAGATGAGCCAGCTA	3235624	3221294	14330	3227394	8230	3236239	14945	8845
ENSMUST00000110049	AGATCCATTCCAAGGCATGCGCAAGCCCATGAGTCCTGTCTCAGCCCAGATGAGCCAGCTA	3235624	3227530	8094	3229868	5756	3236239	8709	6371
ENSMUST00000110049	AGATCCATTCCAAGGCATGCGCAAGCCCATGAGTCCTGTCTCAGCCCAGATGAGCCAGCTA	3235624	3227885	7739	3233987	1637	3236239	8354	2252
ENSMUST00000110049	AGATCCATTCCAAGGCATGCGCAAGCCCATGAGTCCTGTCTCAGCCCAGATGAGCCAGCTA	3235624	3227885	7739	3233987	1637	3236239	8354	2252
ENSMUST00000110049	AGATCCATTCCAAGGCATGCGCAAGCCCATGAGTCCTGTCTCAGCCCAGATGAGCCAGCTA	3235624	3230101	5523	3234461	1163	3236239	6138	1778
ENSMUST00000110049	AGATCCATTCCAAGGCATGCGCAAGCCCATGAGTCCTGTCTCAGCCCAGATGAGCCAGCTA	3235624	3230101	5523	3234584	1040	3236239	6138	1655
ENSMUST00000110049	AGATCCATTCCAAGGCATGCGCAAGCCCATGAGTCCTGTCTCAGCCCAGATGAGCCAGCTA	3235624	3235660	-36	3239400	-3776	3236239	579	-3161
ENSMUST00000110049	AGATCCATTCCAAGGCATGCGCAAGCCCATGAGTCCTGTCTCAGCCCAGATGAGCCAGCTA	3235624	3241027	-5403	3243182	-7558	3236239	-4788	-6943
ENSMUST00000111596	ATTCAGCGACACTCTCTTCTCCACACTCTCTTCACACCAACCCGTGGCCTGGCCCAACCCAC	123443136	123443201	-65	123445467	-2331	123443198	-3	-2269
ENSMUST00000111596	ATTCAGCGACACTCTCTTCTCCACACTCTCTTCACACCAACCCGTGGCCTGGCCCAACCCAC	123443136	123443965	-829	123445467	-2331	123443198	-767	-2269
ENSMUST00000111596	ATTCAGCGACACTCTCTTCTCCACACTCTCTTCACACCAACCCGTGGCCTGGCCCAACCCAC	123443136	123450223	-7087	123452537	-9401	123443198	-7025	-9339
ENSMUST00000021135	ATAGGCTTACAACCAAAAATATAAGAGTTCGGTTCCTAGCACCCATAGCTGTCTCTCCAGCC	73083073	73069813	13260	73073225	9848	73083135	13322	9910
ENSMUST00000021135	ATAGGCTTACAACCAAAAATATAAGAGTTCGGTTCCTAGCACCCATAGCTGTCTCTCCAGCC	73083073	73073520	9553	73077854	5219	73083135	9615	5281
ENSMUST00000101432	GTCCCGTTGCTACAGTCAGTCTCCTTGGTTAGTTAAGACAAAGCCCTCATTAACATTTGCTG	54069877	53248747	821130	53501033	568844	54069939	821192	568906
ENSMUST00000101432	GTCCCGTTGCTACAGTCAGTCTCCTTGGTTAGTTAAGACAAAGCCCTCATTAACATTTGCTG	54069877	53354434	715443	53640459	429418	54069939	715505	429480
ENSMUST00000101432	GTCCCGTTGCTACAGTCAGTCTCCTTGGTTAGTTAAGACAAAGCCCTCATTAACATTTGCTG	54069877	53501278	568599	53831695	238182	54069939	568661	238244
ENSMUST00000101432	GTCCCGTTGCTACAGTCAGTCTCCTTGGTTAGTTAAGACAAAGCCCTCATTAACATTTGCTG	54069877	54044725	25152	54065790	4087	54069939	25214	4149
ENSMUST00000101432	GTCCCGTTGCTACAGTCAGTCTCCTTGGTTAGTTAAGACAAAGCCCTCATTAACATTTGCTG	54069877	54048872	21005	54065790	4087	54069939	21067	4149
ENSMUST00000101432	GTCCCGTTGCTACAGTCAGTCTCCTTGGTTAGTTAAGACAAAGCCCTCATTAACATTTGCTG	54069877	53248747	821130	53501033	568844	54069939	821192	568906
ENSMUST00000101432	GTCCCGTTGCTACAGTCAGTCTCCTTGGTTAGTTAAGACAAAGCCCTCATTAACATTTGCTG	54069877	53354434	715443	53640459	429418	54069939	715505	429480
ENSMUST00000101432	GTCCCGTTGCTACAGTCAGTCTCCTTGGTTAGTTAAGACAAAGCCCTCATTAACATTTGCTG	54069877	53501278	568599	53831695	238182	54069939	568661	238244
ENSMUST00000101432	GTCCCGTTGCTACAGTCAGTCTCCTTGGTTAGTTAAGACAAAGCCCTCATTAACATTTGCTG	54069877	54044725	25152	54065790	4087	54069939	25214	4149
ENSMUST00000101432	GTCCCGTTGCTACAGTCAGTCTCCTTGGTTAGTTAAGACAAAGCCCTCATTAACATTTGCTG	54069877	54048872	21005	54065790	4087	54069939	21067	4149
ENSMUST00000163979	TAAGGTTGCCGAAAAGCGGACCTCTCCATCCAAGCCTTCATCTGCCCCAGCCCTCAAACCTG	110067501	109931940	135561	109999771	67730	110067563	135623	67792
ENSMUST00000163979	TAAGGTTGCCGAAAAGCGGACCTCTCCATCCAAGCCTTCATCTGCCCCAGCCCTCAAACCTG	110067501	109979091	88410	110026100	41401	110067563	88472	41463
ENSMUST00000163979	TAAGGTTGCCGAAAAGCGGACCTCTCCATCCAAGCCTTCATCTGCCCCAGCCCTCAAACCTG	110067501	109979091	88410	110032098	35403	110067563	88472	35465
ENSMUST00000163979	TAAGGTTGCCGAAAAGCGGACCTCTCCATCCAAGCCTTCATCTGCCCCAGCCCTCAAACCTG	110067501	109999840	67661	110027678	39823	110067563	67723	39885
ENSMUST00000163979	TAAGGTTGCCGAAAAGCGGACCTCTCCATCCAAGCCTTCATCTGCCCCAGCCCTCAAACCTG	110067501	109999840	67661	110032098	35403	110067563	67723	35465
ENSMUST00000163979	TAAGGTTGCCGAAAAGCGGACCTCTCCATCCAAGCCTTCATCTGCCCCAGCCCTCAAACCTG	110067501	109999840	67661	110063016	4485	110067563	67723	4547
ENSMUST00000163979	TAAGGTTGCCGAAAAGCGGACCTCTCCATCCAAGCCTTCATCTGCCCCAGCCCTCAAACCTG	110067501	110027792	39709	110034372	33129	110067563	39771	33191
ENSMUST00000163979	TAAGGTTGCCGAAAAGCGGACCTCTCCATCCAAGCCTTCATCTGCCCCAGCCCTCAAACCTG	110067501	110032233	35268	110036741	30760	110067563	35330	30822
ENSMUST00000163979	TAAGGTTGCCGAAAAGCGGACCTCTCCATCCAAGCCTTCATCTGCCCCAGCCCTCAAACCTG	110067501	110036855	30646	110063016	4485	110067563	30708	4547
ENSMUST00000163979	TAAGGTTGCCGAAAAGCGGACCTCTCCATCCAAGCCTTCATCTGCCCCAGCCCTCAAACCTG	110067501	110063123	4378	110067484	17	110067563	4440	79
ENSMUST00000163979	TAAGGTTGCCGAAAAGCGGACCTCTCCATCCAAGCCTTCATCTGCCCCAGCCCTCAAACCTG	110067501	110068985	-1484	110072612	-5111	110067563	-1422	-5049
ENSMUST00000163979	TAAGGTTGCCGAAAAGCGGACCTCTCCATCCAAGCCTTCATCTGCCCCAGCCCTCAAACCTG	110067501	110068985	-1484	110078002	-10501	110067563	-1422	-10439
ENSMUST00000163979	TAAGGTTGCCGAAAAGCGGACCTCTCCATCCAAGCCTTCATCTGCCCCAGCCCTCAAACCTG	110067501	110068985	-1484	110078002	-10501	110067563	-1422	-10439
ENSMUST00000163979	TAAGGTTGCCGAAAAGCGGACCTCTCCATCCAAGCCTTCATCTGCCCCAGCCCTCAAACCTG	110067501	110068985	-1484	110081420	-13919	110067563	-1422	-13857
ENSMUST00000163979	TAAGGTTGCCGAAAAGCGGACCTCTCCATCCAAGCCTTCATCTGCCCCAGCCCTCAAACCTG	110067501	110071139	-3638	110078002	-10501	110067563	-3576	-10439
ENSMUST00000163979	TAAGGTTGCCGAAAAGCGGACCTCTCCATCCAAGCCTTCATCTGCCCCAGCCCTCAAACCTG	110067501	110068985	-1484	110081420	-13919	110067563	-1422	-13857
ENSMUST00000163979	TAAGGTTGCCGAAAAGCGGACCTCTCCATCCAAGCCTTCATCTGCCCCAGCCCTCAAACCTG	110067501	110072705	-5204	110081420	-13919	110067563	-5142	-13857
ENSMUST00000163979	TAAGGTTGCCGAAAAGCGGACCTCTCCATCCAAGCCTTCATCTGCCCCAGCCCTCAAACCTG	110067501	110078084	-10583	110081420	-13919	110067563	-10521	-13857
ENSMUST00000163979	TAAGGTTGCCGAAAAGCGGACCTCTCCATCCAAGCCTTCATCTGCCCCAGCCCTCAAACCTG	110067501	110078084	-10583	110081420	-13919	110067563	-10521	-13857
ENSMUST00000163979	TAAGGTTGCCGAAAAGCGGACCTCTCCATCCAAGCCTTCATCTGCCCCAGCCCTCAAACCTG	110067501	110079893	-12392	110081734	-14233	110067563	-12330	-14171
ENSMUST00000163979	TAAGGTTGCCGAAAAGCGGACCTCTCCATCCAAGCCTTCATCTGCCCCAGCCCTCAAACCTG	110067501	110079893	-12392	110081840	-14339	110067563	-12330	-14277
ENSMUST00000163979	TAAGGTTGCCGAAAAGCGGACCTCTCCATCCAAGCCTTCATCTGCCCCAGCCCTCAAACCTG	110067501	110079896	-12395	110081840	-14339	110067563	-12333	-14277
ENSMUST00000163979	TAAGGTTGCCGAAAAGCGGACCTCTCCATCCAAGCCTTCATCTGCCCCAGCCCTCAAACCTG	110067501	109931940	135561	109999771	67730	110067563	135623	67792
ENSMUST00000163979	TAAGGTTGCCGAAAAGCGGACCTCTCCATCCAAGCCTTCATCTGCCCCAGCCCTCAAACCTG	110067501	109979091	88410	110026100	41401	110067563	88472	41463
ENSMUST00000163979	TAAGGTTGCCGAAAAGCGGACCTCTCCATCCAAGCCTTCATCTGCCCCAGCCCTCAAACCTG	110067501	109979091	88410	110032098	35403	110067563	88472	35465
ENSMUST00000163979	TAAGGTTGCCGAAAAGCGGACCTCTCCATCCAAGCCTTCATCTGCCCCAGCCCTCAAACCTG	110067501	109999840	67661	110027678	39823	110067563	67723	39885
ENSMUST00000163979	TAAGGTTGCCGAAAAGCGGACCTCTCCATCCAAGCCTTCATCTGCCCCAGCCCTCAAACCTG	110067501	109999840	67661	110032098	35403	110067563	67723	35465
ENSMUST00000163979	TAAGGTTGCCGAAAAGCGGACCTCTCCATCCAAGCCTTCATCTGCCCCAGCCCTCAAACCTG	110067501	109999840	67661	110063016	4485	110067563	67723	4547
ENSMUST00000163979	TAAGGTTGCCGAAAAGCGGACCTCTCCATCCAAGCCTTCATCTGCCCCAGCCCTCAAACCTG	110067501	110027792	39709	110034372	33129	110067563	39771	33191
ENSMUST00000163979	TAAGGTTGCCGAAAAGCGGACCTCTCCATCCAAGCCTTCATCTGCCCCAGCCCTCAAACCTG	110067501	110032233	35268	110036741	30760	110067563	35330	30822
ENSMUST00000163979	TAAGGTTGCCGAAAAGCGGACCTCTCCATCCAAGCCTTCATCTGCCCCAGCCCTCAAACCTG	110067501	110036855	30646	110063016	4485	110067563	30708	4547
ENSMUST00000163979	TAAGGTTGCCGAAAAGCGGACCTCTCCATCCAAGCCTTCATCTGCCCCAGCCCTCAAACCTG	110067501	110063123	4378	110067484	17	110067563	4440	79
ENSMUST00000163979	TAAGGTTGCCGAAAAGCGGACCTCTCCATCCAAGCCTTCATCTGCCCCAGCCCTCAAACCTG	110067501	110068985	-1484	110072612	-5111	110067563	-1422	-5049
ENSMUST00000163979	TAAGGTTGCCGAAAAGCGGACCTCTCCATCCAAGCCTTCATCTGCCCCAGCCCTCAAACCTG	110067501	110068985	-1484	110078002	-10501	110067563	-1422	-10439
ENSMUST00000163979	TAAGGTTGCCGAAAAGCGGACCTCTCCATCCAAGCCTTCATCTGCCCCAGCCCTCAAACCTG	110067501	110068985	-1484	110078002	-10501	110067563	-1422	-10439
ENSMUST00000163979	TAAGGTTGCCGAAAAGCGGACCTCTCCATCCAAGCCTTCATCTGCCCCAGCCCTCAAACCTG	110067501	110068985	-1484	110081420	-13919	110067563	-1422	-13857
ENSMUST00000163979	TAAGGTTGCCGAAAAGCGGACCTCTCCATCCAAGCCTTCATCTGCCCCAGCCCTCAAACCTG	110067501	110071139	-3638	110078002	-10501	110067563	-3576	-10439
ENSMUST00000163979	TAAGGTTGCCGAAAAGCGGACCTCTCCATCCAAGCCTTCATCTGCCCCAGCCCTCAAACCTG	110067501	110068985	-1484	110081420	-13919	110067563	-1422	-13857
ENSMUST00000163979	TAAGGTTGCCGAAAAGCGGACCTCTCCATCCAAGCCTTCATCTGCCCCAGCCCTCAAACCTG	110067501	110072705	-5204	110081420	-13919	110067563	-5142	-13857
ENSMUST00000163979	TAAGGTTGCCGAAAAGCGGACCTCTCCATCCAAGCCTTCATCTGCCCCAGCCCTCAAACCTG	110067501	110078084	-10583	110081420	-13919	110067563	-10521	-13857
ENSMUST00000163979	TAAGGTTGCCGAAAAGCGGACCTCTCCATCCAAGCCTTCATCTGCCCCAGCCCTCAAACCTG	110067501	110078084	-10583	110081420	-13919	110067563	-10521	-13857
ENSMUST00000163979	TAAGGTTGCCGAAAAGCGGACCTCTCCATCCAAGCCTTCATCTGCCCCAGCCCTCAAACCTG	110067501	110079893	-12392	110081734	-14233	110067563	-12330	-14171
ENSMUST00000163979	TAAGGTTGCCGAAAAGCGGACCTCTCCATCCAAGCCTTCATCTGCCCCAGCCCTCAAACCTG	110067501	110079893	-12392	110081840	-14339	110067563	-12330	-14277
ENSMUST00000163979	TAAGGTTGCCGAAAAGCGGACCTCTCCATCCAAGCCTTCATCTGCCCCAGCCCTCAAACCTG	110067501	110079896	-12395	110081840	-14339	110067563	-12333	-14277
ENSMUST00000099295	CTTTCAGAGAACTTTGCTGAAGAAAGTCTGGAAGGGCTGGCGCTCTGTGGTACAGAGGCAGT	96401613	96391675	9938	96394491	7122	96401675	10000	7184
ENSMUST00000099295	CTTTCAGAGAACTTTGCTGAAGAAAGTCTGGAAGGGCTGGCGCTCTGTGGTACAGAGGCAGT	96401613	96393344	8269	96396639	4974	96401675	8331	5036
ENSMUST00000099295	CTTTCAGAGAACTTTGCTGAAGAAAGTCTGGAAGGGCTGGCGCTCTGTGGTACAGAGGCAGT	96401613	96404683	-3070	96414478	-12865	96401675	-3008	-12803
ENSMUST00000061837	AACAATAAGACAGCAGAGCGCCGGAGGCCCCTGGATGAATTCAACAATGGAGTTGTCATGAC	69904071	69903452	619	69903864	207	69904133	681	269
ENSMUST00000061837	AACAATAAGACAGCAGAGCGCCGGAGGCCCCTGGATGAATTCAACAATGGAGTTGTCATGAC	69904071	69903452	619	69903864	207	69904133	681	269
ENSMUST00000061837	AACAATAAGACAGCAGAGCGCCGGAGGCCCCTGGATGAATTCAACAATGGAGTTGTCATGAC	69904071	69907182	-3111	69907423	-3352	69904133	-3049	-3290
ENSMUST00000061837	AACAATAAGACAGCAGAGCGCCGGAGGCCCCTGGATGAATTCAACAATGGAGTTGTCATGAC	69904071	69908227	-4156	69908677	-4606	69904133	-4094	-4544
ENSMUST00000061837	AACAATAAGACAGCAGAGCGCCGGAGGCCCCTGGATGAATTCAACAATGGAGTTGTCATGAC	69904071	69909712	-5641	69910734	-6663	69904133	-5579	-6601
ENSMUST00000061837	AACAATAAGACAGCAGAGCGCCGGAGGCCCCTGGATGAATTCAACAATGGAGTTGTCATGAC	69904071	69911854	-7783	69913126	-9055	69904133	-7721	-8993
ENSMUST00000061837	AACAATAAGACAGCAGAGCGCCGGAGGCCCCTGGATGAATTCAACAATGGAGTTGTCATGAC	69904071	69912094	-8023	69913126	-9055	69904133	-7961	-8993
ENSMUST00000098070	ATTTTGGGGACTCTGGAAGGCTTTACTATTGTAAACACTGTGACTTTAATAATAAATCTGCC	55010517	55020207	-9690	55050185	-39668	55010579	-9628	-39606
ENSMUST00000098070	ATTTTGGGGACTCTGGAAGGCTTTACTATTGTAAACACTGTGACTTTAATAATAAATCTGCC	55010517	55051327	-40810	55072972	-62455	55010579	-40748	-62393
ENSMUST00000098070	ATTTTGGGGACTCTGGAAGGCTTTACTATTGTAAACACTGTGACTTTAATAATAAATCTGCC	55010517	55060237	-49720	55079263	-68746	55010579	-49658	-68684
ENSMUST00000028525	TTTCTGGATGACGAGCGTGAGGATGCCCCTTTGCCTACTGAGGAAGAGAAGAAGGAGTGTGA	72179970	71981351	198619	72034030	145940	72180032	198681	146002
ENSMUST00000028525	TTTCTGGATGACGAGCGTGAGGATGCCCCTTTGCCTACTGAGGAAGAGAAGAAGGAGTGTGA	72179970	72137314	42656	72178177	1793	72180032	42718	1855
ENSMUST00000028525	TTTCTGGATGACGAGCGTGAGGATGCCCCTTTGCCTACTGAGGAAGAGAAGAAGGAGTGTGA	72179970	72141172	38798	72174801	5169	72180032	38860	5231
ENSMUST00000028525	TTTCTGGATGACGAGCGTGAGGATGCCCCTTTGCCTACTGAGGAAGAGAAGAAGGAGTGTGA	72179970	72141172	38798	72178177	1793	72180032	38860	1855
ENSMUST00000028525	TTTCTGGATGACGAGCGTGAGGATGCCCCTTTGCCTACTGAGGAAGAGAAGAAGGAGTGTGA	72179970	72195721	-15751	72198336	-18366	72180032	-15689	-18304
ENSMUST00000028525	TTTCTGGATGACGAGCGTGAGGATGCCCCTTTGCCTACTGAGGAAGAGAAGAAGGAGTGTGA	72179970	72198905	-18935	72205654	-25684	72180032	-18873	-25622
ENSMUST00000028525	TTTCTGGATGACGAGCGTGAGGATGCCCCTTTGCCTACTGAGGAAGAGAAGAAGGAGTGTGA	72179970	72223167	-43197	72225748	-45778	72180032	-43135	-45716
ENSMUST00000028525	TTTCTGGATGACGAGCGTGAGGATGCCCCTTTGCCTACTGAGGAAGAGAAGAAGGAGTGTGA	72179970	72241477	-61507	72242727	-62757	72180032	-61445	-62695
ENSMUST00000028525	TTTCTGGATGACGAGCGTGAGGATGCCCCTTTGCCTACTGAGGAAGAGAAGAAGGAGTGTGA	72179970	72241477	-61507	72252939	-72969	72180032	-61445	-72907
ENSMUST00000028525	TTTCTGGATGACGAGCGTGAGGATGCCCCTTTGCCTACTGAGGAAGAGAAGAAGGAGTGTGA	72179970	72242792	-62822	72256248	-76278	72180032	-62760	-76216
ENSMUST00000084513	CAAAAATGCAAGAGTCTCCCAAACTGTCCCAACAATCGTACAACTTTGACCCTGACGCCTGT	130729621	130601937	127684	130674601	55020	130729683	127746	55082
ENSMUST00000084513	CAAAAATGCAAGAGTCTCCCAAACTGTCCCAACAATCGTACAACTTTGACCCTGACGCCTGT	130729621	130663141	66480	130716702	12919	130729683	66542	12981
ENSMUST00000084513	CAAAAATGCAAGAGTCTCCCAAACTGTCCCAACAATCGTACAACTTTGACCCTGACGCCTGT	130729621	130692987	36634	130728522	1099	130729683	36696	1161
ENSMUST00000084513	CAAAAATGCAAGAGTCTCCCAAACTGTCCCAACAATCGTACAACTTTGACCCTGACGCCTGT	130729621	130729828	-207	130733505	-3884	130729683	-145	-3822
ENSMUST00000084513	CAAAAATGCAAGAGTCTCCCAAACTGTCCCAACAATCGTACAACTTTGACCCTGACGCCTGT	130729621	130742301	-12680	130751189	-21568	130729683	-12618	-21506
ENSMUST00000084513	CAAAAATGCAAGAGTCTCCCAAACTGTCCCAACAATCGTACAACTTTGACCCTGACGCCTGT	130729621	130743684	-14063	130751189	-21568	130729683	-14001	-21506
ENSMUST00000084513	CAAAAATGCAAGAGTCTCCCAAACTGTCCCAACAATCGTACAACTTTGACCCTGACGCCTGT	130729621	130743684	-14063	130751833	-22212	130729683	-14001	-22150
ENSMUST00000023291	CGGGTGTCGCAGGGCGTGTCACGAGGTGAGTGGGGAGACAGAGGCCGCGAGCCTGAGCACCAA	89454101	89454285	-184	89456524	-2423	89454164	-121	-2360
ENSMUST00000022977	CTTGCTTGAGGAGGAATCTCCAAGGGAGGGCTGAGCTGCCAGGCTGCCGCCGCGCTTCGGGAC	59315259	59323727	-8468	59324461	-9202	59315322	-8405	-9139
ENSMUST00000022977	CTTGCTTGAGGAGGAATCTCCAAGGGAGGGCTGAGCTGCCAGGCTGCCGCCGCGCTTCGGGAC	59315259	59323978	-8719	59326034	-10775	59315322	-8656	-10712
ENSMUST00000112223	GGTAAGCATCCTTTGAAAAATAATTTTCTTGAACTTAAACTCTGAGCAGTCAGTATCTCTCAA	166385717	166239136	146581	166367027	18690	166385780	146644	18753
ENSMUST00000112223	GGTAAGCATCCTTTGAAAAATAATTTTCTTGAACTTAAACTCTGAGCAGTCAGTATCTCTCAA	166385717	166239136	146581	166372637	13080	166385780	146644	13143
ENSMUST00000112223	GGTAAGCATCCTTTGAAAAATAATTTTCTTGAACTTAAACTCTGAGCAGTCAGTATCTCTCAA	166385717	166345081	40636	166367027	18690	166385780	40699	18753
ENSMUST00000112223	GGTAAGCATCCTTTGAAAAATAATTTTCTTGAACTTAAACTCTGAGCAGTCAGTATCTCTCAA	166385717	166345081	40636	166372637	13080	166385780	40699	13143
ENSMUST00000112223	GGTAAGCATCCTTTGAAAAATAATTTTCTTGAACTTAAACTCTGAGCAGTCAGTATCTCTCAA	166385717	166239136	146581	166372637	13080	166385780	146644	13143
ENSMUST00000112223	GGTAAGCATCCTTTGAAAAATAATTTTCTTGAACTTAAACTCTGAGCAGTCAGTATCTCTCAA	166385717	166345081	40636	166372637	13080	166385780	40699	13143
ENSMUST00000112223	GGTAAGCATCCTTTGAAAAATAATTTTCTTGAACTTAAACTCTGAGCAGTCAGTATCTCTCAA	166385717	166353684	32033	166372637	13080	166385780	32096	13143
ENSMUST00000112223	GGTAAGCATCCTTTGAAAAATAATTTTCTTGAACTTAAACTCTGAGCAGTCAGTATCTCTCAA	166385717	166239136	146581	166375632	10085	166385780	146644	10148
ENSMUST00000112223	GGTAAGCATCCTTTGAAAAATAATTTTCTTGAACTTAAACTCTGAGCAGTCAGTATCTCTCAA	166385717	166375789	9928	166382448	3269	166385780	9991	3332
ENSMUST00000112223	GGTAAGCATCCTTTGAAAAATAATTTTCTTGAACTTAAACTCTGAGCAGTCAGTATCTCTCAA	166385717	166380159	5558	166383934	1783	166385780	5621	1846
ENSMUST00000112223	GGTAAGCATCCTTTGAAAAATAATTTTCTTGAACTTAAACTCTGAGCAGTCAGTATCTCTCAA	166385717	166382522	3195	166385390	327	166385780	3258	390
ENSMUST00000112223	GGTAAGCATCCTTTGAAAAATAATTTTCTTGAACTTAAACTCTGAGCAGTCAGTATCTCTCAA	166385717	166382522	3195	166386951	-1234	166385780	3258	-1171
ENSMUST00000112223	GGTAAGCATCCTTTGAAAAATAATTTTCTTGAACTTAAACTCTGAGCAGTCAGTATCTCTCAA	166385717	166382522	3195	166386951	-1234	166385780	3258	-1171
ENSMUST00000112223	GGTAAGCATCCTTTGAAAAATAATTTTCTTGAACTTAAACTCTGAGCAGTCAGTATCTCTCAA	166385717	166384000	1717	166386951	-1234	166385780	1780	-1171
ENSMUST00000106933	CGTCAATCCTGGTTGGTGCTATGTTCATTTTCTGTAATCTCTACTCCACGCCTGGCCCTGCTG	101611246	101496763	114483	101597800	13446	101611309	114546	13509
ENSMUST00000106933	CGTCAATCCTGGTTGGTGCTATGTTCATTTTCTGTAATCTCTACTCCACGCCTGGCCCTGCTG	101611246	101508182	103064	101597800	13446	101611309	103127	13509
ENSMUST00000106933	CGTCAATCCTGGTTGGTGCTATGTTCATTTTCTGTAATCTCTACTCCACGCCTGGCCCTGCTG	101611246	101508182	103064	101606588	4658	101611309	103127	4721
ENSMUST00000106933	CGTCAATCCTGGTTGGTGCTATGTTCATTTTCTGTAATCTCTACTCCACGCCTGGCCCTGCTG	101611246	101508182	103064	101606588	4658	101611309	103127	4721
ENSMUST00000106933	CGTCAATCCTGGTTGGTGCTATGTTCATTTTCTGTAATCTCTACTCCACGCCTGGCCCTGCTG	101611246	101532062	79184	101606588	4658	101611309	79247	4721
ENSMUST00000106933	CGTCAATCCTGGTTGGTGCTATGTTCATTTTCTGTAATCTCTACTCCACGCCTGGCCCTGCTG	101611246	101597951	13295	101599094	12152	101611309	13358	12215
ENSMUST00000106933	CGTCAATCCTGGTTGGTGCTATGTTCATTTTCTGTAATCTCTACTCCACGCCTGGCCCTGCTG	101611246	101597951	13295	101606588	4658	101611309	13358	4721
ENSMUST00000106933	CGTCAATCCTGGTTGGTGCTATGTTCATTTTCTGTAATCTCTACTCCACGCCTGGCCCTGCTG	101611246	101597951	13295	101606588	4658	101611309	13358	4721
ENSMUST00000106933	CGTCAATCCTGGTTGGTGCTATGTTCATTTTCTGTAATCTCTACTCCACGCCTGGCCCTGCTG	101611246	101599000	12246	101606588	4658	101611309	12309	4721
ENSMUST00000106933	CGTCAATCCTGGTTGGTGCTATGTTCATTTTCTGTAATCTCTACTCCACGCCTGGCCCTGCTG	101611246	101597951	13295	101611224	22	101611309	13358	85
ENSMUST00000106933	CGTCAATCCTGGTTGGTGCTATGTTCATTTTCTGTAATCTCTACTCCACGCCTGGCCCTGCTG	101611246	101623795	-12549	101628036	-16790	101611309	-12486	-16727
ENSMUST00000106933	CGTCAATCCTGGTTGGTGCTATGTTCATTTTCTGTAATCTCTACTCCACGCCTGGCCCTGCTG	101611246	101625761	-14515	101634990	-23744	101611309	-14452	-23681
ENSMUST00000195636	GCGGCTCCGGTGAACGCTTCAGAGTGAGATCATCATCCAAGTCTGAAGGTTCTCCATCGCCAC	40006810	39901574	105236	39973926	32884	40007484	105910	33558
ENSMUST00000195636	GCGGCTCCGGTGAACGCTTCAGAGTGAGATCATCATCCAAGTCTGAAGGTTCTCCATCGCCAC	40006810	39976817	29993	39983138	23672	40007484	30667	24346
ENSMUST00000195636	GCGGCTCCGGTGAACGCTTCAGAGTGAGATCATCATCCAAGTCTGAAGGTTCTCCATCGCCAC	40006810	39997182	9628	40000530	6280	40007484	10302	6954
ENSMUST00000195636	GCGGCTCCGGTGAACGCTTCAGAGTGAGATCATCATCCAAGTCTGAAGGTTCTCCATCGCCAC	40006810	39997182	9628	40003756	3054	40007484	10302	3728
ENSMUST00000195636	GCGGCTCCGGTGAACGCTTCAGAGTGAGATCATCATCCAAGTCTGAAGGTTCTCCATCGCCAC	40006810	39997182	9628	40003762	3048	40007484	10302	3722
ENSMUST00000195636	GCGGCTCCGGTGAACGCTTCAGAGTGAGATCATCATCCAAGTCTGAAGGTTCTCCATCGCCAC	40006810	40000749	6061	40003756	3054	40007484	6735	3728
ENSMUST00000195636	GCGGCTCCGGTGAACGCTTCAGAGTGAGATCATCATCCAAGTCTGAAGGTTCTCCATCGCCAC	40006810	40000749	6061	40003762	3048	40007484	6735	3722
ENSMUST00000195636	GCGGCTCCGGTGAACGCTTCAGAGTGAGATCATCATCCAAGTCTGAAGGTTCTCCATCGCCAC	40006810	40000749	6061	40004806	2004	40007484	6735	2678
ENSMUST00000195636	GCGGCTCCGGTGAACGCTTCAGAGTGAGATCATCATCCAAGTCTGAAGGTTCTCCATCGCCAC	40006810	39997182	9628	40004806	2004	40007484	10302	2678
ENSMUST00000195636	GCGGCTCCGGTGAACGCTTCAGAGTGAGATCATCATCCAAGTCTGAAGGTTCTCCATCGCCAC	40006810	40000749	6061	40004806	2004	40007484	6735	2678
ENSMUST00000195636	GCGGCTCCGGTGAACGCTTCAGAGTGAGATCATCATCCAAGTCTGAAGGTTCTCCATCGCCAC	40006810	40001591	5219	40004806	2004	40007484	5893	2678
ENSMUST00000195636	GCGGCTCCGGTGAACGCTTCAGAGTGAGATCATCATCCAAGTCTGAAGGTTCTCCATCGCCAC	40006810	39997182	9628	40004806	2004	40007484	10302	2678
ENSMUST00000195636	GCGGCTCCGGTGAACGCTTCAGAGTGAGATCATCATCCAAGTCTGAAGGTTCTCCATCGCCAC	40006810	40000749	6061	40004806	2004	40007484	6735	2678
ENSMUST00000195636	GCGGCTCCGGTGAACGCTTCAGAGTGAGATCATCATCCAAGTCTGAAGGTTCTCCATCGCCAC	40006810	40001591	5219	40004806	2004	40007484	5893	2678
ENSMUST00000195636	GCGGCTCCGGTGAACGCTTCAGAGTGAGATCATCATCCAAGTCTGAAGGTTCTCCATCGCCAC	40006810	40007530	-720	40009687	-2877	40007484	-46	-2203
ENSMUST00000195636	GCGGCTCCGGTGAACGCTTCAGAGTGAGATCATCATCCAAGTCTGAAGGTTCTCCATCGCCAC	40006810	40010677	-3867	40014105	-7295	40007484	-3193	-6621
ENSMUST00000195636	GCGGCTCCGGTGAACGCTTCAGAGTGAGATCATCATCCAAGTCTGAAGGTTCTCCATCGCCAC	40006810	40010677	-3867	40017109	-10299	40007484	-3193	-9625
ENSMUST00000195636	GCGGCTCCGGTGAACGCTTCAGAGTGAGATCATCATCCAAGTCTGAAGGTTCTCCATCGCCAC	40006810	40014223	-7413	40017109	-10299	40007484	-6739	-9625
ENSMUST00000195636	GCGGCTCCGGTGAACGCTTCAGAGTGAGATCATCATCCAAGTCTGAAGGTTCTCCATCGCCAC	40006810	40021184	-14374	40023359	-16549	40007484	-13700	-15875
ENSMUST00000110000	ACATGTCACAGCTCTCTCTGTCGCCCCTGAATTCCGCCGTCTTGGCTTGGCTGCTAAACTTAT	145912442	145903362	9080	145911696	746	145912505	9143	809
ENSMUST00000215588	AGACCACTAAGTGGTATCAGTTTTCCATCCTGGCCAGATGCACTCTTGATGACTACGAGGTGGT	45026308	45042033	-15725	45043922	-17614	45026372	-15661	-17550
ENSMUST00000215588	AGACCACTAAGTGGTATCAGTTTTCCATCCTGGCCAGATGCACTCTTGATGACTACGAGGTGGT	45026308	45045168	-18860	45047649	-21341	45026372	-18796	-21277
ENSMUST00000215588	AGACCACTAAGTGGTATCAGTTTTCCATCCTGGCCAGATGCACTCTTGATGACTACGAGGTGGT	45026308	45045168	-18860	45049841	-23533	45026372	-18796	-23469
ENSMUST00000215588	AGACCACTAAGTGGTATCAGTTTTCCATCCTGGCCAGATGCACTCTTGATGACTACGAGGTGGT	45026308	45045168	-18860	45050780	-24472	45026372	-18796	-24408
ENSMUST00000237430	CATGAGTTCCGACACCAGCCCAGCTGTGGTTACCACGCCTCCTCCTCCCAGCATGCCTCACAAA	53216821	53140714	76107	53216800	21	53216885	76171	85
ENSMUST00000237430	CATGAGTTCCGACACCAGCCCAGCTGTGGTTACCACGCCTCCTCCTCCCAGCATGCCTCACAAA	53216821	53140714	76107	53226590	-9769	53216885	76171	-9705
ENSMUST00000237430	CATGAGTTCCGACACCAGCCCAGCTGTGGTTACCACGCCTCCTCCTCCCAGCATGCCTCACAAA	53216821	53239493	-22672	53244309	-27488	53216885	-22608	-27424
ENSMUST00000237430	CATGAGTTCCGACACCAGCCCAGCTGTGGTTACCACGCCTCCTCCTCCCAGCATGCCTCACAAA	53216821	53242627	-25806	53244997	-28176	53216885	-25742	-28112
ENSMUST00000003710	ATAAATCTAAGTCTGCAACCACCACTCCCTCAGGCTCTCCACGGACTTCACAGCAGAATGTCTC	86965479	86850215	115264	86935429	30050	86965543	115328	30114
ENSMUST00000003710	ATAAATCTAAGTCTGCAACCACCACTCCCTCAGGCTCTCCACGGACTTCACAGCAGAATGTCTC	86965479	86937084	28395	86946103	19376	86965543	28459	19440
ENSMUST00000003710	ATAAATCTAAGTCTGCAACCACCACTCCCTCAGGCTCTCCACGGACTTCACAGCAGAATGTCTC	86965479	86946185	19294	86949541	15938	86965543	19358	16002
ENSMUST00000003710	ATAAATCTAAGTCTGCAACCACCACTCCCTCAGGCTCTCCACGGACTTCACAGCAGAATGTCTC	86965479	86946993	18486	86950780	14699	86965543	18550	14763
ENSMUST00000003710	ATAAATCTAAGTCTGCAACCACCACTCCCTCAGGCTCTCCACGGACTTCACAGCAGAATGTCTC	86965479	86956572	8907	86963992	1487	86965543	8971	1551
ENSMUST00000003710	ATAAATCTAAGTCTGCAACCACCACTCCCTCAGGCTCTCCACGGACTTCACAGCAGAATGTCTC	86965479	86965634	-155	86970990	-5511	86965543	-91	-5447
ENSMUST00000003710	ATAAATCTAAGTCTGCAACCACCACTCCCTCAGGCTCTCCACGGACTTCACAGCAGAATGTCTC	86965479	86965634	-155	86981295	-15816	86965543	-91	-15752
ENSMUST00000003710	ATAAATCTAAGTCTGCAACCACCACTCCCTCAGGCTCTCCACGGACTTCACAGCAGAATGTCTC	86965479	86965634	-155	86981295	-15816	86965543	-91	-15752
ENSMUST00000003710	ATAAATCTAAGTCTGCAACCACCACTCCCTCAGGCTCTCCACGGACTTCACAGCAGAATGTCTC	86965479	86967373	-1894	86981295	-15816	86965543	-1830	-15752
ENSMUST00000003710	ATAAATCTAAGTCTGCAACCACCACTCCCTCAGGCTCTCCACGGACTTCACAGCAGAATGTCTC	86965479	86967373	-1894	86982541	-17062	86965543	-1830	-16998
ENSMUST00000003710	ATAAATCTAAGTCTGCAACCACCACTCCCTCAGGCTCTCCACGGACTTCACAGCAGAATGTCTC	86965479	86967373	-1894	86982541	-17062	86965543	-1830	-16998
ENSMUST00000003710	ATAAATCTAAGTCTGCAACCACCACTCCCTCAGGCTCTCCACGGACTTCACAGCAGAATGTCTC	86965479	86971086	-5607	86982541	-17062	86965543	-5543	-16998
ENSMUST00000003710	ATAAATCTAAGTCTGCAACCACCACTCCCTCAGGCTCTCCACGGACTTCACAGCAGAATGTCTC	86965479	86850215	115264	86935429	30050	86965543	115328	30114
ENSMUST00000003710	ATAAATCTAAGTCTGCAACCACCACTCCCTCAGGCTCTCCACGGACTTCACAGCAGAATGTCTC	86965479	86937084	28395	86946103	19376	86965543	28459	19440
ENSMUST00000003710	ATAAATCTAAGTCTGCAACCACCACTCCCTCAGGCTCTCCACGGACTTCACAGCAGAATGTCTC	86965479	86946185	19294	86949541	15938	86965543	19358	16002
ENSMUST00000003710	ATAAATCTAAGTCTGCAACCACCACTCCCTCAGGCTCTCCACGGACTTCACAGCAGAATGTCTC	86965479	86946993	18486	86950780	14699	86965543	18550	14763
ENSMUST00000003710	ATAAATCTAAGTCTGCAACCACCACTCCCTCAGGCTCTCCACGGACTTCACAGCAGAATGTCTC	86965479	86956572	8907	86963992	1487	86965543	8971	1551
ENSMUST00000003710	ATAAATCTAAGTCTGCAACCACCACTCCCTCAGGCTCTCCACGGACTTCACAGCAGAATGTCTC	86965479	86965634	-155	86970990	-5511	86965543	-91	-5447
ENSMUST00000003710	ATAAATCTAAGTCTGCAACCACCACTCCCTCAGGCTCTCCACGGACTTCACAGCAGAATGTCTC	86965479	86965634	-155	86981295	-15816	86965543	-91	-15752
ENSMUST00000003710	ATAAATCTAAGTCTGCAACCACCACTCCCTCAGGCTCTCCACGGACTTCACAGCAGAATGTCTC	86965479	86965634	-155	86981295	-15816	86965543	-91	-15752
ENSMUST00000003710	ATAAATCTAAGTCTGCAACCACCACTCCCTCAGGCTCTCCACGGACTTCACAGCAGAATGTCTC	86965479	86967373	-1894	86981295	-15816	86965543	-1830	-15752
ENSMUST00000003710	ATAAATCTAAGTCTGCAACCACCACTCCCTCAGGCTCTCCACGGACTTCACAGCAGAATGTCTC	86965479	86967373	-1894	86982541	-17062	86965543	-1830	-16998
ENSMUST00000003710	ATAAATCTAAGTCTGCAACCACCACTCCCTCAGGCTCTCCACGGACTTCACAGCAGAATGTCTC	86965479	86967373	-1894	86982541	-17062	86965543	-1830	-16998
ENSMUST00000003710	ATAAATCTAAGTCTGCAACCACCACTCCCTCAGGCTCTCCACGGACTTCACAGCAGAATGTCTC	86965479	86971086	-5607	86982541	-17062	86965543	-5543	-16998
ENSMUST00000109485	CGAGTACAGTTACTACTGCTCACACCTCAAAAGTCCAGCACCAGGCATCCTCCACCTCTCCTCT	158437260	158421029	16231	158430416	6844	158437324	16295	6908
ENSMUST00000109485	CGAGTACAGTTACTACTGCTCACACCTCAAAAGTCCAGCACCAGGCATCCTCCACCTCTCCTCT	158437260	158437476	-216	158440769	-3509	158437324	-152	-3445
ENSMUST00000109485	CGAGTACAGTTACTACTGCTCACACCTCAAAAGTCCAGCACCAGGCATCCTCCACCTCTCCTCT	158437260	158456602	-19342	158464071	-26811	158437324	-19278	-26747
ENSMUST00000109485	CGAGTACAGTTACTACTGCTCACACCTCAAAAGTCCAGCACCAGGCATCCTCCACCTCTCCTCT	158437260	158465971	-28711	158473122	-35862	158437324	-28647	-35798
ENSMUST00000109485	CGAGTACAGTTACTACTGCTCACACCTCAAAAGTCCAGCACCAGGCATCCTCCACCTCTCCTCT	158437260	158476270	-39010	158482364	-45104	158437324	-38946	-45040
ENSMUST00000109485	CGAGTACAGTTACTACTGCTCACACCTCAAAAGTCCAGCACCAGGCATCCTCCACCTCTCCTCT	158437260	158477763	-40503	158492363	-55103	158437324	-40439	-55039
ENSMUST00000109485	CGAGTACAGTTACTACTGCTCACACCTCAAAAGTCCAGCACCAGGCATCCTCCACCTCTCCTCT	158437260	158477763	-40503	158492934	-55674	158437324	-40439	-55610
ENSMUST00000114037	TCTTACACTGATCGATCAATGATGTCTATGGCAGCTGATTCTTACACTGATTCTTATACTGATT	91657702	91671465	-13763	91672227	-14525	91657766	-13699	-14461
ENSMUST00000114037	TCTTACACTGATCGATCAATGATGTCTATGGCAGCTGATTCTTACACTGATTCTTATACTGATT	91657702	91673778	-16076	91674694	-16992	91657766	-16012	-16928
ENSMUST00000114037	TCTTACACTGATCGATCAATGATGTCTATGGCAGCTGATTCTTACACTGATTCTTATACTGATT	91657702	91671465	-13763	91674694	-16992	91657766	-13699	-16928
ENSMUST00000114037	TCTTACACTGATCGATCAATGATGTCTATGGCAGCTGATTCTTACACTGATTCTTATACTGATT	91657702	91673778	-16076	91674694	-16992	91657766	-16012	-16928
ENSMUST00000114037	TCTTACACTGATCGATCAATGATGTCTATGGCAGCTGATTCTTACACTGATTCTTATACTGATT	91657702	91671465	-13763	91675400	-17698	91657766	-13699	-17634
ENSMUST00000102973	GAAAATAGAGACTGTAAACAAAAGCTGGAATGCCTTAGCAGCCCCGTCAGAGAAGCTGTATGCG	40188171	40176025	12146	40177778	10393	40188235	12210	10457
ENSMUST00000102973	GAAAATAGAGACTGTAAACAAAAGCTGGAATGCCTTAGCAGCCCCGTCAGAGAAGCTGTATGCG	40188171	40179073	9098	40181382	6789	40188235	9162	6853
ENSMUST00000102973	GAAAATAGAGACTGTAAACAAAAGCTGGAATGCCTTAGCAGCCCCGTCAGAGAAGCTGTATGCG	40188171	40176025	12146	40177778	10393	40188235	12210	10457
ENSMUST00000102973	GAAAATAGAGACTGTAAACAAAAGCTGGAATGCCTTAGCAGCCCCGTCAGAGAAGCTGTATGCG	40188171	40179073	9098	40181382	6789	40188235	9162	6853
ENSMUST00000121401	GGCTTATCATGGCATCCTCGACACACCCTATACCCATATCAAGACACTCTGGGCCTACCTCAAG	54524694	54526672	-1978	54529153	-4459	54524758	-1914	-4395
ENSMUST00000121401	GGCTTATCATGGCATCCTCGACACACCCTATACCCATATCAAGACACTCTGGGCCTACCTCAAG	54524694	54537236	-12542	54541423	-16729	54524758	-12478	-16665
ENSMUST00000112987	AGAAGTATCTATGTGAACTGTGCCTGGACGATGTGCTGTATGCCCGTACCACAAGCAAGCTCAAG	35709893	35558612	151281	35661491	48402	35709958	151346	48467
ENSMUST00000112987	AGAAGTATCTATGTGAACTGTGCCTGGACGATGTGCTGTATGCCCGTACCACAAGCAAGCTCAAG	35709893	35558612	151281	35707647	2246	35709958	151346	2311
ENSMUST00000112987	AGAAGTATCTATGTGAACTGTGCCTGGACGATGTGCTGTATGCCCGTACCACAAGCAAGCTCAAG	35709893	35558612	151281	35707647	2246	35709958	151346	2311
ENSMUST00000112987	AGAAGTATCTATGTGAACTGTGCCTGGACGATGTGCTGTATGCCCGTACCACAAGCAAGCTCAAG	35709893	35643991	65902	35707647	2246	35709958	65967	2311
ENSMUST00000112987	AGAAGTATCTATGTGAACTGTGCCTGGACGATGTGCTGTATGCCCGTACCACAAGCAAGCTCAAG	35709893	35644124	65769	35707647	2246	35709958	65834	2311
ENSMUST00000112987	AGAAGTATCTATGTGAACTGTGCCTGGACGATGTGCTGTATGCCCGTACCACAAGCAAGCTCAAG	35709893	35661625	48268	35708813	1080	35709958	48333	1145
ENSMUST00000112987	AGAAGTATCTATGTGAACTGTGCCTGGACGATGTGCTGTATGCCCGTACCACAAGCAAGCTCAAG	35709893	35707801	2092	35708813	1080	35709958	2157	1145
ENSMUST00000112987	AGAAGTATCTATGTGAACTGTGCCTGGACGATGTGCTGTATGCCCGTACCACAAGCAAGCTCAAG	35709893	35713250	-3357	35717070	-7177	35709958	-3292	-7112
ENSMUST00000112987	AGAAGTATCTATGTGAACTGTGCCTGGACGATGTGCTGTATGCCCGTACCACAAGCAAGCTCAAG	35709893	35720741	-10848	35723028	-13135	35709958	-10783	-13070
ENSMUST00000199659	AGGAAAAACCTAGAGCTCTTTGCCCTGCGCGTTACAAGGAAAGCAACTGGAATTTTAAATTTAGT	59316893	59007100	309793	59037559	279334	59316958	309858	279399
ENSMUST00000199659	AGGAAAAACCTAGAGCTCTTTGCCCTGCGCGTTACAAGGAAAGCAACTGGAATTTTAAATTTAGT	59316893	59007100	309793	59042253	274640	59316958	309858	274705
ENSMUST00000199659	AGGAAAAACCTAGAGCTCTTTGCCCTGCGCGTTACAAGGAAAGCAACTGGAATTTTAAATTTAGT	59316893	59007100	309793	59068241	248652	59316958	309858	248717
ENSMUST00000199659	AGGAAAAACCTAGAGCTCTTTGCCCTGCGCGTTACAAGGAAAGCAACTGGAATTTTAAATTTAGT	59316893	59037751	279142	59042253	274640	59316958	279207	274705
ENSMUST00000199659	AGGAAAAACCTAGAGCTCTTTGCCCTGCGCGTTACAAGGAAAGCAACTGGAATTTTAAATTTAGT	59316893	59007100	309793	59068241	248652	59316958	309858	248717
ENSMUST00000199659	AGGAAAAACCTAGAGCTCTTTGCCCTGCGCGTTACAAGGAAAGCAACTGGAATTTTAAATTTAGT	59316893	59037751	279142	59068241	248652	59316958	279207	248717
ENSMUST00000199659	AGGAAAAACCTAGAGCTCTTTGCCCTGCGCGTTACAAGGAAAGCAACTGGAATTTTAAATTTAGT	59316893	59091621	225272	59093518	223375	59316958	225337	223440
ENSMUST00000199659	AGGAAAAACCTAGAGCTCTTTGCCCTGCGCGTTACAAGGAAAGCAACTGGAATTTTAAATTTAGT	59316893	59235208	81685	59244752	72141	59316958	81750	72206
ENSMUST00000199659	AGGAAAAACCTAGAGCTCTTTGCCCTGCGCGTTACAAGGAAAGCAACTGGAATTTTAAATTTAGT	59316893	59247950	68943	59252195	64698	59316958	69008	64763
ENSMUST00000199659	AGGAAAAACCTAGAGCTCTTTGCCCTGCGCGTTACAAGGAAAGCAACTGGAATTTTAAATTTAGT	59316893	59276034	40859	59301279	15614	59316958	40924	15679
ENSMUST00000199659	AGGAAAAACCTAGAGCTCTTTGCCCTGCGCGTTACAAGGAAAGCAACTGGAATTTTAAATTTAGT	59316893	59294315	22578	59301279	15614	59316958	22643	15679
ENSMUST00000199659	AGGAAAAACCTAGAGCTCTTTGCCCTGCGCGTTACAAGGAAAGCAACTGGAATTTTAAATTTAGT	59316893	59296234	20659	59301279	15614	59316958	20724	15679
ENSMUST00000199659	AGGAAAAACCTAGAGCTCTTTGCCCTGCGCGTTACAAGGAAAGCAACTGGAATTTTAAATTTAGT	59316893	59296234	20659	59301279	15614	59316958	20724	15679
ENSMUST00000199659	AGGAAAAACCTAGAGCTCTTTGCCCTGCGCGTTACAAGGAAAGCAACTGGAATTTTAAATTTAGT	59316893	59276034	40859	59312852	4041	59316958	40924	4106
ENSMUST00000199659	AGGAAAAACCTAGAGCTCTTTGCCCTGCGCGTTACAAGGAAAGCAACTGGAATTTTAAATTTAGT	59316893	59276034	40859	59314696	2197	59316958	40924	2262
ENSMUST00000199659	AGGAAAAACCTAGAGCTCTTTGCCCTGCGCGTTACAAGGAAAGCAACTGGAATTTTAAATTTAGT	59316893	59297946	18947	59312852	4041	59316958	19012	4106
ENSMUST00000199659	AGGAAAAACCTAGAGCTCTTTGCCCTGCGCGTTACAAGGAAAGCAACTGGAATTTTAAATTTAGT	59316893	59297946	18947	59314696	2197	59316958	19012	2262
ENSMUST00000199659	AGGAAAAACCTAGAGCTCTTTGCCCTGCGCGTTACAAGGAAAGCAACTGGAATTTTAAATTTAGT	59316893	59276034	40859	59314696	2197	59316958	40924	2262
ENSMUST00000199659	AGGAAAAACCTAGAGCTCTTTGCCCTGCGCGTTACAAGGAAAGCAACTGGAATTTTAAATTTAGT	59316893	59297946	18947	59314696	2197	59316958	19012	2262
ENSMUST00000199659	AGGAAAAACCTAGAGCTCTTTGCCCTGCGCGTTACAAGGAAAGCAACTGGAATTTTAAATTTAGT	59316893	59301375	15518	59314696	2197	59316958	15583	2262
ENSMUST00000118923	GCTTTTAGACAGCGTGGAGAAGCTGCACGTGATTGATCGGCAGACGCAGGAGGAACTGGAGACAA	21470155	21448403	21752	21456228	13927	21470220	21817	13992
ENSMUST00000118923	GCTTTTAGACAGCGTGGAGAAGCTGCACGTGATTGATCGGCAGACGCAGGAGGAACTGGAGACAA	21470155	21478483	-8328	21500187	-30032	21470220	-8263	-29967
ENSMUST00000118923	GCTTTTAGACAGCGTGGAGAAGCTGCACGTGATTGATCGGCAGACGCAGGAGGAACTGGAGACAA	21470155	21500410	-30255	21506769	-36614	21470220	-30190	-36549
ENSMUST00000118923	GCTTTTAGACAGCGTGGAGAAGCTGCACGTGATTGATCGGCAGACGCAGGAGGAACTGGAGACAA	21470155	21527592	-57437	21533062	-62907	21470220	-57372	-62842
ENSMUST00000118923	GCTTTTAGACAGCGTGGAGAAGCTGCACGTGATTGATCGGCAGACGCAGGAGGAACTGGAGACAA	21470155	21531362	-61207	21533062	-62907	21470220	-61142	-62842
ENSMUST00000118923	GCTTTTAGACAGCGTGGAGAAGCTGCACGTGATTGATCGGCAGACGCAGGAGGAACTGGAGACAA	21470155	21533161	-63006	21543267	-73112	21470220	-62941	-73047
ENSMUST00000118923	GCTTTTAGACAGCGTGGAGAAGCTGCACGTGATTGATCGGCAGACGCAGGAGGAACTGGAGACAA	21470155	21533161	-63006	21554074	-83919	21470220	-62941	-83854
ENSMUST00000118923	GCTTTTAGACAGCGTGGAGAAGCTGCACGTGATTGATCGGCAGACGCAGGAGGAACTGGAGACAA	21470155	21543314	-73159	21554074	-83919	21470220	-73094	-83854
ENSMUST00000118923	GCTTTTAGACAGCGTGGAGAAGCTGCACGTGATTGATCGGCAGACGCAGGAGGAACTGGAGACAA	21470155	21560240	-90085	21567968	-97813	21470220	-90020	-97748
ENSMUST00000118923	GCTTTTAGACAGCGTGGAGAAGCTGCACGTGATTGATCGGCAGACGCAGGAGGAACTGGAGACAA	21470155	21568053	-97898	21574966	-104811	21470220	-97833	-104746
ENSMUST00000118923	GCTTTTAGACAGCGTGGAGAAGCTGCACGTGATTGATCGGCAGACGCAGGAGGAACTGGAGACAA	21470155	21581698	-111543	21640678	-170523	21470220	-111478	-170458
ENSMUST00000113144	CTTTTGTTCCTGAGTCATCTGACCCTCAAATACTGCTTTGCTTTCCCAGCTGCTTCCTTGTTTCA	135803168	135742978	60190	135744498	58670	135803233	60255	58735
ENSMUST00000113144	CTTTTGTTCCTGAGTCATCTGACCCTCAAATACTGCTTTGCTTTCCCAGCTGCTTCCTTGTTTCA	135803168	135742978	60190	135744498	58670	135803233	60255	58735
ENSMUST00000113144	CTTTTGTTCCTGAGTCATCTGACCCTCAAATACTGCTTTGCTTTCCCAGCTGCTTCCTTGTTTCA	135803168	135752017	51151	135796948	6220	135803233	51216	6285
ENSMUST00000113144	CTTTTGTTCCTGAGTCATCTGACCCTCAAATACTGCTTTGCTTTCCCAGCTGCTTCCTTGTTTCA	135803168	135752017	51151	135797552	5616	135803233	51216	5681
ENSMUST00000113144	CTTTTGTTCCTGAGTCATCTGACCCTCAAATACTGCTTTGCTTTCCCAGCTGCTTCCTTGTTTCA	135803168	135752017	51151	135797787	5381	135803233	51216	5446
ENSMUST00000113144	CTTTTGTTCCTGAGTCATCTGACCCTCAAATACTGCTTTGCTTTCCCAGCTGCTTCCTTGTTTCA	135803168	135752017	51151	135797552	5616	135803233	51216	5681
ENSMUST00000113144	CTTTTGTTCCTGAGTCATCTGACCCTCAAATACTGCTTTGCTTTCCCAGCTGCTTCCTTGTTTCA	135803168	135752017	51151	135797787	5381	135803233	51216	5446
ENSMUST00000113144	CTTTTGTTCCTGAGTCATCTGACCCTCAAATACTGCTTTGCTTTCCCAGCTGCTTCCTTGTTTCA	135803168	135796336	6832	135797552	5616	135803233	6897	5681
ENSMUST00000113144	CTTTTGTTCCTGAGTCATCTGACCCTCAAATACTGCTTTGCTTTCCCAGCTGCTTCCTTGTTTCA	135803168	135796336	6832	135797787	5381	135803233	6897	5446
ENSMUST00000113144	CTTTTGTTCCTGAGTCATCTGACCCTCAAATACTGCTTTGCTTTCCCAGCTGCTTCCTTGTTTCA	135803168	135752017	51151	135797787	5381	135803233	51216	5446
ENSMUST00000113144	CTTTTGTTCCTGAGTCATCTGACCCTCAAATACTGCTTTGCTTTCCCAGCTGCTTCCTTGTTTCA	135803168	135796336	6832	135797787	5381	135803233	6897	5446
ENSMUST00000113144	CTTTTGTTCCTGAGTCATCTGACCCTCAAATACTGCTTTGCTTTCCCAGCTGCTTCCTTGTTTCA	135803168	135797037	6131	135797787	5381	135803233	6196	5446
ENSMUST00000113144	CTTTTGTTCCTGAGTCATCTGACCCTCAAATACTGCTTTGCTTTCCCAGCTGCTTCCTTGTTTCA	135803168	135752017	51151	135798390	4778	135803233	51216	4843
ENSMUST00000113144	CTTTTGTTCCTGAGTCATCTGACCCTCAAATACTGCTTTGCTTTCCCAGCTGCTTCCTTGTTTCA	135803168	135797629	5539	135798022	5146	135803233	5604	5211
ENSMUST00000113144	CTTTTGTTCCTGAGTCATCTGACCCTCAAATACTGCTTTGCTTTCCCAGCTGCTTCCTTGTTTCA	135803168	135797864	5304	135798390	4778	135803233	5369	4843
ENSMUST00000105661	CCTGTGGATGGCCGCTCCTGCTCCATGGACTCCGCCTATGGCACCCTGTCCCCCACTTCCCTTCA	152113986	152107001	6985	152107711	6275	152114051	7050	6340
ENSMUST00000097275	TCCAAAAAAACGGACGTCTCCAGCTCTCCCCCCTCCCTGTTTTCCGTTAGGAATCCGGCGAGGAA	86168359	86168940	-581	86619891	-451532	86168424	-516	-451467
ENSMUST00000097275	TCCAAAAAAACGGACGTCTCCAGCTCTCCCCCCTCCCTGTTTTCCGTTAGGAATCCGGCGAGGAA	86168359	86559305	-390946	86625324	-456965	86168424	-390881	-456900
ENSMUST00000097275	TCCAAAAAAACGGACGTCTCCAGCTCTCCCCCCTCCCTGTTTTCCGTTAGGAATCCGGCGAGGAA	86168359	86620030	-451671	86630060	-461701	86168424	-451606	-461636
ENSMUST00000066928	CTGCCAGTGAAACTGTCGCCTCCGCTACCTCCAAAGAAAGTCCTGATCTGTATGCCTGTAGGGGG	43077688	42709850	367838	43037449	40239	43077753	367903	40304
ENSMUST00000066928	CTGCCAGTGAAACTGTCGCCTCCGCTACCTCCAAAGAAAGTCCTGATCTGTATGCCTGTAGGGGG	43077688	42709850	367838	43077654	34	43077753	367903	99
ENSMUST00000066928	CTGCCAGTGAAACTGTCGCCTCCGCTACCTCCAAAGAAAGTCCTGATCTGTATGCCTGTAGGGGG	43077688	42709850	367838	43077654	34	43077753	367903	99
ENSMUST00000066928	CTGCCAGTGAAACTGTCGCCTCCGCTACCTCCAAAGAAAGTCCTGATCTGTATGCCTGTAGGGGG	43077688	42956781	120907	43057178	20510	43077753	120972	20575
ENSMUST00000066928	CTGCCAGTGAAACTGTCGCCTCCGCTACCTCCAAAGAAAGTCCTGATCTGTATGCCTGTAGGGGG	43077688	42956781	120907	43077654	34	43077753	120972	99
ENSMUST00000066928	CTGCCAGTGAAACTGTCGCCTCCGCTACCTCCAAAGAAAGTCCTGATCTGTATGCCTGTAGGGGG	43077688	42956781	120907	43077654	34	43077753	120972	99
ENSMUST00000066928	CTGCCAGTGAAACTGTCGCCTCCGCTACCTCCAAAGAAAGTCCTGATCTGTATGCCTGTAGGGGG	43077688	43037530	40158	43077654	34	43077753	40223	99
ENSMUST00000066928	CTGCCAGTGAAACTGTCGCCTCCGCTACCTCCAAAGAAAGTCCTGATCTGTATGCCTGTAGGGGG	43077688	43057346	20342	43077654	34	43077753	20407	99
ENSMUST00000066928	CTGCCAGTGAAACTGTCGCCTCCGCTACCTCCAAAGAAAGTCCTGATCTGTATGCCTGTAGGGGG	43077688	43096806	-19118	43128137	-50449	43077753	-19053	-50384
ENSMUST00000066928	CTGCCAGTGAAACTGTCGCCTCCGCTACCTCCAAAGAAAGTCCTGATCTGTATGCCTGTAGGGGG	43077688	43134003	-56315	43135173	-57485	43077753	-56250	-57420
ENSMUST00000066652	TCAACATAGGAGGCCTTGCGTATCCCCCGCTCCCTCTGCACGAAGCCCCTCCTCGGCCTCCTTCT	25038371	25003153	35218	25005052	33319	25038436	35283	33384
ENSMUST00000066652	TCAACATAGGAGGCCTTGCGTATCCCCCGCTCCCTCTGCACGAAGCCCCTCCTCGGCCTCCTTCT	25038371	25011588	26783	25016889	21482	25038436	26848	21547
ENSMUST00000066652	TCAACATAGGAGGCCTTGCGTATCCCCCGCTCCCTCTGCACGAAGCCCCTCCTCGGCCTCCTTCT	25038371	25011588	26783	25036453	1918	25038436	26848	1983
ENSMUST00000066652	TCAACATAGGAGGCCTTGCGTATCCCCCGCTCCCTCTGCACGAAGCCCCTCCTCGGCCTCCTTCT	25038371	25038550	-179	25047893	-9522	25038436	-114	-9457
ENSMUST00000066652	TCAACATAGGAGGCCTTGCGTATCCCCCGCTCCCTCTGCACGAAGCCCCTCCTCGGCCTCCTTCT	25038371	25038550	-179	25051094	-12723	25038436	-114	-12658
ENSMUST00000066652	TCAACATAGGAGGCCTTGCGTATCCCCCGCTCCCTCTGCACGAAGCCCCTCCTCGGCCTCCTTCT	25038371	25040569	-2198	25046202	-7831	25038436	-2133	-7766
ENSMUST00000066652	TCAACATAGGAGGCCTTGCGTATCCCCCGCTCCCTCTGCACGAAGCCCCTCCTCGGCCTCCTTCT	25038371	25040569	-2198	25047893	-9522	25038436	-2133	-9457
ENSMUST00000066652	TCAACATAGGAGGCCTTGCGTATCCCCCGCTCCCTCTGCACGAAGCCCCTCCTCGGCCTCCTTCT	25038371	25040569	-2198	25051094	-12723	25038436	-2133	-12658
ENSMUST00000066652	TCAACATAGGAGGCCTTGCGTATCCCCCGCTCCCTCTGCACGAAGCCCCTCCTCGGCCTCCTTCT	25038371	25040569	-2198	25047893	-9522	25038436	-2133	-9457
ENSMUST00000066652	TCAACATAGGAGGCCTTGCGTATCCCCCGCTCCCTCTGCACGAAGCCCCTCCTCGGCCTCCTTCT	25038371	25041302	-2931	25047893	-9522	25038436	-2866	-9457
ENSMUST00000066652	TCAACATAGGAGGCCTTGCGTATCCCCCGCTCCCTCTGCACGAAGCCCCTCCTCGGCCTCCTTCT	25038371	25041302	-2931	25051094	-12723	25038436	-2866	-12658
ENSMUST00000066652	TCAACATAGGAGGCCTTGCGTATCCCCCGCTCCCTCTGCACGAAGCCCCTCCTCGGCCTCCTTCT	25038371	25038550	-179	25051094	-12723	25038436	-114	-12658
ENSMUST00000066652	TCAACATAGGAGGCCTTGCGTATCCCCCGCTCCCTCTGCACGAAGCCCCTCCTCGGCCTCCTTCT	25038371	25040569	-2198	25051094	-12723	25038436	-2133	-12658
ENSMUST00000066652	TCAACATAGGAGGCCTTGCGTATCCCCCGCTCCCTCTGCACGAAGCCCCTCCTCGGCCTCCTTCT	25038371	25041302	-2931	25051094	-12723	25038436	-2866	-12658
ENSMUST00000066652	TCAACATAGGAGGCCTTGCGTATCCCCCGCTCCCTCTGCACGAAGCCCCTCCTCGGCCTCCTTCT	25038371	25046235	-7864	25051094	-12723	25038436	-7799	-12658
ENSMUST00000164107	GGAGGGGGCCCGCAAGCTGCGTCACATCTTCCTGTTCACTGACCTGCTCCTCTGCACCAAGCTGAA	75153935	75160404	-6469	75168106	-14171	75154001	-6403	-14105
ENSMUST00000111416	TACTTCTACTTATTGATCTACATGTAGTCTCTGATTCACTGGTCAGTATTTCCATGGCCACGTGAC	166312469	166269637	42832	166291415	21054	166312535	42898	21120
ENSMUST00000111416	TACTTCTACTTATTGATCTACATGTAGTCTCTGATTCACTGGTCAGTATTTCCATGGCCACGTGAC	166312469	166269637	42832	166294590	17879	166312535	42898	17945
ENSMUST00000111416	TACTTCTACTTATTGATCTACATGTAGTCTCTGATTCACTGGTCAGTATTTCCATGGCCACGTGAC	166312469	166269637	42832	166303501	8968	166312535	42898	9034
ENSMUST00000111416	TACTTCTACTTATTGATCTACATGTAGTCTCTGATTCACTGGTCAGTATTTCCATGGCCACGTGAC	166312469	166269637	42832	166294590	17879	166312535	42898	17945
ENSMUST00000111416	TACTTCTACTTATTGATCTACATGTAGTCTCTGATTCACTGGTCAGTATTTCCATGGCCACGTGAC	166312469	166269637	42832	166303501	8968	166312535	42898	9034
ENSMUST00000111416	TACTTCTACTTATTGATCTACATGTAGTCTCTGATTCACTGGTCAGTATTTCCATGGCCACGTGAC	166312469	166270618	41851	166294590	17879	166312535	41917	17945
ENSMUST00000111416	TACTTCTACTTATTGATCTACATGTAGTCTCTGATTCACTGGTCAGTATTTCCATGGCCACGTGAC	166312469	166270618	41851	166295751	16718	166312535	41917	16784
ENSMUST00000111416	TACTTCTACTTATTGATCTACATGTAGTCTCTGATTCACTGGTCAGTATTTCCATGGCCACGTGAC	166312469	166270618	41851	166303501	8968	166312535	41917	9034
ENSMUST00000111416	TACTTCTACTTATTGATCTACATGTAGTCTCTGATTCACTGGTCAGTATTTCCATGGCCACGTGAC	166312469	166269637	42832	166303501	8968	166312535	42898	9034
ENSMUST00000111416	TACTTCTACTTATTGATCTACATGTAGTCTCTGATTCACTGGTCAGTATTTCCATGGCCACGTGAC	166312469	166270618	41851	166295751	16718	166312535	41917	16784
ENSMUST00000111416	TACTTCTACTTATTGATCTACATGTAGTCTCTGATTCACTGGTCAGTATTTCCATGGCCACGTGAC	166312469	166270618	41851	166303501	8968	166312535	41917	9034
ENSMUST00000111416	TACTTCTACTTATTGATCTACATGTAGTCTCTGATTCACTGGTCAGTATTTCCATGGCCACGTGAC	166312469	166270618	41851	166307719	4750	166312535	41917	4816
ENSMUST00000111416	TACTTCTACTTATTGATCTACATGTAGTCTCTGATTCACTGGTCAGTATTTCCATGGCCACGTGAC	166312469	166291472	20997	166295751	16718	166312535	21063	16784
ENSMUST00000111416	TACTTCTACTTATTGATCTACATGTAGTCTCTGATTCACTGGTCAGTATTTCCATGGCCACGTGAC	166312469	166291472	20997	166303501	8968	166312535	21063	9034
ENSMUST00000111416	TACTTCTACTTATTGATCTACATGTAGTCTCTGATTCACTGGTCAGTATTTCCATGGCCACGTGAC	166312469	166270618	41851	166303501	8968	166312535	41917	9034
ENSMUST00000111416	TACTTCTACTTATTGATCTACATGTAGTCTCTGATTCACTGGTCAGTATTTCCATGGCCACGTGAC	166312469	166291472	20997	166303501	8968	166312535	21063	9034
ENSMUST00000111416	TACTTCTACTTATTGATCTACATGTAGTCTCTGATTCACTGGTCAGTATTTCCATGGCCACGTGAC	166312469	166294737	17732	166303501	8968	166312535	17798	9034
ENSMUST00000111416	TACTTCTACTTATTGATCTACATGTAGTCTCTGATTCACTGGTCAGTATTTCCATGGCCACGTGAC	166312469	166270618	41851	166307719	4750	166312535	41917	4816
ENSMUST00000111416	TACTTCTACTTATTGATCTACATGTAGTCTCTGATTCACTGGTCAGTATTTCCATGGCCACGTGAC	166312469	166294737	17732	166307719	4750	166312535	17798	4816
ENSMUST00000111416	TACTTCTACTTATTGATCTACATGTAGTCTCTGATTCACTGGTCAGTATTTCCATGGCCACGTGAC	166312469	166307933	4536	166310759	1710	166312535	4602	1776
ENSMUST00000204059	ATGAGAACTTTCCAAAGGCCTTTTGCTGCTTTGGTGTCTGACTGTGTTTGGGGTGGACTCTGCTTG	86124285	86086044	38241	86092823	31462	86124351	38307	31528
ENSMUST00000204059	ATGAGAACTTTCCAAAGGCCTTTTGCTGCTTTGGTGTCTGACTGTGTTTGGGGTGGACTCTGCTTG	86124285	86096835	27450	86101154	23131	86124351	27516	23197
ENSMUST00000204059	ATGAGAACTTTCCAAAGGCCTTTTGCTGCTTTGGTGTCTGACTGTGTTTGGGGTGGACTCTGCTTG	86124285	86101253	23032	86106046	18239	86124351	23098	18305
ENSMUST00000204059	ATGAGAACTTTCCAAAGGCCTTTTGCTGCTTTGGTGTCTGACTGTGTTTGGGGTGGACTCTGCTTG	86124285	86106304	17981	86109708	14577	86124351	18047	14643
ENSMUST00000204059	ATGAGAACTTTCCAAAGGCCTTTTGCTGCTTTGGTGTCTGACTGTGTTTGGGGTGGACTCTGCTTG	86124285	86107474	16811	86109708	14577	86124351	16877	14643
ENSMUST00000037991	AAAAATTTTGAGCAGTACACATTGGACCCAGCCACGCGGTACCCAAACCTCAACCTGCACTGCGTC	112320664	112226021	94643	112271229	49435	112320730	94709	49501
ENSMUST00000037991	AAAAATTTTGAGCAGTACACATTGGACCCAGCCACGCGGTACCCAAACCTCAACCTGCACTGCGTC	112320664	112303795	16869	112309425	11239	112320730	16935	11305
ENSMUST00000037991	AAAAATTTTGAGCAGTACACATTGGACCCAGCCACGCGGTACCCAAACCTCAACCTGCACTGCGTC	112320664	112311471	9193	112318385	2279	112320730	9259	2345
ENSMUST00000037991	AAAAATTTTGAGCAGTACACATTGGACCCAGCCACGCGGTACCCAAACCTCAACCTGCACTGCGTC	112320664	112332039	-11375	112336848	-16184	112320730	-11309	-16118
ENSMUST00000037991	AAAAATTTTGAGCAGTACACATTGGACCCAGCCACGCGGTACCCAAACCTCAACCTGCACTGCGTC	112320664	112332039	-11375	112345245	-24581	112320730	-11309	-24515
ENSMUST00000037991	AAAAATTTTGAGCAGTACACATTGGACCCAGCCACGCGGTACCCAAACCTCAACCTGCACTGCGTC	112320664	112332039	-11375	112346721	-26057	112320730	-11309	-25991
ENSMUST00000037991	AAAAATTTTGAGCAGTACACATTGGACCCAGCCACGCGGTACCCAAACCTCAACCTGCACTGCGTC	112320664	112333954	-13290	112335328	-14664	112320730	-13224	-14598
ENSMUST00000037991	AAAAATTTTGAGCAGTACACATTGGACCCAGCCACGCGGTACCCAAACCTCAACCTGCACTGCGTC	112320664	112333954	-13290	112336848	-16184	112320730	-13224	-16118
ENSMUST00000037991	AAAAATTTTGAGCAGTACACATTGGACCCAGCCACGCGGTACCCAAACCTCAACCTGCACTGCGTC	112320664	112333954	-13290	112345245	-24581	112320730	-13224	-24515
ENSMUST00000037991	AAAAATTTTGAGCAGTACACATTGGACCCAGCCACGCGGTACCCAAACCTCAACCTGCACTGCGTC	112320664	112333954	-13290	112336848	-16184	112320730	-13224	-16118
ENSMUST00000037991	AAAAATTTTGAGCAGTACACATTGGACCCAGCCACGCGGTACCCAAACCTCAACCTGCACTGCGTC	112320664	112333954	-13290	112345245	-24581	112320730	-13224	-24515
ENSMUST00000037991	AAAAATTTTGAGCAGTACACATTGGACCCAGCCACGCGGTACCCAAACCTCAACCTGCACTGCGTC	112320664	112333954	-13290	112346721	-26057	112320730	-13224	-25991
ENSMUST00000037991	AAAAATTTTGAGCAGTACACATTGGACCCAGCCACGCGGTACCCAAACCTCAACCTGCACTGCGTC	112320664	112335156	-14492	112336848	-16184	112320730	-14426	-16118
ENSMUST00000037991	AAAAATTTTGAGCAGTACACATTGGACCCAGCCACGCGGTACCCAAACCTCAACCTGCACTGCGTC	112320664	112335156	-14492	112345245	-24581	112320730	-14426	-24515
ENSMUST00000037991	AAAAATTTTGAGCAGTACACATTGGACCCAGCCACGCGGTACCCAAACCTCAACCTGCACTGCGTC	112320664	112332039	-11375	112345245	-24581	112320730	-11309	-24515
ENSMUST00000037991	AAAAATTTTGAGCAGTACACATTGGACCCAGCCACGCGGTACCCAAACCTCAACCTGCACTGCGTC	112320664	112332039	-11375	112346721	-26057	112320730	-11309	-25991
ENSMUST00000037991	AAAAATTTTGAGCAGTACACATTGGACCCAGCCACGCGGTACCCAAACCTCAACCTGCACTGCGTC	112320664	112333954	-13290	112345245	-24581	112320730	-13224	-24515
ENSMUST00000037991	AAAAATTTTGAGCAGTACACATTGGACCCAGCCACGCGGTACCCAAACCTCAACCTGCACTGCGTC	112320664	112333954	-13290	112346721	-26057	112320730	-13224	-25991
ENSMUST00000037991	AAAAATTTTGAGCAGTACACATTGGACCCAGCCACGCGGTACCCAAACCTCAACCTGCACTGCGTC	112320664	112335156	-14492	112345245	-24581	112320730	-14426	-24515
ENSMUST00000037991	AAAAATTTTGAGCAGTACACATTGGACCCAGCCACGCGGTACCCAAACCTCAACCTGCACTGCGTC	112320664	112335430	-14766	112345245	-24581	112320730	-14700	-24515
ENSMUST00000037991	AAAAATTTTGAGCAGTACACATTGGACCCAGCCACGCGGTACCCAAACCTCAACCTGCACTGCGTC	112320664	112335430	-14766	112346721	-26057	112320730	-14700	-25991
ENSMUST00000037991	AAAAATTTTGAGCAGTACACATTGGACCCAGCCACGCGGTACCCAAACCTCAACCTGCACTGCGTC	112320664	112332039	-11375	112346721	-26057	112320730	-11309	-25991
ENSMUST00000037991	AAAAATTTTGAGCAGTACACATTGGACCCAGCCACGCGGTACCCAAACCTCAACCTGCACTGCGTC	112320664	112333954	-13290	112346721	-26057	112320730	-13224	-25991
ENSMUST00000037991	AAAAATTTTGAGCAGTACACATTGGACCCAGCCACGCGGTACCCAAACCTCAACCTGCACTGCGTC	112320664	112335430	-14766	112346721	-26057	112320730	-14700	-25991
ENSMUST00000037991	AAAAATTTTGAGCAGTACACATTGGACCCAGCCACGCGGTACCCAAACCTCAACCTGCACTGCGTC	112320664	112336974	-16310	112346721	-26057	112320730	-16244	-25991
ENSMUST00000037991	AAAAATTTTGAGCAGTACACATTGGACCCAGCCACGCGGTACCCAAACCTCAACCTGCACTGCGTC	112320664	112346908	-26244	112351324	-30660	112320730	-26178	-30594
ENSMUST00000037991	AAAAATTTTGAGCAGTACACATTGGACCCAGCCACGCGGTACCCAAACCTCAACCTGCACTGCGTC	112320664	112349482	-28818	112353898	-33234	112320730	-28752	-33168
ENSMUST00000033933	CATGCACAGAAGGCTTGGAACCGCTAGACGTCAGTTTTCAGGTGGTAGCATTCAGACGCAAAAGCA	34170667	34154836	15831	34165140	5527	34170733	15897	5593
ENSMUST00000033933	CATGCACAGAAGGCTTGGAACCGCTAGACGTCAGTTTTCAGGTGGTAGCATTCAGACGCAAAAGCA	34170667	34161373	9294	34167718	2949	34170733	9360	3015
ENSMUST00000075922	AATCCTATTGTCCACAGTCAAACTTCCACAGCATCCTCTGAACAACTGCAGCCTTCAATGTTTCAC	107368473	107293898	74575	107324638	43835	107368539	74641	43901
ENSMUST00000075922	AATCCTATTGTCCACAGTCAAACTTCCACAGCATCCTCTGAACAACTGCAGCCTTCAATGTTTCAC	107368473	107324764	43709	107338808	29665	107368539	43775	29731
ENSMUST00000105525	TTCCGTGGACACAGAACCTGGACTAGAAGATTCAAAGGAGGAAGTGAAGTGGAAACGTCTGCCTGG	20970939	20952752	18187	20963672	7267	20972028	19276	8356
ENSMUST00000105525	TTCCGTGGACACAGAACCTGGACTAGAAGATTCAAAGGAGGAAGTGAAGTGGAAACGTCTGCCTGG	20970939	20960080	10859	20963672	7267	20972028	11948	8356
ENSMUST00000105525	TTCCGTGGACACAGAACCTGGACTAGAAGATTCAAAGGAGGAAGTGAAGTGGAAACGTCTGCCTGG	20970939	20963234	7705	20965516	5423	20972028	8794	6512
ENSMUST00000105525	TTCCGTGGACACAGAACCTGGACTAGAAGATTCAAAGGAGGAAGTGAAGTGGAAACGTCTGCCTGG	20970939	20977120	-6181	20981323	-10384	20972028	-5092	-9295
ENSMUST00000105525	TTCCGTGGACACAGAACCTGGACTAGAAGATTCAAAGGAGGAAGTGAAGTGGAAACGTCTGCCTGG	20970939	21000705	-29766	21017912	-46973	20972028	-28677	-45884
ENSMUST00000105525	TTCCGTGGACACAGAACCTGGACTAGAAGATTCAAAGGAGGAAGTGAAGTGGAAACGTCTGCCTGG	20970939	21000705	-29766	21041185	-70246	20972028	-28677	-69157
ENSMUST00000105525	TTCCGTGGACACAGAACCTGGACTAGAAGATTCAAAGGAGGAAGTGAAGTGGAAACGTCTGCCTGG	20970939	21000705	-29766	21041185	-70246	20972028	-28677	-69157
ENSMUST00000105525	TTCCGTGGACACAGAACCTGGACTAGAAGATTCAAAGGAGGAAGTGAAGTGGAAACGTCTGCCTGG	20970939	21007778	-36839	21041185	-70246	20972028	-35750	-69157
ENSMUST00000105525	TTCCGTGGACACAGAACCTGGACTAGAAGATTCAAAGGAGGAAGTGAAGTGGAAACGTCTGCCTGG	20970939	21018033	-47094	21054980	-84041	20972028	-46005	-82952
ENSMUST00000105525	TTCCGTGGACACAGAACCTGGACTAGAAGATTCAAAGGAGGAAGTGAAGTGGAAACGTCTGCCTGG	20970939	21058250	-87311	21074374	-103435	20972028	-86222	-102346
ENSMUST00000069817	CTGAAGTTCAGTGATGATGAAGATGAGGAGGATGTTGTGAAGGATGGCCGGTCAAAGTGGAACAAC	32199042	32151291	47751	32183122	15920	32200843	49552	17721
ENSMUST00000069817	CTGAAGTTCAGTGATGATGAAGATGAGGAGGATGTTGTGAAGGATGGCCGGTCAAAGTGGAACAAC	32199042	32183300	15742	32187480	11562	32200843	17543	13363
ENSMUST00000069817	CTGAAGTTCAGTGATGATGAAGATGAGGAGGATGTTGTGAAGGATGGCCGGTCAAAGTGGAACAAC	32199042	32212291	-13249	32216045	-17003	32200843	-11448	-15202
ENSMUST00000069817	CTGAAGTTCAGTGATGATGAAGATGAGGAGGATGTTGTGAAGGATGGCCGGTCAAAGTGGAACAAC	32199042	32219405	-20363	32220089	-21047	32200843	-18562	-19246
ENSMUST00000069817	CTGAAGTTCAGTGATGATGAAGATGAGGAGGATGTTGTGAAGGATGGCCGGTCAAAGTGGAACAAC	32199042	32224169	-25127	32226944	-27902	32200843	-23326	-26101
ENSMUST00000069817	CTGAAGTTCAGTGATGATGAAGATGAGGAGGATGTTGTGAAGGATGGCCGGTCAAAGTGGAACAAC	32199042	32224169	-25127	32229262	-30220	32200843	-23326	-28419
ENSMUST00000069817	CTGAAGTTCAGTGATGATGAAGATGAGGAGGATGTTGTGAAGGATGGCCGGTCAAAGTGGAACAAC	32199042	32224169	-25127	32230610	-31568	32200843	-23326	-29767
ENSMUST00000069817	CTGAAGTTCAGTGATGATGAAGATGAGGAGGATGTTGTGAAGGATGGCCGGTCAAAGTGGAACAAC	32199042	32224169	-25127	32230610	-31568	32200843	-23326	-29767
ENSMUST00000069817	CTGAAGTTCAGTGATGATGAAGATGAGGAGGATGTTGTGAAGGATGGCCGGTCAAAGTGGAACAAC	32199042	32227036	-27994	32230610	-31568	32200843	-26193	-29767
ENSMUST00000043610	CCATTCCCGACCCGCTGCTGCCCACCGTGGCCAAGTTCATCACCGAGTTCCCCCTCTTCCTTCAGA	29595809	29533272	62537	29561984	33825	29595875	62603	33891
ENSMUST00000043610	CCATTCCCGACCCGCTGCTGCCCACCGTGGCCAAGTTCATCACCGAGTTCCCCCTCTTCCTTCAGA	29595809	29579968	15841	29584466	11343	29595875	15907	11409
ENSMUST00000043610	CCATTCCCGACCCGCTGCTGCCCACCGTGGCCAAGTTCATCACCGAGTTCCCCCTCTTCCTTCAGA	29595809	29584213	11596	29585780	10029	29595875	11662	10095
ENSMUST00000043610	CCATTCCCGACCCGCTGCTGCCCACCGTGGCCAAGTTCATCACCGAGTTCCCCCTCTTCCTTCAGA	29595809	29597905	-2096	29599831	-4022	29595875	-2030	-3956
ENSMUST00000068088	AAGGTCCGGGGACTGTCAGGTGCAGAAGCCACCACCCCCTCTGTCCCAGACTGTCTGAATCGCTTTT	87757657	87625486	132171	87720501	37156	87757724	132238	37223
ENSMUST00000068088	AAGGTCCGGGGACTGTCAGGTGCAGAAGCCACCACCCCCTCTGTCCCAGACTGTCTGAATCGCTTTT	87757657	87625486	132171	87757296	361	87757724	132238	428
ENSMUST00000068088	AAGGTCCGGGGACTGTCAGGTGCAGAAGCCACCACCCCCTCTGTCCCAGACTGTCTGAATCGCTTTT	87757657	87625486	132171	87757296	361	87757724	132238	428
ENSMUST00000068088	AAGGTCCGGGGACTGTCAGGTGCAGAAGCCACCACCCCCTCTGTCCCAGACTGTCTGAATCGCTTTT	87757657	87681629	76028	87757296	361	87757724	76095	428
ENSMUST00000016569	CATTTGCTAGGGTGGATCTTAAGCAGTACGTAGTCTGTCAGTGTTTGTATTTGAATTCTCTGCAATT	150808238	150673953	134285	150719822	88416	150808305	134352	88483
ENSMUST00000016569	CATTTGCTAGGGTGGATCTTAAGCAGTACGTAGTCTGTCAGTGTTTGTATTTGAATTCTCTGCAATT	150808238	150716529	91709	150722294	85944	150808305	91776	86011
ENSMUST00000016569	CATTTGCTAGGGTGGATCTTAAGCAGTACGTAGTCTGTCAGTGTTTGTATTTGAATTCTCTGCAATT	150808238	150723371	84867	150736278	71960	150808305	84934	72027
ENSMUST00000016569	CATTTGCTAGGGTGGATCTTAAGCAGTACGTAGTCTGTCAGTGTTTGTATTTGAATTCTCTGCAATT	150808238	150673953	134285	150739200	69038	150808305	134352	69105
ENSMUST00000016569	CATTTGCTAGGGTGGATCTTAAGCAGTACGTAGTCTGTCAGTGTTTGTATTTGAATTCTCTGCAATT	150808238	150673953	134285	150744163	64075	150808305	134352	64142
ENSMUST00000016569	CATTTGCTAGGGTGGATCTTAAGCAGTACGTAGTCTGTCAGTGTTTGTATTTGAATTCTCTGCAATT	150808238	150769947	38291	150778152	30086	150808305	38358	30153
ENSMUST00000016569	CATTTGCTAGGGTGGATCTTAAGCAGTACGTAGTCTGTCAGTGTTTGTATTTGAATTCTCTGCAATT	150808238	150788519	19719	150792113	16125	150808305	19786	16192
ENSMUST00000016569	CATTTGCTAGGGTGGATCTTAAGCAGTACGTAGTCTGTCAGTGTTTGTATTTGAATTCTCTGCAATT	150808238	150792686	15552	150794267	13971	150808305	15619	14038
ENSMUST00000059049	CTTTCTTGTTCTTAACCACCTGGATTTCCCTCGGGATGTAGCTGTGCTGAAATACAGTTGGCAAACA	97468365	96318583	1149782	96830680	637685	97603501	1284918	772821
ENSMUST00000059049	CTTTCTTGTTCTTAACCACCTGGATTTCCCTCGGGATGTAGCTGTGCTGAAATACAGTTGGCAAACA	97468365	96568750	899615	97094613	373752	97603501	1034751	508888
ENSMUST00000059049	CTTTCTTGTTCTTAACCACCTGGATTTCCCTCGGGATGTAGCTGTGCTGAAATACAGTTGGCAAACA	97468365	96568750	899615	97426610	41755	97603501	1034751	176891
ENSMUST00000059049	CTTTCTTGTTCTTAACCACCTGGATTTCCCTCGGGATGTAGCTGTGCTGAAATACAGTTGGCAAACA	97468365	96568750	899615	97426610	41755	97603501	1034751	176891
ENSMUST00000059049	CTTTCTTGTTCTTAACCACCTGGATTTCCCTCGGGATGTAGCTGTGCTGAAATACAGTTGGCAAACA	97468365	96830769	637596	97231536	236829	97603501	772732	371965
ENSMUST00000059049	CTTTCTTGTTCTTAACCACCTGGATTTCCCTCGGGATGTAGCTGTGCTGAAATACAGTTGGCAAACA	97468365	96830769	637596	97426610	41755	97603501	772732	176891
ENSMUST00000059049	CTTTCTTGTTCTTAACCACCTGGATTTCCCTCGGGATGTAGCTGTGCTGAAATACAGTTGGCAAACA	97468365	96830769	637596	97426610	41755	97603501	772732	176891
ENSMUST00000059049	CTTTCTTGTTCTTAACCACCTGGATTTCCCTCGGGATGTAGCTGTGCTGAAATACAGTTGGCAAACA	97468365	97094750	373615	97426610	41755	97603501	508751	176891
ENSMUST00000059049	CTTTCTTGTTCTTAACCACCTGGATTTCCCTCGGGATGTAGCTGTGCTGAAATACAGTTGGCAAACA	97468365	97426704	41661	97628988	-160623	97603501	176797	-25487
ENSMUST00000059049	CTTTCTTGTTCTTAACCACCTGGATTTCCCTCGGGATGTAGCTGTGCTGAAATACAGTTGGCAAACA	97468365	97468420	-55	97628988	-160623	97603501	135081	-25487
ENSMUST00000059049	CTTTCTTGTTCTTAACCACCTGGATTTCCCTCGGGATGTAGCTGTGCTGAAATACAGTTGGCAAACA	97468365	96318583	1149782	96830680	637685	97603501	1284918	772821
ENSMUST00000059049	CTTTCTTGTTCTTAACCACCTGGATTTCCCTCGGGATGTAGCTGTGCTGAAATACAGTTGGCAAACA	97468365	96568750	899615	97094613	373752	97603501	1034751	508888
ENSMUST00000059049	CTTTCTTGTTCTTAACCACCTGGATTTCCCTCGGGATGTAGCTGTGCTGAAATACAGTTGGCAAACA	97468365	96568750	899615	97426610	41755	97603501	1034751	176891
ENSMUST00000059049	CTTTCTTGTTCTTAACCACCTGGATTTCCCTCGGGATGTAGCTGTGCTGAAATACAGTTGGCAAACA	97468365	96568750	899615	97426610	41755	97603501	1034751	176891
ENSMUST00000059049	CTTTCTTGTTCTTAACCACCTGGATTTCCCTCGGGATGTAGCTGTGCTGAAATACAGTTGGCAAACA	97468365	96830769	637596	97231536	236829	97603501	772732	371965
ENSMUST00000059049	CTTTCTTGTTCTTAACCACCTGGATTTCCCTCGGGATGTAGCTGTGCTGAAATACAGTTGGCAAACA	97468365	96830769	637596	97426610	41755	97603501	772732	176891
ENSMUST00000059049	CTTTCTTGTTCTTAACCACCTGGATTTCCCTCGGGATGTAGCTGTGCTGAAATACAGTTGGCAAACA	97468365	96830769	637596	97426610	41755	97603501	772732	176891
ENSMUST00000059049	CTTTCTTGTTCTTAACCACCTGGATTTCCCTCGGGATGTAGCTGTGCTGAAATACAGTTGGCAAACA	97468365	97094750	373615	97426610	41755	97603501	508751	176891
ENSMUST00000059049	CTTTCTTGTTCTTAACCACCTGGATTTCCCTCGGGATGTAGCTGTGCTGAAATACAGTTGGCAAACA	97468365	97426704	41661	97628988	-160623	97603501	176797	-25487
ENSMUST00000059049	CTTTCTTGTTCTTAACCACCTGGATTTCCCTCGGGATGTAGCTGTGCTGAAATACAGTTGGCAAACA	97468365	97468420	-55	97628988	-160623	97603501	135081	-25487
ENSMUST00000201700	AACAGTGGCAGAGATTAACGCAACGATGAGTGTCCATCTCCCATTCGCAGTGGTCGGCAGTACTGAA	93156986	93093597	63389	93139448	17538	93161191	67594	21743
ENSMUST00000201700	AACAGTGGCAGAGATTAACGCAACGATGAGTGTCCATCTCCCATTCGCAGTGGTCGGCAGTACTGAA	93156986	93093597	63389	93139448	17538	93161191	67594	21743
ENSMUST00000201700	AACAGTGGCAGAGATTAACGCAACGATGAGTGTCCATCTCCCATTCGCAGTGGTCGGCAGTACTGAA	93156986	93093597	63389	93148386	8600	93161191	67594	12805
ENSMUST00000201700	AACAGTGGCAGAGATTAACGCAACGATGAGTGTCCATCTCCCATTCGCAGTGGTCGGCAGTACTGAA	93156986	93155056	1930	93161149	-4163	93161191	6135	42
ENSMUST00000201700	AACAGTGGCAGAGATTAACGCAACGATGAGTGTCCATCTCCCATTCGCAGTGGTCGGCAGTACTGAA	93156986	93167687	-10701	93176039	-19053	93161191	-6496	-14848
ENSMUST00000201700	AACAGTGGCAGAGATTAACGCAACGATGAGTGTCCATCTCCCATTCGCAGTGGTCGGCAGTACTGAA	93156986	93167687	-10701	93175403	-18417	93161191	-6496	-14212
ENSMUST00000028829	ATTAGCTAACTTGGATTTGTGGAAGCTGTTGGCAAGCAATATGGAATCTTGCCGGTATCATTGGGGC	117177999	117153166	24833	117164945	13054	117178066	24900	13121
ENSMUST00000028829	ATTAGCTAACTTGGATTTGTGGAAGCTGTTGGCAAGCAATATGGAATCTTGCCGGTATCATTGGGGC	117177999	117153166	24833	117171927	6072	117178066	24900	6139
ENSMUST00000028829	ATTAGCTAACTTGGATTTGTGGAAGCTGTTGGCAAGCAATATGGAATCTTGCCGGTATCATTGGGGC	117177999	117172086	5913	117177301	698	117178066	5980	765
ENSMUST00000076605	ATCCGAACACTGAAAACTATCACAGCTACCTGCTTTTACTACCCCAAACCTCAGCTGCTGCAAACAC	67223761	67212298	11463	67213487	10274	67223828	11530	10341
ENSMUST00000044521	CCGAGACCTTCTCCGAGTCATCCTCTGACAGCACCCAGTTCAGTCAGCCAGTCGGTGGTGGTGGCTT	133064911	133011958	52953	133055012	9899	133064978	53020	9966
ENSMUST00000044521	CCGAGACCTTCTCCGAGTCATCCTCTGACAGCACCCAGTTCAGTCAGCCAGTCGGTGGTGGTGGCTT	133064911	133011958	52953	133055012	9899	133064978	53020	9966
ENSMUST00000044521	CCGAGACCTTCTCCGAGTCATCCTCTGACAGCACCCAGTTCAGTCAGCCAGTCGGTGGTGGTGGCTT	133064911	133055203	9708	133060661	4250	133064978	9775	4317
ENSMUST00000044521	CCGAGACCTTCTCCGAGTCATCCTCTGACAGCACCCAGTTCAGTCAGCCAGTCGGTGGTGGTGGCTT	133064911	133055203	9708	133060675	4236	133064978	9775	4303
ENSMUST00000101270	AGCCCTCCGAGTTTCAGTACCCAGGAGATTCCTACTACTTCCCAGGGCCTGCTCAAAGTCTTCCAGAA	50151386	50131556	19830	50135824	15562	50151454	19898	15630
ENSMUST00000101270	AGCCCTCCGAGTTTCAGTACCCAGGAGATTCCTACTACTTCCCAGGGCCTGCTCAAAGTCTTCCAGAA	50151386	50135935	15451	50145026	6360	50151454	15519	6428
ENSMUST00000101270	AGCCCTCCGAGTTTCAGTACCCAGGAGATTCCTACTACTTCCCAGGGCCTGCTCAAAGTCTTCCAGAA	50151386	50145255	6131	50148020	3366	50151454	6199	3434
ENSMUST00000101270	AGCCCTCCGAGTTTCAGTACCCAGGAGATTCCTACTACTTCCCAGGGCCTGCTCAAAGTCTTCCAGAA	50151386	50149914	1472	50151921	-535	50151454	1540	-467
ENSMUST00000101270	AGCCCTCCGAGTTTCAGTACCCAGGAGATTCCTACTACTTCCCAGGGCCTGCTCAAAGTCTTCCAGAA	50151386	50159711	-8325	50162045	-10659	50151454	-8257	-10591
ENSMUST00000101270	AGCCCTCCGAGTTTCAGTACCCAGGAGATTCCTACTACTTCCCAGGGCCTGCTCAAAGTCTTCCAGAA	50151386	50163896	-12510	50168168	-16782	50151454	-12442	-16714
ENSMUST00000101270	AGCCCTCCGAGTTTCAGTACCCAGGAGATTCCTACTACTTCCCAGGGCCTGCTCAAAGTCTTCCAGAA	50151386	50163896	-12510	50168695	-17309	50151454	-12442	-17241
ENSMUST00000101270	AGCCCTCCGAGTTTCAGTACCCAGGAGATTCCTACTACTTCCCAGGGCCTGCTCAAAGTCTTCCAGAA	50151386	50163896	-12510	50168695	-17309	50151454	-12442	-17241
ENSMUST00000101270	AGCCCTCCGAGTTTCAGTACCCAGGAGATTCCTACTACTTCCCAGGGCCTGCTCAAAGTCTTCCAGAA	50151386	50164212	-12826	50168695	-17309	50151454	-12758	-17241
ENSMUST00000160027	CAAAAATAATTTACATAGTACACGATGAAGTTAAGGATAAAGCTTTTGAACTGGAGCTCAGCTGGGTT	70993014	70974767	18247	70983318	9696	70993508	18741	10190
ENSMUST00000160027	CAAAAATAATTTACATAGTACACGATGAAGTTAAGGATAAAGCTTTTGAACTGGAGCTCAGCTGGGTT	70993014	70974767	18247	70983323	9691	70993508	18741	10185
ENSMUST00000160027	CAAAAATAATTTACATAGTACACGATGAAGTTAAGGATAAAGCTTTTGAACTGGAGCTCAGCTGGGTT	70993014	70974767	18247	70993012	2	70993508	18741	496
ENSMUST00000160027	CAAAAATAATTTACATAGTACACGATGAAGTTAAGGATAAAGCTTTTGAACTGGAGCTCAGCTGGGTT	70993014	70974767	18247	70983318	9696	70993508	18741	10190
ENSMUST00000160027	CAAAAATAATTTACATAGTACACGATGAAGTTAAGGATAAAGCTTTTGAACTGGAGCTCAGCTGGGTT	70993014	70974767	18247	70983323	9691	70993508	18741	10185
ENSMUST00000160027	CAAAAATAATTTACATAGTACACGATGAAGTTAAGGATAAAGCTTTTGAACTGGAGCTCAGCTGGGTT	70993014	70978815	14199	70984492	8522	70993508	14693	9016
ENSMUST00000160027	CAAAAATAATTTACATAGTACACGATGAAGTTAAGGATAAAGCTTTTGAACTGGAGCTCAGCTGGGTT	70993014	70978815	14199	70984492	8522	70993508	14693	9016
ENSMUST00000160027	CAAAAATAATTTACATAGTACACGATGAAGTTAAGGATAAAGCTTTTGAACTGGAGCTCAGCTGGGTT	70993014	70983442	9572	70984671	8343	70993508	10066	8837
ENSMUST00000160027	CAAAAATAATTTACATAGTACACGATGAAGTTAAGGATAAAGCTTTTGAACTGGAGCTCAGCTGGGTT	70993014	70984745	8269	70990484	2530	70993508	8763	3024
ENSMUST00000160027	CAAAAATAATTTACATAGTACACGATGAAGTTAAGGATAAAGCTTTTGAACTGGAGCTCAGCTGGGTT	70993014	70978815	14199	70993505	-491	70993508	14693	3
ENSMUST00000160027	CAAAAATAATTTACATAGTACACGATGAAGTTAAGGATAAAGCTTTTGAACTGGAGCTCAGCTGGGTT	70993014	70986935	6079	70990484	2530	70993508	6573	3024
ENSMUST00000160027	CAAAAATAATTTACATAGTACACGATGAAGTTAAGGATAAAGCTTTTGAACTGGAGCTCAGCTGGGTT	70993014	70988489	4525	70993505	-491	70993508	5019	3
ENSMUST00000160027	CAAAAATAATTTACATAGTACACGATGAAGTTAAGGATAAAGCTTTTGAACTGGAGCTCAGCTGGGTT	70993014	70978815	14199	70993505	-491	70993508	14693	3
ENSMUST00000160027	CAAAAATAATTTACATAGTACACGATGAAGTTAAGGATAAAGCTTTTGAACTGGAGCTCAGCTGGGTT	70993014	70990531	2483	70993505	-491	70993508	2977	3
ENSMUST00000160027	CAAAAATAATTTACATAGTACACGATGAAGTTAAGGATAAAGCTTTTGAACTGGAGCTCAGCTGGGTT	70993014	70993080	-66	70994350	-1336	70993508	428	-842
ENSMUST00000028583	AAAGTCAGTGACAAGTGTACAGTAGTCTGCTTGTGTACTTAGGAAGGGGATGAATTCTAATTAATATA	109899484	109890921	8563	109896235	3249	109899552	8631	3317
ENSMUST00000028583	AAAGTCAGTGACAAGTGTACAGTAGTCTGCTTGTGTACTTAGGAAGGGGATGAATTCTAATTAATATA	109899484	109894583	4901	109896235	3249	109899552	4969	3317
ENSMUST00000213013	TACCGGAGCTTGACCCTGAACGTCGTGAACCGGCTCACCTCCGTTACTCGCCTCTTCCCAAATTCCTT	144806157	144780067	26090	144782195	23962	144806223	26156	24028
ENSMUST00000213013	TACCGGAGCTTGACCCTGAACGTCGTGAACCGGCTCACCTCCGTTACTCGCCTCTTCCCAAATTCCTT	144806157	144797161	8996	144800793	5364	144806223	9062	5430
ENSMUST00000213013	TACCGGAGCTTGACCCTGAACGTCGTGAACCGGCTCACCTCCGTTACTCGCCTCTTCCCAAATTCCTT	144806157	144803085	3072	144804038	2119	144806223	3138	2185
ENSMUST00000213013	TACCGGAGCTTGACCCTGAACGTCGTGAACCGGCTCACCTCCGTTACTCGCCTCTTCCCAAATTCCTT	144806157	144807391	-1234	144810331	-4174	144806223	-1168	-4108
ENSMUST00000213013	TACCGGAGCTTGACCCTGAACGTCGTGAACCGGCTCACCTCCGTTACTCGCCTCTTCCCAAATTCCTT	144806157	144807391	-1234	144811894	-5737	144806223	-1168	-5671
ENSMUST00000213013	TACCGGAGCTTGACCCTGAACGTCGTGAACCGGCTCACCTCCGTTACTCGCCTCTTCCCAAATTCCTT	144806157	144807391	-1234	144811894	-5737	144806223	-1168	-5671
ENSMUST00000213013	TACCGGAGCTTGACCCTGAACGTCGTGAACCGGCTCACCTCCGTTACTCGCCTCTTCCCAAATTCCTT	144806157	144810204	-4047	144811894	-5737	144806223	-3981	-5671
ENSMUST00000213013	TACCGGAGCTTGACCCTGAACGTCGTGAACCGGCTCACCTCCGTTACTCGCCTCTTCCCAAATTCCTT	144806157	144822816	-16659	144825218	-19061	144806223	-16593	-18995
ENSMUST00000213013	TACCGGAGCTTGACCCTGAACGTCGTGAACCGGCTCACCTCCGTTACTCGCCTCTTCCCAAATTCCTT	144806157	144825995	-19838	144828466	-22309	144806223	-19772	-22243
ENSMUST00000213013	TACCGGAGCTTGACCCTGAACGTCGTGAACCGGCTCACCTCCGTTACTCGCCTCTTCCCAAATTCCTT	144806157	144832567	-26410	144833296	-27139	144806223	-26344	-27073
ENSMUST00000213013	TACCGGAGCTTGACCCTGAACGTCGTGAACCGGCTCACCTCCGTTACTCGCCTCTTCCCAAATTCCTT	144806157	144851337	-45180	144856886	-50729	144806223	-45114	-50663
ENSMUST00000042035	ATGGTCCTGACCCAGCCCCCCCGGGACAGGACTGAGATCACTCTGGAAAGAAGCGGGGTGGGGAATCT	74589380	74543362	46018	74544276	45104	74589448	46086	45172
ENSMUST00000042035	ATGGTCCTGACCCAGCCCCCCCGGGACAGGACTGAGATCACTCTGGAAAGAAGCGGGGTGGGGAATCT	74589380	74550057	39323	74569868	19512	74589448	39391	19580
ENSMUST00000042035	ATGGTCCTGACCCAGCCCCCCCGGGACAGGACTGAGATCACTCTGGAAAGAAGCGGGGTGGGGAATCT	74589380	74569972	19408	74580564	8816	74589448	19476	8884
ENSMUST00000042035	ATGGTCCTGACCCAGCCCCCCCGGGACAGGACTGAGATCACTCTGGAAAGAAGCGGGGTGGGGAATCT	74589380	74571515	17865	74572806	16574	74589448	17933	16642
ENSMUST00000042035	ATGGTCCTGACCCAGCCCCCCCGGGACAGGACTGAGATCACTCTGGAAAGAAGCGGGGTGGGGAATCT	74589380	74574168	15212	74580564	8816	74589448	15280	8884
ENSMUST00000042035	ATGGTCCTGACCCAGCCCCCCCGGGACAGGACTGAGATCACTCTGGAAAGAAGCGGGGTGGGGAATCT	74589380	74574168	15212	74580664	8716	74589448	15280	8784
ENSMUST00000042035	ATGGTCCTGACCCAGCCCCCCCGGGACAGGACTGAGATCACTCTGGAAAGAAGCGGGGTGGGGAATCT	74589380	74575924	13456	74580564	8816	74589448	13524	8884
ENSMUST00000042035	ATGGTCCTGACCCAGCCCCCCCGGGACAGGACTGAGATCACTCTGGAAAGAAGCGGGGTGGGGAATCT	74589380	74575924	13456	74580664	8716	74589448	13524	8784
ENSMUST00000042035	ATGGTCCTGACCCAGCCCCCCCGGGACAGGACTGAGATCACTCTGGAAAGAAGCGGGGTGGGGAATCT	74589380	74580736	8644	74584377	5003	74589448	8712	5071
ENSMUST00000042035	ATGGTCCTGACCCAGCCCCCCCGGGACAGGACTGAGATCACTCTGGAAAGAAGCGGGGTGGGGAATCT	74589380	74582987	6393	74586756	2624	74589448	6461	2692
ENSMUST00000042035	ATGGTCCTGACCCAGCCCCCCCGGGACAGGACTGAGATCACTCTGGAAAGAAGCGGGGTGGGGAATCT	74589380	74582987	6393	74586756	2624	74589448	6461	2692
ENSMUST00000076605	TTAATGATGTCACTGCGATCATTTACGTGGCGGCCTGTAGTAGCTACAACATGGTGATCCGGGAAGATA	67213490	67212298	1192	67213487	3	67213559	1261	72
ENSMUST00000064139	GCGGAGGATCGTGGCGGGACGCCGACGCTGCCCACTCGCAAACTCCAGCACGCAGACGCACGCCAGCCG	105157511	105157963	-452	105208523	-51012	105157580	-383	-50943
ENSMUST00000064139	GCGGAGGATCGTGGCGGGACGCCGACGCTGCCCACTCGCAAACTCCAGCACGCAGACGCACGCCAGCCG	105157511	105157963	-452	105219327	-61816	105157580	-383	-61747
ENSMUST00000064139	GCGGAGGATCGTGGCGGGACGCCGACGCTGCCCACTCGCAAACTCCAGCACGCAGACGCACGCCAGCCG	105157511	105157963	-452	105230896	-73385	105157580	-383	-73316
ENSMUST00000064139	GCGGAGGATCGTGGCGGGACGCCGACGCTGCCCACTCGCAAACTCCAGCACGCAGACGCACGCCAGCCG	105157511	105157963	-452	105230896	-73385	105157580	-383	-73316
ENSMUST00000064139	GCGGAGGATCGTGGCGGGACGCCGACGCTGCCCACTCGCAAACTCCAGCACGCAGACGCACGCCAGCCG	105157511	105194960	-37449	105230896	-73385	105157580	-37380	-73316
ENSMUST00000064139	GCGGAGGATCGTGGCGGGACGCCGACGCTGCCCACTCGCAAACTCCAGCACGCAGACGCACGCCAGCCG	105157511	105209257	-51746	105230896	-73385	105157580	-51677	-73316
ENSMUST00000064139	GCGGAGGATCGTGGCGGGACGCCGACGCTGCCCACTCGCAAACTCCAGCACGCAGACGCACGCCAGCCG	105157511	105157963	-452	105208523	-51012	105157580	-383	-50943
ENSMUST00000064139	GCGGAGGATCGTGGCGGGACGCCGACGCTGCCCACTCGCAAACTCCAGCACGCAGACGCACGCCAGCCG	105157511	105157963	-452	105219327	-61816	105157580	-383	-61747
ENSMUST00000064139	GCGGAGGATCGTGGCGGGACGCCGACGCTGCCCACTCGCAAACTCCAGCACGCAGACGCACGCCAGCCG	105157511	105157963	-452	105230896	-73385	105157580	-383	-73316
ENSMUST00000064139	GCGGAGGATCGTGGCGGGACGCCGACGCTGCCCACTCGCAAACTCCAGCACGCAGACGCACGCCAGCCG	105157511	105157963	-452	105230896	-73385	105157580	-383	-73316
ENSMUST00000064139	GCGGAGGATCGTGGCGGGACGCCGACGCTGCCCACTCGCAAACTCCAGCACGCAGACGCACGCCAGCCG	105157511	105194960	-37449	105230896	-73385	105157580	-37380	-73316
ENSMUST00000064139	GCGGAGGATCGTGGCGGGACGCCGACGCTGCCCACTCGCAAACTCCAGCACGCAGACGCACGCCAGCCG	105157511	105209257	-51746	105230896	-73385	105157580	-51677	-73316
ENSMUST00000093995	CAGCGGCAGGGCTCCCGGCTCTCTGCTGTCCCTCACCTCCTGTACATACTGCCTGGGAAGAGACACCAC	77978119	77931114	47005	77962854	15265	77978188	47074	15334
ENSMUST00000093995	CAGCGGCAGGGCTCCCGGCTCTCTGCTGTCCCTCACCTCCTGTACATACTGCCTGGGAAGAGACACCAC	77978119	77954067	24052	77962854	15265	77978188	24121	15334
ENSMUST00000093995	CAGCGGCAGGGCTCCCGGCTCTCTGCTGTCCCTCACCTCCTGTACATACTGCCTGGGAAGAGACACCAC	77978119	77973977	4142	77974439	3680	77978188	4211	3749
ENSMUST00000093995	CAGCGGCAGGGCTCCCGGCTCTCTGCTGTCCCTCACCTCCTGTACATACTGCCTGGGAAGAGACACCAC	77978119	77976941	1178	77977536	583	77978188	1247	652
ENSMUST00000070198	AAAAAATAAAATAAAATGGCTGTACCGGCCTGTATGGACTGTAACGCGCTTCGTGGCCTGACATTTACT	136936252	136670901	265351	136797725	138527	136936321	265420	138596
ENSMUST00000070198	AAAAAATAAAATAAAATGGCTGTACCGGCCTGTATGGACTGTAACGCGCTTCGTGGCCTGACATTTACT	136936252	136670901	265351	136868601	67651	136936321	265420	67720
ENSMUST00000070198	AAAAAATAAAATAAAATGGCTGTACCGGCCTGTATGGACTGTAACGCGCTTCGTGGCCTGACATTTACT	136936252	136670901	265351	136903102	33150	136936321	265420	33219
ENSMUST00000070198	AAAAAATAAAATAAAATGGCTGTACCGGCCTGTATGGACTGTAACGCGCTTCGTGGCCTGACATTTACT	136936252	136670901	265351	136921832	14420	136936321	265420	14489
ENSMUST00000070198	AAAAAATAAAATAAAATGGCTGTACCGGCCTGTATGGACTGTAACGCGCTTCGTGGCCTGACATTTACT	136936252	136797926	138326	136868601	67651	136936321	138395	67720
ENSMUST00000070198	AAAAAATAAAATAAAATGGCTGTACCGGCCTGTATGGACTGTAACGCGCTTCGTGGCCTGACATTTACT	136936252	136834776	101476	136868601	67651	136936321	101545	67720
ENSMUST00000070198	AAAAAATAAAATAAAATGGCTGTACCGGCCTGTATGGACTGTAACGCGCTTCGTGGCCTGACATTTACT	136936252	136881540	54712	136890435	45817	136936321	54781	45886
ENSMUST00000070198	AAAAAATAAAATAAAATGGCTGTACCGGCCTGTATGGACTGTAACGCGCTTCGTGGCCTGACATTTACT	136936252	136670901	265351	136921832	14420	136936321	265420	14489
ENSMUST00000070198	AAAAAATAAAATAAAATGGCTGTACCGGCCTGTATGGACTGTAACGCGCTTCGTGGCCTGACATTTACT	136936252	136797926	138326	136921832	14420	136936321	138395	14489
ENSMUST00000070198	AAAAAATAAAATAAAATGGCTGTACCGGCCTGTATGGACTGTAACGCGCTTCGTGGCCTGACATTTACT	136936252	136890530	45722	136921832	14420	136936321	45791	14489
ENSMUST00000070198	AAAAAATAAAATAAAATGGCTGTACCGGCCTGTATGGACTGTAACGCGCTTCGTGGCCTGACATTTACT	136936252	136903228	33024	136921832	14420	136936321	33093	14489
ENSMUST00000070198	AAAAAATAAAATAAAATGGCTGTACCGGCCTGTATGGACTGTAACGCGCTTCGTGGCCTGACATTTACT	136936252	136670901	265351	136928521	7731	136936321	265420	7800
ENSMUST00000070198	AAAAAATAAAATAAAATGGCTGTACCGGCCTGTATGGACTGTAACGCGCTTCGTGGCCTGACATTTACT	136936252	136928619	7633	136935028	1224	136936321	7702	1293
ENSMUST00000119705	TCTAACATCGTCTTCTACCCTGGTGGAGATTCTGGAAGCCATGAAGCATCCCTCGACAGGAGTCCAGCT	32967789	32863743	104046	32864576	103213	32968689	104946	104113
ENSMUST00000119705	TCTAACATCGTCTTCTACCCTGGTGGAGATTCTGGAAGCCATGAAGCATCCCTCGACAGGAGTCCAGCT	32967789	32863821	103968	32864576	103213	32968689	104868	104113
ENSMUST00000119705	TCTAACATCGTCTTCTACCCTGGTGGAGATTCTGGAAGCCATGAAGCATCCCTCGACAGGAGTCCAGCT	32967789	32863743	104046	32864576	103213	32968689	104946	104113
ENSMUST00000119705	TCTAACATCGTCTTCTACCCTGGTGGAGATTCTGGAAGCCATGAAGCATCCCTCGACAGGAGTCCAGCT	32967789	32863821	103968	32864576	103213	32968689	104868	104113
ENSMUST00000119705	TCTAACATCGTCTTCTACCCTGGTGGAGATTCTGGAAGCCATGAAGCATCCCTCGACAGGAGTCCAGCT	32967789	32875367	92422	32878627	89162	32968689	93322	90062
ENSMUST00000119705	TCTAACATCGTCTTCTACCCTGGTGGAGATTCTGGAAGCCATGAAGCATCCCTCGACAGGAGTCCAGCT	32967789	32878677	89112	32893374	74415	32968689	90012	75315
ENSMUST00000119705	TCTAACATCGTCTTCTACCCTGGTGGAGATTCTGGAAGCCATGAAGCATCCCTCGACAGGAGTCCAGCT	32967789	32878677	89112	32895879	71910	32968689	90012	72810
ENSMUST00000119705	TCTAACATCGTCTTCTACCCTGGTGGAGATTCTGGAAGCCATGAAGCATCCCTCGACAGGAGTCCAGCT	32967789	32878677	89112	32895879	71910	32968689	90012	72810
ENSMUST00000119705	TCTAACATCGTCTTCTACCCTGGTGGAGATTCTGGAAGCCATGAAGCATCCCTCGACAGGAGTCCAGCT	32967789	32887048	80741	32895879	71910	32968689	81641	72810
ENSMUST00000119705	TCTAACATCGTCTTCTACCCTGGTGGAGATTCTGGAAGCCATGAAGCATCCCTCGACAGGAGTCCAGCT	32967789	32895941	71848	32898991	68798	32968689	72748	69698
ENSMUST00000119705	TCTAACATCGTCTTCTACCCTGGTGGAGATTCTGGAAGCCATGAAGCATCCCTCGACAGGAGTCCAGCT	32967789	32924365	43424	32937547	30242	32968689	44324	31142
ENSMUST00000119705	TCTAACATCGTCTTCTACCCTGGTGGAGATTCTGGAAGCCATGAAGCATCCCTCGACAGGAGTCCAGCT	32967789	32927939	39850	32937520	30269	32968689	40750	31169
ENSMUST00000119705	TCTAACATCGTCTTCTACCCTGGTGGAGATTCTGGAAGCCATGAAGCATCCCTCGACAGGAGTCCAGCT	32967789	32927939	39850	32937547	30242	32968689	40750	31142
ENSMUST00000119705	TCTAACATCGTCTTCTACCCTGGTGGAGATTCTGGAAGCCATGAAGCATCCCTCGACAGGAGTCCAGCT	32967789	32938305	29484	32943970	23819	32968689	30384	24719
ENSMUST00000119705	TCTAACATCGTCTTCTACCCTGGTGGAGATTCTGGAAGCCATGAAGCATCCCTCGACAGGAGTCCAGCT	32967789	32955958	11831	32964456	3333	32968689	12731	4233
ENSMUST00000119705	TCTAACATCGTCTTCTACCCTGGTGGAGATTCTGGAAGCCATGAAGCATCCCTCGACAGGAGTCCAGCT	32967789	32955958	11831	32964631	3158	32968689	12731	4058
ENSMUST00000119705	TCTAACATCGTCTTCTACCCTGGTGGAGATTCTGGAAGCCATGAAGCATCCCTCGACAGGAGTCCAGCT	32967789	32955958	11831	32964631	3158	32968689	12731	4058
ENSMUST00000119705	TCTAACATCGTCTTCTACCCTGGTGGAGATTCTGGAAGCCATGAAGCATCCCTCGACAGGAGTCCAGCT	32967789	32959346	8443	32964631	3158	32968689	9343	4058
ENSMUST00000119705	TCTAACATCGTCTTCTACCCTGGTGGAGATTCTGGAAGCCATGAAGCATCCCTCGACAGGAGTCCAGCT	32967789	32968771	-982	32975316	-7527	32968689	-82	-6627
ENSMUST00000119705	TCTAACATCGTCTTCTACCCTGGTGGAGATTCTGGAAGCCATGAAGCATCCCTCGACAGGAGTCCAGCT	32967789	32979554	-11765	32986935	-19146	32968689	-10865	-18246
ENSMUST00000119705	TCTAACATCGTCTTCTACCCTGGTGGAGATTCTGGAAGCCATGAAGCATCCCTCGACAGGAGTCCAGCT	32967789	32984030	-16241	32990741	-22952	32968689	-15341	-22052
ENSMUST00000119705	TCTAACATCGTCTTCTACCCTGGTGGAGATTCTGGAAGCCATGAAGCATCCCTCGACAGGAGTCCAGCT	32967789	32984030	-16241	32990938	-23149	32968689	-15341	-22249
ENSMUST00000119705	TCTAACATCGTCTTCTACCCTGGTGGAGATTCTGGAAGCCATGAAGCATCCCTCGACAGGAGTCCAGCT	32967789	32984030	-16241	32990938	-23149	32968689	-15341	-22249
ENSMUST00000119705	TCTAACATCGTCTTCTACCCTGGTGGAGATTCTGGAAGCCATGAAGCATCCCTCGACAGGAGTCCAGCT	32967789	32986996	-19207	32990938	-23149	32968689	-18307	-22249
ENSMUST00000085374	GTCGTGTCTTGGTGTCTGTCTCTGTGACGTAAATCCTGCCCTGCCCCACCCCACTCCCAATAAACGCTCT	45176071	45168967	7104	45170209	5862	45176141	7174	5932
ENSMUST00000085374	GTCGTGTCTTGGTGTCTGTCTCTGTGACGTAAATCCTGCCCTGCCCCACCCCACTCCCAATAAACGCTCT	45176071	45170324	5747	45170846	5225	45176141	5817	5295
ENSMUST00000085374	GTCGTGTCTTGGTGTCTGTCTCTGTGACGTAAATCCTGCCCTGCCCCACCCCACTCCCAATAAACGCTCT	45176071	45170488	5583	45170846	5225	45176141	5653	5295
ENSMUST00000085374	GTCGTGTCTTGGTGTCTGTCTCTGTGACGTAAATCCTGCCCTGCCCCACCCCACTCCCAATAAACGCTCT	45176071	45172190	3881	45173361	2710	45176141	3951	2780
ENSMUST00000085374	GTCGTGTCTTGGTGTCTGTCTCTGTGACGTAAATCCTGCCCTGCCCCACCCCACTCCCAATAAACGCTCT	45176071	45173002	3069	45174750	1321	45176141	3139	1391
ENSMUST00000055946	AAGCTGTAAGTCTCTTCACTTAACCTGTGGTTCTTCTAAAACTATTATCTAAATCTACAGCATCCCACCA	21830401	21553401	277000	21648956	181445	21830471	277070	181515
ENSMUST00000055946	AAGCTGTAAGTCTCTTCACTTAACCTGTGGTTCTTCTAAAACTATTATCTAAATCTACAGCATCCCACCA	21830401	21577046	253355	21746675	83726	21830471	253425	83796
ENSMUST00000055946	AAGCTGTAAGTCTCTTCACTTAACCTGTGGTTCTTCTAAAACTATTATCTAAATCTACAGCATCCCACCA	21830401	21649025	181376	21783063	47338	21830471	181446	47408
ENSMUST00000055946	AAGCTGTAAGTCTCTTCACTTAACCTGTGGTTCTTCTAAAACTATTATCTAAATCTACAGCATCCCACCA	21830401	21810689	19712	21825143	5258	21830471	19782	5328
ENSMUST00000081834	TCCCTGCAGTCTTTCCGTAGGTTGCGGTACAACGCCAGGCAAGAGAAGAGGAAGGAAATTAACCAGATCG	134756722	134756730	-8	134757731	-1009	134757326	596	-405
ENSMUST00000081834	TCCCTGCAGTCTTTCCGTAGGTTGCGGTACAACGCCAGGCAAGAGAAGAGGAAGGAAATTAACCAGATCG	134756722	134756730	-8	134757731	-1009	134757326	596	-405
ENSMUST00000070733	TGAGGATGGCTTGTGTGGATCACTGGAGACCTGTGTGAACGATGGTGTGTTTGGAAGATGTCAAAAGGTT	116580410	116485973	94437	116722082	-141672	116722114	236141	32
ENSMUST00000070733	TGAGGATGGCTTGTGTGGATCACTGGAGACCTGTGTGAACGATGGTGTGTTTGGAAGATGTCAAAAGGTT	116580410	116580449	-39	116824316	-243906	116722114	141665	-102202
ENSMUST00000070733	TGAGGATGGCTTGTGTGGATCACTGGAGACCTGTGTGAACGATGGTGTGTTTGGAAGATGTCAAAAGGTT	116580410	116580449	-39	116858842	-278432	116722114	141665	-136728
ENSMUST00000070733	TGAGGATGGCTTGTGTGGATCACTGGAGACCTGTGTGAACGATGGTGTGTTTGGAAGATGTCAAAAGGTT	116580410	116580449	-39	116858842	-278432	116722114	141665	-136728
ENSMUST00000070733	TGAGGATGGCTTGTGTGGATCACTGGAGACCTGTGTGAACGATGGTGTGTTTGGAAGATGTCAAAAGGTT	116580410	116722196	-141786	116841243	-260833	116722114	-82	-119129
ENSMUST00000070733	TGAGGATGGCTTGTGTGGATCACTGGAGACCTGTGTGAACGATGGTGTGTTTGGAAGATGTCAAAAGGTT	116580410	116722196	-141786	116858842	-278432	116722114	-82	-136728
ENSMUST00000070733	TGAGGATGGCTTGTGTGGATCACTGGAGACCTGTGTGAACGATGGTGTGTTTGGAAGATGTCAAAAGGTT	116580410	116722196	-141786	116858842	-278432	116722114	-82	-136728
ENSMUST00000070733	TGAGGATGGCTTGTGTGGATCACTGGAGACCTGTGTGAACGATGGTGTGTTTGGAAGATGTCAAAAGGTT	116580410	116824419	-244009	116858842	-278432	116722114	-102305	-136728
ENSMUST00000070733	TGAGGATGGCTTGTGTGGATCACTGGAGACCTGTGTGAACGATGGTGTGTTTGGAAGATGTCAAAAGGTT	116580410	116859191	-278781	116873650	-293240	116722114	-137077	-151536
ENSMUST00000070733	TGAGGATGGCTTGTGTGGATCACTGGAGACCTGTGTGAACGATGGTGTGTTTGGAAGATGTCAAAAGGTT	116580410	116876372	-295962	116900967	-320557	116722114	-154258	-178853
ENSMUST00000070733	TGAGGATGGCTTGTGTGGATCACTGGAGACCTGTGTGAACGATGGTGTGTTTGGAAGATGTCAAAAGGTT	116580410	117022868	-442458	117184580	-604170	116722114	-300754	-462466
ENSMUST00000070733	TGAGGATGGCTTGTGTGGATCACTGGAGACCTGTGTGAACGATGGTGTGTTTGGAAGATGTCAAAAGGTT	116580410	117022868	-442458	117211855	-631445	116722114	-300754	-489741
ENSMUST00000070733	TGAGGATGGCTTGTGTGGATCACTGGAGACCTGTGTGAACGATGGTGTGTTTGGAAGATGTCAAAAGGTT	116580410	117022868	-442458	117211855	-631445	116722114	-300754	-489741
ENSMUST00000070733	TGAGGATGGCTTGTGTGGATCACTGGAGACCTGTGTGAACGATGGTGTGTTTGGAAGATGTCAAAAGGTT	116580410	117022868	-442458	117233283	-652873	116722114	-300754	-511169
ENSMUST00000070733	TGAGGATGGCTTGTGTGGATCACTGGAGACCTGTGTGAACGATGGTGTGTTTGGAAGATGTCAAAAGGTT	116580410	117161806	-581396	117211855	-631445	116722114	-439692	-489741
ENSMUST00000070733	TGAGGATGGCTTGTGTGGATCACTGGAGACCTGTGTGAACGATGGTGTGTTTGGAAGATGTCAAAAGGTT	116580410	117227220	-646810	117247656	-667246	116722114	-505106	-525542
ENSMUST00000070733	TGAGGATGGCTTGTGTGGATCACTGGAGACCTGTGTGAACGATGGTGTGTTTGGAAGATGTCAAAAGGTT	116580410	117227220	-646810	117269576	-689166	116722114	-505106	-547462
ENSMUST00000070733	TGAGGATGGCTTGTGTGGATCACTGGAGACCTGTGTGAACGATGGTGTGTTTGGAAGATGTCAAAAGGTT	116580410	117233361	-652951	117248533	-668123	116722114	-511247	-526419
ENSMUST00000070733	TGAGGATGGCTTGTGTGGATCACTGGAGACCTGTGTGAACGATGGTGTGTTTGGAAGATGTCAAAAGGTT	116580410	117233361	-652951	117253602	-673192	116722114	-511247	-531488
ENSMUST00000070733	TGAGGATGGCTTGTGTGGATCACTGGAGACCTGTGTGAACGATGGTGTGTTTGGAAGATGTCAAAAGGTT	116580410	117233361	-652951	117269576	-689166	116722114	-511247	-547462
ENSMUST00000070733	TGAGGATGGCTTGTGTGGATCACTGGAGACCTGTGTGAACGATGGTGTGTTTGGAAGATGTCAAAAGGTT	116580410	117253656	-673246	117269576	-689166	116722114	-531542	-547462
ENSMUST00000070733	TGAGGATGGCTTGTGTGGATCACTGGAGACCTGTGTGAACGATGGTGTGTTTGGAAGATGTCAAAAGGTT	116580410	117253656	-673246	117269576	-689166	116722114	-531542	-547462
ENSMUST00000070733	TGAGGATGGCTTGTGTGGATCACTGGAGACCTGTGTGAACGATGGTGTGTTTGGAAGATGTCAAAAGGTT	116580410	117255610	-675200	117276558	-696148	116722114	-533496	-554444
ENSMUST00000174641	CAGGACTTTGTTTTGAAAGTTGCATTCCTTACTGGGTTTGGGATGTGGCACCTCTGGCCCAGCTTCCCTC	32262335	32129678	132657	32153039	109296	32262405	132727	109366
ENSMUST00000174641	CAGGACTTTGTTTTGAAAGTTGCATTCCTTACTGGGTTTGGGATGTGGCACCTCTGGCCCAGCTTCCCTC	32262335	32152013	110322	32153039	109296	32262405	110392	109366
ENSMUST00000174641	CAGGACTTTGTTTTGAAAGTTGCATTCCTTACTGGGTTTGGGATGTGGCACCTCTGGCCCAGCTTCCCTC	32262335	32129678	132657	32170089	92246	32262405	132727	92316
ENSMUST00000174641	CAGGACTTTGTTTTGAAAGTTGCATTCCTTACTGGGTTTGGGATGTGGCACCTCTGGCCCAGCTTCCCTC	32262335	32152709	109626	32170089	92246	32262405	109696	92316
ENSMUST00000174641	CAGGACTTTGTTTTGAAAGTTGCATTCCTTACTGGGTTTGGGATGTGGCACCTCTGGCCCAGCTTCCCTC	32262335	32153124	109211	32208183	54152	32262405	109281	54222
ENSMUST00000174641	CAGGACTTTGTTTTGAAAGTTGCATTCCTTACTGGGTTTGGGATGTGGCACCTCTGGCCCAGCTTCCCTC	32262335	32187756	74579	32208183	54152	32262405	74649	54222
ENSMUST00000174641	CAGGACTTTGTTTTGAAAGTTGCATTCCTTACTGGGTTTGGGATGTGGCACCTCTGGCCCAGCTTCCCTC	32262335	32190061	72274	32239261	23074	32262405	72344	23144
ENSMUST00000174641	CAGGACTTTGTTTTGAAAGTTGCATTCCTTACTGGGTTTGGGATGTGGCACCTCTGGCCCAGCTTCCCTC	32262335	32208265	54070	32245151	17184	32262405	54140	17254
ENSMUST00000174641	CAGGACTTTGTTTTGAAAGTTGCATTCCTTACTGGGTTTGGGATGTGGCACCTCTGGCCCAGCTTCCCTC	32262335	32245254	17081	32246446	15889	32262405	17151	15959
ENSMUST00000174641	CAGGACTTTGTTTTGAAAGTTGCATTCCTTACTGGGTTTGGGATGTGGCACCTCTGGCCCAGCTTCCCTC	32262335	32250787	11548	32255173	7162	32262405	11618	7232
ENSMUST00000172689	CAACCCTGCCCGCAAGGGACTTTATGAGGGTACTGGCCGCCTCTTCTTTGAGTTCTACCGCCTCCTGCAT	3902458	3806602	95856	3849634	52824	3902723	96121	53089
ENSMUST00000172689	CAACCCTGCCCGCAAGGGACTTTATGAGGGTACTGGCCGCCTCTTCTTTGAGTTCTACCGCCTCCTGCAT	3902458	3806602	95856	3865984	36474	3902723	96121	36739
ENSMUST00000172689	CAACCCTGCCCGCAAGGGACTTTATGAGGGTACTGGCCGCCTCTTCTTTGAGTTCTACCGCCTCCTGCAT	3902458	3807120	95338	3865984	36474	3902723	95603	36739
ENSMUST00000172689	CAACCCTGCCCGCAAGGGACTTTATGAGGGTACTGGCCGCCTCTTCTTTGAGTTCTACCGCCTCCTGCAT	3902458	3806602	95856	3865984	36474	3902723	96121	36739
ENSMUST00000172689	CAACCCTGCCCGCAAGGGACTTTATGAGGGTACTGGCCGCCTCTTCTTTGAGTTCTACCGCCTCCTGCAT	3902458	3835260	67198	3865984	36474	3902723	67463	36739
ENSMUST00000172689	CAACCCTGCCCGCAAGGGACTTTATGAGGGTACTGGCCGCCTCTTCTTTGAGTTCTACCGCCTCCTGCAT	3902458	3849739	52719	3865984	36474	3902723	52984	36739
ENSMUST00000172689	CAACCCTGCCCGCAAGGGACTTTATGAGGGTACTGGCCGCCTCTTCTTTGAGTTCTACCGCCTCCTGCAT	3902458	3807120	95338	3895542	6916	3902723	95603	7181
ENSMUST00000172689	CAACCCTGCCCGCAAGGGACTTTATGAGGGTACTGGCCGCCTCTTCTTTGAGTTCTACCGCCTCCTGCAT	3902458	3896148	6310	3896885	5573	3902723	6575	5838
ENSMUST00000172689	CAACCCTGCCCGCAAGGGACTTTATGAGGGTACTGGCCGCCTCTTCTTTGAGTTCTACCGCCTCCTGCAT	3902458	3901694	764	3904139	-1681	3902723	1029	-1416
ENSMUST00000172689	CAACCCTGCCCGCAAGGGACTTTATGAGGGTACTGGCCGCCTCTTCTTTGAGTTCTACCGCCTCCTGCAT	3902458	3902471	-13	3904139	-1681	3902723	252	-1416
ENSMUST00000172689	CAACCCTGCCCGCAAGGGACTTTATGAGGGTACTGGCCGCCTCTTCTTTGAGTTCTACCGCCTCCTGCAT	3902458	3902814	-356	3905592	-3134	3902723	-91	-2869
ENSMUST00000202937	ATGAGGACCTGACCCCAGAGCAGAAGGCTGAGCGCGAGAAGGAACGGAGGATGGCCAATAATGCCCGTGA	69681592	69345025	336567	69349071	332521	69681662	336637	332591
ENSMUST00000202937	ATGAGGACCTGACCCCAGAGCAGAAGGCTGAGCGCGAGAAGGAACGGAGGATGGCCAATAATGCCCGTGA	69681592	69346365	335227	69349071	332521	69681662	335297	332591
ENSMUST00000202937	ATGAGGACCTGACCCCAGAGCAGAAGGCTGAGCGCGAGAAGGAACGGAGGATGGCCAATAATGCCCGTGA	69681592	69345939	335653	69349071	332521	69681662	335723	332591
ENSMUST00000202937	ATGAGGACCTGACCCCAGAGCAGAAGGCTGAGCGCGAGAAGGAACGGAGGATGGCCAATAATGCCCGTGA	69681592	69345025	336567	69461861	219731	69681662	336637	219801
ENSMUST00000202937	ATGAGGACCTGACCCCAGAGCAGAAGGCTGAGCGCGAGAAGGAACGGAGGATGGCCAATAATGCCCGTGA	69681592	69345025	336567	69564033	117559	69681662	336637	117629
ENSMUST00000202937	ATGAGGACCTGACCCCAGAGCAGAAGGCTGAGCGCGAGAAGGAACGGAGGATGGCCAATAATGCCCGTGA	69681592	69349144	332448	69461861	219731	69681662	332518	219801
ENSMUST00000202937	ATGAGGACCTGACCCCAGAGCAGAAGGCTGAGCGCGAGAAGGAACGGAGGATGGCCAATAATGCCCGTGA	69681592	69345025	336567	69519964	161628	69681662	336637	161698
ENSMUST00000202937	ATGAGGACCTGACCCCAGAGCAGAAGGCTGAGCGCGAGAAGGAACGGAGGATGGCCAATAATGCCCGTGA	69681592	69349144	332448	69519964	161628	69681662	332518	161698
ENSMUST00000202937	ATGAGGACCTGACCCCAGAGCAGAAGGCTGAGCGCGAGAAGGAACGGAGGATGGCCAATAATGCCCGTGA	69681592	69461923	219669	69519964	161628	69681662	219739	161698
ENSMUST00000202937	ATGAGGACCTGACCCCAGAGCAGAAGGCTGAGCGCGAGAAGGAACGGAGGATGGCCAATAATGCCCGTGA	69681592	69345025	336567	69564033	117559	69681662	336637	117629
ENSMUST00000202937	ATGAGGACCTGACCCCAGAGCAGAAGGCTGAGCGCGAGAAGGAACGGAGGATGGCCAATAATGCCCGTGA	69681592	69349144	332448	69564033	117559	69681662	332518	117629
ENSMUST00000202937	ATGAGGACCTGACCCCAGAGCAGAAGGCTGAGCGCGAGAAGGAACGGAGGATGGCCAATAATGCCCGTGA	69681592	69465447	216145	69564033	117559	69681662	216215	117629
ENSMUST00000202937	ATGAGGACCTGACCCCAGAGCAGAAGGCTGAGCGCGAGAAGGAACGGAGGATGGCCAATAATGCCCGTGA	69681592	69465447	216145	69564036	117556	69681662	216215	117626
ENSMUST00000202937	ATGAGGACCTGACCCCAGAGCAGAAGGCTGAGCGCGAGAAGGAACGGAGGATGGCCAATAATGCCCGTGA	69681592	69465447	216145	69633576	48016	69681662	216215	48086
ENSMUST00000202937	ATGAGGACCTGACCCCAGAGCAGAAGGCTGAGCGCGAGAAGGAACGGAGGATGGCCAATAATGCCCGTGA	69681592	69500998	180594	69564036	117556	69681662	180664	117626
ENSMUST00000202937	ATGAGGACCTGACCCCAGAGCAGAAGGCTGAGCGCGAGAAGGAACGGAGGATGGCCAATAATGCCCGTGA	69681592	69564684	116908	69642882	38710	69681662	116978	38780
ENSMUST00000202937	ATGAGGACCTGACCCCAGAGCAGAAGGCTGAGCGCGAGAAGGAACGGAGGATGGCCAATAATGCCCGTGA	69681592	69633682	47910	69642882	38710	69681662	47980	38780
ENSMUST00000202937	ATGAGGACCTGACCCCAGAGCAGAAGGCTGAGCGCGAGAAGGAACGGAGGATGGCCAATAATGCCCGTGA	69681592	69655037	26555	69675698	5894	69681662	26625	5964
ENSMUST00000202937	ATGAGGACCTGACCCCAGAGCAGAAGGCTGAGCGCGAGAAGGAACGGAGGATGGCCAATAATGCCCGTGA	69681592	69675834	5758	69681568	24	69681662	5828	94
ENSMUST00000202937	ATGAGGACCTGACCCCAGAGCAGAAGGCTGAGCGCGAGAAGGAACGGAGGATGGCCAATAATGCCCGTGA	69681592	69675834	5758	69681568	24	69681662	5828	94
ENSMUST00000105900	AGAGAAGCCCGTGGTCAGGACCTGGTGGAGGACAGAAAGTGGGGCACAGGCTGTGGCAAAGTTTAGGTGTG	144422257	144091789	330468	144179754	242503	144422328	330539	242574
ENSMUST00000105900	AGAGAAGCCCGTGGTCAGGACCTGGTGGAGGACAGAAAGTGGGGCACAGGCTGTGGCAAAGTTTAGGTGTG	144422257	144180073	242184	144192416	229841	144422328	242255	229912
ENSMUST00000105900	AGAGAAGCCCGTGGTCAGGACCTGGTGGAGGACAGAAAGTGGGGCACAGGCTGTGGCAAAGTTTAGGTGTG	144422257	144186989	235268	144259064	163193	144422328	235339	163264
ENSMUST00000105900	AGAGAAGCCCGTGGTCAGGACCTGGTGGAGGACAGAAAGTGGGGCACAGGCTGTGGCAAAGTTTAGGTGTG	144422257	144396431	25826	144398240	24017	144422328	25897	24088
ENSMUST00000105900	AGAGAAGCCCGTGGTCAGGACCTGGTGGAGGACAGAAAGTGGGGCACAGGCTGTGGCAAAGTTTAGGTGTG	144422257	144396431	25826	144405329	16928	144422328	25897	16999
ENSMUST00000105900	AGAGAAGCCCGTGGTCAGGACCTGGTGGAGGACAGAAAGTGGGGCACAGGCTGTGGCAAAGTTTAGGTGTG	144422257	144396431	25826	144405329	16928	144422328	25897	16999
ENSMUST00000105900	AGAGAAGCCCGTGGTCAGGACCTGGTGGAGGACAGAAAGTGGGGCACAGGCTGTGGCAAAGTTTAGGTGTG	144422257	144396646	25611	144405329	16928	144422328	25682	16999
ENSMUST00000105900	AGAGAAGCCCGTGGTCAGGACCTGGTGGAGGACAGAAAGTGGGGCACAGGCTGTGGCAAAGTTTAGGTGTG	144422257	144396431	25826	144409461	12796	144422328	25897	12867
ENSMUST00000105900	AGAGAAGCCCGTGGTCAGGACCTGGTGGAGGACAGAAAGTGGGGCACAGGCTGTGGCAAAGTTTAGGTGTG	144422257	144405460	16797	144408055	14202	144422328	16868	14273
ENSMUST00000105900	AGAGAAGCCCGTGGTCAGGACCTGGTGGAGGACAGAAAGTGGGGCACAGGCTGTGGCAAAGTTTAGGTGTG	144422257	144405460	16797	144409461	12796	144422328	16868	12867
ENSMUST00000105900	AGAGAAGCCCGTGGTCAGGACCTGGTGGAGGACAGAAAGTGGGGCACAGGCTGTGGCAAAGTTTAGGTGTG	144422257	144405460	16797	144409461	12796	144422328	16868	12867
ENSMUST00000105900	AGAGAAGCCCGTGGTCAGGACCTGGTGGAGGACAGAAAGTGGGGCACAGGCTGTGGCAAAGTTTAGGTGTG	144422257	144407232	15025	144409461	12796	144422328	15096	12867
ENSMUST00000105900	AGAGAAGCCCGTGGTCAGGACCTGGTGGAGGACAGAAAGTGGGGCACAGGCTGTGGCAAAGTTTAGGTGTG	144422257	144405460	16797	144420558	1699	144422328	16868	1770
ENSMUST00000226059	AAACGCTACCTCTCTGTCCCTTGCTGTGTGCTGATCATCGCCAGAGGTGCTTCACTCTGACTTGTTGGTTT	60762499	60602596	159903	60716677	45822	60762570	159974	45893
ENSMUST00000226059	AAACGCTACCTCTCTGTCCCTTGCTGTGTGCTGATCATCGCCAGAGGTGCTTCACTCTGACTTGTTGGTTT	60762499	60696452	66047	60718013	44486	60762570	66118	44557
ENSMUST00000226059	AAACGCTACCTCTCTGTCCCTTGCTGTGTGCTGATCATCGCCAGAGGTGCTTCACTCTGACTTGTTGGTTT	60762499	60716816	45683	60718301	44198	60762570	45754	44269
ENSMUST00000226059	AAACGCTACCTCTCTGTCCCTTGCTGTGTGCTGATCATCGCCAGAGGTGCTTCACTCTGACTTGTTGGTTT	60762499	60718350	44149	60719609	42890	60762570	44220	42961
ENSMUST00000226059	AAACGCTACCTCTCTGTCCCTTGCTGTGTGCTGATCATCGCCAGAGGTGCTTCACTCTGACTTGTTGGTTT	60762499	60720156	42343	60723019	39480	60762570	42414	39551
ENSMUST00000226059	AAACGCTACCTCTCTGTCCCTTGCTGTGTGCTGATCATCGCCAGAGGTGCTTCACTCTGACTTGTTGGTTT	60762499	60721863	40636	60725296	37203	60762570	40707	37274
ENSMUST00000019986	TTACAAGGAAAATGCTTGCTTATGATCGGCGCTCTGAGCCTCGAGTTGGAGAACGAGTGCCATATGTCATC	39864616	39732613	132003	39783142	81474	39864687	132074	81545
ENSMUST00000019986	TTACAAGGAAAATGCTTGCTTATGATCGGCGCTCTGAGCCTCGAGTTGGAGAACGAGTGCCATATGTCATC	39864616	39806746	57870	39813970	50646	39864687	57941	50717
ENSMUST00000019986	TTACAAGGAAAATGCTTGCTTATGATCGGCGCTCTGAGCCTCGAGTTGGAGAACGAGTGCCATATGTCATC	39864616	39814090	50526	39820447	44169	39864687	50597	44240
ENSMUST00000019986	TTACAAGGAAAATGCTTGCTTATGATCGGCGCTCTGAGCCTCGAGTTGGAGAACGAGTGCCATATGTCATC	39864616	39843529	21087	39846668	17948	39864687	21158	18019
ENSMUST00000019986	TTACAAGGAAAATGCTTGCTTATGATCGGCGCTCTGAGCCTCGAGTTGGAGAACGAGTGCCATATGTCATC	39864616	39846913	17703	39851866	12750	39864687	17774	12821
ENSMUST00000019986	TTACAAGGAAAATGCTTGCTTATGATCGGCGCTCTGAGCCTCGAGTTGGAGAACGAGTGCCATATGTCATC	39864616	39848083	16533	39851866	12750	39864687	16604	12821
ENSMUST00000019986	TTACAAGGAAAATGCTTGCTTATGATCGGCGCTCTGAGCCTCGAGTTGGAGAACGAGTGCCATATGTCATC	39864616	39852073	12543	39859106	5510	39864687	12614	5581
ENSMUST00000019986	TTACAAGGAAAATGCTTGCTTATGATCGGCGCTCTGAGCCTCGAGTTGGAGAACGAGTGCCATATGTCATC	39864616	39854808	9808	39862693	1923	39864687	9879	1994
ENSMUST00000019986	TTACAAGGAAAATGCTTGCTTATGATCGGCGCTCTGAGCCTCGAGTTGGAGAACGAGTGCCATATGTCATC	39864616	39859221	5395	39863737	879	39864687	5466	950
ENSMUST00000019986	TTACAAGGAAAATGCTTGCTTATGATCGGCGCTCTGAGCCTCGAGTTGGAGAACGAGTGCCATATGTCATC	39864616	39862831	1785	39864593	23	39864687	1856	94
ENSMUST00000183302	CCACGTACATAGAGAAATTGAAGACTGTGAATTTGGTTTTAAAAAACACTCAAGCTGCAGAAGCCCTTGTC	34170360	34249638	-79278	34250609	-80249	34170431	-79207	-80178
ENSMUST00000183302	CCACGTACATAGAGAAATTGAAGACTGTGAATTTGGTTTTAAAAAACACTCAAGCTGCAGAAGCCCTTGTC	34170360	34295536	-125176	34299720	-129360	34170431	-125105	-129289
ENSMUST00000183302	CCACGTACATAGAGAAATTGAAGACTGTGAATTTGGTTTTAAAAAACACTCAAGCTGCAGAAGCCCTTGTC	34170360	34299838	-129478	34302829	-132469	34170431	-129407	-132398
ENSMUST00000183302	CCACGTACATAGAGAAATTGAAGACTGTGAATTTGGTTTTAAAAAACACTCAAGCTGCAGAAGCCCTTGTC	34170360	34303032	-132672	34306527	-136167	34170431	-132601	-136096
ENSMUST00000183302	CCACGTACATAGAGAAATTGAAGACTGTGAATTTGGTTTTAAAAAACACTCAAGCTGCAGAAGCCCTTGTC	34170360	34174795	-4435	34184015	-13655	34170431	-4364	-13584
ENSMUST00000149756	AAACAACCCGCCCTGTACAGTGAACATCCCTATTGCACCAATCCACAGCTCTGCTCAAGCTCTGTCTCCCA	6231749	6106582	125167	6176828	54921	6231820	125238	54992
ENSMUST00000149756	AAACAACCCGCCCTGTACAGTGAACATCCCTATTGCACCAATCCACAGCTCTGCTCAAGCTCTGTCTCCCA	6231749	6106996	124753	6121194	110555	6231820	124824	110626
ENSMUST00000149756	AAACAACCCGCCCTGTACAGTGAACATCCCTATTGCACCAATCCACAGCTCTGCTCAAGCTCTGTCTCCCA	6231749	6106996	124753	6176828	54921	6231820	124824	54992
ENSMUST00000149756	AAACAACCCGCCCTGTACAGTGAACATCCCTATTGCACCAATCCACAGCTCTGCTCAAGCTCTGTCTCCCA	6231749	6106582	125167	6137210	94539	6231820	125238	94610
ENSMUST00000149756	AAACAACCCGCCCTGTACAGTGAACATCCCTATTGCACCAATCCACAGCTCTGCTCAAGCTCTGTCTCCCA	6231749	6106582	125167	6176828	54921	6231820	125238	54992
ENSMUST00000149756	AAACAACCCGCCCTGTACAGTGAACATCCCTATTGCACCAATCCACAGCTCTGCTCAAGCTCTGTCTCCCA	6231749	6107788	123961	6124170	107579	6231820	124032	107650
ENSMUST00000149756	AAACAACCCGCCCTGTACAGTGAACATCCCTATTGCACCAATCCACAGCTCTGCTCAAGCTCTGTCTCCCA	6231749	6107788	123961	6137210	94539	6231820	124032	94610
ENSMUST00000149756	AAACAACCCGCCCTGTACAGTGAACATCCCTATTGCACCAATCCACAGCTCTGCTCAAGCTCTGTCTCCCA	6231749	6107788	123961	6176828	54921	6231820	124032	54992
ENSMUST00000149756	AAACAACCCGCCCTGTACAGTGAACATCCCTATTGCACCAATCCACAGCTCTGCTCAAGCTCTGTCTCCCA	6231749	6118366	113383	6176828	54921	6231820	113454	54992
ENSMUST00000149756	AAACAACCCGCCCTGTACAGTGAACATCCCTATTGCACCAATCCACAGCTCTGCTCAAGCTCTGTCTCCCA	6231749	6122344	109405	6124656	107093	6231820	109476	107164
ENSMUST00000149756	AAACAACCCGCCCTGTACAGTGAACATCCCTATTGCACCAATCCACAGCTCTGCTCAAGCTCTGTCTCCCA	6231749	6139156	92593	6185136	46613	6231820	92664	46684
ENSMUST00000149756	AAACAACCCGCCCTGTACAGTGAACATCCCTATTGCACCAATCCACAGCTCTGCTCAAGCTCTGTCTCCCA	6231749	6176957	54792	6198671	33078	6231820	54863	33149
ENSMUST00000149756	AAACAACCCGCCCTGTACAGTGAACATCCCTATTGCACCAATCCACAGCTCTGCTCAAGCTCTGTCTCCCA	6231749	6185298	46451	6201699	30050	6231820	46522	30121
ENSMUST00000149756	AAACAACCCGCCCTGTACAGTGAACATCCCTATTGCACCAATCCACAGCTCTGCTCAAGCTCTGTCTCCCA	6231749	6185298	46451	6213383	18366	6231820	46522	18437
ENSMUST00000149756	AAACAACCCGCCCTGTACAGTGAACATCCCTATTGCACCAATCCACAGCTCTGCTCAAGCTCTGTCTCCCA	6231749	6185298	46451	6206890	24859	6231820	46522	24930
ENSMUST00000149756	AAACAACCCGCCCTGTACAGTGAACATCCCTATTGCACCAATCCACAGCTCTGCTCAAGCTCTGTCTCCCA	6231749	6185298	46451	6213383	18366	6231820	46522	18437
ENSMUST00000149756	AAACAACCCGCCCTGTACAGTGAACATCCCTATTGCACCAATCCACAGCTCTGCTCAAGCTCTGTCTCCCA	6231749	6198852	32897	6213383	18366	6231820	32968	18437
ENSMUST00000149756	AAACAACCCGCCCTGTACAGTGAACATCCCTATTGCACCAATCCACAGCTCTGCTCAAGCTCTGTCTCCCA	6231749	6185298	46451	6213383	18366	6231820	46522	18437
ENSMUST00000149756	AAACAACCCGCCCTGTACAGTGAACATCCCTATTGCACCAATCCACAGCTCTGCTCAAGCTCTGTCTCCCA	6231749	6201834	29915	6213383	18366	6231820	29986	18437
ENSMUST00000149756	AAACAACCCGCCCTGTACAGTGAACATCCCTATTGCACCAATCCACAGCTCTGCTCAAGCTCTGTCTCCCA	6231749	6222448	9301	6229334	2415	6231820	9372	2486
ENSMUST00000095737	ATTGCTCCTCTTAGGTGATCGTCTTAGTTCCTCAAAGCTGCTTGTTCTCCCGTGGATTCCTGTCCCAAGCTA	53147983	52699442	448541	52880638	267345	53148055	448613	267417
ENSMUST00000095737	ATTGCTCCTCTTAGGTGATCGTCTTAGTTCCTCAAAGCTGCTTGTTCTCCCGTGGATTCCTGTCCCAAGCTA	53147983	52888063	259920	52937134	210849	53148055	259992	210921
ENSMUST00000095737	ATTGCTCCTCTTAGGTGATCGTCTTAGTTCCTCAAAGCTGCTTGTTCTCCCGTGGATTCCTGTCCCAAGCTA	53147983	52699442	448541	53139380	8603	53148055	448613	8675
ENSMUST00000095737	ATTGCTCCTCTTAGGTGATCGTCTTAGTTCCTCAAAGCTGCTTGTTCTCCCGTGGATTCCTGTCCCAAGCTA	53147983	52938506	209477	53069106	78877	53148055	209549	78949
ENSMUST00000095737	ATTGCTCCTCTTAGGTGATCGTCTTAGTTCCTCAAAGCTGCTTGTTCTCCCGTGGATTCCTGTCCCAAGCTA	53147983	52938506	209477	53139380	8603	53148055	209549	8675
ENSMUST00000095737	ATTGCTCCTCTTAGGTGATCGTCTTAGTTCCTCAAAGCTGCTTGTTCTCCCGTGGATTCCTGTCCCAAGCTA	53147983	53010622	137361	53069106	78877	53148055	137433	78949
ENSMUST00000095737	ATTGCTCCTCTTAGGTGATCGTCTTAGTTCCTCAAAGCTGCTTGTTCTCCCGTGGATTCCTGTCCCAAGCTA	53147983	53025841	122142	53072289	75694	53148055	122214	75766
ENSMUST00000095737	ATTGCTCCTCTTAGGTGATCGTCTTAGTTCCTCAAAGCTGCTTGTTCTCCCGTGGATTCCTGTCCCAAGCTA	53147983	53025841	122142	53104514	43469	53148055	122214	43541
ENSMUST00000095737	ATTGCTCCTCTTAGGTGATCGTCTTAGTTCCTCAAAGCTGCTTGTTCTCCCGTGGATTCCTGTCCCAAGCTA	53147983	53072511	75472	53139380	8603	53148055	75544	8675
ENSMUST00000095737	ATTGCTCCTCTTAGGTGATCGTCTTAGTTCCTCAAAGCTGCTTGTTCTCCCGTGGATTCCTGTCCCAAGCTA	53147983	53104730	43253	53147810	173	53148055	43325	245
ENSMUST00000095737	ATTGCTCCTCTTAGGTGATCGTCTTAGTTCCTCAAAGCTGCTTGTTCTCCCGTGGATTCCTGTCCCAAGCTA	53147983	52699442	448541	52880638	267345	53148055	448613	267417
ENSMUST00000095737	ATTGCTCCTCTTAGGTGATCGTCTTAGTTCCTCAAAGCTGCTTGTTCTCCCGTGGATTCCTGTCCCAAGCTA	53147983	52888063	259920	52937134	210849	53148055	259992	210921
ENSMUST00000095737	ATTGCTCCTCTTAGGTGATCGTCTTAGTTCCTCAAAGCTGCTTGTTCTCCCGTGGATTCCTGTCCCAAGCTA	53147983	52699442	448541	53139380	8603	53148055	448613	8675
ENSMUST00000095737	ATTGCTCCTCTTAGGTGATCGTCTTAGTTCCTCAAAGCTGCTTGTTCTCCCGTGGATTCCTGTCCCAAGCTA	53147983	52938506	209477	53069106	78877	53148055	209549	78949
ENSMUST00000095737	ATTGCTCCTCTTAGGTGATCGTCTTAGTTCCTCAAAGCTGCTTGTTCTCCCGTGGATTCCTGTCCCAAGCTA	53147983	52938506	209477	53139380	8603	53148055	209549	8675
ENSMUST00000095737	ATTGCTCCTCTTAGGTGATCGTCTTAGTTCCTCAAAGCTGCTTGTTCTCCCGTGGATTCCTGTCCCAAGCTA	53147983	53010622	137361	53069106	78877	53148055	137433	78949
ENSMUST00000095737	ATTGCTCCTCTTAGGTGATCGTCTTAGTTCCTCAAAGCTGCTTGTTCTCCCGTGGATTCCTGTCCCAAGCTA	53147983	53025841	122142	53072289	75694	53148055	122214	75766
ENSMUST00000095737	ATTGCTCCTCTTAGGTGATCGTCTTAGTTCCTCAAAGCTGCTTGTTCTCCCGTGGATTCCTGTCCCAAGCTA	53147983	53025841	122142	53104514	43469	53148055	122214	43541
ENSMUST00000095737	ATTGCTCCTCTTAGGTGATCGTCTTAGTTCCTCAAAGCTGCTTGTTCTCCCGTGGATTCCTGTCCCAAGCTA	53147983	53072511	75472	53139380	8603	53148055	75544	8675
ENSMUST00000095737	ATTGCTCCTCTTAGGTGATCGTCTTAGTTCCTCAAAGCTGCTTGTTCTCCCGTGGATTCCTGTCCCAAGCTA	53147983	53104730	43253	53147810	173	53148055	43325	245
ENSMUST00000034740	AGAACACAGTGGAAAAGGCCAAGCCCTGACGATGACCTCACGGATGAAGACAATGATGATATGCAGCTGCAA	72718365	72662613	55752	72671229	47136	72721354	58741	50125
ENSMUST00000034740	AGAACACAGTGGAAAAGGCCAAGCCCTGACGATGACCTCACGGATGAAGACAATGATGATATGCAGCTGCAA	72718365	72662613	55752	72677314	41051	72721354	58741	44040
ENSMUST00000034740	AGAACACAGTGGAAAAGGCCAAGCCCTGACGATGACCTCACGGATGAAGACAATGATGATATGCAGCTGCAA	72718365	72662613	55752	72709111	9254	72721354	58741	12243
ENSMUST00000034740	AGAACACAGTGGAAAAGGCCAAGCCCTGACGATGACCTCACGGATGAAGACAATGATGATATGCAGCTGCAA	72718365	72677531	40834	72709111	9254	72721354	43823	12243
ENSMUST00000034740	AGAACACAGTGGAAAAGGCCAAGCCCTGACGATGACCTCACGGATGAAGACAATGATGATATGCAGCTGCAA	72718365	72726530	-8165	72731221	-12856	72721354	-5176	-9867
ENSMUST00000034740	AGAACACAGTGGAAAAGGCCAAGCCCTGACGATGACCTCACGGATGAAGACAATGATGATATGCAGCTGCAA	72718365	72739528	-21163	72742652	-24287	72721354	-18174	-21298
ENSMUST00000034740	AGAACACAGTGGAAAAGGCCAAGCCCTGACGATGACCTCACGGATGAAGACAATGATGATATGCAGCTGCAA	72718365	72740228	-21863	72742652	-24287	72721354	-18874	-21298
ENSMUST00000034740	AGAACACAGTGGAAAAGGCCAAGCCCTGACGATGACCTCACGGATGAAGACAATGATGATATGCAGCTGCAA	72718365	72742760	-24395	72746406	-28041	72721354	-21406	-25052
ENSMUST00000161431	ATGGGCAAAGGCTGGTGTGAGGGTGGGGCCCAAGCTGCTGCGCCATCTGGTCTGTTTTTATTTAACTGTATT	26761227	26734177	27050	26751743	9484	26761299	27122	9556
ENSMUST00000161431	ATGGGCAAAGGCTGGTGTGAGGGTGGGGCCCAAGCTGCTGCGCCATCTGGTCTGTTTTTATTTAACTGTATT	26761227	26751890	9337	26756736	4491	26761299	9409	4563
ENSMUST00000113462	GGAAGGAAGGCTGGGGTTTTGTAAAGTGTCCACTGCGCCGTTCGTTTATTTCCCTCGATTTTCTTCTTCCTC	6532493	6428778	103715	6448254	84239	6532565	103787	84311
ENSMUST00000113462	GGAAGGAAGGCTGGGGTTTTGTAAAGTGTCCACTGCGCCGTTCGTTTATTTCCCTCGATTTTCTTCTTCCTC	6532493	6428778	103715	6472257	60236	6532565	103787	60308
ENSMUST00000113462	GGAAGGAAGGCTGGGGTTTTGTAAAGTGTCCACTGCGCCGTTCGTTTATTTCCCTCGATTTTCTTCTTCCTC	6532493	6428778	103715	6472257	60236	6532565	103787	60308
ENSMUST00000113462	GGAAGGAAGGCTGGGGTTTTGTAAAGTGTCCACTGCGCCGTTCGTTTATTTCCCTCGATTTTCTTCTTCCTC	6532493	6443648	88845	6450527	81966	6532565	88917	82038
ENSMUST00000113462	GGAAGGAAGGCTGGGGTTTTGTAAAGTGTCCACTGCGCCGTTCGTTTATTTCCCTCGATTTTCTTCTTCCTC	6532493	6443648	88845	6450530	81963	6532565	88917	82035
ENSMUST00000113462	GGAAGGAAGGCTGGGGTTTTGTAAAGTGTCCACTGCGCCGTTCGTTTATTTCCCTCGATTTTCTTCTTCCTC	6532493	6443648	88845	6454978	77515	6532565	88917	77587
ENSMUST00000113462	GGAAGGAAGGCTGGGGTTTTGTAAAGTGTCCACTGCGCCGTTCGTTTATTTCCCTCGATTTTCTTCTTCCTC	6532493	6443648	88845	6463823	68670	6532565	88917	68742
ENSMUST00000113462	GGAAGGAAGGCTGGGGTTTTGTAAAGTGTCCACTGCGCCGTTCGTTTATTTCCCTCGATTTTCTTCTTCCTC	6532493	6443648	88845	6472257	60236	6532565	88917	60308
ENSMUST00000113462	GGAAGGAAGGCTGGGGTTTTGTAAAGTGTCCACTGCGCCGTTCGTTTATTTCCCTCGATTTTCTTCTTCCTC	6532493	6443648	88845	6454978	77515	6532565	88917	77587
ENSMUST00000113462	GGAAGGAAGGCTGGGGTTTTGTAAAGTGTCCACTGCGCCGTTCGTTTATTTCCCTCGATTTTCTTCTTCCTC	6532493	6443648	88845	6481109	51384	6532565	88917	51456
ENSMUST00000113462	GGAAGGAAGGCTGGGGTTTTGTAAAGTGTCCACTGCGCCGTTCGTTTATTTCCCTCGATTTTCTTCTTCCTC	6532493	6448284	84209	6454978	77515	6532565	84281	77587
ENSMUST00000113462	GGAAGGAAGGCTGGGGTTTTGTAAAGTGTCCACTGCGCCGTTCGTTTATTTCCCTCGATTTTCTTCTTCCTC	6532493	6443648	88845	6454978	77515	6532565	88917	77587
ENSMUST00000113462	GGAAGGAAGGCTGGGGTTTTGTAAAGTGTCCACTGCGCCGTTCGTTTATTTCCCTCGATTTTCTTCTTCCTC	6532493	6448284	84209	6454978	77515	6532565	84281	77587
ENSMUST00000113462	GGAAGGAAGGCTGGGGTTTTGTAAAGTGTCCACTGCGCCGTTCGTTTATTTCCCTCGATTTTCTTCTTCCTC	6532493	6443648	88845	6463823	68670	6532565	88917	68742
ENSMUST00000113462	GGAAGGAAGGCTGGGGTTTTGTAAAGTGTCCACTGCGCCGTTCGTTTATTTCCCTCGATTTTCTTCTTCCTC	6532493	6443648	88845	6472257	60236	6532565	88917	60308
ENSMUST00000113462	GGAAGGAAGGCTGGGGTTTTGTAAAGTGTCCACTGCGCCGTTCGTTTATTTCCCTCGATTTTCTTCTTCCTC	6532493	6448284	84209	6463823	68670	6532565	84281	68742
ENSMUST00000113462	GGAAGGAAGGCTGGGGTTTTGTAAAGTGTCCACTGCGCCGTTCGTTTATTTCCCTCGATTTTCTTCTTCCTC	6532493	6448284	84209	6472257	60236	6532565	84281	60308
ENSMUST00000113462	GGAAGGAAGGCTGGGGTTTTGTAAAGTGTCCACTGCGCCGTTCGTTTATTTCCCTCGATTTTCTTCTTCCTC	6532493	6443648	88845	6472257	60236	6532565	88917	60308
ENSMUST00000113462	GGAAGGAAGGCTGGGGTTTTGTAAAGTGTCCACTGCGCCGTTCGTTTATTTCCCTCGATTTTCTTCTTCCTC	6532493	6448284	84209	6472257	60236	6532565	84281	60308
ENSMUST00000113462	GGAAGGAAGGCTGGGGTTTTGTAAAGTGTCCACTGCGCCGTTCGTTTATTTCCCTCGATTTTCTTCTTCCTC	6532493	6455280	77213	6472257	60236	6532565	77285	60308
ENSMUST00000113462	GGAAGGAAGGCTGGGGTTTTGTAAAGTGTCCACTGCGCCGTTCGTTTATTTCCCTCGATTTTCTTCTTCCTC	6532493	6443648	88845	6472257	60236	6532565	88917	60308
ENSMUST00000113462	GGAAGGAAGGCTGGGGTTTTGTAAAGTGTCCACTGCGCCGTTCGTTTATTTCCCTCGATTTTCTTCTTCCTC	6532493	6448284	84209	6472257	60236	6532565	84281	60308
ENSMUST00000113462	GGAAGGAAGGCTGGGGTTTTGTAAAGTGTCCACTGCGCCGTTCGTTTATTTCCCTCGATTTTCTTCTTCCTC	6532493	6455280	77213	6472257	60236	6532565	77285	60308
ENSMUST00000113462	GGAAGGAAGGCTGGGGTTTTGTAAAGTGTCCACTGCGCCGTTCGTTTATTTCCCTCGATTTTCTTCTTCCTC	6532493	6455280	77213	6473317	59176	6532565	77285	59248
ENSMUST00000113462	GGAAGGAAGGCTGGGGTTTTGTAAAGTGTCCACTGCGCCGTTCGTTTATTTCCCTCGATTTTCTTCTTCCTC	6532493	6481875	50618	6490066	42427	6532565	50690	42499
ENSMUST00000113462	GGAAGGAAGGCTGGGGTTTTGTAAAGTGTCCACTGCGCCGTTCGTTTATTTCCCTCGATTTTCTTCTTCCTC	6532493	6493009	39484	6504874	27619	6532565	39556	27691
ENSMUST00000113462	GGAAGGAAGGCTGGGGTTTTGTAAAGTGTCCACTGCGCCGTTCGTTTATTTCCCTCGATTTTCTTCTTCCTC	6532493	6498531	33962	6509777	22716	6532565	34034	22788
ENSMUST00000113462	GGAAGGAAGGCTGGGGTTTTGTAAAGTGTCCACTGCGCCGTTCGTTTATTTCCCTCGATTTTCTTCTTCCTC	6532493	6505056	27437	6519248	13245	6532565	27509	13317
ENSMUST00000113462	GGAAGGAAGGCTGGGGTTTTGTAAAGTGTCCACTGCGCCGTTCGTTTATTTCCCTCGATTTTCTTCTTCCTC	6532493	6509949	22544	6516922	15571	6532565	22616	15643
ENSMUST00000113462	GGAAGGAAGGCTGGGGTTTTGTAAAGTGTCCACTGCGCCGTTCGTTTATTTCCCTCGATTTTCTTCTTCCTC	6532493	6509949	22544	6519248	13245	6532565	22616	13317
ENSMUST00000113462	GGAAGGAAGGCTGGGGTTTTGTAAAGTGTCCACTGCGCCGTTCGTTTATTTCCCTCGATTTTCTTCTTCCTC	6532493	6517248	15245	6531267	1226	6532565	15317	1298
ENSMUST00000113462	GGAAGGAAGGCTGGGGTTTTGTAAAGTGTCCACTGCGCCGTTCGTTTATTTCCCTCGATTTTCTTCTTCCTC	6532493	6517248	15245	6531843	650	6532565	15317	722
ENSMUST00000113462	GGAAGGAAGGCTGGGGTTTTGTAAAGTGTCCACTGCGCCGTTCGTTTATTTCCCTCGATTTTCTTCTTCCTC	6532493	6517248	15245	6542340	-9847	6532565	15317	-9775
ENSMUST00000113462	GGAAGGAAGGCTGGGGTTTTGTAAAGTGTCCACTGCGCCGTTCGTTTATTTCCCTCGATTTTCTTCTTCCTC	6532493	6428778	103715	6448254	84239	6532565	103787	84311
ENSMUST00000113462	GGAAGGAAGGCTGGGGTTTTGTAAAGTGTCCACTGCGCCGTTCGTTTATTTCCCTCGATTTTCTTCTTCCTC	6532493	6428778	103715	6472257	60236	6532565	103787	60308
ENSMUST00000113462	GGAAGGAAGGCTGGGGTTTTGTAAAGTGTCCACTGCGCCGTTCGTTTATTTCCCTCGATTTTCTTCTTCCTC	6532493	6428778	103715	6472257	60236	6532565	103787	60308
ENSMUST00000113462	GGAAGGAAGGCTGGGGTTTTGTAAAGTGTCCACTGCGCCGTTCGTTTATTTCCCTCGATTTTCTTCTTCCTC	6532493	6443648	88845	6450527	81966	6532565	88917	82038
ENSMUST00000113462	GGAAGGAAGGCTGGGGTTTTGTAAAGTGTCCACTGCGCCGTTCGTTTATTTCCCTCGATTTTCTTCTTCCTC	6532493	6443648	88845	6450530	81963	6532565	88917	82035
ENSMUST00000113462	GGAAGGAAGGCTGGGGTTTTGTAAAGTGTCCACTGCGCCGTTCGTTTATTTCCCTCGATTTTCTTCTTCCTC	6532493	6443648	88845	6454978	77515	6532565	88917	77587
ENSMUST00000113462	GGAAGGAAGGCTGGGGTTTTGTAAAGTGTCCACTGCGCCGTTCGTTTATTTCCCTCGATTTTCTTCTTCCTC	6532493	6443648	88845	6463823	68670	6532565	88917	68742
ENSMUST00000113462	GGAAGGAAGGCTGGGGTTTTGTAAAGTGTCCACTGCGCCGTTCGTTTATTTCCCTCGATTTTCTTCTTCCTC	6532493	6443648	88845	6472257	60236	6532565	88917	60308
ENSMUST00000113462	GGAAGGAAGGCTGGGGTTTTGTAAAGTGTCCACTGCGCCGTTCGTTTATTTCCCTCGATTTTCTTCTTCCTC	6532493	6443648	88845	6454978	77515	6532565	88917	77587
ENSMUST00000113462	GGAAGGAAGGCTGGGGTTTTGTAAAGTGTCCACTGCGCCGTTCGTTTATTTCCCTCGATTTTCTTCTTCCTC	6532493	6443648	88845	6481109	51384	6532565	88917	51456
ENSMUST00000113462	GGAAGGAAGGCTGGGGTTTTGTAAAGTGTCCACTGCGCCGTTCGTTTATTTCCCTCGATTTTCTTCTTCCTC	6532493	6448284	84209	6454978	77515	6532565	84281	77587
ENSMUST00000113462	GGAAGGAAGGCTGGGGTTTTGTAAAGTGTCCACTGCGCCGTTCGTTTATTTCCCTCGATTTTCTTCTTCCTC	6532493	6443648	88845	6454978	77515	6532565	88917	77587
ENSMUST00000113462	GGAAGGAAGGCTGGGGTTTTGTAAAGTGTCCACTGCGCCGTTCGTTTATTTCCCTCGATTTTCTTCTTCCTC	6532493	6448284	84209	6454978	77515	6532565	84281	77587
ENSMUST00000113462	GGAAGGAAGGCTGGGGTTTTGTAAAGTGTCCACTGCGCCGTTCGTTTATTTCCCTCGATTTTCTTCTTCCTC	6532493	6443648	88845	6463823	68670	6532565	88917	68742
ENSMUST00000113462	GGAAGGAAGGCTGGGGTTTTGTAAAGTGTCCACTGCGCCGTTCGTTTATTTCCCTCGATTTTCTTCTTCCTC	6532493	6443648	88845	6472257	60236	6532565	88917	60308
ENSMUST00000113462	GGAAGGAAGGCTGGGGTTTTGTAAAGTGTCCACTGCGCCGTTCGTTTATTTCCCTCGATTTTCTTCTTCCTC	6532493	6448284	84209	6463823	68670	6532565	84281	68742
ENSMUST00000113462	GGAAGGAAGGCTGGGGTTTTGTAAAGTGTCCACTGCGCCGTTCGTTTATTTCCCTCGATTTTCTTCTTCCTC	6532493	6448284	84209	6472257	60236	6532565	84281	60308
ENSMUST00000113462	GGAAGGAAGGCTGGGGTTTTGTAAAGTGTCCACTGCGCCGTTCGTTTATTTCCCTCGATTTTCTTCTTCCTC	6532493	6443648	88845	6472257	60236	6532565	88917	60308
ENSMUST00000113462	GGAAGGAAGGCTGGGGTTTTGTAAAGTGTCCACTGCGCCGTTCGTTTATTTCCCTCGATTTTCTTCTTCCTC	6532493	6448284	84209	6472257	60236	6532565	84281	60308
ENSMUST00000113462	GGAAGGAAGGCTGGGGTTTTGTAAAGTGTCCACTGCGCCGTTCGTTTATTTCCCTCGATTTTCTTCTTCCTC	6532493	6455280	77213	6472257	60236	6532565	77285	60308
ENSMUST00000113462	GGAAGGAAGGCTGGGGTTTTGTAAAGTGTCCACTGCGCCGTTCGTTTATTTCCCTCGATTTTCTTCTTCCTC	6532493	6443648	88845	6472257	60236	6532565	88917	60308
ENSMUST00000113462	GGAAGGAAGGCTGGGGTTTTGTAAAGTGTCCACTGCGCCGTTCGTTTATTTCCCTCGATTTTCTTCTTCCTC	6532493	6448284	84209	6472257	60236	6532565	84281	60308
ENSMUST00000113462	GGAAGGAAGGCTGGGGTTTTGTAAAGTGTCCACTGCGCCGTTCGTTTATTTCCCTCGATTTTCTTCTTCCTC	6532493	6455280	77213	6472257	60236	6532565	77285	60308
ENSMUST00000113462	GGAAGGAAGGCTGGGGTTTTGTAAAGTGTCCACTGCGCCGTTCGTTTATTTCCCTCGATTTTCTTCTTCCTC	6532493	6455280	77213	6473317	59176	6532565	77285	59248
ENSMUST00000113462	GGAAGGAAGGCTGGGGTTTTGTAAAGTGTCCACTGCGCCGTTCGTTTATTTCCCTCGATTTTCTTCTTCCTC	6532493	6481875	50618	6490066	42427	6532565	50690	42499
ENSMUST00000113462	GGAAGGAAGGCTGGGGTTTTGTAAAGTGTCCACTGCGCCGTTCGTTTATTTCCCTCGATTTTCTTCTTCCTC	6532493	6493009	39484	6504874	27619	6532565	39556	27691
ENSMUST00000113462	GGAAGGAAGGCTGGGGTTTTGTAAAGTGTCCACTGCGCCGTTCGTTTATTTCCCTCGATTTTCTTCTTCCTC	6532493	6498531	33962	6509777	22716	6532565	34034	22788
ENSMUST00000113462	GGAAGGAAGGCTGGGGTTTTGTAAAGTGTCCACTGCGCCGTTCGTTTATTTCCCTCGATTTTCTTCTTCCTC	6532493	6505056	27437	6519248	13245	6532565	27509	13317
ENSMUST00000113462	GGAAGGAAGGCTGGGGTTTTGTAAAGTGTCCACTGCGCCGTTCGTTTATTTCCCTCGATTTTCTTCTTCCTC	6532493	6509949	22544	6516922	15571	6532565	22616	15643
ENSMUST00000113462	GGAAGGAAGGCTGGGGTTTTGTAAAGTGTCCACTGCGCCGTTCGTTTATTTCCCTCGATTTTCTTCTTCCTC	6532493	6509949	22544	6519248	13245	6532565	22616	13317
ENSMUST00000113462	GGAAGGAAGGCTGGGGTTTTGTAAAGTGTCCACTGCGCCGTTCGTTTATTTCCCTCGATTTTCTTCTTCCTC	6532493	6517248	15245	6531267	1226	6532565	15317	1298
ENSMUST00000113462	GGAAGGAAGGCTGGGGTTTTGTAAAGTGTCCACTGCGCCGTTCGTTTATTTCCCTCGATTTTCTTCTTCCTC	6532493	6517248	15245	6531843	650	6532565	15317	722
ENSMUST00000113462	GGAAGGAAGGCTGGGGTTTTGTAAAGTGTCCACTGCGCCGTTCGTTTATTTCCCTCGATTTTCTTCTTCCTC	6532493	6517248	15245	6542340	-9847	6532565	15317	-9775
ENSMUST00000041956	ACTCTAAAGTTTACGAAGCCTGCTTCTCTGAATATTCTCATATTTTAGATGAATTTCACCCATTTTCATACT	94123514	93996573	126941	94036599	86915	94123586	127013	86987
ENSMUST00000041956	ACTCTAAAGTTTACGAAGCCTGCTTCTCTGAATATTCTCATATTTTAGATGAATTTCACCCATTTTCATACT	94123514	94013743	109771	94043571	79943	94123586	109843	80015
ENSMUST00000041956	ACTCTAAAGTTTACGAAGCCTGCTTCTCTGAATATTCTCATATTTTAGATGAATTTCACCCATTTTCATACT	94123514	94013743	109771	94048407	75107	94123586	109843	75179
ENSMUST00000041956	ACTCTAAAGTTTACGAAGCCTGCTTCTCTGAATATTCTCATATTTTAGATGAATTTCACCCATTTTCATACT	94123514	94013743	109771	94048407	75107	94123586	109843	75179
ENSMUST00000041956	ACTCTAAAGTTTACGAAGCCTGCTTCTCTGAATATTCTCATATTTTAGATGAATTTCACCCATTTTCATACT	94123514	94036670	86844	94048407	75107	94123586	86916	75179
ENSMUST00000041956	ACTCTAAAGTTTACGAAGCCTGCTTCTCTGAATATTCTCATATTTTAGATGAATTTCACCCATTTTCATACT	94123514	94048558	74956	94067892	55622	94123586	75028	55694
ENSMUST00000041956	ACTCTAAAGTTTACGAAGCCTGCTTCTCTGAATATTCTCATATTTTAGATGAATTTCACCCATTTTCATACT	94123514	94069035	54479	94081339	42175	94123586	54551	42247
ENSMUST00000041956	ACTCTAAAGTTTACGAAGCCTGCTTCTCTGAATATTCTCATATTTTAGATGAATTTCACCCATTTTCATACT	94123514	94071686	51828	94080739	42775	94123586	51900	42847
ENSMUST00000041956	ACTCTAAAGTTTACGAAGCCTGCTTCTCTGAATATTCTCATATTTTAGATGAATTTCACCCATTTTCATACT	94123514	94071686	51828	94081339	42175	94123586	51900	42247
ENSMUST00000041956	ACTCTAAAGTTTACGAAGCCTGCTTCTCTGAATATTCTCATATTTTAGATGAATTTCACCCATTTTCATACT	94123514	94071686	51828	94081339	42175	94123586	51900	42247
ENSMUST00000041956	ACTCTAAAGTTTACGAAGCCTGCTTCTCTGAATATTCTCATATTTTAGATGAATTTCACCCATTTTCATACT	94123514	94079210	44304	94081339	42175	94123586	44376	42247
ENSMUST00000041956	ACTCTAAAGTTTACGAAGCCTGCTTCTCTGAATATTCTCATATTTTAGATGAATTTCACCCATTTTCATACT	94123514	94083999	39515	94089598	33916	94123586	39587	33988
ENSMUST00000041956	ACTCTAAAGTTTACGAAGCCTGCTTCTCTGAATATTCTCATATTTTAGATGAATTTCACCCATTTTCATACT	94123514	94092427	31087	94097217	26297	94123586	31159	26369
ENSMUST00000041956	ACTCTAAAGTTTACGAAGCCTGCTTCTCTGAATATTCTCATATTTTAGATGAATTTCACCCATTTTCATACT	94123514	94092427	31087	94097217	26297	94123586	31159	26369
ENSMUST00000041956	ACTCTAAAGTTTACGAAGCCTGCTTCTCTGAATATTCTCATATTTTAGATGAATTTCACCCATTTTCATACT	94123514	94092982	30532	94097217	26297	94123586	30604	26369
ENSMUST00000041956	ACTCTAAAGTTTACGAAGCCTGCTTCTCTGAATATTCTCATATTTTAGATGAATTTCACCCATTTTCATACT	94123514	94099152	24362	94102090	21424	94123586	24434	21496
ENSMUST00000041956	ACTCTAAAGTTTACGAAGCCTGCTTCTCTGAATATTCTCATATTTTAGATGAATTTCACCCATTTTCATACT	94123514	94102158	21356	94108454	15060	94123586	21428	15132
ENSMUST00000041956	ACTCTAAAGTTTACGAAGCCTGCTTCTCTGAATATTCTCATATTTTAGATGAATTTCACCCATTTTCATACT	94123514	94102158	21356	94112032	11482	94123586	21428	11554
ENSMUST00000041956	ACTCTAAAGTTTACGAAGCCTGCTTCTCTGAATATTCTCATATTTTAGATGAATTTCACCCATTTTCATACT	94123514	94102158	21356	94112032	11482	94123586	21428	11554
ENSMUST00000041956	ACTCTAAAGTTTACGAAGCCTGCTTCTCTGAATATTCTCATATTTTAGATGAATTTCACCCATTTTCATACT	94123514	94106782	16732	94112032	11482	94123586	16804	11554
ENSMUST00000041956	ACTCTAAAGTTTACGAAGCCTGCTTCTCTGAATATTCTCATATTTTAGATGAATTTCACCCATTTTCATACT	94123514	94112146	11368	94114172	9342	94123586	11440	9414
ENSMUST00000041956	ACTCTAAAGTTTACGAAGCCTGCTTCTCTGAATATTCTCATATTTTAGATGAATTTCACCCATTTTCATACT	94123514	94112146	11368	94122721	793	94123586	11440	865
ENSMUST00000041956	ACTCTAAAGTTTACGAAGCCTGCTTCTCTGAATATTCTCATATTTTAGATGAATTTCACCCATTTTCATACT	94123514	94114349	9165	94122721	793	94123586	9237	865
ENSMUST00000100026	TAAAAGAAGCTGTCTCTACTCCAGCACGAGCAAGCCACAGGGACCAGGAGTGGTATGATGCTGAAATTGCCA	27435585	27435677	-92	27436497	-912	27435657	-20	-840
ENSMUST00000100334	AGAGATGACCCGTCCATCATTCCCATCCTCTACGACCACGAGCATGCAACCTTCGAGGACATCCTGGAGGAA	25060539	25054671	5868	25055635	4904	25060830	6159	5195
ENSMUST00000100334	AGAGATGACCCGTCCATCATTCCCATCCTCTACGACCACGAGCATGCAACCTTCGAGGACATCCTGGAGGAA	25060539	25055059	5480	25057100	3439	25060830	5771	3730
ENSMUST00000100334	AGAGATGACCCGTCCATCATTCCCATCCTCTACGACCACGAGCATGCAACCTTCGAGGACATCCTGGAGGAA	25060539	25057176	3363	25058252	2287	25060830	3654	2578
ENSMUST00000100334	AGAGATGACCCGTCCATCATTCCCATCCTCTACGACCACGAGCATGCAACCTTCGAGGACATCCTGGAGGAA	25060539	25057176	3363	25059020	1519	25060830	3654	1810
ENSMUST00000100334	AGAGATGACCCGTCCATCATTCCCATCCTCTACGACCACGAGCATGCAACCTTCGAGGACATCCTGGAGGAA	25060539	25057176	3363	25058252	2287	25060830	3654	2578
ENSMUST00000100334	AGAGATGACCCGTCCATCATTCCCATCCTCTACGACCACGAGCATGCAACCTTCGAGGACATCCTGGAGGAA	25060539	25057176	3363	25059020	1519	25060830	3654	1810
ENSMUST00000100334	AGAGATGACCCGTCCATCATTCCCATCCTCTACGACCACGAGCATGCAACCTTCGAGGACATCCTGGAGGAA	25060539	25057176	3363	25059020	1519	25060830	3654	1810
ENSMUST00000100334	AGAGATGACCCGTCCATCATTCCCATCCTCTACGACCACGAGCATGCAACCTTCGAGGACATCCTGGAGGAA	25060539	25057176	3363	25059020	1519	25060830	3654	1810
ENSMUST00000100334	AGAGATGACCCGTCCATCATTCCCATCCTCTACGACCACGAGCATGCAACCTTCGAGGACATCCTGGAGGAA	25060539	25057970	2569	25059020	1519	25060830	2860	1810
ENSMUST00000100334	AGAGATGACCCGTCCATCATTCCCATCCTCTACGACCACGAGCATGCAACCTTCGAGGACATCCTGGAGGAA	25060539	25059073	1466	25060138	401	25060830	1757	692
ENSMUST00000100334	AGAGATGACCCGTCCATCATTCCCATCCTCTACGACCACGAGCATGCAACCTTCGAGGACATCCTGGAGGAA	25060539	25059694	845	25060478	61	25060830	1136	352
ENSMUST00000100334	AGAGATGACCCGTCCATCATTCCCATCCTCTACGACCACGAGCATGCAACCTTCGAGGACATCCTGGAGGAA	25060539	25060562	-23	25060813	-274	25060830	268	17
ENSMUST00000100334	AGAGATGACCCGTCCATCATTCCCATCCTCTACGACCACGAGCATGCAACCTTCGAGGACATCCTGGAGGAA	25060539	25060725	-186	25061058	-519	25060830	105	-228
ENSMUST00000100334	AGAGATGACCCGTCCATCATTCCCATCCTCTACGACCACGAGCATGCAACCTTCGAGGACATCCTGGAGGAA	25060539	25061364	-825	25061671	-1132	25060830	-534	-841
ENSMUST00000039655	TGGATACACTTGTACAGCGCCCTATCATCTCTATCTGTTGGGGCCATCGGGACTCTAGGCTGCTTATGGCTT	6207046	6106582	100464	6176828	30218	6213445	106863	36617
ENSMUST00000039655	TGGATACACTTGTACAGCGCCCTATCATCTCTATCTGTTGGGGCCATCGGGACTCTAGGCTGCTTATGGCTT	6207046	6106996	100050	6121194	85852	6213445	106449	92251
ENSMUST00000039655	TGGATACACTTGTACAGCGCCCTATCATCTCTATCTGTTGGGGCCATCGGGACTCTAGGCTGCTTATGGCTT	6207046	6106996	100050	6176828	30218	6213445	106449	36617
ENSMUST00000039655	TGGATACACTTGTACAGCGCCCTATCATCTCTATCTGTTGGGGCCATCGGGACTCTAGGCTGCTTATGGCTT	6207046	6106582	100464	6137210	69836	6213445	106863	76235
ENSMUST00000039655	TGGATACACTTGTACAGCGCCCTATCATCTCTATCTGTTGGGGCCATCGGGACTCTAGGCTGCTTATGGCTT	6207046	6106582	100464	6176828	30218	6213445	106863	36617
ENSMUST00000039655	TGGATACACTTGTACAGCGCCCTATCATCTCTATCTGTTGGGGCCATCGGGACTCTAGGCTGCTTATGGCTT	6207046	6107788	99258	6124170	82876	6213445	105657	89275
ENSMUST00000039655	TGGATACACTTGTACAGCGCCCTATCATCTCTATCTGTTGGGGCCATCGGGACTCTAGGCTGCTTATGGCTT	6207046	6107788	99258	6137210	69836	6213445	105657	76235
ENSMUST00000039655	TGGATACACTTGTACAGCGCCCTATCATCTCTATCTGTTGGGGCCATCGGGACTCTAGGCTGCTTATGGCTT	6207046	6107788	99258	6176828	30218	6213445	105657	36617
ENSMUST00000039655	TGGATACACTTGTACAGCGCCCTATCATCTCTATCTGTTGGGGCCATCGGGACTCTAGGCTGCTTATGGCTT	6207046	6118366	88680	6176828	30218	6213445	95079	36617
ENSMUST00000039655	TGGATACACTTGTACAGCGCCCTATCATCTCTATCTGTTGGGGCCATCGGGACTCTAGGCTGCTTATGGCTT	6207046	6122344	84702	6124656	82390	6213445	91101	88789
ENSMUST00000039655	TGGATACACTTGTACAGCGCCCTATCATCTCTATCTGTTGGGGCCATCGGGACTCTAGGCTGCTTATGGCTT	6207046	6139156	67890	6185136	21910	6213445	74289	28309
ENSMUST00000039655	TGGATACACTTGTACAGCGCCCTATCATCTCTATCTGTTGGGGCCATCGGGACTCTAGGCTGCTTATGGCTT	6207046	6176957	30089	6198671	8375	6213445	36488	14774
ENSMUST00000039655	TGGATACACTTGTACAGCGCCCTATCATCTCTATCTGTTGGGGCCATCGGGACTCTAGGCTGCTTATGGCTT	6207046	6185298	21748	6201699	5347	6213445	28147	11746
ENSMUST00000039655	TGGATACACTTGTACAGCGCCCTATCATCTCTATCTGTTGGGGCCATCGGGACTCTAGGCTGCTTATGGCTT	6207046	6185298	21748	6213383	-6337	6213445	28147	62
ENSMUST00000039655	TGGATACACTTGTACAGCGCCCTATCATCTCTATCTGTTGGGGCCATCGGGACTCTAGGCTGCTTATGGCTT	6207046	6185298	21748	6206890	156	6213445	28147	6555
ENSMUST00000039655	TGGATACACTTGTACAGCGCCCTATCATCTCTATCTGTTGGGGCCATCGGGACTCTAGGCTGCTTATGGCTT	6207046	6185298	21748	6213383	-6337	6213445	28147	62
ENSMUST00000039655	TGGATACACTTGTACAGCGCCCTATCATCTCTATCTGTTGGGGCCATCGGGACTCTAGGCTGCTTATGGCTT	6207046	6198852	8194	6213383	-6337	6213445	14593	62
ENSMUST00000039655	TGGATACACTTGTACAGCGCCCTATCATCTCTATCTGTTGGGGCCATCGGGACTCTAGGCTGCTTATGGCTT	6207046	6185298	21748	6213383	-6337	6213445	28147	62
ENSMUST00000039655	TGGATACACTTGTACAGCGCCCTATCATCTCTATCTGTTGGGGCCATCGGGACTCTAGGCTGCTTATGGCTT	6207046	6201834	5212	6213383	-6337	6213445	11611	62
ENSMUST00000039655	TGGATACACTTGTACAGCGCCCTATCATCTCTATCTGTTGGGGCCATCGGGACTCTAGGCTGCTTATGGCTT	6207046	6222448	-15402	6229334	-22288	6213445	-9003	-15889
ENSMUST00000060992	AAAATTACCTGTCTTGACTTCCTGTGTTTATCATCTTAAGTATTGTAAGCTGCTGTGTATGGATCTCATTGTA	29742164	29693693	48471	29733632	8532	29742237	48544	8605
ENSMUST00000060992	AAAATTACCTGTCTTGACTTCCTGTGTTTATCATCTTAAGTATTGTAAGCTGCTGTGTATGGATCTCATTGTA	29742164	29693962	48202	29733632	8532	29742237	48275	8605
ENSMUST00000060992	AAAATTACCTGTCTTGACTTCCTGTGTTTATCATCTTAAGTATTGTAAGCTGCTGTGTATGGATCTCATTGTA	29742164	29705591	36573	29733632	8532	29742237	36646	8605
ENSMUST00000060992	AAAATTACCTGTCTTGACTTCCTGTGTTTATCATCTTAAGTATTGTAAGCTGCTGTGTATGGATCTCATTGTA	29742164	29708770	33394	29736359	5805	29742237	33467	5878
ENSMUST00000060992	AAAATTACCTGTCTTGACTTCCTGTGTTTATCATCTTAAGTATTGTAAGCTGCTGTGTATGGATCTCATTGTA	29742164	29718882	23282	29736359	5805	29742237	23355	5878
ENSMUST00000060992	AAAATTACCTGTCTTGACTTCCTGTGTTTATCATCTTAAGTATTGTAAGCTGCTGTGTATGGATCTCATTGTA	29742164	29736498	5666	29741499	665	29742237	5739	738
ENSMUST00000060992	AAAATTACCTGTCTTGACTTCCTGTGTTTATCATCTTAAGTATTGTAAGCTGCTGTGTATGGATCTCATTGTA	29742164	29736498	5666	29741694	470	29742237	5739	543
ENSMUST00000060992	AAAATTACCTGTCTTGACTTCCTGTGTTTATCATCTTAAGTATTGTAAGCTGCTGTGTATGGATCTCATTGTA	29742164	29736498	5666	29741694	470	29742237	5739	543
ENSMUST00000018449	ACATAGCTGACTACATGACGGCCAAGAACAACGTAGTCATCAACTATAAGGACATGAACCATACAAACTCATA	75495390	75491633	3757	75491961	3429	75495624	3991	3663
ENSMUST00000191428	TATTGACGAACACACACCCCTCTACTCGGCTGATCCAAACGCCATCGATACTGACTATTACCCTGGGGGTTAT	45050883	45042033	8850	45043922	6961	45050956	8923	7034
ENSMUST00000191428	TATTGACGAACACACACCCCTCTACTCGGCTGATCCAAACGCCATCGATACTGACTATTACCCTGGGGGTTAT	45050883	45045168	5715	45047649	3234	45050956	5788	3307
ENSMUST00000191428	TATTGACGAACACACACCCCTCTACTCGGCTGATCCAAACGCCATCGATACTGACTATTACCCTGGGGGTTAT	45050883	45045168	5715	45049841	1042	45050956	5788	1115
ENSMUST00000191428	TATTGACGAACACACACCCCTCTACTCGGCTGATCCAAACGCCATCGATACTGACTATTACCCTGGGGGTTAT	45050883	45045168	5715	45050780	103	45050956	5788	176
ENSMUST00000221721	AGAAGAAGACGAAGGGTTTTGCTGTTGTGAGCCTGGCCATGTTCCGCACGTGCTGTCCTTTAACGCTGCGTTT	81981964	81860524	121440	81906448	75516	81982037	121513	75589
ENSMUST00000221721	AGAAGAAGACGAAGGGTTTTGCTGTTGTGAGCCTGGCCATGTTCCGCACGTGCTGTCCTTTAACGCTGCGTTT	81981964	81860524	121440	81912664	69300	81982037	121513	69373
ENSMUST00000221721	AGAAGAAGACGAAGGGTTTTGCTGTTGTGAGCCTGGCCATGTTCCGCACGTGCTGTCCTTTAACGCTGCGTTT	81981964	81860524	121440	81912664	69300	81982037	121513	69373
ENSMUST00000221721	AGAAGAAGACGAAGGGTTTTGCTGTTGTGAGCCTGGCCATGTTCCGCACGTGCTGTCCTTTAACGCTGCGTTT	81981964	81895191	86773	81912664	69300	81982037	86846	69373
ENSMUST00000221721	AGAAGAAGACGAAGGGTTTTGCTGTTGTGAGCCTGGCCATGTTCCGCACGTGCTGTCCTTTAACGCTGCGTTT	81981964	81912710	69254	81917664	64300	81982037	69327	64373
ENSMUST00000221721	AGAAGAAGACGAAGGGTTTTGCTGTTGTGAGCCTGGCCATGTTCCGCACGTGCTGTCCTTTAACGCTGCGTTT	81981964	81913475	68489	81946930	35034	81982037	68562	35107
ENSMUST00000221721	AGAAGAAGACGAAGGGTTTTGCTGTTGTGAGCCTGGCCATGTTCCGCACGTGCTGTCCTTTAACGCTGCGTTT	81981964	81919380	62584	81933530	48434	81982037	62657	48507
ENSMUST00000221721	AGAAGAAGACGAAGGGTTTTGCTGTTGTGAGCCTGGCCATGTTCCGCACGTGCTGTCCTTTAACGCTGCGTTT	81981964	81919380	62584	81946930	35034	81982037	62657	35107
ENSMUST00000221721	AGAAGAAGACGAAGGGTTTTGCTGTTGTGAGCCTGGCCATGTTCCGCACGTGCTGTCCTTTAACGCTGCGTTT	81981964	81919380	62584	81946930	35034	81982037	62657	35107
ENSMUST00000221721	AGAAGAAGACGAAGGGTTTTGCTGTTGTGAGCCTGGCCATGTTCCGCACGTGCTGTCCTTTAACGCTGCGTTT	81981964	81928374	53590	81946930	35034	81982037	53663	35107
ENSMUST00000069520	TTATATATAAATATCTATTTATCTGTCTGAGCCCTACCTTCACCCACTCCTCCATGCACTAGGGGCCCAGTCCT	7651978	7638728	13250	7641096	10882	7652052	13324	10956
ENSMUST00000069520	TTATATATAAATATCTATTTATCTGTCTGAGCCCTACCTTCACCCACTCCTCCATGCACTAGGGGCCCAGTCCT	7651978	7638728	13250	7644100	7878	7652052	13324	7952
ENSMUST00000069520	TTATATATAAATATCTATTTATCTGTCTGAGCCCTACCTTCACCCACTCCTCCATGCACTAGGGGCCCAGTCCT	7651978	7638728	13250	7644100	7878	7652052	13324	7952
ENSMUST00000069520	TTATATATAAATATCTATTTATCTGTCTGAGCCCTACCTTCACCCACTCCTCCATGCACTAGGGGCCCAGTCCT	7651978	7639923	12055	7644100	7878	7652052	12129	7952
ENSMUST00000069520	TTATATATAAATATCTATTTATCTGTCTGAGCCCTACCTTCACCCACTCCTCCATGCACTAGGGGCCCAGTCCT	7651978	7644299	7679	7648556	3422	7652052	7753	3496
ENSMUST00000069520	TTATATATAAATATCTATTTATCTGTCTGAGCCCTACCTTCACCCACTCCTCCATGCACTAGGGGCCCAGTCCT	7651978	7644299	7679	7651836	142	7652052	7753	216
ENSMUST00000069520	TTATATATAAATATCTATTTATCTGTCTGAGCCCTACCTTCACCCACTCCTCCATGCACTAGGGGCCCAGTCCT	7651978	7644299	7679	7651836	142	7652052	7753	216
ENSMUST00000069520	TTATATATAAATATCTATTTATCTGTCTGAGCCCTACCTTCACCCACTCCTCCATGCACTAGGGGCCCAGTCCT	7651978	7645199	6779	7651836	142	7652052	6853	216
ENSMUST00000075410	ATACAATTCAGAAAAGCCACTCTGGCCTGGTAGTTTTGGACCCCCCACAAATACACACTCACACACACACTATT	138285350	138279257	6093	138280372	4978	138285424	6167	5052
ENSMUST00000075410	ATACAATTCAGAAAAGCCACTCTGGCCTGGTAGTTTTGGACCCCCCACAAATACACACTCACACACACACTATT	138285350	138279257	6093	138283457	1893	138285424	6167	1967
ENSMUST00000075410	ATACAATTCAGAAAAGCCACTCTGGCCTGGTAGTTTTGGACCCCCCACAAATACACACTCACACACACACTATT	138285350	138256754	28596	138489094	-203744	138285424	28670	-203670
ENSMUST00000075410	ATACAATTCAGAAAAGCCACTCTGGCCTGGTAGTTTTGGACCCCCCACAAATACACACTCACACACACACTATT	138285350	138489261	-203911	138491395	-206045	138285424	-203837	-205971
ENSMUST00000075410	ATACAATTCAGAAAAGCCACTCTGGCCTGGTAGTTTTGGACCCCCCACAAATACACACTCACACACACACTATT	138285350	138489261	-203911	138539117	-253767	138285424	-203837	-253693
ENSMUST00000018851	CGAATAATGTTTGAAGTGCAGGACTTGAAATACGCGACGCTGGCCACGGTGTCTCGCTGTGGCATGGTGTGGTT	110638776	110621673	17103	110625426	13350	110638850	17177	13424
ENSMUST00000018851	CGAATAATGTTTGAAGTGCAGGACTTGAAATACGCGACGCTGGCCACGGTGTCTCGCTGTGGCATGGTGTGGTT	110638776	110629117	9659	110629576	9200	110638850	9733	9274
ENSMUST00000018851	CGAATAATGTTTGAAGTGCAGGACTTGAAATACGCGACGCTGGCCACGGTGTCTCGCTGTGGCATGGTGTGGTT	110638776	110637652	1124	110639733	-957	110638850	1198	-883
ENSMUST00000018851	CGAATAATGTTTGAAGTGCAGGACTTGAAATACGCGACGCTGGCCACGGTGTCTCGCTGTGGCATGGTGTGGTT	110638776	110642176	-3400	110646193	-7417	110638850	-3326	-7343
ENSMUST00000018851	CGAATAATGTTTGAAGTGCAGGACTTGAAATACGCGACGCTGGCCACGGTGTCTCGCTGTGGCATGGTGTGGTT	110638776	110646323	-7547	110648999	-10223	110638850	-7473	-10149
ENSMUST00000018851	CGAATAATGTTTGAAGTGCAGGACTTGAAATACGCGACGCTGGCCACGGTGTCTCGCTGTGGCATGGTGTGGTT	110638776	110659516	-20740	110661153	-22377	110638850	-20666	-22303
ENSMUST00000018851	CGAATAATGTTTGAAGTGCAGGACTTGAAATACGCGACGCTGGCCACGGTGTCTCGCTGTGGCATGGTGTGGTT	110638776	110664747	-25971	110665663	-26887	110638850	-25897	-26813
ENSMUST00000018851	CGAATAATGTTTGAAGTGCAGGACTTGAAATACGCGACGCTGGCCACGGTGTCTCGCTGTGGCATGGTGTGGTT	110638776	110621673	17103	110625426	13350	110638850	17177	13424
ENSMUST00000018851	CGAATAATGTTTGAAGTGCAGGACTTGAAATACGCGACGCTGGCCACGGTGTCTCGCTGTGGCATGGTGTGGTT	110638776	110629117	9659	110629576	9200	110638850	9733	9274
ENSMUST00000018851	CGAATAATGTTTGAAGTGCAGGACTTGAAATACGCGACGCTGGCCACGGTGTCTCGCTGTGGCATGGTGTGGTT	110638776	110637652	1124	110639733	-957	110638850	1198	-883
ENSMUST00000018851	CGAATAATGTTTGAAGTGCAGGACTTGAAATACGCGACGCTGGCCACGGTGTCTCGCTGTGGCATGGTGTGGTT	110638776	110642176	-3400	110646193	-7417	110638850	-3326	-7343
ENSMUST00000018851	CGAATAATGTTTGAAGTGCAGGACTTGAAATACGCGACGCTGGCCACGGTGTCTCGCTGTGGCATGGTGTGGTT	110638776	110646323	-7547	110648999	-10223	110638850	-7473	-10149
ENSMUST00000018851	CGAATAATGTTTGAAGTGCAGGACTTGAAATACGCGACGCTGGCCACGGTGTCTCGCTGTGGCATGGTGTGGTT	110638776	110659516	-20740	110661153	-22377	110638850	-20666	-22303
ENSMUST00000018851	CGAATAATGTTTGAAGTGCAGGACTTGAAATACGCGACGCTGGCCACGGTGTCTCGCTGTGGCATGGTGTGGTT	110638776	110664747	-25971	110665663	-26887	110638850	-25897	-26813
ENSMUST00000122912	ATTTTTTGCACACAATAATGAAACTTGAACTGGAGAAGAACCGAGAGCAACAAACCCCCACGCTGAATGGCTGC	66022071	65845884	176187	65877964	144107	66022145	176261	144181
ENSMUST00000122912	ATTTTTTGCACACAATAATGAAACTTGAACTGGAGAAGAACCGAGAGCAACAAACCCCCACGCTGAATGGCTGC	66022071	65845884	176187	65948958	73113	66022145	176261	73187
ENSMUST00000122912	ATTTTTTGCACACAATAATGAAACTTGAACTGGAGAAGAACCGAGAGCAACAAACCCCCACGCTGAATGGCTGC	66022071	65878052	144019	66002302	19769	66022145	144093	19843
ENSMUST00000122912	ATTTTTTGCACACAATAATGAAACTTGAACTGGAGAAGAACCGAGAGCAACAAACCCCCACGCTGAATGGCTGC	66022071	65932188	89883	66019439	2632	66022145	89957	2706
ENSMUST00000122912	ATTTTTTGCACACAATAATGAAACTTGAACTGGAGAAGAACCGAGAGCAACAAACCCCCACGCTGAATGGCTGC	66022071	65949129	72942	66019439	2632	66022145	73016	2706
ENSMUST00000071325	ATCACTGCCAACCTTAACCTCTCTAATTCCATGACCTCACTTGCAACTTCCCAGCATTCCCCAGGACTCGACAA	79570440	79418683	151757	79428577	141863	79578321	159638	149744
ENSMUST00000071325	ATCACTGCCAACCTTAACCTCTCTAATTCCATGACCTCACTTGCAACTTCCCAGCATTCCCCAGGACTCGACAA	79570440	79458906	111534	79468716	101724	79578321	119415	109605
ENSMUST00000071325	ATCACTGCCAACCTTAACCTCTCTAATTCCATGACCTCACTTGCAACTTCCCAGCATTCCCCAGGACTCGACAA	79570440	79458906	111534	79468716	101724	79578321	119415	109605
ENSMUST00000071325	ATCACTGCCAACCTTAACCTCTCTAATTCCATGACCTCACTTGCAACTTCCCAGCATTCCCCAGGACTCGACAA	79570440	79463295	107145	79468716	101724	79578321	115026	109605
ENSMUST00000071325	ATCACTGCCAACCTTAACCTCTCTAATTCCATGACCTCACTTGCAACTTCCCAGCATTCCCCAGGACTCGACAA	79570440	79475883	94557	79545353	25087	79578321	102438	32968
ENSMUST00000071325	ATCACTGCCAACCTTAACCTCTCTAATTCCATGACCTCACTTGCAACTTCCCAGCATTCCCCAGGACTCGACAA	79570440	79546412	24028	79547667	22773	79578321	31909	30654
ENSMUST00000071325	ATCACTGCCAACCTTAACCTCTCTAATTCCATGACCTCACTTGCAACTTCCCAGCATTCCCCAGGACTCGACAA	79570440	79553997	16443	79556698	13742	79578321	24324	21623
ENSMUST00000071325	ATCACTGCCAACCTTAACCTCTCTAATTCCATGACCTCACTTGCAACTTCCCAGCATTCCCCAGGACTCGACAA	79570440	79553997	16443	79559404	11036	79578321	24324	18917
ENSMUST00000071325	ATCACTGCCAACCTTAACCTCTCTAATTCCATGACCTCACTTGCAACTTCCCAGCATTCCCCAGGACTCGACAA	79570440	79569170	1270	79578253	-7813	79578321	9151	68
ENSMUST00000071325	ATCACTGCCAACCTTAACCTCTCTAATTCCATGACCTCACTTGCAACTTCCCAGCATTCCCCAGGACTCGACAA	79570440	79418683	151757	79428577	141863	79578321	159638	149744
ENSMUST00000071325	ATCACTGCCAACCTTAACCTCTCTAATTCCATGACCTCACTTGCAACTTCCCAGCATTCCCCAGGACTCGACAA	79570440	79458906	111534	79468716	101724	79578321	119415	109605
ENSMUST00000071325	ATCACTGCCAACCTTAACCTCTCTAATTCCATGACCTCACTTGCAACTTCCCAGCATTCCCCAGGACTCGACAA	79570440	79458906	111534	79468716	101724	79578321	119415	109605
ENSMUST00000071325	ATCACTGCCAACCTTAACCTCTCTAATTCCATGACCTCACTTGCAACTTCCCAGCATTCCCCAGGACTCGACAA	79570440	79463295	107145	79468716	101724	79578321	115026	109605
ENSMUST00000071325	ATCACTGCCAACCTTAACCTCTCTAATTCCATGACCTCACTTGCAACTTCCCAGCATTCCCCAGGACTCGACAA	79570440	79475883	94557	79545353	25087	79578321	102438	32968
ENSMUST00000071325	ATCACTGCCAACCTTAACCTCTCTAATTCCATGACCTCACTTGCAACTTCCCAGCATTCCCCAGGACTCGACAA	79570440	79546412	24028	79547667	22773	79578321	31909	30654
ENSMUST00000071325	ATCACTGCCAACCTTAACCTCTCTAATTCCATGACCTCACTTGCAACTTCCCAGCATTCCCCAGGACTCGACAA	79570440	79553997	16443	79556698	13742	79578321	24324	21623
ENSMUST00000071325	ATCACTGCCAACCTTAACCTCTCTAATTCCATGACCTCACTTGCAACTTCCCAGCATTCCCCAGGACTCGACAA	79570440	79553997	16443	79559404	11036	79578321	24324	18917
ENSMUST00000071325	ATCACTGCCAACCTTAACCTCTCTAATTCCATGACCTCACTTGCAACTTCCCAGCATTCCCCAGGACTCGACAA	79570440	79569170	1270	79578253	-7813	79578321	9151	68
ENSMUST00000192069	TTCTTCTCTCCTTCTACTGGTAGACCTACCAGCTGCTGTTTCGTTTCTTTCGTGAAGCCTTCTCTCTGCCTCTCA	159523997	159524215	-218	159849985	-325988	159524072	-143	-325913
ENSMUST00000192069	TTCTTCTCTCCTTCTACTGGTAGACCTACCAGCTGCTGTTTCGTTTCTTTCGTGAAGCCTTCTCTCTGCCTCTCA	159523997	159850545	-326548	159858176	-334179	159524072	-326473	-334104
ENSMUST00000192069	TTCTTCTCTCCTTCTACTGGTAGACCTACCAGCTGCTGTTTCGTTTCTTTCGTGAAGCCTTCTCTCTGCCTCTCA	159523997	159850545	-326548	159861209	-337212	159524072	-326473	-337137
ENSMUST00000192069	TTCTTCTCTCCTTCTACTGGTAGACCTACCAGCTGCTGTTTCGTTTCTTTCGTGAAGCCTTCTCTCTGCCTCTCA	159523997	159850545	-326548	159861209	-337212	159524072	-326473	-337137
ENSMUST00000192069	TTCTTCTCTCCTTCTACTGGTAGACCTACCAGCTGCTGTTTCGTTTCTTTCGTGAAGCCTTCTCTCTGCCTCTCA	159523997	159852433	-328436	159861209	-337212	159524072	-328361	-337137
ENSMUST00000192069	TTCTTCTCTCCTTCTACTGGTAGACCTACCAGCTGCTGTTTCGTTTCTTTCGTGAAGCCTTCTCTCTGCCTCTCA	159523997	159861325	-337328	159868015	-344018	159524072	-337253	-343943
ENSMUST00000192069	TTCTTCTCTCCTTCTACTGGTAGACCTACCAGCTGCTGTTTCGTTTCTTTCGTGAAGCCTTCTCTCTGCCTCTCA	159523997	159886320	-362323	159888256	-364259	159524072	-362248	-364184
ENSMUST00000192069	TTCTTCTCTCCTTCTACTGGTAGACCTACCAGCTGCTGTTTCGTTTCTTTCGTGAAGCCTTCTCTCTGCCTCTCA	159523997	159895830	-371833	159912639	-388642	159524072	-371758	-388567
ENSMUST00000035871	TTTGGAATGTATGCTGGTCTTGTGGTGTGCTACTGGGCTGTTACTCTAGGTATTCTGTTTGCCTTGGGTCCAGTT	127258497	127248084	10413	127256004	2493	127258572	10488	2568
ENSMUST00000035871	TTTGGAATGTATGCTGGTCTTGTGGTGTGCTACTGGGCTGTTACTCTAGGTATTCTGTTTGCCTTGGGTCCAGTT	127258497	127248084	10413	127256004	2493	127258572	10488	2568
ENSMUST00000035871	TTTGGAATGTATGCTGGTCTTGTGGTGTGCTACTGGGCTGTTACTCTAGGTATTCTGTTTGCCTTGGGTCCAGTT	127258497	127248084	10413	127256004	2493	127258572	10488	2568
ENSMUST00000165123	AATTACTGTCGTGGGCTGCGCTTTGAGGAAGCTCCGGATTACATGTATCTGAGGCAGCTATTCCGCATCCTTTTC	61578704	61555873	22831	61568263	10441	61580345	24472	12082
ENSMUST00000165123	AATTACTGTCGTGGGCTGCGCTTTGAGGAAGCTCCGGATTACATGTATCTGAGGCAGCTATTCCGCATCCTTTTC	61578704	61568390	10314	61575409	3295	61580345	11955	4936
ENSMUST00000165123	AATTACTGTCGTGGGCTGCGCTTTGAGGAAGCTCCGGATTACATGTATCTGAGGCAGCTATTCCGCATCCTTTTC	61578704	61569562	9142	61575409	3295	61580345	10783	4936
ENSMUST00000165123	AATTACTGTCGTGGGCTGCGCTTTGAGGAAGCTCCGGATTACATGTATCTGAGGCAGCTATTCCGCATCCTTTTC	61578704	61577252	1452	61580338	-1634	61580345	3093	7
ENSMUST00000097274	AAAAAAACAACTCGAAGACTCTGGCTCTGCCACTGGACGTGGACTCCTGATTTCTCCCTCCTCCCATTCCTCCTC	86655041	86168940	486101	86619891	35150	86655116	486176	35225
ENSMUST00000097274	AAAAAAACAACTCGAAGACTCTGGCTCTGCCACTGGACGTGGACTCCTGATTTCTCCCTCCTCCCATTCCTCCTC	86655041	86559305	95736	86625324	29717	86655116	95811	29792
ENSMUST00000097274	AAAAAAACAACTCGAAGACTCTGGCTCTGCCACTGGACGTGGACTCCTGATTTCTCCCTCCTCCCATTCCTCCTC	86655041	86620030	35011	86630060	24981	86655116	35086	25056
ENSMUST00000221721	CTTCTGTTTATGTTGTGGTCTCATTTGGCTCTTGGATTATGGCAGCAGAAACCTAACCACAAGCAAGTTCAAGTT	81958734	81860524	98210	81906448	52286	81958809	98285	52361
ENSMUST00000221721	CTTCTGTTTATGTTGTGGTCTCATTTGGCTCTTGGATTATGGCAGCAGAAACCTAACCACAAGCAAGTTCAAGTT	81958734	81860524	98210	81912664	46070	81958809	98285	46145
ENSMUST00000221721	CTTCTGTTTATGTTGTGGTCTCATTTGGCTCTTGGATTATGGCAGCAGAAACCTAACCACAAGCAAGTTCAAGTT	81958734	81860524	98210	81912664	46070	81958809	98285	46145
ENSMUST00000221721	CTTCTGTTTATGTTGTGGTCTCATTTGGCTCTTGGATTATGGCAGCAGAAACCTAACCACAAGCAAGTTCAAGTT	81958734	81895191	63543	81912664	46070	81958809	63618	46145
ENSMUST00000221721	CTTCTGTTTATGTTGTGGTCTCATTTGGCTCTTGGATTATGGCAGCAGAAACCTAACCACAAGCAAGTTCAAGTT	81958734	81912710	46024	81917664	41070	81958809	46099	41145
ENSMUST00000221721	CTTCTGTTTATGTTGTGGTCTCATTTGGCTCTTGGATTATGGCAGCAGAAACCTAACCACAAGCAAGTTCAAGTT	81958734	81913475	45259	81946930	11804	81958809	45334	11879
ENSMUST00000221721	CTTCTGTTTATGTTGTGGTCTCATTTGGCTCTTGGATTATGGCAGCAGAAACCTAACCACAAGCAAGTTCAAGTT	81958734	81919380	39354	81933530	25204	81958809	39429	25279
ENSMUST00000221721	CTTCTGTTTATGTTGTGGTCTCATTTGGCTCTTGGATTATGGCAGCAGAAACCTAACCACAAGCAAGTTCAAGTT	81958734	81919380	39354	81946930	11804	81958809	39429	11879
ENSMUST00000221721	CTTCTGTTTATGTTGTGGTCTCATTTGGCTCTTGGATTATGGCAGCAGAAACCTAACCACAAGCAAGTTCAAGTT	81958734	81919380	39354	81946930	11804	81958809	39429	11879
ENSMUST00000221721	CTTCTGTTTATGTTGTGGTCTCATTTGGCTCTTGGATTATGGCAGCAGAAACCTAACCACAAGCAAGTTCAAGTT	81958734	81928374	30360	81946930	11804	81958809	30435	11879
ENSMUST00000020251	CGTGACTGTGTCCAAAGAGAACCTTTCACCGCTGATCGTTCCCCCAGAAAGCCACTTGCCAAAAGAAGAGGAGAG	88433905	88379535	54370	88411915	21990	88433980	54445	22065
ENSMUST00000020251	CGTGACTGTGTCCAAAGAGAACCTTTCACCGCTGATCGTTCCCCCAGAAAGCCACTTGCCAAAAGAAGAGGAGAG	88433905	88412646	21259	88419124	14781	88433980	21334	14856
ENSMUST00000020251	CGTGACTGTGTCCAAAGAGAACCTTTCACCGCTGATCGTTCCCCCAGAAAGCCACTTGCCAAAAGAAGAGGAGAG	88433905	88414598	19307	88419425	14480	88433980	19382	14555
ENSMUST00000020251	CGTGACTGTGTCCAAAGAGAACCTTTCACCGCTGATCGTTCCCCCAGAAAGCCACTTGCCAAAAGAAGAGGAGAG	88433905	88414598	19307	88428492	5413	88433980	19382	5488
ENSMUST00000020251	CGTGACTGTGTCCAAAGAGAACCTTTCACCGCTGATCGTTCCCCCAGAAAGCCACTTGCCAAAAGAAGAGGAGAG	88433905	88440391	-6486	88445762	-11857	88433980	-6411	-11782
ENSMUST00000146701	GATGAATGGATGAGTGAATGAATGAATGAATGAGTGAGTGAATTAATGGATGGGTATATTCTCTGGTTGAGCTTCT	109565286	109541099	24187	109544026	21260	109565362	24263	21336
ENSMUST00000146701	GATGAATGGATGAGTGAATGAATGAATGAATGAGTGAGTGAATTAATGGATGGGTATATTCTCTGGTTGAGCTTCT	109565286	109542337	22949	109544026	21260	109565362	23025	21336
ENSMUST00000146701	GATGAATGGATGAGTGAATGAATGAATGAATGAGTGAGTGAATTAATGGATGGGTATATTCTCTGGTTGAGCTTCT	109565286	109541099	24187	109544026	21260	109565362	24263	21336
ENSMUST00000146701	GATGAATGGATGAGTGAATGAATGAATGAATGAGTGAGTGAATTAATGGATGGGTATATTCTCTGGTTGAGCTTCT	109565286	109543805	21481	109546429	18857	109565362	21557	18933
ENSMUST00000146701	GATGAATGGATGAGTGAATGAATGAATGAATGAGTGAGTGAATTAATGGATGGGTATATTCTCTGGTTGAGCTTCT	109565286	109544742	20544	109546429	18857	109565362	20620	18933
ENSMUST00000146701	GATGAATGGATGAGTGAATGAATGAATGAATGAGTGAGTGAATTAATGGATGGGTATATTCTCTGGTTGAGCTTCT	109565286	109544742	20544	109549290	15996	109565362	20620	16072
ENSMUST00000146701	GATGAATGGATGAGTGAATGAATGAATGAATGAGTGAGTGAATTAATGGATGGGTATATTCTCTGGTTGAGCTTCT	109565286	109544742	20544	109549290	15996	109565362	20620	16072
ENSMUST00000146701	GATGAATGGATGAGTGAATGAATGAATGAATGAGTGAGTGAATTAATGGATGGGTATATTCTCTGGTTGAGCTTCT	109565286	109544742	20544	109549478	15808	109565362	20620	15884
ENSMUST00000146701	GATGAATGGATGAGTGAATGAATGAATGAATGAGTGAGTGAATTAATGGATGGGTATATTCTCTGGTTGAGCTTCT	109565286	109545041	20245	109549290	15996	109565362	20321	16072
ENSMUST00000146701	GATGAATGGATGAGTGAATGAATGAATGAATGAGTGAGTGAATTAATGGATGGGTATATTCTCTGGTTGAGCTTCT	109565286	109544742	20544	109549478	15808	109565362	20620	15884
ENSMUST00000146701	GATGAATGGATGAGTGAATGAATGAATGAATGAGTGAGTGAATTAATGGATGGGTATATTCTCTGGTTGAGCTTCT	109565286	109546542	18744	109549478	15808	109565362	18820	15884
ENSMUST00000146701	GATGAATGGATGAGTGAATGAATGAATGAATGAGTGAGTGAATTAATGGATGGGTATATTCTCTGGTTGAGCTTCT	109565286	109546542	18744	109549518	15768	109565362	18820	15844
ENSMUST00000146701	GATGAATGGATGAGTGAATGAATGAATGAATGAGTGAGTGAATTAATGGATGGGTATATTCTCTGGTTGAGCTTCT	109565286	109546542	18744	109549652	15634	109565362	18820	15710
ENSMUST00000146701	GATGAATGGATGAGTGAATGAATGAATGAATGAGTGAGTGAATTAATGGATGGGTATATTCTCTGGTTGAGCTTCT	109565286	109546542	18744	109549652	15634	109565362	18820	15710
ENSMUST00000146701	GATGAATGGATGAGTGAATGAATGAATGAATGAGTGAGTGAATTAATGGATGGGTATATTCTCTGGTTGAGCTTCT	109565286	109549810	15476	109571390	-6104	109565362	15552	-6028
ENSMUST00000000199	CTAAATGGCTAATGTACTGTTCCCCCAGCTTCTGCCCTGGAGTCCCCACCCCTCGCCTCTGCTCTCCTTGGAATCC	31293063	31280804	12259	31284146	8917	31293139	12335	8993
ENSMUST00000000199	CTAAATGGCTAATGTACTGTTCCCCCAGCTTCTGCCCTGGAGTCCCCACCCCTCGCCTCTGCTCTCCTTGGAATCC	31293063	31284739	8324	31292283	780	31293139	8400	856
ENSMUST00000043610	TACTAGCCCAGTCGGTGGAAAATGTCTGGACTACCTGTCGAGCAAACAAACAAAAGCGTCACCTTCTGGAGGCCCT	29595311	29533272	62039	29561984	33327	29595387	62115	33403
ENSMUST00000043610	TACTAGCCCAGTCGGTGGAAAATGTCTGGACTACCTGTCGAGCAAACAAACAAAAGCGTCACCTTCTGGAGGCCCT	29595311	29579968	15343	29584466	10845	29595387	15419	10921
ENSMUST00000043610	TACTAGCCCAGTCGGTGGAAAATGTCTGGACTACCTGTCGAGCAAACAAACAAAAGCGTCACCTTCTGGAGGCCCT	29595311	29584213	11098	29585780	9531	29595387	11174	9607
ENSMUST00000043610	TACTAGCCCAGTCGGTGGAAAATGTCTGGACTACCTGTCGAGCAAACAAACAAAAGCGTCACCTTCTGGAGGCCCT	29595311	29597905	-2594	29599831	-4520	29595387	-2518	-4444
ENSMUST00000089302	AAGAGAATGTGCAATCAAGTTCAATGATTACTTTGAATTTCCTCGAGAGTTAGACATGGAACCTTACACAGTGGCA	13156111	13071733	84378	13093923	62188	13156187	84454	62264
ENSMUST00000089302	AAGAGAATGTGCAATCAAGTTCAATGATTACTTTGAATTTCCTCGAGAGTTAGACATGGAACCTTACACAGTGGCA	13156111	13094177	61934	13100432	55679	13156187	62010	55755
ENSMUST00000089302	AAGAGAATGTGCAATCAAGTTCAATGATTACTTTGAATTTCCTCGAGAGTTAGACATGGAACCTTACACAGTGGCA	13156111	13104801	51310	13107663	48448	13156187	51386	48524
ENSMUST00000089302	AAGAGAATGTGCAATCAAGTTCAATGATTACTTTGAATTTCCTCGAGAGTTAGACATGGAACCTTACACAGTGGCA	13156111	13129126	26985	13131726	24385	13156187	27061	24461
ENSMUST00000089302	AAGAGAATGTGCAATCAAGTTCAATGATTACTTTGAATTTCCTCGAGAGTTAGACATGGAACCTTACACAGTGGCA	13156111	13148135	7976	13154091	2020	13156187	8052	2096
ENSMUST00000089302	AAGAGAATGTGCAATCAAGTTCAATGATTACTTTGAATTTCCTCGAGAGTTAGACATGGAACCTTACACAGTGGCA	13156111	13164868	-8757	13166631	-10520	13156187	-8681	-10444
ENSMUST00000089302	AAGAGAATGTGCAATCAAGTTCAATGATTACTTTGAATTTCCTCGAGAGTTAGACATGGAACCTTACACAGTGGCA	13156111	13164868	-8757	13166631	-10520	13156187	-8681	-10444
ENSMUST00000214357	CTCTGGCAGGGCTCCTTACCTCTGCCTTGCTGACCAAATCGTGTAAACTGCTTTTGACTGGCCACTGGGTGACAGCT	27348459	27317506	30953	27319205	29254	27348536	31030	29331
ENSMUST00000214357	CTCTGGCAGGGCTCCTTACCTCTGCCTTGCTGACCAAATCGTGTAAACTGCTTTTGACTGGCCACTGGGTGACAGCT	27348459	27317506	30953	27319523	28936	27348536	31030	29013
ENSMUST00000214357	CTCTGGCAGGGCTCCTTACCTCTGCCTTGCTGACCAAATCGTGTAAACTGCTTTTGACTGGCCACTGGGTGACAGCT	27348459	27317506	30953	27319523	28936	27348536	31030	29013
ENSMUST00000214357	CTCTGGCAGGGCTCCTTACCTCTGCCTTGCTGACCAAATCGTGTAAACTGCTTTTGACTGGCCACTGGGTGACAGCT	27348459	27317926	30533	27319523	28936	27348536	30610	29013
ENSMUST00000214357	CTCTGGCAGGGCTCCTTACCTCTGCCTTGCTGACCAAATCGTGTAAACTGCTTTTGACTGGCCACTGGGTGACAGCT	27348459	27319669	28790	27322616	25843	27348536	28867	25920
ENSMUST00000214357	CTCTGGCAGGGCTCCTTACCTCTGCCTTGCTGACCAAATCGTGTAAACTGCTTTTGACTGGCCACTGGGTGACAGCT	27348459	27322960	25499	27324176	24283	27348536	25576	24360
ENSMUST00000214357	CTCTGGCAGGGCTCCTTACCTCTGCCTTGCTGACCAAATCGTGTAAACTGCTTTTGACTGGCCACTGGGTGACAGCT	27348459	27324288	24171	27328479	19980	27348536	24248	20057
ENSMUST00000064989	TTTTCCGGTATATTGACTGGGAGAAACTCGAACGCAAGGAGATTCAGCCACCTTATAAACCAAAAGCTTGTGGGCGA	122600778	122290544	310234	122457214	143564	122627681	337137	170467
ENSMUST00000064989	TTTTCCGGTATATTGACTGGGAGAAACTCGAACGCAAGGAGATTCAGCCACCTTATAAACCAAAAGCTTGTGGGCGA	122600778	122290544	310234	122516828	83950	122627681	337137	110853
ENSMUST00000064989	TTTTCCGGTATATTGACTGGGAGAAACTCGAACGCAAGGAGATTCAGCCACCTTATAAACCAAAAGCTTGTGGGCGA	122600778	122458172	142606	122528475	72303	122627681	169509	99206
ENSMUST00000064989	TTTTCCGGTATATTGACTGGGAGAAACTCGAACGCAAGGAGATTCAGCCACCTTATAAACCAAAAGCTTGTGGGCGA	122600778	122516985	83793	122528475	72303	122627681	110696	99206
ENSMUST00000064989	TTTTCCGGTATATTGACTGGGAGAAACTCGAACGCAAGGAGATTCAGCCACCTTATAAACCAAAAGCTTGTGGGCGA	122600778	122458172	142606	122568133	32645	122627681	169509	59548
ENSMUST00000064989	TTTTCCGGTATATTGACTGGGAGAAACTCGAACGCAAGGAGATTCAGCCACCTTATAAACCAAAAGCTTGTGGGCGA	122600778	122528572	72206	122568133	32645	122627681	99109	59548
ENSMUST00000064989	TTTTCCGGTATATTGACTGGGAGAAACTCGAACGCAAGGAGATTCAGCCACCTTATAAACCAAAAGCTTGTGGGCGA	122600778	122568307	32471	122584397	16381	122627681	59374	43284
ENSMUST00000064989	TTTTCCGGTATATTGACTGGGAGAAACTCGAACGCAAGGAGATTCAGCCACCTTATAAACCAAAAGCTTGTGGGCGA	122600778	122584460	16318	122600689	89	122627681	43221	26992
ENSMUST00000064989	TTTTCCGGTATATTGACTGGGAGAAACTCGAACGCAAGGAGATTCAGCCACCTTATAAACCAAAAGCTTGTGGGCGA	122600778	122584460	16318	122633744	-32966	122627681	43221	-6063
ENSMUST00000064989	TTTTCCGGTATATTGACTGGGAGAAACTCGAACGCAAGGAGATTCAGCCACCTTATAAACCAAAAGCTTGTGGGCGA	122600778	122590183	10595	122594965	5813	122627681	37498	32716
ENSMUST00000064989	TTTTCCGGTATATTGACTGGGAGAAACTCGAACGCAAGGAGATTCAGCCACCTTATAAACCAAAAGCTTGTGGGCGA	122600778	122590183	10595	122600689	89	122627681	37498	26992
ENSMUST00000064989	TTTTCCGGTATATTGACTGGGAGAAACTCGAACGCAAGGAGATTCAGCCACCTTATAAACCAAAAGCTTGTGGGCGA	122600778	122590183	10595	122633744	-32966	122627681	37498	-6063
ENSMUST00000064989	TTTTCCGGTATATTGACTGGGAGAAACTCGAACGCAAGGAGATTCAGCCACCTTATAAACCAAAAGCTTGTGGGCGA	122600778	122584460	16318	122633744	-32966	122627681	43221	-6063
ENSMUST00000064989	TTTTCCGGTATATTGACTGGGAGAAACTCGAACGCAAGGAGATTCAGCCACCTTATAAACCAAAAGCTTGTGGGCGA	122600778	122590183	10595	122633744	-32966	122627681	37498	-6063
ENSMUST00000064989	TTTTCCGGTATATTGACTGGGAGAAACTCGAACGCAAGGAGATTCAGCCACCTTATAAACCAAAAGCTTGTGGGCGA	122600778	122595073	5705	122633744	-32966	122627681	32608	-6063
ENSMUST00000064989	TTTTCCGGTATATTGACTGGGAGAAACTCGAACGCAAGGAGATTCAGCCACCTTATAAACCAAAAGCTTGTGGGCGA	122600778	122600830	-52	122633744	-32966	122627681	26851	-6063
ENSMUST00000128646	AACTTAACAGATGACGGCCGTATGAAGAAGATACTGTACATAGACTATAAATGAAACTGGATCTCTGTGGCCTAGGT	43138353	42709850	428503	43037449	100904	43138430	428580	100981
ENSMUST00000128646	AACTTAACAGATGACGGCCGTATGAAGAAGATACTGTACATAGACTATAAATGAAACTGGATCTCTGTGGCCTAGGT	43138353	42709850	428503	43077654	60699	43138430	428580	60776
ENSMUST00000128646	AACTTAACAGATGACGGCCGTATGAAGAAGATACTGTACATAGACTATAAATGAAACTGGATCTCTGTGGCCTAGGT	43138353	42709850	428503	43077654	60699	43138430	428580	60776
ENSMUST00000128646	AACTTAACAGATGACGGCCGTATGAAGAAGATACTGTACATAGACTATAAATGAAACTGGATCTCTGTGGCCTAGGT	43138353	42956781	181572	43057178	81175	43138430	181649	81252
ENSMUST00000128646	AACTTAACAGATGACGGCCGTATGAAGAAGATACTGTACATAGACTATAAATGAAACTGGATCTCTGTGGCCTAGGT	43138353	42956781	181572	43077654	60699	43138430	181649	60776
ENSMUST00000128646	AACTTAACAGATGACGGCCGTATGAAGAAGATACTGTACATAGACTATAAATGAAACTGGATCTCTGTGGCCTAGGT	43138353	42956781	181572	43077654	60699	43138430	181649	60776
ENSMUST00000128646	AACTTAACAGATGACGGCCGTATGAAGAAGATACTGTACATAGACTATAAATGAAACTGGATCTCTGTGGCCTAGGT	43138353	43037530	100823	43077654	60699	43138430	100900	60776
ENSMUST00000128646	AACTTAACAGATGACGGCCGTATGAAGAAGATACTGTACATAGACTATAAATGAAACTGGATCTCTGTGGCCTAGGT	43138353	43057346	81007	43077654	60699	43138430	81084	60776
ENSMUST00000128646	AACTTAACAGATGACGGCCGTATGAAGAAGATACTGTACATAGACTATAAATGAAACTGGATCTCTGTGGCCTAGGT	43138353	43096806	41547	43128137	10216	43138430	41624	10293
ENSMUST00000128646	AACTTAACAGATGACGGCCGTATGAAGAAGATACTGTACATAGACTATAAATGAAACTGGATCTCTGTGGCCTAGGT	43138353	43134003	4350	43135173	3180	43138430	4427	3257
ENSMUST00000136740	CATTTGAAGAATGGGACTGCAAAGGAAAAGCTTGTCTGTAGTTCTGAACCTATCACCTGTAAACCCCAGCTGAGAGA	59871166	59788514	82652	59801913	69253	59871243	82729	69330
ENSMUST00000136740	CATTTGAAGAATGGGACTGCAAAGGAAAAGCTTGTCTGTAGTTCTGAACCTATCACCTGTAAACCCCAGCTGAGAGA	59871166	59827318	43848	59843062	28104	59871243	43925	28181
ENSMUST00000136740	CATTTGAAGAATGGGACTGCAAAGGAAAAGCTTGTCTGTAGTTCTGAACCTATCACCTGTAAACCCCAGCTGAGAGA	59871166	59832308	38858	59855365	15801	59871243	38935	15878
ENSMUST00000136740	CATTTGAAGAATGGGACTGCAAAGGAAAAGCTTGTCTGTAGTTCTGAACCTATCACCTGTAAACCCCAGCTGAGAGA	59871166	59864026	7140	59868110	3056	59871243	7217	3133
ENSMUST00000136740	CATTTGAAGAATGGGACTGCAAAGGAAAAGCTTGTCTGTAGTTCTGAACCTATCACCTGTAAACCCCAGCTGAGAGA	59871166	59874683	-3517	59884479	-13313	59871243	-3440	-13236
ENSMUST00000136740	CATTTGAAGAATGGGACTGCAAAGGAAAAGCTTGTCTGTAGTTCTGAACCTATCACCTGTAAACCCCAGCTGAGAGA	59871166	59889555	-18389	59894760	-23594	59871243	-18312	-23517
ENSMUST00000136740	CATTTGAAGAATGGGACTGCAAAGGAAAAGCTTGTCTGTAGTTCTGAACCTATCACCTGTAAACCCCAGCTGAGAGA	59871166	59907476	-36310	59909815	-38649	59871243	-36233	-38572
ENSMUST00000136740	CATTTGAAGAATGGGACTGCAAAGGAAAAGCTTGTCTGTAGTTCTGAACCTATCACCTGTAAACCCCAGCTGAGAGA	59871166	59910707	-39541	59921722	-50556	59871243	-39464	-50479
ENSMUST00000101270	AAAAGAAAGTAGAAAGGCAGTTTAGCACCTCCAGTGACCATGAGCCCCCTGGGGTCTTGGGCTGAACTGTGAAATGG	50171364	50131556	39808	50135824	35540	50171441	39885	35617
ENSMUST00000101270	AAAAGAAAGTAGAAAGGCAGTTTAGCACCTCCAGTGACCATGAGCCCCCTGGGGTCTTGGGCTGAACTGTGAAATGG	50171364	50135935	35429	50145026	26338	50171441	35506	26415
ENSMUST00000101270	AAAAGAAAGTAGAAAGGCAGTTTAGCACCTCCAGTGACCATGAGCCCCCTGGGGTCTTGGGCTGAACTGTGAAATGG	50171364	50145255	26109	50148020	23344	50171441	26186	23421
ENSMUST00000101270	AAAAGAAAGTAGAAAGGCAGTTTAGCACCTCCAGTGACCATGAGCCCCCTGGGGTCTTGGGCTGAACTGTGAAATGG	50171364	50149914	21450	50151921	19443	50171441	21527	19520
ENSMUST00000101270	AAAAGAAAGTAGAAAGGCAGTTTAGCACCTCCAGTGACCATGAGCCCCCTGGGGTCTTGGGCTGAACTGTGAAATGG	50171364	50159711	11653	50162045	9319	50171441	11730	9396
ENSMUST00000101270	AAAAGAAAGTAGAAAGGCAGTTTAGCACCTCCAGTGACCATGAGCCCCCTGGGGTCTTGGGCTGAACTGTGAAATGG	50171364	50163896	7468	50168168	3196	50171441	7545	3273
ENSMUST00000101270	AAAAGAAAGTAGAAAGGCAGTTTAGCACCTCCAGTGACCATGAGCCCCCTGGGGTCTTGGGCTGAACTGTGAAATGG	50171364	50163896	7468	50168695	2669	50171441	7545	2746
ENSMUST00000101270	AAAAGAAAGTAGAAAGGCAGTTTAGCACCTCCAGTGACCATGAGCCCCCTGGGGTCTTGGGCTGAACTGTGAAATGG	50171364	50163896	7468	50168695	2669	50171441	7545	2746
ENSMUST00000101270	AAAAGAAAGTAGAAAGGCAGTTTAGCACCTCCAGTGACCATGAGCCCCCTGGGGTCTTGGGCTGAACTGTGAAATGG	50171364	50164212	7152	50168695	2669	50171441	7229	2746
ENSMUST00000007961	CCCCACGTGCAGCTGGCGGCCAGTACCCATCAAGTCAGACCTCCACATCAAGGATGACCCCGATGGCATCCCCTCAAA	25656793	25459556	197237	25536744	120049	25656871	197315	120127
ENSMUST00000007961	CCCCACGTGCAGCTGGCGGCCAGTACCCATCAAGTCAGACCTCCACATCAAGGATGACCCCGATGGCATCCCCTCAAA	25656793	25502759	154034	25572019	84774	25656871	154112	84852
ENSMUST00000007961	CCCCACGTGCAGCTGGCGGCCAGTACCCATCAAGTCAGACCTCCACATCAAGGATGACCCCGATGGCATCCCCTCAAA	25656793	25536824	119969	25572019	84774	25656871	120047	84852
ENSMUST00000007961	CCCCACGTGCAGCTGGCGGCCAGTACCCATCAAGTCAGACCTCCACATCAAGGATGACCCCGATGGCATCCCCTCAAA	25656793	25636017	20776	25644655	12138	25656871	20854	12216
ENSMUST00000007961	CCCCACGTGCAGCTGGCGGCCAGTACCCATCAAGTCAGACCTCCACATCAAGGATGACCCCGATGGCATCCCCTCAAA	25656793	25658273	-1480	25662939	-6146	25656871	-1402	-6068
ENSMUST00000032454	CTTTGTCACTGCCACTGTAGCTCCTTTTTATGCTGCCAGAGAGGGTGATAGCTGCGGCCACACGCTCCTGGCTTTTAGT	114315653	114304919	10734	114308024	7629	114315732	10813	7708
ENSMUST00000032454	CTTTGTCACTGCCACTGTAGCTCCTTTTTATGCTGCCAGAGAGGGTGATAGCTGCGGCCACACGCTCCTGGCTTTTAGT	114315653	114311907	3746	114314294	1359	114315732	3825	1438
ENSMUST00000166734	GCATTTGATTACGATACAGAGAACATGAATTCTGAAGACATTTATAGCTCCCTTAGAGGCGTCACTGAGGCAATCCAGA	113903870	113813288	90582	113841558	62312	113903949	90661	62391
ENSMUST00000166734	GCATTTGATTACGATACAGAGAACATGAATTCTGAAGACATTTATAGCTCCCTTAGAGGCGTCACTGAGGCAATCCAGA	113903870	113844219	59651	113848480	55390	113903949	59730	55469
ENSMUST00000166734	GCATTTGATTACGATACAGAGAACATGAATTCTGAAGACATTTATAGCTCCCTTAGAGGCGTCACTGAGGCAATCCAGA	113903870	113847838	56032	113850122	53748	113903949	56111	53827
ENSMUST00000166734	GCATTTGATTACGATACAGAGAACATGAATTCTGAAGACATTTATAGCTCCCTTAGAGGCGTCACTGAGGCAATCCAGA	113903870	113852790	51080	113854172	49698	113903949	51159	49777
ENSMUST00000166734	GCATTTGATTACGATACAGAGAACATGAATTCTGAAGACATTTATAGCTCCCTTAGAGGCGTCACTGAGGCAATCCAGA	113903870	113852790	51080	113862185	41685	113903949	51159	41764
ENSMUST00000166734	GCATTTGATTACGATACAGAGAACATGAATTCTGAAGACATTTATAGCTCCCTTAGAGGCGTCACTGAGGCAATCCAGA	113903870	113853404	50466	113858580	45290	113903949	50545	45369
ENSMUST00000166734	GCATTTGATTACGATACAGAGAACATGAATTCTGAAGACATTTATAGCTCCCTTAGAGGCGTCACTGAGGCAATCCAGA	113903870	113854346	49524	113860119	43751	113903949	49603	43830
ENSMUST00000166734	GCATTTGATTACGATACAGAGAACATGAATTCTGAAGACATTTATAGCTCCCTTAGAGGCGTCACTGAGGCAATCCAGA	113903870	113854346	49524	113862185	41685	113903949	49603	41764
ENSMUST00000166734	GCATTTGATTACGATACAGAGAACATGAATTCTGAAGACATTTATAGCTCCCTTAGAGGCGTCACTGAGGCAATCCAGA	113903870	113854346	49524	113862185	41685	113903949	49603	41764
ENSMUST00000166734	GCATTTGATTACGATACAGAGAACATGAATTCTGAAGACATTTATAGCTCCCTTAGAGGCGTCACTGAGGCAATCCAGA	113903870	113858604	45266	113862185	41685	113903949	45345	41764
ENSMUST00000166734	GCATTTGATTACGATACAGAGAACATGAATTCTGAAGACATTTATAGCTCCCTTAGAGGCGTCACTGAGGCAATCCAGA	113903870	113854346	49524	113868547	35323	113903949	49603	35402
ENSMUST00000166734	GCATTTGATTACGATACAGAGAACATGAATTCTGAAGACATTTATAGCTCCCTTAGAGGCGTCACTGAGGCAATCCAGA	113903870	113854346	49524	113876243	27627	113903949	49603	27706
ENSMUST00000166734	GCATTTGATTACGATACAGAGAACATGAATTCTGAAGACATTTATAGCTCCCTTAGAGGCGTCACTGAGGCAATCCAGA	113903870	113868718	35152	113876243	27627	113903949	35231	27706
ENSMUST00000166734	GCATTTGATTACGATACAGAGAACATGAATTCTGAAGACATTTATAGCTCCCTTAGAGGCGTCACTGAGGCAATCCAGA	113903870	113870730	33140	113876243	27627	113903949	33219	27706
ENSMUST00000166734	GCATTTGATTACGATACAGAGAACATGAATTCTGAAGACATTTATAGCTCCCTTAGAGGCGTCACTGAGGCAATCCAGA	113903870	113876350	27520	113879941	23929	113903949	27599	24008
ENSMUST00000166734	GCATTTGATTACGATACAGAGAACATGAATTCTGAAGACATTTATAGCTCCCTTAGAGGCGTCACTGAGGCAATCCAGA	113903870	113876350	27520	113881687	22183	113903949	27599	22262
ENSMUST00000166734	GCATTTGATTACGATACAGAGAACATGAATTCTGAAGACATTTATAGCTCCCTTAGAGGCGTCACTGAGGCAATCCAGA	113903870	113881751	22119	113889957	13913	113903949	22198	13992
ENSMUST00000166734	GCATTTGATTACGATACAGAGAACATGAATTCTGAAGACATTTATAGCTCCCTTAGAGGCGTCACTGAGGCAATCCAGA	113903870	113876350	27520	113899455	4415	113903949	27599	4494
ENSMUST00000166734	GCATTTGATTACGATACAGAGAACATGAATTCTGAAGACATTTATAGCTCCCTTAGAGGCGTCACTGAGGCAATCCAGA	113903870	113892475	11395	113899455	4415	113903949	11474	4494
ENSMUST00000166734	GCATTTGATTACGATACAGAGAACATGAATTCTGAAGACATTTATAGCTCCCTTAGAGGCGTCACTGAGGCAATCCAGA	113903870	113896785	7085	113901490	2380	113903949	7164	2459
ENSMUST00000166734	GCATTTGATTACGATACAGAGAACATGAATTCTGAAGACATTTATAGCTCCCTTAGAGGCGTCACTGAGGCAATCCAGA	113903870	113901597	2273	113905996	-2126	113903949	2352	-2047
ENSMUST00000166734	GCATTTGATTACGATACAGAGAACATGAATTCTGAAGACATTTATAGCTCCCTTAGAGGCGTCACTGAGGCAATCCAGA	113903870	113903995	-125	113908686	-4816	113903949	-46	-4737
ENSMUST00000166734	GCATTTGATTACGATACAGAGAACATGAATTCTGAAGACATTTATAGCTCCCTTAGAGGCGTCACTGAGGCAATCCAGA	113903870	113909544	-5674	113915137	-11267	113903949	-5595	-11188
ENSMUST00000053748	GTTTGACCGAGTGTGCGAGCACCTGAACCTCTTGGAGAAGGACTACTTTGGACTTCTATTTCAGGATCATCCTGAGCAG	25460818	25359981	100837	25443741	17077	25460895	100914	17154
ENSMUST00000053748	GTTTGACCGAGTGTGCGAGCACCTGAACCTCTTGGAGAAGGACTACTTTGGACTTCTATTTCAGGATCATCCTGAGCAG	25460818	25359981	100837	25460791	27	25460895	100914	104
ENSMUST00000053748	GTTTGACCGAGTGTGCGAGCACCTGAACCTCTTGGAGAAGGACTACTTTGGACTTCTATTTCAGGATCATCCTGAGCAG	25460818	25443954	16864	25468095	-7277	25460895	16941	-7200
ENSMUST00000053748	GTTTGACCGAGTGTGCGAGCACCTGAACCTCTTGGAGAAGGACTACTTTGGACTTCTATTTCAGGATCATCCTGAGCAG	25460818	25473163	-12345	25479667	-18849	25460895	-12268	-18772
ENSMUST00000053748	GTTTGACCGAGTGTGCGAGCACCTGAACCTCTTGGAGAAGGACTACTTTGGACTTCTATTTCAGGATCATCCTGAGCAG	25460818	25489093	-28275	25495444	-34626	25460895	-28198	-34549
ENSMUST00000053748	GTTTGACCGAGTGTGCGAGCACCTGAACCTCTTGGAGAAGGACTACTTTGGACTTCTATTTCAGGATCATCCTGAGCAG	25460818	25489093	-28275	25501823	-41005	25460895	-28198	-40928
ENSMUST00000053748	GTTTGACCGAGTGTGCGAGCACCTGAACCTCTTGGAGAAGGACTACTTTGGACTTCTATTTCAGGATCATCCTGAGCAG	25460818	25489093	-28275	25504136	-43318	25460895	-28198	-43241
ENSMUST00000053748	GTTTGACCGAGTGTGCGAGCACCTGAACCTCTTGGAGAAGGACTACTTTGGACTTCTATTTCAGGATCATCCTGAGCAG	25460818	25489093	-28275	25506174	-45356	25460895	-28198	-45279
ENSMUST00000053748	GTTTGACCGAGTGTGCGAGCACCTGAACCTCTTGGAGAAGGACTACTTTGGACTTCTATTTCAGGATCATCCTGAGCAG	25460818	25489093	-28275	25504136	-43318	25460895	-28198	-43241
ENSMUST00000053748	GTTTGACCGAGTGTGCGAGCACCTGAACCTCTTGGAGAAGGACTACTTTGGACTTCTATTTCAGGATCATCCTGAGCAG	25460818	25489093	-28275	25506174	-45356	25460895	-28198	-45279
ENSMUST00000053748	GTTTGACCGAGTGTGCGAGCACCTGAACCTCTTGGAGAAGGACTACTTTGGACTTCTATTTCAGGATCATCCTGAGCAG	25460818	25489093	-28275	25507776	-46958	25460895	-28198	-46881
ENSMUST00000053748	GTTTGACCGAGTGTGCGAGCACCTGAACCTCTTGGAGAAGGACTACTTTGGACTTCTATTTCAGGATCATCCTGAGCAG	25460818	25495591	-34773	25504136	-43318	25460895	-34696	-43241
ENSMUST00000053748	GTTTGACCGAGTGTGCGAGCACCTGAACCTCTTGGAGAAGGACTACTTTGGACTTCTATTTCAGGATCATCCTGAGCAG	25460818	25495591	-34773	25506174	-45356	25460895	-34696	-45279
ENSMUST00000053748	GTTTGACCGAGTGTGCGAGCACCTGAACCTCTTGGAGAAGGACTACTTTGGACTTCTATTTCAGGATCATCCTGAGCAG	25460818	25489093	-28275	25506174	-45356	25460895	-28198	-45279
ENSMUST00000053748	GTTTGACCGAGTGTGCGAGCACCTGAACCTCTTGGAGAAGGACTACTTTGGACTTCTATTTCAGGATCATCCTGAGCAG	25460818	25489093	-28275	25507776	-46958	25460895	-28198	-46881
ENSMUST00000053748	GTTTGACCGAGTGTGCGAGCACCTGAACCTCTTGGAGAAGGACTACTTTGGACTTCTATTTCAGGATCATCCTGAGCAG	25460818	25495591	-34773	25506174	-45356	25460895	-34696	-45279
ENSMUST00000053748	GTTTGACCGAGTGTGCGAGCACCTGAACCTCTTGGAGAAGGACTACTTTGGACTTCTATTTCAGGATCATCCTGAGCAG	25460818	25502387	-41569	25506174	-45356	25460895	-41492	-45279
ENSMUST00000053748	GTTTGACCGAGTGTGCGAGCACCTGAACCTCTTGGAGAAGGACTACTTTGGACTTCTATTTCAGGATCATCCTGAGCAG	25460818	25502387	-41569	25507776	-46958	25460895	-41492	-46881
ENSMUST00000053748	GTTTGACCGAGTGTGCGAGCACCTGAACCTCTTGGAGAAGGACTACTTTGGACTTCTATTTCAGGATCATCCTGAGCAG	25460818	25489093	-28275	25507776	-46958	25460895	-28198	-46881
ENSMUST00000053748	GTTTGACCGAGTGTGCGAGCACCTGAACCTCTTGGAGAAGGACTACTTTGGACTTCTATTTCAGGATCATCCTGAGCAG	25460818	25502387	-41569	25507776	-46958	25460895	-41492	-46881
ENSMUST00000053748	GTTTGACCGAGTGTGCGAGCACCTGAACCTCTTGGAGAAGGACTACTTTGGACTTCTATTTCAGGATCATCCTGAGCAG	25460818	25504259	-43441	25507776	-46958	25460895	-43364	-46881
ENSMUST00000053748	GTTTGACCGAGTGTGCGAGCACCTGAACCTCTTGGAGAAGGACTACTTTGGACTTCTATTTCAGGATCATCCTGAGCAG	25460818	25502387	-41569	25522296	-61478	25460895	-41492	-61401
ENSMUST00000053748	GTTTGACCGAGTGTGCGAGCACCTGAACCTCTTGGAGAAGGACTACTTTGGACTTCTATTTCAGGATCATCCTGAGCAG	25460818	25507857	-47039	25522296	-61478	25460895	-46962	-61401
ENSMUST00000166172	AAGCCTTTAGTAGAACTCCGCTCTGAAGAGAACTTAGCACTGTTCTTCTAGACCTCAGGCACACATAGAGATCTGCACT	156646271	156559205	87066	156622484	23787	156646350	87145	23866
ENSMUST00000027888	GTGGGCGAGAACCATGTGGTGAAAGTGGCCGACTTTGGTTTAAGTAGACTGATGACTGGAGATACCTACACTGCTCATGC	156633785	156559205	74580	156622484	11301	156633865	74660	11381
ENSMUST00000120544	TGGCCGGTGCCCTGCGCGGGGCCTCCCCAGGACACACTGACGTAGATTTGCTGTGTAGTCTTGGTGTGGAAATTTGAATT	111794751	111772580	22171	111775923	18828	111794831	22251	18908
ENSMUST00000120544	TGGCCGGTGCCCTGCGCGGGGCCTCCCCAGGACACACTGACGTAGATTTGCTGTGTAGTCTTGGTGTGGAAATTTGAATT	111794751	111774583	20168	111778019	16732	111794831	20248	16812
ENSMUST00000120544	TGGCCGGTGCCCTGCGCGGGGCCTCCCCAGGACACACTGACGTAGATTTGCTGTGTAGTCTTGGTGTGGAAATTTGAATT	111794751	111774583	20168	111778598	16153	111794831	20248	16233
ENSMUST00000120544	TGGCCGGTGCCCTGCGCGGGGCCTCCCCAGGACACACTGACGTAGATTTGCTGTGTAGTCTTGGTGTGGAAATTTGAATT	111794751	111776002	18749	111778019	16732	111794831	18829	16812
ENSMUST00000120544	TGGCCGGTGCCCTGCGCGGGGCCTCCCCAGGACACACTGACGTAGATTTGCTGTGTAGTCTTGGTGTGGAAATTTGAATT	111794751	111774583	20168	111778598	16153	111794831	20248	16233
ENSMUST00000120544	TGGCCGGTGCCCTGCGCGGGGCCTCCCCAGGACACACTGACGTAGATTTGCTGTGTAGTCTTGGTGTGGAAATTTGAATT	111794751	111776002	18749	111778598	16153	111794831	18829	16233
ENSMUST00000120544	TGGCCGGTGCCCTGCGCGGGGCCTCCCCAGGACACACTGACGTAGATTTGCTGTGTAGTCTTGGTGTGGAAATTTGAATT	111794751	111778700	16051	111781943	12808	111794831	16131	12888
ENSMUST00000120544	TGGCCGGTGCCCTGCGCGGGGCCTCCCCAGGACACACTGACGTAGATTTGCTGTGTAGTCTTGGTGTGGAAATTTGAATT	111794751	111787596	7155	111793648	1103	111794831	7235	1183
ENSMUST00000120544	TGGCCGGTGCCCTGCGCGGGGCCTCCCCAGGACACACTGACGTAGATTTGCTGTGTAGTCTTGGTGTGGAAATTTGAATT	111794751	111787596	7155	111795547	-796	111794831	7235	-716
ENSMUST00000120544	TGGCCGGTGCCCTGCGCGGGGCCTCCCCAGGACACACTGACGTAGATTTGCTGTGTAGTCTTGGTGTGGAAATTTGAATT	111794751	111787596	7155	111793648	1103	111794831	7235	1183
ENSMUST00000120544	TGGCCGGTGCCCTGCGCGGGGCCTCCCCAGGACACACTGACGTAGATTTGCTGTGTAGTCTTGGTGTGGAAATTTGAATT	111794751	111787596	7155	111795547	-796	111794831	7235	-716
ENSMUST00000120544	TGGCCGGTGCCCTGCGCGGGGCCTCCCCAGGACACACTGACGTAGATTTGCTGTGTAGTCTTGGTGTGGAAATTTGAATT	111794751	111787596	7155	111795547	-796	111794831	7235	-716
ENSMUST00000120544	TGGCCGGTGCCCTGCGCGGGGCCTCCCCAGGACACACTGACGTAGATTTGCTGTGTAGTCTTGGTGTGGAAATTTGAATT	111794751	111787596	7155	111795547	-796	111794831	7235	-716
ENSMUST00000120544	TGGCCGGTGCCCTGCGCGGGGCCTCCCCAGGACACACTGACGTAGATTTGCTGTGTAGTCTTGGTGTGGAAATTTGAATT	111794751	111789459	5292	111794336	415	111794831	5372	495
ENSMUST00000120544	TGGCCGGTGCCCTGCGCGGGGCCTCCCCAGGACACACTGACGTAGATTTGCTGTGTAGTCTTGGTGTGGAAATTTGAATT	111794751	111789459	5292	111795547	-796	111794831	5372	-716
ENSMUST00000120544	TGGCCGGTGCCCTGCGCGGGGCCTCCCCAGGACACACTGACGTAGATTTGCTGTGTAGTCTTGGTGTGGAAATTTGAATT	111794751	111789486	5265	111794336	415	111794831	5345	495
ENSMUST00000120544	TGGCCGGTGCCCTGCGCGGGGCCTCCCCAGGACACACTGACGTAGATTTGCTGTGTAGTCTTGGTGTGGAAATTTGAATT	111794751	111789486	5265	111795547	-796	111794831	5345	-716
ENSMUST00000120544	TGGCCGGTGCCCTGCGCGGGGCCTCCCCAGGACACACTGACGTAGATTTGCTGTGTAGTCTTGGTGTGGAAATTTGAATT	111794751	111789459	5292	111806007	-11256	111794831	5372	-11176
ENSMUST00000120544	TGGCCGGTGCCCTGCGCGGGGCCTCCCCAGGACACACTGACGTAGATTTGCTGTGTAGTCTTGGTGTGGAAATTTGAATT	111794751	111789486	5265	111806007	-11256	111794831	5345	-11176
ENSMUST00000120544	TGGCCGGTGCCCTGCGCGGGGCCTCCCCAGGACACACTGACGTAGATTTGCTGTGTAGTCTTGGTGTGGAAATTTGAATT	111794751	111772580	22171	111775923	18828	111794831	22251	18908
ENSMUST00000120544	TGGCCGGTGCCCTGCGCGGGGCCTCCCCAGGACACACTGACGTAGATTTGCTGTGTAGTCTTGGTGTGGAAATTTGAATT	111794751	111774583	20168	111778019	16732	111794831	20248	16812
ENSMUST00000120544	TGGCCGGTGCCCTGCGCGGGGCCTCCCCAGGACACACTGACGTAGATTTGCTGTGTAGTCTTGGTGTGGAAATTTGAATT	111794751	111774583	20168	111778598	16153	111794831	20248	16233
ENSMUST00000120544	TGGCCGGTGCCCTGCGCGGGGCCTCCCCAGGACACACTGACGTAGATTTGCTGTGTAGTCTTGGTGTGGAAATTTGAATT	111794751	111776002	18749	111778019	16732	111794831	18829	16812
ENSMUST00000120544	TGGCCGGTGCCCTGCGCGGGGCCTCCCCAGGACACACTGACGTAGATTTGCTGTGTAGTCTTGGTGTGGAAATTTGAATT	111794751	111774583	20168	111778598	16153	111794831	20248	16233
ENSMUST00000120544	TGGCCGGTGCCCTGCGCGGGGCCTCCCCAGGACACACTGACGTAGATTTGCTGTGTAGTCTTGGTGTGGAAATTTGAATT	111794751	111776002	18749	111778598	16153	111794831	18829	16233
ENSMUST00000120544	TGGCCGGTGCCCTGCGCGGGGCCTCCCCAGGACACACTGACGTAGATTTGCTGTGTAGTCTTGGTGTGGAAATTTGAATT	111794751	111778700	16051	111781943	12808	111794831	16131	12888
ENSMUST00000120544	TGGCCGGTGCCCTGCGCGGGGCCTCCCCAGGACACACTGACGTAGATTTGCTGTGTAGTCTTGGTGTGGAAATTTGAATT	111794751	111787596	7155	111793648	1103	111794831	7235	1183
ENSMUST00000120544	TGGCCGGTGCCCTGCGCGGGGCCTCCCCAGGACACACTGACGTAGATTTGCTGTGTAGTCTTGGTGTGGAAATTTGAATT	111794751	111787596	7155	111795547	-796	111794831	7235	-716
ENSMUST00000120544	TGGCCGGTGCCCTGCGCGGGGCCTCCCCAGGACACACTGACGTAGATTTGCTGTGTAGTCTTGGTGTGGAAATTTGAATT	111794751	111787596	7155	111793648	1103	111794831	7235	1183
ENSMUST00000120544	TGGCCGGTGCCCTGCGCGGGGCCTCCCCAGGACACACTGACGTAGATTTGCTGTGTAGTCTTGGTGTGGAAATTTGAATT	111794751	111787596	7155	111795547	-796	111794831	7235	-716
ENSMUST00000120544	TGGCCGGTGCCCTGCGCGGGGCCTCCCCAGGACACACTGACGTAGATTTGCTGTGTAGTCTTGGTGTGGAAATTTGAATT	111794751	111787596	7155	111795547	-796	111794831	7235	-716
ENSMUST00000120544	TGGCCGGTGCCCTGCGCGGGGCCTCCCCAGGACACACTGACGTAGATTTGCTGTGTAGTCTTGGTGTGGAAATTTGAATT	111794751	111787596	7155	111795547	-796	111794831	7235	-716
ENSMUST00000120544	TGGCCGGTGCCCTGCGCGGGGCCTCCCCAGGACACACTGACGTAGATTTGCTGTGTAGTCTTGGTGTGGAAATTTGAATT	111794751	111789459	5292	111794336	415	111794831	5372	495
ENSMUST00000120544	TGGCCGGTGCCCTGCGCGGGGCCTCCCCAGGACACACTGACGTAGATTTGCTGTGTAGTCTTGGTGTGGAAATTTGAATT	111794751	111789459	5292	111795547	-796	111794831	5372	-716
ENSMUST00000120544	TGGCCGGTGCCCTGCGCGGGGCCTCCCCAGGACACACTGACGTAGATTTGCTGTGTAGTCTTGGTGTGGAAATTTGAATT	111794751	111789486	5265	111794336	415	111794831	5345	495
ENSMUST00000120544	TGGCCGGTGCCCTGCGCGGGGCCTCCCCAGGACACACTGACGTAGATTTGCTGTGTAGTCTTGGTGTGGAAATTTGAATT	111794751	111789486	5265	111795547	-796	111794831	5345	-716
ENSMUST00000120544	TGGCCGGTGCCCTGCGCGGGGCCTCCCCAGGACACACTGACGTAGATTTGCTGTGTAGTCTTGGTGTGGAAATTTGAATT	111794751	111789459	5292	111806007	-11256	111794831	5372	-11176
ENSMUST00000120544	TGGCCGGTGCCCTGCGCGGGGCCTCCCCAGGACACACTGACGTAGATTTGCTGTGTAGTCTTGGTGTGGAAATTTGAATT	111794751	111789486	5265	111806007	-11256	111794831	5345	-11176
ENSMUST00000182597	GCTCGTTCTGCTGCTTGGTCCTACATCTTTCTGCCTGAGGAAGCCTGGTGTGACCTTACCATCCACCTTCCGTCAGCAGT	74643417	74593249	50168	74594869	48548	74646471	53222	51602
ENSMUST00000182597	GCTCGTTCTGCTGCTTGGTCCTACATCTTTCTGCCTGAGGAAGCCTGGTGTGACCTTACCATCCACCTTCCGTCAGCAGT	74643417	74593249	50168	74594869	48548	74646471	53222	51602
ENSMUST00000182597	GCTCGTTCTGCTGCTTGGTCCTACATCTTTCTGCCTGAGGAAGCCTGGTGTGACCTTACCATCCACCTTCCGTCAGCAGT	74643417	74606135	37282	74609058	34359	74646471	40336	37413
ENSMUST00000182597	GCTCGTTCTGCTGCTTGGTCCTACATCTTTCTGCCTGAGGAAGCCTGGTGTGACCTTACCATCCACCTTCCGTCAGCAGT	74643417	74614432	28985	74618435	24982	74646471	32039	28036
ENSMUST00000182597	GCTCGTTCTGCTGCTTGGTCCTACATCTTTCTGCCTGAGGAAGCCTGGTGTGACCTTACCATCCACCTTCCGTCAGCAGT	74643417	74614432	28985	74618435	24982	74646471	32039	28036
ENSMUST00000182597	GCTCGTTCTGCTGCTTGGTCCTACATCTTTCTGCCTGAGGAAGCCTGGTGTGACCTTACCATCCACCTTCCGTCAGCAGT	74643417	74618563	24854	74622035	21382	74646471	27908	24436
ENSMUST00000182597	GCTCGTTCTGCTGCTTGGTCCTACATCTTTCTGCCTGAGGAAGCCTGGTGTGACCTTACCATCCACCTTCCGTCAGCAGT	74643417	74635896	7521	74639779	3638	74646471	10575	6692
ENSMUST00000182597	GCTCGTTCTGCTGCTTGGTCCTACATCTTTCTGCCTGAGGAAGCCTGGTGTGACCTTACCATCCACCTTCCGTCAGCAGT	74643417	74659355	-15938	74662600	-19183	74646471	-12884	-16129
ENSMUST00000182597	GCTCGTTCTGCTGCTTGGTCCTACATCTTTCTGCCTGAGGAAGCCTGGTGTGACCTTACCATCCACCTTCCGTCAGCAGT	74643417	74659355	-15938	74668758	-25341	74646471	-12884	-22287
ENSMUST00000182597	GCTCGTTCTGCTGCTTGGTCCTACATCTTTCTGCCTGAGGAAGCCTGGTGTGACCTTACCATCCACCTTCCGTCAGCAGT	74643417	74659355	-15938	74668758	-25341	74646471	-12884	-22287
ENSMUST00000182597	GCTCGTTCTGCTGCTTGGTCCTACATCTTTCTGCCTGAGGAAGCCTGGTGTGACCTTACCATCCACCTTCCGTCAGCAGT	74643417	74660682	-17265	74668758	-25341	74646471	-14211	-22287
ENSMUST00000182597	GCTCGTTCTGCTGCTTGGTCCTACATCTTTCTGCCTGAGGAAGCCTGGTGTGACCTTACCATCCACCTTCCGTCAGCAGT	74643417	74677379	-33962	74689217	-45800	74646471	-30908	-42746
ENSMUST00000044083	GAGCTGCTGCAGATACTGGATGCCATGGACATCTGCGCCCGAGACCTGAGTAGTGGGACTATGGTGGATATCCCTGCTCT	60760837	60602596	158241	60716677	44160	60760917	158321	44240
ENSMUST00000044083	GAGCTGCTGCAGATACTGGATGCCATGGACATCTGCGCCCGAGACCTGAGTAGTGGGACTATGGTGGATATCCCTGCTCT	60760837	60696452	64385	60718013	42824	60760917	64465	42904
ENSMUST00000044083	GAGCTGCTGCAGATACTGGATGCCATGGACATCTGCGCCCGAGACCTGAGTAGTGGGACTATGGTGGATATCCCTGCTCT	60760837	60716816	44021	60718301	42536	60760917	44101	42616
ENSMUST00000044083	GAGCTGCTGCAGATACTGGATGCCATGGACATCTGCGCCCGAGACCTGAGTAGTGGGACTATGGTGGATATCCCTGCTCT	60760837	60718350	42487	60719609	41228	60760917	42567	41308
ENSMUST00000044083	GAGCTGCTGCAGATACTGGATGCCATGGACATCTGCGCCCGAGACCTGAGTAGTGGGACTATGGTGGATATCCCTGCTCT	60760837	60720156	40681	60723019	37818	60760917	40761	37898
ENSMUST00000044083	GAGCTGCTGCAGATACTGGATGCCATGGACATCTGCGCCCGAGACCTGAGTAGTGGGACTATGGTGGATATCCCTGCTCT	60760837	60721863	38974	60725296	35541	60760917	39054	35621
ENSMUST00000110639	GAAAGGCAGAGACTTGGACAAAAAAGACACGGCTGTGGAGCTGGGCAAAGGCCCAGAACCCAAAGGCAAAGACTTATATC	121303606	121289872	13734	121298596	5010	121303686	13814	5090
ENSMUST00000110639	GAAAGGCAGAGACTTGGACAAAAAAGACACGGCTGTGGAGCTGGGCAAAGGCCCAGAACCCAAAGGCAAAGACTTATATC	121303606	121290821	12785	121299268	4338	121303686	12865	4418
ENSMUST00000110639	GAAAGGCAGAGACTTGGACAAAAAAGACACGGCTGTGGAGCTGGGCAAAGGCCCAGAACCCAAAGGCAAAGACTTATATC	121303606	121295542	8064	121298905	4701	121303686	8144	4781
ENSMUST00000110639	GAAAGGCAGAGACTTGGACAAAAAAGACACGGCTGTGGAGCTGGGCAAAGGCCCAGAACCCAAAGGCAAAGACTTATATC	121303606	121295542	8064	121299268	4338	121303686	8144	4418
ENSMUST00000110639	GAAAGGCAGAGACTTGGACAAAAAAGACACGGCTGTGGAGCTGGGCAAAGGCCCAGAACCCAAAGGCAAAGACTTATATC	121303606	121295542	8064	121299268	4338	121303686	8144	4418
ENSMUST00000110639	GAAAGGCAGAGACTTGGACAAAAAAGACACGGCTGTGGAGCTGGGCAAAGGCCCAGAACCCAAAGGCAAAGACTTATATC	121303606	121298679	4927	121299268	4338	121303686	5007	4418
ENSMUST00000110639	GAAAGGCAGAGACTTGGACAAAAAAGACACGGCTGTGGAGCTGGGCAAAGGCCCAGAACCCAAAGGCAAAGACTTATATC	121303606	121299046	4560	121307514	-3908	121303686	4640	-3828
ENSMUST00000105902	ATTCCGCATCCCCCCTCCCCCTCTGGCATCCGTGGACTTGGATGAGGACTTTCTTTTCACAGAACCGTTGCCTCCCCCCC	144411074	144091789	319285	144179754	231320	144411154	319365	231400
ENSMUST00000105902	ATTCCGCATCCCCCCTCCCCCTCTGGCATCCGTGGACTTGGATGAGGACTTTCTTTTCACAGAACCGTTGCCTCCCCCCC	144411074	144180073	231001	144192416	218658	144411154	231081	218738
ENSMUST00000105902	ATTCCGCATCCCCCCTCCCCCTCTGGCATCCGTGGACTTGGATGAGGACTTTCTTTTCACAGAACCGTTGCCTCCCCCCC	144411074	144186989	224085	144259064	152010	144411154	224165	152090
ENSMUST00000105902	ATTCCGCATCCCCCCTCCCCCTCTGGCATCCGTGGACTTGGATGAGGACTTTCTTTTCACAGAACCGTTGCCTCCCCCCC	144411074	144396431	14643	144398240	12834	144411154	14723	12914
ENSMUST00000105902	ATTCCGCATCCCCCCTCCCCCTCTGGCATCCGTGGACTTGGATGAGGACTTTCTTTTCACAGAACCGTTGCCTCCCCCCC	144411074	144396431	14643	144405329	5745	144411154	14723	5825
ENSMUST00000105902	ATTCCGCATCCCCCCTCCCCCTCTGGCATCCGTGGACTTGGATGAGGACTTTCTTTTCACAGAACCGTTGCCTCCCCCCC	144411074	144396431	14643	144405329	5745	144411154	14723	5825
ENSMUST00000105902	ATTCCGCATCCCCCCTCCCCCTCTGGCATCCGTGGACTTGGATGAGGACTTTCTTTTCACAGAACCGTTGCCTCCCCCCC	144411074	144396646	14428	144405329	5745	144411154	14508	5825
ENSMUST00000105902	ATTCCGCATCCCCCCTCCCCCTCTGGCATCCGTGGACTTGGATGAGGACTTTCTTTTCACAGAACCGTTGCCTCCCCCCC	144411074	144396431	14643	144409461	1613	144411154	14723	1693
ENSMUST00000105902	ATTCCGCATCCCCCCTCCCCCTCTGGCATCCGTGGACTTGGATGAGGACTTTCTTTTCACAGAACCGTTGCCTCCCCCCC	144411074	144405460	5614	144408055	3019	144411154	5694	3099
ENSMUST00000105902	ATTCCGCATCCCCCCTCCCCCTCTGGCATCCGTGGACTTGGATGAGGACTTTCTTTTCACAGAACCGTTGCCTCCCCCCC	144411074	144405460	5614	144409461	1613	144411154	5694	1693
ENSMUST00000105902	ATTCCGCATCCCCCCTCCCCCTCTGGCATCCGTGGACTTGGATGAGGACTTTCTTTTCACAGAACCGTTGCCTCCCCCCC	144411074	144405460	5614	144409461	1613	144411154	5694	1693
ENSMUST00000105902	ATTCCGCATCCCCCCTCCCCCTCTGGCATCCGTGGACTTGGATGAGGACTTTCTTTTCACAGAACCGTTGCCTCCCCCCC	144411074	144407232	3842	144409461	1613	144411154	3922	1693
ENSMUST00000105902	ATTCCGCATCCCCCCTCCCCCTCTGGCATCCGTGGACTTGGATGAGGACTTTCTTTTCACAGAACCGTTGCCTCCCCCCC	144411074	144405460	5614	144420558	-9484	144411154	5694	-9404
ENSMUST00000214522	ATCGTTGCTCCACTCAATGCCACTCCACTCCTCTCCACGCTCCCGTGACTATAACCCATATAACTACTCAGATAGCATCA	113906109	113813288	92821	113841558	64551	113906189	92901	64631
ENSMUST00000214522	ATCGTTGCTCCACTCAATGCCACTCCACTCCTCTCCACGCTCCCGTGACTATAACCCATATAACTACTCAGATAGCATCA	113906109	113844219	61890	113848480	57629	113906189	61970	57709
ENSMUST00000214522	ATCGTTGCTCCACTCAATGCCACTCCACTCCTCTCCACGCTCCCGTGACTATAACCCATATAACTACTCAGATAGCATCA	113906109	113847838	58271	113850122	55987	113906189	58351	56067
ENSMUST00000214522	ATCGTTGCTCCACTCAATGCCACTCCACTCCTCTCCACGCTCCCGTGACTATAACCCATATAACTACTCAGATAGCATCA	113906109	113852790	53319	113854172	51937	113906189	53399	52017
ENSMUST00000214522	ATCGTTGCTCCACTCAATGCCACTCCACTCCTCTCCACGCTCCCGTGACTATAACCCATATAACTACTCAGATAGCATCA	113906109	113852790	53319	113862185	43924	113906189	53399	44004
ENSMUST00000214522	ATCGTTGCTCCACTCAATGCCACTCCACTCCTCTCCACGCTCCCGTGACTATAACCCATATAACTACTCAGATAGCATCA	113906109	113853404	52705	113858580	47529	113906189	52785	47609
ENSMUST00000214522	ATCGTTGCTCCACTCAATGCCACTCCACTCCTCTCCACGCTCCCGTGACTATAACCCATATAACTACTCAGATAGCATCA	113906109	113854346	51763	113860119	45990	113906189	51843	46070
ENSMUST00000214522	ATCGTTGCTCCACTCAATGCCACTCCACTCCTCTCCACGCTCCCGTGACTATAACCCATATAACTACTCAGATAGCATCA	113906109	113854346	51763	113862185	43924	113906189	51843	44004
ENSMUST00000214522	ATCGTTGCTCCACTCAATGCCACTCCACTCCTCTCCACGCTCCCGTGACTATAACCCATATAACTACTCAGATAGCATCA	113906109	113854346	51763	113862185	43924	113906189	51843	44004
ENSMUST00000214522	ATCGTTGCTCCACTCAATGCCACTCCACTCCTCTCCACGCTCCCGTGACTATAACCCATATAACTACTCAGATAGCATCA	113906109	113858604	47505	113862185	43924	113906189	47585	44004
ENSMUST00000214522	ATCGTTGCTCCACTCAATGCCACTCCACTCCTCTCCACGCTCCCGTGACTATAACCCATATAACTACTCAGATAGCATCA	113906109	113854346	51763	113868547	37562	113906189	51843	37642
ENSMUST00000214522	ATCGTTGCTCCACTCAATGCCACTCCACTCCTCTCCACGCTCCCGTGACTATAACCCATATAACTACTCAGATAGCATCA	113906109	113854346	51763	113876243	29866	113906189	51843	29946
ENSMUST00000214522	ATCGTTGCTCCACTCAATGCCACTCCACTCCTCTCCACGCTCCCGTGACTATAACCCATATAACTACTCAGATAGCATCA	113906109	113868718	37391	113876243	29866	113906189	37471	29946
ENSMUST00000214522	ATCGTTGCTCCACTCAATGCCACTCCACTCCTCTCCACGCTCCCGTGACTATAACCCATATAACTACTCAGATAGCATCA	113906109	113870730	35379	113876243	29866	113906189	35459	29946
ENSMUST00000214522	ATCGTTGCTCCACTCAATGCCACTCCACTCCTCTCCACGCTCCCGTGACTATAACCCATATAACTACTCAGATAGCATCA	113906109	113876350	29759	113879941	26168	113906189	29839	26248
ENSMUST00000214522	ATCGTTGCTCCACTCAATGCCACTCCACTCCTCTCCACGCTCCCGTGACTATAACCCATATAACTACTCAGATAGCATCA	113906109	113876350	29759	113881687	24422	113906189	29839	24502
ENSMUST00000214522	ATCGTTGCTCCACTCAATGCCACTCCACTCCTCTCCACGCTCCCGTGACTATAACCCATATAACTACTCAGATAGCATCA	113906109	113881751	24358	113889957	16152	113906189	24438	16232
ENSMUST00000214522	ATCGTTGCTCCACTCAATGCCACTCCACTCCTCTCCACGCTCCCGTGACTATAACCCATATAACTACTCAGATAGCATCA	113906109	113876350	29759	113899455	6654	113906189	29839	6734
ENSMUST00000214522	ATCGTTGCTCCACTCAATGCCACTCCACTCCTCTCCACGCTCCCGTGACTATAACCCATATAACTACTCAGATAGCATCA	113906109	113892475	13634	113899455	6654	113906189	13714	6734
ENSMUST00000214522	ATCGTTGCTCCACTCAATGCCACTCCACTCCTCTCCACGCTCCCGTGACTATAACCCATATAACTACTCAGATAGCATCA	113906109	113896785	9324	113901490	4619	113906189	9404	4699
ENSMUST00000214522	ATCGTTGCTCCACTCAATGCCACTCCACTCCTCTCCACGCTCCCGTGACTATAACCCATATAACTACTCAGATAGCATCA	113906109	113901597	4512	113905996	113	113906189	4592	193
ENSMUST00000214522	ATCGTTGCTCCACTCAATGCCACTCCACTCCTCTCCACGCTCCCGTGACTATAACCCATATAACTACTCAGATAGCATCA	113906109	113903995	2114	113908686	-2577	113906189	2194	-2497
ENSMUST00000214522	ATCGTTGCTCCACTCAATGCCACTCCACTCCTCTCCACGCTCCCGTGACTATAACCCATATAACTACTCAGATAGCATCA	113906109	113909544	-3435	113915137	-9028	113906189	-3355	-8948
ENSMUST00000030676	AACAGAGTCTCATCTATGTAAAAACAGGAGAAGCCATGTGGAGATGGGGCTCTGGTGAGTGTATAATGGATGCAAGCGTG	125710129	125623657	86472	125639280	70849	125710209	86552	70929
ENSMUST00000030676	AACAGAGTCTCATCTATGTAAAAACAGGAGAAGCCATGTGGAGATGGGGCTCTGGTGAGTGTATAATGGATGCAAGCGTG	125710129	125656395	53734	125670552	39577	125710209	53814	39657
ENSMUST00000030676	AACAGAGTCTCATCTATGTAAAAACAGGAGAAGCCATGTGGAGATGGGGCTCTGGTGAGTGTATAATGGATGCAAGCGTG	125710129	125659802	50327	125685993	24136	125710209	50407	24216
ENSMUST00000025202	GAGTCAATCAGGATCGAAGGCCCTGGGATCTTCAAGGAATGCACTGTACGTGAAATGCCTTGCCGTCTTGTACGACAGACT	46433197	46398247	34950	46435157	-1960	46433278	35031	-1879
ENSMUST00000025202	GAGTCAATCAGGATCGAAGGCCCTGGGATCTTCAAGGAATGCACTGTACGTGAAATGCCTTGCCGTCTTGTACGACAGACT	46433197	46398247	34950	46435157	-1960	46433278	35031	-1879
ENSMUST00000033915	CTCTGCTCCTAGAATCCAGACCCCTTTCCACTCCCCCTCCCAAAATTATCCGGCTGTTTGTTTGAGTACCTGCTTACTGTG	54954949	54955315	-366	55047234	-92285	54955030	-285	-92204
ENSMUST00000033915	CTCTGCTCCTAGAATCCAGACCCCTTTCCACTCCCCCTCCCAAAATTATCCGGCTGTTTGTTTGAGTACCTGCTTACTGTG	54954949	55037520	-82571	55050104	-95155	54955030	-82490	-95074
ENSMUST00000030127	TGGAGCTAAGCAGGGTCGGGCCTGGTTAGTACTTGGATGGGAGACCGCCTGGGAATACCGGGTGCTGTAGGCTTGAAAAAA	53860703	53826220	34483	53840626	20077	53860784	34564	20158
ENSMUST00000030127	TGGAGCTAAGCAGGGTCGGGCCTGGTTAGTACTTGGATGGGAGACCGCCTGGGAATACCGGGTGCTGTAGGCTTGAAAAAA	53860703	53826220	34483	53848865	11838	53860784	34564	11919
ENSMUST00000030127	TGGAGCTAAGCAGGGTCGGGCCTGGTTAGTACTTGGATGGGAGACCGCCTGGGAATACCGGGTGCTGTAGGCTTGAAAAAA	53860703	53826220	34483	53850473	10230	53860784	34564	10311
ENSMUST00000030127	TGGAGCTAAGCAGGGTCGGGCCTGGTTAGTACTTGGATGGGAGACCGCCTGGGAATACCGGGTGCTGTAGGCTTGAAAAAA	53860703	53850561	10142	53859881	822	53860784	10223	903
ENSMUST00000058667	TGACGCCTGTCCTTCCCTCCTACTCCTTCACCCTCAAAACACAAGAGACAGGCAACTTCACCAGAGCCCAGGGGGCAACTCC	44463118	44429116	34002	44461008	2110	44463200	34084	2192
ENSMUST00000058667	TGACGCCTGTCCTTCCCTCCTACTCCTTCACCCTCAAAACACAAGAGACAGGCAACTTCACCAGAGCCCAGGGGGCAACTCC	44463118	44442531	20587	44461008	2110	44463200	20669	2192
ENSMUST00000058667	TGACGCCTGTCCTTCCCTCCTACTCCTTCACCCTCAAAACACAAGAGACAGGCAACTTCACCAGAGCCCAGGGGGCAACTCC	44463118	44429116	34002	44461008	2110	44463200	34084	2192
ENSMUST00000058667	TGACGCCTGTCCTTCCCTCCTACTCCTTCACCCTCAAAACACAAGAGACAGGCAACTTCACCAGAGCCCAGGGGGCAACTCC	44463118	44442531	20587	44461008	2110	44463200	20669	2192
ENSMUST00000033915	ATTGTGACACCAGGCTTACCTTTTCAAGTTTAGTATAGAAACAATTATCATGGAAATAACTACTGTGGACTGTTGGAGAGTG	55059670	54955315	104355	55047234	12436	55059752	104437	12518
ENSMUST00000033915	ATTGTGACACCAGGCTTACCTTTTCAAGTTTAGTATAGAAACAATTATCATGGAAATAACTACTGTGGACTGTTGGAGAGTG	55059670	55037520	22150	55050104	9566	55059752	22232	9648
ENSMUST00000044730	AAGATAGGATGGGCCGGGACCCTTCAGAGGCAACCCTTTGACACTTGGAAGGACTTTGGGGGACAGTTGAGATGACCTCAGA	97683275	97665034	18241	97665729	17546	97683357	18323	17628
ENSMUST00000044730	AAGATAGGATGGGCCGGGACCCTTCAGAGGCAACCCTTTGACACTTGGAAGGACTTTGGGGGACAGTTGAGATGACCTCAGA	97683275	97665540	17735	97666789	16486	97683357	17817	16568
ENSMUST00000044730	AAGATAGGATGGGCCGGGACCCTTCAGAGGCAACCCTTTGACACTTGGAAGGACTTTGGGGGACAGTTGAGATGACCTCAGA	97683275	97674882	8393	97676369	6906	97683357	8475	6988
ENSMUST00000044730	AAGATAGGATGGGCCGGGACCCTTCAGAGGCAACCCTTTGACACTTGGAAGGACTTTGGGGGACAGTTGAGATGACCTCAGA	97683275	97677236	6039	97678964	4311	97683357	6121	4393
ENSMUST00000175903	TTTTACGGAGAAAACTTATCCATGAAGGCTGCCTGCTCTGGAAGACAGCCACAGGCCGCTTCAAAGATGTCCTGTTGCTGCT	88636052	88629931	6121	88632275	3777	88638302	8371	6027
ENSMUST00000175903	TTTTACGGAGAAAACTTATCCATGAAGGCTGCCTGCTCTGGAAGACAGCCACAGGCCGCTTCAAAGATGTCCTGTTGCTGCT	88636052	88629931	6121	88632912	3140	88638302	8371	5390
ENSMUST00000175903	TTTTACGGAGAAAACTTATCCATGAAGGCTGCCTGCTCTGGAAGACAGCCACAGGCCGCTTCAAAGATGTCCTGTTGCTGCT	88636052	88629931	6121	88632912	3140	88638302	8371	5390
ENSMUST00000175903	TTTTACGGAGAAAACTTATCCATGAAGGCTGCCTGCTCTGGAAGACAGCCACAGGCCGCTTCAAAGATGTCCTGTTGCTGCT	88636052	88629931	6121	88632912	3140	88638302	8371	5390
ENSMUST00000175903	TTTTACGGAGAAAACTTATCCATGAAGGCTGCCTGCTCTGGAAGACAGCCACAGGCCGCTTCAAAGATGTCCTGTTGCTGCT	88636052	88632339	3713	88633257	2795	88638302	5963	5045
ENSMUST00000175903	TTTTACGGAGAAAACTTATCCATGAAGGCTGCCTGCTCTGGAAGACAGCCACAGGCCGCTTCAAAGATGTCCTGTTGCTGCT	88636052	88633042	3010	88633499	2553	88638302	5260	4803
ENSMUST00000175903	TTTTACGGAGAAAACTTATCCATGAAGGCTGCCTGCTCTGGAAGACAGCCACAGGCCGCTTCAAAGATGTCCTGTTGCTGCT	88636052	88633042	3010	88633499	2553	88638302	5260	4803
ENSMUST00000175903	TTTTACGGAGAAAACTTATCCATGAAGGCTGCCTGCTCTGGAAGACAGCCACAGGCCGCTTCAAAGATGTCCTGTTGCTGCT	88636052	88636103	-51	88639322	-3270	88638302	2199	-1020
ENSMUST00000105431	AGAAGCAGAGCTGCCTGCCAAGATCATGGAGGAGTTTATGAGGAACTCGCGGAAGAAAGACAAACTGCTCTGTAGCCAGCTT	72656032	72654977	1055	72656237	-205	72656279	1302	42
ENSMUST00000105431	AGAAGCAGAGCTGCCTGCCAAGATCATGGAGGAGTTTATGAGGAACTCGCGGAAGAAAGACAAACTGCTCTGTAGCCAGCTT	72656032	72657185	-1153	72673965	-17933	72656279	-906	-17686
ENSMUST00000094639	TCCGCTGTGTCGCCCCCAAACCTCCACTCTGACACTCCAACGTTTAGCTATGCATCTCTGGCAGGACCCACTATACCTCCCA	121305390	121289872	15518	121298596	6794	121305472	15600	6876
ENSMUST00000094639	TCCGCTGTGTCGCCCCCAAACCTCCACTCTGACACTCCAACGTTTAGCTATGCATCTCTGGCAGGACCCACTATACCTCCCA	121305390	121290821	14569	121299268	6122	121305472	14651	6204
ENSMUST00000094639	TCCGCTGTGTCGCCCCCAAACCTCCACTCTGACACTCCAACGTTTAGCTATGCATCTCTGGCAGGACCCACTATACCTCCCA	121305390	121295542	9848	121298905	6485	121305472	9930	6567
ENSMUST00000094639	TCCGCTGTGTCGCCCCCAAACCTCCACTCTGACACTCCAACGTTTAGCTATGCATCTCTGGCAGGACCCACTATACCTCCCA	121305390	121295542	9848	121299268	6122	121305472	9930	6204
ENSMUST00000094639	TCCGCTGTGTCGCCCCCAAACCTCCACTCTGACACTCCAACGTTTAGCTATGCATCTCTGGCAGGACCCACTATACCTCCCA	121305390	121295542	9848	121299268	6122	121305472	9930	6204
ENSMUST00000094639	TCCGCTGTGTCGCCCCCAAACCTCCACTCTGACACTCCAACGTTTAGCTATGCATCTCTGGCAGGACCCACTATACCTCCCA	121305390	121298679	6711	121299268	6122	121305472	6793	6204
ENSMUST00000094639	TCCGCTGTGTCGCCCCCAAACCTCCACTCTGACACTCCAACGTTTAGCTATGCATCTCTGGCAGGACCCACTATACCTCCCA	121305390	121299046	6344	121307514	-2124	121305472	6426	-2042
ENSMUST00000094639	TCCGCTGTGTCGCCCCCAAACCTCCACTCTGACACTCCAACGTTTAGCTATGCATCTCTGGCAGGACCCACTATACCTCCCA	121305390	121289872	15518	121298596	6794	121305472	15600	6876
ENSMUST00000094639	TCCGCTGTGTCGCCCCCAAACCTCCACTCTGACACTCCAACGTTTAGCTATGCATCTCTGGCAGGACCCACTATACCTCCCA	121305390	121290821	14569	121299268	6122	121305472	14651	6204
ENSMUST00000094639	TCCGCTGTGTCGCCCCCAAACCTCCACTCTGACACTCCAACGTTTAGCTATGCATCTCTGGCAGGACCCACTATACCTCCCA	121305390	121295542	9848	121298905	6485	121305472	9930	6567
ENSMUST00000094639	TCCGCTGTGTCGCCCCCAAACCTCCACTCTGACACTCCAACGTTTAGCTATGCATCTCTGGCAGGACCCACTATACCTCCCA	121305390	121295542	9848	121299268	6122	121305472	9930	6204
ENSMUST00000094639	TCCGCTGTGTCGCCCCCAAACCTCCACTCTGACACTCCAACGTTTAGCTATGCATCTCTGGCAGGACCCACTATACCTCCCA	121305390	121295542	9848	121299268	6122	121305472	9930	6204
ENSMUST00000094639	TCCGCTGTGTCGCCCCCAAACCTCCACTCTGACACTCCAACGTTTAGCTATGCATCTCTGGCAGGACCCACTATACCTCCCA	121305390	121298679	6711	121299268	6122	121305472	6793	6204
ENSMUST00000094639	TCCGCTGTGTCGCCCCCAAACCTCCACTCTGACACTCCAACGTTTAGCTATGCATCTCTGGCAGGACCCACTATACCTCCCA	121305390	121299046	6344	121307514	-2124	121305472	6426	-2042
ENSMUST00000072031	CCCCTGACCTCAAGACACAGAATGTCCACGTGGAAATTGAGCAGCGTTGGCATCAAGTGGAGACCACCCCTCTCAGGGAGGAG	59752898	59697023	55875	59731507	21391	59752981	55958	21474
ENSMUST00000072031	CCCCTGACCTCAAGACACAGAATGTCCACGTGGAAATTGAGCAGCGTTGGCATCAAGTGGAGACCACCCCTCTCAGGGAGGAG	59752898	59727703	25195	59735829	17069	59752981	25278	17152
ENSMUST00000072031	CCCCTGACCTCAAGACACAGAATGTCCACGTGGAAATTGAGCAGCGTTGGCATCAAGTGGAGACCACCCCTCTCAGGGAGGAG	59752898	59741261	11637	59743770	9128	59752981	11720	9211
ENSMUST00000072031	CCCCTGACCTCAAGACACAGAATGTCCACGTGGAAATTGAGCAGCGTTGGCATCAAGTGGAGACCACCCCTCTCAGGGAGGAG	59752898	59743827	9071	59748546	4352	59752981	9154	4435
ENSMUST00000072031	CCCCTGACCTCAAGACACAGAATGTCCACGTGGAAATTGAGCAGCGTTGGCATCAAGTGGAGACCACCCCTCTCAGGGAGGAG	59752898	59744820	8078	59749518	3380	59752981	8161	3463
ENSMUST00000072031	CCCCTGACCTCAAGACACAGAATGTCCACGTGGAAATTGAGCAGCGTTGGCATCAAGTGGAGACCACCCCTCTCAGGGAGGAG	59752898	59753060	-162	59764379	-11481	59752981	-79	-11398
ENSMUST00000072031	CCCCTGACCTCAAGACACAGAATGTCCACGTGGAAATTGAGCAGCGTTGGCATCAAGTGGAGACCACCCCTCTCAGGGAGGAG	59752898	59755109	-2211	59764379	-11481	59752981	-2128	-11398
ENSMUST00000072031	CCCCTGACCTCAAGACACAGAATGTCCACGTGGAAATTGAGCAGCGTTGGCATCAAGTGGAGACCACCCCTCTCAGGGAGGAG	59752898	59766887	-13989	59769212	-16314	59752981	-13906	-16231
ENSMUST00000072031	CCCCTGACCTCAAGACACAGAATGTCCACGTGGAAATTGAGCAGCGTTGGCATCAAGTGGAGACCACCCCTCTCAGGGAGGAG	59752898	59769299	-16401	59771616	-18718	59752981	-16318	-18635
ENSMUST00000072031	CCCCTGACCTCAAGACACAGAATGTCCACGTGGAAATTGAGCAGCGTTGGCATCAAGTGGAGACCACCCCTCTCAGGGAGGAG	59752898	59771702	-18804	59775515	-22617	59752981	-18721	-22534
ENSMUST00000051454	AACTAAAACAGAGACACCCGAATTTTGTAAAACAGTAGATAGATAAGACAATGGAATTCAGCAGCTTTTCTCCCCGAGACAAC	83881782	83812977	68805	83876670	5112	83881865	68888	5195
ENSMUST00000051454	AACTAAAACAGAGACACCCGAATTTTGTAAAACAGTAGATAGATAAGACAATGGAATTCAGCAGCTTTTCTCCCCGAGACAAC	83881782	83853603	28179	83876670	5112	83881865	28262	5195
ENSMUST00000051454	AACTAAAACAGAGACACCCGAATTTTGTAAAACAGTAGATAGATAAGACAATGGAATTCAGCAGCTTTTCTCCCCGAGACAAC	83881782	83855529	26253	83860406	21376	83881865	26336	21459
ENSMUST00000051454	AACTAAAACAGAGACACCCGAATTTTGTAAAACAGTAGATAGATAAGACAATGGAATTCAGCAGCTTTTCTCCCCGAGACAAC	83881782	83855529	26253	83876670	5112	83881865	26336	5195
ENSMUST00000051454	AACTAAAACAGAGACACCCGAATTTTGTAAAACAGTAGATAGATAAGACAATGGAATTCAGCAGCTTTTCTCCCCGAGACAAC	83881782	83855529	26253	83876670	5112	83881865	26336	5195
ENSMUST00000051454	AACTAAAACAGAGACACCCGAATTTTGTAAAACAGTAGATAGATAAGACAATGGAATTCAGCAGCTTTTCTCCCCGAGACAAC	83881782	83858373	23409	83876670	5112	83881865	23492	5195
ENSMUST00000051454	AACTAAAACAGAGACACCCGAATTTTGTAAAACAGTAGATAGATAAGACAATGGAATTCAGCAGCTTTTCTCCCCGAGACAAC	83881782	83858373	23409	83879109	2673	83881865	23492	2756
ENSMUST00000051454	AACTAAAACAGAGACACCCGAATTTTGTAAAACAGTAGATAGATAAGACAATGGAATTCAGCAGCTTTTCTCCCCGAGACAAC	83881782	83876787	4995	83879109	2673	83881865	5078	2756
ENSMUST00000020159	CACCATGGCGGGCAAGTCTCCAGGACCCTTCCCAAACTGTGACTGGAGATTCAATGAGTTTCCCAACCCCGCTGCCCACGCTCT	24907203	24879785	27418	24888399	18804	24907287	27502	18888
ENSMUST00000020159	CACCATGGCGGGCAAGTCTCCAGGACCCTTCCCAAACTGTGACTGGAGATTCAATGAGTTTCCCAACCCCGCTGCCCACGCTCT	24907203	24882649	24554	24888399	18804	24907287	24638	18888
ENSMUST00000020159	CACCATGGCGGGCAAGTCTCCAGGACCCTTCCCAAACTGTGACTGGAGATTCAATGAGTTTCCCAACCCCGCTGCCCACGCTCT	24907203	24879785	27418	24891118	16085	24907287	27502	16169
ENSMUST00000020159	CACCATGGCGGGCAAGTCTCCAGGACCCTTCCCAAACTGTGACTGGAGATTCAATGAGTTTCCCAACCCCGCTGCCCACGCTCT	24907203	24898573	8630	24902002	5201	24907287	8714	5285
ENSMUST00000020159	CACCATGGCGGGCAAGTCTCCAGGACCCTTCCCAAACTGTGACTGGAGATTCAATGAGTTTCCCAACCCCGCTGCCCACGCTCT	24907203	24902473	4730	24904260	2943	24907287	4814	3027
ENSMUST00000020159	CACCATGGCGGGCAAGTCTCCAGGACCCTTCCCAAACTGTGACTGGAGATTCAATGAGTTTCCCAACCCCGCTGCCCACGCTCT	24907203	24902473	4730	24904260	2943	24907287	4814	3027
ENSMUST00000020159	CACCATGGCGGGCAAGTCTCCAGGACCCTTCCCAAACTGTGACTGGAGATTCAATGAGTTTCCCAACCCCGCTGCCCACGCTCT	24907203	24909918	-2715	24912662	-5459	24907287	-2631	-5375
ENSMUST00000030676	AATCACCCCTACTGACAGGATCCTCATGAAACCATTGTCAACTCCGTTCTCATCCGCTGTAGTCTTTAACCACTGTCTTCTGTT	125710890	125623657	87233	125639280	71610	125710974	87317	71694
ENSMUST00000030676	AATCACCCCTACTGACAGGATCCTCATGAAACCATTGTCAACTCCGTTCTCATCCGCTGTAGTCTTTAACCACTGTCTTCTGTT	125710890	125656395	54495	125670552	40338	125710974	54579	40422
ENSMUST00000030676	AATCACCCCTACTGACAGGATCCTCATGAAACCATTGTCAACTCCGTTCTCATCCGCTGTAGTCTTTAACCACTGTCTTCTGTT	125710890	125659802	51088	125685993	24897	125710974	51172	24981
ENSMUST00000029116	GTTTGTCGTTTGCAGGTTGTTCTTGATGTTAACTCTGATTGTTAGCTAGACTTTTGTTACCTGGAAAATTTTGGACATAAAATT	181856749	181837984	18765	181842374	14375	181856833	18849	14459
ENSMUST00000029116	GTTTGTCGTTTGCAGGTTGTTCTTGATGTTAACTCTGATTGTTAGCTAGACTTTTGTTACCTGGAAAATTTTGGACATAAAATT	181856749	181837984	18765	181844395	12354	181856833	18849	12438
ENSMUST00000029116	GTTTGTCGTTTGCAGGTTGTTCTTGATGTTAACTCTGATTGTTAGCTAGACTTTTGTTACCTGGAAAATTTTGGACATAAAATT	181856749	181837984	18765	181844395	12354	181856833	18849	12438
ENSMUST00000029116	GTTTGTCGTTTGCAGGTTGTTCTTGATGTTAACTCTGATTGTTAGCTAGACTTTTGTTACCTGGAAAATTTTGGACATAAAATT	181856749	181841338	15411	181844395	12354	181856833	15495	12438
ENSMUST00000029116	GTTTGTCGTTTGCAGGTTGTTCTTGATGTTAACTCTGATTGTTAGCTAGACTTTTGTTACCTGGAAAATTTTGGACATAAAATT	181856749	181844498	12251	181851585	5164	181856833	12335	5248
ENSMUST00000146701	GAAAGGTAACAATACACTCACAAATAGGTAGATGAATGTAGCTGGAAGACGGGGCCTGGCTAGGGACGGGATGAGAGGCTGTGTC	109560104	109541099	19005	109544026	16078	109560189	19090	16163
ENSMUST00000146701	GAAAGGTAACAATACACTCACAAATAGGTAGATGAATGTAGCTGGAAGACGGGGCCTGGCTAGGGACGGGATGAGAGGCTGTGTC	109560104	109542337	17767	109544026	16078	109560189	17852	16163
ENSMUST00000146701	GAAAGGTAACAATACACTCACAAATAGGTAGATGAATGTAGCTGGAAGACGGGGCCTGGCTAGGGACGGGATGAGAGGCTGTGTC	109560104	109541099	19005	109544026	16078	109560189	19090	16163
ENSMUST00000146701	GAAAGGTAACAATACACTCACAAATAGGTAGATGAATGTAGCTGGAAGACGGGGCCTGGCTAGGGACGGGATGAGAGGCTGTGTC	109560104	109543805	16299	109546429	13675	109560189	16384	13760
ENSMUST00000146701	GAAAGGTAACAATACACTCACAAATAGGTAGATGAATGTAGCTGGAAGACGGGGCCTGGCTAGGGACGGGATGAGAGGCTGTGTC	109560104	109544742	15362	109546429	13675	109560189	15447	13760
ENSMUST00000146701	GAAAGGTAACAATACACTCACAAATAGGTAGATGAATGTAGCTGGAAGACGGGGCCTGGCTAGGGACGGGATGAGAGGCTGTGTC	109560104	109544742	15362	109549290	10814	109560189	15447	10899
ENSMUST00000146701	GAAAGGTAACAATACACTCACAAATAGGTAGATGAATGTAGCTGGAAGACGGGGCCTGGCTAGGGACGGGATGAGAGGCTGTGTC	109560104	109544742	15362	109549290	10814	109560189	15447	10899
ENSMUST00000146701	GAAAGGTAACAATACACTCACAAATAGGTAGATGAATGTAGCTGGAAGACGGGGCCTGGCTAGGGACGGGATGAGAGGCTGTGTC	109560104	109544742	15362	109549478	10626	109560189	15447	10711
ENSMUST00000146701	GAAAGGTAACAATACACTCACAAATAGGTAGATGAATGTAGCTGGAAGACGGGGCCTGGCTAGGGACGGGATGAGAGGCTGTGTC	109560104	109545041	15063	109549290	10814	109560189	15148	10899
ENSMUST00000146701	GAAAGGTAACAATACACTCACAAATAGGTAGATGAATGTAGCTGGAAGACGGGGCCTGGCTAGGGACGGGATGAGAGGCTGTGTC	109560104	109544742	15362	109549478	10626	109560189	15447	10711
ENSMUST00000146701	GAAAGGTAACAATACACTCACAAATAGGTAGATGAATGTAGCTGGAAGACGGGGCCTGGCTAGGGACGGGATGAGAGGCTGTGTC	109560104	109546542	13562	109549478	10626	109560189	13647	10711
ENSMUST00000146701	GAAAGGTAACAATACACTCACAAATAGGTAGATGAATGTAGCTGGAAGACGGGGCCTGGCTAGGGACGGGATGAGAGGCTGTGTC	109560104	109546542	13562	109549518	10586	109560189	13647	10671
ENSMUST00000146701	GAAAGGTAACAATACACTCACAAATAGGTAGATGAATGTAGCTGGAAGACGGGGCCTGGCTAGGGACGGGATGAGAGGCTGTGTC	109560104	109546542	13562	109549652	10452	109560189	13647	10537
ENSMUST00000146701	GAAAGGTAACAATACACTCACAAATAGGTAGATGAATGTAGCTGGAAGACGGGGCCTGGCTAGGGACGGGATGAGAGGCTGTGTC	109560104	109546542	13562	109549652	10452	109560189	13647	10537
ENSMUST00000146701	GAAAGGTAACAATACACTCACAAATAGGTAGATGAATGTAGCTGGAAGACGGGGCCTGGCTAGGGACGGGATGAGAGGCTGTGTC	109560104	109549810	10294	109571390	-11286	109560189	10379	-11201
ENSMUST00000058667	AATGGGAAAGGACCTGGGGACCAGGAGAGGTGGCCCCGCCCTCCGCCTTGCCGCGTCCTCTGCCCTCCTGCCCTGCCCGCCACCT	44462919	44429116	33803	44461008	1911	44463004	33888	1996
ENSMUST00000058667	AATGGGAAAGGACCTGGGGACCAGGAGAGGTGGCCCCGCCCTCCGCCTTGCCGCGTCCTCTGCCCTCCTGCCCTGCCCGCCACCT	44462919	44442531	20388	44461008	1911	44463004	20473	1996
ENSMUST00000058667	AATGGGAAAGGACCTGGGGACCAGGAGAGGTGGCCCCGCCCTCCGCCTTGCCGCGTCCTCTGCCCTCCTGCCCTGCCCGCCACCT	44462919	44429116	33803	44461008	1911	44463004	33888	1996
ENSMUST00000058667	AATGGGAAAGGACCTGGGGACCAGGAGAGGTGGCCCCGCCCTCCGCCTTGCCGCGTCCTCTGCCCTCCTGCCCTGCCCGCCACCT	44462919	44442531	20388	44461008	1911	44463004	20473	1996
ENSMUST00000232395	GGAGGACAGCAGACTGGAAGTGGCCTCTCCTGACTCTCCTACACCACTCTGTGAGGATGCTTCTCCTTCCCCCACGCCAGCTCCT	94442941	94384066	58875	94384783	58158	94443026	58960	58243
ENSMUST00000232395	GGAGGACAGCAGACTGGAAGTGGCCTCTCCTGACTCTCCTACACCACTCTGTGAGGATGCTTCTCCTTCCCCCACGCCAGCTCCT	94442941	94384934	58007	94387336	55605	94443026	58092	55690
ENSMUST00000232395	GGAGGACAGCAGACTGGAAGTGGCCTCTCCTGACTCTCCTACACCACTCTGTGAGGATGCTTCTCCTTCCCCCACGCCAGCTCCT	94442941	94384934	58007	94392014	50927	94443026	58092	51012
ENSMUST00000232395	GGAGGACAGCAGACTGGAAGTGGCCTCTCCTGACTCTCCTACACCACTCTGTGAGGATGCTTCTCCTTCCCCCACGCCAGCTCCT	94442941	94385423	57518	94388264	54677	94443026	57603	54762
ENSMUST00000232395	GGAGGACAGCAGACTGGAAGTGGCCTCTCCTGACTCTCCTACACCACTCTGTGAGGATGCTTCTCCTTCCCCCACGCCAGCTCCT	94442941	94370861	72080	94392014	50927	94443026	72165	51012
ENSMUST00000232395	GGAGGACAGCAGACTGGAAGTGGCCTCTCCTGACTCTCCTACACCACTCTGTGAGGATGCTTCTCCTTCCCCCACGCCAGCTCCT	94442941	94385423	57518	94392014	50927	94443026	57603	51012
ENSMUST00000232395	GGAGGACAGCAGACTGGAAGTGGCCTCTCCTGACTCTCCTACACCACTCTGTGAGGATGCTTCTCCTTCCCCCACGCCAGCTCCT	94442941	94388385	54556	94392014	50927	94443026	54641	51012
ENSMUST00000232395	GGAGGACAGCAGACTGGAAGTGGCCTCTCCTGACTCTCCTACACCACTCTGTGAGGATGCTTCTCCTTCCCCCACGCCAGCTCCT	94442941	94370861	72080	94393111	49830	94443026	72165	49915
ENSMUST00000232395	GGAGGACAGCAGACTGGAAGTGGCCTCTCCTGACTCTCCTACACCACTCTGTGAGGATGCTTCTCCTTCCCCCACGCCAGCTCCT	94442941	94384934	58007	94393111	49830	94443026	58092	49915
ENSMUST00000232395	GGAGGACAGCAGACTGGAAGTGGCCTCTCCTGACTCTCCTACACCACTCTGTGAGGATGCTTCTCCTTCCCCCACGCCAGCTCCT	94442941	94390287	52654	94393111	49830	94443026	52739	49915
ENSMUST00000232395	GGAGGACAGCAGACTGGAAGTGGCCTCTCCTGACTCTCCTACACCACTCTGTGAGGATGCTTCTCCTTCCCCCACGCCAGCTCCT	94442941	94370861	72080	94403313	39628	94443026	72165	39713
ENSMUST00000232395	GGAGGACAGCAGACTGGAAGTGGCCTCTCCTGACTCTCCTACACCACTCTGTGAGGATGCTTCTCCTTCCCCCACGCCAGCTCCT	94442941	94403368	39573	94409683	33258	94443026	39658	33343
ENSMUST00000232395	GGAGGACAGCAGACTGGAAGTGGCCTCTCCTGACTCTCCTACACCACTCTGTGAGGATGCTTCTCCTTCCCCCACGCCAGCTCCT	94442941	94403368	39573	94410832	32109	94443026	39658	32194
ENSMUST00000232395	GGAGGACAGCAGACTGGAAGTGGCCTCTCCTGACTCTCCTACACCACTCTGTGAGGATGCTTCTCCTTCCCCCACGCCAGCTCCT	94442941	94403368	39573	94415948	26993	94443026	39658	27078
ENSMUST00000232395	GGAGGACAGCAGACTGGAAGTGGCCTCTCCTGACTCTCCTACACCACTCTGTGAGGATGCTTCTCCTTCCCCCACGCCAGCTCCT	94442941	94403368	39573	94409683	33258	94443026	39658	33343
ENSMUST00000232395	GGAGGACAGCAGACTGGAAGTGGCCTCTCCTGACTCTCCTACACCACTCTGTGAGGATGCTTCTCCTTCCCCCACGCCAGCTCCT	94442941	94403368	39573	94410832	32109	94443026	39658	32194
ENSMUST00000232395	GGAGGACAGCAGACTGGAAGTGGCCTCTCCTGACTCTCCTACACCACTCTGTGAGGATGCTTCTCCTTCCCCCACGCCAGCTCCT	94442941	94403368	39573	94410871	32070	94443026	39658	32155
ENSMUST00000232395	GGAGGACAGCAGACTGGAAGTGGCCTCTCCTGACTCTCCTACACCACTCTGTGAGGATGCTTCTCCTTCCCCCACGCCAGCTCCT	94442941	94408716	34225	94410832	32109	94443026	34310	32194
ENSMUST00000232395	GGAGGACAGCAGACTGGAAGTGGCCTCTCCTGACTCTCCTACACCACTCTGTGAGGATGCTTCTCCTTCCCCCACGCCAGCTCCT	94442941	94403368	39573	94412059	30882	94443026	39658	30967
ENSMUST00000232395	GGAGGACAGCAGACTGGAAGTGGCCTCTCCTGACTCTCCTACACCACTCTGTGAGGATGCTTCTCCTTCCCCCACGCCAGCTCCT	94442941	94403368	39573	94415948	26993	94443026	39658	27078
ENSMUST00000232395	GGAGGACAGCAGACTGGAAGTGGCCTCTCCTGACTCTCCTACACCACTCTGTGAGGATGCTTCTCCTTCCCCCACGCCAGCTCCT	94442941	94408716	34225	94415948	26993	94443026	34310	27078
ENSMUST00000232395	GGAGGACAGCAGACTGGAAGTGGCCTCTCCTGACTCTCCTACACCACTCTGTGAGGATGCTTCTCCTTCCCCCACGCCAGCTCCT	94442941	94403368	39573	94412059	30882	94443026	39658	30967
ENSMUST00000232395	GGAGGACAGCAGACTGGAAGTGGCCTCTCCTGACTCTCCTACACCACTCTGTGAGGATGCTTCTCCTTCCCCCACGCCAGCTCCT	94442941	94403368	39573	94415948	26993	94443026	39658	27078
ENSMUST00000232395	GGAGGACAGCAGACTGGAAGTGGCCTCTCCTGACTCTCCTACACCACTCTGTGAGGATGCTTCTCCTTCCCCCACGCCAGCTCCT	94442941	94403368	39573	94416281	26660	94443026	39658	26745
ENSMUST00000232395	GGAGGACAGCAGACTGGAAGTGGCCTCTCCTGACTCTCCTACACCACTCTGTGAGGATGCTTCTCCTTCCCCCACGCCAGCTCCT	94442941	94410956	31985	94415948	26993	94443026	32070	27078
ENSMUST00000232395	GGAGGACAGCAGACTGGAAGTGGCCTCTCCTGACTCTCCTACACCACTCTGTGAGGATGCTTCTCCTTCCCCCACGCCAGCTCCT	94442941	94403368	39573	94416281	26660	94443026	39658	26745
ENSMUST00000232395	GGAGGACAGCAGACTGGAAGTGGCCTCTCCTGACTCTCCTACACCACTCTGTGAGGATGCTTCTCCTTCCCCCACGCCAGCTCCT	94442941	94412123	30818	94416281	26660	94443026	30903	26745
ENSMUST00000232395	GGAGGACAGCAGACTGGAAGTGGCCTCTCCTGACTCTCCTACACCACTCTGTGAGGATGCTTCTCCTTCCCCCACGCCAGCTCCT	94442941	94416009	26932	94418606	24335	94443026	27017	24420
ENSMUST00000232395	GGAGGACAGCAGACTGGAAGTGGCCTCTCCTGACTCTCCTACACCACTCTGTGAGGATGCTTCTCCTTCCCCCACGCCAGCTCCT	94442941	94416366	26575	94419397	23544	94443026	26660	23629
ENSMUST00000232395	GGAGGACAGCAGACTGGAAGTGGCCTCTCCTGACTCTCCTACACCACTCTGTGAGGATGCTTCTCCTTCCCCCACGCCAGCTCCT	94442941	94419478	23463	94422226	20715	94443026	23548	20800
ENSMUST00000232395	GGAGGACAGCAGACTGGAAGTGGCCTCTCCTGACTCTCCTACACCACTCTGTGAGGATGCTTCTCCTTCCCCCACGCCAGCTCCT	94442941	94424187	18754	94426150	16791	94443026	18839	16876
ENSMUST00000232395	GGAGGACAGCAGACTGGAAGTGGCCTCTCCTGACTCTCCTACACCACTCTGTGAGGATGCTTCTCCTTCCCCCACGCCAGCTCCT	94442941	94425188	17753	94426765	16176	94443026	17838	16261
ENSMUST00000232395	GGAGGACAGCAGACTGGAAGTGGCCTCTCCTGACTCTCCTACACCACTCTGTGAGGATGCTTCTCCTTCCCCCACGCCAGCTCCT	94442941	94454523	-11582	94457320	-14379	94443026	-11497	-14294
ENSMUST00000232395	GGAGGACAGCAGACTGGAAGTGGCCTCTCCTGACTCTCCTACACCACTCTGTGAGGATGCTTCTCCTTCCCCCACGCCAGCTCCT	94442941	94454523	-11582	94457320	-14379	94443026	-11497	-14294
ENSMUST00000232395	GGAGGACAGCAGACTGGAAGTGGCCTCTCCTGACTCTCCTACACCACTCTGTGAGGATGCTTCTCCTTCCCCCACGCCAGCTCCT	94442941	94457411	-14470	94459761	-16820	94443026	-14385	-16735
ENSMUST00000232395	GGAGGACAGCAGACTGGAAGTGGCCTCTCCTGACTCTCCTACACCACTCTGTGAGGATGCTTCTCCTTCCCCCACGCCAGCTCCT	94442941	94462348	-19407	94466902	-23961	94443026	-19322	-23876
ENSMUST00000232395	GGAGGACAGCAGACTGGAAGTGGCCTCTCCTGACTCTCCTACACCACTCTGTGAGGATGCTTCTCCTTCCCCCACGCCAGCTCCT	94442941	94384066	58875	94384783	58158	94443026	58960	58243
ENSMUST00000232395	GGAGGACAGCAGACTGGAAGTGGCCTCTCCTGACTCTCCTACACCACTCTGTGAGGATGCTTCTCCTTCCCCCACGCCAGCTCCT	94442941	94384934	58007	94387336	55605	94443026	58092	55690
ENSMUST00000232395	GGAGGACAGCAGACTGGAAGTGGCCTCTCCTGACTCTCCTACACCACTCTGTGAGGATGCTTCTCCTTCCCCCACGCCAGCTCCT	94442941	94384934	58007	94392014	50927	94443026	58092	51012
ENSMUST00000232395	GGAGGACAGCAGACTGGAAGTGGCCTCTCCTGACTCTCCTACACCACTCTGTGAGGATGCTTCTCCTTCCCCCACGCCAGCTCCT	94442941	94385423	57518	94388264	54677	94443026	57603	54762
ENSMUST00000232395	GGAGGACAGCAGACTGGAAGTGGCCTCTCCTGACTCTCCTACACCACTCTGTGAGGATGCTTCTCCTTCCCCCACGCCAGCTCCT	94442941	94370861	72080	94392014	50927	94443026	72165	51012
ENSMUST00000232395	GGAGGACAGCAGACTGGAAGTGGCCTCTCCTGACTCTCCTACACCACTCTGTGAGGATGCTTCTCCTTCCCCCACGCCAGCTCCT	94442941	94385423	57518	94392014	50927	94443026	57603	51012
ENSMUST00000232395	GGAGGACAGCAGACTGGAAGTGGCCTCTCCTGACTCTCCTACACCACTCTGTGAGGATGCTTCTCCTTCCCCCACGCCAGCTCCT	94442941	94388385	54556	94392014	50927	94443026	54641	51012
ENSMUST00000232395	GGAGGACAGCAGACTGGAAGTGGCCTCTCCTGACTCTCCTACACCACTCTGTGAGGATGCTTCTCCTTCCCCCACGCCAGCTCCT	94442941	94370861	72080	94393111	49830	94443026	72165	49915
ENSMUST00000232395	GGAGGACAGCAGACTGGAAGTGGCCTCTCCTGACTCTCCTACACCACTCTGTGAGGATGCTTCTCCTTCCCCCACGCCAGCTCCT	94442941	94384934	58007	94393111	49830	94443026	58092	49915
ENSMUST00000232395	GGAGGACAGCAGACTGGAAGTGGCCTCTCCTGACTCTCCTACACCACTCTGTGAGGATGCTTCTCCTTCCCCCACGCCAGCTCCT	94442941	94390287	52654	94393111	49830	94443026	52739	49915
ENSMUST00000232395	GGAGGACAGCAGACTGGAAGTGGCCTCTCCTGACTCTCCTACACCACTCTGTGAGGATGCTTCTCCTTCCCCCACGCCAGCTCCT	94442941	94370861	72080	94403313	39628	94443026	72165	39713
ENSMUST00000232395	GGAGGACAGCAGACTGGAAGTGGCCTCTCCTGACTCTCCTACACCACTCTGTGAGGATGCTTCTCCTTCCCCCACGCCAGCTCCT	94442941	94403368	39573	94409683	33258	94443026	39658	33343
ENSMUST00000232395	GGAGGACAGCAGACTGGAAGTGGCCTCTCCTGACTCTCCTACACCACTCTGTGAGGATGCTTCTCCTTCCCCCACGCCAGCTCCT	94442941	94403368	39573	94410832	32109	94443026	39658	32194
ENSMUST00000232395	GGAGGACAGCAGACTGGAAGTGGCCTCTCCTGACTCTCCTACACCACTCTGTGAGGATGCTTCTCCTTCCCCCACGCCAGCTCCT	94442941	94403368	39573	94415948	26993	94443026	39658	27078
ENSMUST00000232395	GGAGGACAGCAGACTGGAAGTGGCCTCTCCTGACTCTCCTACACCACTCTGTGAGGATGCTTCTCCTTCCCCCACGCCAGCTCCT	94442941	94403368	39573	94409683	33258	94443026	39658	33343
ENSMUST00000232395	GGAGGACAGCAGACTGGAAGTGGCCTCTCCTGACTCTCCTACACCACTCTGTGAGGATGCTTCTCCTTCCCCCACGCCAGCTCCT	94442941	94403368	39573	94410832	32109	94443026	39658	32194
ENSMUST00000232395	GGAGGACAGCAGACTGGAAGTGGCCTCTCCTGACTCTCCTACACCACTCTGTGAGGATGCTTCTCCTTCCCCCACGCCAGCTCCT	94442941	94403368	39573	94410871	32070	94443026	39658	32155
ENSMUST00000232395	GGAGGACAGCAGACTGGAAGTGGCCTCTCCTGACTCTCCTACACCACTCTGTGAGGATGCTTCTCCTTCCCCCACGCCAGCTCCT	94442941	94408716	34225	94410832	32109	94443026	34310	32194
ENSMUST00000232395	GGAGGACAGCAGACTGGAAGTGGCCTCTCCTGACTCTCCTACACCACTCTGTGAGGATGCTTCTCCTTCCCCCACGCCAGCTCCT	94442941	94403368	39573	94412059	30882	94443026	39658	30967
ENSMUST00000232395	GGAGGACAGCAGACTGGAAGTGGCCTCTCCTGACTCTCCTACACCACTCTGTGAGGATGCTTCTCCTTCCCCCACGCCAGCTCCT	94442941	94403368	39573	94415948	26993	94443026	39658	27078
ENSMUST00000232395	GGAGGACAGCAGACTGGAAGTGGCCTCTCCTGACTCTCCTACACCACTCTGTGAGGATGCTTCTCCTTCCCCCACGCCAGCTCCT	94442941	94408716	34225	94415948	26993	94443026	34310	27078
ENSMUST00000232395	GGAGGACAGCAGACTGGAAGTGGCCTCTCCTGACTCTCCTACACCACTCTGTGAGGATGCTTCTCCTTCCCCCACGCCAGCTCCT	94442941	94403368	39573	94412059	30882	94443026	39658	30967
ENSMUST00000232395	GGAGGACAGCAGACTGGAAGTGGCCTCTCCTGACTCTCCTACACCACTCTGTGAGGATGCTTCTCCTTCCCCCACGCCAGCTCCT	94442941	94403368	39573	94415948	26993	94443026	39658	27078
ENSMUST00000232395	GGAGGACAGCAGACTGGAAGTGGCCTCTCCTGACTCTCCTACACCACTCTGTGAGGATGCTTCTCCTTCCCCCACGCCAGCTCCT	94442941	94403368	39573	94416281	26660	94443026	39658	26745
ENSMUST00000232395	GGAGGACAGCAGACTGGAAGTGGCCTCTCCTGACTCTCCTACACCACTCTGTGAGGATGCTTCTCCTTCCCCCACGCCAGCTCCT	94442941	94410956	31985	94415948	26993	94443026	32070	27078
ENSMUST00000232395	GGAGGACAGCAGACTGGAAGTGGCCTCTCCTGACTCTCCTACACCACTCTGTGAGGATGCTTCTCCTTCCCCCACGCCAGCTCCT	94442941	94403368	39573	94416281	26660	94443026	39658	26745
ENSMUST00000232395	GGAGGACAGCAGACTGGAAGTGGCCTCTCCTGACTCTCCTACACCACTCTGTGAGGATGCTTCTCCTTCCCCCACGCCAGCTCCT	94442941	94412123	30818	94416281	26660	94443026	30903	26745
ENSMUST00000232395	GGAGGACAGCAGACTGGAAGTGGCCTCTCCTGACTCTCCTACACCACTCTGTGAGGATGCTTCTCCTTCCCCCACGCCAGCTCCT	94442941	94416009	26932	94418606	24335	94443026	27017	24420
ENSMUST00000232395	GGAGGACAGCAGACTGGAAGTGGCCTCTCCTGACTCTCCTACACCACTCTGTGAGGATGCTTCTCCTTCCCCCACGCCAGCTCCT	94442941	94416366	26575	94419397	23544	94443026	26660	23629
ENSMUST00000232395	GGAGGACAGCAGACTGGAAGTGGCCTCTCCTGACTCTCCTACACCACTCTGTGAGGATGCTTCTCCTTCCCCCACGCCAGCTCCT	94442941	94419478	23463	94422226	20715	94443026	23548	20800
ENSMUST00000232395	GGAGGACAGCAGACTGGAAGTGGCCTCTCCTGACTCTCCTACACCACTCTGTGAGGATGCTTCTCCTTCCCCCACGCCAGCTCCT	94442941	94424187	18754	94426150	16791	94443026	18839	16876
ENSMUST00000232395	GGAGGACAGCAGACTGGAAGTGGCCTCTCCTGACTCTCCTACACCACTCTGTGAGGATGCTTCTCCTTCCCCCACGCCAGCTCCT	94442941	94425188	17753	94426765	16176	94443026	17838	16261
ENSMUST00000232395	GGAGGACAGCAGACTGGAAGTGGCCTCTCCTGACTCTCCTACACCACTCTGTGAGGATGCTTCTCCTTCCCCCACGCCAGCTCCT	94442941	94454523	-11582	94457320	-14379	94443026	-11497	-14294
ENSMUST00000232395	GGAGGACAGCAGACTGGAAGTGGCCTCTCCTGACTCTCCTACACCACTCTGTGAGGATGCTTCTCCTTCCCCCACGCCAGCTCCT	94442941	94454523	-11582	94457320	-14379	94443026	-11497	-14294
ENSMUST00000232395	GGAGGACAGCAGACTGGAAGTGGCCTCTCCTGACTCTCCTACACCACTCTGTGAGGATGCTTCTCCTTCCCCCACGCCAGCTCCT	94442941	94457411	-14470	94459761	-16820	94443026	-14385	-16735
ENSMUST00000232395	GGAGGACAGCAGACTGGAAGTGGCCTCTCCTGACTCTCCTACACCACTCTGTGAGGATGCTTCTCCTTCCCCCACGCCAGCTCCT	94442941	94462348	-19407	94466902	-23961	94443026	-19322	-23876
ENSMUST00000232395	GGAGGACAGCAGACTGGAAGTGGCCTCTCCTGACTCTCCTACACCACTCTGTGAGGATGCTTCTCCTTCCCCCACGCCAGCTCCT	94442941	94384066	58875	94384783	58158	94443026	58960	58243
ENSMUST00000232395	GGAGGACAGCAGACTGGAAGTGGCCTCTCCTGACTCTCCTACACCACTCTGTGAGGATGCTTCTCCTTCCCCCACGCCAGCTCCT	94442941	94384934	58007	94387336	55605	94443026	58092	55690
ENSMUST00000232395	GGAGGACAGCAGACTGGAAGTGGCCTCTCCTGACTCTCCTACACCACTCTGTGAGGATGCTTCTCCTTCCCCCACGCCAGCTCCT	94442941	94384934	58007	94392014	50927	94443026	58092	51012
ENSMUST00000232395	GGAGGACAGCAGACTGGAAGTGGCCTCTCCTGACTCTCCTACACCACTCTGTGAGGATGCTTCTCCTTCCCCCACGCCAGCTCCT	94442941	94385423	57518	94388264	54677	94443026	57603	54762
ENSMUST00000232395	GGAGGACAGCAGACTGGAAGTGGCCTCTCCTGACTCTCCTACACCACTCTGTGAGGATGCTTCTCCTTCCCCCACGCCAGCTCCT	94442941	94370861	72080	94392014	50927	94443026	72165	51012
ENSMUST00000232395	GGAGGACAGCAGACTGGAAGTGGCCTCTCCTGACTCTCCTACACCACTCTGTGAGGATGCTTCTCCTTCCCCCACGCCAGCTCCT	94442941	94385423	57518	94392014	50927	94443026	57603	51012
ENSMUST00000232395	GGAGGACAGCAGACTGGAAGTGGCCTCTCCTGACTCTCCTACACCACTCTGTGAGGATGCTTCTCCTTCCCCCACGCCAGCTCCT	94442941	94388385	54556	94392014	50927	94443026	54641	51012
ENSMUST00000232395	GGAGGACAGCAGACTGGAAGTGGCCTCTCCTGACTCTCCTACACCACTCTGTGAGGATGCTTCTCCTTCCCCCACGCCAGCTCCT	94442941	94370861	72080	94393111	49830	94443026	72165	49915
ENSMUST00000232395	GGAGGACAGCAGACTGGAAGTGGCCTCTCCTGACTCTCCTACACCACTCTGTGAGGATGCTTCTCCTTCCCCCACGCCAGCTCCT	94442941	94384934	58007	94393111	49830	94443026	58092	49915
ENSMUST00000232395	GGAGGACAGCAGACTGGAAGTGGCCTCTCCTGACTCTCCTACACCACTCTGTGAGGATGCTTCTCCTTCCCCCACGCCAGCTCCT	94442941	94390287	52654	94393111	49830	94443026	52739	49915
ENSMUST00000232395	GGAGGACAGCAGACTGGAAGTGGCCTCTCCTGACTCTCCTACACCACTCTGTGAGGATGCTTCTCCTTCCCCCACGCCAGCTCCT	94442941	94370861	72080	94403313	39628	94443026	72165	39713
ENSMUST00000232395	GGAGGACAGCAGACTGGAAGTGGCCTCTCCTGACTCTCCTACACCACTCTGTGAGGATGCTTCTCCTTCCCCCACGCCAGCTCCT	94442941	94403368	39573	94409683	33258	94443026	39658	33343
ENSMUST00000232395	GGAGGACAGCAGACTGGAAGTGGCCTCTCCTGACTCTCCTACACCACTCTGTGAGGATGCTTCTCCTTCCCCCACGCCAGCTCCT	94442941	94403368	39573	94410832	32109	94443026	39658	32194
ENSMUST00000232395	GGAGGACAGCAGACTGGAAGTGGCCTCTCCTGACTCTCCTACACCACTCTGTGAGGATGCTTCTCCTTCCCCCACGCCAGCTCCT	94442941	94403368	39573	94415948	26993	94443026	39658	27078
ENSMUST00000232395	GGAGGACAGCAGACTGGAAGTGGCCTCTCCTGACTCTCCTACACCACTCTGTGAGGATGCTTCTCCTTCCCCCACGCCAGCTCCT	94442941	94403368	39573	94409683	33258	94443026	39658	33343
ENSMUST00000232395	GGAGGACAGCAGACTGGAAGTGGCCTCTCCTGACTCTCCTACACCACTCTGTGAGGATGCTTCTCCTTCCCCCACGCCAGCTCCT	94442941	94403368	39573	94410832	32109	94443026	39658	32194
ENSMUST00000232395	GGAGGACAGCAGACTGGAAGTGGCCTCTCCTGACTCTCCTACACCACTCTGTGAGGATGCTTCTCCTTCCCCCACGCCAGCTCCT	94442941	94403368	39573	94410871	32070	94443026	39658	32155
ENSMUST00000232395	GGAGGACAGCAGACTGGAAGTGGCCTCTCCTGACTCTCCTACACCACTCTGTGAGGATGCTTCTCCTTCCCCCACGCCAGCTCCT	94442941	94408716	34225	94410832	32109	94443026	34310	32194
ENSMUST00000232395	GGAGGACAGCAGACTGGAAGTGGCCTCTCCTGACTCTCCTACACCACTCTGTGAGGATGCTTCTCCTTCCCCCACGCCAGCTCCT	94442941	94403368	39573	94412059	30882	94443026	39658	30967
ENSMUST00000232395	GGAGGACAGCAGACTGGAAGTGGCCTCTCCTGACTCTCCTACACCACTCTGTGAGGATGCTTCTCCTTCCCCCACGCCAGCTCCT	94442941	94403368	39573	94415948	26993	94443026	39658	27078
ENSMUST00000232395	GGAGGACAGCAGACTGGAAGTGGCCTCTCCTGACTCTCCTACACCACTCTGTGAGGATGCTTCTCCTTCCCCCACGCCAGCTCCT	94442941	94408716	34225	94415948	26993	94443026	34310	27078
ENSMUST00000232395	GGAGGACAGCAGACTGGAAGTGGCCTCTCCTGACTCTCCTACACCACTCTGTGAGGATGCTTCTCCTTCCCCCACGCCAGCTCCT	94442941	94403368	39573	94412059	30882	94443026	39658	30967
ENSMUST00000232395	GGAGGACAGCAGACTGGAAGTGGCCTCTCCTGACTCTCCTACACCACTCTGTGAGGATGCTTCTCCTTCCCCCACGCCAGCTCCT	94442941	94403368	39573	94415948	26993	94443026	39658	27078
ENSMUST00000232395	GGAGGACAGCAGACTGGAAGTGGCCTCTCCTGACTCTCCTACACCACTCTGTGAGGATGCTTCTCCTTCCCCCACGCCAGCTCCT	94442941	94403368	39573	94416281	26660	94443026	39658	26745
ENSMUST00000232395	GGAGGACAGCAGACTGGAAGTGGCCTCTCCTGACTCTCCTACACCACTCTGTGAGGATGCTTCTCCTTCCCCCACGCCAGCTCCT	94442941	94410956	31985	94415948	26993	94443026	32070	27078
ENSMUST00000232395	GGAGGACAGCAGACTGGAAGTGGCCTCTCCTGACTCTCCTACACCACTCTGTGAGGATGCTTCTCCTTCCCCCACGCCAGCTCCT	94442941	94403368	39573	94416281	26660	94443026	39658	26745
ENSMUST00000232395	GGAGGACAGCAGACTGGAAGTGGCCTCTCCTGACTCTCCTACACCACTCTGTGAGGATGCTTCTCCTTCCCCCACGCCAGCTCCT	94442941	94412123	30818	94416281	26660	94443026	30903	26745
ENSMUST00000232395	GGAGGACAGCAGACTGGAAGTGGCCTCTCCTGACTCTCCTACACCACTCTGTGAGGATGCTTCTCCTTCCCCCACGCCAGCTCCT	94442941	94416009	26932	94418606	24335	94443026	27017	24420
ENSMUST00000232395	GGAGGACAGCAGACTGGAAGTGGCCTCTCCTGACTCTCCTACACCACTCTGTGAGGATGCTTCTCCTTCCCCCACGCCAGCTCCT	94442941	94416366	26575	94419397	23544	94443026	26660	23629
ENSMUST00000232395	GGAGGACAGCAGACTGGAAGTGGCCTCTCCTGACTCTCCTACACCACTCTGTGAGGATGCTTCTCCTTCCCCCACGCCAGCTCCT	94442941	94419478	23463	94422226	20715	94443026	23548	20800
ENSMUST00000232395	GGAGGACAGCAGACTGGAAGTGGCCTCTCCTGACTCTCCTACACCACTCTGTGAGGATGCTTCTCCTTCCCCCACGCCAGCTCCT	94442941	94424187	18754	94426150	16791	94443026	18839	16876
ENSMUST00000232395	GGAGGACAGCAGACTGGAAGTGGCCTCTCCTGACTCTCCTACACCACTCTGTGAGGATGCTTCTCCTTCCCCCACGCCAGCTCCT	94442941	94425188	17753	94426765	16176	94443026	17838	16261
ENSMUST00000232395	GGAGGACAGCAGACTGGAAGTGGCCTCTCCTGACTCTCCTACACCACTCTGTGAGGATGCTTCTCCTTCCCCCACGCCAGCTCCT	94442941	94454523	-11582	94457320	-14379	94443026	-11497	-14294
ENSMUST00000232395	GGAGGACAGCAGACTGGAAGTGGCCTCTCCTGACTCTCCTACACCACTCTGTGAGGATGCTTCTCCTTCCCCCACGCCAGCTCCT	94442941	94454523	-11582	94457320	-14379	94443026	-11497	-14294
ENSMUST00000232395	GGAGGACAGCAGACTGGAAGTGGCCTCTCCTGACTCTCCTACACCACTCTGTGAGGATGCTTCTCCTTCCCCCACGCCAGCTCCT	94442941	94457411	-14470	94459761	-16820	94443026	-14385	-16735
ENSMUST00000232395	GGAGGACAGCAGACTGGAAGTGGCCTCTCCTGACTCTCCTACACCACTCTGTGAGGATGCTTCTCCTTCCCCCACGCCAGCTCCT	94442941	94462348	-19407	94466902	-23961	94443026	-19322	-23876
ENSMUST00000186360	TCTCAGACCCAGGCAGAGAGCATGGTCCTGACCCAGCCCCCCCGGGACAGGACTGAGATCACTCTGGAAAGAAGCGGGGTGGGGA	74589358	74543362	45996	74544276	45082	74589443	46081	45167
ENSMUST00000186360	TCTCAGACCCAGGCAGAGAGCATGGTCCTGACCCAGCCCCCCCGGGACAGGACTGAGATCACTCTGGAAAGAAGCGGGGTGGGGA	74589358	74550057	39301	74569868	19490	74589443	39386	19575
ENSMUST00000186360	TCTCAGACCCAGGCAGAGAGCATGGTCCTGACCCAGCCCCCCCGGGACAGGACTGAGATCACTCTGGAAAGAAGCGGGGTGGGGA	74589358	74569972	19386	74580564	8794	74589443	19471	8879
ENSMUST00000186360	TCTCAGACCCAGGCAGAGAGCATGGTCCTGACCCAGCCCCCCCGGGACAGGACTGAGATCACTCTGGAAAGAAGCGGGGTGGGGA	74589358	74571515	17843	74572806	16552	74589443	17928	16637
ENSMUST00000186360	TCTCAGACCCAGGCAGAGAGCATGGTCCTGACCCAGCCCCCCCGGGACAGGACTGAGATCACTCTGGAAAGAAGCGGGGTGGGGA	74589358	74574168	15190	74580564	8794	74589443	15275	8879
ENSMUST00000186360	TCTCAGACCCAGGCAGAGAGCATGGTCCTGACCCAGCCCCCCCGGGACAGGACTGAGATCACTCTGGAAAGAAGCGGGGTGGGGA	74589358	74574168	15190	74580664	8694	74589443	15275	8779
ENSMUST00000186360	TCTCAGACCCAGGCAGAGAGCATGGTCCTGACCCAGCCCCCCCGGGACAGGACTGAGATCACTCTGGAAAGAAGCGGGGTGGGGA	74589358	74575924	13434	74580564	8794	74589443	13519	8879
ENSMUST00000186360	TCTCAGACCCAGGCAGAGAGCATGGTCCTGACCCAGCCCCCCCGGGACAGGACTGAGATCACTCTGGAAAGAAGCGGGGTGGGGA	74589358	74575924	13434	74580664	8694	74589443	13519	8779
ENSMUST00000186360	TCTCAGACCCAGGCAGAGAGCATGGTCCTGACCCAGCCCCCCCGGGACAGGACTGAGATCACTCTGGAAAGAAGCGGGGTGGGGA	74589358	74580736	8622	74584377	4981	74589443	8707	5066
ENSMUST00000186360	TCTCAGACCCAGGCAGAGAGCATGGTCCTGACCCAGCCCCCCCGGGACAGGACTGAGATCACTCTGGAAAGAAGCGGGGTGGGGA	74589358	74582987	6371	74586756	2602	74589443	6456	2687
ENSMUST00000186360	TCTCAGACCCAGGCAGAGAGCATGGTCCTGACCCAGCCCCCCCGGGACAGGACTGAGATCACTCTGGAAAGAAGCGGGGTGGGGA	74589358	74582987	6371	74586756	2602	74589443	6456	2687
ENSMUST00000121390	GTTTGACTGCGTGGTGAACTCGCTCAAGAACGTCTTCAACATCCTCATTGTGTACATGCTGTTCATGTTCATCTTCGCTGTGGTA	84580093	84415908	164185	84514962	65131	84580178	164270	65216
ENSMUST00000121390	GTTTGACTGCGTGGTGAACTCGCTCAAGAACGTCTTCAACATCCTCATTGTGTACATGCTGTTCATGTTCATCTTCGCTGTGGTA	84580093	84537528	42565	84548508	31585	84580178	42650	31670
ENSMUST00000121390	GTTTGACTGCGTGGTGAACTCGCTCAAGAACGTCTTCAACATCCTCATTGTGTACATGCTGTTCATGTTCATCTTCGCTGTGGTA	84580093	84556810	23283	84565947	14146	84580178	23368	14231
ENSMUST00000121390	GTTTGACTGCGTGGTGAACTCGCTCAAGAACGTCTTCAACATCCTCATTGTGTACATGCTGTTCATGTTCATCTTCGCTGTGGTA	84580093	84567757	12336	84579469	624	84580178	12421	709
ENSMUST00000121390	GTTTGACTGCGTGGTGAACTCGCTCAAGAACGTCTTCAACATCCTCATTGTGTACATGCTGTTCATGTTCATCTTCGCTGTGGTA	84580093	84581351	-1258	84587044	-6951	84580178	-1173	-6866
ENSMUST00000121390	GTTTGACTGCGTGGTGAACTCGCTCAAGAACGTCTTCAACATCCTCATTGTGTACATGCTGTTCATGTTCATCTTCGCTGTGGTA	84580093	84588859	-8766	84601388	-21295	84580178	-8681	-21210
ENSMUST00000121390	GTTTGACTGCGTGGTGAACTCGCTCAAGAACGTCTTCAACATCCTCATTGTGTACATGCTGTTCATGTTCATCTTCGCTGTGGTA	84580093	84611748	-31655	84617791	-37698	84580178	-31570	-37613
ENSMUST00000121390	GTTTGACTGCGTGGTGAACTCGCTCAAGAACGTCTTCAACATCCTCATTGTGTACATGCTGTTCATGTTCATCTTCGCTGTGGTA	84580093	84612412	-32319	84615573	-35480	84580178	-32234	-35395
ENSMUST00000121390	GTTTGACTGCGTGGTGAACTCGCTCAAGAACGTCTTCAACATCCTCATTGTGTACATGCTGTTCATGTTCATCTTCGCTGTGGTA	84580093	84612412	-32319	84617791	-37698	84580178	-32234	-37613
ENSMUST00000121390	GTTTGACTGCGTGGTGAACTCGCTCAAGAACGTCTTCAACATCCTCATTGTGTACATGCTGTTCATGTTCATCTTCGCTGTGGTA	84580093	84612412	-32319	84617791	-37698	84580178	-32234	-37613
ENSMUST00000121390	GTTTGACTGCGTGGTGAACTCGCTCAAGAACGTCTTCAACATCCTCATTGTGTACATGCTGTTCATGTTCATCTTCGCTGTGGTA	84580093	84614791	-34698	84617791	-37698	84580178	-34613	-37613
ENSMUST00000121390	GTTTGACTGCGTGGTGAACTCGCTCAAGAACGTCTTCAACATCCTCATTGTGTACATGCTGTTCATGTTCATCTTCGCTGTGGTA	84580093	84629710	-49617	84633206	-53113	84580178	-49532	-53028
ENSMUST00000121390	GTTTGACTGCGTGGTGAACTCGCTCAAGAACGTCTTCAACATCCTCATTGTGTACATGCTGTTCATGTTCATCTTCGCTGTGGTA	84580093	84633763	-53670	84636511	-56418	84580178	-53585	-56333
ENSMUST00000121390	GTTTGACTGCGTGGTGAACTCGCTCAAGAACGTCTTCAACATCCTCATTGTGTACATGCTGTTCATGTTCATCTTCGCTGTGGTA	84580093	84633763	-53670	84638611	-58518	84580178	-53585	-58433
ENSMUST00000232395	TACTCGGTCAAGCCAGTCTCCAAAAAAGCCTTCCAACAGTATTATTGAACACCTGTCAGTGATATTCCCATGTTATACCAGCACT	94460063	94384066	75997	94384783	75280	94462268	78202	77485
ENSMUST00000232395	TACTCGGTCAAGCCAGTCTCCAAAAAAGCCTTCCAACAGTATTATTGAACACCTGTCAGTGATATTCCCATGTTATACCAGCACT	94460063	94384934	75129	94387336	72727	94462268	77334	74932
ENSMUST00000232395	TACTCGGTCAAGCCAGTCTCCAAAAAAGCCTTCCAACAGTATTATTGAACACCTGTCAGTGATATTCCCATGTTATACCAGCACT	94460063	94384934	75129	94392014	68049	94462268	77334	70254
ENSMUST00000232395	TACTCGGTCAAGCCAGTCTCCAAAAAAGCCTTCCAACAGTATTATTGAACACCTGTCAGTGATATTCCCATGTTATACCAGCACT	94460063	94385423	74640	94388264	71799	94462268	76845	74004
ENSMUST00000232395	TACTCGGTCAAGCCAGTCTCCAAAAAAGCCTTCCAACAGTATTATTGAACACCTGTCAGTGATATTCCCATGTTATACCAGCACT	94460063	94370861	89202	94392014	68049	94462268	91407	70254
ENSMUST00000232395	TACTCGGTCAAGCCAGTCTCCAAAAAAGCCTTCCAACAGTATTATTGAACACCTGTCAGTGATATTCCCATGTTATACCAGCACT	94460063	94385423	74640	94392014	68049	94462268	76845	70254
ENSMUST00000232395	TACTCGGTCAAGCCAGTCTCCAAAAAAGCCTTCCAACAGTATTATTGAACACCTGTCAGTGATATTCCCATGTTATACCAGCACT	94460063	94388385	71678	94392014	68049	94462268	73883	70254
ENSMUST00000232395	TACTCGGTCAAGCCAGTCTCCAAAAAAGCCTTCCAACAGTATTATTGAACACCTGTCAGTGATATTCCCATGTTATACCAGCACT	94460063	94370861	89202	94393111	66952	94462268	91407	69157
ENSMUST00000232395	TACTCGGTCAAGCCAGTCTCCAAAAAAGCCTTCCAACAGTATTATTGAACACCTGTCAGTGATATTCCCATGTTATACCAGCACT	94460063	94384934	75129	94393111	66952	94462268	77334	69157
ENSMUST00000232395	TACTCGGTCAAGCCAGTCTCCAAAAAAGCCTTCCAACAGTATTATTGAACACCTGTCAGTGATATTCCCATGTTATACCAGCACT	94460063	94390287	69776	94393111	66952	94462268	71981	69157
ENSMUST00000232395	TACTCGGTCAAGCCAGTCTCCAAAAAAGCCTTCCAACAGTATTATTGAACACCTGTCAGTGATATTCCCATGTTATACCAGCACT	94460063	94370861	89202	94403313	56750	94462268	91407	58955
ENSMUST00000232395	TACTCGGTCAAGCCAGTCTCCAAAAAAGCCTTCCAACAGTATTATTGAACACCTGTCAGTGATATTCCCATGTTATACCAGCACT	94460063	94403368	56695	94409683	50380	94462268	58900	52585
ENSMUST00000232395	TACTCGGTCAAGCCAGTCTCCAAAAAAGCCTTCCAACAGTATTATTGAACACCTGTCAGTGATATTCCCATGTTATACCAGCACT	94460063	94403368	56695	94410832	49231	94462268	58900	51436
ENSMUST00000232395	TACTCGGTCAAGCCAGTCTCCAAAAAAGCCTTCCAACAGTATTATTGAACACCTGTCAGTGATATTCCCATGTTATACCAGCACT	94460063	94403368	56695	94415948	44115	94462268	58900	46320
ENSMUST00000232395	TACTCGGTCAAGCCAGTCTCCAAAAAAGCCTTCCAACAGTATTATTGAACACCTGTCAGTGATATTCCCATGTTATACCAGCACT	94460063	94403368	56695	94409683	50380	94462268	58900	52585
ENSMUST00000232395	TACTCGGTCAAGCCAGTCTCCAAAAAAGCCTTCCAACAGTATTATTGAACACCTGTCAGTGATATTCCCATGTTATACCAGCACT	94460063	94403368	56695	94410832	49231	94462268	58900	51436
ENSMUST00000232395	TACTCGGTCAAGCCAGTCTCCAAAAAAGCCTTCCAACAGTATTATTGAACACCTGTCAGTGATATTCCCATGTTATACCAGCACT	94460063	94403368	56695	94410871	49192	94462268	58900	51397
ENSMUST00000232395	TACTCGGTCAAGCCAGTCTCCAAAAAAGCCTTCCAACAGTATTATTGAACACCTGTCAGTGATATTCCCATGTTATACCAGCACT	94460063	94408716	51347	94410832	49231	94462268	53552	51436
ENSMUST00000232395	TACTCGGTCAAGCCAGTCTCCAAAAAAGCCTTCCAACAGTATTATTGAACACCTGTCAGTGATATTCCCATGTTATACCAGCACT	94460063	94403368	56695	94412059	48004	94462268	58900	50209
ENSMUST00000232395	TACTCGGTCAAGCCAGTCTCCAAAAAAGCCTTCCAACAGTATTATTGAACACCTGTCAGTGATATTCCCATGTTATACCAGCACT	94460063	94403368	56695	94415948	44115	94462268	58900	46320
ENSMUST00000232395	TACTCGGTCAAGCCAGTCTCCAAAAAAGCCTTCCAACAGTATTATTGAACACCTGTCAGTGATATTCCCATGTTATACCAGCACT	94460063	94408716	51347	94415948	44115	94462268	53552	46320
ENSMUST00000232395	TACTCGGTCAAGCCAGTCTCCAAAAAAGCCTTCCAACAGTATTATTGAACACCTGTCAGTGATATTCCCATGTTATACCAGCACT	94460063	94403368	56695	94412059	48004	94462268	58900	50209
ENSMUST00000232395	TACTCGGTCAAGCCAGTCTCCAAAAAAGCCTTCCAACAGTATTATTGAACACCTGTCAGTGATATTCCCATGTTATACCAGCACT	94460063	94403368	56695	94415948	44115	94462268	58900	46320
ENSMUST00000232395	TACTCGGTCAAGCCAGTCTCCAAAAAAGCCTTCCAACAGTATTATTGAACACCTGTCAGTGATATTCCCATGTTATACCAGCACT	94460063	94403368	56695	94416281	43782	94462268	58900	45987
ENSMUST00000232395	TACTCGGTCAAGCCAGTCTCCAAAAAAGCCTTCCAACAGTATTATTGAACACCTGTCAGTGATATTCCCATGTTATACCAGCACT	94460063	94410956	49107	94415948	44115	94462268	51312	46320
ENSMUST00000232395	TACTCGGTCAAGCCAGTCTCCAAAAAAGCCTTCCAACAGTATTATTGAACACCTGTCAGTGATATTCCCATGTTATACCAGCACT	94460063	94403368	56695	94416281	43782	94462268	58900	45987
ENSMUST00000232395	TACTCGGTCAAGCCAGTCTCCAAAAAAGCCTTCCAACAGTATTATTGAACACCTGTCAGTGATATTCCCATGTTATACCAGCACT	94460063	94412123	47940	94416281	43782	94462268	50145	45987
ENSMUST00000232395	TACTCGGTCAAGCCAGTCTCCAAAAAAGCCTTCCAACAGTATTATTGAACACCTGTCAGTGATATTCCCATGTTATACCAGCACT	94460063	94416009	44054	94418606	41457	94462268	46259	43662
ENSMUST00000232395	TACTCGGTCAAGCCAGTCTCCAAAAAAGCCTTCCAACAGTATTATTGAACACCTGTCAGTGATATTCCCATGTTATACCAGCACT	94460063	94416366	43697	94419397	40666	94462268	45902	42871
ENSMUST00000232395	TACTCGGTCAAGCCAGTCTCCAAAAAAGCCTTCCAACAGTATTATTGAACACCTGTCAGTGATATTCCCATGTTATACCAGCACT	94460063	94419478	40585	94422226	37837	94462268	42790	40042
ENSMUST00000232395	TACTCGGTCAAGCCAGTCTCCAAAAAAGCCTTCCAACAGTATTATTGAACACCTGTCAGTGATATTCCCATGTTATACCAGCACT	94460063	94424187	35876	94426150	33913	94462268	38081	36118
ENSMUST00000232395	TACTCGGTCAAGCCAGTCTCCAAAAAAGCCTTCCAACAGTATTATTGAACACCTGTCAGTGATATTCCCATGTTATACCAGCACT	94460063	94425188	34875	94426765	33298	94462268	37080	35503
ENSMUST00000232395	TACTCGGTCAAGCCAGTCTCCAAAAAAGCCTTCCAACAGTATTATTGAACACCTGTCAGTGATATTCCCATGTTATACCAGCACT	94460063	94454523	5540	94457320	2743	94462268	7745	4948
ENSMUST00000232395	TACTCGGTCAAGCCAGTCTCCAAAAAAGCCTTCCAACAGTATTATTGAACACCTGTCAGTGATATTCCCATGTTATACCAGCACT	94460063	94454523	5540	94457320	2743	94462268	7745	4948
ENSMUST00000232395	TACTCGGTCAAGCCAGTCTCCAAAAAAGCCTTCCAACAGTATTATTGAACACCTGTCAGTGATATTCCCATGTTATACCAGCACT	94460063	94457411	2652	94459761	302	94462268	4857	2507
ENSMUST00000232395	TACTCGGTCAAGCCAGTCTCCAAAAAAGCCTTCCAACAGTATTATTGAACACCTGTCAGTGATATTCCCATGTTATACCAGCACT	94460063	94462348	-2285	94466902	-6839	94462268	-80	-4634
ENSMUST00000232395	TACTCGGTCAAGCCAGTCTCCAAAAAAGCCTTCCAACAGTATTATTGAACACCTGTCAGTGATATTCCCATGTTATACCAGCACT	94460063	94384066	75997	94384783	75280	94462268	78202	77485
ENSMUST00000232395	TACTCGGTCAAGCCAGTCTCCAAAAAAGCCTTCCAACAGTATTATTGAACACCTGTCAGTGATATTCCCATGTTATACCAGCACT	94460063	94384934	75129	94387336	72727	94462268	77334	74932
ENSMUST00000232395	TACTCGGTCAAGCCAGTCTCCAAAAAAGCCTTCCAACAGTATTATTGAACACCTGTCAGTGATATTCCCATGTTATACCAGCACT	94460063	94384934	75129	94392014	68049	94462268	77334	70254
ENSMUST00000232395	TACTCGGTCAAGCCAGTCTCCAAAAAAGCCTTCCAACAGTATTATTGAACACCTGTCAGTGATATTCCCATGTTATACCAGCACT	94460063	94385423	74640	94388264	71799	94462268	76845	74004
ENSMUST00000232395	TACTCGGTCAAGCCAGTCTCCAAAAAAGCCTTCCAACAGTATTATTGAACACCTGTCAGTGATATTCCCATGTTATACCAGCACT	94460063	94370861	89202	94392014	68049	94462268	91407	70254
ENSMUST00000232395	TACTCGGTCAAGCCAGTCTCCAAAAAAGCCTTCCAACAGTATTATTGAACACCTGTCAGTGATATTCCCATGTTATACCAGCACT	94460063	94385423	74640	94392014	68049	94462268	76845	70254
ENSMUST00000232395	TACTCGGTCAAGCCAGTCTCCAAAAAAGCCTTCCAACAGTATTATTGAACACCTGTCAGTGATATTCCCATGTTATACCAGCACT	94460063	94388385	71678	94392014	68049	94462268	73883	70254
ENSMUST00000232395	TACTCGGTCAAGCCAGTCTCCAAAAAAGCCTTCCAACAGTATTATTGAACACCTGTCAGTGATATTCCCATGTTATACCAGCACT	94460063	94370861	89202	94393111	66952	94462268	91407	69157
ENSMUST00000232395	TACTCGGTCAAGCCAGTCTCCAAAAAAGCCTTCCAACAGTATTATTGAACACCTGTCAGTGATATTCCCATGTTATACCAGCACT	94460063	94384934	75129	94393111	66952	94462268	77334	69157
ENSMUST00000232395	TACTCGGTCAAGCCAGTCTCCAAAAAAGCCTTCCAACAGTATTATTGAACACCTGTCAGTGATATTCCCATGTTATACCAGCACT	94460063	94390287	69776	94393111	66952	94462268	71981	69157
ENSMUST00000232395	TACTCGGTCAAGCCAGTCTCCAAAAAAGCCTTCCAACAGTATTATTGAACACCTGTCAGTGATATTCCCATGTTATACCAGCACT	94460063	94370861	89202	94403313	56750	94462268	91407	58955
ENSMUST00000232395	TACTCGGTCAAGCCAGTCTCCAAAAAAGCCTTCCAACAGTATTATTGAACACCTGTCAGTGATATTCCCATGTTATACCAGCACT	94460063	94403368	56695	94409683	50380	94462268	58900	52585
ENSMUST00000232395	TACTCGGTCAAGCCAGTCTCCAAAAAAGCCTTCCAACAGTATTATTGAACACCTGTCAGTGATATTCCCATGTTATACCAGCACT	94460063	94403368	56695	94410832	49231	94462268	58900	51436
ENSMUST00000232395	TACTCGGTCAAGCCAGTCTCCAAAAAAGCCTTCCAACAGTATTATTGAACACCTGTCAGTGATATTCCCATGTTATACCAGCACT	94460063	94403368	56695	94415948	44115	94462268	58900	46320
ENSMUST00000232395	TACTCGGTCAAGCCAGTCTCCAAAAAAGCCTTCCAACAGTATTATTGAACACCTGTCAGTGATATTCCCATGTTATACCAGCACT	94460063	94403368	56695	94409683	50380	94462268	58900	52585
ENSMUST00000232395	TACTCGGTCAAGCCAGTCTCCAAAAAAGCCTTCCAACAGTATTATTGAACACCTGTCAGTGATATTCCCATGTTATACCAGCACT	94460063	94403368	56695	94410832	49231	94462268	58900	51436
ENSMUST00000232395	TACTCGGTCAAGCCAGTCTCCAAAAAAGCCTTCCAACAGTATTATTGAACACCTGTCAGTGATATTCCCATGTTATACCAGCACT	94460063	94403368	56695	94410871	49192	94462268	58900	51397
ENSMUST00000232395	TACTCGGTCAAGCCAGTCTCCAAAAAAGCCTTCCAACAGTATTATTGAACACCTGTCAGTGATATTCCCATGTTATACCAGCACT	94460063	94408716	51347	94410832	49231	94462268	53552	51436
ENSMUST00000232395	TACTCGGTCAAGCCAGTCTCCAAAAAAGCCTTCCAACAGTATTATTGAACACCTGTCAGTGATATTCCCATGTTATACCAGCACT	94460063	94403368	56695	94412059	48004	94462268	58900	50209
ENSMUST00000232395	TACTCGGTCAAGCCAGTCTCCAAAAAAGCCTTCCAACAGTATTATTGAACACCTGTCAGTGATATTCCCATGTTATACCAGCACT	94460063	94403368	56695	94415948	44115	94462268	58900	46320
ENSMUST00000232395	TACTCGGTCAAGCCAGTCTCCAAAAAAGCCTTCCAACAGTATTATTGAACACCTGTCAGTGATATTCCCATGTTATACCAGCACT	94460063	94408716	51347	94415948	44115	94462268	53552	46320
ENSMUST00000232395	TACTCGGTCAAGCCAGTCTCCAAAAAAGCCTTCCAACAGTATTATTGAACACCTGTCAGTGATATTCCCATGTTATACCAGCACT	94460063	94403368	56695	94412059	48004	94462268	58900	50209
ENSMUST00000232395	TACTCGGTCAAGCCAGTCTCCAAAAAAGCCTTCCAACAGTATTATTGAACACCTGTCAGTGATATTCCCATGTTATACCAGCACT	94460063	94403368	56695	94415948	44115	94462268	58900	46320
ENSMUST00000232395	TACTCGGTCAAGCCAGTCTCCAAAAAAGCCTTCCAACAGTATTATTGAACACCTGTCAGTGATATTCCCATGTTATACCAGCACT	94460063	94403368	56695	94416281	43782	94462268	58900	45987
ENSMUST00000232395	TACTCGGTCAAGCCAGTCTCCAAAAAAGCCTTCCAACAGTATTATTGAACACCTGTCAGTGATATTCCCATGTTATACCAGCACT	94460063	94410956	49107	94415948	44115	94462268	51312	46320
ENSMUST00000232395	TACTCGGTCAAGCCAGTCTCCAAAAAAGCCTTCCAACAGTATTATTGAACACCTGTCAGTGATATTCCCATGTTATACCAGCACT	94460063	94403368	56695	94416281	43782	94462268	58900	45987
ENSMUST00000232395	TACTCGGTCAAGCCAGTCTCCAAAAAAGCCTTCCAACAGTATTATTGAACACCTGTCAGTGATATTCCCATGTTATACCAGCACT	94460063	94412123	47940	94416281	43782	94462268	50145	45987
ENSMUST00000232395	TACTCGGTCAAGCCAGTCTCCAAAAAAGCCTTCCAACAGTATTATTGAACACCTGTCAGTGATATTCCCATGTTATACCAGCACT	94460063	94416009	44054	94418606	41457	94462268	46259	43662
ENSMUST00000232395	TACTCGGTCAAGCCAGTCTCCAAAAAAGCCTTCCAACAGTATTATTGAACACCTGTCAGTGATATTCCCATGTTATACCAGCACT	94460063	94416366	43697	94419397	40666	94462268	45902	42871
ENSMUST00000232395	TACTCGGTCAAGCCAGTCTCCAAAAAAGCCTTCCAACAGTATTATTGAACACCTGTCAGTGATATTCCCATGTTATACCAGCACT	94460063	94419478	40585	94422226	37837	94462268	42790	40042
ENSMUST00000232395	TACTCGGTCAAGCCAGTCTCCAAAAAAGCCTTCCAACAGTATTATTGAACACCTGTCAGTGATATTCCCATGTTATACCAGCACT	94460063	94424187	35876	94426150	33913	94462268	38081	36118
ENSMUST00000232395	TACTCGGTCAAGCCAGTCTCCAAAAAAGCCTTCCAACAGTATTATTGAACACCTGTCAGTGATATTCCCATGTTATACCAGCACT	94460063	94425188	34875	94426765	33298	94462268	37080	35503
ENSMUST00000232395	TACTCGGTCAAGCCAGTCTCCAAAAAAGCCTTCCAACAGTATTATTGAACACCTGTCAGTGATATTCCCATGTTATACCAGCACT	94460063	94454523	5540	94457320	2743	94462268	7745	4948
ENSMUST00000232395	TACTCGGTCAAGCCAGTCTCCAAAAAAGCCTTCCAACAGTATTATTGAACACCTGTCAGTGATATTCCCATGTTATACCAGCACT	94460063	94454523	5540	94457320	2743	94462268	7745	4948
ENSMUST00000232395	TACTCGGTCAAGCCAGTCTCCAAAAAAGCCTTCCAACAGTATTATTGAACACCTGTCAGTGATATTCCCATGTTATACCAGCACT	94460063	94457411	2652	94459761	302	94462268	4857	2507
ENSMUST00000232395	TACTCGGTCAAGCCAGTCTCCAAAAAAGCCTTCCAACAGTATTATTGAACACCTGTCAGTGATATTCCCATGTTATACCAGCACT	94460063	94462348	-2285	94466902	-6839	94462268	-80	-4634
ENSMUST00000232395	TACTCGGTCAAGCCAGTCTCCAAAAAAGCCTTCCAACAGTATTATTGAACACCTGTCAGTGATATTCCCATGTTATACCAGCACT	94460063	94384066	75997	94384783	75280	94462268	78202	77485
ENSMUST00000232395	TACTCGGTCAAGCCAGTCTCCAAAAAAGCCTTCCAACAGTATTATTGAACACCTGTCAGTGATATTCCCATGTTATACCAGCACT	94460063	94384934	75129	94387336	72727	94462268	77334	74932
ENSMUST00000232395	TACTCGGTCAAGCCAGTCTCCAAAAAAGCCTTCCAACAGTATTATTGAACACCTGTCAGTGATATTCCCATGTTATACCAGCACT	94460063	94384934	75129	94392014	68049	94462268	77334	70254
ENSMUST00000232395	TACTCGGTCAAGCCAGTCTCCAAAAAAGCCTTCCAACAGTATTATTGAACACCTGTCAGTGATATTCCCATGTTATACCAGCACT	94460063	94385423	74640	94388264	71799	94462268	76845	74004
ENSMUST00000232395	TACTCGGTCAAGCCAGTCTCCAAAAAAGCCTTCCAACAGTATTATTGAACACCTGTCAGTGATATTCCCATGTTATACCAGCACT	94460063	94370861	89202	94392014	68049	94462268	91407	70254
ENSMUST00000232395	TACTCGGTCAAGCCAGTCTCCAAAAAAGCCTTCCAACAGTATTATTGAACACCTGTCAGTGATATTCCCATGTTATACCAGCACT	94460063	94385423	74640	94392014	68049	94462268	76845	70254
ENSMUST00000232395	TACTCGGTCAAGCCAGTCTCCAAAAAAGCCTTCCAACAGTATTATTGAACACCTGTCAGTGATATTCCCATGTTATACCAGCACT	94460063	94388385	71678	94392014	68049	94462268	73883	70254
ENSMUST00000232395	TACTCGGTCAAGCCAGTCTCCAAAAAAGCCTTCCAACAGTATTATTGAACACCTGTCAGTGATATTCCCATGTTATACCAGCACT	94460063	94370861	89202	94393111	66952	94462268	91407	69157
ENSMUST00000232395	TACTCGGTCAAGCCAGTCTCCAAAAAAGCCTTCCAACAGTATTATTGAACACCTGTCAGTGATATTCCCATGTTATACCAGCACT	94460063	94384934	75129	94393111	66952	94462268	77334	69157
ENSMUST00000232395	TACTCGGTCAAGCCAGTCTCCAAAAAAGCCTTCCAACAGTATTATTGAACACCTGTCAGTGATATTCCCATGTTATACCAGCACT	94460063	94390287	69776	94393111	66952	94462268	71981	69157
ENSMUST00000232395	TACTCGGTCAAGCCAGTCTCCAAAAAAGCCTTCCAACAGTATTATTGAACACCTGTCAGTGATATTCCCATGTTATACCAGCACT	94460063	94370861	89202	94403313	56750	94462268	91407	58955
ENSMUST00000232395	TACTCGGTCAAGCCAGTCTCCAAAAAAGCCTTCCAACAGTATTATTGAACACCTGTCAGTGATATTCCCATGTTATACCAGCACT	94460063	94403368	56695	94409683	50380	94462268	58900	52585
ENSMUST00000232395	TACTCGGTCAAGCCAGTCTCCAAAAAAGCCTTCCAACAGTATTATTGAACACCTGTCAGTGATATTCCCATGTTATACCAGCACT	94460063	94403368	56695	94410832	49231	94462268	58900	51436
ENSMUST00000232395	TACTCGGTCAAGCCAGTCTCCAAAAAAGCCTTCCAACAGTATTATTGAACACCTGTCAGTGATATTCCCATGTTATACCAGCACT	94460063	94403368	56695	94415948	44115	94462268	58900	46320
ENSMUST00000232395	TACTCGGTCAAGCCAGTCTCCAAAAAAGCCTTCCAACAGTATTATTGAACACCTGTCAGTGATATTCCCATGTTATACCAGCACT	94460063	94403368	56695	94409683	50380	94462268	58900	52585
ENSMUST00000232395	TACTCGGTCAAGCCAGTCTCCAAAAAAGCCTTCCAACAGTATTATTGAACACCTGTCAGTGATATTCCCATGTTATACCAGCACT	94460063	94403368	56695	94410832	49231	94462268	58900	51436
ENSMUST00000232395	TACTCGGTCAAGCCAGTCTCCAAAAAAGCCTTCCAACAGTATTATTGAACACCTGTCAGTGATATTCCCATGTTATACCAGCACT	94460063	94403368	56695	94410871	49192	94462268	58900	51397
ENSMUST00000232395	TACTCGGTCAAGCCAGTCTCCAAAAAAGCCTTCCAACAGTATTATTGAACACCTGTCAGTGATATTCCCATGTTATACCAGCACT	94460063	94408716	51347	94410832	49231	94462268	53552	51436
ENSMUST00000232395	TACTCGGTCAAGCCAGTCTCCAAAAAAGCCTTCCAACAGTATTATTGAACACCTGTCAGTGATATTCCCATGTTATACCAGCACT	94460063	94403368	56695	94412059	48004	94462268	58900	50209
ENSMUST00000232395	TACTCGGTCAAGCCAGTCTCCAAAAAAGCCTTCCAACAGTATTATTGAACACCTGTCAGTGATATTCCCATGTTATACCAGCACT	94460063	94403368	56695	94415948	44115	94462268	58900	46320
ENSMUST00000232395	TACTCGGTCAAGCCAGTCTCCAAAAAAGCCTTCCAACAGTATTATTGAACACCTGTCAGTGATATTCCCATGTTATACCAGCACT	94460063	94408716	51347	94415948	44115	94462268	53552	46320
ENSMUST00000232395	TACTCGGTCAAGCCAGTCTCCAAAAAAGCCTTCCAACAGTATTATTGAACACCTGTCAGTGATATTCCCATGTTATACCAGCACT	94460063	94403368	56695	94412059	48004	94462268	58900	50209
ENSMUST00000232395	TACTCGGTCAAGCCAGTCTCCAAAAAAGCCTTCCAACAGTATTATTGAACACCTGTCAGTGATATTCCCATGTTATACCAGCACT	94460063	94403368	56695	94415948	44115	94462268	58900	46320
ENSMUST00000232395	TACTCGGTCAAGCCAGTCTCCAAAAAAGCCTTCCAACAGTATTATTGAACACCTGTCAGTGATATTCCCATGTTATACCAGCACT	94460063	94403368	56695	94416281	43782	94462268	58900	45987
ENSMUST00000232395	TACTCGGTCAAGCCAGTCTCCAAAAAAGCCTTCCAACAGTATTATTGAACACCTGTCAGTGATATTCCCATGTTATACCAGCACT	94460063	94410956	49107	94415948	44115	94462268	51312	46320
ENSMUST00000232395	TACTCGGTCAAGCCAGTCTCCAAAAAAGCCTTCCAACAGTATTATTGAACACCTGTCAGTGATATTCCCATGTTATACCAGCACT	94460063	94403368	56695	94416281	43782	94462268	58900	45987
ENSMUST00000232395	TACTCGGTCAAGCCAGTCTCCAAAAAAGCCTTCCAACAGTATTATTGAACACCTGTCAGTGATATTCCCATGTTATACCAGCACT	94460063	94412123	47940	94416281	43782	94462268	50145	45987
ENSMUST00000232395	TACTCGGTCAAGCCAGTCTCCAAAAAAGCCTTCCAACAGTATTATTGAACACCTGTCAGTGATATTCCCATGTTATACCAGCACT	94460063	94416009	44054	94418606	41457	94462268	46259	43662
ENSMUST00000232395	TACTCGGTCAAGCCAGTCTCCAAAAAAGCCTTCCAACAGTATTATTGAACACCTGTCAGTGATATTCCCATGTTATACCAGCACT	94460063	94416366	43697	94419397	40666	94462268	45902	42871
ENSMUST00000232395	TACTCGGTCAAGCCAGTCTCCAAAAAAGCCTTCCAACAGTATTATTGAACACCTGTCAGTGATATTCCCATGTTATACCAGCACT	94460063	94419478	40585	94422226	37837	94462268	42790	40042
ENSMUST00000232395	TACTCGGTCAAGCCAGTCTCCAAAAAAGCCTTCCAACAGTATTATTGAACACCTGTCAGTGATATTCCCATGTTATACCAGCACT	94460063	94424187	35876	94426150	33913	94462268	38081	36118
ENSMUST00000232395	TACTCGGTCAAGCCAGTCTCCAAAAAAGCCTTCCAACAGTATTATTGAACACCTGTCAGTGATATTCCCATGTTATACCAGCACT	94460063	94425188	34875	94426765	33298	94462268	37080	35503
ENSMUST00000232395	TACTCGGTCAAGCCAGTCTCCAAAAAAGCCTTCCAACAGTATTATTGAACACCTGTCAGTGATATTCCCATGTTATACCAGCACT	94460063	94454523	5540	94457320	2743	94462268	7745	4948
ENSMUST00000232395	TACTCGGTCAAGCCAGTCTCCAAAAAAGCCTTCCAACAGTATTATTGAACACCTGTCAGTGATATTCCCATGTTATACCAGCACT	94460063	94454523	5540	94457320	2743	94462268	7745	4948
ENSMUST00000232395	TACTCGGTCAAGCCAGTCTCCAAAAAAGCCTTCCAACAGTATTATTGAACACCTGTCAGTGATATTCCCATGTTATACCAGCACT	94460063	94457411	2652	94459761	302	94462268	4857	2507
ENSMUST00000232395	TACTCGGTCAAGCCAGTCTCCAAAAAAGCCTTCCAACAGTATTATTGAACACCTGTCAGTGATATTCCCATGTTATACCAGCACT	94460063	94462348	-2285	94466902	-6839	94462268	-80	-4634
ENSMUST00000115366	TGGAGAGCAAGAAGCCCAAGGGTTTCTTTGGCTATAAATCTGAAATATTTAATGAGAACTTTGGGCCGGATTTTCGAGAAGAAGAG	57901432	57910348	-8916	57912836	-11404	57904178	-6170	-8658
ENSMUST00000115366	TGGAGAGCAAGAAGCCCAAGGGTTTCTTTGGCTATAAATCTGAAATATTTAATGAGAACTTTGGGCCGGATTTTCGAGAAGAAGAG	57901432	57915508	-14076	57921745	-20313	57904178	-11330	-17567
ENSMUST00000115366	TGGAGAGCAAGAAGCCCAAGGGTTTCTTTGGCTATAAATCTGAAATATTTAATGAGAACTTTGGGCCGGATTTTCGAGAAGAAGAG	57901432	57915508	-14076	57926406	-24974	57904178	-11330	-22228
ENSMUST00000115366	TGGAGAGCAAGAAGCCCAAGGGTTTCTTTGGCTATAAATCTGAAATATTTAATGAGAACTTTGGGCCGGATTTTCGAGAAGAAGAG	57901432	57915508	-14076	57926406	-24974	57904178	-11330	-22228
ENSMUST00000115366	TGGAGAGCAAGAAGCCCAAGGGTTTCTTTGGCTATAAATCTGAAATATTTAATGAGAACTTTGGGCCGGATTTTCGAGAAGAAGAG	57901432	57919567	-18135	57926406	-24974	57904178	-15389	-22228
ENSMUST00000115366	TGGAGAGCAAGAAGCCCAAGGGTTTCTTTGGCTATAAATCTGAAATATTTAATGAGAACTTTGGGCCGGATTTTCGAGAAGAAGAG	57901432	57932605	-31173	57936307	-34875	57904178	-28427	-32129
ENSMUST00000115366	TGGAGAGCAAGAAGCCCAAGGGTTTCTTTGGCTATAAATCTGAAATATTTAATGAGAACTTTGGGCCGGATTTTCGAGAAGAAGAG	57901432	57932605	-31173	57937659	-36227	57904178	-28427	-33481
ENSMUST00000115366	TGGAGAGCAAGAAGCCCAAGGGTTTCTTTGGCTATAAATCTGAAATATTTAATGAGAACTTTGGGCCGGATTTTCGAGAAGAAGAG	57901432	57936430	-34998	57940134	-38702	57904178	-32252	-35956
ENSMUST00000025402	CAGTGCCATGCACTTGATTCTTCCCTTTATAAAACGTCAGGCTACCAGGTGTCTGCCCCTCCTGGTCTGCATTGGCCCAAGGCTTA	67223194	67212298	10896	67213487	9707	67223280	10982	9793
ENSMUST00000092048	ACTGGTCATGTCGCAAGCAAACGTATCAAGAGCAAAGGCTGTTCGAGCCCTGAAAAACAACAGTAATGATATTGTAAATGCTATTA	128048287	128036560	11727	128046167	2120	128048499	11939	2332
ENSMUST00000091556	CCACACTGTATGCTGCCAAAAAGTACATAGTTCCTCACCTCGCCAGAGCCTGTGTTAATTTCCTGGAGACCAGCCTAAGCGCCAAG	138283509	138279257	4252	138280372	3137	138283595	4338	3223
ENSMUST00000091556	CCACACTGTATGCTGCCAAAAAGTACATAGTTCCTCACCTCGCCAGAGCCTGTGTTAATTTCCTGGAGACCAGCCTAAGCGCCAAG	138283509	138279257	4252	138283457	52	138283595	4338	138
ENSMUST00000091556	CCACACTGTATGCTGCCAAAAAGTACATAGTTCCTCACCTCGCCAGAGCCTGTGTTAATTTCCTGGAGACCAGCCTAAGCGCCAAG	138283509	138256754	26755	138489094	-205585	138283595	26841	-205499
ENSMUST00000091556	CCACACTGTATGCTGCCAAAAAGTACATAGTTCCTCACCTCGCCAGAGCCTGTGTTAATTTCCTGGAGACCAGCCTAAGCGCCAAG	138283509	138489261	-205752	138491395	-207886	138283595	-205666	-207800
ENSMUST00000091556	CCACACTGTATGCTGCCAAAAAGTACATAGTTCCTCACCTCGCCAGAGCCTGTGTTAATTTCCTGGAGACCAGCCTAAGCGCCAAG	138283509	138489261	-205752	138539117	-255608	138283595	-205666	-255522
ENSMUST00000113735	AGGGCCCTGTTTGATTATGATCGGACTCGTGACAGCTGTCTACCAAGCCAGGGACTCAGTTTCTCTTATGGTGACATTCTGCACGTC	100806514	100768428	38086	100771614	34900	100806601	38173	34987
ENSMUST00000113735	AGGGCCCTGTTTGATTATGATCGGACTCGTGACAGCTGTCTACCAAGCCAGGGACTCAGTTTCTCTTATGGTGACATTCTGCACGTC	100806514	100772181	34333	100772822	33692	100806601	34420	33779
ENSMUST00000113735	AGGGCCCTGTTTGATTATGATCGGACTCGTGACAGCTGTCTACCAAGCCAGGGACTCAGTTTCTCTTATGGTGACATTCTGCACGTC	100806514	100807255	-741	100809861	-3347	100806601	-654	-3260
ENSMUST00000113735	AGGGCCCTGTTTGATTATGATCGGACTCGTGACAGCTGTCTACCAAGCCAGGGACTCAGTTTCTCTTATGGTGACATTCTGCACGTC	100806514	100807255	-741	100811501	-4987	100806601	-654	-4900
ENSMUST00000113735	AGGGCCCTGTTTGATTATGATCGGACTCGTGACAGCTGTCTACCAAGCCAGGGACTCAGTTTCTCTTATGGTGACATTCTGCACGTC	100806514	100807255	-741	100811501	-4987	100806601	-654	-4900
ENSMUST00000113735	AGGGCCCTGTTTGATTATGATCGGACTCGTGACAGCTGTCTACCAAGCCAGGGACTCAGTTTCTCTTATGGTGACATTCTGCACGTC	100806514	100808152	-1638	100811501	-4987	100806601	-1551	-4900
ENSMUST00000113735	AGGGCCCTGTTTGATTATGATCGGACTCGTGACAGCTGTCTACCAAGCCAGGGACTCAGTTTCTCTTATGGTGACATTCTGCACGTC	100806514	100808152	-1638	100812725	-6211	100806601	-1551	-6124
ENSMUST00000113735	AGGGCCCTGTTTGATTATGATCGGACTCGTGACAGCTGTCTACCAAGCCAGGGACTCAGTTTCTCTTATGGTGACATTCTGCACGTC	100806514	100808152	-1638	100812725	-6211	100806601	-1551	-6124
ENSMUST00000113735	AGGGCCCTGTTTGATTATGATCGGACTCGTGACAGCTGTCTACCAAGCCAGGGACTCAGTTTCTCTTATGGTGACATTCTGCACGTC	100806514	100809907	-3393	100812725	-6211	100806601	-3306	-6124
ENSMUST00000113735	AGGGCCCTGTTTGATTATGATCGGACTCGTGACAGCTGTCTACCAAGCCAGGGACTCAGTTTCTCTTATGGTGACATTCTGCACGTC	100806514	100809907	-3393	100813336	-6822	100806601	-3306	-6735
ENSMUST00000113735	AGGGCCCTGTTTGATTATGATCGGACTCGTGACAGCTGTCTACCAAGCCAGGGACTCAGTTTCTCTTATGGTGACATTCTGCACGTC	100806514	100809907	-3393	100813336	-6822	100806601	-3306	-6735
ENSMUST00000113735	AGGGCCCTGTTTGATTATGATCGGACTCGTGACAGCTGTCTACCAAGCCAGGGACTCAGTTTCTCTTATGGTGACATTCTGCACGTC	100806514	100811543	-5029	100813336	-6822	100806601	-4942	-6735
ENSMUST00000200466	AGCAAATTAAGGAAAGAGTCCTTACTCTGTTTCCTGCGTTCATAGCGGTCTGTTTGTGCTTTGTCTAACAGTGAACACTGGTACTTG	19150036	18948501	201535	19077330	72706	19150123	201622	72793
ENSMUST00000200466	AGCAAATTAAGGAAAGAGTCCTTACTCTGTTTCCTGCGTTCATAGCGGTCTGTTTGTGCTTTGTCTAACAGTGAACACTGGTACTTG	19150036	18948501	201535	19084204	65832	19150123	201622	65919
ENSMUST00000200466	AGCAAATTAAGGAAAGAGTCCTTACTCTGTTTCCTGCGTTCATAGCGGTCTGTTTGTGCTTTGTCTAACAGTGAACACTGGTACTTG	19150036	18948501	201535	19086522	63514	19150123	201622	63601
ENSMUST00000200466	AGCAAATTAAGGAAAGAGTCCTTACTCTGTTTCCTGCGTTCATAGCGGTCTGTTTGTGCTTTGTCTAACAGTGAACACTGGTACTTG	19150036	18948501	201535	19113102	36934	19150123	201622	37021
ENSMUST00000200466	AGCAAATTAAGGAAAGAGTCCTTACTCTGTTTCCTGCGTTCATAGCGGTCTGTTTGTGCTTTGTCTAACAGTGAACACTGGTACTTG	19150036	18948501	201535	19084204	65832	19150123	201622	65919
ENSMUST00000200466	AGCAAATTAAGGAAAGAGTCCTTACTCTGTTTCCTGCGTTCATAGCGGTCTGTTTGTGCTTTGTCTAACAGTGAACACTGGTACTTG	19150036	18948501	201535	19086522	63514	19150123	201622	63601
ENSMUST00000200466	AGCAAATTAAGGAAAGAGTCCTTACTCTGTTTCCTGCGTTCATAGCGGTCTGTTTGTGCTTTGTCTAACAGTGAACACTGGTACTTG	19150036	19046033	104003	19084204	65832	19150123	104090	65919
ENSMUST00000200466	AGCAAATTAAGGAAAGAGTCCTTACTCTGTTTCCTGCGTTCATAGCGGTCTGTTTGTGCTTTGTCTAACAGTGAACACTGGTACTTG	19150036	19046033	104003	19086522	63514	19150123	104090	63601
ENSMUST00000200466	AGCAAATTAAGGAAAGAGTCCTTACTCTGTTTCCTGCGTTCATAGCGGTCTGTTTGTGCTTTGTCTAACAGTGAACACTGGTACTTG	19150036	18948501	201535	19086522	63514	19150123	201622	63601
ENSMUST00000200466	AGCAAATTAAGGAAAGAGTCCTTACTCTGTTTCCTGCGTTCATAGCGGTCTGTTTGTGCTTTGTCTAACAGTGAACACTGGTACTTG	19150036	19046033	104003	19086522	63514	19150123	104090	63601
ENSMUST00000200466	AGCAAATTAAGGAAAGAGTCCTTACTCTGTTTCCTGCGTTCATAGCGGTCTGTTTGTGCTTTGTCTAACAGTGAACACTGGTACTTG	19150036	19077385	72651	19086522	63514	19150123	72738	63601
ENSMUST00000200466	AGCAAATTAAGGAAAGAGTCCTTACTCTGTTTCCTGCGTTCATAGCGGTCTGTTTGTGCTTTGTCTAACAGTGAACACTGGTACTTG	19150036	19046033	104003	19094752	55284	19150123	104090	55371
ENSMUST00000200466	AGCAAATTAAGGAAAGAGTCCTTACTCTGTTTCCTGCGTTCATAGCGGTCTGTTTGTGCTTTGTCTAACAGTGAACACTGGTACTTG	19150036	19086618	63418	19096006	54030	19150123	63505	54117
ENSMUST00000200466	AGCAAATTAAGGAAAGAGTCCTTACTCTGTTTCCTGCGTTCATAGCGGTCTGTTTGTGCTTTGTCTAACAGTGAACACTGGTACTTG	19150036	19086618	63418	19099892	50144	19150123	63505	50231
ENSMUST00000200466	AGCAAATTAAGGAAAGAGTCCTTACTCTGTTTCCTGCGTTCATAGCGGTCTGTTTGTGCTTTGTCTAACAGTGAACACTGGTACTTG	19150036	19103010	47026	19113102	36934	19150123	47113	37021
ENSMUST00000200466	AGCAAATTAAGGAAAGAGTCCTTACTCTGTTTCCTGCGTTCATAGCGGTCTGTTTGTGCTTTGTCTAACAGTGAACACTGGTACTTG	19150036	19118175	31861	19121274	28762	19150123	31948	28849
ENSMUST00000200466	AGCAAATTAAGGAAAGAGTCCTTACTCTGTTTCCTGCGTTCATAGCGGTCTGTTTGTGCTTTGTCTAACAGTGAACACTGGTACTTG	19150036	19121319	28717	19137535	12501	19150123	28804	12588
ENSMUST00000200466	AGCAAATTAAGGAAAGAGTCCTTACTCTGTTTCCTGCGTTCATAGCGGTCTGTTTGTGCTTTGTCTAACAGTGAACACTGGTACTTG	19150036	19121331	28705	19137535	12501	19150123	28792	12588
ENSMUST00000200466	AGCAAATTAAGGAAAGAGTCCTTACTCTGTTTCCTGCGTTCATAGCGGTCTGTTTGTGCTTTGTCTAACAGTGAACACTGGTACTTG	19150036	19139432	10604	19149735	301	19150123	10691	388
ENSMUST00000067689	TATGAATCCAAAAAGAGAACATATCACTCTTGAAATACTTGAATCATGAACGCCAACCTAGAAAGACAATGTGAAGCAAGTACACAT	80929703	80711488	218215	80759539	170164	80929790	218302	170251
ENSMUST00000067689	TATGAATCCAAAAAGAGAACATATCACTCTTGAAATACTTGAATCATGAACGCCAACCTAGAAAGACAATGTGAAGCAAGTACACAT	80929703	80759630	170073	80858680	71023	80929790	170160	71110
ENSMUST00000067689	TATGAATCCAAAAAGAGAACATATCACTCTTGAAATACTTGAATCATGAACGCCAACCTAGAAAGACAATGTGAAGCAAGTACACAT	80929703	80881206	48497	80884206	45497	80929790	48584	45584
ENSMUST00000067689	TATGAATCCAAAAAGAGAACATATCACTCTTGAAATACTTGAATCATGAACGCCAACCTAGAAAGACAATGTGAAGCAAGTACACAT	80929703	80902386	27317	80913304	16399	80929790	27404	16486
ENSMUST00000067689	TATGAATCCAAAAAGAGAACATATCACTCTTGAAATACTTGAATCATGAACGCCAACCTAGAAAGACAATGTGAAGCAAGTACACAT	80929703	80902712	26991	80916683	13020	80929790	27078	13107
ENSMUST00000067689	TATGAATCCAAAAAGAGAACATATCACTCTTGAAATACTTGAATCATGAACGCCAACCTAGAAAGACAATGTGAAGCAAGTACACAT	80929703	80918097	11606	80923457	6246	80929790	11693	6333
ENSMUST00000031598	AGGAGGAGGAGGAGGAGATGGTTGAGACTGTAGAGGGTGTCTTCACAGAAGTCGTGGGCCAGAAACGGCCAAGGCCGGGACCCAGCC	120624709	120613306	11403	120618139	6570	120625769	12463	7630
ENSMUST00000107976	ACCTGAAGCCCCCAGGATAGGTGGGACAGAGAAGCTCAGTTCTGGGACGGTGGCATCCTCTCTCTCTCTCTCTCTTTCCTTTCTTTT	42939591	42916829	22762	42933615	5976	42939678	22849	6063
ENSMUST00000107976	ACCTGAAGCCCCCAGGATAGGTGGGACAGAGAAGCTCAGTTCTGGGACGGTGGCATCCTCTCTCTCTCTCTCTCTTTCCTTTCTTTT	42939591	42916829	22762	42933778	5813	42939678	22849	5900
ENSMUST00000107976	ACCTGAAGCCCCCAGGATAGGTGGGACAGAGAAGCTCAGTTCTGGGACGGTGGCATCCTCTCTCTCTCTCTCTCTTTCCTTTCTTTT	42939591	42916829	22762	42937840	1751	42939678	22849	1838
ENSMUST00000107976	ACCTGAAGCCCCCAGGATAGGTGGGACAGAGAAGCTCAGTTCTGGGACGGTGGCATCCTCTCTCTCTCTCTCTCTTTCCTTTCTTTT	42939591	42917414	22177	42933615	5976	42939678	22264	6063
ENSMUST00000107976	ACCTGAAGCCCCCAGGATAGGTGGGACAGAGAAGCTCAGTTCTGGGACGGTGGCATCCTCTCTCTCTCTCTCTCTTTCCTTTCTTTT	42939591	42917414	22177	42933778	5813	42939678	22264	5900
ENSMUST00000107976	ACCTGAAGCCCCCAGGATAGGTGGGACAGAGAAGCTCAGTTCTGGGACGGTGGCATCCTCTCTCTCTCTCTCTCTTTCCTTTCTTTT	42939591	42917414	22177	42937840	1751	42939678	22264	1838
ENSMUST00000107976	ACCTGAAGCCCCCAGGATAGGTGGGACAGAGAAGCTCAGTTCTGGGACGGTGGCATCCTCTCTCTCTCTCTCTCTTTCCTTTCTTTT	42939591	42917414	22177	42933778	5813	42939678	22264	5900
ENSMUST00000107976	ACCTGAAGCCCCCAGGATAGGTGGGACAGAGAAGCTCAGTTCTGGGACGGTGGCATCCTCTCTCTCTCTCTCTCTTTCCTTTCTTTT	42939591	42922693	16898	42933778	5813	42939678	16985	5900
ENSMUST00000105991	AACAATCTGGCTTCCAGCTCTTTCTATGGCAACAACTCTCTGAGCAGTAACTCCCAGAGCAGCTCCCTCTTCTCTCAGGGCTCTGCA	130752706	130663467	89239	130701041	51665	130752793	89326	51752
ENSMUST00000105991	AACAATCTGGCTTCCAGCTCTTTCTATGGCAACAACTCTCTGAGCAGTAACTCCCAGAGCAGCTCCCTCTTCTCTCAGGGCTCTGCA	130752706	130663467	89239	130718153	34553	130752793	89326	34640
ENSMUST00000105991	AACAATCTGGCTTCCAGCTCTTTCTATGGCAACAACTCTCTGAGCAGTAACTCCCAGAGCAGCTCCCTCTTCTCTCAGGGCTCTGCA	130752706	130663467	89239	130718153	34553	130752793	89326	34640
ENSMUST00000105991	AACAATCTGGCTTCCAGCTCTTTCTATGGCAACAACTCTCTGAGCAGTAACTCCCAGAGCAGCTCCCTCTTCTCTCAGGGCTCTGCA	130752706	130669298	83408	130718153	34553	130752793	83495	34640
ENSMUST00000105991	AACAATCTGGCTTCCAGCTCTTTCTATGGCAACAACTCTCTGAGCAGTAACTCCCAGAGCAGCTCCCTCTTCTCTCAGGGCTCTGCA	130752706	130669298	83408	130741462	11244	130752793	83495	11331
ENSMUST00000105991	AACAATCTGGCTTCCAGCTCTTTCTATGGCAACAACTCTCTGAGCAGTAACTCCCAGAGCAGCTCCCTCTTCTCTCAGGGCTCTGCA	130752706	130669298	83408	130741462	11244	130752793	83495	11331
ENSMUST00000105991	AACAATCTGGCTTCCAGCTCTTTCTATGGCAACAACTCTCTGAGCAGTAACTCCCAGAGCAGCTCCCTCTTCTCTCAGGGCTCTGCA	130752706	130701110	51596	130719172	33534	130752793	51683	33621
ENSMUST00000105991	AACAATCTGGCTTCCAGCTCTTTCTATGGCAACAACTCTCTGAGCAGTAACTCCCAGAGCAGCTCCCTCTTCTCTCAGGGCTCTGCA	130752706	130701110	51596	130727997	24709	130752793	51683	24796
ENSMUST00000105991	AACAATCTGGCTTCCAGCTCTTTCTATGGCAACAACTCTCTGAGCAGTAACTCCCAGAGCAGCTCCCTCTTCTCTCAGGGCTCTGCA	130752706	130701110	51596	130741462	11244	130752793	51683	11331
ENSMUST00000105991	AACAATCTGGCTTCCAGCTCTTTCTATGGCAACAACTCTCTGAGCAGTAACTCCCAGAGCAGCTCCCTCTTCTCTCAGGGCTCTGCA	130752706	130701110	51596	130727997	24709	130752793	51683	24796
ENSMUST00000105991	AACAATCTGGCTTCCAGCTCTTTCTATGGCAACAACTCTCTGAGCAGTAACTCCCAGAGCAGCTCCCTCTTCTCTCAGGGCTCTGCA	130752706	130701110	51596	130730277	22429	130752793	51683	22516
ENSMUST00000105991	AACAATCTGGCTTCCAGCTCTTTCTATGGCAACAACTCTCTGAGCAGTAACTCCCAGAGCAGCTCCCTCTTCTCTCAGGGCTCTGCA	130752706	130701110	51596	130741462	11244	130752793	51683	11331
ENSMUST00000105991	AACAATCTGGCTTCCAGCTCTTTCTATGGCAACAACTCTCTGAGCAGTAACTCCCAGAGCAGCTCCCTCTTCTCTCAGGGCTCTGCA	130752706	130718262	34444	130727997	24709	130752793	34531	24796
ENSMUST00000105991	AACAATCTGGCTTCCAGCTCTTTCTATGGCAACAACTCTCTGAGCAGTAACTCCCAGAGCAGCTCCCTCTTCTCTCAGGGCTCTGCA	130752706	130718262	34444	130741462	11244	130752793	34531	11331
ENSMUST00000105991	AACAATCTGGCTTCCAGCTCTTTCTATGGCAACAACTCTCTGAGCAGTAACTCCCAGAGCAGCTCCCTCTTCTCTCAGGGCTCTGCA	130752706	130701110	51596	130730277	22429	130752793	51683	22516
ENSMUST00000105991	AACAATCTGGCTTCCAGCTCTTTCTATGGCAACAACTCTCTGAGCAGTAACTCCCAGAGCAGCTCCCTCTTCTCTCAGGGCTCTGCA	130752706	130719351	33355	130730277	22429	130752793	33442	22516
ENSMUST00000105991	AACAATCTGGCTTCCAGCTCTTTCTATGGCAACAACTCTCTGAGCAGTAACTCCCAGAGCAGCTCCCTCTTCTCTCAGGGCTCTGCA	130752706	130701110	51596	130741462	11244	130752793	51683	11331
ENSMUST00000105991	AACAATCTGGCTTCCAGCTCTTTCTATGGCAACAACTCTCTGAGCAGTAACTCCCAGAGCAGCTCCCTCTTCTCTCAGGGCTCTGCA	130752706	130701110	51596	130746977	5729	130752793	51683	5816
ENSMUST00000105991	AACAATCTGGCTTCCAGCTCTTTCTATGGCAACAACTCTCTGAGCAGTAACTCCCAGAGCAGCTCCCTCTTCTCTCAGGGCTCTGCA	130752706	130719351	33355	130741462	11244	130752793	33442	11331
ENSMUST00000105991	AACAATCTGGCTTCCAGCTCTTTCTATGGCAACAACTCTCTGAGCAGTAACTCCCAGAGCAGCTCCCTCTTCTCTCAGGGCTCTGCA	130752706	130701110	51596	130746977	5729	130752793	51683	5816
ENSMUST00000105991	AACAATCTGGCTTCCAGCTCTTTCTATGGCAACAACTCTCTGAGCAGTAACTCCCAGAGCAGCTCCCTCTTCTCTCAGGGCTCTGCA	130752706	130730548	22158	130746977	5729	130752793	22245	5816
ENSMUST00000105991	AACAATCTGGCTTCCAGCTCTTTCTATGGCAACAACTCTCTGAGCAGTAACTCCCAGAGCAGCTCCCTCTTCTCTCAGGGCTCTGCA	130752706	130741556	11150	130746977	5729	130752793	11237	5816
ENSMUST00000105991	AACAATCTGGCTTCCAGCTCTTTCTATGGCAACAACTCTCTGAGCAGTAACTCCCAGAGCAGCTCCCTCTTCTCTCAGGGCTCTGCA	130752706	130741556	11150	130746977	5729	130752793	11237	5816
ENSMUST00000105991	AACAATCTGGCTTCCAGCTCTTTCTATGGCAACAACTCTCTGAGCAGTAACTCCCAGAGCAGCTCCCTCTTCTCTCAGGGCTCTGCA	130752706	130752872	-166	130762753	-10047	130752793	-79	-9960
ENSMUST00000105991	AACAATCTGGCTTCCAGCTCTTTCTATGGCAACAACTCTCTGAGCAGTAACTCCCAGAGCAGCTCCCTCTTCTCTCAGGGCTCTGCA	130752706	130763021	-10315	130765920	-13214	130752793	-10228	-13127
ENSMUST00000105991	AACAATCTGGCTTCCAGCTCTTTCTATGGCAACAACTCTCTGAGCAGTAACTCCCAGAGCAGCTCCCTCTTCTCTCAGGGCTCTGCA	130752706	130771997	-19291	130774411	-21705	130752793	-19204	-21618
ENSMUST00000190166	AGATCCTTCGGGAATTGAGACTTCAGGTCAACTCCACGCGCTTGGACCTGTCGCTGACCAAAGGATTACCCAATTGGATCTCCTCAGC	83948806	83953781	-4975	84069104	-120298	83948894	-4887	-120210
ENSMUST00000190166	AGATCCTTCGGGAATTGAGACTTCAGGTCAACTCCACGCGCTTGGACCTGTCGCTGACCAAAGGATTACCCAATTGGATCTCCTCAGC	83948806	83953781	-4975	84122233	-173427	83948894	-4887	-173339
ENSMUST00000190166	AGATCCTTCGGGAATTGAGACTTCAGGTCAACTCCACGCGCTTGGACCTGTCGCTGACCAAAGGATTACCCAATTGGATCTCCTCAGC	83948806	83991822	-43016	84069104	-120298	83948894	-42928	-120210
ENSMUST00000190166	AGATCCTTCGGGAATTGAGACTTCAGGTCAACTCCACGCGCTTGGACCTGTCGCTGACCAAAGGATTACCCAATTGGATCTCCTCAGC	83948806	84010351	-61545	84069104	-120298	83948894	-61457	-120210
ENSMUST00000190166	AGATCCTTCGGGAATTGAGACTTCAGGTCAACTCCACGCGCTTGGACCTGTCGCTGACCAAAGGATTACCCAATTGGATCTCCTCAGC	83948806	83953781	-4975	84122233	-173427	83948894	-4887	-173339
ENSMUST00000190166	AGATCCTTCGGGAATTGAGACTTCAGGTCAACTCCACGCGCTTGGACCTGTCGCTGACCAAAGGATTACCCAATTGGATCTCCTCAGC	83948806	83991822	-43016	84122233	-173427	83948894	-42928	-173339
ENSMUST00000190166	AGATCCTTCGGGAATTGAGACTTCAGGTCAACTCCACGCGCTTGGACCTGTCGCTGACCAAAGGATTACCCAATTGGATCTCCTCAGC	83948806	84012619	-63813	84122233	-173427	83948894	-63725	-173339
ENSMUST00000032192	TGACATCGTTCGTGTGGTCACTCATGAAGACTGCATCCCCGAGGTTAAGATCGCTTACATTAACTTCCTGAATCACTGCTATGTGGAT	108403513	108214278	189235	108241263	162250	108405478	191200	164215
ENSMUST00000032192	TGACATCGTTCGTGTGGTCACTCATGAAGACTGCATCCCCGAGGTTAAGATCGCTTACATTAACTTCCTGAATCACTGCTATGTGGAT	108403513	108214278	189235	108339506	64007	108405478	191200	65972
ENSMUST00000032192	TGACATCGTTCGTGTGGTCACTCATGAAGACTGCATCCCCGAGGTTAAGATCGCTTACATTAACTTCCTGAATCACTGCTATGTGGAT	108403513	108214278	189235	108339506	64007	108405478	191200	65972
ENSMUST00000032192	TGACATCGTTCGTGTGGTCACTCATGAAGACTGCATCCCCGAGGTTAAGATCGCTTACATTAACTTCCTGAATCACTGCTATGTGGAT	108403513	108237085	166428	108339506	64007	108405478	168393	65972
ENSMUST00000032192	TGACATCGTTCGTGTGGTCACTCATGAAGACTGCATCCCCGAGGTTAAGATCGCTTACATTAACTTCCTGAATCACTGCTATGTGGAT	108403513	108363705	39808	108369010	34503	108405478	41773	36468
ENSMUST00000032192	TGACATCGTTCGTGTGGTCACTCATGAAGACTGCATCCCCGAGGTTAAGATCGCTTACATTAACTTCCTGAATCACTGCTATGTGGAT	108403513	108413953	-10440	108417888	-14375	108405478	-8475	-12410
ENSMUST00000032192	TGACATCGTTCGTGTGGTCACTCATGAAGACTGCATCCCCGAGGTTAAGATCGCTTACATTAACTTCCTGAATCACTGCTATGTGGAT	108403513	108418000	-14487	108431460	-27947	108405478	-12522	-25982
ENSMUST00000032192	TGACATCGTTCGTGTGGTCACTCATGAAGACTGCATCCCCGAGGTTAAGATCGCTTACATTAACTTCCTGAATCACTGCTATGTGGAT	108403513	108418000	-14487	108432645	-29132	108405478	-12522	-27167
ENSMUST00000032192	TGACATCGTTCGTGTGGTCACTCATGAAGACTGCATCCCCGAGGTTAAGATCGCTTACATTAACTTCCTGAATCACTGCTATGTGGAT	108403513	108418000	-14487	108438299	-34786	108405478	-12522	-32821
ENSMUST00000032192	TGACATCGTTCGTGTGGTCACTCATGAAGACTGCATCCCCGAGGTTAAGATCGCTTACATTAACTTCCTGAATCACTGCTATGTGGAT	108403513	108418000	-14487	108438299	-34786	108405478	-12522	-32821
ENSMUST00000032192	TGACATCGTTCGTGTGGTCACTCATGAAGACTGCATCCCCGAGGTTAAGATCGCTTACATTAACTTCCTGAATCACTGCTATGTGGAT	108403513	108431496	-27983	108438299	-34786	108405478	-26018	-32821
ENSMUST00000032192	TGACATCGTTCGTGTGGTCACTCATGAAGACTGCATCCCCGAGGTTAAGATCGCTTACATTAACTTCCTGAATCACTGCTATGTGGAT	108403513	108519450	-115937	108541902	-138389	108405478	-113972	-136424
ENSMUST00000032192	TGACATCGTTCGTGTGGTCACTCATGAAGACTGCATCCCCGAGGTTAAGATCGCTTACATTAACTTCCTGAATCACTGCTATGTGGAT	108403513	108523448	-119935	108549752	-146239	108405478	-117970	-144274
ENSMUST00000032192	TGACATCGTTCGTGTGGTCACTCATGAAGACTGCATCCCCGAGGTTAAGATCGCTTACATTAACTTCCTGAATCACTGCTATGTGGAT	108403513	108214278	189235	108241263	162250	108405478	191200	164215
ENSMUST00000032192	TGACATCGTTCGTGTGGTCACTCATGAAGACTGCATCCCCGAGGTTAAGATCGCTTACATTAACTTCCTGAATCACTGCTATGTGGAT	108403513	108214278	189235	108339506	64007	108405478	191200	65972
ENSMUST00000032192	TGACATCGTTCGTGTGGTCACTCATGAAGACTGCATCCCCGAGGTTAAGATCGCTTACATTAACTTCCTGAATCACTGCTATGTGGAT	108403513	108214278	189235	108339506	64007	108405478	191200	65972
ENSMUST00000032192	TGACATCGTTCGTGTGGTCACTCATGAAGACTGCATCCCCGAGGTTAAGATCGCTTACATTAACTTCCTGAATCACTGCTATGTGGAT	108403513	108237085	166428	108339506	64007	108405478	168393	65972
ENSMUST00000032192	TGACATCGTTCGTGTGGTCACTCATGAAGACTGCATCCCCGAGGTTAAGATCGCTTACATTAACTTCCTGAATCACTGCTATGTGGAT	108403513	108363705	39808	108369010	34503	108405478	41773	36468
ENSMUST00000032192	TGACATCGTTCGTGTGGTCACTCATGAAGACTGCATCCCCGAGGTTAAGATCGCTTACATTAACTTCCTGAATCACTGCTATGTGGAT	108403513	108413953	-10440	108417888	-14375	108405478	-8475	-12410
ENSMUST00000032192	TGACATCGTTCGTGTGGTCACTCATGAAGACTGCATCCCCGAGGTTAAGATCGCTTACATTAACTTCCTGAATCACTGCTATGTGGAT	108403513	108418000	-14487	108431460	-27947	108405478	-12522	-25982
ENSMUST00000032192	TGACATCGTTCGTGTGGTCACTCATGAAGACTGCATCCCCGAGGTTAAGATCGCTTACATTAACTTCCTGAATCACTGCTATGTGGAT	108403513	108418000	-14487	108432645	-29132	108405478	-12522	-27167
ENSMUST00000032192	TGACATCGTTCGTGTGGTCACTCATGAAGACTGCATCCCCGAGGTTAAGATCGCTTACATTAACTTCCTGAATCACTGCTATGTGGAT	108403513	108418000	-14487	108438299	-34786	108405478	-12522	-32821
ENSMUST00000032192	TGACATCGTTCGTGTGGTCACTCATGAAGACTGCATCCCCGAGGTTAAGATCGCTTACATTAACTTCCTGAATCACTGCTATGTGGAT	108403513	108418000	-14487	108438299	-34786	108405478	-12522	-32821
ENSMUST00000032192	TGACATCGTTCGTGTGGTCACTCATGAAGACTGCATCCCCGAGGTTAAGATCGCTTACATTAACTTCCTGAATCACTGCTATGTGGAT	108403513	108431496	-27983	108438299	-34786	108405478	-26018	-32821
ENSMUST00000032192	TGACATCGTTCGTGTGGTCACTCATGAAGACTGCATCCCCGAGGTTAAGATCGCTTACATTAACTTCCTGAATCACTGCTATGTGGAT	108403513	108519450	-115937	108541902	-138389	108405478	-113972	-136424
ENSMUST00000032192	TGACATCGTTCGTGTGGTCACTCATGAAGACTGCATCCCCGAGGTTAAGATCGCTTACATTAACTTCCTGAATCACTGCTATGTGGAT	108403513	108523448	-119935	108549752	-146239	108405478	-117970	-144274
ENSMUST00000032192	TGACATCGTTCGTGTGGTCACTCATGAAGACTGCATCCCCGAGGTTAAGATCGCTTACATTAACTTCCTGAATCACTGCTATGTGGAT	108403513	108214278	189235	108241263	162250	108405478	191200	164215
ENSMUST00000032192	TGACATCGTTCGTGTGGTCACTCATGAAGACTGCATCCCCGAGGTTAAGATCGCTTACATTAACTTCCTGAATCACTGCTATGTGGAT	108403513	108214278	189235	108339506	64007	108405478	191200	65972
ENSMUST00000032192	TGACATCGTTCGTGTGGTCACTCATGAAGACTGCATCCCCGAGGTTAAGATCGCTTACATTAACTTCCTGAATCACTGCTATGTGGAT	108403513	108214278	189235	108339506	64007	108405478	191200	65972
ENSMUST00000032192	TGACATCGTTCGTGTGGTCACTCATGAAGACTGCATCCCCGAGGTTAAGATCGCTTACATTAACTTCCTGAATCACTGCTATGTGGAT	108403513	108237085	166428	108339506	64007	108405478	168393	65972
ENSMUST00000032192	TGACATCGTTCGTGTGGTCACTCATGAAGACTGCATCCCCGAGGTTAAGATCGCTTACATTAACTTCCTGAATCACTGCTATGTGGAT	108403513	108363705	39808	108369010	34503	108405478	41773	36468
ENSMUST00000032192	TGACATCGTTCGTGTGGTCACTCATGAAGACTGCATCCCCGAGGTTAAGATCGCTTACATTAACTTCCTGAATCACTGCTATGTGGAT	108403513	108413953	-10440	108417888	-14375	108405478	-8475	-12410
ENSMUST00000032192	TGACATCGTTCGTGTGGTCACTCATGAAGACTGCATCCCCGAGGTTAAGATCGCTTACATTAACTTCCTGAATCACTGCTATGTGGAT	108403513	108418000	-14487	108431460	-27947	108405478	-12522	-25982
ENSMUST00000032192	TGACATCGTTCGTGTGGTCACTCATGAAGACTGCATCCCCGAGGTTAAGATCGCTTACATTAACTTCCTGAATCACTGCTATGTGGAT	108403513	108418000	-14487	108432645	-29132	108405478	-12522	-27167
ENSMUST00000032192	TGACATCGTTCGTGTGGTCACTCATGAAGACTGCATCCCCGAGGTTAAGATCGCTTACATTAACTTCCTGAATCACTGCTATGTGGAT	108403513	108418000	-14487	108438299	-34786	108405478	-12522	-32821
ENSMUST00000032192	TGACATCGTTCGTGTGGTCACTCATGAAGACTGCATCCCCGAGGTTAAGATCGCTTACATTAACTTCCTGAATCACTGCTATGTGGAT	108403513	108418000	-14487	108438299	-34786	108405478	-12522	-32821
ENSMUST00000032192	TGACATCGTTCGTGTGGTCACTCATGAAGACTGCATCCCCGAGGTTAAGATCGCTTACATTAACTTCCTGAATCACTGCTATGTGGAT	108403513	108431496	-27983	108438299	-34786	108405478	-26018	-32821
ENSMUST00000032192	TGACATCGTTCGTGTGGTCACTCATGAAGACTGCATCCCCGAGGTTAAGATCGCTTACATTAACTTCCTGAATCACTGCTATGTGGAT	108403513	108519450	-115937	108541902	-138389	108405478	-113972	-136424
ENSMUST00000032192	TGACATCGTTCGTGTGGTCACTCATGAAGACTGCATCCCCGAGGTTAAGATCGCTTACATTAACTTCCTGAATCACTGCTATGTGGAT	108403513	108523448	-119935	108549752	-146239	108405478	-117970	-144274
ENSMUST00000064798	AAGGAGAAAGAGCTACATCCCAAGACACAAAGTGTGCTCAAAGAGCCCGAGCCGACTGACACCACCACCTACAAGAACCTGCAGCACC	31521651	31521692	-41	31531109	-9458	31531157	9465	48
ENSMUST00000155358	ATCGGCCCTCTGCATCCCATCCTCTCCCAAATATGACACTCTCATCATCAGAGATTACACGCAGAGTTCTTCATCGTTGTGAGCCACT	88130796	87804064	326732	88026423	104373	88130884	326820	104461
ENSMUST00000155358	ATCGGCCCTCTGCATCCCATCCTCTCCCAAATATGACACTCTCATCATCAGAGATTACACGCAGAGTTCTTCATCGTTGTGAGCCACT	88130796	88075130	55666	88129980	816	88130884	55754	904
ENSMUST00000037942	GTATTTGCTACCAGGAAGTACCCAATTTCTTATGAGATCACCACTGTACAACATGAAATATAATTCACCCGGAATGACTCGCTCCAAT	146979652	146897814	81838	146904033	75619	146979740	81926	75707
ENSMUST00000037942	GTATTTGCTACCAGGAAGTACCCAATTTCTTATGAGATCACCACTGTACAACATGAAATATAATTCACCCGGAATGACTCGCTCCAAT	146979652	146897814	81838	146909505	70147	146979740	81926	70235
ENSMUST00000037942	GTATTTGCTACCAGGAAGTACCCAATTTCTTATGAGATCACCACTGTACAACATGAAATATAATTCACCCGGAATGACTCGCTCCAAT	146979652	146931613	48039	146939975	39677	146979740	48127	39765
ENSMUST00000037942	GTATTTGCTACCAGGAAGTACCCAATTTCTTATGAGATCACCACTGTACAACATGAAATATAATTCACCCGGAATGACTCGCTCCAAT	146979652	146940177	39475	146944005	35647	146979740	39563	35735
ENSMUST00000037942	GTATTTGCTACCAGGAAGTACCCAATTTCTTATGAGATCACCACTGTACAACATGAAATATAATTCACCCGGAATGACTCGCTCCAAT	146979652	146944208	35444	146947577	32075	146979740	35532	32163
ENSMUST00000037942	GTATTTGCTACCAGGAAGTACCCAATTTCTTATGAGATCACCACTGTACAACATGAAATATAATTCACCCGGAATGACTCGCTCCAAT	146979652	146945228	34424	146961603	18049	146979740	34512	18137
ENSMUST00000037942	GTATTTGCTACCAGGAAGTACCCAATTTCTTATGAGATCACCACTGTACAACATGAAATATAATTCACCCGGAATGACTCGCTCCAAT	146979652	146947658	31994	146967995	11657	146979740	32082	11745
ENSMUST00000019975	CACTTTGTGATTTTTTTTTTTTTTTTTAAATTTGAAGAACGCAACTGAGACTGGAATCTTGAAGGCAGCTGTGTCTGGGAACGAGCCT	40938174	40884070	54104	40926483	11691	40938262	54192	11779
ENSMUST00000019975	CACTTTGTGATTTTTTTTTTTTTTTTTAAATTTGAAGAACGCAACTGAGACTGGAATCTTGAAGGCAGCTGTGTCTGGGAACGAGCCT	40938174	40920408	17766	40930630	7544	40938262	17854	7632
ENSMUST00000231569	CAACATACTGGGCTCAATCACACTTGGTCACAGGATTCTGCACATACCTTCCTTTTCAAGGATTTGGCATCACCCAGCGACCAGCGTA	94443029	94384066	58963	94384783	58246	94443117	59051	58334
ENSMUST00000231569	CAACATACTGGGCTCAATCACACTTGGTCACAGGATTCTGCACATACCTTCCTTTTCAAGGATTTGGCATCACCCAGCGACCAGCGTA	94443029	94384934	58095	94387336	55693	94443117	58183	55781
ENSMUST00000231569	CAACATACTGGGCTCAATCACACTTGGTCACAGGATTCTGCACATACCTTCCTTTTCAAGGATTTGGCATCACCCAGCGACCAGCGTA	94443029	94384934	58095	94392014	51015	94443117	58183	51103
ENSMUST00000231569	CAACATACTGGGCTCAATCACACTTGGTCACAGGATTCTGCACATACCTTCCTTTTCAAGGATTTGGCATCACCCAGCGACCAGCGTA	94443029	94385423	57606	94388264	54765	94443117	57694	54853
ENSMUST00000231569	CAACATACTGGGCTCAATCACACTTGGTCACAGGATTCTGCACATACCTTCCTTTTCAAGGATTTGGCATCACCCAGCGACCAGCGTA	94443029	94370861	72168	94392014	51015	94443117	72256	51103
ENSMUST00000231569	CAACATACTGGGCTCAATCACACTTGGTCACAGGATTCTGCACATACCTTCCTTTTCAAGGATTTGGCATCACCCAGCGACCAGCGTA	94443029	94385423	57606	94392014	51015	94443117	57694	51103
ENSMUST00000231569	CAACATACTGGGCTCAATCACACTTGGTCACAGGATTCTGCACATACCTTCCTTTTCAAGGATTTGGCATCACCCAGCGACCAGCGTA	94443029	94388385	54644	94392014	51015	94443117	54732	51103
ENSMUST00000231569	CAACATACTGGGCTCAATCACACTTGGTCACAGGATTCTGCACATACCTTCCTTTTCAAGGATTTGGCATCACCCAGCGACCAGCGTA	94443029	94370861	72168	94393111	49918	94443117	72256	50006
ENSMUST00000231569	CAACATACTGGGCTCAATCACACTTGGTCACAGGATTCTGCACATACCTTCCTTTTCAAGGATTTGGCATCACCCAGCGACCAGCGTA	94443029	94384934	58095	94393111	49918	94443117	58183	50006
ENSMUST00000231569	CAACATACTGGGCTCAATCACACTTGGTCACAGGATTCTGCACATACCTTCCTTTTCAAGGATTTGGCATCACCCAGCGACCAGCGTA	94443029	94390287	52742	94393111	49918	94443117	52830	50006
ENSMUST00000231569	CAACATACTGGGCTCAATCACACTTGGTCACAGGATTCTGCACATACCTTCCTTTTCAAGGATTTGGCATCACCCAGCGACCAGCGTA	94443029	94370861	72168	94403313	39716	94443117	72256	39804
ENSMUST00000231569	CAACATACTGGGCTCAATCACACTTGGTCACAGGATTCTGCACATACCTTCCTTTTCAAGGATTTGGCATCACCCAGCGACCAGCGTA	94443029	94403368	39661	94409683	33346	94443117	39749	33434
ENSMUST00000231569	CAACATACTGGGCTCAATCACACTTGGTCACAGGATTCTGCACATACCTTCCTTTTCAAGGATTTGGCATCACCCAGCGACCAGCGTA	94443029	94403368	39661	94410832	32197	94443117	39749	32285
ENSMUST00000231569	CAACATACTGGGCTCAATCACACTTGGTCACAGGATTCTGCACATACCTTCCTTTTCAAGGATTTGGCATCACCCAGCGACCAGCGTA	94443029	94403368	39661	94415948	27081	94443117	39749	27169
ENSMUST00000231569	CAACATACTGGGCTCAATCACACTTGGTCACAGGATTCTGCACATACCTTCCTTTTCAAGGATTTGGCATCACCCAGCGACCAGCGTA	94443029	94403368	39661	94409683	33346	94443117	39749	33434
ENSMUST00000231569	CAACATACTGGGCTCAATCACACTTGGTCACAGGATTCTGCACATACCTTCCTTTTCAAGGATTTGGCATCACCCAGCGACCAGCGTA	94443029	94403368	39661	94410832	32197	94443117	39749	32285
ENSMUST00000231569	CAACATACTGGGCTCAATCACACTTGGTCACAGGATTCTGCACATACCTTCCTTTTCAAGGATTTGGCATCACCCAGCGACCAGCGTA	94443029	94403368	39661	94410871	32158	94443117	39749	32246
ENSMUST00000231569	CAACATACTGGGCTCAATCACACTTGGTCACAGGATTCTGCACATACCTTCCTTTTCAAGGATTTGGCATCACCCAGCGACCAGCGTA	94443029	94408716	34313	94410832	32197	94443117	34401	32285
ENSMUST00000231569	CAACATACTGGGCTCAATCACACTTGGTCACAGGATTCTGCACATACCTTCCTTTTCAAGGATTTGGCATCACCCAGCGACCAGCGTA	94443029	94403368	39661	94412059	30970	94443117	39749	31058
ENSMUST00000231569	CAACATACTGGGCTCAATCACACTTGGTCACAGGATTCTGCACATACCTTCCTTTTCAAGGATTTGGCATCACCCAGCGACCAGCGTA	94443029	94403368	39661	94415948	27081	94443117	39749	27169
ENSMUST00000231569	CAACATACTGGGCTCAATCACACTTGGTCACAGGATTCTGCACATACCTTCCTTTTCAAGGATTTGGCATCACCCAGCGACCAGCGTA	94443029	94408716	34313	94415948	27081	94443117	34401	27169
ENSMUST00000231569	CAACATACTGGGCTCAATCACACTTGGTCACAGGATTCTGCACATACCTTCCTTTTCAAGGATTTGGCATCACCCAGCGACCAGCGTA	94443029	94403368	39661	94412059	30970	94443117	39749	31058
ENSMUST00000231569	CAACATACTGGGCTCAATCACACTTGGTCACAGGATTCTGCACATACCTTCCTTTTCAAGGATTTGGCATCACCCAGCGACCAGCGTA	94443029	94403368	39661	94415948	27081	94443117	39749	27169
ENSMUST00000231569	CAACATACTGGGCTCAATCACACTTGGTCACAGGATTCTGCACATACCTTCCTTTTCAAGGATTTGGCATCACCCAGCGACCAGCGTA	94443029	94403368	39661	94416281	26748	94443117	39749	26836
ENSMUST00000231569	CAACATACTGGGCTCAATCACACTTGGTCACAGGATTCTGCACATACCTTCCTTTTCAAGGATTTGGCATCACCCAGCGACCAGCGTA	94443029	94410956	32073	94415948	27081	94443117	32161	27169
ENSMUST00000231569	CAACATACTGGGCTCAATCACACTTGGTCACAGGATTCTGCACATACCTTCCTTTTCAAGGATTTGGCATCACCCAGCGACCAGCGTA	94443029	94403368	39661	94416281	26748	94443117	39749	26836
ENSMUST00000231569	CAACATACTGGGCTCAATCACACTTGGTCACAGGATTCTGCACATACCTTCCTTTTCAAGGATTTGGCATCACCCAGCGACCAGCGTA	94443029	94412123	30906	94416281	26748	94443117	30994	26836
ENSMUST00000231569	CAACATACTGGGCTCAATCACACTTGGTCACAGGATTCTGCACATACCTTCCTTTTCAAGGATTTGGCATCACCCAGCGACCAGCGTA	94443029	94416009	27020	94418606	24423	94443117	27108	24511
ENSMUST00000231569	CAACATACTGGGCTCAATCACACTTGGTCACAGGATTCTGCACATACCTTCCTTTTCAAGGATTTGGCATCACCCAGCGACCAGCGTA	94443029	94416366	26663	94419397	23632	94443117	26751	23720
ENSMUST00000231569	CAACATACTGGGCTCAATCACACTTGGTCACAGGATTCTGCACATACCTTCCTTTTCAAGGATTTGGCATCACCCAGCGACCAGCGTA	94443029	94419478	23551	94422226	20803	94443117	23639	20891
ENSMUST00000231569	CAACATACTGGGCTCAATCACACTTGGTCACAGGATTCTGCACATACCTTCCTTTTCAAGGATTTGGCATCACCCAGCGACCAGCGTA	94443029	94424187	18842	94426150	16879	94443117	18930	16967
ENSMUST00000231569	CAACATACTGGGCTCAATCACACTTGGTCACAGGATTCTGCACATACCTTCCTTTTCAAGGATTTGGCATCACCCAGCGACCAGCGTA	94443029	94425188	17841	94426765	16264	94443117	17929	16352
ENSMUST00000231569	CAACATACTGGGCTCAATCACACTTGGTCACAGGATTCTGCACATACCTTCCTTTTCAAGGATTTGGCATCACCCAGCGACCAGCGTA	94443029	94454523	-11494	94457320	-14291	94443117	-11406	-14203
ENSMUST00000231569	CAACATACTGGGCTCAATCACACTTGGTCACAGGATTCTGCACATACCTTCCTTTTCAAGGATTTGGCATCACCCAGCGACCAGCGTA	94443029	94454523	-11494	94457320	-14291	94443117	-11406	-14203
ENSMUST00000231569	CAACATACTGGGCTCAATCACACTTGGTCACAGGATTCTGCACATACCTTCCTTTTCAAGGATTTGGCATCACCCAGCGACCAGCGTA	94443029	94457411	-14382	94459761	-16732	94443117	-14294	-16644
ENSMUST00000231569	CAACATACTGGGCTCAATCACACTTGGTCACAGGATTCTGCACATACCTTCCTTTTCAAGGATTTGGCATCACCCAGCGACCAGCGTA	94443029	94462348	-19319	94466902	-23873	94443117	-19231	-23785
ENSMUST00000022293	AAGTCAAAGCTGACAAGGAGTAACTTTGCAGTCGGCTACAGGACTGGGGACTTCCAGCTACACACAAATGTAAATAATGGGACAGAATT	21838554	21831444	7110	21831850	6704	21840444	9000	8594
ENSMUST00000022293	AAGTCAAAGCTGACAAGGAGTAACTTTGCAGTCGGCTACAGGACTGGGGACTTCCAGCTACACACAAATGTAAATAATGGGACAGAATT	21838554	21831667	6887	21832883	5671	21840444	8777	7561
ENSMUST00000022293	AAGTCAAAGCTGACAAGGAGTAACTTTGCAGTCGGCTACAGGACTGGGGACTTCCAGCTACACACAAATGTAAATAATGGGACAGAATT	21838554	21833850	4704	21837990	564	21840444	6594	2454
ENSMUST00000022293	AAGTCAAAGCTGACAAGGAGTAACTTTGCAGTCGGCTACAGGACTGGGGACTTCCAGCTACACACAAATGTAAATAATGGGACAGAATT	21838554	21838618	-64	21843881	-5327	21840444	1826	-3437
ENSMUST00000107938	CCCTCAACGGCAGGTGTGGCAGGGGGTCCCGTGGCGGTTGAGCCAGAAGTCCCGCCTGTACCTTTGCCCACTGCCTCATCCCTGCCTCG	44354315	44316141	38174	44319076	35239	44354404	38263	35328
ENSMUST00000107938	CCCTCAACGGCAGGTGTGGCAGGGGGTCCCGTGGCGGTTGAGCCAGAAGTCCCGCCTGTACCTTTGCCCACTGCCTCATCCCTGCCTCG	44354315	44316495	37820	44319642	34673	44354404	37909	34762
ENSMUST00000107938	CCCTCAACGGCAGGTGTGGCAGGGGGTCCCGTGGCGGTTGAGCCAGAAGTCCCGCCTGTACCTTTGCCCACTGCCTCATCCCTGCCTCG	44354315	44325402	28913	44325955	28360	44354404	29002	28449
ENSMUST00000107938	CCCTCAACGGCAGGTGTGGCAGGGGGTCCCGTGGCGGTTGAGCCAGAAGTCCCGCCTGTACCTTTGCCCACTGCCTCATCCCTGCCTCG	44354315	44326286	28029	44333291	21024	44354404	28118	21113
ENSMUST00000107938	CCCTCAACGGCAGGTGTGGCAGGGGGTCCCGTGGCGGTTGAGCCAGAAGTCCCGCCTGTACCTTTGCCCACTGCCTCATCCCTGCCTCG	44354315	44333618	20697	44342097	12218	44354404	20786	12307
ENSMUST00000107938	CCCTCAACGGCAGGTGTGGCAGGGGGTCCCGTGGCGGTTGAGCCAGAAGTCCCGCCTGTACCTTTGCCCACTGCCTCATCCCTGCCTCG	44354315	44343180	11135	44344297	10018	44354404	11224	10107
ENSMUST00000107938	CCCTCAACGGCAGGTGTGGCAGGGGGTCCCGTGGCGGTTGAGCCAGAAGTCCCGCCTGTACCTTTGCCCACTGCCTCATCCCTGCCTCG	44354315	44343180	11135	44344505	9810	44354404	11224	9899
ENSMUST00000107938	CCCTCAACGGCAGGTGTGGCAGGGGGTCCCGTGGCGGTTGAGCCAGAAGTCCCGCCTGTACCTTTGCCCACTGCCTCATCCCTGCCTCG	44354315	44343180	11135	44344505	9810	44354404	11224	9899
ENSMUST00000107938	CCCTCAACGGCAGGTGTGGCAGGGGGTCCCGTGGCGGTTGAGCCAGAAGTCCCGCCTGTACCTTTGCCCACTGCCTCATCCCTGCCTCG	44354315	44343738	10577	44344505	9810	44354404	10666	9899
ENSMUST00000107938	CCCTCAACGGCAGGTGTGGCAGGGGGTCCCGTGGCGGTTGAGCCAGAAGTCCCGCCTGTACCTTTGCCCACTGCCTCATCCCTGCCTCG	44354315	44343180	11135	44344898	9417	44354404	11224	9506
ENSMUST00000098266	AAGATGTCTGTAGTCCCAGTAGGTGACAGTTTTGGCAGCTAAATGATGACCAGATTGAAGGTGGGAGAGGGCAGGACTGTGAATAGATT	99601588	99535798	65790	99583659	17929	99601677	65879	18018
ENSMUST00000098266	AAGATGTCTGTAGTCCCAGTAGGTGACAGTTTTGGCAGCTAAATGATGACCAGATTGAAGGTGGGAGAGGGCAGGACTGTGAATAGATT	99601588	99535798	65790	99587214	14374	99601677	65879	14463
ENSMUST00000098266	AAGATGTCTGTAGTCCCAGTAGGTGACAGTTTTGGCAGCTAAATGATGACCAGATTGAAGGTGGGAGAGGGCAGGACTGTGAATAGATT	99601588	99583720	17868	99587997	13591	99601677	17957	13680
ENSMUST00000098266	AAGATGTCTGTAGTCCCAGTAGGTGACAGTTTTGGCAGCTAAATGATGACCAGATTGAAGGTGGGAGAGGGCAGGACTGTGAATAGATT	99601588	99587259	14329	99588894	12694	99601677	14418	12783
ENSMUST00000098266	AAGATGTCTGTAGTCCCAGTAGGTGACAGTTTTGGCAGCTAAATGATGACCAGATTGAAGGTGGGAGAGGGCAGGACTGTGAATAGATT	99601588	99594758	6830	99597035	4553	99601677	6919	4642
ENSMUST00000098266	AAGATGTCTGTAGTCCCAGTAGGTGACAGTTTTGGCAGCTAAATGATGACCAGATTGAAGGTGGGAGAGGGCAGGACTGTGAATAGATT	99601588	99596106	5482	99598490	3098	99601677	5571	3187
ENSMUST00000098266	AAGATGTCTGTAGTCCCAGTAGGTGACAGTTTTGGCAGCTAAATGATGACCAGATTGAAGGTGGGAGAGGGCAGGACTGTGAATAGATT	99601588	99597059	4529	99599800	1788	99601677	4618	1877
ENSMUST00000098266	AAGATGTCTGTAGTCCCAGTAGGTGACAGTTTTGGCAGCTAAATGATGACCAGATTGAAGGTGGGAGAGGGCAGGACTGTGAATAGATT	99601588	99598561	3027	99601097	491	99601677	3116	580
ENSMUST00000021314	TATTTTCAATGAATTAACATGCTCATGCAGCCGTGATCAAGGGAATGTAACTGCTGAAACCTAGCTCGTGATTGGCATATTATGGAGTT	103065992	103028702	37290	103046378	19614	103066081	37379	19703
ENSMUST00000021314	TATTTTCAATGAATTAACATGCTCATGCAGCCGTGATCAAGGGAATGTAACTGCTGAAACCTAGCTCGTGATTGGCATATTATGGAGTT	103065992	103043276	22716	103052205	13787	103066081	22805	13876
ENSMUST00000021314	TATTTTCAATGAATTAACATGCTCATGCAGCCGTGATCAAGGGAATGTAACTGCTGAAACCTAGCTCGTGATTGGCATATTATGGAGTT	103065992	103057535	8457	103060077	5915	103066081	8546	6004
ENSMUST00000131671	AAAGAGCGCCAAGCTGCTAGACAGGCCTCCAGAAGCACTGCGTATGAAGATTATTATTATCACCCTCCTCCCCGAATGCCACCTCCAAT	136339265	136311089	28176	136316360	22905	136339476	28387	23116
ENSMUST00000131671	AAAGAGCGCCAAGCTGCTAGACAGGCCTCCAGAAGCACTGCGTATGAAGATTATTATTATCACCCTCCTCCCCGAATGCCACCTCCAAT	136339265	136311747	27518	136316360	22905	136339476	27729	23116
ENSMUST00000131671	AAAGAGCGCCAAGCTGCTAGACAGGCCTCCAGAAGCACTGCGTATGAAGATTATTATTATCACCCTCCTCCCCGAATGCCACCTCCAAT	136339265	136311089	28176	136316360	22905	136339476	28387	23116
ENSMUST00000131671	AAAGAGCGCCAAGCTGCTAGACAGGCCTCCAGAAGCACTGCGTATGAAGATTATTATTATCACCCTCCTCCCCGAATGCCACCTCCAAT	136339265	136311747	27518	136316360	22905	136339476	27729	23116
ENSMUST00000131671	AAAGAGCGCCAAGCTGCTAGACAGGCCTCCAGAAGCACTGCGTATGAAGATTATTATTATCACCCTCCTCCCCGAATGCCACCTCCAAT	136339265	136327412	11853	136336297	2968	136339476	12064	3179
ENSMUST00000131671	AAAGAGCGCCAAGCTGCTAGACAGGCCTCCAGAAGCACTGCGTATGAAGATTATTATTATCACCCTCCTCCCCGAATGCCACCTCCAAT	136339265	136329501	9764	136336297	2968	136339476	9975	3179
ENSMUST00000131671	AAAGAGCGCCAAGCTGCTAGACAGGCCTCCAGAAGCACTGCGTATGAAGATTATTATTATCACCCTCCTCCCCGAATGCCACCTCCAAT	136339265	136332603	6662	136339175	90	136339476	6873	301
ENSMUST00000131671	AAAGAGCGCCAAGCTGCTAGACAGGCCTCCAGAAGCACTGCGTATGAAGATTATTATTATCACCCTCCTCCCCGAATGCCACCTCCAAT	136339265	136336447	2818	136339418	-153	136339476	3029	58
ENSMUST00000102560	AGCTCAAAGCCGAGAGCCTGTCGGACAAGCTCAACGACCTGGAGAAGAAGCACGCCATGCTGGAGATGAACGCCCGGAGCTTACAGCAGA	115971375	115859373	112002	115873851	97524	115973815	114442	99964
ENSMUST00000102560	AGCTCAAAGCCGAGAGCCTGTCGGACAAGCTCAACGACCTGGAGAAGAAGCACGCCATGCTGGAGATGAACGCCCGGAGCTTACAGCAGA	115971375	115873994	97381	115884865	86510	115973815	99821	88950
ENSMUST00000102560	AGCTCAAAGCCGAGAGCCTGTCGGACAAGCTCAACGACCTGGAGAAGAAGCACGCCATGCTGGAGATGAACGCCCGGAGCTTACAGCAGA	115971375	115925499	45876	115927835	43540	115973815	48316	45980
ENSMUST00000102560	AGCTCAAAGCCGAGAGCCTGTCGGACAAGCTCAACGACCTGGAGAAGAAGCACGCCATGCTGGAGATGAACGCCCGGAGCTTACAGCAGA	115971375	115936869	34506	115941836	29539	115973815	36946	31979
ENSMUST00000102560	AGCTCAAAGCCGAGAGCCTGTCGGACAAGCTCAACGACCTGGAGAAGAAGCACGCCATGCTGGAGATGAACGCCCGGAGCTTACAGCAGA	115971375	115936869	34506	115945784	25591	115973815	36946	28031
ENSMUST00000102560	AGCTCAAAGCCGAGAGCCTGTCGGACAAGCTCAACGACCTGGAGAAGAAGCACGCCATGCTGGAGATGAACGCCCGGAGCTTACAGCAGA	115971375	115948081	23294	115961143	10232	115973815	25734	12672
ENSMUST00000102560	AGCTCAAAGCCGAGAGCCTGTCGGACAAGCTCAACGACCTGGAGAAGAAGCACGCCATGCTGGAGATGAACGCCCGGAGCTTACAGCAGA	115971375	115952649	18726	115967887	3488	115973815	21166	5928
ENSMUST00000102560	AGCTCAAAGCCGAGAGCCTGTCGGACAAGCTCAACGACCTGGAGAAGAAGCACGCCATGCTGGAGATGAACGCCCGGAGCTTACAGCAGA	115971375	115968085	3290	115968963	2412	115973815	5730	4852
ENSMUST00000102560	AGCTCAAAGCCGAGAGCCTGTCGGACAAGCTCAACGACCTGGAGAAGAAGCACGCCATGCTGGAGATGAACGCCCGGAGCTTACAGCAGA	115971375	115979495	-8120	115981694	-10319	115973815	-5680	-7879
ENSMUST00000102560	AGCTCAAAGCCGAGAGCCTGTCGGACAAGCTCAACGACCTGGAGAAGAAGCACGCCATGCTGGAGATGAACGCCCGGAGCTTACAGCAGA	115971375	115987063	-15688	115988155	-16780	115973815	-13248	-14340
ENSMUST00000102560	AGCTCAAAGCCGAGAGCCTGTCGGACAAGCTCAACGACCTGGAGAAGAAGCACGCCATGCTGGAGATGAACGCCCGGAGCTTACAGCAGA	115971375	115988236	-16861	115990327	-18952	115973815	-14421	-16512
ENSMUST00000057934	ATCTTGAGGATGACCTTGTGGTAAATGGGGAGAGATCTGACTGTACCCTGCCGGACTCTGTGTCATCAGGGAACAAAGGAAGGGCTAAACA	123381414	123374064	7350	123382526	-1112	123381505	7441	-1021
ENSMUST00000057934	ATCTTGAGGATGACCTTGTGGTAAATGGGGAGAGATCTGACTGTACCCTGCCGGACTCTGTGTCATCAGGGAACAAAGGAAGGGCTAAACA	123381414	123374064	7350	123383324	-1910	123381505	7441	-1819
ENSMUST00000057934	ATCTTGAGGATGACCTTGTGGTAAATGGGGAGAGATCTGACTGTACCCTGCCGGACTCTGTGTCATCAGGGAACAAAGGAAGGGCTAAACA	123381414	123374064	7350	123383324	-1910	123381505	7441	-1819
ENSMUST00000057934	ATCTTGAGGATGACCTTGTGGTAAATGGGGAGAGATCTGACTGTACCCTGCCGGACTCTGTGTCATCAGGGAACAAAGGAAGGGCTAAACA	123381414	123381561	-147	123383324	-1910	123381505	-56	-1819
ENSMUST00000057934	ATCTTGAGGATGACCTTGTGGTAAATGGGGAGAGATCTGACTGTACCCTGCCGGACTCTGTGTCATCAGGGAACAAAGGAAGGGCTAAACA	123381414	123374064	7350	123384348	-2934	123381505	7441	-2843
ENSMUST00000057934	ATCTTGAGGATGACCTTGTGGTAAATGGGGAGAGATCTGACTGTACCCTGCCGGACTCTGTGTCATCAGGGAACAAAGGAAGGGCTAAACA	123381414	123374064	7350	123388564	-7150	123381505	7441	-7059
ENSMUST00000057934	ATCTTGAGGATGACCTTGTGGTAAATGGGGAGAGATCTGACTGTACCCTGCCGGACTCTGTGTCATCAGGGAACAAAGGAAGGGCTAAACA	123381414	123374064	7350	123388564	-7150	123381505	7441	-7059
ENSMUST00000057934	ATCTTGAGGATGACCTTGTGGTAAATGGGGAGAGATCTGACTGTACCCTGCCGGACTCTGTGTCATCAGGGAACAAAGGAAGGGCTAAACA	123381414	123383443	-2029	123388564	-7150	123381505	-1938	-7059
ENSMUST00000057934	ATCTTGAGGATGACCTTGTGGTAAATGGGGAGAGATCTGACTGTACCCTGCCGGACTCTGTGTCATCAGGGAACAAAGGAAGGGCTAAACA	123381414	123388647	-7233	123390778	-9364	123381505	-7142	-9273
ENSMUST00000057934	ATCTTGAGGATGACCTTGTGGTAAATGGGGAGAGATCTGACTGTACCCTGCCGGACTCTGTGTCATCAGGGAACAAAGGAAGGGCTAAACA	123381414	123388647	-7233	123391580	-10166	123381505	-7142	-10075
ENSMUST00000057934	ATCTTGAGGATGACCTTGTGGTAAATGGGGAGAGATCTGACTGTACCCTGCCGGACTCTGTGTCATCAGGGAACAAAGGAAGGGCTAAACA	123381414	123393014	-11600	123395550	-14136	123381505	-11509	-14045
ENSMUST00000057934	ATCTTGAGGATGACCTTGTGGTAAATGGGGAGAGATCTGACTGTACCCTGCCGGACTCTGTGTCATCAGGGAACAAAGGAAGGGCTAAACA	123381414	123398141	-16727	123400624	-19210	123381505	-16636	-19119
ENSMUST00000057934	ATCTTGAGGATGACCTTGTGGTAAATGGGGAGAGATCTGACTGTACCCTGCCGGACTCTGTGTCATCAGGGAACAAAGGAAGGGCTAAACA	123381414	123398606	-17192	123400624	-19210	123381505	-17101	-19119
ENSMUST00000166734	GTTATCTCCAAGTGCATTTGATTACGATACAGAGAACATGAATTCTGAAGACATTTATAGCTCCCTTAGAGGCGTCACTGAGGCAATCCAG	113903857	113813288	90569	113841558	62299	113903948	90660	62390
ENSMUST00000166734	GTTATCTCCAAGTGCATTTGATTACGATACAGAGAACATGAATTCTGAAGACATTTATAGCTCCCTTAGAGGCGTCACTGAGGCAATCCAG	113903857	113844219	59638	113848480	55377	113903948	59729	55468
ENSMUST00000166734	GTTATCTCCAAGTGCATTTGATTACGATACAGAGAACATGAATTCTGAAGACATTTATAGCTCCCTTAGAGGCGTCACTGAGGCAATCCAG	113903857	113847838	56019	113850122	53735	113903948	56110	53826
ENSMUST00000166734	GTTATCTCCAAGTGCATTTGATTACGATACAGAGAACATGAATTCTGAAGACATTTATAGCTCCCTTAGAGGCGTCACTGAGGCAATCCAG	113903857	113852790	51067	113854172	49685	113903948	51158	49776
ENSMUST00000166734	GTTATCTCCAAGTGCATTTGATTACGATACAGAGAACATGAATTCTGAAGACATTTATAGCTCCCTTAGAGGCGTCACTGAGGCAATCCAG	113903857	113852790	51067	113862185	41672	113903948	51158	41763
ENSMUST00000166734	GTTATCTCCAAGTGCATTTGATTACGATACAGAGAACATGAATTCTGAAGACATTTATAGCTCCCTTAGAGGCGTCACTGAGGCAATCCAG	113903857	113853404	50453	113858580	45277	113903948	50544	45368
ENSMUST00000166734	GTTATCTCCAAGTGCATTTGATTACGATACAGAGAACATGAATTCTGAAGACATTTATAGCTCCCTTAGAGGCGTCACTGAGGCAATCCAG	113903857	113854346	49511	113860119	43738	113903948	49602	43829
ENSMUST00000166734	GTTATCTCCAAGTGCATTTGATTACGATACAGAGAACATGAATTCTGAAGACATTTATAGCTCCCTTAGAGGCGTCACTGAGGCAATCCAG	113903857	113854346	49511	113862185	41672	113903948	49602	41763
ENSMUST00000166734	GTTATCTCCAAGTGCATTTGATTACGATACAGAGAACATGAATTCTGAAGACATTTATAGCTCCCTTAGAGGCGTCACTGAGGCAATCCAG	113903857	113854346	49511	113862185	41672	113903948	49602	41763
ENSMUST00000166734	GTTATCTCCAAGTGCATTTGATTACGATACAGAGAACATGAATTCTGAAGACATTTATAGCTCCCTTAGAGGCGTCACTGAGGCAATCCAG	113903857	113858604	45253	113862185	41672	113903948	45344	41763
ENSMUST00000166734	GTTATCTCCAAGTGCATTTGATTACGATACAGAGAACATGAATTCTGAAGACATTTATAGCTCCCTTAGAGGCGTCACTGAGGCAATCCAG	113903857	113854346	49511	113868547	35310	113903948	49602	35401
ENSMUST00000166734	GTTATCTCCAAGTGCATTTGATTACGATACAGAGAACATGAATTCTGAAGACATTTATAGCTCCCTTAGAGGCGTCACTGAGGCAATCCAG	113903857	113854346	49511	113876243	27614	113903948	49602	27705
ENSMUST00000166734	GTTATCTCCAAGTGCATTTGATTACGATACAGAGAACATGAATTCTGAAGACATTTATAGCTCCCTTAGAGGCGTCACTGAGGCAATCCAG	113903857	113868718	35139	113876243	27614	113903948	35230	27705
ENSMUST00000166734	GTTATCTCCAAGTGCATTTGATTACGATACAGAGAACATGAATTCTGAAGACATTTATAGCTCCCTTAGAGGCGTCACTGAGGCAATCCAG	113903857	113870730	33127	113876243	27614	113903948	33218	27705
ENSMUST00000166734	GTTATCTCCAAGTGCATTTGATTACGATACAGAGAACATGAATTCTGAAGACATTTATAGCTCCCTTAGAGGCGTCACTGAGGCAATCCAG	113903857	113876350	27507	113879941	23916	113903948	27598	24007
ENSMUST00000166734	GTTATCTCCAAGTGCATTTGATTACGATACAGAGAACATGAATTCTGAAGACATTTATAGCTCCCTTAGAGGCGTCACTGAGGCAATCCAG	113903857	113876350	27507	113881687	22170	113903948	27598	22261
ENSMUST00000166734	GTTATCTCCAAGTGCATTTGATTACGATACAGAGAACATGAATTCTGAAGACATTTATAGCTCCCTTAGAGGCGTCACTGAGGCAATCCAG	113903857	113881751	22106	113889957	13900	113903948	22197	13991
ENSMUST00000166734	GTTATCTCCAAGTGCATTTGATTACGATACAGAGAACATGAATTCTGAAGACATTTATAGCTCCCTTAGAGGCGTCACTGAGGCAATCCAG	113903857	113876350	27507	113899455	4402	113903948	27598	4493
ENSMUST00000166734	GTTATCTCCAAGTGCATTTGATTACGATACAGAGAACATGAATTCTGAAGACATTTATAGCTCCCTTAGAGGCGTCACTGAGGCAATCCAG	113903857	113892475	11382	113899455	4402	113903948	11473	4493
ENSMUST00000166734	GTTATCTCCAAGTGCATTTGATTACGATACAGAGAACATGAATTCTGAAGACATTTATAGCTCCCTTAGAGGCGTCACTGAGGCAATCCAG	113903857	113896785	7072	113901490	2367	113903948	7163	2458
ENSMUST00000166734	GTTATCTCCAAGTGCATTTGATTACGATACAGAGAACATGAATTCTGAAGACATTTATAGCTCCCTTAGAGGCGTCACTGAGGCAATCCAG	113903857	113901597	2260	113905996	-2139	113903948	2351	-2048
ENSMUST00000166734	GTTATCTCCAAGTGCATTTGATTACGATACAGAGAACATGAATTCTGAAGACATTTATAGCTCCCTTAGAGGCGTCACTGAGGCAATCCAG	113903857	113903995	-138	113908686	-4829	113903948	-47	-4738
ENSMUST00000166734	GTTATCTCCAAGTGCATTTGATTACGATACAGAGAACATGAATTCTGAAGACATTTATAGCTCCCTTAGAGGCGTCACTGAGGCAATCCAG	113903857	113909544	-5687	113915137	-11280	113903948	-5596	-11189
ENSMUST00000106992	ATGGTCCTTTCTGATCACGACTTCAAATCCCACAGTAGCCCTGAAAGACATCTAAGAACTCCTGCATCACAAGAGAAAAGGACACCAGTACC	104330437	104282480	47957	104289907	40530	104330529	48049	40622
ENSMUST00000106992	ATGGTCCTTTCTGATCACGACTTCAAATCCCACAGTAGCCCTGAAAGACATCTAAGAACTCCTGCATCACAAGAGAAAAGGACACCAGTACC	104330437	104282480	47957	104294858	35579	104330529	48049	35671
ENSMUST00000106992	ATGGTCCTTTCTGATCACGACTTCAAATCCCACAGTAGCCCTGAAAGACATCTAAGAACTCCTGCATCACAAGAGAAAAGGACACCAGTACC	104330437	104282480	47957	104302360	28077	104330529	48049	28169
ENSMUST00000106992	ATGGTCCTTTCTGATCACGACTTCAAATCCCACAGTAGCCCTGAAAGACATCTAAGAACTCCTGCATCACAAGAGAAAAGGACACCAGTACC	104330437	104282480	47957	104294858	35579	104330529	48049	35671
ENSMUST00000106992	ATGGTCCTTTCTGATCACGACTTCAAATCCCACAGTAGCCCTGAAAGACATCTAAGAACTCCTGCATCACAAGAGAAAAGGACACCAGTACC	104330437	104287209	43228	104294858	35579	104330529	43320	35671
ENSMUST00000106992	ATGGTCCTTTCTGATCACGACTTCAAATCCCACAGTAGCCCTGAAAGACATCTAAGAACTCCTGCATCACAAGAGAAAAGGACACCAGTACC	104330437	104282480	47957	104302360	28077	104330529	48049	28169
ENSMUST00000106992	ATGGTCCTTTCTGATCACGACTTCAAATCCCACAGTAGCCCTGAAAGACATCTAAGAACTCCTGCATCACAAGAGAAAAGGACACCAGTACC	104330437	104287209	43228	104302360	28077	104330529	43320	28169
ENSMUST00000106992	ATGGTCCTTTCTGATCACGACTTCAAATCCCACAGTAGCCCTGAAAGACATCTAAGAACTCCTGCATCACAAGAGAAAAGGACACCAGTACC	104330437	104294924	35513	104302360	28077	104330529	35605	28169
ENSMUST00000106992	ATGGTCCTTTCTGATCACGACTTCAAATCCCACAGTAGCCCTGAAAGACATCTAAGAACTCCTGCATCACAAGAGAAAAGGACACCAGTACC	104330437	104294924	35513	104302360	28077	104330529	35605	28169
ENSMUST00000106992	ATGGTCCTTTCTGATCACGACTTCAAATCCCACAGTAGCCCTGAAAGACATCTAAGAACTCCTGCATCACAAGAGAAAAGGACACCAGTACC	104330437	104282480	47957	104306625	23812	104330529	48049	23904
ENSMUST00000106992	ATGGTCCTTTCTGATCACGACTTCAAATCCCACAGTAGCCCTGAAAGACATCTAAGAACTCCTGCATCACAAGAGAAAAGGACACCAGTACC	104330437	104302410	28027	104306625	23812	104330529	28119	23904
ENSMUST00000106992	ATGGTCCTTTCTGATCACGACTTCAAATCCCACAGTAGCCCTGAAAGACATCTAAGAACTCCTGCATCACAAGAGAAAAGGACACCAGTACC	104330437	104302410	28027	104306625	23812	104330529	28119	23904
ENSMUST00000106992	ATGGTCCTTTCTGATCACGACTTCAAATCCCACAGTAGCCCTGAAAGACATCTAAGAACTCCTGCATCACAAGAGAAAAGGACACCAGTACC	104330437	104282480	47957	104310268	20169	104330529	48049	20261
ENSMUST00000106992	ATGGTCCTTTCTGATCACGACTTCAAATCCCACAGTAGCCCTGAAAGACATCTAAGAACTCCTGCATCACAAGAGAAAAGGACACCAGTACC	104330437	104306758	23679	104310268	20169	104330529	23771	20261
ENSMUST00000106992	ATGGTCCTTTCTGATCACGACTTCAAATCCCACAGTAGCCCTGAAAGACATCTAAGAACTCCTGCATCACAAGAGAAAAGGACACCAGTACC	104330437	104282480	47957	104327971	2466	104330529	48049	2558
ENSMUST00000106992	ATGGTCCTTTCTGATCACGACTTCAAATCCCACAGTAGCCCTGAAAGACATCTAAGAACTCCTGCATCACAAGAGAAAAGGACACCAGTACC	104330437	104310534	19903	104321350	9087	104330529	19995	9179
ENSMUST00000106992	ATGGTCCTTTCTGATCACGACTTCAAATCCCACAGTAGCCCTGAAAGACATCTAAGAACTCCTGCATCACAAGAGAAAAGGACACCAGTACC	104330437	104318249	12188	104321350	9087	104330529	12280	9179
ENSMUST00000119878	ATACCAATTTTCTGCTAATACAGGTCCTGCACATTACATGACTGAAGGACATCTGGCGATGAGACAAGGGGCTGATAGAGAAGAGTCTCCCAT	94692077	94570534	121543	94659496	32581	94692170	121636	32674
ENSMUST00000119878	ATACCAATTTTCTGCTAATACAGGTCCTGCACATTACATGACTGAAGGACATCTGGCGATGAGACAAGGGGCTGATAGAGAAGAGTCTCCCAT	94692077	94570976	121101	94659496	32581	94692170	121194	32674
ENSMUST00000119878	ATACCAATTTTCTGCTAATACAGGTCCTGCACATTACATGACTGAAGGACATCTGGCGATGAGACAAGGGGCTGATAGAGAAGAGTCTCCCAT	94692077	94570534	121543	94659496	32581	94692170	121636	32674
ENSMUST00000038893	TGAAATCTTCTGGTCATCTACAAAGGGTAACAGGAAGGGAGTTAACGAGGATGGTGGGATTCGGTTGAAGGTGCCTGGTTTAGTGCTGTTAATT	140723066	140700749	22317	140701510	21556	140723160	22411	21650
ENSMUST00000110082	GGAGGCACCTCGGCGGTCACAGCCCCTGCGCTGGTGCAGCCACCCTCGCCTGCTCCGTTCTTCCTTCCTTCGCTCGCACCATGGCTGATCAGCT	100199634	100199716	-82	100206097	-6463	100202405	2689	-3692
ENSMUST00000110082	GGAGGCACCTCGGCGGTCACAGCCCCTGCGCTGGTGCAGCCACCCTCGCCTGCTCCGTTCTTCCTTCCTTCGCTCGCACCATGGCTGATCAGCT	100199634	100202423	-2789	100205612	-5978	100202405	-18	-3207
ENSMUST00000110082	GGAGGCACCTCGGCGGTCACAGCCCCTGCGCTGGTGCAGCCACCCTCGCCTGCTCCGTTCTTCCTTCCTTCGCTCGCACCATGGCTGATCAGCT	100199634	100202423	-2789	100206097	-6463	100202405	-18	-3692
ENSMUST00000110082	GGAGGCACCTCGGCGGTCACAGCCCCTGCGCTGGTGCAGCCACCCTCGCCTGCTCCGTTCTTCCTTCCTTCGCTCGCACCATGGCTGATCAGCT	100199634	100202423	-2789	100206097	-6463	100202405	-18	-3692
ENSMUST00000110082	GGAGGCACCTCGGCGGTCACAGCCCCTGCGCTGGTGCAGCCACCCTCGCCTGCTCCGTTCTTCCTTCCTTCGCTCGCACCATGGCTGATCAGCT	100199634	100203718	-4084	100206097	-6463	100202405	-1313	-3692
ENSMUST00000110082	GGAGGCACCTCGGCGGTCACAGCCCCTGCGCTGGTGCAGCCACCCTCGCCTGCTCCGTTCTTCCTTCCTTCGCTCGCACCATGGCTGATCAGCT	100199634	100199716	-82	100206097	-6463	100202405	2689	-3692
ENSMUST00000110082	GGAGGCACCTCGGCGGTCACAGCCCCTGCGCTGGTGCAGCCACCCTCGCCTGCTCCGTTCTTCCTTCCTTCGCTCGCACCATGGCTGATCAGCT	100199634	100202423	-2789	100205612	-5978	100202405	-18	-3207
ENSMUST00000110082	GGAGGCACCTCGGCGGTCACAGCCCCTGCGCTGGTGCAGCCACCCTCGCCTGCTCCGTTCTTCCTTCCTTCGCTCGCACCATGGCTGATCAGCT	100199634	100202423	-2789	100206097	-6463	100202405	-18	-3692
ENSMUST00000110082	GGAGGCACCTCGGCGGTCACAGCCCCTGCGCTGGTGCAGCCACCCTCGCCTGCTCCGTTCTTCCTTCCTTCGCTCGCACCATGGCTGATCAGCT	100199634	100202423	-2789	100206097	-6463	100202405	-18	-3692
ENSMUST00000110082	GGAGGCACCTCGGCGGTCACAGCCCCTGCGCTGGTGCAGCCACCCTCGCCTGCTCCGTTCTTCCTTCCTTCGCTCGCACCATGGCTGATCAGCT	100199634	100203718	-4084	100206097	-6463	100202405	-1313	-3692
ENSMUST00000059049	CCTCTTCACACCCTTGCATCATCTAGAGAGGATACACCTCCATCACAACCCGTGGAACTGTAACTGTGATATCCTGTGGCTCAGCTGGTGGATAA	97629887	96318583	1311304	96830680	799207	97629982	1311399	799302
ENSMUST00000059049	CCTCTTCACACCCTTGCATCATCTAGAGAGGATACACCTCCATCACAACCCGTGGAACTGTAACTGTGATATCCTGTGGCTCAGCTGGTGGATAA	97629887	96568750	1061137	97094613	535274	97629982	1061232	535369
ENSMUST00000059049	CCTCTTCACACCCTTGCATCATCTAGAGAGGATACACCTCCATCACAACCCGTGGAACTGTAACTGTGATATCCTGTGGCTCAGCTGGTGGATAA	97629887	96568750	1061137	97426610	203277	97629982	1061232	203372
ENSMUST00000059049	CCTCTTCACACCCTTGCATCATCTAGAGAGGATACACCTCCATCACAACCCGTGGAACTGTAACTGTGATATCCTGTGGCTCAGCTGGTGGATAA	97629887	96568750	1061137	97426610	203277	97629982	1061232	203372
ENSMUST00000059049	CCTCTTCACACCCTTGCATCATCTAGAGAGGATACACCTCCATCACAACCCGTGGAACTGTAACTGTGATATCCTGTGGCTCAGCTGGTGGATAA	97629887	96830769	799118	97231536	398351	97629982	799213	398446
ENSMUST00000059049	CCTCTTCACACCCTTGCATCATCTAGAGAGGATACACCTCCATCACAACCCGTGGAACTGTAACTGTGATATCCTGTGGCTCAGCTGGTGGATAA	97629887	96830769	799118	97426610	203277	97629982	799213	203372
ENSMUST00000059049	CCTCTTCACACCCTTGCATCATCTAGAGAGGATACACCTCCATCACAACCCGTGGAACTGTAACTGTGATATCCTGTGGCTCAGCTGGTGGATAA	97629887	96830769	799118	97426610	203277	97629982	799213	203372
ENSMUST00000059049	CCTCTTCACACCCTTGCATCATCTAGAGAGGATACACCTCCATCACAACCCGTGGAACTGTAACTGTGATATCCTGTGGCTCAGCTGGTGGATAA	97629887	97094750	535137	97426610	203277	97629982	535232	203372
ENSMUST00000059049	CCTCTTCACACCCTTGCATCATCTAGAGAGGATACACCTCCATCACAACCCGTGGAACTGTAACTGTGATATCCTGTGGCTCAGCTGGTGGATAA	97629887	97426704	203183	97628988	899	97629982	203278	994
ENSMUST00000059049	CCTCTTCACACCCTTGCATCATCTAGAGAGGATACACCTCCATCACAACCCGTGGAACTGTAACTGTGATATCCTGTGGCTCAGCTGGTGGATAA	97629887	97468420	161467	97628988	899	97629982	161562	994
ENSMUST00000065917	CAAAGACTTACAGGATGCGGTCAGAGCCAGATGATTCTGACCCCTTTTCTTTTGACGGACCAGAGATTATGGGCTGTACAGGGTGCCAGATAGAT	111492908	111481316	11592	111490027	2881	111493319	12003	3292
ENSMUST00000065917	CAAAGACTTACAGGATGCGGTCAGAGCCAGATGATTCTGACCCCTTTTCTTTTGACGGACCAGAGATTATGGGCTGTACAGGGTGCCAGATAGAT	111492908	111485584	7324	111490027	2881	111493319	7735	3292
ENSMUST00000065917	CAAAGACTTACAGGATGCGGTCAGAGCCAGATGATTCTGACCCCTTTTCTTTTGACGGACCAGAGATTATGGGCTGTACAGGGTGCCAGATAGAT	111492908	111493569	-661	111494794	-1886	111493319	-250	-1475
ENSMUST00000071325	TTTATGGCGATCCGGAATCCTCTGGAATGGCACTGCAAGCAGATGGATCACTTTGTCGGACTCAACTTCAACTCTAACTTTAACTTTGCACTAGT	79553933	79418683	135250	79428577	125356	79555512	136829	126935
ENSMUST00000071325	TTTATGGCGATCCGGAATCCTCTGGAATGGCACTGCAAGCAGATGGATCACTTTGTCGGACTCAACTTCAACTCTAACTTTAACTTTGCACTAGT	79553933	79458906	95027	79468716	85217	79555512	96606	86796
ENSMUST00000071325	TTTATGGCGATCCGGAATCCTCTGGAATGGCACTGCAAGCAGATGGATCACTTTGTCGGACTCAACTTCAACTCTAACTTTAACTTTGCACTAGT	79553933	79458906	95027	79468716	85217	79555512	96606	86796
ENSMUST00000071325	TTTATGGCGATCCGGAATCCTCTGGAATGGCACTGCAAGCAGATGGATCACTTTGTCGGACTCAACTTCAACTCTAACTTTAACTTTGCACTAGT	79553933	79463295	90638	79468716	85217	79555512	92217	86796
ENSMUST00000071325	TTTATGGCGATCCGGAATCCTCTGGAATGGCACTGCAAGCAGATGGATCACTTTGTCGGACTCAACTTCAACTCTAACTTTAACTTTGCACTAGT	79553933	79475883	78050	79545353	8580	79555512	79629	10159
ENSMUST00000071325	TTTATGGCGATCCGGAATCCTCTGGAATGGCACTGCAAGCAGATGGATCACTTTGTCGGACTCAACTTCAACTCTAACTTTAACTTTGCACTAGT	79553933	79546412	7521	79547667	6266	79555512	9100	7845
ENSMUST00000071325	TTTATGGCGATCCGGAATCCTCTGGAATGGCACTGCAAGCAGATGGATCACTTTGTCGGACTCAACTTCAACTCTAACTTTAACTTTGCACTAGT	79553933	79553997	-64	79556698	-2765	79555512	1515	-1186
ENSMUST00000071325	TTTATGGCGATCCGGAATCCTCTGGAATGGCACTGCAAGCAGATGGATCACTTTGTCGGACTCAACTTCAACTCTAACTTTAACTTTGCACTAGT	79553933	79553997	-64	79559404	-5471	79555512	1515	-3892
ENSMUST00000071325	TTTATGGCGATCCGGAATCCTCTGGAATGGCACTGCAAGCAGATGGATCACTTTGTCGGACTCAACTTCAACTCTAACTTTAACTTTGCACTAGT	79553933	79569170	-15237	79578253	-24320	79555512	-13658	-22741
ENSMUST00000071325	TTTATGGCGATCCGGAATCCTCTGGAATGGCACTGCAAGCAGATGGATCACTTTGTCGGACTCAACTTCAACTCTAACTTTAACTTTGCACTAGT	79553933	79418683	135250	79428577	125356	79555512	136829	126935
ENSMUST00000071325	TTTATGGCGATCCGGAATCCTCTGGAATGGCACTGCAAGCAGATGGATCACTTTGTCGGACTCAACTTCAACTCTAACTTTAACTTTGCACTAGT	79553933	79458906	95027	79468716	85217	79555512	96606	86796
ENSMUST00000071325	TTTATGGCGATCCGGAATCCTCTGGAATGGCACTGCAAGCAGATGGATCACTTTGTCGGACTCAACTTCAACTCTAACTTTAACTTTGCACTAGT	79553933	79458906	95027	79468716	85217	79555512	96606	86796
ENSMUST00000071325	TTTATGGCGATCCGGAATCCTCTGGAATGGCACTGCAAGCAGATGGATCACTTTGTCGGACTCAACTTCAACTCTAACTTTAACTTTGCACTAGT	79553933	79463295	90638	79468716	85217	79555512	92217	86796
ENSMUST00000071325	TTTATGGCGATCCGGAATCCTCTGGAATGGCACTGCAAGCAGATGGATCACTTTGTCGGACTCAACTTCAACTCTAACTTTAACTTTGCACTAGT	79553933	79475883	78050	79545353	8580	79555512	79629	10159
ENSMUST00000071325	TTTATGGCGATCCGGAATCCTCTGGAATGGCACTGCAAGCAGATGGATCACTTTGTCGGACTCAACTTCAACTCTAACTTTAACTTTGCACTAGT	79553933	79546412	7521	79547667	6266	79555512	9100	7845
ENSMUST00000071325	TTTATGGCGATCCGGAATCCTCTGGAATGGCACTGCAAGCAGATGGATCACTTTGTCGGACTCAACTTCAACTCTAACTTTAACTTTGCACTAGT	79553933	79553997	-64	79556698	-2765	79555512	1515	-1186
ENSMUST00000071325	TTTATGGCGATCCGGAATCCTCTGGAATGGCACTGCAAGCAGATGGATCACTTTGTCGGACTCAACTTCAACTCTAACTTTAACTTTGCACTAGT	79553933	79553997	-64	79559404	-5471	79555512	1515	-3892
ENSMUST00000071325	TTTATGGCGATCCGGAATCCTCTGGAATGGCACTGCAAGCAGATGGATCACTTTGTCGGACTCAACTTCAACTCTAACTTTAACTTTGCACTAGT	79553933	79569170	-15237	79578253	-24320	79555512	-13658	-22741
ENSMUST00000105691	TTTTTTTTCCCAAACTAGTGCATGTATAAAGTGGGAGAGCAGAGGGGGTTAATATGTAGATGGCCAACCGACTTTTTAATATTTTGTAAATAAATT	149647963	149586772	61191	149626086	21877	149648059	61287	21973
ENSMUST00000105691	TTTTTTTTCCCAAACTAGTGCATGTATAAAGTGGGAGAGCAGAGGGGGTTAATATGTAGATGGCCAACCGACTTTTTAATATTTTGTAAATAAATT	149647963	149586772	61191	149627211	20752	149648059	61287	20848
ENSMUST00000105691	TTTTTTTTCCCAAACTAGTGCATGTATAAAGTGGGAGAGCAGAGGGGGTTAATATGTAGATGGCCAACCGACTTTTTAATATTTTGTAAATAAATT	149647963	149586772	61191	149627211	20752	149648059	61287	20848
ENSMUST00000105691	TTTTTTTTCCCAAACTAGTGCATGTATAAAGTGGGAGAGCAGAGGGGGTTAATATGTAGATGGCCAACCGACTTTTTAATATTTTGTAAATAAATT	149647963	149614172	33791	149627211	20752	149648059	33887	20848
ENSMUST00000105691	TTTTTTTTCCCAAACTAGTGCATGTATAAAGTGGGAGAGCAGAGGGGGTTAATATGTAGATGGCCAACCGACTTTTTAATATTTTGTAAATAAATT	149647963	149631877	16086	149634670	13293	149648059	16182	13389
ENSMUST00000105691	TTTTTTTTCCCAAACTAGTGCATGTATAAAGTGGGAGAGCAGAGGGGGTTAATATGTAGATGGCCAACCGACTTTTTAATATTTTGTAAATAAATT	149647963	149638395	9568	149643194	4769	149648059	9664	4865
ENSMUST00000105691	TTTTTTTTCCCAAACTAGTGCATGTATAAAGTGGGAGAGCAGAGGGGGTTAATATGTAGATGGCCAACCGACTTTTTAATATTTTGTAAATAAATT	149647963	149645467	2496	149646765	1198	149648059	2592	1294
ENSMUST00000105691	TTTTTTTTCCCAAACTAGTGCATGTATAAAGTGGGAGAGCAGAGGGGGTTAATATGTAGATGGCCAACCGACTTTTTAATATTTTGTAAATAAATT	149647963	149645467	2496	149647372	591	149648059	2592	687
ENSMUST00000059049	CCCAAGGATGTTTGGAAATGAAGAACTGAGGATCCACAAAGAAAAAGTGTGCTCATTTTTCTCTGTAAAAGAGAAAGTACGCCAAGGAGATATTTT	97467960	96318583	1149377	96830680	637280	97468056	1149473	637376
ENSMUST00000059049	CCCAAGGATGTTTGGAAATGAAGAACTGAGGATCCACAAAGAAAAAGTGTGCTCATTTTTCTCTGTAAAAGAGAAAGTACGCCAAGGAGATATTTT	97467960	96568750	899210	97094613	373347	97468056	899306	373443
ENSMUST00000059049	CCCAAGGATGTTTGGAAATGAAGAACTGAGGATCCACAAAGAAAAAGTGTGCTCATTTTTCTCTGTAAAAGAGAAAGTACGCCAAGGAGATATTTT	97467960	96568750	899210	97426610	41350	97468056	899306	41446
ENSMUST00000059049	CCCAAGGATGTTTGGAAATGAAGAACTGAGGATCCACAAAGAAAAAGTGTGCTCATTTTTCTCTGTAAAAGAGAAAGTACGCCAAGGAGATATTTT	97467960	96568750	899210	97426610	41350	97468056	899306	41446
ENSMUST00000059049	CCCAAGGATGTTTGGAAATGAAGAACTGAGGATCCACAAAGAAAAAGTGTGCTCATTTTTCTCTGTAAAAGAGAAAGTACGCCAAGGAGATATTTT	97467960	96830769	637191	97231536	236424	97468056	637287	236520
ENSMUST00000059049	CCCAAGGATGTTTGGAAATGAAGAACTGAGGATCCACAAAGAAAAAGTGTGCTCATTTTTCTCTGTAAAAGAGAAAGTACGCCAAGGAGATATTTT	97467960	96830769	637191	97426610	41350	97468056	637287	41446
ENSMUST00000059049	CCCAAGGATGTTTGGAAATGAAGAACTGAGGATCCACAAAGAAAAAGTGTGCTCATTTTTCTCTGTAAAAGAGAAAGTACGCCAAGGAGATATTTT	97467960	96830769	637191	97426610	41350	97468056	637287	41446
ENSMUST00000059049	CCCAAGGATGTTTGGAAATGAAGAACTGAGGATCCACAAAGAAAAAGTGTGCTCATTTTTCTCTGTAAAAGAGAAAGTACGCCAAGGAGATATTTT	97467960	97094750	373210	97426610	41350	97468056	373306	41446
ENSMUST00000059049	CCCAAGGATGTTTGGAAATGAAGAACTGAGGATCCACAAAGAAAAAGTGTGCTCATTTTTCTCTGTAAAAGAGAAAGTACGCCAAGGAGATATTTT	97467960	97426704	41256	97628988	-161028	97468056	41352	-160932
ENSMUST00000059049	CCCAAGGATGTTTGGAAATGAAGAACTGAGGATCCACAAAGAAAAAGTGTGCTCATTTTTCTCTGTAAAAGAGAAAGTACGCCAAGGAGATATTTT	97467960	97468420	-460	97628988	-161028	97468056	-364	-160932
ENSMUST00000059049	CCCAAGGATGTTTGGAAATGAAGAACTGAGGATCCACAAAGAAAAAGTGTGCTCATTTTTCTCTGTAAAAGAGAAAGTACGCCAAGGAGATATTTT	97467960	96318583	1149377	96830680	637280	97468056	1149473	637376
ENSMUST00000059049	CCCAAGGATGTTTGGAAATGAAGAACTGAGGATCCACAAAGAAAAAGTGTGCTCATTTTTCTCTGTAAAAGAGAAAGTACGCCAAGGAGATATTTT	97467960	96568750	899210	97094613	373347	97468056	899306	373443
ENSMUST00000059049	CCCAAGGATGTTTGGAAATGAAGAACTGAGGATCCACAAAGAAAAAGTGTGCTCATTTTTCTCTGTAAAAGAGAAAGTACGCCAAGGAGATATTTT	97467960	96568750	899210	97426610	41350	97468056	899306	41446
ENSMUST00000059049	CCCAAGGATGTTTGGAAATGAAGAACTGAGGATCCACAAAGAAAAAGTGTGCTCATTTTTCTCTGTAAAAGAGAAAGTACGCCAAGGAGATATTTT	97467960	96568750	899210	97426610	41350	97468056	899306	41446
ENSMUST00000059049	CCCAAGGATGTTTGGAAATGAAGAACTGAGGATCCACAAAGAAAAAGTGTGCTCATTTTTCTCTGTAAAAGAGAAAGTACGCCAAGGAGATATTTT	97467960	96830769	637191	97231536	236424	97468056	637287	236520
ENSMUST00000059049	CCCAAGGATGTTTGGAAATGAAGAACTGAGGATCCACAAAGAAAAAGTGTGCTCATTTTTCTCTGTAAAAGAGAAAGTACGCCAAGGAGATATTTT	97467960	96830769	637191	97426610	41350	97468056	637287	41446
ENSMUST00000059049	CCCAAGGATGTTTGGAAATGAAGAACTGAGGATCCACAAAGAAAAAGTGTGCTCATTTTTCTCTGTAAAAGAGAAAGTACGCCAAGGAGATATTTT	97467960	96830769	637191	97426610	41350	97468056	637287	41446
ENSMUST00000059049	CCCAAGGATGTTTGGAAATGAAGAACTGAGGATCCACAAAGAAAAAGTGTGCTCATTTTTCTCTGTAAAAGAGAAAGTACGCCAAGGAGATATTTT	97467960	97094750	373210	97426610	41350	97468056	373306	41446
ENSMUST00000059049	CCCAAGGATGTTTGGAAATGAAGAACTGAGGATCCACAAAGAAAAAGTGTGCTCATTTTTCTCTGTAAAAGAGAAAGTACGCCAAGGAGATATTTT	97467960	97426704	41256	97628988	-161028	97468056	41352	-160932
ENSMUST00000059049	CCCAAGGATGTTTGGAAATGAAGAACTGAGGATCCACAAAGAAAAAGTGTGCTCATTTTTCTCTGTAAAAGAGAAAGTACGCCAAGGAGATATTTT	97467960	97468420	-460	97628988	-161028	97468056	-364	-160932
ENSMUST00000098519	CAACTGTTACTGAACAGGTCTTCTGTAGGGGCTCCTAAGTATGAGACAACATGCAGTGGTTTCTGAAATGACTGAGCGATAAGTAAATTATATATT	88747734	88697099	50635	88707088	40646	88747830	50731	40742
ENSMUST00000098519	CAACTGTTACTGAACAGGTCTTCTGTAGGGGCTCCTAAGTATGAGACAACATGCAGTGGTTTCTGAAATGACTGAGCGATAAGTAAATTATATATT	88747734	88709996	37738	88719297	28437	88747830	37834	28533
ENSMUST00000098519	CAACTGTTACTGAACAGGTCTTCTGTAGGGGCTCCTAAGTATGAGACAACATGCAGTGGTTTCTGAAATGACTGAGCGATAAGTAAATTATATATT	88747734	88709996	37738	88723098	24636	88747830	37834	24732
ENSMUST00000098519	CAACTGTTACTGAACAGGTCTTCTGTAGGGGCTCCTAAGTATGAGACAACATGCAGTGGTTTCTGAAATGACTGAGCGATAAGTAAATTATATATT	88747734	88709996	37738	88723098	24636	88747830	37834	24732
ENSMUST00000098519	CAACTGTTACTGAACAGGTCTTCTGTAGGGGCTCCTAAGTATGAGACAACATGCAGTGGTTTCTGAAATGACTGAGCGATAAGTAAATTATATATT	88747734	88709996	37738	88731674	16060	88747830	37834	16156
ENSMUST00000098519	CAACTGTTACTGAACAGGTCTTCTGTAGGGGCTCCTAAGTATGAGACAACATGCAGTGGTTTCTGAAATGACTGAGCGATAAGTAAATTATATATT	88747734	88719396	28338	88729458	18276	88747830	28434	18372
ENSMUST00000098519	CAACTGTTACTGAACAGGTCTTCTGTAGGGGCTCCTAAGTATGAGACAACATGCAGTGGTTTCTGAAATGACTGAGCGATAAGTAAATTATATATT	88747734	88723212	24522	88731674	16060	88747830	24618	16156
ENSMUST00000098519	CAACTGTTACTGAACAGGTCTTCTGTAGGGGCTCCTAAGTATGAGACAACATGCAGTGGTTTCTGAAATGACTGAGCGATAAGTAAATTATATATT	88747734	88729838	17896	88731674	16060	88747830	17992	16156
ENSMUST00000098519	CAACTGTTACTGAACAGGTCTTCTGTAGGGGCTCCTAAGTATGAGACAACATGCAGTGGTTTCTGAAATGACTGAGCGATAAGTAAATTATATATT	88747734	88735897	11837	88742285	5449	88747830	11933	5545
ENSMUST00000030636	ACGTGGAAGAGGTGCGGAAGAACAAAGAATCCAAAGACCCCGCGGATGAGACTGAGGCTGACTAAGTTGTCCCGAGAACTGACTTTCTCCCCGACCC	134473343	134468429	4914	134470666	2677	134473440	5011	2774
ENSMUST00000030636	ACGTGGAAGAGGTGCGGAAGAACAAAGAATCCAAAGACCCCGCGGATGAGACTGAGGCTGACTAAGTTGTCCCGAGAACTGACTTTCTCCCCGACCC	134473343	134468429	4914	134472803	540	134473440	5011	637
ENSMUST00000030636	ACGTGGAAGAGGTGCGGAAGAACAAAGAATCCAAAGACCCCGCGGATGAGACTGAGGCTGACTAAGTTGTCCCGAGAACTGACTTTCTCCCCGACCC	134473343	134468429	4914	134470666	2677	134473440	5011	2774
ENSMUST00000030636	ACGTGGAAGAGGTGCGGAAGAACAAAGAATCCAAAGACCCCGCGGATGAGACTGAGGCTGACTAAGTTGTCCCGAGAACTGACTTTCTCCCCGACCC	134473343	134468429	4914	134472803	540	134473440	5011	637
ENSMUST00000030636	ACGTGGAAGAGGTGCGGAAGAACAAAGAATCCAAAGACCCCGCGGATGAGACTGAGGCTGACTAAGTTGTCCCGAGAACTGACTTTCTCCCCGACCC	134473343	134468429	4914	134472803	540	134473440	5011	637
ENSMUST00000030636	ACGTGGAAGAGGTGCGGAAGAACAAAGAATCCAAAGACCCCGCGGATGAGACTGAGGCTGACTAAGTTGTCCCGAGAACTGACTTTCTCCCCGACCC	134473343	134470175	3168	134472803	540	134473440	3265	637
ENSMUST00000232395	ACATTTCAAAAACAGGAGAATATTTACGAGTTAAACTACCACTAAATCCAACTGCTAGGGAATTTCAACCAGATGTAAAGTCTGAAGCACTGTCTGAG	94442745	94384066	58679	94384783	57962	94442843	58777	58060
ENSMUST00000232395	ACATTTCAAAAACAGGAGAATATTTACGAGTTAAACTACCACTAAATCCAACTGCTAGGGAATTTCAACCAGATGTAAAGTCTGAAGCACTGTCTGAG	94442745	94384934	57811	94387336	55409	94442843	57909	55507
ENSMUST00000232395	ACATTTCAAAAACAGGAGAATATTTACGAGTTAAACTACCACTAAATCCAACTGCTAGGGAATTTCAACCAGATGTAAAGTCTGAAGCACTGTCTGAG	94442745	94384934	57811	94392014	50731	94442843	57909	50829
ENSMUST00000232395	ACATTTCAAAAACAGGAGAATATTTACGAGTTAAACTACCACTAAATCCAACTGCTAGGGAATTTCAACCAGATGTAAAGTCTGAAGCACTGTCTGAG	94442745	94385423	57322	94388264	54481	94442843	57420	54579
ENSMUST00000232395	ACATTTCAAAAACAGGAGAATATTTACGAGTTAAACTACCACTAAATCCAACTGCTAGGGAATTTCAACCAGATGTAAAGTCTGAAGCACTGTCTGAG	94442745	94370861	71884	94392014	50731	94442843	71982	50829
ENSMUST00000232395	ACATTTCAAAAACAGGAGAATATTTACGAGTTAAACTACCACTAAATCCAACTGCTAGGGAATTTCAACCAGATGTAAAGTCTGAAGCACTGTCTGAG	94442745	94385423	57322	94392014	50731	94442843	57420	50829
ENSMUST00000232395	ACATTTCAAAAACAGGAGAATATTTACGAGTTAAACTACCACTAAATCCAACTGCTAGGGAATTTCAACCAGATGTAAAGTCTGAAGCACTGTCTGAG	94442745	94388385	54360	94392014	50731	94442843	54458	50829
ENSMUST00000232395	ACATTTCAAAAACAGGAGAATATTTACGAGTTAAACTACCACTAAATCCAACTGCTAGGGAATTTCAACCAGATGTAAAGTCTGAAGCACTGTCTGAG	94442745	94370861	71884	94393111	49634	94442843	71982	49732
ENSMUST00000232395	ACATTTCAAAAACAGGAGAATATTTACGAGTTAAACTACCACTAAATCCAACTGCTAGGGAATTTCAACCAGATGTAAAGTCTGAAGCACTGTCTGAG	94442745	94384934	57811	94393111	49634	94442843	57909	49732
ENSMUST00000232395	ACATTTCAAAAACAGGAGAATATTTACGAGTTAAACTACCACTAAATCCAACTGCTAGGGAATTTCAACCAGATGTAAAGTCTGAAGCACTGTCTGAG	94442745	94390287	52458	94393111	49634	94442843	52556	49732
ENSMUST00000232395	ACATTTCAAAAACAGGAGAATATTTACGAGTTAAACTACCACTAAATCCAACTGCTAGGGAATTTCAACCAGATGTAAAGTCTGAAGCACTGTCTGAG	94442745	94370861	71884	94403313	39432	94442843	71982	39530
ENSMUST00000232395	ACATTTCAAAAACAGGAGAATATTTACGAGTTAAACTACCACTAAATCCAACTGCTAGGGAATTTCAACCAGATGTAAAGTCTGAAGCACTGTCTGAG	94442745	94403368	39377	94409683	33062	94442843	39475	33160
ENSMUST00000232395	ACATTTCAAAAACAGGAGAATATTTACGAGTTAAACTACCACTAAATCCAACTGCTAGGGAATTTCAACCAGATGTAAAGTCTGAAGCACTGTCTGAG	94442745	94403368	39377	94410832	31913	94442843	39475	32011
ENSMUST00000232395	ACATTTCAAAAACAGGAGAATATTTACGAGTTAAACTACCACTAAATCCAACTGCTAGGGAATTTCAACCAGATGTAAAGTCTGAAGCACTGTCTGAG	94442745	94403368	39377	94415948	26797	94442843	39475	26895
ENSMUST00000232395	ACATTTCAAAAACAGGAGAATATTTACGAGTTAAACTACCACTAAATCCAACTGCTAGGGAATTTCAACCAGATGTAAAGTCTGAAGCACTGTCTGAG	94442745	94403368	39377	94409683	33062	94442843	39475	33160
ENSMUST00000232395	ACATTTCAAAAACAGGAGAATATTTACGAGTTAAACTACCACTAAATCCAACTGCTAGGGAATTTCAACCAGATGTAAAGTCTGAAGCACTGTCTGAG	94442745	94403368	39377	94410832	31913	94442843	39475	32011
ENSMUST00000232395	ACATTTCAAAAACAGGAGAATATTTACGAGTTAAACTACCACTAAATCCAACTGCTAGGGAATTTCAACCAGATGTAAAGTCTGAAGCACTGTCTGAG	94442745	94403368	39377	94410871	31874	94442843	39475	31972
ENSMUST00000232395	ACATTTCAAAAACAGGAGAATATTTACGAGTTAAACTACCACTAAATCCAACTGCTAGGGAATTTCAACCAGATGTAAAGTCTGAAGCACTGTCTGAG	94442745	94408716	34029	94410832	31913	94442843	34127	32011
ENSMUST00000232395	ACATTTCAAAAACAGGAGAATATTTACGAGTTAAACTACCACTAAATCCAACTGCTAGGGAATTTCAACCAGATGTAAAGTCTGAAGCACTGTCTGAG	94442745	94403368	39377	94412059	30686	94442843	39475	30784
ENSMUST00000232395	ACATTTCAAAAACAGGAGAATATTTACGAGTTAAACTACCACTAAATCCAACTGCTAGGGAATTTCAACCAGATGTAAAGTCTGAAGCACTGTCTGAG	94442745	94403368	39377	94415948	26797	94442843	39475	26895
ENSMUST00000232395	ACATTTCAAAAACAGGAGAATATTTACGAGTTAAACTACCACTAAATCCAACTGCTAGGGAATTTCAACCAGATGTAAAGTCTGAAGCACTGTCTGAG	94442745	94408716	34029	94415948	26797	94442843	34127	26895
ENSMUST00000232395	ACATTTCAAAAACAGGAGAATATTTACGAGTTAAACTACCACTAAATCCAACTGCTAGGGAATTTCAACCAGATGTAAAGTCTGAAGCACTGTCTGAG	94442745	94403368	39377	94412059	30686	94442843	39475	30784
ENSMUST00000232395	ACATTTCAAAAACAGGAGAATATTTACGAGTTAAACTACCACTAAATCCAACTGCTAGGGAATTTCAACCAGATGTAAAGTCTGAAGCACTGTCTGAG	94442745	94403368	39377	94415948	26797	94442843	39475	26895
ENSMUST00000232395	ACATTTCAAAAACAGGAGAATATTTACGAGTTAAACTACCACTAAATCCAACTGCTAGGGAATTTCAACCAGATGTAAAGTCTGAAGCACTGTCTGAG	94442745	94403368	39377	94416281	26464	94442843	39475	26562
ENSMUST00000232395	ACATTTCAAAAACAGGAGAATATTTACGAGTTAAACTACCACTAAATCCAACTGCTAGGGAATTTCAACCAGATGTAAAGTCTGAAGCACTGTCTGAG	94442745	94410956	31789	94415948	26797	94442843	31887	26895
ENSMUST00000232395	ACATTTCAAAAACAGGAGAATATTTACGAGTTAAACTACCACTAAATCCAACTGCTAGGGAATTTCAACCAGATGTAAAGTCTGAAGCACTGTCTGAG	94442745	94403368	39377	94416281	26464	94442843	39475	26562
ENSMUST00000232395	ACATTTCAAAAACAGGAGAATATTTACGAGTTAAACTACCACTAAATCCAACTGCTAGGGAATTTCAACCAGATGTAAAGTCTGAAGCACTGTCTGAG	94442745	94412123	30622	94416281	26464	94442843	30720	26562
ENSMUST00000232395	ACATTTCAAAAACAGGAGAATATTTACGAGTTAAACTACCACTAAATCCAACTGCTAGGGAATTTCAACCAGATGTAAAGTCTGAAGCACTGTCTGAG	94442745	94416009	26736	94418606	24139	94442843	26834	24237
ENSMUST00000232395	ACATTTCAAAAACAGGAGAATATTTACGAGTTAAACTACCACTAAATCCAACTGCTAGGGAATTTCAACCAGATGTAAAGTCTGAAGCACTGTCTGAG	94442745	94416366	26379	94419397	23348	94442843	26477	23446
ENSMUST00000232395	ACATTTCAAAAACAGGAGAATATTTACGAGTTAAACTACCACTAAATCCAACTGCTAGGGAATTTCAACCAGATGTAAAGTCTGAAGCACTGTCTGAG	94442745	94419478	23267	94422226	20519	94442843	23365	20617
ENSMUST00000232395	ACATTTCAAAAACAGGAGAATATTTACGAGTTAAACTACCACTAAATCCAACTGCTAGGGAATTTCAACCAGATGTAAAGTCTGAAGCACTGTCTGAG	94442745	94424187	18558	94426150	16595	94442843	18656	16693
ENSMUST00000232395	ACATTTCAAAAACAGGAGAATATTTACGAGTTAAACTACCACTAAATCCAACTGCTAGGGAATTTCAACCAGATGTAAAGTCTGAAGCACTGTCTGAG	94442745	94425188	17557	94426765	15980	94442843	17655	16078
ENSMUST00000232395	ACATTTCAAAAACAGGAGAATATTTACGAGTTAAACTACCACTAAATCCAACTGCTAGGGAATTTCAACCAGATGTAAAGTCTGAAGCACTGTCTGAG	94442745	94454523	-11778	94457320	-14575	94442843	-11680	-14477
ENSMUST00000232395	ACATTTCAAAAACAGGAGAATATTTACGAGTTAAACTACCACTAAATCCAACTGCTAGGGAATTTCAACCAGATGTAAAGTCTGAAGCACTGTCTGAG	94442745	94454523	-11778	94457320	-14575	94442843	-11680	-14477
ENSMUST00000232395	ACATTTCAAAAACAGGAGAATATTTACGAGTTAAACTACCACTAAATCCAACTGCTAGGGAATTTCAACCAGATGTAAAGTCTGAAGCACTGTCTGAG	94442745	94457411	-14666	94459761	-17016	94442843	-14568	-16918
ENSMUST00000232395	ACATTTCAAAAACAGGAGAATATTTACGAGTTAAACTACCACTAAATCCAACTGCTAGGGAATTTCAACCAGATGTAAAGTCTGAAGCACTGTCTGAG	94442745	94462348	-19603	94466902	-24157	94442843	-19505	-24059
ENSMUST00000232395	ACATTTCAAAAACAGGAGAATATTTACGAGTTAAACTACCACTAAATCCAACTGCTAGGGAATTTCAACCAGATGTAAAGTCTGAAGCACTGTCTGAG	94442745	94384066	58679	94384783	57962	94442843	58777	58060
ENSMUST00000232395	ACATTTCAAAAACAGGAGAATATTTACGAGTTAAACTACCACTAAATCCAACTGCTAGGGAATTTCAACCAGATGTAAAGTCTGAAGCACTGTCTGAG	94442745	94384934	57811	94387336	55409	94442843	57909	55507
ENSMUST00000232395	ACATTTCAAAAACAGGAGAATATTTACGAGTTAAACTACCACTAAATCCAACTGCTAGGGAATTTCAACCAGATGTAAAGTCTGAAGCACTGTCTGAG	94442745	94384934	57811	94392014	50731	94442843	57909	50829
ENSMUST00000232395	ACATTTCAAAAACAGGAGAATATTTACGAGTTAAACTACCACTAAATCCAACTGCTAGGGAATTTCAACCAGATGTAAAGTCTGAAGCACTGTCTGAG	94442745	94385423	57322	94388264	54481	94442843	57420	54579
ENSMUST00000232395	ACATTTCAAAAACAGGAGAATATTTACGAGTTAAACTACCACTAAATCCAACTGCTAGGGAATTTCAACCAGATGTAAAGTCTGAAGCACTGTCTGAG	94442745	94370861	71884	94392014	50731	94442843	71982	50829
ENSMUST00000232395	ACATTTCAAAAACAGGAGAATATTTACGAGTTAAACTACCACTAAATCCAACTGCTAGGGAATTTCAACCAGATGTAAAGTCTGAAGCACTGTCTGAG	94442745	94385423	57322	94392014	50731	94442843	57420	50829
ENSMUST00000232395	ACATTTCAAAAACAGGAGAATATTTACGAGTTAAACTACCACTAAATCCAACTGCTAGGGAATTTCAACCAGATGTAAAGTCTGAAGCACTGTCTGAG	94442745	94388385	54360	94392014	50731	94442843	54458	50829
ENSMUST00000232395	ACATTTCAAAAACAGGAGAATATTTACGAGTTAAACTACCACTAAATCCAACTGCTAGGGAATTTCAACCAGATGTAAAGTCTGAAGCACTGTCTGAG	94442745	94370861	71884	94393111	49634	94442843	71982	49732
ENSMUST00000232395	ACATTTCAAAAACAGGAGAATATTTACGAGTTAAACTACCACTAAATCCAACTGCTAGGGAATTTCAACCAGATGTAAAGTCTGAAGCACTGTCTGAG	94442745	94384934	57811	94393111	49634	94442843	57909	49732
ENSMUST00000232395	ACATTTCAAAAACAGGAGAATATTTACGAGTTAAACTACCACTAAATCCAACTGCTAGGGAATTTCAACCAGATGTAAAGTCTGAAGCACTGTCTGAG	94442745	94390287	52458	94393111	49634	94442843	52556	49732
ENSMUST00000232395	ACATTTCAAAAACAGGAGAATATTTACGAGTTAAACTACCACTAAATCCAACTGCTAGGGAATTTCAACCAGATGTAAAGTCTGAAGCACTGTCTGAG	94442745	94370861	71884	94403313	39432	94442843	71982	39530
ENSMUST00000232395	ACATTTCAAAAACAGGAGAATATTTACGAGTTAAACTACCACTAAATCCAACTGCTAGGGAATTTCAACCAGATGTAAAGTCTGAAGCACTGTCTGAG	94442745	94403368	39377	94409683	33062	94442843	39475	33160
ENSMUST00000232395	ACATTTCAAAAACAGGAGAATATTTACGAGTTAAACTACCACTAAATCCAACTGCTAGGGAATTTCAACCAGATGTAAAGTCTGAAGCACTGTCTGAG	94442745	94403368	39377	94410832	31913	94442843	39475	32011
ENSMUST00000232395	ACATTTCAAAAACAGGAGAATATTTACGAGTTAAACTACCACTAAATCCAACTGCTAGGGAATTTCAACCAGATGTAAAGTCTGAAGCACTGTCTGAG	94442745	94403368	39377	94415948	26797	94442843	39475	26895
ENSMUST00000232395	ACATTTCAAAAACAGGAGAATATTTACGAGTTAAACTACCACTAAATCCAACTGCTAGGGAATTTCAACCAGATGTAAAGTCTGAAGCACTGTCTGAG	94442745	94403368	39377	94409683	33062	94442843	39475	33160
ENSMUST00000232395	ACATTTCAAAAACAGGAGAATATTTACGAGTTAAACTACCACTAAATCCAACTGCTAGGGAATTTCAACCAGATGTAAAGTCTGAAGCACTGTCTGAG	94442745	94403368	39377	94410832	31913	94442843	39475	32011
ENSMUST00000232395	ACATTTCAAAAACAGGAGAATATTTACGAGTTAAACTACCACTAAATCCAACTGCTAGGGAATTTCAACCAGATGTAAAGTCTGAAGCACTGTCTGAG	94442745	94403368	39377	94410871	31874	94442843	39475	31972
ENSMUST00000232395	ACATTTCAAAAACAGGAGAATATTTACGAGTTAAACTACCACTAAATCCAACTGCTAGGGAATTTCAACCAGATGTAAAGTCTGAAGCACTGTCTGAG	94442745	94408716	34029	94410832	31913	94442843	34127	32011
ENSMUST00000232395	ACATTTCAAAAACAGGAGAATATTTACGAGTTAAACTACCACTAAATCCAACTGCTAGGGAATTTCAACCAGATGTAAAGTCTGAAGCACTGTCTGAG	94442745	94403368	39377	94412059	30686	94442843	39475	30784
ENSMUST00000232395	ACATTTCAAAAACAGGAGAATATTTACGAGTTAAACTACCACTAAATCCAACTGCTAGGGAATTTCAACCAGATGTAAAGTCTGAAGCACTGTCTGAG	94442745	94403368	39377	94415948	26797	94442843	39475	26895
ENSMUST00000232395	ACATTTCAAAAACAGGAGAATATTTACGAGTTAAACTACCACTAAATCCAACTGCTAGGGAATTTCAACCAGATGTAAAGTCTGAAGCACTGTCTGAG	94442745	94408716	34029	94415948	26797	94442843	34127	26895
ENSMUST00000232395	ACATTTCAAAAACAGGAGAATATTTACGAGTTAAACTACCACTAAATCCAACTGCTAGGGAATTTCAACCAGATGTAAAGTCTGAAGCACTGTCTGAG	94442745	94403368	39377	94412059	30686	94442843	39475	30784
ENSMUST00000232395	ACATTTCAAAAACAGGAGAATATTTACGAGTTAAACTACCACTAAATCCAACTGCTAGGGAATTTCAACCAGATGTAAAGTCTGAAGCACTGTCTGAG	94442745	94403368	39377	94415948	26797	94442843	39475	26895
ENSMUST00000232395	ACATTTCAAAAACAGGAGAATATTTACGAGTTAAACTACCACTAAATCCAACTGCTAGGGAATTTCAACCAGATGTAAAGTCTGAAGCACTGTCTGAG	94442745	94403368	39377	94416281	26464	94442843	39475	26562
ENSMUST00000232395	ACATTTCAAAAACAGGAGAATATTTACGAGTTAAACTACCACTAAATCCAACTGCTAGGGAATTTCAACCAGATGTAAAGTCTGAAGCACTGTCTGAG	94442745	94410956	31789	94415948	26797	94442843	31887	26895
ENSMUST00000232395	ACATTTCAAAAACAGGAGAATATTTACGAGTTAAACTACCACTAAATCCAACTGCTAGGGAATTTCAACCAGATGTAAAGTCTGAAGCACTGTCTGAG	94442745	94403368	39377	94416281	26464	94442843	39475	26562
ENSMUST00000232395	ACATTTCAAAAACAGGAGAATATTTACGAGTTAAACTACCACTAAATCCAACTGCTAGGGAATTTCAACCAGATGTAAAGTCTGAAGCACTGTCTGAG	94442745	94412123	30622	94416281	26464	94442843	30720	26562
ENSMUST00000232395	ACATTTCAAAAACAGGAGAATATTTACGAGTTAAACTACCACTAAATCCAACTGCTAGGGAATTTCAACCAGATGTAAAGTCTGAAGCACTGTCTGAG	94442745	94416009	26736	94418606	24139	94442843	26834	24237
ENSMUST00000232395	ACATTTCAAAAACAGGAGAATATTTACGAGTTAAACTACCACTAAATCCAACTGCTAGGGAATTTCAACCAGATGTAAAGTCTGAAGCACTGTCTGAG	94442745	94416366	26379	94419397	23348	94442843	26477	23446
ENSMUST00000232395	ACATTTCAAAAACAGGAGAATATTTACGAGTTAAACTACCACTAAATCCAACTGCTAGGGAATTTCAACCAGATGTAAAGTCTGAAGCACTGTCTGAG	94442745	94419478	23267	94422226	20519	94442843	23365	20617
ENSMUST00000232395	ACATTTCAAAAACAGGAGAATATTTACGAGTTAAACTACCACTAAATCCAACTGCTAGGGAATTTCAACCAGATGTAAAGTCTGAAGCACTGTCTGAG	94442745	94424187	18558	94426150	16595	94442843	18656	16693
ENSMUST00000232395	ACATTTCAAAAACAGGAGAATATTTACGAGTTAAACTACCACTAAATCCAACTGCTAGGGAATTTCAACCAGATGTAAAGTCTGAAGCACTGTCTGAG	94442745	94425188	17557	94426765	15980	94442843	17655	16078
ENSMUST00000232395	ACATTTCAAAAACAGGAGAATATTTACGAGTTAAACTACCACTAAATCCAACTGCTAGGGAATTTCAACCAGATGTAAAGTCTGAAGCACTGTCTGAG	94442745	94454523	-11778	94457320	-14575	94442843	-11680	-14477
ENSMUST00000232395	ACATTTCAAAAACAGGAGAATATTTACGAGTTAAACTACCACTAAATCCAACTGCTAGGGAATTTCAACCAGATGTAAAGTCTGAAGCACTGTCTGAG	94442745	94454523	-11778	94457320	-14575	94442843	-11680	-14477
ENSMUST00000232395	ACATTTCAAAAACAGGAGAATATTTACGAGTTAAACTACCACTAAATCCAACTGCTAGGGAATTTCAACCAGATGTAAAGTCTGAAGCACTGTCTGAG	94442745	94457411	-14666	94459761	-17016	94442843	-14568	-16918
ENSMUST00000232395	ACATTTCAAAAACAGGAGAATATTTACGAGTTAAACTACCACTAAATCCAACTGCTAGGGAATTTCAACCAGATGTAAAGTCTGAAGCACTGTCTGAG	94442745	94462348	-19603	94466902	-24157	94442843	-19505	-24059
ENSMUST00000232395	ACATTTCAAAAACAGGAGAATATTTACGAGTTAAACTACCACTAAATCCAACTGCTAGGGAATTTCAACCAGATGTAAAGTCTGAAGCACTGTCTGAG	94442745	94384066	58679	94384783	57962	94442843	58777	58060
ENSMUST00000232395	ACATTTCAAAAACAGGAGAATATTTACGAGTTAAACTACCACTAAATCCAACTGCTAGGGAATTTCAACCAGATGTAAAGTCTGAAGCACTGTCTGAG	94442745	94384934	57811	94387336	55409	94442843	57909	55507
ENSMUST00000232395	ACATTTCAAAAACAGGAGAATATTTACGAGTTAAACTACCACTAAATCCAACTGCTAGGGAATTTCAACCAGATGTAAAGTCTGAAGCACTGTCTGAG	94442745	94384934	57811	94392014	50731	94442843	57909	50829
ENSMUST00000232395	ACATTTCAAAAACAGGAGAATATTTACGAGTTAAACTACCACTAAATCCAACTGCTAGGGAATTTCAACCAGATGTAAAGTCTGAAGCACTGTCTGAG	94442745	94385423	57322	94388264	54481	94442843	57420	54579
ENSMUST00000232395	ACATTTCAAAAACAGGAGAATATTTACGAGTTAAACTACCACTAAATCCAACTGCTAGGGAATTTCAACCAGATGTAAAGTCTGAAGCACTGTCTGAG	94442745	94370861	71884	94392014	50731	94442843	71982	50829
ENSMUST00000232395	ACATTTCAAAAACAGGAGAATATTTACGAGTTAAACTACCACTAAATCCAACTGCTAGGGAATTTCAACCAGATGTAAAGTCTGAAGCACTGTCTGAG	94442745	94385423	57322	94392014	50731	94442843	57420	50829
ENSMUST00000232395	ACATTTCAAAAACAGGAGAATATTTACGAGTTAAACTACCACTAAATCCAACTGCTAGGGAATTTCAACCAGATGTAAAGTCTGAAGCACTGTCTGAG	94442745	94388385	54360	94392014	50731	94442843	54458	50829
ENSMUST00000232395	ACATTTCAAAAACAGGAGAATATTTACGAGTTAAACTACCACTAAATCCAACTGCTAGGGAATTTCAACCAGATGTAAAGTCTGAAGCACTGTCTGAG	94442745	94370861	71884	94393111	49634	94442843	71982	49732
ENSMUST00000232395	ACATTTCAAAAACAGGAGAATATTTACGAGTTAAACTACCACTAAATCCAACTGCTAGGGAATTTCAACCAGATGTAAAGTCTGAAGCACTGTCTGAG	94442745	94384934	57811	94393111	49634	94442843	57909	49732
ENSMUST00000232395	ACATTTCAAAAACAGGAGAATATTTACGAGTTAAACTACCACTAAATCCAACTGCTAGGGAATTTCAACCAGATGTAAAGTCTGAAGCACTGTCTGAG	94442745	94390287	52458	94393111	49634	94442843	52556	49732
ENSMUST00000232395	ACATTTCAAAAACAGGAGAATATTTACGAGTTAAACTACCACTAAATCCAACTGCTAGGGAATTTCAACCAGATGTAAAGTCTGAAGCACTGTCTGAG	94442745	94370861	71884	94403313	39432	94442843	71982	39530
ENSMUST00000232395	ACATTTCAAAAACAGGAGAATATTTACGAGTTAAACTACCACTAAATCCAACTGCTAGGGAATTTCAACCAGATGTAAAGTCTGAAGCACTGTCTGAG	94442745	94403368	39377	94409683	33062	94442843	39475	33160
ENSMUST00000232395	ACATTTCAAAAACAGGAGAATATTTACGAGTTAAACTACCACTAAATCCAACTGCTAGGGAATTTCAACCAGATGTAAAGTCTGAAGCACTGTCTGAG	94442745	94403368	39377	94410832	31913	94442843	39475	32011
ENSMUST00000232395	ACATTTCAAAAACAGGAGAATATTTACGAGTTAAACTACCACTAAATCCAACTGCTAGGGAATTTCAACCAGATGTAAAGTCTGAAGCACTGTCTGAG	94442745	94403368	39377	94415948	26797	94442843	39475	26895
ENSMUST00000232395	ACATTTCAAAAACAGGAGAATATTTACGAGTTAAACTACCACTAAATCCAACTGCTAGGGAATTTCAACCAGATGTAAAGTCTGAAGCACTGTCTGAG	94442745	94403368	39377	94409683	33062	94442843	39475	33160
ENSMUST00000232395	ACATTTCAAAAACAGGAGAATATTTACGAGTTAAACTACCACTAAATCCAACTGCTAGGGAATTTCAACCAGATGTAAAGTCTGAAGCACTGTCTGAG	94442745	94403368	39377	94410832	31913	94442843	39475	32011
ENSMUST00000232395	ACATTTCAAAAACAGGAGAATATTTACGAGTTAAACTACCACTAAATCCAACTGCTAGGGAATTTCAACCAGATGTAAAGTCTGAAGCACTGTCTGAG	94442745	94403368	39377	94410871	31874	94442843	39475	31972
ENSMUST00000232395	ACATTTCAAAAACAGGAGAATATTTACGAGTTAAACTACCACTAAATCCAACTGCTAGGGAATTTCAACCAGATGTAAAGTCTGAAGCACTGTCTGAG	94442745	94408716	34029	94410832	31913	94442843	34127	32011
ENSMUST00000232395	ACATTTCAAAAACAGGAGAATATTTACGAGTTAAACTACCACTAAATCCAACTGCTAGGGAATTTCAACCAGATGTAAAGTCTGAAGCACTGTCTGAG	94442745	94403368	39377	94412059	30686	94442843	39475	30784
ENSMUST00000232395	ACATTTCAAAAACAGGAGAATATTTACGAGTTAAACTACCACTAAATCCAACTGCTAGGGAATTTCAACCAGATGTAAAGTCTGAAGCACTGTCTGAG	94442745	94403368	39377	94415948	26797	94442843	39475	26895
ENSMUST00000232395	ACATTTCAAAAACAGGAGAATATTTACGAGTTAAACTACCACTAAATCCAACTGCTAGGGAATTTCAACCAGATGTAAAGTCTGAAGCACTGTCTGAG	94442745	94408716	34029	94415948	26797	94442843	34127	26895
ENSMUST00000232395	ACATTTCAAAAACAGGAGAATATTTACGAGTTAAACTACCACTAAATCCAACTGCTAGGGAATTTCAACCAGATGTAAAGTCTGAAGCACTGTCTGAG	94442745	94403368	39377	94412059	30686	94442843	39475	30784
ENSMUST00000232395	ACATTTCAAAAACAGGAGAATATTTACGAGTTAAACTACCACTAAATCCAACTGCTAGGGAATTTCAACCAGATGTAAAGTCTGAAGCACTGTCTGAG	94442745	94403368	39377	94415948	26797	94442843	39475	26895
ENSMUST00000232395	ACATTTCAAAAACAGGAGAATATTTACGAGTTAAACTACCACTAAATCCAACTGCTAGGGAATTTCAACCAGATGTAAAGTCTGAAGCACTGTCTGAG	94442745	94403368	39377	94416281	26464	94442843	39475	26562
ENSMUST00000232395	ACATTTCAAAAACAGGAGAATATTTACGAGTTAAACTACCACTAAATCCAACTGCTAGGGAATTTCAACCAGATGTAAAGTCTGAAGCACTGTCTGAG	94442745	94410956	31789	94415948	26797	94442843	31887	26895
ENSMUST00000232395	ACATTTCAAAAACAGGAGAATATTTACGAGTTAAACTACCACTAAATCCAACTGCTAGGGAATTTCAACCAGATGTAAAGTCTGAAGCACTGTCTGAG	94442745	94403368	39377	94416281	26464	94442843	39475	26562
ENSMUST00000232395	ACATTTCAAAAACAGGAGAATATTTACGAGTTAAACTACCACTAAATCCAACTGCTAGGGAATTTCAACCAGATGTAAAGTCTGAAGCACTGTCTGAG	94442745	94412123	30622	94416281	26464	94442843	30720	26562
ENSMUST00000232395	ACATTTCAAAAACAGGAGAATATTTACGAGTTAAACTACCACTAAATCCAACTGCTAGGGAATTTCAACCAGATGTAAAGTCTGAAGCACTGTCTGAG	94442745	94416009	26736	94418606	24139	94442843	26834	24237
ENSMUST00000232395	ACATTTCAAAAACAGGAGAATATTTACGAGTTAAACTACCACTAAATCCAACTGCTAGGGAATTTCAACCAGATGTAAAGTCTGAAGCACTGTCTGAG	94442745	94416366	26379	94419397	23348	94442843	26477	23446
ENSMUST00000232395	ACATTTCAAAAACAGGAGAATATTTACGAGTTAAACTACCACTAAATCCAACTGCTAGGGAATTTCAACCAGATGTAAAGTCTGAAGCACTGTCTGAG	94442745	94419478	23267	94422226	20519	94442843	23365	20617
ENSMUST00000232395	ACATTTCAAAAACAGGAGAATATTTACGAGTTAAACTACCACTAAATCCAACTGCTAGGGAATTTCAACCAGATGTAAAGTCTGAAGCACTGTCTGAG	94442745	94424187	18558	94426150	16595	94442843	18656	16693
ENSMUST00000232395	ACATTTCAAAAACAGGAGAATATTTACGAGTTAAACTACCACTAAATCCAACTGCTAGGGAATTTCAACCAGATGTAAAGTCTGAAGCACTGTCTGAG	94442745	94425188	17557	94426765	15980	94442843	17655	16078
ENSMUST00000232395	ACATTTCAAAAACAGGAGAATATTTACGAGTTAAACTACCACTAAATCCAACTGCTAGGGAATTTCAACCAGATGTAAAGTCTGAAGCACTGTCTGAG	94442745	94454523	-11778	94457320	-14575	94442843	-11680	-14477
ENSMUST00000232395	ACATTTCAAAAACAGGAGAATATTTACGAGTTAAACTACCACTAAATCCAACTGCTAGGGAATTTCAACCAGATGTAAAGTCTGAAGCACTGTCTGAG	94442745	94454523	-11778	94457320	-14575	94442843	-11680	-14477
ENSMUST00000232395	ACATTTCAAAAACAGGAGAATATTTACGAGTTAAACTACCACTAAATCCAACTGCTAGGGAATTTCAACCAGATGTAAAGTCTGAAGCACTGTCTGAG	94442745	94457411	-14666	94459761	-17016	94442843	-14568	-16918
ENSMUST00000232395	ACATTTCAAAAACAGGAGAATATTTACGAGTTAAACTACCACTAAATCCAACTGCTAGGGAATTTCAACCAGATGTAAAGTCTGAAGCACTGTCTGAG	94442745	94462348	-19603	94466902	-24157	94442843	-19505	-24059
ENSMUST00000190686	GCACGACGACGATCTCGAAGTAGAAGTCTTGTGAGACGTGGAAGATCTCACTCTAGAACACCACAAAGAAGAGGACGATCTGGCTCATCCTCAGAGAG	23816191	23792511	23680	23808065	8126	23816289	23778	8224
ENSMUST00000190686	GCACGACGACGATCTCGAAGTAGAAGTCTTGTGAGACGTGGAAGATCTCACTCTAGAACACCACAAAGAAGAGGACGATCTGGCTCATCCTCAGAGAG	23816191	23803398	12793	23808065	8126	23816289	12891	8224
ENSMUST00000190686	GCACGACGACGATCTCGAAGTAGAAGTCTTGTGAGACGTGGAAGATCTCACTCTAGAACACCACAAAGAAGAGGACGATCTGGCTCATCCTCAGAGAG	23816191	23811731	4460	23812427	3764	23816289	4558	3862
ENSMUST00000190686	GCACGACGACGATCTCGAAGTAGAAGTCTTGTGAGACGTGGAAGATCTCACTCTAGAACACCACAAAGAAGAGGACGATCTGGCTCATCCTCAGAGAG	23816191	23821690	-5499	23822412	-6221	23816289	-5401	-6123
ENSMUST00000065496	ATGTTAGGAATAACTGGCTCTGAGAGAGATTACCAACTGTGGGTAAATTCTGGAAAAGAAGCGGCACCGTACCCACTCATTGGACACGAGTATCCTTA	51826905	51826913	-8	51831638	-4733	51831663	4750	25
ENSMUST00000065496	ATGTTAGGAATAACTGGCTCTGAGAGAGATTACCAACTGTGGGTAAATTCTGGAAAAGAAGCGGCACCGTACCCACTCATTGGACACGAGTATCCTTA	51826905	51831827	-4922	51840393	-13488	51831663	-164	-8730
ENSMUST00000065496	ATGTTAGGAATAACTGGCTCTGAGAGAGATTACCAACTGTGGGTAAATTCTGGAAAAGAAGCGGCACCGTACCCACTCATTGGACACGAGTATCCTTA	51826905	51840555	-13650	51846240	-19335	51831663	-8892	-14577
ENSMUST00000065496	ATGTTAGGAATAACTGGCTCTGAGAGAGATTACCAACTGTGGGTAAATTCTGGAAAAGAAGCGGCACCGTACCCACTCATTGGACACGAGTATCCTTA	51826905	51826913	-8	51831638	-4733	51831663	4750	25
ENSMUST00000065496	ATGTTAGGAATAACTGGCTCTGAGAGAGATTACCAACTGTGGGTAAATTCTGGAAAAGAAGCGGCACCGTACCCACTCATTGGACACGAGTATCCTTA	51826905	51831827	-4922	51840393	-13488	51831663	-164	-8730
ENSMUST00000065496	ATGTTAGGAATAACTGGCTCTGAGAGAGATTACCAACTGTGGGTAAATTCTGGAAAAGAAGCGGCACCGTACCCACTCATTGGACACGAGTATCCTTA	51826905	51840555	-13650	51846240	-19335	51831663	-8892	-14577
ENSMUST00000042824	ACCGCGCTGGAGGGATATCAGATTGGACAGGTGGCCTGTGGGCTGAACCACACCTTGGCAGTGTCAGCAGATGGCTCCATGGTGTGGGCCTTTGGAGA	66487985	66385187	102798	66388160	99825	66489342	104155	101182
ENSMUST00000042824	ACCGCGCTGGAGGGATATCAGATTGGACAGGTGGCCTGTGGGCTGAACCACACCTTGGCAGTGTCAGCAGATGGCTCCATGGTGTGGGCCTTTGGAGA	66487985	66439906	48079	66445452	42533	66489342	49436	43890
ENSMUST00000042824	ACCGCGCTGGAGGGATATCAGATTGGACAGGTGGCCTGTGGGCTGAACCACACCTTGGCAGTGTCAGCAGATGGCTCCATGGTGTGGGCCTTTGGAGA	66487985	66448532	39453	66453336	34649	66489342	40810	36006
ENSMUST00000042824	ACCGCGCTGGAGGGATATCAGATTGGACAGGTGGCCTGTGGGCTGAACCACACCTTGGCAGTGTCAGCAGATGGCTCCATGGTGTGGGCCTTTGGAGA	66487985	66453535	34450	66457436	30549	66489342	35807	31906
ENSMUST00000042824	ACCGCGCTGGAGGGATATCAGATTGGACAGGTGGCCTGTGGGCTGAACCACACCTTGGCAGTGTCAGCAGATGGCTCCATGGTGTGGGCCTTTGGAGA	66487985	66458425	29560	66461699	26286	66489342	30917	27643
ENSMUST00000042824	ACCGCGCTGGAGGGATATCAGATTGGACAGGTGGCCTGTGGGCTGAACCACACCTTGGCAGTGTCAGCAGATGGCTCCATGGTGTGGGCCTTTGGAGA	66487985	66460532	27453	66462828	25157	66489342	28810	26514
ENSMUST00000042824	ACCGCGCTGGAGGGATATCAGATTGGACAGGTGGCCTGTGGGCTGAACCACACCTTGGCAGTGTCAGCAGATGGCTCCATGGTGTGGGCCTTTGGAGA	66487985	66460532	27453	66462828	25157	66489342	28810	26514
ENSMUST00000042824	ACCGCGCTGGAGGGATATCAGATTGGACAGGTGGCCTGTGGGCTGAACCACACCTTGGCAGTGTCAGCAGATGGCTCCATGGTGTGGGCCTTTGGAGA	66487985	66463097	24888	66465380	22605	66489342	26245	23962
ENSMUST00000042824	ACCGCGCTGGAGGGATATCAGATTGGACAGGTGGCCTGTGGGCTGAACCACACCTTGGCAGTGTCAGCAGATGGCTCCATGGTGTGGGCCTTTGGAGA	66487985	66467973	20012	66470237	17748	66489342	21369	19105
ENSMUST00000042824	ACCGCGCTGGAGGGATATCAGATTGGACAGGTGGCCTGTGGGCTGAACCACACCTTGGCAGTGTCAGCAGATGGCTCCATGGTGTGGGCCTTTGGAGA	66487985	66473583	14402	66475920	12065	66489342	15759	13422
ENSMUST00000042824	ACCGCGCTGGAGGGATATCAGATTGGACAGGTGGCCTGTGGGCTGAACCACACCTTGGCAGTGTCAGCAGATGGCTCCATGGTGTGGGCCTTTGGAGA	66487985	66479532	8453	66481803	6182	66489342	9810	7539
ENSMUST00000042824	ACCGCGCTGGAGGGATATCAGATTGGACAGGTGGCCTGTGGGCTGAACCACACCTTGGCAGTGTCAGCAGATGGCTCCATGGTGTGGGCCTTTGGAGA	66487985	66487079	906	66489329	-1344	66489342	2263	13
ENSMUST00000042824	ACCGCGCTGGAGGGATATCAGATTGGACAGGTGGCCTGTGGGCTGAACCACACCTTGGCAGTGTCAGCAGATGGCTCCATGGTGTGGGCCTTTGGAGA	66487985	66497338	-9353	66498679	-10694	66489342	-7996	-9337
ENSMUST00000042824	ACCGCGCTGGAGGGATATCAGATTGGACAGGTGGCCTGTGGGCTGAACCACACCTTGGCAGTGTCAGCAGATGGCTCCATGGTGTGGGCCTTTGGAGA	66487985	66498756	-10771	66504587	-16602	66489342	-9414	-15245
ENSMUST00000042824	ACCGCGCTGGAGGGATATCAGATTGGACAGGTGGCCTGTGGGCTGAACCACACCTTGGCAGTGTCAGCAGATGGCTCCATGGTGTGGGCCTTTGGAGA	66487985	66501428	-13443	66504587	-16602	66489342	-12086	-15245
ENSMUST00000107724	ATGACAAGTGATGCGTGATGGCGGGGGAAGTCATCTGATCTGGAAAATGAGTGTTTGGCGGTAGTGGCTTCTGCAAAAATTCTTATTGGTGTTAAAAAC	95492459	95414131	78328	95470521	21938	95492558	78427	22037
ENSMUST00000107724	ATGACAAGTGATGCGTGATGGCGGGGGAAGTCATCTGATCTGGAAAATGAGTGTTTGGCGGTAGTGGCTTCTGCAAAAATTCTTATTGGTGTTAAAAAC	95492459	95471344	21115	95474484	17975	95492558	21214	18074
ENSMUST00000107724	ATGACAAGTGATGCGTGATGGCGGGGGAAGTCATCTGATCTGGAAAATGAGTGTTTGGCGGTAGTGGCTTCTGCAAAAATTCTTATTGGTGTTAAAAAC	95492459	95471344	21115	95481913	10546	95492558	21214	10645
ENSMUST00000107724	ATGACAAGTGATGCGTGATGGCGGGGGAAGTCATCTGATCTGGAAAATGAGTGTTTGGCGGTAGTGGCTTCTGCAAAAATTCTTATTGGTGTTAAAAAC	95492459	95474612	17847	95485291	7168	95492558	17946	7267
ENSMUST00000107724	ATGACAAGTGATGCGTGATGGCGGGGGAAGTCATCTGATCTGGAAAATGAGTGTTTGGCGGTAGTGGCTTCTGCAAAAATTCTTATTGGTGTTAAAAAC	95492459	95485347	7112	95485836	6623	95492558	7211	6722
ENSMUST00000022057	AACGCTCCCTCTAGATTATATGTCATCTAGCGAGGGAAGGGTAGTAACAATTAGATCACGGAGACTTGGTGTCTTTGTACCGTCAGTTTAAAATGTCTA	74033752	74009509	24243	74030749	3003	74033851	24342	3102
ENSMUST00000022057	AACGCTCCCTCTAGATTATATGTCATCTAGCGAGGGAAGGGTAGTAACAATTAGATCACGGAGACTTGGTGTCTTTGTACCGTCAGTTTAAAATGTCTA	74033752	74021450	12302	74031220	2532	74033851	12401	2631
ENSMUST00000111293	TTTTAAACGGAGGCTGAAGACACTGTAGAATTAGCAGACATAAGAGAGCGTGGAGAAGGCAGAGGATGGAGTTGCAGACTCTACAGGAGGCTCTTAAAG	92221500	92184352	37148	92214048	7452	92221599	37247	7551
ENSMUST00000111293	TTTTAAACGGAGGCTGAAGACACTGTAGAATTAGCAGACATAAGAGAGCGTGGAGAAGGCAGAGGATGGAGTTGCAGACTCTACAGGAGGCTCTTAAAG	92221500	92185588	35912	92214048	7452	92221599	36011	7551
ENSMUST00000111293	TTTTAAACGGAGGCTGAAGACACTGTAGAATTAGCAGACATAAGAGAGCGTGGAGAAGGCAGAGGATGGAGTTGCAGACTCTACAGGAGGCTCTTAAAG	92221500	92186609	34891	92214048	7452	92221599	34990	7551
ENSMUST00000111293	TTTTAAACGGAGGCTGAAGACACTGTAGAATTAGCAGACATAAGAGAGCGTGGAGAAGGCAGAGGATGGAGTTGCAGACTCTACAGGAGGCTCTTAAAG	92221500	92184352	37148	92214048	7452	92221599	37247	7551
ENSMUST00000111293	TTTTAAACGGAGGCTGAAGACACTGTAGAATTAGCAGACATAAGAGAGCGTGGAGAAGGCAGAGGATGGAGTTGCAGACTCTACAGGAGGCTCTTAAAG	92221500	92185588	35912	92214048	7452	92221599	36011	7551
ENSMUST00000111293	TTTTAAACGGAGGCTGAAGACACTGTAGAATTAGCAGACATAAGAGAGCGTGGAGAAGGCAGAGGATGGAGTTGCAGACTCTACAGGAGGCTCTTAAAG	92221500	92186609	34891	92201511	19989	92221599	34990	20088
ENSMUST00000111293	TTTTAAACGGAGGCTGAAGACACTGTAGAATTAGCAGACATAAGAGAGCGTGGAGAAGGCAGAGGATGGAGTTGCAGACTCTACAGGAGGCTCTTAAAG	92221500	92186609	34891	92214048	7452	92221599	34990	7551
ENSMUST00000111293	TTTTAAACGGAGGCTGAAGACACTGTAGAATTAGCAGACATAAGAGAGCGTGGAGAAGGCAGAGGATGGAGTTGCAGACTCTACAGGAGGCTCTTAAAG	92221500	92186609	34891	92214048	7452	92221599	34990	7551
ENSMUST00000111293	TTTTAAACGGAGGCTGAAGACACTGTAGAATTAGCAGACATAAGAGAGCGTGGAGAAGGCAGAGGATGGAGTTGCAGACTCTACAGGAGGCTCTTAAAG	92221500	92187408	34092	92214048	7452	92221599	34191	7551
ENSMUST00000111293	TTTTAAACGGAGGCTGAAGACACTGTAGAATTAGCAGACATAAGAGAGCGTGGAGAAGGCAGAGGATGGAGTTGCAGACTCTACAGGAGGCTCTTAAAG	92221500	92214089	7411	92221471	29	92221599	7510	128
ENSMUST00000111293	TTTTAAACGGAGGCTGAAGACACTGTAGAATTAGCAGACATAAGAGAGCGTGGAGAAGGCAGAGGATGGAGTTGCAGACTCTACAGGAGGCTCTTAAAG	92221500	92214089	7411	92221471	29	92221599	7510	128
ENSMUST00000111293	TTTTAAACGGAGGCTGAAGACACTGTAGAATTAGCAGACATAAGAGAGCGTGGAGAAGGCAGAGGATGGAGTTGCAGACTCTACAGGAGGCTCTTAAAG	92221500	92320459	-98959	92328311	-106811	92221599	-98860	-106712
ENSMUST00000111293	TTTTAAACGGAGGCTGAAGACACTGTAGAATTAGCAGACATAAGAGAGCGTGGAGAAGGCAGAGGATGGAGTTGCAGACTCTACAGGAGGCTCTTAAAG	92221500	92320459	-98959	92328311	-106811	92221599	-98860	-106712
ENSMUST00000111293	TTTTAAACGGAGGCTGAAGACACTGTAGAATTAGCAGACATAAGAGAGCGTGGAGAAGGCAGAGGATGGAGTTGCAGACTCTACAGGAGGCTCTTAAAG	92221500	92320459	-98959	92328314	-106814	92221599	-98860	-106715
ENSMUST00000111293	TTTTAAACGGAGGCTGAAGACACTGTAGAATTAGCAGACATAAGAGAGCGTGGAGAAGGCAGAGGATGGAGTTGCAGACTCTACAGGAGGCTCTTAAAG	92221500	92330808	-109308	92347995	-126495	92221599	-109209	-126396
ENSMUST00000111293	TTTTAAACGGAGGCTGAAGACACTGTAGAATTAGCAGACATAAGAGAGCGTGGAGAAGGCAGAGGATGGAGTTGCAGACTCTACAGGAGGCTCTTAAAG	92221500	92344642	-123142	92348877	-127377	92221599	-123043	-127278
ENSMUST00000111293	TTTTAAACGGAGGCTGAAGACACTGTAGAATTAGCAGACATAAGAGAGCGTGGAGAAGGCAGAGGATGGAGTTGCAGACTCTACAGGAGGCTCTTAAAG	92221500	92344642	-123142	92349387	-127887	92221599	-123043	-127788
ENSMUST00000111293	TTTTAAACGGAGGCTGAAGACACTGTAGAATTAGCAGACATAAGAGAGCGTGGAGAAGGCAGAGGATGGAGTTGCAGACTCTACAGGAGGCTCTTAAAG	92221500	92349448	-127948	92356863	-135363	92221599	-127849	-135264
ENSMUST00000111293	TTTTAAACGGAGGCTGAAGACACTGTAGAATTAGCAGACATAAGAGAGCGTGGAGAAGGCAGAGGATGGAGTTGCAGACTCTACAGGAGGCTCTTAAAG	92221500	92349448	-127948	92356863	-135363	92221599	-127849	-135264
ENSMUST00000111293	TTTTAAACGGAGGCTGAAGACACTGTAGAATTAGCAGACATAAGAGAGCGTGGAGAAGGCAGAGGATGGAGTTGCAGACTCTACAGGAGGCTCTTAAAG	92221500	92349448	-127948	92358693	-137193	92221599	-127849	-137094
ENSMUST00000171289	TAATTAAAATTACTGTTCTCTGAATGACAGTGTGTAAGGAAATCTTTCAAGAATGCTGTCATTATTCTCTTTGAGCTTTTTGTTGGGATTTGGGGTTTT	126843119	126599160	243959	126729406	113713	126843217	244057	113811
ENSMUST00000171289	TAATTAAAATTACTGTTCTCTGAATGACAGTGTGTAAGGAAATCTTTCAAGAATGCTGTCATTATTCTCTTTGAGCTTTTTGTTGGGATTTGGGGTTTT	126843119	126684719	158400	126767513	75606	126843217	158498	75704
ENSMUST00000171289	TAATTAAAATTACTGTTCTCTGAATGACAGTGTGTAAGGAAATCTTTCAAGAATGCTGTCATTATTCTCTTTGAGCTTTTTGTTGGGATTTGGGGTTTT	126843119	126767579	75540	126771773	71346	126843217	75638	71444
ENSMUST00000171289	TAATTAAAATTACTGTTCTCTGAATGACAGTGTGTAAGGAAATCTTTCAAGAATGCTGTCATTATTCTCTTTGAGCTTTTTGTTGGGATTTGGGGTTTT	126843119	126767579	75540	126780359	62760	126843217	75638	62858
ENSMUST00000171289	TAATTAAAATTACTGTTCTCTGAATGACAGTGTGTAAGGAAATCTTTCAAGAATGCTGTCATTATTCTCTTTGAGCTTTTTGTTGGGATTTGGGGTTTT	126843119	126767579	75540	126780359	62760	126843217	75638	62858
ENSMUST00000171289	TAATTAAAATTACTGTTCTCTGAATGACAGTGTGTAAGGAAATCTTTCAAGAATGCTGTCATTATTCTCTTTGAGCTTTTTGTTGGGATTTGGGGTTTT	126843119	126767579	75540	126780359	62760	126843217	75638	62858
ENSMUST00000171289	TAATTAAAATTACTGTTCTCTGAATGACAGTGTGTAAGGAAATCTTTCAAGAATGCTGTCATTATTCTCTTTGAGCTTTTTGTTGGGATTTGGGGTTTT	126843119	126770857	72262	126779900	63219	126843217	72360	63317
ENSMUST00000171289	TAATTAAAATTACTGTTCTCTGAATGACAGTGTGTAAGGAAATCTTTCAAGAATGCTGTCATTATTCTCTTTGAGCTTTTTGTTGGGATTTGGGGTTTT	126843119	126770857	72262	126780359	62760	126843217	72360	62858
ENSMUST00000171289	TAATTAAAATTACTGTTCTCTGAATGACAGTGTGTAAGGAAATCTTTCAAGAATGCTGTCATTATTCTCTTTGAGCTTTTTGTTGGGATTTGGGGTTTT	126843119	126770857	72262	126780359	62760	126843217	72360	62858
ENSMUST00000171289	TAATTAAAATTACTGTTCTCTGAATGACAGTGTGTAAGGAAATCTTTCAAGAATGCTGTCATTATTCTCTTTGAGCTTTTTGTTGGGATTTGGGGTTTT	126843119	126771846	71273	126780359	62760	126843217	71371	62858
ENSMUST00000171289	TAATTAAAATTACTGTTCTCTGAATGACAGTGTGTAAGGAAATCTTTCAAGAATGCTGTCATTATTCTCTTTGAGCTTTTTGTTGGGATTTGGGGTTTT	126843119	126770857	72262	126780359	62760	126843217	72360	62858
ENSMUST00000171289	TAATTAAAATTACTGTTCTCTGAATGACAGTGTGTAAGGAAATCTTTCAAGAATGCTGTCATTATTCTCTTTGAGCTTTTTGTTGGGATTTGGGGTTTT	126843119	126801761	41358	126810638	32481	126843217	41456	32579
ENSMUST00000171289	TAATTAAAATTACTGTTCTCTGAATGACAGTGTGTAAGGAAATCTTTCAAGAATGCTGTCATTATTCTCTTTGAGCTTTTTGTTGGGATTTGGGGTTTT	126843119	126801761	41358	126808207	34912	126843217	41456	35010
ENSMUST00000171289	TAATTAAAATTACTGTTCTCTGAATGACAGTGTGTAAGGAAATCTTTCAAGAATGCTGTCATTATTCTCTTTGAGCTTTTTGTTGGGATTTGGGGTTTT	126843119	126801761	41358	126810638	32481	126843217	41456	32579
ENSMUST00000171289	TAATTAAAATTACTGTTCTCTGAATGACAGTGTGTAAGGAAATCTTTCAAGAATGCTGTCATTATTCTCTTTGAGCTTTTTGTTGGGATTTGGGGTTTT	126843119	126802969	40150	126810638	32481	126843217	40248	32579
ENSMUST00000171289	TAATTAAAATTACTGTTCTCTGAATGACAGTGTGTAAGGAAATCTTTCAAGAATGCTGTCATTATTCTCTTTGAGCTTTTTGTTGGGATTTGGGGTTTT	126843119	126801761	41358	126810638	32481	126843217	41456	32579
ENSMUST00000171289	TAATTAAAATTACTGTTCTCTGAATGACAGTGTGTAAGGAAATCTTTCAAGAATGCTGTCATTATTCTCTTTGAGCTTTTTGTTGGGATTTGGGGTTTT	126843119	126805916	37203	126810638	32481	126843217	37301	32579
ENSMUST00000171289	TAATTAAAATTACTGTTCTCTGAATGACAGTGTGTAAGGAAATCTTTCAAGAATGCTGTCATTATTCTCTTTGAGCTTTTTGTTGGGATTTGGGGTTTT	126843119	126840365	2754	126842757	362	126843217	2852	460
ENSMUST00000029800	TGGGAATAACGTTTCTTGGAATCGGACTGTGGGCGTGGAATGAAAAAGGTGTCCTCTCCAACATCTCGTCCATCACCGACCTCGGTGGCTTTGACCCAGT	138868351	138742660	125691	138868345	6	138890790	148130	22445
ENSMUST00000029800	TGGGAATAACGTTTCTTGGAATCGGACTGTGGGCGTGGAATGAAAAAGGTGTCCTCTCCAACATCTCGTCCATCACCGACCTCGGTGGCTTTGACCCAGT	138868351	138778378	89973	138868345	6	138890790	112412	22445
ENSMUST00000029800	TGGGAATAACGTTTCTTGGAATCGGACTGTGGGCGTGGAATGAAAAAGGTGTCCTCTCCAACATCTCGTCCATCACCGACCTCGGTGGCTTTGACCCAGT	138868351	138742660	125691	138890734	-22383	138890790	148130	56
ENSMUST00000029800	TGGGAATAACGTTTCTTGGAATCGGACTGTGGGCGTGGAATGAAAAAGGTGTCCTCTCCAACATCTCGTCCATCACCGACCTCGGTGGCTTTGACCCAGT	138868351	138868396	-45	138894347	-25996	138890790	22394	-3557
ENSMUST00000029800	TGGGAATAACGTTTCTTGGAATCGGACTGTGGGCGTGGAATGAAAAAGGTGTCCTCTCCAACATCTCGTCCATCACCGACCTCGGTGGCTTTGACCCAGT	138868351	138890881	-22530	138896788	-28437	138890790	-91	-5998
ENSMUST00000029800	TGGGAATAACGTTTCTTGGAATCGGACTGTGGGCGTGGAATGAAAAAGGTGTCCTCTCCAACATCTCGTCCATCACCGACCTCGGTGGCTTTGACCCAGT	138868351	138890881	-22530	138896852	-28501	138890790	-91	-6062
ENSMUST00000029800	TGGGAATAACGTTTCTTGGAATCGGACTGTGGGCGTGGAATGAAAAAGGTGTCCTCTCCAACATCTCGTCCATCACCGACCTCGGTGGCTTTGACCCAGT	138868351	138894518	-26167	138898112	-29761	138890790	-3728	-7322
ENSMUST00000029800	TGGGAATAACGTTTCTTGGAATCGGACTGTGGGCGTGGAATGAAAAAGGTGTCCTCTCCAACATCTCGTCCATCACCGACCTCGGTGGCTTTGACCCAGT	138868351	138894518	-26167	138898112	-29761	138890790	-3728	-7322
ENSMUST00000029800	TGGGAATAACGTTTCTTGGAATCGGACTGTGGGCGTGGAATGAAAAAGGTGTCCTCTCCAACATCTCGTCCATCACCGACCTCGGTGGCTTTGACCCAGT	138868351	138898160	-29809	138902378	-34027	138890790	-7370	-11588
ENSMUST00000071325	AATCGAAGAGATCTGCCTAGTTGATGAGAACCAGTTCACTCTAACCATTGCAAACCAAGGCACACCACTGACCTTCATGCACCAAGAATGTGAAGCCATT	79536922	79418683	118239	79428577	108345	79537022	118339	108445
ENSMUST00000071325	AATCGAAGAGATCTGCCTAGTTGATGAGAACCAGTTCACTCTAACCATTGCAAACCAAGGCACACCACTGACCTTCATGCACCAAGAATGTGAAGCCATT	79536922	79458906	78016	79468716	68206	79537022	78116	68306
ENSMUST00000071325	AATCGAAGAGATCTGCCTAGTTGATGAGAACCAGTTCACTCTAACCATTGCAAACCAAGGCACACCACTGACCTTCATGCACCAAGAATGTGAAGCCATT	79536922	79458906	78016	79468716	68206	79537022	78116	68306
ENSMUST00000071325	AATCGAAGAGATCTGCCTAGTTGATGAGAACCAGTTCACTCTAACCATTGCAAACCAAGGCACACCACTGACCTTCATGCACCAAGAATGTGAAGCCATT	79536922	79463295	73627	79468716	68206	79537022	73727	68306
ENSMUST00000071325	AATCGAAGAGATCTGCCTAGTTGATGAGAACCAGTTCACTCTAACCATTGCAAACCAAGGCACACCACTGACCTTCATGCACCAAGAATGTGAAGCCATT	79536922	79475883	61039	79545353	-8431	79537022	61139	-8331
ENSMUST00000071325	AATCGAAGAGATCTGCCTAGTTGATGAGAACCAGTTCACTCTAACCATTGCAAACCAAGGCACACCACTGACCTTCATGCACCAAGAATGTGAAGCCATT	79536922	79546412	-9490	79547667	-10745	79537022	-9390	-10645
ENSMUST00000071325	AATCGAAGAGATCTGCCTAGTTGATGAGAACCAGTTCACTCTAACCATTGCAAACCAAGGCACACCACTGACCTTCATGCACCAAGAATGTGAAGCCATT	79536922	79553997	-17075	79556698	-19776	79537022	-16975	-19676
ENSMUST00000071325	AATCGAAGAGATCTGCCTAGTTGATGAGAACCAGTTCACTCTAACCATTGCAAACCAAGGCACACCACTGACCTTCATGCACCAAGAATGTGAAGCCATT	79536922	79553997	-17075	79559404	-22482	79537022	-16975	-22382
ENSMUST00000071325	AATCGAAGAGATCTGCCTAGTTGATGAGAACCAGTTCACTCTAACCATTGCAAACCAAGGCACACCACTGACCTTCATGCACCAAGAATGTGAAGCCATT	79536922	79569170	-32248	79578253	-41331	79537022	-32148	-41231
ENSMUST00000071325	AATCGAAGAGATCTGCCTAGTTGATGAGAACCAGTTCACTCTAACCATTGCAAACCAAGGCACACCACTGACCTTCATGCACCAAGAATGTGAAGCCATT	79536922	79418683	118239	79428577	108345	79537022	118339	108445
ENSMUST00000071325	AATCGAAGAGATCTGCCTAGTTGATGAGAACCAGTTCACTCTAACCATTGCAAACCAAGGCACACCACTGACCTTCATGCACCAAGAATGTGAAGCCATT	79536922	79458906	78016	79468716	68206	79537022	78116	68306
ENSMUST00000071325	AATCGAAGAGATCTGCCTAGTTGATGAGAACCAGTTCACTCTAACCATTGCAAACCAAGGCACACCACTGACCTTCATGCACCAAGAATGTGAAGCCATT	79536922	79458906	78016	79468716	68206	79537022	78116	68306
ENSMUST00000071325	AATCGAAGAGATCTGCCTAGTTGATGAGAACCAGTTCACTCTAACCATTGCAAACCAAGGCACACCACTGACCTTCATGCACCAAGAATGTGAAGCCATT	79536922	79463295	73627	79468716	68206	79537022	73727	68306
ENSMUST00000071325	AATCGAAGAGATCTGCCTAGTTGATGAGAACCAGTTCACTCTAACCATTGCAAACCAAGGCACACCACTGACCTTCATGCACCAAGAATGTGAAGCCATT	79536922	79475883	61039	79545353	-8431	79537022	61139	-8331
ENSMUST00000071325	AATCGAAGAGATCTGCCTAGTTGATGAGAACCAGTTCACTCTAACCATTGCAAACCAAGGCACACCACTGACCTTCATGCACCAAGAATGTGAAGCCATT	79536922	79546412	-9490	79547667	-10745	79537022	-9390	-10645
ENSMUST00000071325	AATCGAAGAGATCTGCCTAGTTGATGAGAACCAGTTCACTCTAACCATTGCAAACCAAGGCACACCACTGACCTTCATGCACCAAGAATGTGAAGCCATT	79536922	79553997	-17075	79556698	-19776	79537022	-16975	-19676
ENSMUST00000071325	AATCGAAGAGATCTGCCTAGTTGATGAGAACCAGTTCACTCTAACCATTGCAAACCAAGGCACACCACTGACCTTCATGCACCAAGAATGTGAAGCCATT	79536922	79553997	-17075	79559404	-22482	79537022	-16975	-22382
ENSMUST00000071325	AATCGAAGAGATCTGCCTAGTTGATGAGAACCAGTTCACTCTAACCATTGCAAACCAAGGCACACCACTGACCTTCATGCACCAAGAATGTGAAGCCATT	79536922	79569170	-32248	79578253	-41331	79537022	-32148	-41231
ENSMUST00000113144	TATTTTTGGATCTTGGTTCTGGGGCACTGGTGAGAACAGCCTTAGATCTGTTGGAGTCAATTGTGAGAAGATGCCGAAGGCTGGAGAAAAAGAAGTTACT	135800611	135742978	57633	135744498	56113	135800711	57733	56213
ENSMUST00000113144	TATTTTTGGATCTTGGTTCTGGGGCACTGGTGAGAACAGCCTTAGATCTGTTGGAGTCAATTGTGAGAAGATGCCGAAGGCTGGAGAAAAAGAAGTTACT	135800611	135742978	57633	135744498	56113	135800711	57733	56213
ENSMUST00000113144	TATTTTTGGATCTTGGTTCTGGGGCACTGGTGAGAACAGCCTTAGATCTGTTGGAGTCAATTGTGAGAAGATGCCGAAGGCTGGAGAAAAAGAAGTTACT	135800611	135752017	48594	135796948	3663	135800711	48694	3763
ENSMUST00000113144	TATTTTTGGATCTTGGTTCTGGGGCACTGGTGAGAACAGCCTTAGATCTGTTGGAGTCAATTGTGAGAAGATGCCGAAGGCTGGAGAAAAAGAAGTTACT	135800611	135752017	48594	135797552	3059	135800711	48694	3159
ENSMUST00000113144	TATTTTTGGATCTTGGTTCTGGGGCACTGGTGAGAACAGCCTTAGATCTGTTGGAGTCAATTGTGAGAAGATGCCGAAGGCTGGAGAAAAAGAAGTTACT	135800611	135752017	48594	135797787	2824	135800711	48694	2924
ENSMUST00000113144	TATTTTTGGATCTTGGTTCTGGGGCACTGGTGAGAACAGCCTTAGATCTGTTGGAGTCAATTGTGAGAAGATGCCGAAGGCTGGAGAAAAAGAAGTTACT	135800611	135752017	48594	135797552	3059	135800711	48694	3159
ENSMUST00000113144	TATTTTTGGATCTTGGTTCTGGGGCACTGGTGAGAACAGCCTTAGATCTGTTGGAGTCAATTGTGAGAAGATGCCGAAGGCTGGAGAAAAAGAAGTTACT	135800611	135752017	48594	135797787	2824	135800711	48694	2924
ENSMUST00000113144	TATTTTTGGATCTTGGTTCTGGGGCACTGGTGAGAACAGCCTTAGATCTGTTGGAGTCAATTGTGAGAAGATGCCGAAGGCTGGAGAAAAAGAAGTTACT	135800611	135796336	4275	135797552	3059	135800711	4375	3159
ENSMUST00000113144	TATTTTTGGATCTTGGTTCTGGGGCACTGGTGAGAACAGCCTTAGATCTGTTGGAGTCAATTGTGAGAAGATGCCGAAGGCTGGAGAAAAAGAAGTTACT	135800611	135796336	4275	135797787	2824	135800711	4375	2924
ENSMUST00000113144	TATTTTTGGATCTTGGTTCTGGGGCACTGGTGAGAACAGCCTTAGATCTGTTGGAGTCAATTGTGAGAAGATGCCGAAGGCTGGAGAAAAAGAAGTTACT	135800611	135752017	48594	135797787	2824	135800711	48694	2924
ENSMUST00000113144	TATTTTTGGATCTTGGTTCTGGGGCACTGGTGAGAACAGCCTTAGATCTGTTGGAGTCAATTGTGAGAAGATGCCGAAGGCTGGAGAAAAAGAAGTTACT	135800611	135796336	4275	135797787	2824	135800711	4375	2924
ENSMUST00000113144	TATTTTTGGATCTTGGTTCTGGGGCACTGGTGAGAACAGCCTTAGATCTGTTGGAGTCAATTGTGAGAAGATGCCGAAGGCTGGAGAAAAAGAAGTTACT	135800611	135797037	3574	135797787	2824	135800711	3674	2924
ENSMUST00000113144	TATTTTTGGATCTTGGTTCTGGGGCACTGGTGAGAACAGCCTTAGATCTGTTGGAGTCAATTGTGAGAAGATGCCGAAGGCTGGAGAAAAAGAAGTTACT	135800611	135752017	48594	135798390	2221	135800711	48694	2321
ENSMUST00000113144	TATTTTTGGATCTTGGTTCTGGGGCACTGGTGAGAACAGCCTTAGATCTGTTGGAGTCAATTGTGAGAAGATGCCGAAGGCTGGAGAAAAAGAAGTTACT	135800611	135797629	2982	135798022	2589	135800711	3082	2689
ENSMUST00000113144	TATTTTTGGATCTTGGTTCTGGGGCACTGGTGAGAACAGCCTTAGATCTGTTGGAGTCAATTGTGAGAAGATGCCGAAGGCTGGAGAAAAAGAAGTTACT	135800611	135797864	2747	135798390	2221	135800711	2847	2321
ENSMUST00000039259	TTGAACAAAGAATGGAAGAAGAAATATGTGACCTTGTCCAGCAATGGCTTTCTACTCTACCACCCCAGCATTAATGACTACATCCACAGTACACATGGCA	127087441	127085660	1781	127087233	208	127087920	2260	687
ENSMUST00000039259	TTGAACAAAGAATGGAAGAAGAAATATGTGACCTTGTCCAGCAATGGCTTTCTACTCTACCACCCCAGCATTAATGACTACATCCACAGTACACATGGCA	127087441	127088047	-606	127089229	-1788	127087920	-127	-1309
ENSMUST00000039259	TTGAACAAAGAATGGAAGAAGAAATATGTGACCTTGTCCAGCAATGGCTTTCTACTCTACCACCCCAGCATTAATGACTACATCCACAGTACACATGGCA	127087441	127089358	-1917	127090426	-2985	127087920	-1438	-2506
ENSMUST00000220990	CCGAAGCAAGGAGTGAGCCTCCATCGGGAGAAATCTAAATAGCATACTTGGGCCATGGAACACTTTGAACCATTTCACGTCTCCTGCTCCTACAAAATCA	38630699	37880954	749745	38084166	546533	38630799	749845	546633
ENSMUST00000220990	CCGAAGCAAGGAGTGAGCCTCCATCGGGAGAAATCTAAATAGCATACTTGGGCCATGGAACACTTTGAACCATTTCACGTCTCCTGCTCCTACAAAATCA	38630699	37982010	648689	38100363	530336	38630799	648789	530436
ENSMUST00000220990	CCGAAGCAAGGAGTGAGCCTCCATCGGGAGAAATCTAAATAGCATACTTGGGCCATGGAACACTTTGAACCATTTCACGTCTCCTGCTCCTACAAAATCA	38630699	38139686	491013	38166742	463957	38630799	491113	464057
ENSMUST00000220990	CCGAAGCAAGGAGTGAGCCTCCATCGGGAGAAATCTAAATAGCATACTTGGGCCATGGAACACTTTGAACCATTTCACGTCTCCTGCTCCTACAAAATCA	38630699	38184971	445728	38214302	416397	38630799	445828	416497
ENSMUST00000220990	CCGAAGCAAGGAGTGAGCCTCCATCGGGAGAAATCTAAATAGCATACTTGGGCCATGGAACACTTTGAACCATTTCACGTCTCCTGCTCCTACAAAATCA	38630699	38190134	440565	38216018	414681	38630799	440665	414781
ENSMUST00000220990	CCGAAGCAAGGAGTGAGCCTCCATCGGGAGAAATCTAAATAGCATACTTGGGCCATGGAACACTTTGAACCATTTCACGTCTCCTGCTCCTACAAAATCA	38630699	38190134	440565	38227962	402737	38630799	440665	402837
ENSMUST00000220990	CCGAAGCAAGGAGTGAGCCTCCATCGGGAGAAATCTAAATAGCATACTTGGGCCATGGAACACTTTGAACCATTTCACGTCTCCTGCTCCTACAAAATCA	38630699	38166775	463924	38329992	300707	38630799	464024	300807
ENSMUST00000220990	CCGAAGCAAGGAGTGAGCCTCCATCGGGAGAAATCTAAATAGCATACTTGGGCCATGGAACACTTTGAACCATTTCACGTCTCCTGCTCCTACAAAATCA	38630699	38427494	203205	38602715	27984	38630799	203305	28084
ENSMUST00000097785	CATGAGACCCTGGAGCCACTGAACGAGTGGCTCACAGCTGTAGAAAAGAAGCTGGCAAACTCGGAGCCCATAGGAACCCAGGCACCAAAGCTGGAGGAGC	34249582	34249638	-56	34250609	-1027	34250654	1016	45
ENSMUST00000097785	CATGAGACCCTGGAGCCACTGAACGAGTGGCTCACAGCTGTAGAAAAGAAGCTGGCAAACTCGGAGCCCATAGGAACCCAGGCACCAAAGCTGGAGGAGC	34249582	34295536	-45954	34299720	-50138	34250654	-44882	-49066
ENSMUST00000097785	CATGAGACCCTGGAGCCACTGAACGAGTGGCTCACAGCTGTAGAAAAGAAGCTGGCAAACTCGGAGCCCATAGGAACCCAGGCACCAAAGCTGGAGGAGC	34249582	34299838	-50256	34302829	-53247	34250654	-49184	-52175
ENSMUST00000097785	CATGAGACCCTGGAGCCACTGAACGAGTGGCTCACAGCTGTAGAAAAGAAGCTGGCAAACTCGGAGCCCATAGGAACCCAGGCACCAAAGCTGGAGGAGC	34249582	34303032	-53450	34306527	-56945	34250654	-52378	-55873
ENSMUST00000097785	CATGAGACCCTGGAGCCACTGAACGAGTGGCTCACAGCTGTAGAAAAGAAGCTGGCAAACTCGGAGCCCATAGGAACCCAGGCACCAAAGCTGGAGGAGC	34249582	34174795	74787	34184015	65567	34250654	75859	66639
ENSMUST00000105473	ACCCTGTACGGGATCTCAAATGTCTGGGAAGAATCCATTATCCGAACCCTGAGCCGTGTGGAGTTCCTGGGAATGATTGGTCTCTTTGGTGCATTTTTCAG	53073502	52933267	140235	53073453	49	53073603	140336	150
ENSMUST00000105473	ACCCTGTACGGGATCTCAAATGTCTGGGAAGAATCCATTATCCGAACCCTGAGCCGTGTGGAGTTCCTGGGAATGATTGGTCTCTTTGGTGCATTTTTCAG	53073502	53021971	51531	53073453	49	53073603	51632	150
ENSMUST00000105473	ACCCTGTACGGGATCTCAAATGTCTGGGAAGAATCCATTATCCGAACCCTGAGCCGTGTGGAGTTCCTGGGAATGATTGGTCTCTTTGGTGCATTTTTCAG	53073502	53021971	51531	53077896	-4394	53073603	51632	-4293
ENSMUST00000105473	ACCCTGTACGGGATCTCAAATGTCTGGGAAGAATCCATTATCCGAACCCTGAGCCGTGTGGAGTTCCTGGGAATGATTGGTCTCTTTGGTGCATTTTTCAG	53073502	53077949	-4447	53108147	-34645	53073603	-4346	-34544
ENSMUST00000045393	CTCTCAGTACCACCACCACAGCCCGGCCCACACCCCTCACCAGCACAGCCTCGCCTGCAGCCACCACTCCACTCCGCCGGGCACCCCTCACCACACACCCA	83930986	83900924	30062	83918819	12167	83931087	30163	12268
ENSMUST00000045393	CTCTCAGTACCACCACCACAGCCCGGCCCACACCCCTCACCAGCACAGCCTCGCCTGCAGCCACCACTCCACTCCGCCGGGCACCCCTCACCACACACCCA	83930986	83900924	30062	83922998	7988	83931087	30163	8089
ENSMUST00000045393	CTCTCAGTACCACCACCACAGCCCGGCCCACACCCCTCACCAGCACAGCCTCGCCTGCAGCCACCACTCCACTCCGCCGGGCACCCCTCACCACACACCCA	83930986	83919033	11953	83929463	1523	83931087	12054	1624
ENSMUST00000045393	CTCTCAGTACCACCACCACAGCCCGGCCCACACCCCTCACCAGCACAGCCTCGCCTGCAGCCACCACTCCACTCCGCCGGGCACCCCTCACCACACACCCA	83930986	83923108	7878	83926261	4725	83931087	7979	4826
ENSMUST00000045393	CTCTCAGTACCACCACCACAGCCCGGCCCACACCCCTCACCAGCACAGCCTCGCCTGCAGCCACCACTCCACTCCGCCGGGCACCCCTCACCACACACCCA	83930986	83923108	7878	83929463	1523	83931087	7979	1624
ENSMUST00000045393	CTCTCAGTACCACCACCACAGCCCGGCCCACACCCCTCACCAGCACAGCCTCGCCTGCAGCCACCACTCCACTCCGCCGGGCACCCCTCACCACACACCCA	83930986	83923108	7878	83929463	1523	83931087	7979	1624
ENSMUST00000045393	CTCTCAGTACCACCACCACAGCCCGGCCCACACCCCTCACCAGCACAGCCTCGCCTGCAGCCACCACTCCACTCCGCCGGGCACCCCTCACCACACACCCA	83930986	83924355	6631	83929463	1523	83931087	6732	1624
ENSMUST00000045393	CTCTCAGTACCACCACCACAGCCCGGCCCACACCCCTCACCAGCACAGCCTCGCCTGCAGCCACCACTCCACTCCGCCGGGCACCCCTCACCACACACCCA	83930986	83931716	-730	83932371	-1385	83931087	-629	-1284
ENSMUST00000045393	CTCTCAGTACCACCACCACAGCCCGGCCCACACCCCTCACCAGCACAGCCTCGCCTGCAGCCACCACTCCACTCCGCCGGGCACCCCTCACCACACACCCA	83930986	83937777	-6791	83938349	-7363	83931087	-6690	-7262
ENSMUST00000106017	AAGAAGCTTCGGTATTCGGACTTGGACTTTGAGAAGGTGATGCACACTCGGAAACGGCACTCGGAACTCTACCACGAACTCAACCAGAAGTTCCACACTTT	130021249	129992879	28370	130005389	15860	130021659	28780	16270
ENSMUST00000106017	AAGAAGCTTCGGTATTCGGACTTGGACTTTGAGAAGGTGATGCACACTCGGAAACGGCACTCGGAACTCTACCACGAACTCAACCAGAAGTTCCACACTTT	130021249	129992879	28370	130007561	13688	130021659	28780	14098
ENSMUST00000106017	AAGAAGCTTCGGTATTCGGACTTGGACTTTGAGAAGGTGATGCACACTCGGAAACGGCACTCGGAACTCTACCACGAACTCAACCAGAAGTTCCACACTTT	130021249	129992879	28370	130007561	13688	130021659	28780	14098
ENSMUST00000106017	AAGAAGCTTCGGTATTCGGACTTGGACTTTGAGAAGGTGATGCACACTCGGAAACGGCACTCGGAACTCTACCACGAACTCAACCAGAAGTTCCACACTTT	130021249	130005108	16141	130006751	14498	130021659	16551	14908
ENSMUST00000106017	AAGAAGCTTCGGTATTCGGACTTGGACTTTGAGAAGGTGATGCACACTCGGAAACGGCACTCGGAACTCTACCACGAACTCAACCAGAAGTTCCACACTTT	130021249	130005108	16141	130007561	13688	130021659	16551	14098
ENSMUST00000106017	AAGAAGCTTCGGTATTCGGACTTGGACTTTGAGAAGGTGATGCACACTCGGAAACGGCACTCGGAACTCTACCACGAACTCAACCAGAAGTTCCACACTTT	130021249	130005108	16141	130007561	13688	130021659	16551	14098
ENSMUST00000106017	AAGAAGCTTCGGTATTCGGACTTGGACTTTGAGAAGGTGATGCACACTCGGAAACGGCACTCGGAACTCTACCACGAACTCAACCAGAAGTTCCACACTTT	130021249	130005554	15695	130007561	13688	130021659	16105	14098
ENSMUST00000106017	AAGAAGCTTCGGTATTCGGACTTGGACTTTGAGAAGGTGATGCACACTCGGAAACGGCACTCGGAACTCTACCACGAACTCAACCAGAAGTTCCACACTTT	130021249	130014636	6613	130016633	4616	130021659	7023	5026
ENSMUST00000106017	AAGAAGCTTCGGTATTCGGACTTGGACTTTGAGAAGGTGATGCACACTCGGAAACGGCACTCGGAACTCTACCACGAACTCAACCAGAAGTTCCACACTTT	130021249	130014636	6613	130017061	4188	130021659	7023	4598
ENSMUST00000106017	AAGAAGCTTCGGTATTCGGACTTGGACTTTGAGAAGGTGATGCACACTCGGAAACGGCACTCGGAACTCTACCACGAACTCAACCAGAAGTTCCACACTTT	130021249	130014636	6613	130017061	4188	130021659	7023	4598
ENSMUST00000106017	AAGAAGCTTCGGTATTCGGACTTGGACTTTGAGAAGGTGATGCACACTCGGAAACGGCACTCGGAACTCTACCACGAACTCAACCAGAAGTTCCACACTTT	130021249	130015033	6216	130017061	4188	130021659	6626	4598
ENSMUST00000106017	AAGAAGCTTCGGTATTCGGACTTGGACTTTGAGAAGGTGATGCACACTCGGAAACGGCACTCGGAACTCTACCACGAACTCAACCAGAAGTTCCACACTTT	130021249	130017624	3625	130018660	2589	130021659	4035	2999
ENSMUST00000106017	AAGAAGCTTCGGTATTCGGACTTGGACTTTGAGAAGGTGATGCACACTCGGAAACGGCACTCGGAACTCTACCACGAACTCAACCAGAAGTTCCACACTTT	130021249	130021254	-5	130022149	-900	130021659	405	-490
ENSMUST00000190096	TTAAGTGACTACTCATCCTCTGTTCCTTCGACCCCAAGCACCAGCCAGAAAGAGCTTCGGATCGACGTCCCTCCCACTGCCAACACTCCAACGCCTGTCCG	89665062	89609583	55479	89663660	1402	89665163	55580	1503
ENSMUST00000190096	TTAAGTGACTACTCATCCTCTGTTCCTTCGACCCCAAGCACCAGCCAGAAAGAGCTTCGGATCGACGTCCCTCCCACTGCCAACACTCCAACGCCTGTCCG	89665062	89671271	-6209	89766305	-101243	89665163	-6108	-101142
ENSMUST00000190096	TTAAGTGACTACTCATCCTCTGTTCCTTCGACCCCAAGCACCAGCCAGAAAGAGCTTCGGATCGACGTCCCTCCCACTGCCAACACTCCAACGCCTGTCCG	89665062	89726065	-61003	89766305	-101243	89665163	-60902	-101142
ENSMUST00000190096	TTAAGTGACTACTCATCCTCTGTTCCTTCGACCCCAAGCACCAGCCAGAAAGAGCTTCGGATCGACGTCCCTCCCACTGCCAACACTCCAACGCCTGTCCG	89665062	89743896	-78834	89789162	-124100	89665163	-78733	-123999
ENSMUST00000190096	TTAAGTGACTACTCATCCTCTGTTCCTTCGACCCCAAGCACCAGCCAGAAAGAGCTTCGGATCGACGTCCCTCCCACTGCCAACACTCCAACGCCTGTCCG	89665062	89743896	-78834	89834433	-169371	89665163	-78733	-169270
ENSMUST00000190096	TTAAGTGACTACTCATCCTCTGTTCCTTCGACCCCAAGCACCAGCCAGAAAGAGCTTCGGATCGACGTCCCTCCCACTGCCAACACTCCAACGCCTGTCCG	89665062	89743896	-78834	89834433	-169371	89665163	-78733	-169270
ENSMUST00000190096	TTAAGTGACTACTCATCCTCTGTTCCTTCGACCCCAAGCACCAGCCAGAAAGAGCTTCGGATCGACGTCCCTCCCACTGCCAACACTCCAACGCCTGTCCG	89665062	89766464	-101402	89834433	-169371	89665163	-101301	-169270
ENSMUST00000190096	TTAAGTGACTACTCATCCTCTGTTCCTTCGACCCCAAGCACCAGCCAGAAAGAGCTTCGGATCGACGTCCCTCCCACTGCCAACACTCCAACGCCTGTCCG	89665062	89609583	55479	89663660	1402	89665163	55580	1503
ENSMUST00000190096	TTAAGTGACTACTCATCCTCTGTTCCTTCGACCCCAAGCACCAGCCAGAAAGAGCTTCGGATCGACGTCCCTCCCACTGCCAACACTCCAACGCCTGTCCG	89665062	89671271	-6209	89766305	-101243	89665163	-6108	-101142
ENSMUST00000190096	TTAAGTGACTACTCATCCTCTGTTCCTTCGACCCCAAGCACCAGCCAGAAAGAGCTTCGGATCGACGTCCCTCCCACTGCCAACACTCCAACGCCTGTCCG	89665062	89726065	-61003	89766305	-101243	89665163	-60902	-101142
ENSMUST00000190096	TTAAGTGACTACTCATCCTCTGTTCCTTCGACCCCAAGCACCAGCCAGAAAGAGCTTCGGATCGACGTCCCTCCCACTGCCAACACTCCAACGCCTGTCCG	89665062	89743896	-78834	89789162	-124100	89665163	-78733	-123999
ENSMUST00000190096	TTAAGTGACTACTCATCCTCTGTTCCTTCGACCCCAAGCACCAGCCAGAAAGAGCTTCGGATCGACGTCCCTCCCACTGCCAACACTCCAACGCCTGTCCG	89665062	89743896	-78834	89834433	-169371	89665163	-78733	-169270
ENSMUST00000190096	TTAAGTGACTACTCATCCTCTGTTCCTTCGACCCCAAGCACCAGCCAGAAAGAGCTTCGGATCGACGTCCCTCCCACTGCCAACACTCCAACGCCTGTCCG	89665062	89743896	-78834	89834433	-169371	89665163	-78733	-169270
ENSMUST00000190096	TTAAGTGACTACTCATCCTCTGTTCCTTCGACCCCAAGCACCAGCCAGAAAGAGCTTCGGATCGACGTCCCTCCCACTGCCAACACTCCAACGCCTGTCCG	89665062	89766464	-101402	89834433	-169371	89665163	-101301	-169270
ENSMUST00000113462	AAAGAAAAGGAATATAACTACTACGTGCTCATCCCCTTCCCTCCCGCTGCCCTCGGCGCCGCACTGTCAGCTCTGGGGCTGGCTGTCCTCCGCTCTGCGCCT	6532311	6428778	103533	6448254	84057	6532413	103635	84159
ENSMUST00000113462	AAAGAAAAGGAATATAACTACTACGTGCTCATCCCCTTCCCTCCCGCTGCCCTCGGCGCCGCACTGTCAGCTCTGGGGCTGGCTGTCCTCCGCTCTGCGCCT	6532311	6428778	103533	6472257	60054	6532413	103635	60156
ENSMUST00000113462	AAAGAAAAGGAATATAACTACTACGTGCTCATCCCCTTCCCTCCCGCTGCCCTCGGCGCCGCACTGTCAGCTCTGGGGCTGGCTGTCCTCCGCTCTGCGCCT	6532311	6428778	103533	6472257	60054	6532413	103635	60156
ENSMUST00000113462	AAAGAAAAGGAATATAACTACTACGTGCTCATCCCCTTCCCTCCCGCTGCCCTCGGCGCCGCACTGTCAGCTCTGGGGCTGGCTGTCCTCCGCTCTGCGCCT	6532311	6443648	88663	6450527	81784	6532413	88765	81886
ENSMUST00000113462	AAAGAAAAGGAATATAACTACTACGTGCTCATCCCCTTCCCTCCCGCTGCCCTCGGCGCCGCACTGTCAGCTCTGGGGCTGGCTGTCCTCCGCTCTGCGCCT	6532311	6443648	88663	6450530	81781	6532413	88765	81883
ENSMUST00000113462	AAAGAAAAGGAATATAACTACTACGTGCTCATCCCCTTCCCTCCCGCTGCCCTCGGCGCCGCACTGTCAGCTCTGGGGCTGGCTGTCCTCCGCTCTGCGCCT	6532311	6443648	88663	6454978	77333	6532413	88765	77435
ENSMUST00000113462	AAAGAAAAGGAATATAACTACTACGTGCTCATCCCCTTCCCTCCCGCTGCCCTCGGCGCCGCACTGTCAGCTCTGGGGCTGGCTGTCCTCCGCTCTGCGCCT	6532311	6443648	88663	6463823	68488	6532413	88765	68590
ENSMUST00000113462	AAAGAAAAGGAATATAACTACTACGTGCTCATCCCCTTCCCTCCCGCTGCCCTCGGCGCCGCACTGTCAGCTCTGGGGCTGGCTGTCCTCCGCTCTGCGCCT	6532311	6443648	88663	6472257	60054	6532413	88765	60156
ENSMUST00000113462	AAAGAAAAGGAATATAACTACTACGTGCTCATCCCCTTCCCTCCCGCTGCCCTCGGCGCCGCACTGTCAGCTCTGGGGCTGGCTGTCCTCCGCTCTGCGCCT	6532311	6443648	88663	6454978	77333	6532413	88765	77435
ENSMUST00000113462	AAAGAAAAGGAATATAACTACTACGTGCTCATCCCCTTCCCTCCCGCTGCCCTCGGCGCCGCACTGTCAGCTCTGGGGCTGGCTGTCCTCCGCTCTGCGCCT	6532311	6443648	88663	6481109	51202	6532413	88765	51304
ENSMUST00000113462	AAAGAAAAGGAATATAACTACTACGTGCTCATCCCCTTCCCTCCCGCTGCCCTCGGCGCCGCACTGTCAGCTCTGGGGCTGGCTGTCCTCCGCTCTGCGCCT	6532311	6448284	84027	6454978	77333	6532413	84129	77435
ENSMUST00000113462	AAAGAAAAGGAATATAACTACTACGTGCTCATCCCCTTCCCTCCCGCTGCCCTCGGCGCCGCACTGTCAGCTCTGGGGCTGGCTGTCCTCCGCTCTGCGCCT	6532311	6443648	88663	6454978	77333	6532413	88765	77435
ENSMUST00000113462	AAAGAAAAGGAATATAACTACTACGTGCTCATCCCCTTCCCTCCCGCTGCCCTCGGCGCCGCACTGTCAGCTCTGGGGCTGGCTGTCCTCCGCTCTGCGCCT	6532311	6448284	84027	6454978	77333	6532413	84129	77435
ENSMUST00000113462	AAAGAAAAGGAATATAACTACTACGTGCTCATCCCCTTCCCTCCCGCTGCCCTCGGCGCCGCACTGTCAGCTCTGGGGCTGGCTGTCCTCCGCTCTGCGCCT	6532311	6443648	88663	6463823	68488	6532413	88765	68590
ENSMUST00000113462	AAAGAAAAGGAATATAACTACTACGTGCTCATCCCCTTCCCTCCCGCTGCCCTCGGCGCCGCACTGTCAGCTCTGGGGCTGGCTGTCCTCCGCTCTGCGCCT	6532311	6443648	88663	6472257	60054	6532413	88765	60156
ENSMUST00000113462	AAAGAAAAGGAATATAACTACTACGTGCTCATCCCCTTCCCTCCCGCTGCCCTCGGCGCCGCACTGTCAGCTCTGGGGCTGGCTGTCCTCCGCTCTGCGCCT	6532311	6448284	84027	6463823	68488	6532413	84129	68590
ENSMUST00000113462	AAAGAAAAGGAATATAACTACTACGTGCTCATCCCCTTCCCTCCCGCTGCCCTCGGCGCCGCACTGTCAGCTCTGGGGCTGGCTGTCCTCCGCTCTGCGCCT	6532311	6448284	84027	6472257	60054	6532413	84129	60156
ENSMUST00000113462	AAAGAAAAGGAATATAACTACTACGTGCTCATCCCCTTCCCTCCCGCTGCCCTCGGCGCCGCACTGTCAGCTCTGGGGCTGGCTGTCCTCCGCTCTGCGCCT	6532311	6443648	88663	6472257	60054	6532413	88765	60156
ENSMUST00000113462	AAAGAAAAGGAATATAACTACTACGTGCTCATCCCCTTCCCTCCCGCTGCCCTCGGCGCCGCACTGTCAGCTCTGGGGCTGGCTGTCCTCCGCTCTGCGCCT	6532311	6448284	84027	6472257	60054	6532413	84129	60156
ENSMUST00000113462	AAAGAAAAGGAATATAACTACTACGTGCTCATCCCCTTCCCTCCCGCTGCCCTCGGCGCCGCACTGTCAGCTCTGGGGCTGGCTGTCCTCCGCTCTGCGCCT	6532311	6455280	77031	6472257	60054	6532413	77133	60156
ENSMUST00000113462	AAAGAAAAGGAATATAACTACTACGTGCTCATCCCCTTCCCTCCCGCTGCCCTCGGCGCCGCACTGTCAGCTCTGGGGCTGGCTGTCCTCCGCTCTGCGCCT	6532311	6443648	88663	6472257	60054	6532413	88765	60156
ENSMUST00000113462	AAAGAAAAGGAATATAACTACTACGTGCTCATCCCCTTCCCTCCCGCTGCCCTCGGCGCCGCACTGTCAGCTCTGGGGCTGGCTGTCCTCCGCTCTGCGCCT	6532311	6448284	84027	6472257	60054	6532413	84129	60156
ENSMUST00000113462	AAAGAAAAGGAATATAACTACTACGTGCTCATCCCCTTCCCTCCCGCTGCCCTCGGCGCCGCACTGTCAGCTCTGGGGCTGGCTGTCCTCCGCTCTGCGCCT	6532311	6455280	77031	6472257	60054	6532413	77133	60156
ENSMUST00000113462	AAAGAAAAGGAATATAACTACTACGTGCTCATCCCCTTCCCTCCCGCTGCCCTCGGCGCCGCACTGTCAGCTCTGGGGCTGGCTGTCCTCCGCTCTGCGCCT	6532311	6455280	77031	6473317	58994	6532413	77133	59096
ENSMUST00000113462	AAAGAAAAGGAATATAACTACTACGTGCTCATCCCCTTCCCTCCCGCTGCCCTCGGCGCCGCACTGTCAGCTCTGGGGCTGGCTGTCCTCCGCTCTGCGCCT	6532311	6481875	50436	6490066	42245	6532413	50538	42347
ENSMUST00000113462	AAAGAAAAGGAATATAACTACTACGTGCTCATCCCCTTCCCTCCCGCTGCCCTCGGCGCCGCACTGTCAGCTCTGGGGCTGGCTGTCCTCCGCTCTGCGCCT	6532311	6493009	39302	6504874	27437	6532413	39404	27539
ENSMUST00000113462	AAAGAAAAGGAATATAACTACTACGTGCTCATCCCCTTCCCTCCCGCTGCCCTCGGCGCCGCACTGTCAGCTCTGGGGCTGGCTGTCCTCCGCTCTGCGCCT	6532311	6498531	33780	6509777	22534	6532413	33882	22636
ENSMUST00000113462	AAAGAAAAGGAATATAACTACTACGTGCTCATCCCCTTCCCTCCCGCTGCCCTCGGCGCCGCACTGTCAGCTCTGGGGCTGGCTGTCCTCCGCTCTGCGCCT	6532311	6505056	27255	6519248	13063	6532413	27357	13165
ENSMUST00000113462	AAAGAAAAGGAATATAACTACTACGTGCTCATCCCCTTCCCTCCCGCTGCCCTCGGCGCCGCACTGTCAGCTCTGGGGCTGGCTGTCCTCCGCTCTGCGCCT	6532311	6509949	22362	6516922	15389	6532413	22464	15491
ENSMUST00000113462	AAAGAAAAGGAATATAACTACTACGTGCTCATCCCCTTCCCTCCCGCTGCCCTCGGCGCCGCACTGTCAGCTCTGGGGCTGGCTGTCCTCCGCTCTGCGCCT	6532311	6509949	22362	6519248	13063	6532413	22464	13165
ENSMUST00000113462	AAAGAAAAGGAATATAACTACTACGTGCTCATCCCCTTCCCTCCCGCTGCCCTCGGCGCCGCACTGTCAGCTCTGGGGCTGGCTGTCCTCCGCTCTGCGCCT	6532311	6517248	15063	6531267	1044	6532413	15165	1146
ENSMUST00000113462	AAAGAAAAGGAATATAACTACTACGTGCTCATCCCCTTCCCTCCCGCTGCCCTCGGCGCCGCACTGTCAGCTCTGGGGCTGGCTGTCCTCCGCTCTGCGCCT	6532311	6517248	15063	6531843	468	6532413	15165	570
ENSMUST00000113462	AAAGAAAAGGAATATAACTACTACGTGCTCATCCCCTTCCCTCCCGCTGCCCTCGGCGCCGCACTGTCAGCTCTGGGGCTGGCTGTCCTCCGCTCTGCGCCT	6532311	6517248	15063	6542340	-10029	6532413	15165	-9927
ENSMUST00000113462	AAAGAAAAGGAATATAACTACTACGTGCTCATCCCCTTCCCTCCCGCTGCCCTCGGCGCCGCACTGTCAGCTCTGGGGCTGGCTGTCCTCCGCTCTGCGCCT	6532311	6428778	103533	6448254	84057	6532413	103635	84159
ENSMUST00000113462	AAAGAAAAGGAATATAACTACTACGTGCTCATCCCCTTCCCTCCCGCTGCCCTCGGCGCCGCACTGTCAGCTCTGGGGCTGGCTGTCCTCCGCTCTGCGCCT	6532311	6428778	103533	6472257	60054	6532413	103635	60156
ENSMUST00000113462	AAAGAAAAGGAATATAACTACTACGTGCTCATCCCCTTCCCTCCCGCTGCCCTCGGCGCCGCACTGTCAGCTCTGGGGCTGGCTGTCCTCCGCTCTGCGCCT	6532311	6428778	103533	6472257	60054	6532413	103635	60156
ENSMUST00000113462	AAAGAAAAGGAATATAACTACTACGTGCTCATCCCCTTCCCTCCCGCTGCCCTCGGCGCCGCACTGTCAGCTCTGGGGCTGGCTGTCCTCCGCTCTGCGCCT	6532311	6443648	88663	6450527	81784	6532413	88765	81886
ENSMUST00000113462	AAAGAAAAGGAATATAACTACTACGTGCTCATCCCCTTCCCTCCCGCTGCCCTCGGCGCCGCACTGTCAGCTCTGGGGCTGGCTGTCCTCCGCTCTGCGCCT	6532311	6443648	88663	6450530	81781	6532413	88765	81883
ENSMUST00000113462	AAAGAAAAGGAATATAACTACTACGTGCTCATCCCCTTCCCTCCCGCTGCCCTCGGCGCCGCACTGTCAGCTCTGGGGCTGGCTGTCCTCCGCTCTGCGCCT	6532311	6443648	88663	6454978	77333	6532413	88765	77435
ENSMUST00000113462	AAAGAAAAGGAATATAACTACTACGTGCTCATCCCCTTCCCTCCCGCTGCCCTCGGCGCCGCACTGTCAGCTCTGGGGCTGGCTGTCCTCCGCTCTGCGCCT	6532311	6443648	88663	6463823	68488	6532413	88765	68590
ENSMUST00000113462	AAAGAAAAGGAATATAACTACTACGTGCTCATCCCCTTCCCTCCCGCTGCCCTCGGCGCCGCACTGTCAGCTCTGGGGCTGGCTGTCCTCCGCTCTGCGCCT	6532311	6443648	88663	6472257	60054	6532413	88765	60156
ENSMUST00000113462	AAAGAAAAGGAATATAACTACTACGTGCTCATCCCCTTCCCTCCCGCTGCCCTCGGCGCCGCACTGTCAGCTCTGGGGCTGGCTGTCCTCCGCTCTGCGCCT	6532311	6443648	88663	6454978	77333	6532413	88765	77435
ENSMUST00000113462	AAAGAAAAGGAATATAACTACTACGTGCTCATCCCCTTCCCTCCCGCTGCCCTCGGCGCCGCACTGTCAGCTCTGGGGCTGGCTGTCCTCCGCTCTGCGCCT	6532311	6443648	88663	6481109	51202	6532413	88765	51304
ENSMUST00000113462	AAAGAAAAGGAATATAACTACTACGTGCTCATCCCCTTCCCTCCCGCTGCCCTCGGCGCCGCACTGTCAGCTCTGGGGCTGGCTGTCCTCCGCTCTGCGCCT	6532311	6448284	84027	6454978	77333	6532413	84129	77435
ENSMUST00000113462	AAAGAAAAGGAATATAACTACTACGTGCTCATCCCCTTCCCTCCCGCTGCCCTCGGCGCCGCACTGTCAGCTCTGGGGCTGGCTGTCCTCCGCTCTGCGCCT	6532311	6443648	88663	6454978	77333	6532413	88765	77435
ENSMUST00000113462	AAAGAAAAGGAATATAACTACTACGTGCTCATCCCCTTCCCTCCCGCTGCCCTCGGCGCCGCACTGTCAGCTCTGGGGCTGGCTGTCCTCCGCTCTGCGCCT	6532311	6448284	84027	6454978	77333	6532413	84129	77435
ENSMUST00000113462	AAAGAAAAGGAATATAACTACTACGTGCTCATCCCCTTCCCTCCCGCTGCCCTCGGCGCCGCACTGTCAGCTCTGGGGCTGGCTGTCCTCCGCTCTGCGCCT	6532311	6443648	88663	6463823	68488	6532413	88765	68590
ENSMUST00000113462	AAAGAAAAGGAATATAACTACTACGTGCTCATCCCCTTCCCTCCCGCTGCCCTCGGCGCCGCACTGTCAGCTCTGGGGCTGGCTGTCCTCCGCTCTGCGCCT	6532311	6443648	88663	6472257	60054	6532413	88765	60156
ENSMUST00000113462	AAAGAAAAGGAATATAACTACTACGTGCTCATCCCCTTCCCTCCCGCTGCCCTCGGCGCCGCACTGTCAGCTCTGGGGCTGGCTGTCCTCCGCTCTGCGCCT	6532311	6448284	84027	6463823	68488	6532413	84129	68590
ENSMUST00000113462	AAAGAAAAGGAATATAACTACTACGTGCTCATCCCCTTCCCTCCCGCTGCCCTCGGCGCCGCACTGTCAGCTCTGGGGCTGGCTGTCCTCCGCTCTGCGCCT	6532311	6448284	84027	6472257	60054	6532413	84129	60156
ENSMUST00000113462	AAAGAAAAGGAATATAACTACTACGTGCTCATCCCCTTCCCTCCCGCTGCCCTCGGCGCCGCACTGTCAGCTCTGGGGCTGGCTGTCCTCCGCTCTGCGCCT	6532311	6443648	88663	6472257	60054	6532413	88765	60156
ENSMUST00000113462	AAAGAAAAGGAATATAACTACTACGTGCTCATCCCCTTCCCTCCCGCTGCCCTCGGCGCCGCACTGTCAGCTCTGGGGCTGGCTGTCCTCCGCTCTGCGCCT	6532311	6448284	84027	6472257	60054	6532413	84129	60156
ENSMUST00000113462	AAAGAAAAGGAATATAACTACTACGTGCTCATCCCCTTCCCTCCCGCTGCCCTCGGCGCCGCACTGTCAGCTCTGGGGCTGGCTGTCCTCCGCTCTGCGCCT	6532311	6455280	77031	6472257	60054	6532413	77133	60156
ENSMUST00000113462	AAAGAAAAGGAATATAACTACTACGTGCTCATCCCCTTCCCTCCCGCTGCCCTCGGCGCCGCACTGTCAGCTCTGGGGCTGGCTGTCCTCCGCTCTGCGCCT	6532311	6443648	88663	6472257	60054	6532413	88765	60156
ENSMUST00000113462	AAAGAAAAGGAATATAACTACTACGTGCTCATCCCCTTCCCTCCCGCTGCCCTCGGCGCCGCACTGTCAGCTCTGGGGCTGGCTGTCCTCCGCTCTGCGCCT	6532311	6448284	84027	6472257	60054	6532413	84129	60156
ENSMUST00000113462	AAAGAAAAGGAATATAACTACTACGTGCTCATCCCCTTCCCTCCCGCTGCCCTCGGCGCCGCACTGTCAGCTCTGGGGCTGGCTGTCCTCCGCTCTGCGCCT	6532311	6455280	77031	6472257	60054	6532413	77133	60156
ENSMUST00000113462	AAAGAAAAGGAATATAACTACTACGTGCTCATCCCCTTCCCTCCCGCTGCCCTCGGCGCCGCACTGTCAGCTCTGGGGCTGGCTGTCCTCCGCTCTGCGCCT	6532311	6455280	77031	6473317	58994	6532413	77133	59096
ENSMUST00000113462	AAAGAAAAGGAATATAACTACTACGTGCTCATCCCCTTCCCTCCCGCTGCCCTCGGCGCCGCACTGTCAGCTCTGGGGCTGGCTGTCCTCCGCTCTGCGCCT	6532311	6481875	50436	6490066	42245	6532413	50538	42347
ENSMUST00000113462	AAAGAAAAGGAATATAACTACTACGTGCTCATCCCCTTCCCTCCCGCTGCCCTCGGCGCCGCACTGTCAGCTCTGGGGCTGGCTGTCCTCCGCTCTGCGCCT	6532311	6493009	39302	6504874	27437	6532413	39404	27539
ENSMUST00000113462	AAAGAAAAGGAATATAACTACTACGTGCTCATCCCCTTCCCTCCCGCTGCCCTCGGCGCCGCACTGTCAGCTCTGGGGCTGGCTGTCCTCCGCTCTGCGCCT	6532311	6498531	33780	6509777	22534	6532413	33882	22636
ENSMUST00000113462	AAAGAAAAGGAATATAACTACTACGTGCTCATCCCCTTCCCTCCCGCTGCCCTCGGCGCCGCACTGTCAGCTCTGGGGCTGGCTGTCCTCCGCTCTGCGCCT	6532311	6505056	27255	6519248	13063	6532413	27357	13165
ENSMUST00000113462	AAAGAAAAGGAATATAACTACTACGTGCTCATCCCCTTCCCTCCCGCTGCCCTCGGCGCCGCACTGTCAGCTCTGGGGCTGGCTGTCCTCCGCTCTGCGCCT	6532311	6509949	22362	6516922	15389	6532413	22464	15491
ENSMUST00000113462	AAAGAAAAGGAATATAACTACTACGTGCTCATCCCCTTCCCTCCCGCTGCCCTCGGCGCCGCACTGTCAGCTCTGGGGCTGGCTGTCCTCCGCTCTGCGCCT	6532311	6509949	22362	6519248	13063	6532413	22464	13165
ENSMUST00000113462	AAAGAAAAGGAATATAACTACTACGTGCTCATCCCCTTCCCTCCCGCTGCCCTCGGCGCCGCACTGTCAGCTCTGGGGCTGGCTGTCCTCCGCTCTGCGCCT	6532311	6517248	15063	6531267	1044	6532413	15165	1146
ENSMUST00000113462	AAAGAAAAGGAATATAACTACTACGTGCTCATCCCCTTCCCTCCCGCTGCCCTCGGCGCCGCACTGTCAGCTCTGGGGCTGGCTGTCCTCCGCTCTGCGCCT	6532311	6517248	15063	6531843	468	6532413	15165	570
ENSMUST00000113462	AAAGAAAAGGAATATAACTACTACGTGCTCATCCCCTTCCCTCCCGCTGCCCTCGGCGCCGCACTGTCAGCTCTGGGGCTGGCTGTCCTCCGCTCTGCGCCT	6532311	6517248	15063	6542340	-10029	6532413	15165	-9927
ENSMUST00000108251	TGCAAGCAGATGGATCACTTTGTCGGACTCAACTTCAACTCTAACTTTAACTTTGCACTAGTTGGACACCTCTTAAAAGGGTACAGGCATCCTTCACCTGCC	79553965	79418683	135282	79428577	125388	79555551	136868	126974
ENSMUST00000108251	TGCAAGCAGATGGATCACTTTGTCGGACTCAACTTCAACTCTAACTTTAACTTTGCACTAGTTGGACACCTCTTAAAAGGGTACAGGCATCCTTCACCTGCC	79553965	79458906	95059	79468716	85249	79555551	96645	86835
ENSMUST00000108251	TGCAAGCAGATGGATCACTTTGTCGGACTCAACTTCAACTCTAACTTTAACTTTGCACTAGTTGGACACCTCTTAAAAGGGTACAGGCATCCTTCACCTGCC	79553965	79458906	95059	79468716	85249	79555551	96645	86835
ENSMUST00000108251	TGCAAGCAGATGGATCACTTTGTCGGACTCAACTTCAACTCTAACTTTAACTTTGCACTAGTTGGACACCTCTTAAAAGGGTACAGGCATCCTTCACCTGCC	79553965	79463295	90670	79468716	85249	79555551	92256	86835
ENSMUST00000108251	TGCAAGCAGATGGATCACTTTGTCGGACTCAACTTCAACTCTAACTTTAACTTTGCACTAGTTGGACACCTCTTAAAAGGGTACAGGCATCCTTCACCTGCC	79553965	79475883	78082	79545353	8612	79555551	79668	10198
ENSMUST00000108251	TGCAAGCAGATGGATCACTTTGTCGGACTCAACTTCAACTCTAACTTTAACTTTGCACTAGTTGGACACCTCTTAAAAGGGTACAGGCATCCTTCACCTGCC	79553965	79546412	7553	79547667	6298	79555551	9139	7884
ENSMUST00000108251	TGCAAGCAGATGGATCACTTTGTCGGACTCAACTTCAACTCTAACTTTAACTTTGCACTAGTTGGACACCTCTTAAAAGGGTACAGGCATCCTTCACCTGCC	79553965	79553997	-32	79556698	-2733	79555551	1554	-1147
ENSMUST00000108251	TGCAAGCAGATGGATCACTTTGTCGGACTCAACTTCAACTCTAACTTTAACTTTGCACTAGTTGGACACCTCTTAAAAGGGTACAGGCATCCTTCACCTGCC	79553965	79553997	-32	79559404	-5439	79555551	1554	-3853
ENSMUST00000108251	TGCAAGCAGATGGATCACTTTGTCGGACTCAACTTCAACTCTAACTTTAACTTTGCACTAGTTGGACACCTCTTAAAAGGGTACAGGCATCCTTCACCTGCC	79553965	79569170	-15205	79578253	-24288	79555551	-13619	-22702
ENSMUST00000100203	GGCGAGCCCAGGCAACTCCTGACCATGTCCTCTTCATGCTGTTAAATGCCAAGGGAACTACTGTGTGCACAGCCAGCTGCCTTCAGCTTCATAAGCGAGCAGA	100190308	100142147	48161	100154156	36152	100191062	48915	36906
ENSMUST00000100203	GGCGAGCCCAGGCAACTCCTGACCATGTCCTCTTCATGCTGTTAAATGCCAAGGGAACTACTGTGTGCACAGCCAGCTGCCTTCAGCTTCATAAGCGAGCAGA	100190308	100157968	32340	100161977	28331	100191062	33094	29085
ENSMUST00000100203	GGCGAGCCCAGGCAACTCCTGACCATGTCCTCTTCATGCTGTTAAATGCCAAGGGAACTACTGTGTGCACAGCCAGCTGCCTTCAGCTTCATAAGCGAGCAGA	100190308	100191110	-802	100195790	-5482	100191062	-48	-4728
ENSMUST00000100203	GGCGAGCCCAGGCAACTCCTGACCATGTCCTCTTCATGCTGTTAAATGCCAAGGGAACTACTGTGTGCACAGCCAGCTGCCTTCAGCTTCATAAGCGAGCAGA	100190308	100142147	48161	100154156	36152	100191062	48915	36906
ENSMUST00000100203	GGCGAGCCCAGGCAACTCCTGACCATGTCCTCTTCATGCTGTTAAATGCCAAGGGAACTACTGTGTGCACAGCCAGCTGCCTTCAGCTTCATAAGCGAGCAGA	100190308	100157968	32340	100161977	28331	100191062	33094	29085
ENSMUST00000100203	GGCGAGCCCAGGCAACTCCTGACCATGTCCTCTTCATGCTGTTAAATGCCAAGGGAACTACTGTGTGCACAGCCAGCTGCCTTCAGCTTCATAAGCGAGCAGA	100190308	100191110	-802	100195790	-5482	100191062	-48	-4728
ENSMUST00000182597	TTGAGGCTACCAAAGTTTGCAGAGGAGGAGACTCTTTGTATAGACTCTATAACTCCTTGTGCTGATGGAATTCATTTGTTGGTAGGACTGCGGACATGCTCTG	74579853	74593249	-13396	74594869	-15016	74579956	-13293	-14913
ENSMUST00000182597	TTGAGGCTACCAAAGTTTGCAGAGGAGGAGACTCTTTGTATAGACTCTATAACTCCTTGTGCTGATGGAATTCATTTGTTGGTAGGACTGCGGACATGCTCTG	74579853	74593249	-13396	74594869	-15016	74579956	-13293	-14913
ENSMUST00000182597	TTGAGGCTACCAAAGTTTGCAGAGGAGGAGACTCTTTGTATAGACTCTATAACTCCTTGTGCTGATGGAATTCATTTGTTGGTAGGACTGCGGACATGCTCTG	74579853	74606135	-26282	74609058	-29205	74579956	-26179	-29102
ENSMUST00000182597	TTGAGGCTACCAAAGTTTGCAGAGGAGGAGACTCTTTGTATAGACTCTATAACTCCTTGTGCTGATGGAATTCATTTGTTGGTAGGACTGCGGACATGCTCTG	74579853	74614432	-34579	74618435	-38582	74579956	-34476	-38479
ENSMUST00000182597	TTGAGGCTACCAAAGTTTGCAGAGGAGGAGACTCTTTGTATAGACTCTATAACTCCTTGTGCTGATGGAATTCATTTGTTGGTAGGACTGCGGACATGCTCTG	74579853	74614432	-34579	74618435	-38582	74579956	-34476	-38479
ENSMUST00000182597	TTGAGGCTACCAAAGTTTGCAGAGGAGGAGACTCTTTGTATAGACTCTATAACTCCTTGTGCTGATGGAATTCATTTGTTGGTAGGACTGCGGACATGCTCTG	74579853	74618563	-38710	74622035	-42182	74579956	-38607	-42079
ENSMUST00000182597	TTGAGGCTACCAAAGTTTGCAGAGGAGGAGACTCTTTGTATAGACTCTATAACTCCTTGTGCTGATGGAATTCATTTGTTGGTAGGACTGCGGACATGCTCTG	74579853	74635896	-56043	74639779	-59926	74579956	-55940	-59823
ENSMUST00000182597	TTGAGGCTACCAAAGTTTGCAGAGGAGGAGACTCTTTGTATAGACTCTATAACTCCTTGTGCTGATGGAATTCATTTGTTGGTAGGACTGCGGACATGCTCTG	74579853	74659355	-79502	74662600	-82747	74579956	-79399	-82644
ENSMUST00000182597	TTGAGGCTACCAAAGTTTGCAGAGGAGGAGACTCTTTGTATAGACTCTATAACTCCTTGTGCTGATGGAATTCATTTGTTGGTAGGACTGCGGACATGCTCTG	74579853	74659355	-79502	74668758	-88905	74579956	-79399	-88802
ENSMUST00000182597	TTGAGGCTACCAAAGTTTGCAGAGGAGGAGACTCTTTGTATAGACTCTATAACTCCTTGTGCTGATGGAATTCATTTGTTGGTAGGACTGCGGACATGCTCTG	74579853	74659355	-79502	74668758	-88905	74579956	-79399	-88802
ENSMUST00000182597	TTGAGGCTACCAAAGTTTGCAGAGGAGGAGACTCTTTGTATAGACTCTATAACTCCTTGTGCTGATGGAATTCATTTGTTGGTAGGACTGCGGACATGCTCTG	74579853	74660682	-80829	74668758	-88905	74579956	-80726	-88802
ENSMUST00000182597	TTGAGGCTACCAAAGTTTGCAGAGGAGGAGACTCTTTGTATAGACTCTATAACTCCTTGTGCTGATGGAATTCATTTGTTGGTAGGACTGCGGACATGCTCTG	74579853	74677379	-97526	74689217	-109364	74579956	-97423	-109261
ENSMUST00000018851	CTTGGAAGAATTTTTGAAGCAGATACGAGAAGTGTGGAACACATACGAACTAGACTTGGTCAACTATCAGAACAAATGCCGCCTCATCCGAGGCTGGGATGACC	110629115	110621673	7442	110625426	3689	110629379	7706	3953
ENSMUST00000018851	CTTGGAAGAATTTTTGAAGCAGATACGAGAAGTGTGGAACACATACGAACTAGACTTGGTCAACTATCAGAACAAATGCCGCCTCATCCGAGGCTGGGATGACC	110629115	110629117	-2	110629576	-461	110629379	262	-197
ENSMUST00000018851	CTTGGAAGAATTTTTGAAGCAGATACGAGAAGTGTGGAACACATACGAACTAGACTTGGTCAACTATCAGAACAAATGCCGCCTCATCCGAGGCTGGGATGACC	110629115	110637652	-8537	110639733	-10618	110629379	-8273	-10354
ENSMUST00000018851	CTTGGAAGAATTTTTGAAGCAGATACGAGAAGTGTGGAACACATACGAACTAGACTTGGTCAACTATCAGAACAAATGCCGCCTCATCCGAGGCTGGGATGACC	110629115	110642176	-13061	110646193	-17078	110629379	-12797	-16814
ENSMUST00000018851	CTTGGAAGAATTTTTGAAGCAGATACGAGAAGTGTGGAACACATACGAACTAGACTTGGTCAACTATCAGAACAAATGCCGCCTCATCCGAGGCTGGGATGACC	110629115	110646323	-17208	110648999	-19884	110629379	-16944	-19620
ENSMUST00000018851	CTTGGAAGAATTTTTGAAGCAGATACGAGAAGTGTGGAACACATACGAACTAGACTTGGTCAACTATCAGAACAAATGCCGCCTCATCCGAGGCTGGGATGACC	110629115	110659516	-30401	110661153	-32038	110629379	-30137	-31774
ENSMUST00000018851	CTTGGAAGAATTTTTGAAGCAGATACGAGAAGTGTGGAACACATACGAACTAGACTTGGTCAACTATCAGAACAAATGCCGCCTCATCCGAGGCTGGGATGACC	110629115	110664747	-35632	110665663	-36548	110629379	-35368	-36284
ENSMUST00000018851	CTTGGAAGAATTTTTGAAGCAGATACGAGAAGTGTGGAACACATACGAACTAGACTTGGTCAACTATCAGAACAAATGCCGCCTCATCCGAGGCTGGGATGACC	110629115	110621673	7442	110625426	3689	110629379	7706	3953
ENSMUST00000018851	CTTGGAAGAATTTTTGAAGCAGATACGAGAAGTGTGGAACACATACGAACTAGACTTGGTCAACTATCAGAACAAATGCCGCCTCATCCGAGGCTGGGATGACC	110629115	110629117	-2	110629576	-461	110629379	262	-197
ENSMUST00000018851	CTTGGAAGAATTTTTGAAGCAGATACGAGAAGTGTGGAACACATACGAACTAGACTTGGTCAACTATCAGAACAAATGCCGCCTCATCCGAGGCTGGGATGACC	110629115	110637652	-8537	110639733	-10618	110629379	-8273	-10354
ENSMUST00000018851	CTTGGAAGAATTTTTGAAGCAGATACGAGAAGTGTGGAACACATACGAACTAGACTTGGTCAACTATCAGAACAAATGCCGCCTCATCCGAGGCTGGGATGACC	110629115	110642176	-13061	110646193	-17078	110629379	-12797	-16814
ENSMUST00000018851	CTTGGAAGAATTTTTGAAGCAGATACGAGAAGTGTGGAACACATACGAACTAGACTTGGTCAACTATCAGAACAAATGCCGCCTCATCCGAGGCTGGGATGACC	110629115	110646323	-17208	110648999	-19884	110629379	-16944	-19620
ENSMUST00000018851	CTTGGAAGAATTTTTGAAGCAGATACGAGAAGTGTGGAACACATACGAACTAGACTTGGTCAACTATCAGAACAAATGCCGCCTCATCCGAGGCTGGGATGACC	110629115	110659516	-30401	110661153	-32038	110629379	-30137	-31774
ENSMUST00000018851	CTTGGAAGAATTTTTGAAGCAGATACGAGAAGTGTGGAACACATACGAACTAGACTTGGTCAACTATCAGAACAAATGCCGCCTCATCCGAGGCTGGGATGACC	110629115	110664747	-35632	110665663	-36548	110629379	-35368	-36284
ENSMUST00000079828	ATTGCATCTTGGCTGATTTCAAAGTGACACCCGAATACAGTGTTTAAAAAAAAAGTTTGTTTGTAAATCATGTGACCAGCTTCTCTCACCCTGACATGGAATGT	59133809	58808940	324869	58837984	295825	59133913	324973	295929
ENSMUST00000079828	ATTGCATCTTGGCTGATTTCAAAGTGACACCCGAATACAGTGTTTAAAAAAAAAGTTTGTTTGTAAATCATGTGACCAGCTTCTCTCACCCTGACATGGAATGT	59133809	58878262	255547	59037966	95843	59133913	255651	95947
ENSMUST00000112227	GCAGAAGCTGGATTCTGACCCGAGCTCTGCAAAATGAGCTTCCCAGTTGATCACATCGGAACAAAATGGGACTGAGGATTTGGTGATCACTATTGTTTGGAAAT	166387711	166239136	148575	166367027	20684	166387815	148679	20788
ENSMUST00000112227	GCAGAAGCTGGATTCTGACCCGAGCTCTGCAAAATGAGCTTCCCAGTTGATCACATCGGAACAAAATGGGACTGAGGATTTGGTGATCACTATTGTTTGGAAAT	166387711	166239136	148575	166372637	15074	166387815	148679	15178
ENSMUST00000112227	GCAGAAGCTGGATTCTGACCCGAGCTCTGCAAAATGAGCTTCCCAGTTGATCACATCGGAACAAAATGGGACTGAGGATTTGGTGATCACTATTGTTTGGAAAT	166387711	166345081	42630	166367027	20684	166387815	42734	20788
ENSMUST00000112227	GCAGAAGCTGGATTCTGACCCGAGCTCTGCAAAATGAGCTTCCCAGTTGATCACATCGGAACAAAATGGGACTGAGGATTTGGTGATCACTATTGTTTGGAAAT	166387711	166345081	42630	166372637	15074	166387815	42734	15178
ENSMUST00000112227	GCAGAAGCTGGATTCTGACCCGAGCTCTGCAAAATGAGCTTCCCAGTTGATCACATCGGAACAAAATGGGACTGAGGATTTGGTGATCACTATTGTTTGGAAAT	166387711	166239136	148575	166372637	15074	166387815	148679	15178
ENSMUST00000112227	GCAGAAGCTGGATTCTGACCCGAGCTCTGCAAAATGAGCTTCCCAGTTGATCACATCGGAACAAAATGGGACTGAGGATTTGGTGATCACTATTGTTTGGAAAT	166387711	166345081	42630	166372637	15074	166387815	42734	15178
ENSMUST00000112227	GCAGAAGCTGGATTCTGACCCGAGCTCTGCAAAATGAGCTTCCCAGTTGATCACATCGGAACAAAATGGGACTGAGGATTTGGTGATCACTATTGTTTGGAAAT	166387711	166353684	34027	166372637	15074	166387815	34131	15178
ENSMUST00000112227	GCAGAAGCTGGATTCTGACCCGAGCTCTGCAAAATGAGCTTCCCAGTTGATCACATCGGAACAAAATGGGACTGAGGATTTGGTGATCACTATTGTTTGGAAAT	166387711	166239136	148575	166375632	12079	166387815	148679	12183
ENSMUST00000112227	GCAGAAGCTGGATTCTGACCCGAGCTCTGCAAAATGAGCTTCCCAGTTGATCACATCGGAACAAAATGGGACTGAGGATTTGGTGATCACTATTGTTTGGAAAT	166387711	166375789	11922	166382448	5263	166387815	12026	5367
ENSMUST00000112227	GCAGAAGCTGGATTCTGACCCGAGCTCTGCAAAATGAGCTTCCCAGTTGATCACATCGGAACAAAATGGGACTGAGGATTTGGTGATCACTATTGTTTGGAAAT	166387711	166380159	7552	166383934	3777	166387815	7656	3881
ENSMUST00000112227	GCAGAAGCTGGATTCTGACCCGAGCTCTGCAAAATGAGCTTCCCAGTTGATCACATCGGAACAAAATGGGACTGAGGATTTGGTGATCACTATTGTTTGGAAAT	166387711	166382522	5189	166385390	2321	166387815	5293	2425
ENSMUST00000112227	GCAGAAGCTGGATTCTGACCCGAGCTCTGCAAAATGAGCTTCCCAGTTGATCACATCGGAACAAAATGGGACTGAGGATTTGGTGATCACTATTGTTTGGAAAT	166387711	166382522	5189	166386951	760	166387815	5293	864
ENSMUST00000112227	GCAGAAGCTGGATTCTGACCCGAGCTCTGCAAAATGAGCTTCCCAGTTGATCACATCGGAACAAAATGGGACTGAGGATTTGGTGATCACTATTGTTTGGAAAT	166387711	166382522	5189	166386951	760	166387815	5293	864
ENSMUST00000112227	GCAGAAGCTGGATTCTGACCCGAGCTCTGCAAAATGAGCTTCCCAGTTGATCACATCGGAACAAAATGGGACTGAGGATTTGGTGATCACTATTGTTTGGAAAT	166387711	166384000	3711	166386951	760	166387815	3815	864
ENSMUST00000032192	ATATACGACAAAGTAGGAGCTGTCCCCTTAGGATGCATAGCTGCCCCTAGGGTACGTAGCTGAACACTGACAATGGCGTTCTTCTGAAAGAGCCACGTTTGGGT	108550856	108214278	336578	108241263	309593	108550960	336682	309697
ENSMUST00000032192	ATATACGACAAAGTAGGAGCTGTCCCCTTAGGATGCATAGCTGCCCCTAGGGTACGTAGCTGAACACTGACAATGGCGTTCTTCTGAAAGAGCCACGTTTGGGT	108550856	108214278	336578	108339506	211350	108550960	336682	211454
ENSMUST00000032192	ATATACGACAAAGTAGGAGCTGTCCCCTTAGGATGCATAGCTGCCCCTAGGGTACGTAGCTGAACACTGACAATGGCGTTCTTCTGAAAGAGCCACGTTTGGGT	108550856	108214278	336578	108339506	211350	108550960	336682	211454
ENSMUST00000032192	ATATACGACAAAGTAGGAGCTGTCCCCTTAGGATGCATAGCTGCCCCTAGGGTACGTAGCTGAACACTGACAATGGCGTTCTTCTGAAAGAGCCACGTTTGGGT	108550856	108237085	313771	108339506	211350	108550960	313875	211454
ENSMUST00000032192	ATATACGACAAAGTAGGAGCTGTCCCCTTAGGATGCATAGCTGCCCCTAGGGTACGTAGCTGAACACTGACAATGGCGTTCTTCTGAAAGAGCCACGTTTGGGT	108550856	108363705	187151	108369010	181846	108550960	187255	181950
ENSMUST00000032192	ATATACGACAAAGTAGGAGCTGTCCCCTTAGGATGCATAGCTGCCCCTAGGGTACGTAGCTGAACACTGACAATGGCGTTCTTCTGAAAGAGCCACGTTTGGGT	108550856	108413953	136903	108417888	132968	108550960	137007	133072
ENSMUST00000032192	ATATACGACAAAGTAGGAGCTGTCCCCTTAGGATGCATAGCTGCCCCTAGGGTACGTAGCTGAACACTGACAATGGCGTTCTTCTGAAAGAGCCACGTTTGGGT	108550856	108418000	132856	108431460	119396	108550960	132960	119500
ENSMUST00000032192	ATATACGACAAAGTAGGAGCTGTCCCCTTAGGATGCATAGCTGCCCCTAGGGTACGTAGCTGAACACTGACAATGGCGTTCTTCTGAAAGAGCCACGTTTGGGT	108550856	108418000	132856	108432645	118211	108550960	132960	118315
ENSMUST00000032192	ATATACGACAAAGTAGGAGCTGTCCCCTTAGGATGCATAGCTGCCCCTAGGGTACGTAGCTGAACACTGACAATGGCGTTCTTCTGAAAGAGCCACGTTTGGGT	108550856	108418000	132856	108438299	112557	108550960	132960	112661
ENSMUST00000032192	ATATACGACAAAGTAGGAGCTGTCCCCTTAGGATGCATAGCTGCCCCTAGGGTACGTAGCTGAACACTGACAATGGCGTTCTTCTGAAAGAGCCACGTTTGGGT	108550856	108418000	132856	108438299	112557	108550960	132960	112661
ENSMUST00000032192	ATATACGACAAAGTAGGAGCTGTCCCCTTAGGATGCATAGCTGCCCCTAGGGTACGTAGCTGAACACTGACAATGGCGTTCTTCTGAAAGAGCCACGTTTGGGT	108550856	108431496	119360	108438299	112557	108550960	119464	112661
ENSMUST00000032192	ATATACGACAAAGTAGGAGCTGTCCCCTTAGGATGCATAGCTGCCCCTAGGGTACGTAGCTGAACACTGACAATGGCGTTCTTCTGAAAGAGCCACGTTTGGGT	108550856	108519450	31406	108541902	8954	108550960	31510	9058
ENSMUST00000032192	ATATACGACAAAGTAGGAGCTGTCCCCTTAGGATGCATAGCTGCCCCTAGGGTACGTAGCTGAACACTGACAATGGCGTTCTTCTGAAAGAGCCACGTTTGGGT	108550856	108523448	27408	108549752	1104	108550960	27512	1208
ENSMUST00000055758	ATACTGTTACAGGATTCATGAACTTGAGTAATTTTACAGTTTGGAACTCTGATGCTATATATACATGGTATAATGTATTCAGACTTTGATCACTACATATTTAAA	70023508	69922933	100575	69935891	87617	70023613	100680	87722
ENSMUST00000055758	ATACTGTTACAGGATTCATGAACTTGAGTAATTTTACAGTTTGGAACTCTGATGCTATATATACATGGTATAATGTATTCAGACTTTGATCACTACATATTTAAA	70023508	69951589	71919	69953487	70021	70023613	72024	70126
ENSMUST00000055758	ATACTGTTACAGGATTCATGAACTTGAGTAATTTTACAGTTTGGAACTCTGATGCTATATATACATGGTATAATGTATTCAGACTTTGATCACTACATATTTAAA	70023508	69953540	69968	69954275	69233	70023613	70073	69338
ENSMUST00000055758	ATACTGTTACAGGATTCATGAACTTGAGTAATTTTACAGTTTGGAACTCTGATGCTATATATACATGGTATAATGTATTCAGACTTTGATCACTACATATTTAAA	70023508	69956106	67402	69965373	58135	70023613	67507	58240
ENSMUST00000055758	ATACTGTTACAGGATTCATGAACTTGAGTAATTTTACAGTTTGGAACTCTGATGCTATATATACATGGTATAATGTATTCAGACTTTGATCACTACATATTTAAA	70023508	69983261	40247	69991424	32084	70023613	40352	32189
ENSMUST00000055758	ATACTGTTACAGGATTCATGAACTTGAGTAATTTTACAGTTTGGAACTCTGATGCTATATATACATGGTATAATGTATTCAGACTTTGATCACTACATATTTAAA	70023508	69993812	29696	70000457	23051	70023613	29801	23156
ENSMUST00000055758	ATACTGTTACAGGATTCATGAACTTGAGTAATTTTACAGTTTGGAACTCTGATGCTATATATACATGGTATAATGTATTCAGACTTTGATCACTACATATTTAAA	70023508	70000543	22965	70009102	14406	70023613	23070	14511
ENSMUST00000055758	ATACTGTTACAGGATTCATGAACTTGAGTAATTTTACAGTTTGGAACTCTGATGCTATATATACATGGTATAATGTATTCAGACTTTGATCACTACATATTTAAA	70023508	70016465	7043	70020450	3058	70023613	7148	3163
ENSMUST00000112237	TCCACTTCTATGGTGTGTCCAACCTTCAGGAATTCCGTTATGGCCTAGAAGGTGGCTGTACCGACGACTCCCTTCTCTGAGCCTCCCCACCTGAGGGGTGGAGGA	134431586	134428269	3317	134431529	57	134431691	3422	162
ENSMUST00000081728	CCACCATCTCCTCTTCGCCCATCCACCAGCTGAGCTCCACCATCGGCACCTACGCCACCCTGTCGCCCACCAAGCGCCTGGTCCACGCGTCTGAGCAGTACAGCA	30647169	30173163	474006	30480781	166388	30647274	474111	166493
ENSMUST00000081728	CCACCATCTCCTCTTCGCCCATCCACCAGCTGAGCTCCACCATCGGCACCTACGCCACCCTGTCGCCCACCAAGCGCCTGGTCCACGCGTCTGAGCAGTACAGCA	30647169	30332146	315023	30619221	27948	30647274	315128	28053
ENSMUST00000081728	CCACCATCTCCTCTTCGCCCATCCACCAGCTGAGCTCCACCATCGGCACCTACGCCACCCTGTCGCCCACCAAGCGCCTGGTCCACGCGTCTGAGCAGTACAGCA	30647169	30332146	315023	30775098	-127929	30647274	315128	-127824
ENSMUST00000081728	CCACCATCTCCTCTTCGCCCATCCACCAGCTGAGCTCCACCATCGGCACCTACGCCACCCTGTCGCCCACCAAGCGCCTGGTCCACGCGTCTGAGCAGTACAGCA	30647169	30480894	166275	30619822	27347	30647274	166380	27452
ENSMUST00000081728	CCACCATCTCCTCTTCGCCCATCCACCAGCTGAGCTCCACCATCGGCACCTACGCCACCCTGTCGCCCACCAAGCGCCTGGTCCACGCGTCTGAGCAGTACAGCA	30647169	30480894	166275	30634643	12526	30647274	166380	12631
ENSMUST00000081728	CCACCATCTCCTCTTCGCCCATCCACCAGCTGAGCTCCACCATCGGCACCTACGCCACCCTGTCGCCCACCAAGCGCCTGGTCCACGCGTCTGAGCAGTACAGCA	30647169	30480894	166275	30669411	-22242	30647274	166380	-22137
ENSMUST00000081728	CCACCATCTCCTCTTCGCCCATCCACCAGCTGAGCTCCACCATCGGCACCTACGCCACCCTGTCGCCCACCAAGCGCCTGGTCCACGCGTCTGAGCAGTACAGCA	30647169	30619939	27230	30646768	401	30647274	27335	506
ENSMUST00000081728	CCACCATCTCCTCTTCGCCCATCCACCAGCTGAGCTCCACCATCGGCACCTACGCCACCCTGTCGCCCACCAAGCGCCTGGTCCACGCGTCTGAGCAGTACAGCA	30647169	30619939	27230	30669411	-22242	30647274	27335	-22137
ENSMUST00000081728	CCACCATCTCCTCTTCGCCCATCCACCAGCTGAGCTCCACCATCGGCACCTACGCCACCCTGTCGCCCACCAAGCGCCTGGTCCACGCGTCTGAGCAGTACAGCA	30647169	30619939	27230	30683214	-36045	30647274	27335	-35940
ENSMUST00000081728	CCACCATCTCCTCTTCGCCCATCCACCAGCTGAGCTCCACCATCGGCACCTACGCCACCCTGTCGCCCACCAAGCGCCTGGTCCACGCGTCTGAGCAGTACAGCA	30647169	30332146	315023	30847227	-200058	30647274	315128	-199953
ENSMUST00000081728	CCACCATCTCCTCTTCGCCCATCCACCAGCTGAGCTCCACCATCGGCACCTACGCCACCCTGTCGCCCACCAAGCGCCTGGTCCACGCGTCTGAGCAGTACAGCA	30647169	30775231	-128062	30847227	-200058	30647274	-127957	-199953
ENSMUST00000081728	CCACCATCTCCTCTTCGCCCATCCACCAGCTGAGCTCCACCATCGGCACCTACGCCACCCTGTCGCCCACCAAGCGCCTGGTCCACGCGTCTGAGCAGTACAGCA	30647169	30887279	-240110	30920711	-273542	30647274	-240005	-273437
ENSMUST00000081728	CCACCATCTCCTCTTCGCCCATCCACCAGCTGAGCTCCACCATCGGCACCTACGCCACCCTGTCGCCCACCAAGCGCCTGGTCCACGCGTCTGAGCAGTACAGCA	30647169	30887279	-240110	30921854	-274685	30647274	-240005	-274580
ENSMUST00000081728	CCACCATCTCCTCTTCGCCCATCCACCAGCTGAGCTCCACCATCGGCACCTACGCCACCCTGTCGCCCACCAAGCGCCTGGTCCACGCGTCTGAGCAGTACAGCA	30647169	30887279	-240110	30921854	-274685	30647274	-240005	-274580
ENSMUST00000081728	CCACCATCTCCTCTTCGCCCATCCACCAGCTGAGCTCCACCATCGGCACCTACGCCACCCTGTCGCCCACCAAGCGCCTGGTCCACGCGTCTGAGCAGTACAGCA	30647169	30905833	-258664	30921854	-274685	30647274	-258559	-274580
ENSMUST00000081728	CCACCATCTCCTCTTCGCCCATCCACCAGCTGAGCTCCACCATCGGCACCTACGCCACCCTGTCGCCCACCAAGCGCCTGGTCCACGCGTCTGAGCAGTACAGCA	30647169	30922005	-274836	31020700	-373531	30647274	-274731	-373426
ENSMUST00000081728	CCACCATCTCCTCTTCGCCCATCCACCAGCTGAGCTCCACCATCGGCACCTACGCCACCCTGTCGCCCACCAAGCGCCTGGTCCACGCGTCTGAGCAGTACAGCA	30647169	30972877	-325708	31020700	-373531	30647274	-325603	-373426
ENSMUST00000081728	CCACCATCTCCTCTTCGCCCATCCACCAGCTGAGCTCCACCATCGGCACCTACGCCACCCTGTCGCCCACCAAGCGCCTGGTCCACGCGTCTGAGCAGTACAGCA	30647169	31005075	-357906	31020700	-373531	30647274	-357801	-373426
ENSMUST00000097785	CATTCTCTCTGACAACCACAGCACTACATAGCTGACATTAAGGGATACCTCATGACACCTTTTATGGAGATTCTGAACAGCTGACAAACCAAGCAGGGAATTGTA	34307989	34249638	58351	34250609	57380	34308094	58456	57485
ENSMUST00000097785	CATTCTCTCTGACAACCACAGCACTACATAGCTGACATTAAGGGATACCTCATGACACCTTTTATGGAGATTCTGAACAGCTGACAAACCAAGCAGGGAATTGTA	34307989	34295536	12453	34299720	8269	34308094	12558	8374
ENSMUST00000097785	CATTCTCTCTGACAACCACAGCACTACATAGCTGACATTAAGGGATACCTCATGACACCTTTTATGGAGATTCTGAACAGCTGACAAACCAAGCAGGGAATTGTA	34307989	34299838	8151	34302829	5160	34308094	8256	5265
ENSMUST00000097785	CATTCTCTCTGACAACCACAGCACTACATAGCTGACATTAAGGGATACCTCATGACACCTTTTATGGAGATTCTGAACAGCTGACAAACCAAGCAGGGAATTGTA	34307989	34303032	4957	34306527	1462	34308094	5062	1567
ENSMUST00000097785	CATTCTCTCTGACAACCACAGCACTACATAGCTGACATTAAGGGATACCTCATGACACCTTTTATGGAGATTCTGAACAGCTGACAAACCAAGCAGGGAATTGTA	34307989	34174795	133194	34184015	123974	34308094	133299	124079
ENSMUST00000097785	CATTCTCTCTGACAACCACAGCACTACATAGCTGACATTAAGGGATACCTCATGACACCTTTTATGGAGATTCTGAACAGCTGACAAACCAAGCAGGGAATTGTA	34307989	34249638	58351	34250609	57380	34308094	58456	57485
ENSMUST00000097785	CATTCTCTCTGACAACCACAGCACTACATAGCTGACATTAAGGGATACCTCATGACACCTTTTATGGAGATTCTGAACAGCTGACAAACCAAGCAGGGAATTGTA	34307989	34295536	12453	34299720	8269	34308094	12558	8374
ENSMUST00000097785	CATTCTCTCTGACAACCACAGCACTACATAGCTGACATTAAGGGATACCTCATGACACCTTTTATGGAGATTCTGAACAGCTGACAAACCAAGCAGGGAATTGTA	34307989	34299838	8151	34302829	5160	34308094	8256	5265
ENSMUST00000097785	CATTCTCTCTGACAACCACAGCACTACATAGCTGACATTAAGGGATACCTCATGACACCTTTTATGGAGATTCTGAACAGCTGACAAACCAAGCAGGGAATTGTA	34307989	34303032	4957	34306527	1462	34308094	5062	1567
ENSMUST00000097785	CATTCTCTCTGACAACCACAGCACTACATAGCTGACATTAAGGGATACCTCATGACACCTTTTATGGAGATTCTGAACAGCTGACAAACCAAGCAGGGAATTGTA	34307989	34174795	133194	34184015	123974	34308094	133299	124079
ENSMUST00000110559	AAGGTGCTGCTTTGATGGCTTTGAAAACTATTGTGTAGGCTCAGAACTATATCACCGTGGGGGAGAAGCATGTGTTGCTGCCTATAATTGACTTGTGCATTTGTTA	13778159	13613927	164232	13631008	147151	13778265	164338	147257
ENSMUST00000110559	AAGGTGCTGCTTTGATGGCTTTGAAAACTATTGTGTAGGCTCAGAACTATATCACCGTGGGGGAGAAGCATGTGTTGCTGCCTATAATTGACTTGTGCATTTGTTA	13778159	13651750	126409	13658596	119563	13778265	126515	119669
ENSMUST00000110559	AAGGTGCTGCTTTGATGGCTTTGAAAACTATTGTGTAGGCTCAGAACTATATCACCGTGGGGGAGAAGCATGTGTTGCTGCCTATAATTGACTTGTGCATTTGTTA	13778159	13673454	104705	13677648	100511	13778265	104811	100617
ENSMUST00000110559	AAGGTGCTGCTTTGATGGCTTTGAAAACTATTGTGTAGGCTCAGAACTATATCACCGTGGGGGAGAAGCATGTGTTGCTGCCTATAATTGACTTGTGCATTTGTTA	13778159	13684101	94058	13696609	81550	13778265	94164	81656
ENSMUST00000110559	AAGGTGCTGCTTTGATGGCTTTGAAAACTATTGTGTAGGCTCAGAACTATATCACCGTGGGGGAGAAGCATGTGTTGCTGCCTATAATTGACTTGTGCATTTGTTA	13778159	13687810	90349	13698326	79833	13778265	90455	79939
ENSMUST00000110559	AAGGTGCTGCTTTGATGGCTTTGAAAACTATTGTGTAGGCTCAGAACTATATCACCGTGGGGGAGAAGCATGTGTTGCTGCCTATAATTGACTTGTGCATTTGTTA	13778159	13707695	70464	13709287	68872	13778265	70570	68978
ENSMUST00000110559	AAGGTGCTGCTTTGATGGCTTTGAAAACTATTGTGTAGGCTCAGAACTATATCACCGTGGGGGAGAAGCATGTGTTGCTGCCTATAATTGACTTGTGCATTTGTTA	13778159	13709610	68549	13711617	66542	13778265	68655	66648
ENSMUST00000110559	AAGGTGCTGCTTTGATGGCTTTGAAAACTATTGTGTAGGCTCAGAACTATATCACCGTGGGGGAGAAGCATGTGTTGCTGCCTATAATTGACTTGTGCATTTGTTA	13778159	13752132	26027	13759377	18782	13778265	26133	18888
ENSMUST00000107935	ATGGAATACGAACAACAGCCTGCAGCAGTGCCCAGCATGGAGAAAAAGCGGACTGTGTATCAGATGGCACTCAACAAACTGGATGAGATCTTGGCTGCAGCTCAGC	44344520	44316141	28379	44319076	25444	44344951	28810	25875
ENSMUST00000107935	ATGGAATACGAACAACAGCCTGCAGCAGTGCCCAGCATGGAGAAAAAGCGGACTGTGTATCAGATGGCACTCAACAAACTGGATGAGATCTTGGCTGCAGCTCAGC	44344520	44316495	28025	44319642	24878	44344951	28456	25309
ENSMUST00000107935	ATGGAATACGAACAACAGCCTGCAGCAGTGCCCAGCATGGAGAAAAAGCGGACTGTGTATCAGATGGCACTCAACAAACTGGATGAGATCTTGGCTGCAGCTCAGC	44344520	44325402	19118	44325955	18565	44344951	19549	18996
ENSMUST00000107935	ATGGAATACGAACAACAGCCTGCAGCAGTGCCCAGCATGGAGAAAAAGCGGACTGTGTATCAGATGGCACTCAACAAACTGGATGAGATCTTGGCTGCAGCTCAGC	44344520	44326286	18234	44333291	11229	44344951	18665	11660
ENSMUST00000107935	ATGGAATACGAACAACAGCCTGCAGCAGTGCCCAGCATGGAGAAAAAGCGGACTGTGTATCAGATGGCACTCAACAAACTGGATGAGATCTTGGCTGCAGCTCAGC	44344520	44333618	10902	44342097	2423	44344951	11333	2854
ENSMUST00000107935	ATGGAATACGAACAACAGCCTGCAGCAGTGCCCAGCATGGAGAAAAAGCGGACTGTGTATCAGATGGCACTCAACAAACTGGATGAGATCTTGGCTGCAGCTCAGC	44344520	44343180	1340	44344297	223	44344951	1771	654
ENSMUST00000107935	ATGGAATACGAACAACAGCCTGCAGCAGTGCCCAGCATGGAGAAAAAGCGGACTGTGTATCAGATGGCACTCAACAAACTGGATGAGATCTTGGCTGCAGCTCAGC	44344520	44343180	1340	44344505	15	44344951	1771	446
ENSMUST00000107935	ATGGAATACGAACAACAGCCTGCAGCAGTGCCCAGCATGGAGAAAAAGCGGACTGTGTATCAGATGGCACTCAACAAACTGGATGAGATCTTGGCTGCAGCTCAGC	44344520	44343180	1340	44344505	15	44344951	1771	446
ENSMUST00000107935	ATGGAATACGAACAACAGCCTGCAGCAGTGCCCAGCATGGAGAAAAAGCGGACTGTGTATCAGATGGCACTCAACAAACTGGATGAGATCTTGGCTGCAGCTCAGC	44344520	44343738	782	44344505	15	44344951	1213	446
ENSMUST00000107935	ATGGAATACGAACAACAGCCTGCAGCAGTGCCCAGCATGGAGAAAAAGCGGACTGTGTATCAGATGGCACTCAACAAACTGGATGAGATCTTGGCTGCAGCTCAGC	44344520	44343180	1340	44344898	-378	44344951	1771	53
ENSMUST00000107935	ATGGAATACGAACAACAGCCTGCAGCAGTGCCCAGCATGGAGAAAAAGCGGACTGTGTATCAGATGGCACTCAACAAACTGGATGAGATCTTGGCTGCAGCTCAGC	44344520	44316141	28379	44319076	25444	44344951	28810	25875
ENSMUST00000107935	ATGGAATACGAACAACAGCCTGCAGCAGTGCCCAGCATGGAGAAAAAGCGGACTGTGTATCAGATGGCACTCAACAAACTGGATGAGATCTTGGCTGCAGCTCAGC	44344520	44316495	28025	44319642	24878	44344951	28456	25309
ENSMUST00000107935	ATGGAATACGAACAACAGCCTGCAGCAGTGCCCAGCATGGAGAAAAAGCGGACTGTGTATCAGATGGCACTCAACAAACTGGATGAGATCTTGGCTGCAGCTCAGC	44344520	44325402	19118	44325955	18565	44344951	19549	18996
ENSMUST00000107935	ATGGAATACGAACAACAGCCTGCAGCAGTGCCCAGCATGGAGAAAAAGCGGACTGTGTATCAGATGGCACTCAACAAACTGGATGAGATCTTGGCTGCAGCTCAGC	44344520	44326286	18234	44333291	11229	44344951	18665	11660
ENSMUST00000107935	ATGGAATACGAACAACAGCCTGCAGCAGTGCCCAGCATGGAGAAAAAGCGGACTGTGTATCAGATGGCACTCAACAAACTGGATGAGATCTTGGCTGCAGCTCAGC	44344520	44333618	10902	44342097	2423	44344951	11333	2854
ENSMUST00000107935	ATGGAATACGAACAACAGCCTGCAGCAGTGCCCAGCATGGAGAAAAAGCGGACTGTGTATCAGATGGCACTCAACAAACTGGATGAGATCTTGGCTGCAGCTCAGC	44344520	44343180	1340	44344297	223	44344951	1771	654
ENSMUST00000107935	ATGGAATACGAACAACAGCCTGCAGCAGTGCCCAGCATGGAGAAAAAGCGGACTGTGTATCAGATGGCACTCAACAAACTGGATGAGATCTTGGCTGCAGCTCAGC	44344520	44343180	1340	44344505	15	44344951	1771	446
ENSMUST00000107935	ATGGAATACGAACAACAGCCTGCAGCAGTGCCCAGCATGGAGAAAAAGCGGACTGTGTATCAGATGGCACTCAACAAACTGGATGAGATCTTGGCTGCAGCTCAGC	44344520	44343180	1340	44344505	15	44344951	1771	446
ENSMUST00000107935	ATGGAATACGAACAACAGCCTGCAGCAGTGCCCAGCATGGAGAAAAAGCGGACTGTGTATCAGATGGCACTCAACAAACTGGATGAGATCTTGGCTGCAGCTCAGC	44344520	44343738	782	44344505	15	44344951	1213	446
ENSMUST00000107935	ATGGAATACGAACAACAGCCTGCAGCAGTGCCCAGCATGGAGAAAAAGCGGACTGTGTATCAGATGGCACTCAACAAACTGGATGAGATCTTGGCTGCAGCTCAGC	44344520	44343180	1340	44344898	-378	44344951	1771	53
ENSMUST00000053666	TATTATTCATTCTGACTTCGGAAACTTGGCTCTGAAACAAATGGTTCACTAAGCTAATGATCTGCTGTATTGGTTTTGCTTTCAAAAAGCTCTAACTGTGCCAAGG	112361627	112267092	94535	112333382	28245	112361733	94641	28351
ENSMUST00000053666	TATTATTCATTCTGACTTCGGAAACTTGGCTCTGAAACAAATGGTTCACTAAGCTAATGATCTGCTGTATTGGTTTTGCTTTCAAAAAGCTCTAACTGTGCCAAGG	112361627	112284805	76822	112333382	28245	112361733	76928	28351
ENSMUST00000053666	TATTATTCATTCTGACTTCGGAAACTTGGCTCTGAAACAAATGGTTCACTAAGCTAATGATCTGCTGTATTGGTTTTGCTTTCAAAAAGCTCTAACTGTGCCAAGG	112361627	112267092	94535	112333382	28245	112361733	94641	28351
ENSMUST00000053666	TATTATTCATTCTGACTTCGGAAACTTGGCTCTGAAACAAATGGTTCACTAAGCTAATGATCTGCTGTATTGGTTTTGCTTTCAAAAAGCTCTAACTGTGCCAAGG	112361627	112284805	76822	112333382	28245	112361733	76928	28351
ENSMUST00000113364	AACAGTGCAGCCAACTGTGGAAGAAGCCTCTGATACCTGTACTCAAGAATGCCTCATCTTGGGACACTCTGACTCCTGCTGGATGCCAGCTACTTTGACCAATCCT	120905715	120290651	615064	120399401	506314	120905821	615170	506420
ENSMUST00000113364	AACAGTGCAGCCAACTGTGGAAGAAGCCTCTGATACCTGTACTCAAGAATGCCTCATCTTGGGACACTCTGACTCCTGCTGGATGCCAGCTACTTTGACCAATCCT	120905715	120401897	503818	120637594	268121	120905821	503924	268227
ENSMUST00000113364	AACAGTGCAGCCAACTGTGGAAGAAGCCTCTGATACCTGTACTCAAGAATGCCTCATCTTGGGACACTCTGACTCCTGCTGGATGCCAGCTACTTTGACCAATCCT	120905715	120594785	310930	120726500	179215	120905821	311036	179321
ENSMUST00000113364	AACAGTGCAGCCAACTGTGGAAGAAGCCTCTGATACCTGTACTCAAGAATGCCTCATCTTGGGACACTCTGACTCCTGCTGGATGCCAGCTACTTTGACCAATCCT	120905715	120594785	310930	120905697	18	120905821	311036	124
ENSMUST00000113364	AACAGTGCAGCCAACTGTGGAAGAAGCCTCTGATACCTGTACTCAAGAATGCCTCATCTTGGGACACTCTGACTCCTGCTGGATGCCAGCTACTTTGACCAATCCT	120905715	120726699	179016	120899554	6161	120905821	179122	6267
ENSMUST00000113364	AACAGTGCAGCCAACTGTGGAAGAAGCCTCTGATACCTGTACTCAAGAATGCCTCATCTTGGGACACTCTGACTCCTGCTGGATGCCAGCTACTTTGACCAATCCT	120905715	120726699	179016	120905697	18	120905821	179122	124
ENSMUST00000113364	AACAGTGCAGCCAACTGTGGAAGAAGCCTCTGATACCTGTACTCAAGAATGCCTCATCTTGGGACACTCTGACTCCTGCTGGATGCCAGCTACTTTGACCAATCCT	120905715	120726699	179016	120905697	18	120905821	179122	124
ENSMUST00000113364	AACAGTGCAGCCAACTGTGGAAGAAGCCTCTGATACCTGTACTCAAGAATGCCTCATCTTGGGACACTCTGACTCCTGCTGGATGCCAGCTACTTTGACCAATCCT	120905715	120811163	94552	120905697	18	120905821	94658	124
ENSMUST00000003710	AATGAAGATGCTGACTAGTTGTGTTTCCACTTGGCATTTCAAGTCTGGCATCAGGTGCCTGTACAGGCTTTGATCTCTTTCCCGTGTGTACCCATATAGCAGTCCTG	86988269	86850215	138054	86935429	52840	86988376	138161	52947
ENSMUST00000003710	AATGAAGATGCTGACTAGTTGTGTTTCCACTTGGCATTTCAAGTCTGGCATCAGGTGCCTGTACAGGCTTTGATCTCTTTCCCGTGTGTACCCATATAGCAGTCCTG	86988269	86937084	51185	86946103	42166	86988376	51292	42273
ENSMUST00000003710	AATGAAGATGCTGACTAGTTGTGTTTCCACTTGGCATTTCAAGTCTGGCATCAGGTGCCTGTACAGGCTTTGATCTCTTTCCCGTGTGTACCCATATAGCAGTCCTG	86988269	86946185	42084	86949541	38728	86988376	42191	38835
ENSMUST00000003710	AATGAAGATGCTGACTAGTTGTGTTTCCACTTGGCATTTCAAGTCTGGCATCAGGTGCCTGTACAGGCTTTGATCTCTTTCCCGTGTGTACCCATATAGCAGTCCTG	86988269	86946993	41276	86950780	37489	86988376	41383	37596
ENSMUST00000003710	AATGAAGATGCTGACTAGTTGTGTTTCCACTTGGCATTTCAAGTCTGGCATCAGGTGCCTGTACAGGCTTTGATCTCTTTCCCGTGTGTACCCATATAGCAGTCCTG	86988269	86956572	31697	86963992	24277	86988376	31804	24384
ENSMUST00000003710	AATGAAGATGCTGACTAGTTGTGTTTCCACTTGGCATTTCAAGTCTGGCATCAGGTGCCTGTACAGGCTTTGATCTCTTTCCCGTGTGTACCCATATAGCAGTCCTG	86988269	86965634	22635	86970990	17279	86988376	22742	17386
ENSMUST00000003710	AATGAAGATGCTGACTAGTTGTGTTTCCACTTGGCATTTCAAGTCTGGCATCAGGTGCCTGTACAGGCTTTGATCTCTTTCCCGTGTGTACCCATATAGCAGTCCTG	86988269	86965634	22635	86981295	6974	86988376	22742	7081
ENSMUST00000003710	AATGAAGATGCTGACTAGTTGTGTTTCCACTTGGCATTTCAAGTCTGGCATCAGGTGCCTGTACAGGCTTTGATCTCTTTCCCGTGTGTACCCATATAGCAGTCCTG	86988269	86965634	22635	86981295	6974	86988376	22742	7081
ENSMUST00000003710	AATGAAGATGCTGACTAGTTGTGTTTCCACTTGGCATTTCAAGTCTGGCATCAGGTGCCTGTACAGGCTTTGATCTCTTTCCCGTGTGTACCCATATAGCAGTCCTG	86988269	86967373	20896	86981295	6974	86988376	21003	7081
ENSMUST00000003710	AATGAAGATGCTGACTAGTTGTGTTTCCACTTGGCATTTCAAGTCTGGCATCAGGTGCCTGTACAGGCTTTGATCTCTTTCCCGTGTGTACCCATATAGCAGTCCTG	86988269	86967373	20896	86982541	5728	86988376	21003	5835
ENSMUST00000003710	AATGAAGATGCTGACTAGTTGTGTTTCCACTTGGCATTTCAAGTCTGGCATCAGGTGCCTGTACAGGCTTTGATCTCTTTCCCGTGTGTACCCATATAGCAGTCCTG	86988269	86967373	20896	86982541	5728	86988376	21003	5835
ENSMUST00000003710	AATGAAGATGCTGACTAGTTGTGTTTCCACTTGGCATTTCAAGTCTGGCATCAGGTGCCTGTACAGGCTTTGATCTCTTTCCCGTGTGTACCCATATAGCAGTCCTG	86988269	86971086	17183	86982541	5728	86988376	17290	5835
ENSMUST00000003710	AATGAAGATGCTGACTAGTTGTGTTTCCACTTGGCATTTCAAGTCTGGCATCAGGTGCCTGTACAGGCTTTGATCTCTTTCCCGTGTGTACCCATATAGCAGTCCTG	86988269	86850215	138054	86935429	52840	86988376	138161	52947
ENSMUST00000003710	AATGAAGATGCTGACTAGTTGTGTTTCCACTTGGCATTTCAAGTCTGGCATCAGGTGCCTGTACAGGCTTTGATCTCTTTCCCGTGTGTACCCATATAGCAGTCCTG	86988269	86937084	51185	86946103	42166	86988376	51292	42273
ENSMUST00000003710	AATGAAGATGCTGACTAGTTGTGTTTCCACTTGGCATTTCAAGTCTGGCATCAGGTGCCTGTACAGGCTTTGATCTCTTTCCCGTGTGTACCCATATAGCAGTCCTG	86988269	86946185	42084	86949541	38728	86988376	42191	38835
ENSMUST00000003710	AATGAAGATGCTGACTAGTTGTGTTTCCACTTGGCATTTCAAGTCTGGCATCAGGTGCCTGTACAGGCTTTGATCTCTTTCCCGTGTGTACCCATATAGCAGTCCTG	86988269	86946993	41276	86950780	37489	86988376	41383	37596
ENSMUST00000003710	AATGAAGATGCTGACTAGTTGTGTTTCCACTTGGCATTTCAAGTCTGGCATCAGGTGCCTGTACAGGCTTTGATCTCTTTCCCGTGTGTACCCATATAGCAGTCCTG	86988269	86956572	31697	86963992	24277	86988376	31804	24384
ENSMUST00000003710	AATGAAGATGCTGACTAGTTGTGTTTCCACTTGGCATTTCAAGTCTGGCATCAGGTGCCTGTACAGGCTTTGATCTCTTTCCCGTGTGTACCCATATAGCAGTCCTG	86988269	86965634	22635	86970990	17279	86988376	22742	17386
ENSMUST00000003710	AATGAAGATGCTGACTAGTTGTGTTTCCACTTGGCATTTCAAGTCTGGCATCAGGTGCCTGTACAGGCTTTGATCTCTTTCCCGTGTGTACCCATATAGCAGTCCTG	86988269	86965634	22635	86981295	6974	86988376	22742	7081
ENSMUST00000003710	AATGAAGATGCTGACTAGTTGTGTTTCCACTTGGCATTTCAAGTCTGGCATCAGGTGCCTGTACAGGCTTTGATCTCTTTCCCGTGTGTACCCATATAGCAGTCCTG	86988269	86965634	22635	86981295	6974	86988376	22742	7081
ENSMUST00000003710	AATGAAGATGCTGACTAGTTGTGTTTCCACTTGGCATTTCAAGTCTGGCATCAGGTGCCTGTACAGGCTTTGATCTCTTTCCCGTGTGTACCCATATAGCAGTCCTG	86988269	86967373	20896	86981295	6974	86988376	21003	7081
ENSMUST00000003710	AATGAAGATGCTGACTAGTTGTGTTTCCACTTGGCATTTCAAGTCTGGCATCAGGTGCCTGTACAGGCTTTGATCTCTTTCCCGTGTGTACCCATATAGCAGTCCTG	86988269	86967373	20896	86982541	5728	86988376	21003	5835
ENSMUST00000003710	AATGAAGATGCTGACTAGTTGTGTTTCCACTTGGCATTTCAAGTCTGGCATCAGGTGCCTGTACAGGCTTTGATCTCTTTCCCGTGTGTACCCATATAGCAGTCCTG	86988269	86967373	20896	86982541	5728	86988376	21003	5835
ENSMUST00000003710	AATGAAGATGCTGACTAGTTGTGTTTCCACTTGGCATTTCAAGTCTGGCATCAGGTGCCTGTACAGGCTTTGATCTCTTTCCCGTGTGTACCCATATAGCAGTCCTG	86988269	86971086	17183	86982541	5728	86988376	17290	5835
ENSMUST00000000544	GAATTCTAGAAGCCTGGCTGTGGGTGGTGATTTGGTCAGCATATCTTAGGTATATAATAACTTTGAAGCCATAACTTTTTAACTGGAGTGGTTTATTTTAATTCAGT	101212179	101174235	37944	101201977	10202	101212286	38051	10309
ENSMUST00000000544	GAATTCTAGAAGCCTGGCTGTGGGTGGTGATTTGGTCAGCATATCTTAGGTATATAATAACTTTGAAGCCATAACTTTTTAACTGGAGTGGTTTATTTTAATTCAGT	101212179	101195057	17122	101201977	10202	101212286	17229	10309
ENSMUST00000000544	GAATTCTAGAAGCCTGGCTGTGGGTGGTGATTTGGTCAGCATATCTTAGGTATATAATAACTTTGAAGCCATAACTTTTTAACTGGAGTGGTTTATTTTAATTCAGT	101212179	101202145	10034	101204452	7727	101212286	10141	7834
ENSMUST00000000544	GAATTCTAGAAGCCTGGCTGTGGGTGGTGATTTGGTCAGCATATCTTAGGTATATAATAACTTTGAAGCCATAACTTTTTAACTGGAGTGGTTTATTTTAATTCAGT	101212179	101204577	7602	101210736	1443	101212286	7709	1550
ENSMUST00000095797	AAACGTTAAGCTAGTATCATAGTCATTTAAACCTGGATAGATTGTAACCATTTTCCCTTCACTCTGACACTGTCTTATTCTGCTGCCACAATGCAAGCATAGTTTGT	51149436	51100990	48446	51139356	10080	51149543	48553	10187
ENSMUST00000095797	AAACGTTAAGCTAGTATCATAGTCATTTAAACCTGGATAGATTGTAACCATTTTCCCTTCACTCTGACACTGTCTTATTCTGCTGCCACAATGCAAGCATAGTTTGT	51149436	51123288	26148	51139356	10080	51149543	26255	10187
ENSMUST00000095797	AAACGTTAAGCTAGTATCATAGTCATTTAAACCTGGATAGATTGTAACCATTTTCCCTTCACTCTGACACTGTCTTATTCTGCTGCCACAATGCAAGCATAGTTTGT	51149436	51127973	21463	51144301	5135	51149543	21570	5242
ENSMUST00000095797	AAACGTTAAGCTAGTATCATAGTCATTTAAACCTGGATAGATTGTAACCATTTTCCCTTCACTCTGACACTGTCTTATTCTGCTGCCACAATGCAAGCATAGTTTGT	51149436	51139610	9826	51148961	475	51149543	9933	582
ENSMUST00000107938	AGTACTCTGTGCCCTGAGCGAGAGTCTACAGGACGTGCTGAACTATGGACTGTTCCAGCCAGCCACCTCAGGCCGGGATGCCAACTTCTTGGAGGAGGAGAGGCTTCT	44313171	44316141	-2970	44319076	-5905	44313279	-2862	-5797
ENSMUST00000107938	AGTACTCTGTGCCCTGAGCGAGAGTCTACAGGACGTGCTGAACTATGGACTGTTCCAGCCAGCCACCTCAGGCCGGGATGCCAACTTCTTGGAGGAGGAGAGGCTTCT	44313171	44316495	-3324	44319642	-6471	44313279	-3216	-6363
ENSMUST00000107938	AGTACTCTGTGCCCTGAGCGAGAGTCTACAGGACGTGCTGAACTATGGACTGTTCCAGCCAGCCACCTCAGGCCGGGATGCCAACTTCTTGGAGGAGGAGAGGCTTCT	44313171	44325402	-12231	44325955	-12784	44313279	-12123	-12676
ENSMUST00000107938	AGTACTCTGTGCCCTGAGCGAGAGTCTACAGGACGTGCTGAACTATGGACTGTTCCAGCCAGCCACCTCAGGCCGGGATGCCAACTTCTTGGAGGAGGAGAGGCTTCT	44313171	44326286	-13115	44333291	-20120	44313279	-13007	-20012
ENSMUST00000107938	AGTACTCTGTGCCCTGAGCGAGAGTCTACAGGACGTGCTGAACTATGGACTGTTCCAGCCAGCCACCTCAGGCCGGGATGCCAACTTCTTGGAGGAGGAGAGGCTTCT	44313171	44333618	-20447	44342097	-28926	44313279	-20339	-28818
ENSMUST00000107938	AGTACTCTGTGCCCTGAGCGAGAGTCTACAGGACGTGCTGAACTATGGACTGTTCCAGCCAGCCACCTCAGGCCGGGATGCCAACTTCTTGGAGGAGGAGAGGCTTCT	44313171	44343180	-30009	44344297	-31126	44313279	-29901	-31018
ENSMUST00000107938	AGTACTCTGTGCCCTGAGCGAGAGTCTACAGGACGTGCTGAACTATGGACTGTTCCAGCCAGCCACCTCAGGCCGGGATGCCAACTTCTTGGAGGAGGAGAGGCTTCT	44313171	44343180	-30009	44344505	-31334	44313279	-29901	-31226
ENSMUST00000107938	AGTACTCTGTGCCCTGAGCGAGAGTCTACAGGACGTGCTGAACTATGGACTGTTCCAGCCAGCCACCTCAGGCCGGGATGCCAACTTCTTGGAGGAGGAGAGGCTTCT	44313171	44343180	-30009	44344505	-31334	44313279	-29901	-31226
ENSMUST00000107938	AGTACTCTGTGCCCTGAGCGAGAGTCTACAGGACGTGCTGAACTATGGACTGTTCCAGCCAGCCACCTCAGGCCGGGATGCCAACTTCTTGGAGGAGGAGAGGCTTCT	44313171	44343738	-30567	44344505	-31334	44313279	-30459	-31226
ENSMUST00000107938	AGTACTCTGTGCCCTGAGCGAGAGTCTACAGGACGTGCTGAACTATGGACTGTTCCAGCCAGCCACCTCAGGCCGGGATGCCAACTTCTTGGAGGAGGAGAGGCTTCT	44313171	44343180	-30009	44344898	-31727	44313279	-29901	-31619
ENSMUST00000028102	CATTCTGAACACTTTTCCAAAACCAACCCCAGAGAGCATTTTAAATATCCTGGTCATATCTTTGGATCTGTAAAATAGACCTTTTAGTATGGCACCTGTTAAAATGCA	49771639	49619787	151852	49680164	91475	49771747	151960	91583
ENSMUST00000028102	CATTCTGAACACTTTTCCAAAACCAACCCCAGAGAGCATTTTAAATATCCTGGTCATATCTTTGGATCTGTAAAATAGACCTTTTAGTATGGCACCTGTTAAAATGCA	49771639	49619787	151852	49722976	48663	49771747	151960	48771
ENSMUST00000028102	CATTCTGAACACTTTTCCAAAACCAACCCCAGAGAGCATTTTAAATATCCTGGTCATATCTTTGGATCTGTAAAATAGACCTTTTAGTATGGCACCTGTTAAAATGCA	49771639	49671842	99797	49688652	82987	49771747	99905	83095
ENSMUST00000028102	CATTCTGAACACTTTTCCAAAACCAACCCCAGAGAGCATTTTAAATATCCTGGTCATATCTTTGGATCTGTAAAATAGACCTTTTAGTATGGCACCTGTTAAAATGCA	49771639	49680238	91401	49693693	77946	49771747	91509	78054
ENSMUST00000028102	CATTCTGAACACTTTTCCAAAACCAACCCCAGAGAGCATTTTAAATATCCTGGTCATATCTTTGGATCTGTAAAATAGACCTTTTAGTATGGCACCTGTTAAAATGCA	49771639	49671842	99797	49722976	48663	49771747	99905	48771
ENSMUST00000028102	CATTCTGAACACTTTTCCAAAACCAACCCCAGAGAGCATTTTAAATATCCTGGTCATATCTTTGGATCTGTAAAATAGACCTTTTAGTATGGCACCTGTTAAAATGCA	49771639	49619787	151852	49727890	43749	49771747	151960	43857
ENSMUST00000028102	CATTCTGAACACTTTTCCAAAACCAACCCCAGAGAGCATTTTAAATATCCTGGTCATATCTTTGGATCTGTAAAATAGACCTTTTAGTATGGCACCTGTTAAAATGCA	49771639	49723149	48490	49730116	41523	49771747	48598	41631
ENSMUST00000028102	CATTCTGAACACTTTTCCAAAACCAACCCCAGAGAGCATTTTAAATATCCTGGTCATATCTTTGGATCTGTAAAATAGACCTTTTAGTATGGCACCTGTTAAAATGCA	49771639	49727959	43680	49730116	41523	49771747	43788	41631
ENSMUST00000028102	CATTCTGAACACTTTTCCAAAACCAACCCCAGAGAGCATTTTAAATATCCTGGTCATATCTTTGGATCTGTAAAATAGACCTTTTAGTATGGCACCTGTTAAAATGCA	49771639	49752353	19286	49758809	12830	49771747	19394	12938
ENSMUST00000028102	CATTCTGAACACTTTTCCAAAACCAACCCCAGAGAGCATTTTAAATATCCTGGTCATATCTTTGGATCTGTAAAATAGACCTTTTAGTATGGCACCTGTTAAAATGCA	49771639	49757555	14084	49771163	476	49771747	14192	584
ENSMUST00000117648	TTTGAAAAAGAACAGATTTCTCGAAGCTCTTAATCACTTTGAAAAGGCAAAGACTTTAATTAGTCGTCTCCCTGGAATTCTAACTTGGCCCACAAGTAATGTGATTAT	94422232	94384066	38166	94384783	37449	94422340	38274	37557
ENSMUST00000117648	TTTGAAAAAGAACAGATTTCTCGAAGCTCTTAATCACTTTGAAAAGGCAAAGACTTTAATTAGTCGTCTCCCTGGAATTCTAACTTGGCCCACAAGTAATGTGATTAT	94422232	94384934	37298	94387336	34896	94422340	37406	35004
ENSMUST00000117648	TTTGAAAAAGAACAGATTTCTCGAAGCTCTTAATCACTTTGAAAAGGCAAAGACTTTAATTAGTCGTCTCCCTGGAATTCTAACTTGGCCCACAAGTAATGTGATTAT	94422232	94384934	37298	94392014	30218	94422340	37406	30326
ENSMUST00000117648	TTTGAAAAAGAACAGATTTCTCGAAGCTCTTAATCACTTTGAAAAGGCAAAGACTTTAATTAGTCGTCTCCCTGGAATTCTAACTTGGCCCACAAGTAATGTGATTAT	94422232	94385423	36809	94388264	33968	94422340	36917	34076
ENSMUST00000117648	TTTGAAAAAGAACAGATTTCTCGAAGCTCTTAATCACTTTGAAAAGGCAAAGACTTTAATTAGTCGTCTCCCTGGAATTCTAACTTGGCCCACAAGTAATGTGATTAT	94422232	94370861	51371	94392014	30218	94422340	51479	30326
ENSMUST00000117648	TTTGAAAAAGAACAGATTTCTCGAAGCTCTTAATCACTTTGAAAAGGCAAAGACTTTAATTAGTCGTCTCCCTGGAATTCTAACTTGGCCCACAAGTAATGTGATTAT	94422232	94385423	36809	94392014	30218	94422340	36917	30326
ENSMUST00000117648	TTTGAAAAAGAACAGATTTCTCGAAGCTCTTAATCACTTTGAAAAGGCAAAGACTTTAATTAGTCGTCTCCCTGGAATTCTAACTTGGCCCACAAGTAATGTGATTAT	94422232	94388385	33847	94392014	30218	94422340	33955	30326
ENSMUST00000117648	TTTGAAAAAGAACAGATTTCTCGAAGCTCTTAATCACTTTGAAAAGGCAAAGACTTTAATTAGTCGTCTCCCTGGAATTCTAACTTGGCCCACAAGTAATGTGATTAT	94422232	94370861	51371	94393111	29121	94422340	51479	29229
ENSMUST00000117648	TTTGAAAAAGAACAGATTTCTCGAAGCTCTTAATCACTTTGAAAAGGCAAAGACTTTAATTAGTCGTCTCCCTGGAATTCTAACTTGGCCCACAAGTAATGTGATTAT	94422232	94384934	37298	94393111	29121	94422340	37406	29229
ENSMUST00000117648	TTTGAAAAAGAACAGATTTCTCGAAGCTCTTAATCACTTTGAAAAGGCAAAGACTTTAATTAGTCGTCTCCCTGGAATTCTAACTTGGCCCACAAGTAATGTGATTAT	94422232	94390287	31945	94393111	29121	94422340	32053	29229
ENSMUST00000117648	TTTGAAAAAGAACAGATTTCTCGAAGCTCTTAATCACTTTGAAAAGGCAAAGACTTTAATTAGTCGTCTCCCTGGAATTCTAACTTGGCCCACAAGTAATGTGATTAT	94422232	94370861	51371	94403313	18919	94422340	51479	19027
ENSMUST00000117648	TTTGAAAAAGAACAGATTTCTCGAAGCTCTTAATCACTTTGAAAAGGCAAAGACTTTAATTAGTCGTCTCCCTGGAATTCTAACTTGGCCCACAAGTAATGTGATTAT	94422232	94403368	18864	94409683	12549	94422340	18972	12657
ENSMUST00000117648	TTTGAAAAAGAACAGATTTCTCGAAGCTCTTAATCACTTTGAAAAGGCAAAGACTTTAATTAGTCGTCTCCCTGGAATTCTAACTTGGCCCACAAGTAATGTGATTAT	94422232	94403368	18864	94410832	11400	94422340	18972	11508
ENSMUST00000117648	TTTGAAAAAGAACAGATTTCTCGAAGCTCTTAATCACTTTGAAAAGGCAAAGACTTTAATTAGTCGTCTCCCTGGAATTCTAACTTGGCCCACAAGTAATGTGATTAT	94422232	94403368	18864	94415948	6284	94422340	18972	6392
ENSMUST00000117648	TTTGAAAAAGAACAGATTTCTCGAAGCTCTTAATCACTTTGAAAAGGCAAAGACTTTAATTAGTCGTCTCCCTGGAATTCTAACTTGGCCCACAAGTAATGTGATTAT	94422232	94403368	18864	94409683	12549	94422340	18972	12657
ENSMUST00000117648	TTTGAAAAAGAACAGATTTCTCGAAGCTCTTAATCACTTTGAAAAGGCAAAGACTTTAATTAGTCGTCTCCCTGGAATTCTAACTTGGCCCACAAGTAATGTGATTAT	94422232	94403368	18864	94410832	11400	94422340	18972	11508
ENSMUST00000117648	TTTGAAAAAGAACAGATTTCTCGAAGCTCTTAATCACTTTGAAAAGGCAAAGACTTTAATTAGTCGTCTCCCTGGAATTCTAACTTGGCCCACAAGTAATGTGATTAT	94422232	94403368	18864	94410871	11361	94422340	18972	11469
ENSMUST00000117648	TTTGAAAAAGAACAGATTTCTCGAAGCTCTTAATCACTTTGAAAAGGCAAAGACTTTAATTAGTCGTCTCCCTGGAATTCTAACTTGGCCCACAAGTAATGTGATTAT	94422232	94408716	13516	94410832	11400	94422340	13624	11508
ENSMUST00000117648	TTTGAAAAAGAACAGATTTCTCGAAGCTCTTAATCACTTTGAAAAGGCAAAGACTTTAATTAGTCGTCTCCCTGGAATTCTAACTTGGCCCACAAGTAATGTGATTAT	94422232	94403368	18864	94412059	10173	94422340	18972	10281
ENSMUST00000117648	TTTGAAAAAGAACAGATTTCTCGAAGCTCTTAATCACTTTGAAAAGGCAAAGACTTTAATTAGTCGTCTCCCTGGAATTCTAACTTGGCCCACAAGTAATGTGATTAT	94422232	94403368	18864	94415948	6284	94422340	18972	6392
ENSMUST00000117648	TTTGAAAAAGAACAGATTTCTCGAAGCTCTTAATCACTTTGAAAAGGCAAAGACTTTAATTAGTCGTCTCCCTGGAATTCTAACTTGGCCCACAAGTAATGTGATTAT	94422232	94408716	13516	94415948	6284	94422340	13624	6392
ENSMUST00000117648	TTTGAAAAAGAACAGATTTCTCGAAGCTCTTAATCACTTTGAAAAGGCAAAGACTTTAATTAGTCGTCTCCCTGGAATTCTAACTTGGCCCACAAGTAATGTGATTAT	94422232	94403368	18864	94412059	10173	94422340	18972	10281
ENSMUST00000117648	TTTGAAAAAGAACAGATTTCTCGAAGCTCTTAATCACTTTGAAAAGGCAAAGACTTTAATTAGTCGTCTCCCTGGAATTCTAACTTGGCCCACAAGTAATGTGATTAT	94422232	94403368	18864	94415948	6284	94422340	18972	6392
ENSMUST00000117648	TTTGAAAAAGAACAGATTTCTCGAAGCTCTTAATCACTTTGAAAAGGCAAAGACTTTAATTAGTCGTCTCCCTGGAATTCTAACTTGGCCCACAAGTAATGTGATTAT	94422232	94403368	18864	94416281	5951	94422340	18972	6059
ENSMUST00000117648	TTTGAAAAAGAACAGATTTCTCGAAGCTCTTAATCACTTTGAAAAGGCAAAGACTTTAATTAGTCGTCTCCCTGGAATTCTAACTTGGCCCACAAGTAATGTGATTAT	94422232	94410956	11276	94415948	6284	94422340	11384	6392
ENSMUST00000117648	TTTGAAAAAGAACAGATTTCTCGAAGCTCTTAATCACTTTGAAAAGGCAAAGACTTTAATTAGTCGTCTCCCTGGAATTCTAACTTGGCCCACAAGTAATGTGATTAT	94422232	94403368	18864	94416281	5951	94422340	18972	6059
ENSMUST00000117648	TTTGAAAAAGAACAGATTTCTCGAAGCTCTTAATCACTTTGAAAAGGCAAAGACTTTAATTAGTCGTCTCCCTGGAATTCTAACTTGGCCCACAAGTAATGTGATTAT	94422232	94412123	10109	94416281	5951	94422340	10217	6059
ENSMUST00000117648	TTTGAAAAAGAACAGATTTCTCGAAGCTCTTAATCACTTTGAAAAGGCAAAGACTTTAATTAGTCGTCTCCCTGGAATTCTAACTTGGCCCACAAGTAATGTGATTAT	94422232	94416009	6223	94418606	3626	94422340	6331	3734
ENSMUST00000117648	TTTGAAAAAGAACAGATTTCTCGAAGCTCTTAATCACTTTGAAAAGGCAAAGACTTTAATTAGTCGTCTCCCTGGAATTCTAACTTGGCCCACAAGTAATGTGATTAT	94422232	94416366	5866	94419397	2835	94422340	5974	2943
ENSMUST00000117648	TTTGAAAAAGAACAGATTTCTCGAAGCTCTTAATCACTTTGAAAAGGCAAAGACTTTAATTAGTCGTCTCCCTGGAATTCTAACTTGGCCCACAAGTAATGTGATTAT	94422232	94419478	2754	94422226	6	94422340	2862	114
ENSMUST00000117648	TTTGAAAAAGAACAGATTTCTCGAAGCTCTTAATCACTTTGAAAAGGCAAAGACTTTAATTAGTCGTCTCCCTGGAATTCTAACTTGGCCCACAAGTAATGTGATTAT	94422232	94424187	-1955	94426150	-3918	94422340	-1847	-3810
ENSMUST00000117648	TTTGAAAAAGAACAGATTTCTCGAAGCTCTTAATCACTTTGAAAAGGCAAAGACTTTAATTAGTCGTCTCCCTGGAATTCTAACTTGGCCCACAAGTAATGTGATTAT	94422232	94425188	-2956	94426765	-4533	94422340	-2848	-4425
ENSMUST00000117648	TTTGAAAAAGAACAGATTTCTCGAAGCTCTTAATCACTTTGAAAAGGCAAAGACTTTAATTAGTCGTCTCCCTGGAATTCTAACTTGGCCCACAAGTAATGTGATTAT	94422232	94454523	-32291	94457320	-35088	94422340	-32183	-34980
ENSMUST00000117648	TTTGAAAAAGAACAGATTTCTCGAAGCTCTTAATCACTTTGAAAAGGCAAAGACTTTAATTAGTCGTCTCCCTGGAATTCTAACTTGGCCCACAAGTAATGTGATTAT	94422232	94454523	-32291	94457320	-35088	94422340	-32183	-34980
ENSMUST00000117648	TTTGAAAAAGAACAGATTTCTCGAAGCTCTTAATCACTTTGAAAAGGCAAAGACTTTAATTAGTCGTCTCCCTGGAATTCTAACTTGGCCCACAAGTAATGTGATTAT	94422232	94457411	-35179	94459761	-37529	94422340	-35071	-37421
ENSMUST00000117648	TTTGAAAAAGAACAGATTTCTCGAAGCTCTTAATCACTTTGAAAAGGCAAAGACTTTAATTAGTCGTCTCCCTGGAATTCTAACTTGGCCCACAAGTAATGTGATTAT	94422232	94462348	-40116	94466902	-44670	94422340	-40008	-44562
ENSMUST00000232395	AACTGTTGCACCATCGTCACAGACCCAGCCCAGGAGAAGATGGGAACCTCCTTCCTGTTGCTGTAGGTAGTCACTCCTCACTAATGCACCATGCACTTCATGAGTTAAA	94468044	94384066	83978	94384783	83261	94468153	84087	83370
ENSMUST00000232395	AACTGTTGCACCATCGTCACAGACCCAGCCCAGGAGAAGATGGGAACCTCCTTCCTGTTGCTGTAGGTAGTCACTCCTCACTAATGCACCATGCACTTCATGAGTTAAA	94468044	94384934	83110	94387336	80708	94468153	83219	80817
ENSMUST00000232395	AACTGTTGCACCATCGTCACAGACCCAGCCCAGGAGAAGATGGGAACCTCCTTCCTGTTGCTGTAGGTAGTCACTCCTCACTAATGCACCATGCACTTCATGAGTTAAA	94468044	94384934	83110	94392014	76030	94468153	83219	76139
ENSMUST00000232395	AACTGTTGCACCATCGTCACAGACCCAGCCCAGGAGAAGATGGGAACCTCCTTCCTGTTGCTGTAGGTAGTCACTCCTCACTAATGCACCATGCACTTCATGAGTTAAA	94468044	94385423	82621	94388264	79780	94468153	82730	79889
ENSMUST00000232395	AACTGTTGCACCATCGTCACAGACCCAGCCCAGGAGAAGATGGGAACCTCCTTCCTGTTGCTGTAGGTAGTCACTCCTCACTAATGCACCATGCACTTCATGAGTTAAA	94468044	94370861	97183	94392014	76030	94468153	97292	76139
ENSMUST00000232395	AACTGTTGCACCATCGTCACAGACCCAGCCCAGGAGAAGATGGGAACCTCCTTCCTGTTGCTGTAGGTAGTCACTCCTCACTAATGCACCATGCACTTCATGAGTTAAA	94468044	94385423	82621	94392014	76030	94468153	82730	76139
ENSMUST00000232395	AACTGTTGCACCATCGTCACAGACCCAGCCCAGGAGAAGATGGGAACCTCCTTCCTGTTGCTGTAGGTAGTCACTCCTCACTAATGCACCATGCACTTCATGAGTTAAA	94468044	94388385	79659	94392014	76030	94468153	79768	76139
ENSMUST00000232395	AACTGTTGCACCATCGTCACAGACCCAGCCCAGGAGAAGATGGGAACCTCCTTCCTGTTGCTGTAGGTAGTCACTCCTCACTAATGCACCATGCACTTCATGAGTTAAA	94468044	94370861	97183	94393111	74933	94468153	97292	75042
ENSMUST00000232395	AACTGTTGCACCATCGTCACAGACCCAGCCCAGGAGAAGATGGGAACCTCCTTCCTGTTGCTGTAGGTAGTCACTCCTCACTAATGCACCATGCACTTCATGAGTTAAA	94468044	94384934	83110	94393111	74933	94468153	83219	75042
ENSMUST00000232395	AACTGTTGCACCATCGTCACAGACCCAGCCCAGGAGAAGATGGGAACCTCCTTCCTGTTGCTGTAGGTAGTCACTCCTCACTAATGCACCATGCACTTCATGAGTTAAA	94468044	94390287	77757	94393111	74933	94468153	77866	75042
ENSMUST00000232395	AACTGTTGCACCATCGTCACAGACCCAGCCCAGGAGAAGATGGGAACCTCCTTCCTGTTGCTGTAGGTAGTCACTCCTCACTAATGCACCATGCACTTCATGAGTTAAA	94468044	94370861	97183	94403313	64731	94468153	97292	64840
ENSMUST00000232395	AACTGTTGCACCATCGTCACAGACCCAGCCCAGGAGAAGATGGGAACCTCCTTCCTGTTGCTGTAGGTAGTCACTCCTCACTAATGCACCATGCACTTCATGAGTTAAA	94468044	94403368	64676	94409683	58361	94468153	64785	58470
ENSMUST00000232395	AACTGTTGCACCATCGTCACAGACCCAGCCCAGGAGAAGATGGGAACCTCCTTCCTGTTGCTGTAGGTAGTCACTCCTCACTAATGCACCATGCACTTCATGAGTTAAA	94468044	94403368	64676	94410832	57212	94468153	64785	57321
ENSMUST00000232395	AACTGTTGCACCATCGTCACAGACCCAGCCCAGGAGAAGATGGGAACCTCCTTCCTGTTGCTGTAGGTAGTCACTCCTCACTAATGCACCATGCACTTCATGAGTTAAA	94468044	94403368	64676	94415948	52096	94468153	64785	52205
ENSMUST00000232395	AACTGTTGCACCATCGTCACAGACCCAGCCCAGGAGAAGATGGGAACCTCCTTCCTGTTGCTGTAGGTAGTCACTCCTCACTAATGCACCATGCACTTCATGAGTTAAA	94468044	94403368	64676	94409683	58361	94468153	64785	58470
ENSMUST00000232395	AACTGTTGCACCATCGTCACAGACCCAGCCCAGGAGAAGATGGGAACCTCCTTCCTGTTGCTGTAGGTAGTCACTCCTCACTAATGCACCATGCACTTCATGAGTTAAA	94468044	94403368	64676	94410832	57212	94468153	64785	57321
ENSMUST00000232395	AACTGTTGCACCATCGTCACAGACCCAGCCCAGGAGAAGATGGGAACCTCCTTCCTGTTGCTGTAGGTAGTCACTCCTCACTAATGCACCATGCACTTCATGAGTTAAA	94468044	94403368	64676	94410871	57173	94468153	64785	57282
ENSMUST00000232395	AACTGTTGCACCATCGTCACAGACCCAGCCCAGGAGAAGATGGGAACCTCCTTCCTGTTGCTGTAGGTAGTCACTCCTCACTAATGCACCATGCACTTCATGAGTTAAA	94468044	94408716	59328	94410832	57212	94468153	59437	57321
ENSMUST00000232395	AACTGTTGCACCATCGTCACAGACCCAGCCCAGGAGAAGATGGGAACCTCCTTCCTGTTGCTGTAGGTAGTCACTCCTCACTAATGCACCATGCACTTCATGAGTTAAA	94468044	94403368	64676	94412059	55985	94468153	64785	56094
ENSMUST00000232395	AACTGTTGCACCATCGTCACAGACCCAGCCCAGGAGAAGATGGGAACCTCCTTCCTGTTGCTGTAGGTAGTCACTCCTCACTAATGCACCATGCACTTCATGAGTTAAA	94468044	94403368	64676	94415948	52096	94468153	64785	52205
ENSMUST00000232395	AACTGTTGCACCATCGTCACAGACCCAGCCCAGGAGAAGATGGGAACCTCCTTCCTGTTGCTGTAGGTAGTCACTCCTCACTAATGCACCATGCACTTCATGAGTTAAA	94468044	94408716	59328	94415948	52096	94468153	59437	52205
ENSMUST00000232395	AACTGTTGCACCATCGTCACAGACCCAGCCCAGGAGAAGATGGGAACCTCCTTCCTGTTGCTGTAGGTAGTCACTCCTCACTAATGCACCATGCACTTCATGAGTTAAA	94468044	94403368	64676	94412059	55985	94468153	64785	56094
ENSMUST00000232395	AACTGTTGCACCATCGTCACAGACCCAGCCCAGGAGAAGATGGGAACCTCCTTCCTGTTGCTGTAGGTAGTCACTCCTCACTAATGCACCATGCACTTCATGAGTTAAA	94468044	94403368	64676	94415948	52096	94468153	64785	52205
ENSMUST00000232395	AACTGTTGCACCATCGTCACAGACCCAGCCCAGGAGAAGATGGGAACCTCCTTCCTGTTGCTGTAGGTAGTCACTCCTCACTAATGCACCATGCACTTCATGAGTTAAA	94468044	94403368	64676	94416281	51763	94468153	64785	51872
ENSMUST00000232395	AACTGTTGCACCATCGTCACAGACCCAGCCCAGGAGAAGATGGGAACCTCCTTCCTGTTGCTGTAGGTAGTCACTCCTCACTAATGCACCATGCACTTCATGAGTTAAA	94468044	94410956	57088	94415948	52096	94468153	57197	52205
ENSMUST00000232395	AACTGTTGCACCATCGTCACAGACCCAGCCCAGGAGAAGATGGGAACCTCCTTCCTGTTGCTGTAGGTAGTCACTCCTCACTAATGCACCATGCACTTCATGAGTTAAA	94468044	94403368	64676	94416281	51763	94468153	64785	51872
ENSMUST00000232395	AACTGTTGCACCATCGTCACAGACCCAGCCCAGGAGAAGATGGGAACCTCCTTCCTGTTGCTGTAGGTAGTCACTCCTCACTAATGCACCATGCACTTCATGAGTTAAA	94468044	94412123	55921	94416281	51763	94468153	56030	51872
ENSMUST00000232395	AACTGTTGCACCATCGTCACAGACCCAGCCCAGGAGAAGATGGGAACCTCCTTCCTGTTGCTGTAGGTAGTCACTCCTCACTAATGCACCATGCACTTCATGAGTTAAA	94468044	94416009	52035	94418606	49438	94468153	52144	49547
ENSMUST00000232395	AACTGTTGCACCATCGTCACAGACCCAGCCCAGGAGAAGATGGGAACCTCCTTCCTGTTGCTGTAGGTAGTCACTCCTCACTAATGCACCATGCACTTCATGAGTTAAA	94468044	94416366	51678	94419397	48647	94468153	51787	48756
ENSMUST00000232395	AACTGTTGCACCATCGTCACAGACCCAGCCCAGGAGAAGATGGGAACCTCCTTCCTGTTGCTGTAGGTAGTCACTCCTCACTAATGCACCATGCACTTCATGAGTTAAA	94468044	94419478	48566	94422226	45818	94468153	48675	45927
ENSMUST00000232395	AACTGTTGCACCATCGTCACAGACCCAGCCCAGGAGAAGATGGGAACCTCCTTCCTGTTGCTGTAGGTAGTCACTCCTCACTAATGCACCATGCACTTCATGAGTTAAA	94468044	94424187	43857	94426150	41894	94468153	43966	42003
ENSMUST00000232395	AACTGTTGCACCATCGTCACAGACCCAGCCCAGGAGAAGATGGGAACCTCCTTCCTGTTGCTGTAGGTAGTCACTCCTCACTAATGCACCATGCACTTCATGAGTTAAA	94468044	94425188	42856	94426765	41279	94468153	42965	41388
ENSMUST00000232395	AACTGTTGCACCATCGTCACAGACCCAGCCCAGGAGAAGATGGGAACCTCCTTCCTGTTGCTGTAGGTAGTCACTCCTCACTAATGCACCATGCACTTCATGAGTTAAA	94468044	94454523	13521	94457320	10724	94468153	13630	10833
ENSMUST00000232395	AACTGTTGCACCATCGTCACAGACCCAGCCCAGGAGAAGATGGGAACCTCCTTCCTGTTGCTGTAGGTAGTCACTCCTCACTAATGCACCATGCACTTCATGAGTTAAA	94468044	94454523	13521	94457320	10724	94468153	13630	10833
ENSMUST00000232395	AACTGTTGCACCATCGTCACAGACCCAGCCCAGGAGAAGATGGGAACCTCCTTCCTGTTGCTGTAGGTAGTCACTCCTCACTAATGCACCATGCACTTCATGAGTTAAA	94468044	94457411	10633	94459761	8283	94468153	10742	8392
ENSMUST00000232395	AACTGTTGCACCATCGTCACAGACCCAGCCCAGGAGAAGATGGGAACCTCCTTCCTGTTGCTGTAGGTAGTCACTCCTCACTAATGCACCATGCACTTCATGAGTTAAA	94468044	94462348	5696	94466902	1142	94468153	5805	1251
ENSMUST00000232395	AACTGTTGCACCATCGTCACAGACCCAGCCCAGGAGAAGATGGGAACCTCCTTCCTGTTGCTGTAGGTAGTCACTCCTCACTAATGCACCATGCACTTCATGAGTTAAA	94468044	94384066	83978	94384783	83261	94468153	84087	83370
ENSMUST00000232395	AACTGTTGCACCATCGTCACAGACCCAGCCCAGGAGAAGATGGGAACCTCCTTCCTGTTGCTGTAGGTAGTCACTCCTCACTAATGCACCATGCACTTCATGAGTTAAA	94468044	94384934	83110	94387336	80708	94468153	83219	80817
ENSMUST00000232395	AACTGTTGCACCATCGTCACAGACCCAGCCCAGGAGAAGATGGGAACCTCCTTCCTGTTGCTGTAGGTAGTCACTCCTCACTAATGCACCATGCACTTCATGAGTTAAA	94468044	94384934	83110	94392014	76030	94468153	83219	76139
ENSMUST00000232395	AACTGTTGCACCATCGTCACAGACCCAGCCCAGGAGAAGATGGGAACCTCCTTCCTGTTGCTGTAGGTAGTCACTCCTCACTAATGCACCATGCACTTCATGAGTTAAA	94468044	94385423	82621	94388264	79780	94468153	82730	79889
ENSMUST00000232395	AACTGTTGCACCATCGTCACAGACCCAGCCCAGGAGAAGATGGGAACCTCCTTCCTGTTGCTGTAGGTAGTCACTCCTCACTAATGCACCATGCACTTCATGAGTTAAA	94468044	94370861	97183	94392014	76030	94468153	97292	76139
ENSMUST00000232395	AACTGTTGCACCATCGTCACAGACCCAGCCCAGGAGAAGATGGGAACCTCCTTCCTGTTGCTGTAGGTAGTCACTCCTCACTAATGCACCATGCACTTCATGAGTTAAA	94468044	94385423	82621	94392014	76030	94468153	82730	76139
ENSMUST00000232395	AACTGTTGCACCATCGTCACAGACCCAGCCCAGGAGAAGATGGGAACCTCCTTCCTGTTGCTGTAGGTAGTCACTCCTCACTAATGCACCATGCACTTCATGAGTTAAA	94468044	94388385	79659	94392014	76030	94468153	79768	76139
ENSMUST00000232395	AACTGTTGCACCATCGTCACAGACCCAGCCCAGGAGAAGATGGGAACCTCCTTCCTGTTGCTGTAGGTAGTCACTCCTCACTAATGCACCATGCACTTCATGAGTTAAA	94468044	94370861	97183	94393111	74933	94468153	97292	75042
ENSMUST00000232395	AACTGTTGCACCATCGTCACAGACCCAGCCCAGGAGAAGATGGGAACCTCCTTCCTGTTGCTGTAGGTAGTCACTCCTCACTAATGCACCATGCACTTCATGAGTTAAA	94468044	94384934	83110	94393111	74933	94468153	83219	75042
ENSMUST00000232395	AACTGTTGCACCATCGTCACAGACCCAGCCCAGGAGAAGATGGGAACCTCCTTCCTGTTGCTGTAGGTAGTCACTCCTCACTAATGCACCATGCACTTCATGAGTTAAA	94468044	94390287	77757	94393111	74933	94468153	77866	75042
ENSMUST00000232395	AACTGTTGCACCATCGTCACAGACCCAGCCCAGGAGAAGATGGGAACCTCCTTCCTGTTGCTGTAGGTAGTCACTCCTCACTAATGCACCATGCACTTCATGAGTTAAA	94468044	94370861	97183	94403313	64731	94468153	97292	64840
ENSMUST00000232395	AACTGTTGCACCATCGTCACAGACCCAGCCCAGGAGAAGATGGGAACCTCCTTCCTGTTGCTGTAGGTAGTCACTCCTCACTAATGCACCATGCACTTCATGAGTTAAA	94468044	94403368	64676	94409683	58361	94468153	64785	58470
ENSMUST00000232395	AACTGTTGCACCATCGTCACAGACCCAGCCCAGGAGAAGATGGGAACCTCCTTCCTGTTGCTGTAGGTAGTCACTCCTCACTAATGCACCATGCACTTCATGAGTTAAA	94468044	94403368	64676	94410832	57212	94468153	64785	57321
ENSMUST00000232395	AACTGTTGCACCATCGTCACAGACCCAGCCCAGGAGAAGATGGGAACCTCCTTCCTGTTGCTGTAGGTAGTCACTCCTCACTAATGCACCATGCACTTCATGAGTTAAA	94468044	94403368	64676	94415948	52096	94468153	64785	52205
ENSMUST00000232395	AACTGTTGCACCATCGTCACAGACCCAGCCCAGGAGAAGATGGGAACCTCCTTCCTGTTGCTGTAGGTAGTCACTCCTCACTAATGCACCATGCACTTCATGAGTTAAA	94468044	94403368	64676	94409683	58361	94468153	64785	58470
ENSMUST00000232395	AACTGTTGCACCATCGTCACAGACCCAGCCCAGGAGAAGATGGGAACCTCCTTCCTGTTGCTGTAGGTAGTCACTCCTCACTAATGCACCATGCACTTCATGAGTTAAA	94468044	94403368	64676	94410832	57212	94468153	64785	57321
ENSMUST00000232395	AACTGTTGCACCATCGTCACAGACCCAGCCCAGGAGAAGATGGGAACCTCCTTCCTGTTGCTGTAGGTAGTCACTCCTCACTAATGCACCATGCACTTCATGAGTTAAA	94468044	94403368	64676	94410871	57173	94468153	64785	57282
ENSMUST00000232395	AACTGTTGCACCATCGTCACAGACCCAGCCCAGGAGAAGATGGGAACCTCCTTCCTGTTGCTGTAGGTAGTCACTCCTCACTAATGCACCATGCACTTCATGAGTTAAA	94468044	94408716	59328	94410832	57212	94468153	59437	57321
ENSMUST00000232395	AACTGTTGCACCATCGTCACAGACCCAGCCCAGGAGAAGATGGGAACCTCCTTCCTGTTGCTGTAGGTAGTCACTCCTCACTAATGCACCATGCACTTCATGAGTTAAA	94468044	94403368	64676	94412059	55985	94468153	64785	56094
ENSMUST00000232395	AACTGTTGCACCATCGTCACAGACCCAGCCCAGGAGAAGATGGGAACCTCCTTCCTGTTGCTGTAGGTAGTCACTCCTCACTAATGCACCATGCACTTCATGAGTTAAA	94468044	94403368	64676	94415948	52096	94468153	64785	52205
ENSMUST00000232395	AACTGTTGCACCATCGTCACAGACCCAGCCCAGGAGAAGATGGGAACCTCCTTCCTGTTGCTGTAGGTAGTCACTCCTCACTAATGCACCATGCACTTCATGAGTTAAA	94468044	94408716	59328	94415948	52096	94468153	59437	52205
ENSMUST00000232395	AACTGTTGCACCATCGTCACAGACCCAGCCCAGGAGAAGATGGGAACCTCCTTCCTGTTGCTGTAGGTAGTCACTCCTCACTAATGCACCATGCACTTCATGAGTTAAA	94468044	94403368	64676	94412059	55985	94468153	64785	56094
ENSMUST00000232395	AACTGTTGCACCATCGTCACAGACCCAGCCCAGGAGAAGATGGGAACCTCCTTCCTGTTGCTGTAGGTAGTCACTCCTCACTAATGCACCATGCACTTCATGAGTTAAA	94468044	94403368	64676	94415948	52096	94468153	64785	52205
ENSMUST00000232395	AACTGTTGCACCATCGTCACAGACCCAGCCCAGGAGAAGATGGGAACCTCCTTCCTGTTGCTGTAGGTAGTCACTCCTCACTAATGCACCATGCACTTCATGAGTTAAA	94468044	94403368	64676	94416281	51763	94468153	64785	51872
ENSMUST00000232395	AACTGTTGCACCATCGTCACAGACCCAGCCCAGGAGAAGATGGGAACCTCCTTCCTGTTGCTGTAGGTAGTCACTCCTCACTAATGCACCATGCACTTCATGAGTTAAA	94468044	94410956	57088	94415948	52096	94468153	57197	52205
ENSMUST00000232395	AACTGTTGCACCATCGTCACAGACCCAGCCCAGGAGAAGATGGGAACCTCCTTCCTGTTGCTGTAGGTAGTCACTCCTCACTAATGCACCATGCACTTCATGAGTTAAA	94468044	94403368	64676	94416281	51763	94468153	64785	51872
ENSMUST00000232395	AACTGTTGCACCATCGTCACAGACCCAGCCCAGGAGAAGATGGGAACCTCCTTCCTGTTGCTGTAGGTAGTCACTCCTCACTAATGCACCATGCACTTCATGAGTTAAA	94468044	94412123	55921	94416281	51763	94468153	56030	51872
ENSMUST00000232395	AACTGTTGCACCATCGTCACAGACCCAGCCCAGGAGAAGATGGGAACCTCCTTCCTGTTGCTGTAGGTAGTCACTCCTCACTAATGCACCATGCACTTCATGAGTTAAA	94468044	94416009	52035	94418606	49438	94468153	52144	49547
ENSMUST00000232395	AACTGTTGCACCATCGTCACAGACCCAGCCCAGGAGAAGATGGGAACCTCCTTCCTGTTGCTGTAGGTAGTCACTCCTCACTAATGCACCATGCACTTCATGAGTTAAA	94468044	94416366	51678	94419397	48647	94468153	51787	48756
ENSMUST00000232395	AACTGTTGCACCATCGTCACAGACCCAGCCCAGGAGAAGATGGGAACCTCCTTCCTGTTGCTGTAGGTAGTCACTCCTCACTAATGCACCATGCACTTCATGAGTTAAA	94468044	94419478	48566	94422226	45818	94468153	48675	45927
ENSMUST00000232395	AACTGTTGCACCATCGTCACAGACCCAGCCCAGGAGAAGATGGGAACCTCCTTCCTGTTGCTGTAGGTAGTCACTCCTCACTAATGCACCATGCACTTCATGAGTTAAA	94468044	94424187	43857	94426150	41894	94468153	43966	42003
ENSMUST00000232395	AACTGTTGCACCATCGTCACAGACCCAGCCCAGGAGAAGATGGGAACCTCCTTCCTGTTGCTGTAGGTAGTCACTCCTCACTAATGCACCATGCACTTCATGAGTTAAA	94468044	94425188	42856	94426765	41279	94468153	42965	41388
ENSMUST00000232395	AACTGTTGCACCATCGTCACAGACCCAGCCCAGGAGAAGATGGGAACCTCCTTCCTGTTGCTGTAGGTAGTCACTCCTCACTAATGCACCATGCACTTCATGAGTTAAA	94468044	94454523	13521	94457320	10724	94468153	13630	10833
ENSMUST00000232395	AACTGTTGCACCATCGTCACAGACCCAGCCCAGGAGAAGATGGGAACCTCCTTCCTGTTGCTGTAGGTAGTCACTCCTCACTAATGCACCATGCACTTCATGAGTTAAA	94468044	94454523	13521	94457320	10724	94468153	13630	10833
ENSMUST00000232395	AACTGTTGCACCATCGTCACAGACCCAGCCCAGGAGAAGATGGGAACCTCCTTCCTGTTGCTGTAGGTAGTCACTCCTCACTAATGCACCATGCACTTCATGAGTTAAA	94468044	94457411	10633	94459761	8283	94468153	10742	8392
ENSMUST00000232395	AACTGTTGCACCATCGTCACAGACCCAGCCCAGGAGAAGATGGGAACCTCCTTCCTGTTGCTGTAGGTAGTCACTCCTCACTAATGCACCATGCACTTCATGAGTTAAA	94468044	94462348	5696	94466902	1142	94468153	5805	1251
ENSMUST00000232395	AACTGTTGCACCATCGTCACAGACCCAGCCCAGGAGAAGATGGGAACCTCCTTCCTGTTGCTGTAGGTAGTCACTCCTCACTAATGCACCATGCACTTCATGAGTTAAA	94468044	94384066	83978	94384783	83261	94468153	84087	83370
ENSMUST00000232395	AACTGTTGCACCATCGTCACAGACCCAGCCCAGGAGAAGATGGGAACCTCCTTCCTGTTGCTGTAGGTAGTCACTCCTCACTAATGCACCATGCACTTCATGAGTTAAA	94468044	94384934	83110	94387336	80708	94468153	83219	80817
ENSMUST00000232395	AACTGTTGCACCATCGTCACAGACCCAGCCCAGGAGAAGATGGGAACCTCCTTCCTGTTGCTGTAGGTAGTCACTCCTCACTAATGCACCATGCACTTCATGAGTTAAA	94468044	94384934	83110	94392014	76030	94468153	83219	76139
ENSMUST00000232395	AACTGTTGCACCATCGTCACAGACCCAGCCCAGGAGAAGATGGGAACCTCCTTCCTGTTGCTGTAGGTAGTCACTCCTCACTAATGCACCATGCACTTCATGAGTTAAA	94468044	94385423	82621	94388264	79780	94468153	82730	79889
ENSMUST00000232395	AACTGTTGCACCATCGTCACAGACCCAGCCCAGGAGAAGATGGGAACCTCCTTCCTGTTGCTGTAGGTAGTCACTCCTCACTAATGCACCATGCACTTCATGAGTTAAA	94468044	94370861	97183	94392014	76030	94468153	97292	76139
ENSMUST00000232395	AACTGTTGCACCATCGTCACAGACCCAGCCCAGGAGAAGATGGGAACCTCCTTCCTGTTGCTGTAGGTAGTCACTCCTCACTAATGCACCATGCACTTCATGAGTTAAA	94468044	94385423	82621	94392014	76030	94468153	82730	76139
ENSMUST00000232395	AACTGTTGCACCATCGTCACAGACCCAGCCCAGGAGAAGATGGGAACCTCCTTCCTGTTGCTGTAGGTAGTCACTCCTCACTAATGCACCATGCACTTCATGAGTTAAA	94468044	94388385	79659	94392014	76030	94468153	79768	76139
ENSMUST00000232395	AACTGTTGCACCATCGTCACAGACCCAGCCCAGGAGAAGATGGGAACCTCCTTCCTGTTGCTGTAGGTAGTCACTCCTCACTAATGCACCATGCACTTCATGAGTTAAA	94468044	94370861	97183	94393111	74933	94468153	97292	75042
ENSMUST00000232395	AACTGTTGCACCATCGTCACAGACCCAGCCCAGGAGAAGATGGGAACCTCCTTCCTGTTGCTGTAGGTAGTCACTCCTCACTAATGCACCATGCACTTCATGAGTTAAA	94468044	94384934	83110	94393111	74933	94468153	83219	75042
ENSMUST00000232395	AACTGTTGCACCATCGTCACAGACCCAGCCCAGGAGAAGATGGGAACCTCCTTCCTGTTGCTGTAGGTAGTCACTCCTCACTAATGCACCATGCACTTCATGAGTTAAA	94468044	94390287	77757	94393111	74933	94468153	77866	75042
ENSMUST00000232395	AACTGTTGCACCATCGTCACAGACCCAGCCCAGGAGAAGATGGGAACCTCCTTCCTGTTGCTGTAGGTAGTCACTCCTCACTAATGCACCATGCACTTCATGAGTTAAA	94468044	94370861	97183	94403313	64731	94468153	97292	64840
ENSMUST00000232395	AACTGTTGCACCATCGTCACAGACCCAGCCCAGGAGAAGATGGGAACCTCCTTCCTGTTGCTGTAGGTAGTCACTCCTCACTAATGCACCATGCACTTCATGAGTTAAA	94468044	94403368	64676	94409683	58361	94468153	64785	58470
ENSMUST00000232395	AACTGTTGCACCATCGTCACAGACCCAGCCCAGGAGAAGATGGGAACCTCCTTCCTGTTGCTGTAGGTAGTCACTCCTCACTAATGCACCATGCACTTCATGAGTTAAA	94468044	94403368	64676	94410832	57212	94468153	64785	57321
ENSMUST00000232395	AACTGTTGCACCATCGTCACAGACCCAGCCCAGGAGAAGATGGGAACCTCCTTCCTGTTGCTGTAGGTAGTCACTCCTCACTAATGCACCATGCACTTCATGAGTTAAA	94468044	94403368	64676	94415948	52096	94468153	64785	52205
ENSMUST00000232395	AACTGTTGCACCATCGTCACAGACCCAGCCCAGGAGAAGATGGGAACCTCCTTCCTGTTGCTGTAGGTAGTCACTCCTCACTAATGCACCATGCACTTCATGAGTTAAA	94468044	94403368	64676	94409683	58361	94468153	64785	58470
ENSMUST00000232395	AACTGTTGCACCATCGTCACAGACCCAGCCCAGGAGAAGATGGGAACCTCCTTCCTGTTGCTGTAGGTAGTCACTCCTCACTAATGCACCATGCACTTCATGAGTTAAA	94468044	94403368	64676	94410832	57212	94468153	64785	57321
ENSMUST00000232395	AACTGTTGCACCATCGTCACAGACCCAGCCCAGGAGAAGATGGGAACCTCCTTCCTGTTGCTGTAGGTAGTCACTCCTCACTAATGCACCATGCACTTCATGAGTTAAA	94468044	94403368	64676	94410871	57173	94468153	64785	57282
ENSMUST00000232395	AACTGTTGCACCATCGTCACAGACCCAGCCCAGGAGAAGATGGGAACCTCCTTCCTGTTGCTGTAGGTAGTCACTCCTCACTAATGCACCATGCACTTCATGAGTTAAA	94468044	94408716	59328	94410832	57212	94468153	59437	57321
ENSMUST00000232395	AACTGTTGCACCATCGTCACAGACCCAGCCCAGGAGAAGATGGGAACCTCCTTCCTGTTGCTGTAGGTAGTCACTCCTCACTAATGCACCATGCACTTCATGAGTTAAA	94468044	94403368	64676	94412059	55985	94468153	64785	56094
ENSMUST00000232395	AACTGTTGCACCATCGTCACAGACCCAGCCCAGGAGAAGATGGGAACCTCCTTCCTGTTGCTGTAGGTAGTCACTCCTCACTAATGCACCATGCACTTCATGAGTTAAA	94468044	94403368	64676	94415948	52096	94468153	64785	52205
ENSMUST00000232395	AACTGTTGCACCATCGTCACAGACCCAGCCCAGGAGAAGATGGGAACCTCCTTCCTGTTGCTGTAGGTAGTCACTCCTCACTAATGCACCATGCACTTCATGAGTTAAA	94468044	94408716	59328	94415948	52096	94468153	59437	52205
ENSMUST00000232395	AACTGTTGCACCATCGTCACAGACCCAGCCCAGGAGAAGATGGGAACCTCCTTCCTGTTGCTGTAGGTAGTCACTCCTCACTAATGCACCATGCACTTCATGAGTTAAA	94468044	94403368	64676	94412059	55985	94468153	64785	56094
ENSMUST00000232395	AACTGTTGCACCATCGTCACAGACCCAGCCCAGGAGAAGATGGGAACCTCCTTCCTGTTGCTGTAGGTAGTCACTCCTCACTAATGCACCATGCACTTCATGAGTTAAA	94468044	94403368	64676	94415948	52096	94468153	64785	52205
ENSMUST00000232395	AACTGTTGCACCATCGTCACAGACCCAGCCCAGGAGAAGATGGGAACCTCCTTCCTGTTGCTGTAGGTAGTCACTCCTCACTAATGCACCATGCACTTCATGAGTTAAA	94468044	94403368	64676	94416281	51763	94468153	64785	51872
ENSMUST00000232395	AACTGTTGCACCATCGTCACAGACCCAGCCCAGGAGAAGATGGGAACCTCCTTCCTGTTGCTGTAGGTAGTCACTCCTCACTAATGCACCATGCACTTCATGAGTTAAA	94468044	94410956	57088	94415948	52096	94468153	57197	52205
ENSMUST00000232395	AACTGTTGCACCATCGTCACAGACCCAGCCCAGGAGAAGATGGGAACCTCCTTCCTGTTGCTGTAGGTAGTCACTCCTCACTAATGCACCATGCACTTCATGAGTTAAA	94468044	94403368	64676	94416281	51763	94468153	64785	51872
ENSMUST00000232395	AACTGTTGCACCATCGTCACAGACCCAGCCCAGGAGAAGATGGGAACCTCCTTCCTGTTGCTGTAGGTAGTCACTCCTCACTAATGCACCATGCACTTCATGAGTTAAA	94468044	94412123	55921	94416281	51763	94468153	56030	51872
ENSMUST00000232395	AACTGTTGCACCATCGTCACAGACCCAGCCCAGGAGAAGATGGGAACCTCCTTCCTGTTGCTGTAGGTAGTCACTCCTCACTAATGCACCATGCACTTCATGAGTTAAA	94468044	94416009	52035	94418606	49438	94468153	52144	49547
ENSMUST00000232395	AACTGTTGCACCATCGTCACAGACCCAGCCCAGGAGAAGATGGGAACCTCCTTCCTGTTGCTGTAGGTAGTCACTCCTCACTAATGCACCATGCACTTCATGAGTTAAA	94468044	94416366	51678	94419397	48647	94468153	51787	48756
ENSMUST00000232395	AACTGTTGCACCATCGTCACAGACCCAGCCCAGGAGAAGATGGGAACCTCCTTCCTGTTGCTGTAGGTAGTCACTCCTCACTAATGCACCATGCACTTCATGAGTTAAA	94468044	94419478	48566	94422226	45818	94468153	48675	45927
ENSMUST00000232395	AACTGTTGCACCATCGTCACAGACCCAGCCCAGGAGAAGATGGGAACCTCCTTCCTGTTGCTGTAGGTAGTCACTCCTCACTAATGCACCATGCACTTCATGAGTTAAA	94468044	94424187	43857	94426150	41894	94468153	43966	42003
ENSMUST00000232395	AACTGTTGCACCATCGTCACAGACCCAGCCCAGGAGAAGATGGGAACCTCCTTCCTGTTGCTGTAGGTAGTCACTCCTCACTAATGCACCATGCACTTCATGAGTTAAA	94468044	94425188	42856	94426765	41279	94468153	42965	41388
ENSMUST00000232395	AACTGTTGCACCATCGTCACAGACCCAGCCCAGGAGAAGATGGGAACCTCCTTCCTGTTGCTGTAGGTAGTCACTCCTCACTAATGCACCATGCACTTCATGAGTTAAA	94468044	94454523	13521	94457320	10724	94468153	13630	10833
ENSMUST00000232395	AACTGTTGCACCATCGTCACAGACCCAGCCCAGGAGAAGATGGGAACCTCCTTCCTGTTGCTGTAGGTAGTCACTCCTCACTAATGCACCATGCACTTCATGAGTTAAA	94468044	94454523	13521	94457320	10724	94468153	13630	10833
ENSMUST00000232395	AACTGTTGCACCATCGTCACAGACCCAGCCCAGGAGAAGATGGGAACCTCCTTCCTGTTGCTGTAGGTAGTCACTCCTCACTAATGCACCATGCACTTCATGAGTTAAA	94468044	94457411	10633	94459761	8283	94468153	10742	8392
ENSMUST00000232395	AACTGTTGCACCATCGTCACAGACCCAGCCCAGGAGAAGATGGGAACCTCCTTCCTGTTGCTGTAGGTAGTCACTCCTCACTAATGCACCATGCACTTCATGAGTTAAA	94468044	94462348	5696	94466902	1142	94468153	5805	1251
ENSMUST00000045393	CACGGACACATTGACTGAATATGCCTCATGGGAGGACTATGTAGCCGCACGCCACACCACCACGTACAGACTGCCCAACCGTGTAGATGGCACTGGCTTTGTGGTCTAC	83929608	83900924	28684	83918819	10789	83929717	28793	10898
ENSMUST00000045393	CACGGACACATTGACTGAATATGCCTCATGGGAGGACTATGTAGCCGCACGCCACACCACCACGTACAGACTGCCCAACCGTGTAGATGGCACTGGCTTTGTGGTCTAC	83929608	83900924	28684	83922998	6610	83929717	28793	6719
ENSMUST00000045393	CACGGACACATTGACTGAATATGCCTCATGGGAGGACTATGTAGCCGCACGCCACACCACCACGTACAGACTGCCCAACCGTGTAGATGGCACTGGCTTTGTGGTCTAC	83929608	83919033	10575	83929463	145	83929717	10684	254
ENSMUST00000045393	CACGGACACATTGACTGAATATGCCTCATGGGAGGACTATGTAGCCGCACGCCACACCACCACGTACAGACTGCCCAACCGTGTAGATGGCACTGGCTTTGTGGTCTAC	83929608	83923108	6500	83926261	3347	83929717	6609	3456
ENSMUST00000045393	CACGGACACATTGACTGAATATGCCTCATGGGAGGACTATGTAGCCGCACGCCACACCACCACGTACAGACTGCCCAACCGTGTAGATGGCACTGGCTTTGTGGTCTAC	83929608	83923108	6500	83929463	145	83929717	6609	254
ENSMUST00000045393	CACGGACACATTGACTGAATATGCCTCATGGGAGGACTATGTAGCCGCACGCCACACCACCACGTACAGACTGCCCAACCGTGTAGATGGCACTGGCTTTGTGGTCTAC	83929608	83923108	6500	83929463	145	83929717	6609	254
ENSMUST00000045393	CACGGACACATTGACTGAATATGCCTCATGGGAGGACTATGTAGCCGCACGCCACACCACCACGTACAGACTGCCCAACCGTGTAGATGGCACTGGCTTTGTGGTCTAC	83929608	83924355	5253	83929463	145	83929717	5362	254
ENSMUST00000045393	CACGGACACATTGACTGAATATGCCTCATGGGAGGACTATGTAGCCGCACGCCACACCACCACGTACAGACTGCCCAACCGTGTAGATGGCACTGGCTTTGTGGTCTAC	83929608	83931716	-2108	83932371	-2763	83929717	-1999	-2654
ENSMUST00000045393	CACGGACACATTGACTGAATATGCCTCATGGGAGGACTATGTAGCCGCACGCCACACCACCACGTACAGACTGCCCAACCGTGTAGATGGCACTGGCTTTGTGGTCTAC	83929608	83937777	-8169	83938349	-8741	83929717	-8060	-8632
ENSMUST00000238701	GCAGTCCTTCAAGGCCCTACCTTATGTCTGTCTGCTGATCGCCATGCTCTTCTTCATCTACGCCATCATCGGGATGCAGGTGTTTGGCAACATCGGCATTGACGGGGAA	84601777	84415908	185869	84514962	86815	84601989	186081	87027
ENSMUST00000238701	GCAGTCCTTCAAGGCCCTACCTTATGTCTGTCTGCTGATCGCCATGCTCTTCTTCATCTACGCCATCATCGGGATGCAGGTGTTTGGCAACATCGGCATTGACGGGGAA	84601777	84537528	64249	84548508	53269	84601989	64461	53481
ENSMUST00000238701	GCAGTCCTTCAAGGCCCTACCTTATGTCTGTCTGCTGATCGCCATGCTCTTCTTCATCTACGCCATCATCGGGATGCAGGTGTTTGGCAACATCGGCATTGACGGGGAA	84601777	84556810	44967	84565947	35830	84601989	45179	36042
ENSMUST00000238701	GCAGTCCTTCAAGGCCCTACCTTATGTCTGTCTGCTGATCGCCATGCTCTTCTTCATCTACGCCATCATCGGGATGCAGGTGTTTGGCAACATCGGCATTGACGGGGAA	84601777	84567757	34020	84579469	22308	84601989	34232	22520
ENSMUST00000238701	GCAGTCCTTCAAGGCCCTACCTTATGTCTGTCTGCTGATCGCCATGCTCTTCTTCATCTACGCCATCATCGGGATGCAGGTGTTTGGCAACATCGGCATTGACGGGGAA	84601777	84581351	20426	84587044	14733	84601989	20638	14945
ENSMUST00000238701	GCAGTCCTTCAAGGCCCTACCTTATGTCTGTCTGCTGATCGCCATGCTCTTCTTCATCTACGCCATCATCGGGATGCAGGTGTTTGGCAACATCGGCATTGACGGGGAA	84601777	84588859	12918	84601388	389	84601989	13130	601
ENSMUST00000238701	GCAGTCCTTCAAGGCCCTACCTTATGTCTGTCTGCTGATCGCCATGCTCTTCTTCATCTACGCCATCATCGGGATGCAGGTGTTTGGCAACATCGGCATTGACGGGGAA	84601777	84611748	-9971	84617791	-16014	84601989	-9759	-15802
ENSMUST00000238701	GCAGTCCTTCAAGGCCCTACCTTATGTCTGTCTGCTGATCGCCATGCTCTTCTTCATCTACGCCATCATCGGGATGCAGGTGTTTGGCAACATCGGCATTGACGGGGAA	84601777	84612412	-10635	84615573	-13796	84601989	-10423	-13584
ENSMUST00000238701	GCAGTCCTTCAAGGCCCTACCTTATGTCTGTCTGCTGATCGCCATGCTCTTCTTCATCTACGCCATCATCGGGATGCAGGTGTTTGGCAACATCGGCATTGACGGGGAA	84601777	84612412	-10635	84617791	-16014	84601989	-10423	-15802
ENSMUST00000238701	GCAGTCCTTCAAGGCCCTACCTTATGTCTGTCTGCTGATCGCCATGCTCTTCTTCATCTACGCCATCATCGGGATGCAGGTGTTTGGCAACATCGGCATTGACGGGGAA	84601777	84612412	-10635	84617791	-16014	84601989	-10423	-15802
ENSMUST00000238701	GCAGTCCTTCAAGGCCCTACCTTATGTCTGTCTGCTGATCGCCATGCTCTTCTTCATCTACGCCATCATCGGGATGCAGGTGTTTGGCAACATCGGCATTGACGGGGAA	84601777	84614791	-13014	84617791	-16014	84601989	-12802	-15802
ENSMUST00000238701	GCAGTCCTTCAAGGCCCTACCTTATGTCTGTCTGCTGATCGCCATGCTCTTCTTCATCTACGCCATCATCGGGATGCAGGTGTTTGGCAACATCGGCATTGACGGGGAA	84601777	84629710	-27933	84633206	-31429	84601989	-27721	-31217
ENSMUST00000238701	GCAGTCCTTCAAGGCCCTACCTTATGTCTGTCTGCTGATCGCCATGCTCTTCTTCATCTACGCCATCATCGGGATGCAGGTGTTTGGCAACATCGGCATTGACGGGGAA	84601777	84633763	-31986	84636511	-34734	84601989	-31774	-34522
ENSMUST00000238701	GCAGTCCTTCAAGGCCCTACCTTATGTCTGTCTGCTGATCGCCATGCTCTTCTTCATCTACGCCATCATCGGGATGCAGGTGTTTGGCAACATCGGCATTGACGGGGAA	84601777	84633763	-31986	84638611	-36834	84601989	-31774	-36622
ENSMUST00000103139	CTCTTGGCGTGCTGGAGAGCATCCTGGATGGAATTGAAGTGAATGGAACAGAAGCCAAGCAAGGTGGAGTGTGGGTCAGACCCAGAGGAGAACAGTGCCAGGTCACCAGA	98753545	98740687	12858	98753289	256	98756125	15438	2836
ENSMUST00000103139	CTCTTGGCGTGCTGGAGAGCATCCTGGATGGAATTGAAGTGAATGGAACAGAAGCCAAGCAAGGTGGAGTGTGGGTCAGACCCAGAGGAGAACAGTGCCAGGTCACCAGA	98753545	98740830	12715	98753289	256	98756125	15295	2836
ENSMUST00000103139	CTCTTGGCGTGCTGGAGAGCATCCTGGATGGAATTGAAGTGAATGGAACAGAAGCCAAGCAAGGTGGAGTGTGGGTCAGACCCAGAGGAGAACAGTGCCAGGTCACCAGA	98753545	98740830	12715	98756107	-2562	98756125	15295	18
ENSMUST00000103139	CTCTTGGCGTGCTGGAGAGCATCCTGGATGGAATTGAAGTGAATGGAACAGAAGCCAAGCAAGGTGGAGTGTGGGTCAGACCCAGAGGAGAACAGTGCCAGGTCACCAGA	98753545	98741019	12526	98753289	256	98756125	15106	2836
ENSMUST00000103139	CTCTTGGCGTGCTGGAGAGCATCCTGGATGGAATTGAAGTGAATGGAACAGAAGCCAAGCAAGGTGGAGTGTGGGTCAGACCCAGAGGAGAACAGTGCCAGGTCACCAGA	98753545	98741447	12098	98753289	256	98756125	14678	2836
ENSMUST00000103139	CTCTTGGCGTGCTGGAGAGCATCCTGGATGGAATTGAAGTGAATGGAACAGAAGCCAAGCAAGGTGGAGTGTGGGTCAGACCCAGAGGAGAACAGTGCCAGGTCACCAGA	98753545	98740830	12715	98756107	-2562	98756125	15295	18
ENSMUST00000103139	CTCTTGGCGTGCTGGAGAGCATCCTGGATGGAATTGAAGTGAATGGAACAGAAGCCAAGCAAGGTGGAGTGTGGGTCAGACCCAGAGGAGAACAGTGCCAGGTCACCAGA	98753545	98742006	11539	98756107	-2562	98756125	14119	18
ENSMUST00000103139	CTCTTGGCGTGCTGGAGAGCATCCTGGATGGAATTGAAGTGAATGGAACAGAAGCCAAGCAAGGTGGAGTGTGGGTCAGACCCAGAGGAGAACAGTGCCAGGTCACCAGA	98753545	98742006	11539	98760875	-7330	98756125	14119	-4750
ENSMUST00000103139	CTCTTGGCGTGCTGGAGAGCATCCTGGATGGAATTGAAGTGAATGGAACAGAAGCCAAGCAAGGTGGAGTGTGGGTCAGACCCAGAGGAGAACAGTGCCAGGTCACCAGA	98753545	98742006	11539	98760875	-7330	98756125	14119	-4750
ENSMUST00000103139	CTCTTGGCGTGCTGGAGAGCATCCTGGATGGAATTGAAGTGAATGGAACAGAAGCCAAGCAAGGTGGAGTGTGGGTCAGACCCAGAGGAGAACAGTGCCAGGTCACCAGA	98753545	98753638	-93	98756922	-3377	98756125	2487	-797
ENSMUST00000103139	CTCTTGGCGTGCTGGAGAGCATCCTGGATGGAATTGAAGTGAATGGAACAGAAGCCAAGCAAGGTGGAGTGTGGGTCAGACCCAGAGGAGAACAGTGCCAGGTCACCAGA	98753545	98753638	-93	98760875	-7330	98756125	2487	-4750
ENSMUST00000103139	CTCTTGGCGTGCTGGAGAGCATCCTGGATGGAATTGAAGTGAATGGAACAGAAGCCAAGCAAGGTGGAGTGTGGGTCAGACCCAGAGGAGAACAGTGCCAGGTCACCAGA	98753545	98753638	-93	98760875	-7330	98756125	2487	-4750
ENSMUST00000103139	CTCTTGGCGTGCTGGAGAGCATCCTGGATGGAATTGAAGTGAATGGAACAGAAGCCAAGCAAGGTGGAGTGTGGGTCAGACCCAGAGGAGAACAGTGCCAGGTCACCAGA	98753545	98753638	-93	98761720	-8175	98756125	2487	-5595
ENSMUST00000103139	CTCTTGGCGTGCTGGAGAGCATCCTGGATGGAATTGAAGTGAATGGAACAGAAGCCAAGCAAGGTGGAGTGTGGGTCAGACCCAGAGGAGAACAGTGCCAGGTCACCAGA	98753545	98756175	-2630	98760875	-7330	98756125	-50	-4750
ENSMUST00000103139	CTCTTGGCGTGCTGGAGAGCATCCTGGATGGAATTGAAGTGAATGGAACAGAAGCCAAGCAAGGTGGAGTGTGGGTCAGACCCAGAGGAGAACAGTGCCAGGTCACCAGA	98753545	98753638	-93	98761720	-8175	98756125	2487	-5595
ENSMUST00000103139	CTCTTGGCGTGCTGGAGAGCATCCTGGATGGAATTGAAGTGAATGGAACAGAAGCCAAGCAAGGTGGAGTGTGGGTCAGACCCAGAGGAGAACAGTGCCAGGTCACCAGA	98753545	98757023	-3478	98761720	-8175	98756125	-898	-5595
ENSMUST00000103139	CTCTTGGCGTGCTGGAGAGCATCCTGGATGGAATTGAAGTGAATGGAACAGAAGCCAAGCAAGGTGGAGTGTGGGTCAGACCCAGAGGAGAACAGTGCCAGGTCACCAGA	98753545	98761926	-8381	98763528	-9983	98756125	-5801	-7403
ENSMUST00000109412	GTATTACTGTGAATATTGCTGGGCTGCTATTCACTCTCGTGCTGGCAGAGAATTCCACAAGCCCCTGGTGAAGGAAGGTGGTGACCGCCCTCGGCATATTTCATTCCGCT	31931423	31873412	58011	31908824	22599	31931533	58121	22709
ENSMUST00000109412	GTATTACTGTGAATATTGCTGGGCTGCTATTCACTCTCGTGCTGGCAGAGAATTCCACAAGCCCCTGGTGAAGGAAGGTGGTGACCGCCCTCGGCATATTTCATTCCGCT	31931423	31889939	41484	31918800	12623	31931533	41594	12733
ENSMUST00000109412	GTATTACTGTGAATATTGCTGGGCTGCTATTCACTCTCGTGCTGGCAGAGAATTCCACAAGCCCCTGGTGAAGGAAGGTGGTGACCGCCCTCGGCATATTTCATTCCGCT	31931423	31889939	41484	31920408	11015	31931533	41594	11125
ENSMUST00000109412	GTATTACTGTGAATATTGCTGGGCTGCTATTCACTCTCGTGCTGGCAGAGAATTCCACAAGCCCCTGGTGAAGGAAGGTGGTGACCGCCCTCGGCATATTTCATTCCGCT	31931423	31889939	41484	31920408	11015	31931533	41594	11125
ENSMUST00000109412	GTATTACTGTGAATATTGCTGGGCTGCTATTCACTCTCGTGCTGGCAGAGAATTCCACAAGCCCCTGGTGAAGGAAGGTGGTGACCGCCCTCGGCATATTTCATTCCGCT	31931423	31908875	22548	31920408	11015	31931533	22658	11125
ENSMUST00000043983	TATTGTCCTCGGATAGGACCAGGCACAGCCCTTTGCCATTCTTGTTGTCCCCCTGCTTTCAGCAGACAACTCAGAACAGGAGCTGTCACTTTCCTTTGTTAGAGTGTGTG	101461345	101431593	29752	101435330	26015	101461455	29862	26125
ENSMUST00000025541	GTGGCATCCACGGCGATATTTAAAGAACACCTGGAACTTGGGGGCTTGGGGGCTTTGTTTTGTTTTGTTTTTGTTTAGATTACATTAGCAGGCCTAATCATTTTAAAGGGT	16387004	16133461	253543	16378156	8848	16387115	253654	8959
ENSMUST00000025541	GTGGCATCCACGGCGATATTTAAAGAACACCTGGAACTTGGGGGCTTGGGGGCTTTGTTTTGTTTTGTTTTTGTTTAGATTACATTAGCAGGCCTAATCATTTTAAAGGGT	16387004	16219772	167232	16378156	8848	16387115	167343	8959
ENSMUST00000025541	GTGGCATCCACGGCGATATTTAAAGAACACCTGGAACTTGGGGGCTTGGGGGCTTTGTTTTGTTTTGTTTTTGTTTAGATTACATTAGCAGGCCTAATCATTTTAAAGGGT	16387004	16316171	70833	16383203	3801	16387115	70944	3912
ENSMUST00000025541	GTGGCATCCACGGCGATATTTAAAGAACACCTGGAACTTGGGGGCTTGGGGGCTTTGTTTTGTTTTGTTTTTGTTTAGATTACATTAGCAGGCCTAATCATTTTAAAGGGT	16387004	16335110	51894	16383203	3801	16387115	52005	3912
ENSMUST00000102879	GAAGGTGCAAAACATGTCTCAATCCATAGAAGTCTTGGACAGGCGAACTCAGAGAGACCTGCAGTACGTGGAGAAGATGGAGAACCAGATGAAAGGCCTGGAGACCAAGTT	28208225	28193462	14763	28212531	-4306	28212641	19179	110
ENSMUST00000102879	GAAGGTGCAAAACATGTCTCAATCCATAGAAGTCTTGGACAGGCGAACTCAGAGAGACCTGCAGTACGTGGAGAAGATGGAGAACCAGATGAAAGGCCTGGAGACCAAGTT	28208225	28193462	14763	28214608	-6383	28212641	19179	-1967
ENSMUST00000102879	GAAGGTGCAAAACATGTCTCAATCCATAGAAGTCTTGGACAGGCGAACTCAGAGAGACCTGCAGTACGTGGAGAAGATGGAGAACCAGATGAAAGGCCTGGAGACCAAGTT	28208225	28193462	14763	28214608	-6383	28212641	19179	-1967
ENSMUST00000102879	GAAGGTGCAAAACATGTCTCAATCCATAGAAGTCTTGGACAGGCGAACTCAGAGAGACCTGCAGTACGTGGAGAAGATGGAGAACCAGATGAAAGGCCTGGAGACCAAGTT	28208225	28193462	14763	28222550	-14325	28212641	19179	-9909
ENSMUST00000102879	GAAGGTGCAAAACATGTCTCAATCCATAGAAGTCTTGGACAGGCGAACTCAGAGAGACCTGCAGTACGTGGAGAAGATGGAGAACCAGATGAAAGGCCTGGAGACCAAGTT	28208225	28208227	-2	28214608	-6383	28212641	4414	-1967
ENSMUST00000102879	GAAGGTGCAAAACATGTCTCAATCCATAGAAGTCTTGGACAGGCGAACTCAGAGAGACCTGCAGTACGTGGAGAAGATGGAGAACCAGATGAAAGGCCTGGAGACCAAGTT	28208225	28193462	14763	28222550	-14325	28212641	19179	-9909
ENSMUST00000102879	GAAGGTGCAAAACATGTCTCAATCCATAGAAGTCTTGGACAGGCGAACTCAGAGAGACCTGCAGTACGTGGAGAAGATGGAGAACCAGATGAAAGGCCTGGAGACCAAGTT	28208225	28212687	-4462	28222550	-14325	28212641	-46	-9909
ENSMUST00000102879	GAAGGTGCAAAACATGTCTCAATCCATAGAAGTCTTGGACAGGCGAACTCAGAGAGACCTGCAGTACGTGGAGAAGATGGAGAACCAGATGAAAGGCCTGGAGACCAAGTT	28208225	28214828	-6603	28229053	-20828	28212641	-2187	-16412
ENSMUST00000107976	ATTAAAGCATGCTAAATTCAGGGGCTCTTGCTCGCTCTCCCGATGAGTCATCTTTCTCTCTCTCTGTGGCTGTGGGCTGCTGAACCGCACAGAGATAATTCATCTCTGGGC	42941597	42916829	24768	42933615	7982	42941708	24879	8093
ENSMUST00000107976	ATTAAAGCATGCTAAATTCAGGGGCTCTTGCTCGCTCTCCCGATGAGTCATCTTTCTCTCTCTCTGTGGCTGTGGGCTGCTGAACCGCACAGAGATAATTCATCTCTGGGC	42941597	42916829	24768	42933778	7819	42941708	24879	7930
ENSMUST00000107976	ATTAAAGCATGCTAAATTCAGGGGCTCTTGCTCGCTCTCCCGATGAGTCATCTTTCTCTCTCTCTGTGGCTGTGGGCTGCTGAACCGCACAGAGATAATTCATCTCTGGGC	42941597	42916829	24768	42937840	3757	42941708	24879	3868
ENSMUST00000107976	ATTAAAGCATGCTAAATTCAGGGGCTCTTGCTCGCTCTCCCGATGAGTCATCTTTCTCTCTCTCTGTGGCTGTGGGCTGCTGAACCGCACAGAGATAATTCATCTCTGGGC	42941597	42917414	24183	42933615	7982	42941708	24294	8093
ENSMUST00000107976	ATTAAAGCATGCTAAATTCAGGGGCTCTTGCTCGCTCTCCCGATGAGTCATCTTTCTCTCTCTCTGTGGCTGTGGGCTGCTGAACCGCACAGAGATAATTCATCTCTGGGC	42941597	42917414	24183	42933778	7819	42941708	24294	7930
ENSMUST00000107976	ATTAAAGCATGCTAAATTCAGGGGCTCTTGCTCGCTCTCCCGATGAGTCATCTTTCTCTCTCTCTGTGGCTGTGGGCTGCTGAACCGCACAGAGATAATTCATCTCTGGGC	42941597	42917414	24183	42937840	3757	42941708	24294	3868
ENSMUST00000107976	ATTAAAGCATGCTAAATTCAGGGGCTCTTGCTCGCTCTCCCGATGAGTCATCTTTCTCTCTCTCTGTGGCTGTGGGCTGCTGAACCGCACAGAGATAATTCATCTCTGGGC	42941597	42917414	24183	42933778	7819	42941708	24294	7930
ENSMUST00000107976	ATTAAAGCATGCTAAATTCAGGGGCTCTTGCTCGCTCTCCCGATGAGTCATCTTTCTCTCTCTCTGTGGCTGTGGGCTGCTGAACCGCACAGAGATAATTCATCTCTGGGC	42941597	42922693	18904	42933778	7819	42941708	19015	7930
ENSMUST00000180095	CCCACCCATCCTGTATCCACTAACTTGAGTTCTCATGTTGCTGCTCCATCTCCAAGCCGCCTCATCTTCCCGAGCCCCTGCCACGCATCGAAGGGTTTTGGGGAAAGCTCT	124935803	124931586	4217	124932410	3393	124935914	4328	3504
ENSMUST00000180095	CCCACCCATCCTGTATCCACTAACTTGAGTTCTCATGTTGCTGCTCCATCTCCAAGCCGCCTCATCTTCCCGAGCCCCTGCCACGCATCGAAGGGTTTTGGGGAAAGCTCT	124935803	124934419	1384	124935232	571	124935914	1495	682
ENSMUST00000059667	GTATCCCAGTTCACTATGGGAGCCCCAGTGTAGCCCTGTCCCCTCCGGACATGCTGCTTCTAATTGTGTTCACAGCAACCATCTTCACTGATCAACCCTGTGCCACGTGGT	123194553	123183624	10929	123188714	5839	123194664	11040	5950
ENSMUST00000059667	GTATCCCAGTTCACTATGGGAGCCCCAGTGTAGCCCTGTCCCCTCCGGACATGCTGCTTCTAATTGTGTTCACAGCAACCATCTTCACTGATCAACCCTGTGCCACGTGGT	123194553	123183856	10697	123188714	5839	123194664	10808	5950
ENSMUST00000059667	GTATCCCAGTTCACTATGGGAGCCCCAGTGTAGCCCTGTCCCCTCCGGACATGCTGCTTCTAATTGTGTTCACAGCAACCATCTTCACTGATCAACCCTGTGCCACGTGGT	123194553	123183624	10929	123188714	5839	123194664	11040	5950
ENSMUST00000059667	GTATCCCAGTTCACTATGGGAGCCCCAGTGTAGCCCTGTCCCCTCCGGACATGCTGCTTCTAATTGTGTTCACAGCAACCATCTTCACTGATCAACCCTGTGCCACGTGGT	123194553	123183856	10697	123188714	5839	123194664	10808	5950
ENSMUST00000239120	ATTTATAAAGCAGAGGAAAACTTTGAGTTCCTGATCGTGTCCAGCACTGGTCAGACGTGGCACTTTGAGGCAGCCAGCTTTGAGGAGCGGGATGCTTGGGTTCAGGCCATT	127090428	127085660	4768	127087233	3195	127090539	4879	3306
ENSMUST00000239120	ATTTATAAAGCAGAGGAAAACTTTGAGTTCCTGATCGTGTCCAGCACTGGTCAGACGTGGCACTTTGAGGCAGCCAGCTTTGAGGAGCGGGATGCTTGGGTTCAGGCCATT	127090428	127088047	2381	127089229	1199	127090539	2492	1310
ENSMUST00000239120	ATTTATAAAGCAGAGGAAAACTTTGAGTTCCTGATCGTGTCCAGCACTGGTCAGACGTGGCACTTTGAGGCAGCCAGCTTTGAGGAGCGGGATGCTTGGGTTCAGGCCATT	127090428	127089358	1070	127090426	2	127090539	1181	113
ENSMUST00000239120	ATTTATAAAGCAGAGGAAAACTTTGAGTTCCTGATCGTGTCCAGCACTGGTCAGACGTGGCACTTTGAGGCAGCCAGCTTTGAGGAGCGGGATGCTTGGGTTCAGGCCATT	127090428	127085660	4768	127087233	3195	127090539	4879	3306
ENSMUST00000239120	ATTTATAAAGCAGAGGAAAACTTTGAGTTCCTGATCGTGTCCAGCACTGGTCAGACGTGGCACTTTGAGGCAGCCAGCTTTGAGGAGCGGGATGCTTGGGTTCAGGCCATT	127090428	127088047	2381	127089229	1199	127090539	2492	1310
ENSMUST00000239120	ATTTATAAAGCAGAGGAAAACTTTGAGTTCCTGATCGTGTCCAGCACTGGTCAGACGTGGCACTTTGAGGCAGCCAGCTTTGAGGAGCGGGATGCTTGGGTTCAGGCCATT	127090428	127089358	1070	127090426	2	127090539	1181	113
ENSMUST00000080036	CAAGAGGAACAGCACCCTGCCTTCATTTCTCACAGCTGTGCTGAAGAACATTGTTATCAGTCTGGCCCGACTCCCCCTAGTTAACAGCTATACTCGTGTGCCTCCTCTGGTA	34889460	34762109	127351	34790266	99194	34891406	129297	101140
ENSMUST00000080036	CAAGAGGAACAGCACCCTGCCTTCATTTCTCACAGCTGTGCTGAAGAACATTGTTATCAGTCTGGCCCGACTCCCCCTAGTTAACAGCTATACTCGTGTGCCTCCTCTGGTA	34889460	34782825	106635	34794104	95356	34891406	108581	97302
ENSMUST00000080036	CAAGAGGAACAGCACCCTGCCTTCATTTCTCACAGCTGTGCTGAAGAACATTGTTATCAGTCTGGCCCGACTCCCCCTAGTTAACAGCTATACTCGTGTGCCTCCTCTGGTA	34889460	34834388	55072	34845989	43471	34891406	57018	45417
ENSMUST00000080036	CAAGAGGAACAGCACCCTGCCTTCATTTCTCACAGCTGTGCTGAAGAACATTGTTATCAGTCTGGCCCGACTCCCCCTAGTTAACAGCTATACTCGTGTGCCTCCTCTGGTA	34889460	34847677	41783	34848936	40524	34891406	43729	42470
ENSMUST00000080036	CAAGAGGAACAGCACCCTGCCTTCATTTCTCACAGCTGTGCTGAAGAACATTGTTATCAGTCTGGCCCGACTCCCCCTAGTTAACAGCTATACTCGTGTGCCTCCTCTGGTA	34889460	34854791	34669	34864645	24815	34891406	36615	26761
ENSMUST00000080036	CAAGAGGAACAGCACCCTGCCTTCATTTCTCACAGCTGTGCTGAAGAACATTGTTATCAGTCTGGCCCGACTCCCCCTAGTTAACAGCTATACTCGTGTGCCTCCTCTGGTA	34889460	34889517	-57	34894344	-4884	34891406	1889	-2938
ENSMUST00000080036	CAAGAGGAACAGCACCCTGCCTTCATTTCTCACAGCTGTGCTGAAGAACATTGTTATCAGTCTGGCCCGACTCCCCCTAGTTAACAGCTATACTCGTGTGCCTCCTCTGGTA	34889460	34903399	-13939	34905530	-16070	34891406	-11993	-14124
ENSMUST00000106113	AATGGGATTTATACACACATCACTAAAAACTATCCATACTACAGGACTGCGGACAAGGGCTGGCAGAATTCAATTCGCCACAATCTCTCTCTGAACCGTTATTTCATCAAAG	121290828	121288078	2750	121296028	-5200	121296079	8001	51
ENSMUST00000106113	AATGGGATTTATACACACATCACTAAAAACTATCCATACTACAGGACTGCGGACAAGGGCTGGCAGAATTCAATTCGCCACAATCTCTCTCTGAACCGTTATTTCATCAAAG	121290828	121290890	-62	121296913	-6085	121296079	5189	-834
ENSMUST00000106113	AATGGGATTTATACACACATCACTAAAAACTATCCATACTACAGGACTGCGGACAAGGGCTGGCAGAATTCAATTCGCCACAATCTCTCTCTGAACCGTTATTTCATCAAAG	121290828	121290890	-62	121298558	-7730	121296079	5189	-2479
ENSMUST00000106113	AATGGGATTTATACACACATCACTAAAAACTATCCATACTACAGGACTGCGGACAAGGGCTGGCAGAATTCAATTCGCCACAATCTCTCTCTGAACCGTTATTTCATCAAAG	121290828	121290890	-62	121296913	-6085	121296079	5189	-834
ENSMUST00000106113	AATGGGATTTATACACACATCACTAAAAACTATCCATACTACAGGACTGCGGACAAGGGCTGGCAGAATTCAATTCGCCACAATCTCTCTCTGAACCGTTATTTCATCAAAG	121290828	121290890	-62	121298558	-7730	121296079	5189	-2479
ENSMUST00000106113	AATGGGATTTATACACACATCACTAAAAACTATCCATACTACAGGACTGCGGACAAGGGCTGGCAGAATTCAATTCGCCACAATCTCTCTCTGAACCGTTATTTCATCAAAG	121290828	121296222	-5394	121298558	-7730	121296079	-143	-2479
ENSMUST00000106113	AATGGGATTTATACACACATCACTAAAAACTATCCATACTACAGGACTGCGGACAAGGGCTGGCAGAATTCAATTCGCCACAATCTCTCTCTGAACCGTTATTTCATCAAAG	121290828	121290890	-62	121306767	-15939	121296079	5189	-10688
ENSMUST00000106113	AATGGGATTTATACACACATCACTAAAAACTATCCATACTACAGGACTGCGGACAAGGGCTGGCAGAATTCAATTCGCCACAATCTCTCTCTGAACCGTTATTTCATCAAAG	121290828	121298855	-8027	121306767	-15939	121296079	-2776	-10688
ENSMUST00000220049	TGGAGCAAAATGTGGAGCGGCGGTACTTGCGGGAGCCCCTCTGGGCAGCCCATGAGGTGGTAGTGGAGAAGGCCCTACTGAGCACACCCAATGGTGCCCCTGATGGCACCTC	128125086	128119020	6066	128119623	5463	128125285	6265	5662
ENSMUST00000101018	CTTAGTTCCTCTGTCACTTTAGCCTTCAACCCGGCATTGGTACTGTACATGCCTGGCTTCTGAAGGTATCTCTGTACATTGTTCTCAGGCGGTCTTGTGGATGTCTTTCAGGA	112746424	112733530	12894	112735351	11073	112746537	13007	11186
ENSMUST00000113144	TATCCAGACCTGAACATGATTGAGACATACGTGTGTCAGATTTGCGAGGACACCTTTGACTATGACTTGGATTCCCCTGATCAGTTGTCCGGATTGACAATGATTACACACCTC	135802598	135742978	59620	135744498	58100	135802712	59734	58214
ENSMUST00000113144	TATCCAGACCTGAACATGATTGAGACATACGTGTGTCAGATTTGCGAGGACACCTTTGACTATGACTTGGATTCCCCTGATCAGTTGTCCGGATTGACAATGATTACACACCTC	135802598	135742978	59620	135744498	58100	135802712	59734	58214
ENSMUST00000113144	TATCCAGACCTGAACATGATTGAGACATACGTGTGTCAGATTTGCGAGGACACCTTTGACTATGACTTGGATTCCCCTGATCAGTTGTCCGGATTGACAATGATTACACACCTC	135802598	135752017	50581	135796948	5650	135802712	50695	5764
ENSMUST00000113144	TATCCAGACCTGAACATGATTGAGACATACGTGTGTCAGATTTGCGAGGACACCTTTGACTATGACTTGGATTCCCCTGATCAGTTGTCCGGATTGACAATGATTACACACCTC	135802598	135752017	50581	135797552	5046	135802712	50695	5160
ENSMUST00000113144	TATCCAGACCTGAACATGATTGAGACATACGTGTGTCAGATTTGCGAGGACACCTTTGACTATGACTTGGATTCCCCTGATCAGTTGTCCGGATTGACAATGATTACACACCTC	135802598	135752017	50581	135797787	4811	135802712	50695	4925
ENSMUST00000113144	TATCCAGACCTGAACATGATTGAGACATACGTGTGTCAGATTTGCGAGGACACCTTTGACTATGACTTGGATTCCCCTGATCAGTTGTCCGGATTGACAATGATTACACACCTC	135802598	135752017	50581	135797552	5046	135802712	50695	5160
ENSMUST00000113144	TATCCAGACCTGAACATGATTGAGACATACGTGTGTCAGATTTGCGAGGACACCTTTGACTATGACTTGGATTCCCCTGATCAGTTGTCCGGATTGACAATGATTACACACCTC	135802598	135752017	50581	135797787	4811	135802712	50695	4925
ENSMUST00000113144	TATCCAGACCTGAACATGATTGAGACATACGTGTGTCAGATTTGCGAGGACACCTTTGACTATGACTTGGATTCCCCTGATCAGTTGTCCGGATTGACAATGATTACACACCTC	135802598	135796336	6262	135797552	5046	135802712	6376	5160
ENSMUST00000113144	TATCCAGACCTGAACATGATTGAGACATACGTGTGTCAGATTTGCGAGGACACCTTTGACTATGACTTGGATTCCCCTGATCAGTTGTCCGGATTGACAATGATTACACACCTC	135802598	135796336	6262	135797787	4811	135802712	6376	4925
ENSMUST00000113144	TATCCAGACCTGAACATGATTGAGACATACGTGTGTCAGATTTGCGAGGACACCTTTGACTATGACTTGGATTCCCCTGATCAGTTGTCCGGATTGACAATGATTACACACCTC	135802598	135752017	50581	135797787	4811	135802712	50695	4925
ENSMUST00000113144	TATCCAGACCTGAACATGATTGAGACATACGTGTGTCAGATTTGCGAGGACACCTTTGACTATGACTTGGATTCCCCTGATCAGTTGTCCGGATTGACAATGATTACACACCTC	135802598	135796336	6262	135797787	4811	135802712	6376	4925
ENSMUST00000113144	TATCCAGACCTGAACATGATTGAGACATACGTGTGTCAGATTTGCGAGGACACCTTTGACTATGACTTGGATTCCCCTGATCAGTTGTCCGGATTGACAATGATTACACACCTC	135802598	135797037	5561	135797787	4811	135802712	5675	4925
ENSMUST00000113144	TATCCAGACCTGAACATGATTGAGACATACGTGTGTCAGATTTGCGAGGACACCTTTGACTATGACTTGGATTCCCCTGATCAGTTGTCCGGATTGACAATGATTACACACCTC	135802598	135752017	50581	135798390	4208	135802712	50695	4322
ENSMUST00000113144	TATCCAGACCTGAACATGATTGAGACATACGTGTGTCAGATTTGCGAGGACACCTTTGACTATGACTTGGATTCCCCTGATCAGTTGTCCGGATTGACAATGATTACACACCTC	135802598	135797629	4969	135798022	4576	135802712	5083	4690
ENSMUST00000113144	TATCCAGACCTGAACATGATTGAGACATACGTGTGTCAGATTTGCGAGGACACCTTTGACTATGACTTGGATTCCCCTGATCAGTTGTCCGGATTGACAATGATTACACACCTC	135802598	135797864	4734	135798390	4208	135802712	4848	4322
ENSMUST00000169504	CTTCCAAGTCAGAGAGCAAGAACGAAGGTGTCTATAGAGAATTGGTTGATGAGAAAGCCCTGAAACACATAACAGAAATGGGCTTCAGTAAGGAGGCCTCAAGGCAAGCGCTGA	87485663	87457118	28545	87472075	13588	87486270	29152	14195
ENSMUST00000238701	ATCCTGAACCTGCGCTACTTCGAGATGTGCATCCTCATGGTCATTGCCATGAGCAGCATCGCTCTGGCCGCCGAGGACCCGGTGCAGCCCAACGCACCCCGCAACAATGTGCTGC	84569948	84415908	154040	84514962	54986	84571228	155320	56266
ENSMUST00000238701	ATCCTGAACCTGCGCTACTTCGAGATGTGCATCCTCATGGTCATTGCCATGAGCAGCATCGCTCTGGCCGCCGAGGACCCGGTGCAGCCCAACGCACCCCGCAACAATGTGCTGC	84569948	84537528	32420	84548508	21440	84571228	33700	22720
ENSMUST00000238701	ATCCTGAACCTGCGCTACTTCGAGATGTGCATCCTCATGGTCATTGCCATGAGCAGCATCGCTCTGGCCGCCGAGGACCCGGTGCAGCCCAACGCACCCCGCAACAATGTGCTGC	84569948	84556810	13138	84565947	4001	84571228	14418	5281
ENSMUST00000238701	ATCCTGAACCTGCGCTACTTCGAGATGTGCATCCTCATGGTCATTGCCATGAGCAGCATCGCTCTGGCCGCCGAGGACCCGGTGCAGCCCAACGCACCCCGCAACAATGTGCTGC	84569948	84567757	2191	84579469	-9521	84571228	3471	-8241
ENSMUST00000238701	ATCCTGAACCTGCGCTACTTCGAGATGTGCATCCTCATGGTCATTGCCATGAGCAGCATCGCTCTGGCCGCCGAGGACCCGGTGCAGCCCAACGCACCCCGCAACAATGTGCTGC	84569948	84581351	-11403	84587044	-17096	84571228	-10123	-15816
ENSMUST00000238701	ATCCTGAACCTGCGCTACTTCGAGATGTGCATCCTCATGGTCATTGCCATGAGCAGCATCGCTCTGGCCGCCGAGGACCCGGTGCAGCCCAACGCACCCCGCAACAATGTGCTGC	84569948	84588859	-18911	84601388	-31440	84571228	-17631	-30160
ENSMUST00000238701	ATCCTGAACCTGCGCTACTTCGAGATGTGCATCCTCATGGTCATTGCCATGAGCAGCATCGCTCTGGCCGCCGAGGACCCGGTGCAGCCCAACGCACCCCGCAACAATGTGCTGC	84569948	84611748	-41800	84617791	-47843	84571228	-40520	-46563
ENSMUST00000238701	ATCCTGAACCTGCGCTACTTCGAGATGTGCATCCTCATGGTCATTGCCATGAGCAGCATCGCTCTGGCCGCCGAGGACCCGGTGCAGCCCAACGCACCCCGCAACAATGTGCTGC	84569948	84612412	-42464	84615573	-45625	84571228	-41184	-44345
ENSMUST00000238701	ATCCTGAACCTGCGCTACTTCGAGATGTGCATCCTCATGGTCATTGCCATGAGCAGCATCGCTCTGGCCGCCGAGGACCCGGTGCAGCCCAACGCACCCCGCAACAATGTGCTGC	84569948	84612412	-42464	84617791	-47843	84571228	-41184	-46563
ENSMUST00000238701	ATCCTGAACCTGCGCTACTTCGAGATGTGCATCCTCATGGTCATTGCCATGAGCAGCATCGCTCTGGCCGCCGAGGACCCGGTGCAGCCCAACGCACCCCGCAACAATGTGCTGC	84569948	84612412	-42464	84617791	-47843	84571228	-41184	-46563
ENSMUST00000238701	ATCCTGAACCTGCGCTACTTCGAGATGTGCATCCTCATGGTCATTGCCATGAGCAGCATCGCTCTGGCCGCCGAGGACCCGGTGCAGCCCAACGCACCCCGCAACAATGTGCTGC	84569948	84614791	-44843	84617791	-47843	84571228	-43563	-46563
ENSMUST00000238701	ATCCTGAACCTGCGCTACTTCGAGATGTGCATCCTCATGGTCATTGCCATGAGCAGCATCGCTCTGGCCGCCGAGGACCCGGTGCAGCCCAACGCACCCCGCAACAATGTGCTGC	84569948	84629710	-59762	84633206	-63258	84571228	-58482	-61978
ENSMUST00000238701	ATCCTGAACCTGCGCTACTTCGAGATGTGCATCCTCATGGTCATTGCCATGAGCAGCATCGCTCTGGCCGCCGAGGACCCGGTGCAGCCCAACGCACCCCGCAACAATGTGCTGC	84569948	84633763	-63815	84636511	-66563	84571228	-62535	-65283
ENSMUST00000238701	ATCCTGAACCTGCGCTACTTCGAGATGTGCATCCTCATGGTCATTGCCATGAGCAGCATCGCTCTGGCCGCCGAGGACCCGGTGCAGCCCAACGCACCCCGCAACAATGTGCTGC	84569948	84633763	-63815	84638611	-68663	84571228	-62535	-67383
ENSMUST00000238701	GTCCTCCGGGTGCTACGACCTCTAAAGACCATCAAGCGGCTGCCAAAGCTGAAGGCCGTGTTTGACTGCGTGGTGAACTCGCTCAAGAACGTCTTCAACATCCTCATTGTGTACA	84579542	84415908	163634	84514962	64580	84580151	164243	65189
ENSMUST00000238701	GTCCTCCGGGTGCTACGACCTCTAAAGACCATCAAGCGGCTGCCAAAGCTGAAGGCCGTGTTTGACTGCGTGGTGAACTCGCTCAAGAACGTCTTCAACATCCTCATTGTGTACA	84579542	84537528	42014	84548508	31034	84580151	42623	31643
ENSMUST00000238701	GTCCTCCGGGTGCTACGACCTCTAAAGACCATCAAGCGGCTGCCAAAGCTGAAGGCCGTGTTTGACTGCGTGGTGAACTCGCTCAAGAACGTCTTCAACATCCTCATTGTGTACA	84579542	84556810	22732	84565947	13595	84580151	23341	14204
ENSMUST00000238701	GTCCTCCGGGTGCTACGACCTCTAAAGACCATCAAGCGGCTGCCAAAGCTGAAGGCCGTGTTTGACTGCGTGGTGAACTCGCTCAAGAACGTCTTCAACATCCTCATTGTGTACA	84579542	84567757	11785	84579469	73	84580151	12394	682
ENSMUST00000238701	GTCCTCCGGGTGCTACGACCTCTAAAGACCATCAAGCGGCTGCCAAAGCTGAAGGCCGTGTTTGACTGCGTGGTGAACTCGCTCAAGAACGTCTTCAACATCCTCATTGTGTACA	84579542	84581351	-1809	84587044	-7502	84580151	-1200	-6893
ENSMUST00000238701	GTCCTCCGGGTGCTACGACCTCTAAAGACCATCAAGCGGCTGCCAAAGCTGAAGGCCGTGTTTGACTGCGTGGTGAACTCGCTCAAGAACGTCTTCAACATCCTCATTGTGTACA	84579542	84588859	-9317	84601388	-21846	84580151	-8708	-21237
ENSMUST00000238701	GTCCTCCGGGTGCTACGACCTCTAAAGACCATCAAGCGGCTGCCAAAGCTGAAGGCCGTGTTTGACTGCGTGGTGAACTCGCTCAAGAACGTCTTCAACATCCTCATTGTGTACA	84579542	84611748	-32206	84617791	-38249	84580151	-31597	-37640
ENSMUST00000238701	GTCCTCCGGGTGCTACGACCTCTAAAGACCATCAAGCGGCTGCCAAAGCTGAAGGCCGTGTTTGACTGCGTGGTGAACTCGCTCAAGAACGTCTTCAACATCCTCATTGTGTACA	84579542	84612412	-32870	84615573	-36031	84580151	-32261	-35422
ENSMUST00000238701	GTCCTCCGGGTGCTACGACCTCTAAAGACCATCAAGCGGCTGCCAAAGCTGAAGGCCGTGTTTGACTGCGTGGTGAACTCGCTCAAGAACGTCTTCAACATCCTCATTGTGTACA	84579542	84612412	-32870	84617791	-38249	84580151	-32261	-37640
ENSMUST00000238701	GTCCTCCGGGTGCTACGACCTCTAAAGACCATCAAGCGGCTGCCAAAGCTGAAGGCCGTGTTTGACTGCGTGGTGAACTCGCTCAAGAACGTCTTCAACATCCTCATTGTGTACA	84579542	84612412	-32870	84617791	-38249	84580151	-32261	-37640
ENSMUST00000238701	GTCCTCCGGGTGCTACGACCTCTAAAGACCATCAAGCGGCTGCCAAAGCTGAAGGCCGTGTTTGACTGCGTGGTGAACTCGCTCAAGAACGTCTTCAACATCCTCATTGTGTACA	84579542	84614791	-35249	84617791	-38249	84580151	-34640	-37640
ENSMUST00000238701	GTCCTCCGGGTGCTACGACCTCTAAAGACCATCAAGCGGCTGCCAAAGCTGAAGGCCGTGTTTGACTGCGTGGTGAACTCGCTCAAGAACGTCTTCAACATCCTCATTGTGTACA	84579542	84629710	-50168	84633206	-53664	84580151	-49559	-53055
ENSMUST00000238701	GTCCTCCGGGTGCTACGACCTCTAAAGACCATCAAGCGGCTGCCAAAGCTGAAGGCCGTGTTTGACTGCGTGGTGAACTCGCTCAAGAACGTCTTCAACATCCTCATTGTGTACA	84579542	84633763	-54221	84636511	-56969	84580151	-53612	-56360
ENSMUST00000238701	GTCCTCCGGGTGCTACGACCTCTAAAGACCATCAAGCGGCTGCCAAAGCTGAAGGCCGTGTTTGACTGCGTGGTGAACTCGCTCAAGAACGTCTTCAACATCCTCATTGTGTACA	84579542	84633763	-54221	84638611	-59069	84580151	-53612	-58460
ENSMUST00000221721	GCCCTGCCGGCGCTCCTCCACCAGCCAGATATCTCTTCGGAACTTGCCATCATCCATCCAGTCCCGCCTCTCCATGGTGAACCAGATGGAAGCTGCCAGCCAGGGGGGCATGGGCT	81995057	81860524	134533	81906448	88609	81995173	134649	88725
ENSMUST00000221721	GCCCTGCCGGCGCTCCTCCACCAGCCAGATATCTCTTCGGAACTTGCCATCATCCATCCAGTCCCGCCTCTCCATGGTGAACCAGATGGAAGCTGCCAGCCAGGGGGGCATGGGCT	81995057	81860524	134533	81912664	82393	81995173	134649	82509
ENSMUST00000221721	GCCCTGCCGGCGCTCCTCCACCAGCCAGATATCTCTTCGGAACTTGCCATCATCCATCCAGTCCCGCCTCTCCATGGTGAACCAGATGGAAGCTGCCAGCCAGGGGGGCATGGGCT	81995057	81860524	134533	81912664	82393	81995173	134649	82509
ENSMUST00000221721	GCCCTGCCGGCGCTCCTCCACCAGCCAGATATCTCTTCGGAACTTGCCATCATCCATCCAGTCCCGCCTCTCCATGGTGAACCAGATGGAAGCTGCCAGCCAGGGGGGCATGGGCT	81995057	81895191	99866	81912664	82393	81995173	99982	82509
ENSMUST00000221721	GCCCTGCCGGCGCTCCTCCACCAGCCAGATATCTCTTCGGAACTTGCCATCATCCATCCAGTCCCGCCTCTCCATGGTGAACCAGATGGAAGCTGCCAGCCAGGGGGGCATGGGCT	81995057	81912710	82347	81917664	77393	81995173	82463	77509
ENSMUST00000221721	GCCCTGCCGGCGCTCCTCCACCAGCCAGATATCTCTTCGGAACTTGCCATCATCCATCCAGTCCCGCCTCTCCATGGTGAACCAGATGGAAGCTGCCAGCCAGGGGGGCATGGGCT	81995057	81913475	81582	81946930	48127	81995173	81698	48243
ENSMUST00000221721	GCCCTGCCGGCGCTCCTCCACCAGCCAGATATCTCTTCGGAACTTGCCATCATCCATCCAGTCCCGCCTCTCCATGGTGAACCAGATGGAAGCTGCCAGCCAGGGGGGCATGGGCT	81995057	81919380	75677	81933530	61527	81995173	75793	61643
ENSMUST00000221721	GCCCTGCCGGCGCTCCTCCACCAGCCAGATATCTCTTCGGAACTTGCCATCATCCATCCAGTCCCGCCTCTCCATGGTGAACCAGATGGAAGCTGCCAGCCAGGGGGGCATGGGCT	81995057	81919380	75677	81946930	48127	81995173	75793	48243
ENSMUST00000221721	GCCCTGCCGGCGCTCCTCCACCAGCCAGATATCTCTTCGGAACTTGCCATCATCCATCCAGTCCCGCCTCTCCATGGTGAACCAGATGGAAGCTGCCAGCCAGGGGGGCATGGGCT	81995057	81919380	75677	81946930	48127	81995173	75793	48243
ENSMUST00000221721	GCCCTGCCGGCGCTCCTCCACCAGCCAGATATCTCTTCGGAACTTGCCATCATCCATCCAGTCCCGCCTCTCCATGGTGAACCAGATGGAAGCTGCCAGCCAGGGGGGCATGGGCT	81995057	81928374	66683	81946930	48127	81995173	66799	48243
ENSMUST00000153478	TTTCTCGGGGTCTTCTCAGCCCTGACTTGTTCCCCGTGCACCTTGTTCGACTCCGGAGGTTCAGGTGCACGGACACCCTTCCAAGTTCACCCCTACTCCATCCTCAGACTTTTCAC	82584363	82522137	62226	82572824	11539	82584479	62342	11655
ENSMUST00000153478	TTTCTCGGGGTCTTCTCAGCCCTGACTTGTTCCCCGTGCACCTTGTTCGACTCCGGAGGTTCAGGTGCACGGACACCCTTCCAAGTTCACCCCTACTCCATCCTCAGACTTTTCAC	82584363	82554750	29613	82572824	11539	82584479	29729	11655
ENSMUST00000153478	TTTCTCGGGGTCTTCTCAGCCCTGACTTGTTCCCCGTGCACCTTGTTCGACTCCGGAGGTTCAGGTGCACGGACACCCTTCCAAGTTCACCCCTACTCCATCCTCAGACTTTTCAC	82584363	82554750	29613	82575171	9192	82584479	29729	9308
ENSMUST00000153478	TTTCTCGGGGTCTTCTCAGCCCTGACTTGTTCCCCGTGCACCTTGTTCGACTCCGGAGGTTCAGGTGCACGGACACCCTTCCAAGTTCACCCCTACTCCATCCTCAGACTTTTCAC	82584363	82554750	29613	82584111	252	82584479	29729	368
ENSMUST00000153478	TTTCTCGGGGTCTTCTCAGCCCTGACTTGTTCCCCGTGCACCTTGTTCGACTCCGGAGGTTCAGGTGCACGGACACCCTTCCAAGTTCACCCCTACTCCATCCTCAGACTTTTCAC	82584363	82561855	22508	82572824	11539	82584479	22624	11655
ENSMUST00000153478	TTTCTCGGGGTCTTCTCAGCCCTGACTTGTTCCCCGTGCACCTTGTTCGACTCCGGAGGTTCAGGTGCACGGACACCCTTCCAAGTTCACCCCTACTCCATCCTCAGACTTTTCAC	82584363	82563332	21031	82572824	11539	82584479	21147	11655
ENSMUST00000153478	TTTCTCGGGGTCTTCTCAGCCCTGACTTGTTCCCCGTGCACCTTGTTCGACTCCGGAGGTTCAGGTGCACGGACACCCTTCCAAGTTCACCCCTACTCCATCCTCAGACTTTTCAC	82584363	82554750	29613	82575171	9192	82584479	29729	9308
ENSMUST00000153478	TTTCTCGGGGTCTTCTCAGCCCTGACTTGTTCCCCGTGCACCTTGTTCGACTCCGGAGGTTCAGGTGCACGGACACCCTTCCAAGTTCACCCCTACTCCATCCTCAGACTTTTCAC	82584363	82561855	22508	82575171	9192	82584479	22624	9308
ENSMUST00000153478	TTTCTCGGGGTCTTCTCAGCCCTGACTTGTTCCCCGTGCACCTTGTTCGACTCCGGAGGTTCAGGTGCACGGACACCCTTCCAAGTTCACCCCTACTCCATCCTCAGACTTTTCAC	82584363	82554750	29613	82578935	5428	82584479	29729	5544
ENSMUST00000153478	TTTCTCGGGGTCTTCTCAGCCCTGACTTGTTCCCCGTGCACCTTGTTCGACTCCGGAGGTTCAGGTGCACGGACACCCTTCCAAGTTCACCCCTACTCCATCCTCAGACTTTTCAC	82584363	82554750	29613	82584111	252	82584479	29729	368
ENSMUST00000153478	TTTCTCGGGGTCTTCTCAGCCCTGACTTGTTCCCCGTGCACCTTGTTCGACTCCGGAGGTTCAGGTGCACGGACACCCTTCCAAGTTCACCCCTACTCCATCCTCAGACTTTTCAC	82584363	82561855	22508	82584111	252	82584479	22624	368
ENSMUST00000153478	TTTCTCGGGGTCTTCTCAGCCCTGACTTGTTCCCCGTGCACCTTGTTCGACTCCGGAGGTTCAGGTGCACGGACACCCTTCCAAGTTCACCCCTACTCCATCCTCAGACTTTTCAC	82584363	82572926	11437	82575600	8763	82584479	11553	8879
ENSMUST00000153478	TTTCTCGGGGTCTTCTCAGCCCTGACTTGTTCCCCGTGCACCTTGTTCGACTCCGGAGGTTCAGGTGCACGGACACCCTTCCAAGTTCACCCCTACTCCATCCTCAGACTTTTCAC	82584363	82575207	9156	82578935	5428	82584479	9272	5544
ENSMUST00000153478	TTTCTCGGGGTCTTCTCAGCCCTGACTTGTTCCCCGTGCACCTTGTTCGACTCCGGAGGTTCAGGTGCACGGACACCCTTCCAAGTTCACCCCTACTCCATCCTCAGACTTTTCAC	82584363	82575207	9156	82584111	252	82584479	9272	368
ENSMUST00000153478	TTTCTCGGGGTCTTCTCAGCCCTGACTTGTTCCCCGTGCACCTTGTTCGACTCCGGAGGTTCAGGTGCACGGACACCCTTCCAAGTTCACCCCTACTCCATCCTCAGACTTTTCAC	82584363	82554750	29613	82584111	252	82584479	29729	368
ENSMUST00000153478	TTTCTCGGGGTCTTCTCAGCCCTGACTTGTTCCCCGTGCACCTTGTTCGACTCCGGAGGTTCAGGTGCACGGACACCCTTCCAAGTTCACCCCTACTCCATCCTCAGACTTTTCAC	82584363	82575207	9156	82584111	252	82584479	9272	368
ENSMUST00000153478	TTTCTCGGGGTCTTCTCAGCCCTGACTTGTTCCCCGTGCACCTTGTTCGACTCCGGAGGTTCAGGTGCACGGACACCCTTCCAAGTTCACCCCTACTCCATCCTCAGACTTTTCAC	82584363	82575633	8730	82584111	252	82584479	8846	368
ENSMUST00000084935	AACAAGGAATTGCGTGATCGTCTTTGTTGCCGGATGACTTTTGGGACTGCAGGACTTCGATCTGCCATGGGAGCAGGGTTTTGCTACATCAATGACCTTACAGTAATACAGTCAAC	100250341	100260077	-9736	100262065	-11724	100250457	-9620	-11608
ENSMUST00000084935	AACAAGGAATTGCGTGATCGTCTTTGTTGCCGGATGACTTTTGGGACTGCAGGACTTCGATCTGCCATGGGAGCAGGGTTTTGCTACATCAATGACCTTACAGTAATACAGTCAAC	100250341	100260077	-9736	100262065	-11724	100250457	-9620	-11608
ENSMUST00000163483	AATATATTTTGTTTTGATGTTTATATTGGCATGTTTAGATGTTGGGTTTAGTCTTCTGAAGATGAAGTTCAGCCATTTTGTATCACACAGCACAACCAGTGTCTGTCAGTTTCCAC	20225142	20215702	9440	20223083	2059	20225258	9556	2175
ENSMUST00000163483	AATATATTTTGTTTTGATGTTTATATTGGCATGTTTAGATGTTGGGTTTAGTCTTCTGAAGATGAAGTTCAGCCATTTTGTATCACACAGCACAACCAGTGTCTGTCAGTTTCCAC	20225142	20215702	9440	20224366	776	20225258	9556	892
ENSMUST00000163483	AATATATTTTGTTTTGATGTTTATATTGGCATGTTTAGATGTTGGGTTTAGTCTTCTGAAGATGAAGTTCAGCCATTTTGTATCACACAGCACAACCAGTGTCTGTCAGTTTCCAC	20225142	20215702	9440	20223083	2059	20225258	9556	2175
ENSMUST00000163483	AATATATTTTGTTTTGATGTTTATATTGGCATGTTTAGATGTTGGGTTTAGTCTTCTGAAGATGAAGTTCAGCCATTTTGTATCACACAGCACAACCAGTGTCTGTCAGTTTCCAC	20225142	20215702	9440	20224366	776	20225258	9556	892
ENSMUST00000177207	GTTGCTAAGGAAGTGGATTTCCCAGTAGGGGTTTCTGCACCTCACCTGTATAGTCGTTCTGCGCATGTCCCCCACACAGTCCCCACTGTATTTACCTGTTCTACTTGTCACCTTTCA	76507626	76419009	88617	76438946	68680	76507743	88734	68797
ENSMUST00000177207	GTTGCTAAGGAAGTGGATTTCCCAGTAGGGGTTTCTGCACCTCACCTGTATAGTCGTTCTGCGCATGTCCCCCACACAGTCCCCACTGTATTTACCTGTTCTACTTGTCACCTTTCA	76507626	76419009	88617	76439955	67671	76507743	88734	67788
ENSMUST00000177207	GTTGCTAAGGAAGTGGATTTCCCAGTAGGGGTTTCTGCACCTCACCTGTATAGTCGTTCTGCGCATGTCCCCCACACAGTCCCCACTGTATTTACCTGTTCTACTTGTCACCTTTCA	76507626	76419009	88617	76439955	67671	76507743	88734	67788
ENSMUST00000177207	GTTGCTAAGGAAGTGGATTTCCCAGTAGGGGTTTCTGCACCTCACCTGTATAGTCGTTCTGCGCATGTCCCCCACACAGTCCCCACTGTATTTACCTGTTCTACTTGTCACCTTTCA	76507626	76419009	88617	76505248	2378	76507743	88734	2495
ENSMUST00000060864	CCGCTACCTTTCCTGCTTCTGGCCATCCACTGCTGCAGCATGGAACCCAGCACCCGGGCCCCTTTTACTGAAATCACCCAGCACCTGGAACAGATCCTGGAGCAGCAGCCTGAGGCCA	43445787	43443904	1883	43444572	1215	43446026	2122	1454
ENSMUST00000060864	CCGCTACCTTTCCTGCTTCTGGCCATCCACTGCTGCAGCATGGAACCCAGCACCCGGGCCCCTTTTACTGAAATCACCCAGCACCTGGAACAGATCCTGGAGCAGCAGCCTGAGGCCA	43445787	43445123	664	43445522	265	43446026	903	504
ENSMUST00000110082	CTAGTGAACCATGACTCGGAGCCAGCAGAGTAGGCTGTGTCTGTGGACTTGAGCACACCATCAACATTGCTGTTCAGGAAATGATAATTTACGTCCATTCCAAGTTGTAAATGCTAGT	100207160	100199716	7444	100206097	1063	100207278	7562	1181
ENSMUST00000110082	CTAGTGAACCATGACTCGGAGCCAGCAGAGTAGGCTGTGTCTGTGGACTTGAGCACACCATCAACATTGCTGTTCAGGAAATGATAATTTACGTCCATTCCAAGTTGTAAATGCTAGT	100207160	100202423	4737	100205612	1548	100207278	4855	1666
ENSMUST00000110082	CTAGTGAACCATGACTCGGAGCCAGCAGAGTAGGCTGTGTCTGTGGACTTGAGCACACCATCAACATTGCTGTTCAGGAAATGATAATTTACGTCCATTCCAAGTTGTAAATGCTAGT	100207160	100202423	4737	100206097	1063	100207278	4855	1181
ENSMUST00000110082	CTAGTGAACCATGACTCGGAGCCAGCAGAGTAGGCTGTGTCTGTGGACTTGAGCACACCATCAACATTGCTGTTCAGGAAATGATAATTTACGTCCATTCCAAGTTGTAAATGCTAGT	100207160	100202423	4737	100206097	1063	100207278	4855	1181
ENSMUST00000110082	CTAGTGAACCATGACTCGGAGCCAGCAGAGTAGGCTGTGTCTGTGGACTTGAGCACACCATCAACATTGCTGTTCAGGAAATGATAATTTACGTCCATTCCAAGTTGTAAATGCTAGT	100207160	100203718	3442	100206097	1063	100207278	3560	1181
ENSMUST00000020706	CACAATAGATTTGTATAATCAATACGGGTCTATTTTTATGTCAACTCTGTAGAGCACCTTCCAGTCTTTTTCAAGATTGTTAAATCGAGATGAGTAATTGAATAATTTGTCCTATTTT	7178273	7109112	69161	7137272	41001	7178391	69279	41119
ENSMUST00000020706	CACAATAGATTTGTATAATCAATACGGGTCTATTTTTATGTCAACTCTGTAGAGCACCTTCCAGTCTTTTTCAAGATTGTTAAATCGAGATGAGTAATTGAATAATTTGTCCTATTTT	7178273	7130403	47870	7138286	39987	7178391	47988	40105
ENSMUST00000020706	CACAATAGATTTGTATAATCAATACGGGTCTATTTTTATGTCAACTCTGTAGAGCACCTTCCAGTCTTTTTCAAGATTGTTAAATCGAGATGAGTAATTGAATAATTTGTCCTATTTT	7178273	7160322	17951	7161851	16422	7178391	18069	16540
ENSMUST00000020706	CACAATAGATTTGTATAATCAATACGGGTCTATTTTTATGTCAACTCTGTAGAGCACCTTCCAGTCTTTTTCAAGATTGTTAAATCGAGATGAGTAATTGAATAATTTGTCCTATTTT	7178273	7165526	12747	7167063	11210	7178391	12865	11328
ENSMUST00000020706	CACAATAGATTTGTATAATCAATACGGGTCTATTTTTATGTCAACTCTGTAGAGCACCTTCCAGTCTTTTTCAAGATTGTTAAATCGAGATGAGTAATTGAATAATTTGTCCTATTTT	7178273	7109112	69161	7137272	41001	7178391	69279	41119
ENSMUST00000020706	CACAATAGATTTGTATAATCAATACGGGTCTATTTTTATGTCAACTCTGTAGAGCACCTTCCAGTCTTTTTCAAGATTGTTAAATCGAGATGAGTAATTGAATAATTTGTCCTATTTT	7178273	7130403	47870	7138286	39987	7178391	47988	40105
ENSMUST00000020706	CACAATAGATTTGTATAATCAATACGGGTCTATTTTTATGTCAACTCTGTAGAGCACCTTCCAGTCTTTTTCAAGATTGTTAAATCGAGATGAGTAATTGAATAATTTGTCCTATTTT	7178273	7160322	17951	7161851	16422	7178391	18069	16540
ENSMUST00000020706	CACAATAGATTTGTATAATCAATACGGGTCTATTTTTATGTCAACTCTGTAGAGCACCTTCCAGTCTTTTTCAAGATTGTTAAATCGAGATGAGTAATTGAATAATTTGTCCTATTTT	7178273	7165526	12747	7167063	11210	7178391	12865	11328
ENSMUST00000027056	CAGGGTGAGAAATTGTATAAAATGATGTGCAAACAGGGAAATCTGATCAAAGACAGAAAAAGAAAACTGACCACATTTCCTAAGTGCTTCCTGGGAAGTGAATTTGTCTCATGGCTAT	11110338	11204168	-93830	11231681	-121343	11112773	-91395	-118908
ENSMUST00000027056	CAGGGTGAGAAATTGTATAAAATGATGTGCAAACAGGGAAATCTGATCAAAGACAGAAAAAGAAAACTGACCACATTTCCTAAGTGCTTCCTGGGAAGTGAATTTGTCTCATGGCTAT	11110338	11208655	-98317	11265678	-155340	11112773	-95882	-152905
ENSMUST00000027056	CAGGGTGAGAAATTGTATAAAATGATGTGCAAACAGGGAAATCTGATCAAAGACAGAAAAAGAAAACTGACCACATTTCCTAAGTGCTTCCTGGGAAGTGAATTTGTCTCATGGCTAT	11110338	11266159	-155821	11289252	-178914	11112773	-153386	-176479
ENSMUST00000025830	TCCACAAATAAAGAGTCAAGAAAAAGCTTGGCTTCATTCCCAACCTACGTTGAAGTTCCTGGACCGTGCGACCCTGAAGACTTGATCGATGGAATTATTTTTGCTGCCAATTACCTTGGT	23912538	23917698	-5160	23933699	-21161	23917622	-76	-16077
ENSMUST00000025830	TCCACAAATAAAGAGTCAAGAAAAAGCTTGGCTTCATTCCCAACCTACGTTGAAGTTCCTGGACCGTGCGACCCTGAAGACTTGATCGATGGAATTATTTTTGCTGCCAATTACCTTGGT	23912538	23917698	-5160	23933699	-21161	23917622	-76	-16077
ENSMUST00000174008	AGGACCCATGGCCAATGCTGCTGCCCCCACAAGCACCCCACAGAAGCTGATTCCTCCGCAACCAACAGGCCGTCCTTCACCTGCACCTCCTGCTGTCCCGCCTGCTGCCTCACCTGTAAT	21637282	21616400	20882	21634749	2533	21637402	21002	2653
ENSMUST00000174008	AGGACCCATGGCCAATGCTGCTGCCCCCACAAGCACCCCACAGAAGCTGATTCCTCCGCAACCAACAGGCCGTCCTTCACCTGCACCTCCTGCTGTCCCGCCTGCTGCCTCACCTGTAAT	21637282	21616400	20882	21635535	1747	21637402	21002	1867
ENSMUST00000174008	AGGACCCATGGCCAATGCTGCTGCCCCCACAAGCACCCCACAGAAGCTGATTCCTCCGCAACCAACAGGCCGTCCTTCACCTGCACCTCCTGCTGTCCCGCCTGCTGCCTCACCTGTAAT	21637282	21647675	-10393	21658825	-21543	21637402	-10273	-21423
ENSMUST00000174008	AGGACCCATGGCCAATGCTGCTGCCCCCACAAGCACCCCACAGAAGCTGATTCCTCCGCAACCAACAGGCCGTCCTTCACCTGCACCTCCTGCTGTCCCGCCTGCTGCCTCACCTGTAAT	21637282	21664915	-27633	21667165	-29883	21637402	-27513	-29763
ENSMUST00000174008	AGGACCCATGGCCAATGCTGCTGCCCCCACAAGCACCCCACAGAAGCTGATTCCTCCGCAACCAACAGGCCGTCCTTCACCTGCACCTCCTGCTGTCCCGCCTGCTGCCTCACCTGTAAT	21637282	21669048	-31766	21670483	-33201	21637402	-31646	-33081
ENSMUST00000174008	AGGACCCATGGCCAATGCTGCTGCCCCCACAAGCACCCCACAGAAGCTGATTCCTCCGCAACCAACAGGCCGTCCTTCACCTGCACCTCCTGCTGTCCCGCCTGCTGCCTCACCTGTAAT	21637282	21670570	-33288	21673169	-35887	21637402	-33168	-35767
ENSMUST00000174008	AGGACCCATGGCCAATGCTGCTGCCCCCACAAGCACCCCACAGAAGCTGATTCCTCCGCAACCAACAGGCCGTCCTTCACCTGCACCTCCTGCTGTCCCGCCTGCTGCCTCACCTGTAAT	21637282	21677677	-40395	21678315	-41033	21637402	-40275	-40913
ENSMUST00000174008	AGGACCCATGGCCAATGCTGCTGCCCCCACAAGCACCCCACAGAAGCTGATTCCTCCGCAACCAACAGGCCGTCCTTCACCTGCACCTCCTGCTGTCCCGCCTGCTGCCTCACCTGTAAT	21637282	21679147	-41865	21699799	-62517	21637402	-41745	-62397
ENSMUST00000174008	AGGACCCATGGCCAATGCTGCTGCCCCCACAAGCACCCCACAGAAGCTGATTCCTCCGCAACCAACAGGCCGTCCTTCACCTGCACCTCCTGCTGTCCCGCCTGCTGCCTCACCTGTAAT	21637282	21679147	-41865	21699799	-62517	21637402	-41745	-62397
ENSMUST00000174008	AGGACCCATGGCCAATGCTGCTGCCCCCACAAGCACCCCACAGAAGCTGATTCCTCCGCAACCAACAGGCCGTCCTTCACCTGCACCTCCTGCTGTCCCGCCTGCTGCCTCACCTGTAAT	21637282	21679147	-41865	21699802	-62520	21637402	-41745	-62400
ENSMUST00000174008	AGGACCCATGGCCAATGCTGCTGCCCCCACAAGCACCCCACAGAAGCTGATTCCTCCGCAACCAACAGGCCGTCCTTCACCTGCACCTCCTGCTGTCCCGCCTGCTGCCTCACCTGTAAT	21637282	21616400	20882	21634749	2533	21637402	21002	2653
ENSMUST00000174008	AGGACCCATGGCCAATGCTGCTGCCCCCACAAGCACCCCACAGAAGCTGATTCCTCCGCAACCAACAGGCCGTCCTTCACCTGCACCTCCTGCTGTCCCGCCTGCTGCCTCACCTGTAAT	21637282	21616400	20882	21635535	1747	21637402	21002	1867
ENSMUST00000174008	AGGACCCATGGCCAATGCTGCTGCCCCCACAAGCACCCCACAGAAGCTGATTCCTCCGCAACCAACAGGCCGTCCTTCACCTGCACCTCCTGCTGTCCCGCCTGCTGCCTCACCTGTAAT	21637282	21647675	-10393	21658825	-21543	21637402	-10273	-21423
ENSMUST00000174008	AGGACCCATGGCCAATGCTGCTGCCCCCACAAGCACCCCACAGAAGCTGATTCCTCCGCAACCAACAGGCCGTCCTTCACCTGCACCTCCTGCTGTCCCGCCTGCTGCCTCACCTGTAAT	21637282	21664915	-27633	21667165	-29883	21637402	-27513	-29763
ENSMUST00000174008	AGGACCCATGGCCAATGCTGCTGCCCCCACAAGCACCCCACAGAAGCTGATTCCTCCGCAACCAACAGGCCGTCCTTCACCTGCACCTCCTGCTGTCCCGCCTGCTGCCTCACCTGTAAT	21637282	21669048	-31766	21670483	-33201	21637402	-31646	-33081
ENSMUST00000174008	AGGACCCATGGCCAATGCTGCTGCCCCCACAAGCACCCCACAGAAGCTGATTCCTCCGCAACCAACAGGCCGTCCTTCACCTGCACCTCCTGCTGTCCCGCCTGCTGCCTCACCTGTAAT	21637282	21670570	-33288	21673169	-35887	21637402	-33168	-35767
ENSMUST00000174008	AGGACCCATGGCCAATGCTGCTGCCCCCACAAGCACCCCACAGAAGCTGATTCCTCCGCAACCAACAGGCCGTCCTTCACCTGCACCTCCTGCTGTCCCGCCTGCTGCCTCACCTGTAAT	21637282	21677677	-40395	21678315	-41033	21637402	-40275	-40913
ENSMUST00000174008	AGGACCCATGGCCAATGCTGCTGCCCCCACAAGCACCCCACAGAAGCTGATTCCTCCGCAACCAACAGGCCGTCCTTCACCTGCACCTCCTGCTGTCCCGCCTGCTGCCTCACCTGTAAT	21637282	21679147	-41865	21699799	-62517	21637402	-41745	-62397
ENSMUST00000174008	AGGACCCATGGCCAATGCTGCTGCCCCCACAAGCACCCCACAGAAGCTGATTCCTCCGCAACCAACAGGCCGTCCTTCACCTGCACCTCCTGCTGTCCCGCCTGCTGCCTCACCTGTAAT	21637282	21679147	-41865	21699799	-62517	21637402	-41745	-62397
ENSMUST00000174008	AGGACCCATGGCCAATGCTGCTGCCCCCACAAGCACCCCACAGAAGCTGATTCCTCCGCAACCAACAGGCCGTCCTTCACCTGCACCTCCTGCTGTCCCGCCTGCTGCCTCACCTGTAAT	21637282	21679147	-41865	21699802	-62520	21637402	-41745	-62400
ENSMUST00000018851	TCTATACCATGTCACAGGAGCGGTTTACTCAGGACACACAGCCACACTATATCTACTCGCCCCGTGAGATGACTCGGTGGGTAAGAGGAATCTTTGAAGCACTGAGACCCCTGGAGACATT	110643147	110621673	21474	110625426	17721	110643268	21595	17842
ENSMUST00000018851	TCTATACCATGTCACAGGAGCGGTTTACTCAGGACACACAGCCACACTATATCTACTCGCCCCGTGAGATGACTCGGTGGGTAAGAGGAATCTTTGAAGCACTGAGACCCCTGGAGACATT	110643147	110629117	14030	110629576	13571	110643268	14151	13692
ENSMUST00000018851	TCTATACCATGTCACAGGAGCGGTTTACTCAGGACACACAGCCACACTATATCTACTCGCCCCGTGAGATGACTCGGTGGGTAAGAGGAATCTTTGAAGCACTGAGACCCCTGGAGACATT	110643147	110637652	5495	110639733	3414	110643268	5616	3535
ENSMUST00000018851	TCTATACCATGTCACAGGAGCGGTTTACTCAGGACACACAGCCACACTATATCTACTCGCCCCGTGAGATGACTCGGTGGGTAAGAGGAATCTTTGAAGCACTGAGACCCCTGGAGACATT	110643147	110642176	971	110646193	-3046	110643268	1092	-2925
ENSMUST00000018851	TCTATACCATGTCACAGGAGCGGTTTACTCAGGACACACAGCCACACTATATCTACTCGCCCCGTGAGATGACTCGGTGGGTAAGAGGAATCTTTGAAGCACTGAGACCCCTGGAGACATT	110643147	110646323	-3176	110648999	-5852	110643268	-3055	-5731
ENSMUST00000018851	TCTATACCATGTCACAGGAGCGGTTTACTCAGGACACACAGCCACACTATATCTACTCGCCCCGTGAGATGACTCGGTGGGTAAGAGGAATCTTTGAAGCACTGAGACCCCTGGAGACATT	110643147	110659516	-16369	110661153	-18006	110643268	-16248	-17885
ENSMUST00000018851	TCTATACCATGTCACAGGAGCGGTTTACTCAGGACACACAGCCACACTATATCTACTCGCCCCGTGAGATGACTCGGTGGGTAAGAGGAATCTTTGAAGCACTGAGACCCCTGGAGACATT	110643147	110664747	-21600	110665663	-22516	110643268	-21479	-22395
ENSMUST00000018851	TCTATACCATGTCACAGGAGCGGTTTACTCAGGACACACAGCCACACTATATCTACTCGCCCCGTGAGATGACTCGGTGGGTAAGAGGAATCTTTGAAGCACTGAGACCCCTGGAGACATT	110643147	110621673	21474	110625426	17721	110643268	21595	17842
ENSMUST00000018851	TCTATACCATGTCACAGGAGCGGTTTACTCAGGACACACAGCCACACTATATCTACTCGCCCCGTGAGATGACTCGGTGGGTAAGAGGAATCTTTGAAGCACTGAGACCCCTGGAGACATT	110643147	110629117	14030	110629576	13571	110643268	14151	13692
ENSMUST00000018851	TCTATACCATGTCACAGGAGCGGTTTACTCAGGACACACAGCCACACTATATCTACTCGCCCCGTGAGATGACTCGGTGGGTAAGAGGAATCTTTGAAGCACTGAGACCCCTGGAGACATT	110643147	110637652	5495	110639733	3414	110643268	5616	3535
ENSMUST00000018851	TCTATACCATGTCACAGGAGCGGTTTACTCAGGACACACAGCCACACTATATCTACTCGCCCCGTGAGATGACTCGGTGGGTAAGAGGAATCTTTGAAGCACTGAGACCCCTGGAGACATT	110643147	110642176	971	110646193	-3046	110643268	1092	-2925
ENSMUST00000018851	TCTATACCATGTCACAGGAGCGGTTTACTCAGGACACACAGCCACACTATATCTACTCGCCCCGTGAGATGACTCGGTGGGTAAGAGGAATCTTTGAAGCACTGAGACCCCTGGAGACATT	110643147	110646323	-3176	110648999	-5852	110643268	-3055	-5731
ENSMUST00000018851	TCTATACCATGTCACAGGAGCGGTTTACTCAGGACACACAGCCACACTATATCTACTCGCCCCGTGAGATGACTCGGTGGGTAAGAGGAATCTTTGAAGCACTGAGACCCCTGGAGACATT	110643147	110659516	-16369	110661153	-18006	110643268	-16248	-17885
ENSMUST00000018851	TCTATACCATGTCACAGGAGCGGTTTACTCAGGACACACAGCCACACTATATCTACTCGCCCCGTGAGATGACTCGGTGGGTAAGAGGAATCTTTGAAGCACTGAGACCCCTGGAGACATT	110643147	110664747	-21600	110665663	-22516	110643268	-21479	-22395
ENSMUST00000048371	CTTAAAAACTGCTTTGTGACAAAAACCACACCTGAAGAAATTTTAAGAATTTGGCCCAGTTAGTCACTCTGTGTAATCCCGGAATCTAGCTGCTGAAGTCTTGCGAAGTAAACTCCCCGTG	76507464	76419009	88455	76438946	68518	76507585	88576	68639
ENSMUST00000048371	CTTAAAAACTGCTTTGTGACAAAAACCACACCTGAAGAAATTTTAAGAATTTGGCCCAGTTAGTCACTCTGTGTAATCCCGGAATCTAGCTGCTGAAGTCTTGCGAAGTAAACTCCCCGTG	76507464	76419009	88455	76439955	67509	76507585	88576	67630
ENSMUST00000048371	CTTAAAAACTGCTTTGTGACAAAAACCACACCTGAAGAAATTTTAAGAATTTGGCCCAGTTAGTCACTCTGTGTAATCCCGGAATCTAGCTGCTGAAGTCTTGCGAAGTAAACTCCCCGTG	76507464	76419009	88455	76439955	67509	76507585	88576	67630
ENSMUST00000048371	CTTAAAAACTGCTTTGTGACAAAAACCACACCTGAAGAAATTTTAAGAATTTGGCCCAGTTAGTCACTCTGTGTAATCCCGGAATCTAGCTGCTGAAGTCTTGCGAAGTAAACTCCCCGTG	76507464	76419009	88455	76505248	2216	76507585	88576	2337
ENSMUST00000025036	GACAGCTGATCTTAAATGACAAAGGACTGGACTGAGGGCCCTGGGCCTGTGGACCAGCTGGAAACTTAGGGACTGGGCCTCTGCTGAGTGCCCGATGGCGGCCGTGCCCATGTGTACTTGGA	56402483	56326229	76254	56351632	50851	56402605	76376	50973
ENSMUST00000025036	GACAGCTGATCTTAAATGACAAAGGACTGGACTGAGGGCCCTGGGCCTGTGGACCAGCTGGAAACTTAGGGACTGGGCCTCTGCTGAGTGCCCGATGGCGGCCGTGCCCATGTGTACTTGGA	56402483	56372527	29956	56386082	16401	56402605	30078	16523
ENSMUST00000025036	GACAGCTGATCTTAAATGACAAAGGACTGGACTGAGGGCCCTGGGCCTGTGGACCAGCTGGAAACTTAGGGACTGGGCCTCTGCTGAGTGCCCGATGGCGGCCGTGCCCATGTGTACTTGGA	56402483	56386279	16204	56389484	12999	56402605	16326	13121
ENSMUST00000026292	CTTTACTGAGCAGGAATTAGAGCTGCTCATATCAGGGCTGCCTACCATCGACATTGATGATCTAAAATCTAACACTGAGTACCACAAGTACCAATCCAACTCTATTCAGATCCAGTGGTTTTG	151932702	151800946	131756	151803175	129527	151933035	132089	129860
ENSMUST00000026292	CTTTACTGAGCAGGAATTAGAGCTGCTCATATCAGGGCTGCCTACCATCGACATTGATGATCTAAAATCTAACACTGAGTACCACAAGTACCAATCCAACTCTATTCAGATCCAGTGGTTTTG	151932702	151803569	129133	151804445	128257	151933035	129466	128590
ENSMUST00000026292	CTTTACTGAGCAGGAATTAGAGCTGCTCATATCAGGGCTGCCTACCATCGACATTGATGATCTAAAATCTAACACTGAGTACCACAAGTACCAATCCAACTCTATTCAGATCCAGTGGTTTTG	151932702	151803569	129133	151806271	126431	151933035	129466	126764
ENSMUST00000026292	CTTTACTGAGCAGGAATTAGAGCTGCTCATATCAGGGCTGCCTACCATCGACATTGATGATCTAAAATCTAACACTGAGTACCACAAGTACCAATCCAACTCTATTCAGATCCAGTGGTTTTG	151932702	151803569	129133	151806275	126427	151933035	129466	126760
ENSMUST00000026292	CTTTACTGAGCAGGAATTAGAGCTGCTCATATCAGGGCTGCCTACCATCGACATTGATGATCTAAAATCTAACACTGAGTACCACAAGTACCAATCCAACTCTATTCAGATCCAGTGGTTTTG	151932702	151803802	128900	151806271	126431	151933035	129233	126764
ENSMUST00000026292	CTTTACTGAGCAGGAATTAGAGCTGCTCATATCAGGGCTGCCTACCATCGACATTGATGATCTAAAATCTAACACTGAGTACCACAAGTACCAATCCAACTCTATTCAGATCCAGTGGTTTTG	151932702	151803802	128900	151806275	126427	151933035	129233	126760
ENSMUST00000026292	CTTTACTGAGCAGGAATTAGAGCTGCTCATATCAGGGCTGCCTACCATCGACATTGATGATCTAAAATCTAACACTGAGTACCACAAGTACCAATCCAACTCTATTCAGATCCAGTGGTTTTG	151932702	151800946	131756	151806719	125983	151933035	132089	126316
ENSMUST00000026292	CTTTACTGAGCAGGAATTAGAGCTGCTCATATCAGGGCTGCCTACCATCGACATTGATGATCTAAAATCTAACACTGAGTACCACAAGTACCAATCCAACTCTATTCAGATCCAGTGGTTTTG	151932702	151801366	131336	151806719	125983	151933035	131669	126316
ENSMUST00000026292	CTTTACTGAGCAGGAATTAGAGCTGCTCATATCAGGGCTGCCTACCATCGACATTGATGATCTAAAATCTAACACTGAGTACCACAAGTACCAATCCAACTCTATTCAGATCCAGTGGTTTTG	151932702	151803569	129133	151806719	125983	151933035	129466	126316
ENSMUST00000026292	CTTTACTGAGCAGGAATTAGAGCTGCTCATATCAGGGCTGCCTACCATCGACATTGATGATCTAAAATCTAACACTGAGTACCACAAGTACCAATCCAACTCTATTCAGATCCAGTGGTTTTG	151932702	151803802	128900	151806719	125983	151933035	129233	126316
ENSMUST00000026292	CTTTACTGAGCAGGAATTAGAGCTGCTCATATCAGGGCTGCCTACCATCGACATTGATGATCTAAAATCTAACACTGAGTACCACAAGTACCAATCCAACTCTATTCAGATCCAGTGGTTTTG	151932702	151800946	131756	151806719	125983	151933035	132089	126316
ENSMUST00000026292	CTTTACTGAGCAGGAATTAGAGCTGCTCATATCAGGGCTGCCTACCATCGACATTGATGATCTAAAATCTAACACTGAGTACCACAAGTACCAATCCAACTCTATTCAGATCCAGTGGTTTTG	151932702	151801366	131336	151806719	125983	151933035	131669	126316
ENSMUST00000026292	CTTTACTGAGCAGGAATTAGAGCTGCTCATATCAGGGCTGCCTACCATCGACATTGATGATCTAAAATCTAACACTGAGTACCACAAGTACCAATCCAACTCTATTCAGATCCAGTGGTTTTG	151932702	151803569	129133	151806719	125983	151933035	129466	126316
ENSMUST00000026292	CTTTACTGAGCAGGAATTAGAGCTGCTCATATCAGGGCTGCCTACCATCGACATTGATGATCTAAAATCTAACACTGAGTACCACAAGTACCAATCCAACTCTATTCAGATCCAGTGGTTTTG	151932702	151803802	128900	151806719	125983	151933035	129233	126316
ENSMUST00000026292	CTTTACTGAGCAGGAATTAGAGCTGCTCATATCAGGGCTGCCTACCATCGACATTGATGATCTAAAATCTAACACTGAGTACCACAAGTACCAATCCAACTCTATTCAGATCCAGTGGTTTTG	151932702	151801366	131336	151835223	97479	151933035	131669	97812
ENSMUST00000026292	CTTTACTGAGCAGGAATTAGAGCTGCTCATATCAGGGCTGCCTACCATCGACATTGATGATCTAAAATCTAACACTGAGTACCACAAGTACCAATCCAACTCTATTCAGATCCAGTGGTTTTG	151932702	151803569	129133	151835223	97479	151933035	129466	97812
ENSMUST00000026292	CTTTACTGAGCAGGAATTAGAGCTGCTCATATCAGGGCTGCCTACCATCGACATTGATGATCTAAAATCTAACACTGAGTACCACAAGTACCAATCCAACTCTATTCAGATCCAGTGGTTTTG	151932702	151806860	125842	151840055	92647	151933035	126175	92980
ENSMUST00000026292	CTTTACTGAGCAGGAATTAGAGCTGCTCATATCAGGGCTGCCTACCATCGACATTGATGATCTAAAATCTAACACTGAGTACCACAAGTACCAATCCAACTCTATTCAGATCCAGTGGTTTTG	151932702	151835292	97410	151840055	92647	151933035	97743	92980
ENSMUST00000026292	CTTTACTGAGCAGGAATTAGAGCTGCTCATATCAGGGCTGCCTACCATCGACATTGATGATCTAAAATCTAACACTGAGTACCACAAGTACCAATCCAACTCTATTCAGATCCAGTGGTTTTG	151932702	151857913	74789	151860166	72536	151933035	75122	72869
ENSMUST00000026292	CTTTACTGAGCAGGAATTAGAGCTGCTCATATCAGGGCTGCCTACCATCGACATTGATGATCTAAAATCTAACACTGAGTACCACAAGTACCAATCCAACTCTATTCAGATCCAGTGGTTTTG	151932702	151870516	62186	151874532	58170	151933035	62519	58503
ENSMUST00000026292	CTTTACTGAGCAGGAATTAGAGCTGCTCATATCAGGGCTGCCTACCATCGACATTGATGATCTAAAATCTAACACTGAGTACCACAAGTACCAATCCAACTCTATTCAGATCCAGTGGTTTTG	151932702	151905431	27271	151906950	25752	151933035	27604	26085
ENSMUST00000026292	CTTTACTGAGCAGGAATTAGAGCTGCTCATATCAGGGCTGCCTACCATCGACATTGATGATCTAAAATCTAACACTGAGTACCACAAGTACCAATCCAACTCTATTCAGATCCAGTGGTTTTG	151932702	151905431	27271	151908727	23975	151933035	27604	24308
ENSMUST00000026292	CTTTACTGAGCAGGAATTAGAGCTGCTCATATCAGGGCTGCCTACCATCGACATTGATGATCTAAAATCTAACACTGAGTACCACAAGTACCAATCCAACTCTATTCAGATCCAGTGGTTTTG	151932702	151907084	25618	151908727	23975	151933035	25951	24308
ENSMUST00000026292	CTTTACTGAGCAGGAATTAGAGCTGCTCATATCAGGGCTGCCTACCATCGACATTGATGATCTAAAATCTAACACTGAGTACCACAAGTACCAATCCAACTCTATTCAGATCCAGTGGTTTTG	151932702	151920185	12517	151921261	11441	151933035	12850	11774
ENSMUST00000026292	CTTTACTGAGCAGGAATTAGAGCTGCTCATATCAGGGCTGCCTACCATCGACATTGATGATCTAAAATCTAACACTGAGTACCACAAGTACCAATCCAACTCTATTCAGATCCAGTGGTTTTG	151932702	151924761	7941	151928152	4550	151933035	8274	4883
ENSMUST00000026292	CTTTACTGAGCAGGAATTAGAGCTGCTCATATCAGGGCTGCCTACCATCGACATTGATGATCTAAAATCTAACACTGAGTACCACAAGTACCAATCCAACTCTATTCAGATCCAGTGGTTTTG	151932702	151800946	131756	151803175	129527	151933035	132089	129860
ENSMUST00000026292	CTTTACTGAGCAGGAATTAGAGCTGCTCATATCAGGGCTGCCTACCATCGACATTGATGATCTAAAATCTAACACTGAGTACCACAAGTACCAATCCAACTCTATTCAGATCCAGTGGTTTTG	151932702	151803569	129133	151804445	128257	151933035	129466	128590
ENSMUST00000026292	CTTTACTGAGCAGGAATTAGAGCTGCTCATATCAGGGCTGCCTACCATCGACATTGATGATCTAAAATCTAACACTGAGTACCACAAGTACCAATCCAACTCTATTCAGATCCAGTGGTTTTG	151932702	151803569	129133	151806271	126431	151933035	129466	126764
ENSMUST00000026292	CTTTACTGAGCAGGAATTAGAGCTGCTCATATCAGGGCTGCCTACCATCGACATTGATGATCTAAAATCTAACACTGAGTACCACAAGTACCAATCCAACTCTATTCAGATCCAGTGGTTTTG	151932702	151803569	129133	151806275	126427	151933035	129466	126760
ENSMUST00000026292	CTTTACTGAGCAGGAATTAGAGCTGCTCATATCAGGGCTGCCTACCATCGACATTGATGATCTAAAATCTAACACTGAGTACCACAAGTACCAATCCAACTCTATTCAGATCCAGTGGTTTTG	151932702	151803802	128900	151806271	126431	151933035	129233	126764
ENSMUST00000026292	CTTTACTGAGCAGGAATTAGAGCTGCTCATATCAGGGCTGCCTACCATCGACATTGATGATCTAAAATCTAACACTGAGTACCACAAGTACCAATCCAACTCTATTCAGATCCAGTGGTTTTG	151932702	151803802	128900	151806275	126427	151933035	129233	126760
ENSMUST00000026292	CTTTACTGAGCAGGAATTAGAGCTGCTCATATCAGGGCTGCCTACCATCGACATTGATGATCTAAAATCTAACACTGAGTACCACAAGTACCAATCCAACTCTATTCAGATCCAGTGGTTTTG	151932702	151800946	131756	151806719	125983	151933035	132089	126316
ENSMUST00000026292	CTTTACTGAGCAGGAATTAGAGCTGCTCATATCAGGGCTGCCTACCATCGACATTGATGATCTAAAATCTAACACTGAGTACCACAAGTACCAATCCAACTCTATTCAGATCCAGTGGTTTTG	151932702	151801366	131336	151806719	125983	151933035	131669	126316
ENSMUST00000026292	CTTTACTGAGCAGGAATTAGAGCTGCTCATATCAGGGCTGCCTACCATCGACATTGATGATCTAAAATCTAACACTGAGTACCACAAGTACCAATCCAACTCTATTCAGATCCAGTGGTTTTG	151932702	151803569	129133	151806719	125983	151933035	129466	126316
ENSMUST00000026292	CTTTACTGAGCAGGAATTAGAGCTGCTCATATCAGGGCTGCCTACCATCGACATTGATGATCTAAAATCTAACACTGAGTACCACAAGTACCAATCCAACTCTATTCAGATCCAGTGGTTTTG	151932702	151803802	128900	151806719	125983	151933035	129233	126316
ENSMUST00000026292	CTTTACTGAGCAGGAATTAGAGCTGCTCATATCAGGGCTGCCTACCATCGACATTGATGATCTAAAATCTAACACTGAGTACCACAAGTACCAATCCAACTCTATTCAGATCCAGTGGTTTTG	151932702	151800946	131756	151806719	125983	151933035	132089	126316
ENSMUST00000026292	CTTTACTGAGCAGGAATTAGAGCTGCTCATATCAGGGCTGCCTACCATCGACATTGATGATCTAAAATCTAACACTGAGTACCACAAGTACCAATCCAACTCTATTCAGATCCAGTGGTTTTG	151932702	151801366	131336	151806719	125983	151933035	131669	126316
ENSMUST00000026292	CTTTACTGAGCAGGAATTAGAGCTGCTCATATCAGGGCTGCCTACCATCGACATTGATGATCTAAAATCTAACACTGAGTACCACAAGTACCAATCCAACTCTATTCAGATCCAGTGGTTTTG	151932702	151803569	129133	151806719	125983	151933035	129466	126316
ENSMUST00000026292	CTTTACTGAGCAGGAATTAGAGCTGCTCATATCAGGGCTGCCTACCATCGACATTGATGATCTAAAATCTAACACTGAGTACCACAAGTACCAATCCAACTCTATTCAGATCCAGTGGTTTTG	151932702	151803802	128900	151806719	125983	151933035	129233	126316
ENSMUST00000026292	CTTTACTGAGCAGGAATTAGAGCTGCTCATATCAGGGCTGCCTACCATCGACATTGATGATCTAAAATCTAACACTGAGTACCACAAGTACCAATCCAACTCTATTCAGATCCAGTGGTTTTG	151932702	151801366	131336	151835223	97479	151933035	131669	97812
ENSMUST00000026292	CTTTACTGAGCAGGAATTAGAGCTGCTCATATCAGGGCTGCCTACCATCGACATTGATGATCTAAAATCTAACACTGAGTACCACAAGTACCAATCCAACTCTATTCAGATCCAGTGGTTTTG	151932702	151803569	129133	151835223	97479	151933035	129466	97812
ENSMUST00000026292	CTTTACTGAGCAGGAATTAGAGCTGCTCATATCAGGGCTGCCTACCATCGACATTGATGATCTAAAATCTAACACTGAGTACCACAAGTACCAATCCAACTCTATTCAGATCCAGTGGTTTTG	151932702	151806860	125842	151840055	92647	151933035	126175	92980
ENSMUST00000026292	CTTTACTGAGCAGGAATTAGAGCTGCTCATATCAGGGCTGCCTACCATCGACATTGATGATCTAAAATCTAACACTGAGTACCACAAGTACCAATCCAACTCTATTCAGATCCAGTGGTTTTG	151932702	151835292	97410	151840055	92647	151933035	97743	92980
ENSMUST00000026292	CTTTACTGAGCAGGAATTAGAGCTGCTCATATCAGGGCTGCCTACCATCGACATTGATGATCTAAAATCTAACACTGAGTACCACAAGTACCAATCCAACTCTATTCAGATCCAGTGGTTTTG	151932702	151857913	74789	151860166	72536	151933035	75122	72869
ENSMUST00000026292	CTTTACTGAGCAGGAATTAGAGCTGCTCATATCAGGGCTGCCTACCATCGACATTGATGATCTAAAATCTAACACTGAGTACCACAAGTACCAATCCAACTCTATTCAGATCCAGTGGTTTTG	151932702	151870516	62186	151874532	58170	151933035	62519	58503
ENSMUST00000026292	CTTTACTGAGCAGGAATTAGAGCTGCTCATATCAGGGCTGCCTACCATCGACATTGATGATCTAAAATCTAACACTGAGTACCACAAGTACCAATCCAACTCTATTCAGATCCAGTGGTTTTG	151932702	151905431	27271	151906950	25752	151933035	27604	26085
ENSMUST00000026292	CTTTACTGAGCAGGAATTAGAGCTGCTCATATCAGGGCTGCCTACCATCGACATTGATGATCTAAAATCTAACACTGAGTACCACAAGTACCAATCCAACTCTATTCAGATCCAGTGGTTTTG	151932702	151905431	27271	151908727	23975	151933035	27604	24308
ENSMUST00000026292	CTTTACTGAGCAGGAATTAGAGCTGCTCATATCAGGGCTGCCTACCATCGACATTGATGATCTAAAATCTAACACTGAGTACCACAAGTACCAATCCAACTCTATTCAGATCCAGTGGTTTTG	151932702	151907084	25618	151908727	23975	151933035	25951	24308
ENSMUST00000026292	CTTTACTGAGCAGGAATTAGAGCTGCTCATATCAGGGCTGCCTACCATCGACATTGATGATCTAAAATCTAACACTGAGTACCACAAGTACCAATCCAACTCTATTCAGATCCAGTGGTTTTG	151932702	151920185	12517	151921261	11441	151933035	12850	11774
ENSMUST00000026292	CTTTACTGAGCAGGAATTAGAGCTGCTCATATCAGGGCTGCCTACCATCGACATTGATGATCTAAAATCTAACACTGAGTACCACAAGTACCAATCCAACTCTATTCAGATCCAGTGGTTTTG	151932702	151924761	7941	151928152	4550	151933035	8274	4883
ENSMUST00000160433	TTCTGTCTGGAGACTCACGAGCGCTTCAACCCCATCGTGAACAAGACCGAAATCGAGAACGTTCGAAACGGCACCCAAGTGCGGTACTACCGGGAAGCAGAGACGGAGGCCTTCCTCACCTAC	46427395	46398247	29148	46435157	-7762	46427518	29271	-7639
ENSMUST00000023024	TATTTGCTGAAGTTACTTACAGTGCAGCTCTCATGGGACAGCAGGCTCTGGAGACATTTACACTGGCCTGCAGTCCCTGTGGAGTCGGAGGGTGCCCACACAGCTCTCCCCGTGGGGCAGAGTG	81824798	81815261	9537	81823465	1333	81824922	9661	1457
ENSMUST00000030691	AAAATAACCAGAGACTCTAAGGATCACACAGTTTCAGGTAATGGGCTAGGAATTAGAATTGTTGGTGGTAAAGAAATTCCTGGACATAGTGGAGAAATTGGAGCCTATATTGCTAAGATTCTTC	14723296	14540801	182495	14674954	48342	14750575	209774	75621
ENSMUST00000030691	AAAATAACCAGAGACTCTAAGGATCACACAGTTTCAGGTAATGGGCTAGGAATTAGAATTGTTGGTGGTAAAGAAATTCCTGGACATAGTGGAGAAATTGGAGCCTATATTGCTAAGATTCTTC	14723296	14540801	182495	14712416	10880	14750575	209774	38159
ENSMUST00000030691	AAAATAACCAGAGACTCTAAGGATCACACAGTTTCAGGTAATGGGCTAGGAATTAGAATTGTTGGTGGTAAAGAAATTCCTGGACATAGTGGAGAAATTGGAGCCTATATTGCTAAGATTCTTC	14723296	14540801	182495	14712416	10880	14750575	209774	38159
ENSMUST00000030691	AAAATAACCAGAGACTCTAAGGATCACACAGTTTCAGGTAATGGGCTAGGAATTAGAATTGTTGGTGGTAAAGAAATTCCTGGACATAGTGGAGAAATTGGAGCCTATATTGCTAAGATTCTTC	14723296	14669675	53621	14712416	10880	14750575	80900	38159
ENSMUST00000030691	AAAATAACCAGAGACTCTAAGGATCACACAGTTTCAGGTAATGGGCTAGGAATTAGAATTGTTGGTGGTAAAGAAATTCCTGGACATAGTGGAGAAATTGGAGCCTATATTGCTAAGATTCTTC	14723296	14540801	182495	14712416	10880	14750575	209774	38159
ENSMUST00000030691	AAAATAACCAGAGACTCTAAGGATCACACAGTTTCAGGTAATGGGCTAGGAATTAGAATTGTTGGTGGTAAAGAAATTCCTGGACATAGTGGAGAAATTGGAGCCTATATTGCTAAGATTCTTC	14723296	14669675	53621	14712416	10880	14750575	80900	38159
ENSMUST00000030691	AAAATAACCAGAGACTCTAAGGATCACACAGTTTCAGGTAATGGGCTAGGAATTAGAATTGTTGGTGGTAAAGAAATTCCTGGACATAGTGGAGAAATTGGAGCCTATATTGCTAAGATTCTTC	14723296	14680013	43283	14712416	10880	14750575	70562	38159
ENSMUST00000030691	AAAATAACCAGAGACTCTAAGGATCACACAGTTTCAGGTAATGGGCTAGGAATTAGAATTGTTGGTGGTAAAGAAATTCCTGGACATAGTGGAGAAATTGGAGCCTATATTGCTAAGATTCTTC	14723296	14775444	-52148	14788397	-65101	14750575	-24869	-37822
ENSMUST00000107976	CTGGCAGCAGGCTCTGGTAGTCCACGTCTCCTTCCAACCAGCAGAGTAAAGGCACAGACACAGTTGTGCACCGCATATGTATTCAGAGAGACACAAGTATGTAGAGTCATTCATGGCCCAGAGCG	42942992	42916829	26163	42933615	9377	42943117	26288	9502
ENSMUST00000107976	CTGGCAGCAGGCTCTGGTAGTCCACGTCTCCTTCCAACCAGCAGAGTAAAGGCACAGACACAGTTGTGCACCGCATATGTATTCAGAGAGACACAAGTATGTAGAGTCATTCATGGCCCAGAGCG	42942992	42916829	26163	42933778	9214	42943117	26288	9339
ENSMUST00000107976	CTGGCAGCAGGCTCTGGTAGTCCACGTCTCCTTCCAACCAGCAGAGTAAAGGCACAGACACAGTTGTGCACCGCATATGTATTCAGAGAGACACAAGTATGTAGAGTCATTCATGGCCCAGAGCG	42942992	42916829	26163	42937840	5152	42943117	26288	5277
ENSMUST00000107976	CTGGCAGCAGGCTCTGGTAGTCCACGTCTCCTTCCAACCAGCAGAGTAAAGGCACAGACACAGTTGTGCACCGCATATGTATTCAGAGAGACACAAGTATGTAGAGTCATTCATGGCCCAGAGCG	42942992	42917414	25578	42933615	9377	42943117	25703	9502
ENSMUST00000107976	CTGGCAGCAGGCTCTGGTAGTCCACGTCTCCTTCCAACCAGCAGAGTAAAGGCACAGACACAGTTGTGCACCGCATATGTATTCAGAGAGACACAAGTATGTAGAGTCATTCATGGCCCAGAGCG	42942992	42917414	25578	42933778	9214	42943117	25703	9339
ENSMUST00000107976	CTGGCAGCAGGCTCTGGTAGTCCACGTCTCCTTCCAACCAGCAGAGTAAAGGCACAGACACAGTTGTGCACCGCATATGTATTCAGAGAGACACAAGTATGTAGAGTCATTCATGGCCCAGAGCG	42942992	42917414	25578	42937840	5152	42943117	25703	5277
ENSMUST00000107976	CTGGCAGCAGGCTCTGGTAGTCCACGTCTCCTTCCAACCAGCAGAGTAAAGGCACAGACACAGTTGTGCACCGCATATGTATTCAGAGAGACACAAGTATGTAGAGTCATTCATGGCCCAGAGCG	42942992	42917414	25578	42933778	9214	42943117	25703	9339
ENSMUST00000107976	CTGGCAGCAGGCTCTGGTAGTCCACGTCTCCTTCCAACCAGCAGAGTAAAGGCACAGACACAGTTGTGCACCGCATATGTATTCAGAGAGACACAAGTATGTAGAGTCATTCATGGCCCAGAGCG	42942992	42922693	20299	42933778	9214	42943117	20424	9339
ENSMUST00000048371	TTATGAAGGTTGTTTTGCTTGTTGTATATTTGTGTATGTAGTGTAACGAATTTGTACCATAGAGGACTGTCCGTAACTACTGTTTAGCTTCTACACATTGAAATGTAGATGTTTCATTGGCTGTC	76507303	76419009	88294	76438946	68357	76507428	88419	68482
ENSMUST00000048371	TTATGAAGGTTGTTTTGCTTGTTGTATATTTGTGTATGTAGTGTAACGAATTTGTACCATAGAGGACTGTCCGTAACTACTGTTTAGCTTCTACACATTGAAATGTAGATGTTTCATTGGCTGTC	76507303	76419009	88294	76439955	67348	76507428	88419	67473
ENSMUST00000048371	TTATGAAGGTTGTTTTGCTTGTTGTATATTTGTGTATGTAGTGTAACGAATTTGTACCATAGAGGACTGTCCGTAACTACTGTTTAGCTTCTACACATTGAAATGTAGATGTTTCATTGGCTGTC	76507303	76419009	88294	76439955	67348	76507428	88419	67473
ENSMUST00000048371	TTATGAAGGTTGTTTTGCTTGTTGTATATTTGTGTATGTAGTGTAACGAATTTGTACCATAGAGGACTGTCCGTAACTACTGTTTAGCTTCTACACATTGAAATGTAGATGTTTCATTGGCTGTC	76507303	76419009	88294	76505248	2055	76507428	88419	2180
ENSMUST00000101018	ATACCAGAGGCCAGCCTGAACTTCCAGAAAGTGCCGCCTGGCTCTATGAACTCTCACAACTTGGACCAGAACATGAATGACAGCCGAGACGATGCTCTGACCAACAAGACGAGGCCTCGGAACCG	112743429	112733530	9899	112735351	8078	112743678	10148	8327
ENSMUST00000182597	CAAATAAAGCTGTTGACAGCACTTTGAAAACAAGGATCCTGGCCTCTGAGCCTGACAATGCAGAAGGAATCCATAACTTTGCACCACTTGGTACCATCACTTCTAGTAGTCCTACTGCCCAGCCA	74642644	74593249	49395	74594869	47775	74643378	50129	48509
ENSMUST00000182597	CAAATAAAGCTGTTGACAGCACTTTGAAAACAAGGATCCTGGCCTCTGAGCCTGACAATGCAGAAGGAATCCATAACTTTGCACCACTTGGTACCATCACTTCTAGTAGTCCTACTGCCCAGCCA	74642644	74593249	49395	74594869	47775	74643378	50129	48509
ENSMUST00000182597	CAAATAAAGCTGTTGACAGCACTTTGAAAACAAGGATCCTGGCCTCTGAGCCTGACAATGCAGAAGGAATCCATAACTTTGCACCACTTGGTACCATCACTTCTAGTAGTCCTACTGCCCAGCCA	74642644	74606135	36509	74609058	33586	74643378	37243	34320
ENSMUST00000182597	CAAATAAAGCTGTTGACAGCACTTTGAAAACAAGGATCCTGGCCTCTGAGCCTGACAATGCAGAAGGAATCCATAACTTTGCACCACTTGGTACCATCACTTCTAGTAGTCCTACTGCCCAGCCA	74642644	74614432	28212	74618435	24209	74643378	28946	24943
ENSMUST00000182597	CAAATAAAGCTGTTGACAGCACTTTGAAAACAAGGATCCTGGCCTCTGAGCCTGACAATGCAGAAGGAATCCATAACTTTGCACCACTTGGTACCATCACTTCTAGTAGTCCTACTGCCCAGCCA	74642644	74614432	28212	74618435	24209	74643378	28946	24943
ENSMUST00000182597	CAAATAAAGCTGTTGACAGCACTTTGAAAACAAGGATCCTGGCCTCTGAGCCTGACAATGCAGAAGGAATCCATAACTTTGCACCACTTGGTACCATCACTTCTAGTAGTCCTACTGCCCAGCCA	74642644	74618563	24081	74622035	20609	74643378	24815	21343
ENSMUST00000182597	CAAATAAAGCTGTTGACAGCACTTTGAAAACAAGGATCCTGGCCTCTGAGCCTGACAATGCAGAAGGAATCCATAACTTTGCACCACTTGGTACCATCACTTCTAGTAGTCCTACTGCCCAGCCA	74642644	74635896	6748	74639779	2865	74643378	7482	3599
ENSMUST00000182597	CAAATAAAGCTGTTGACAGCACTTTGAAAACAAGGATCCTGGCCTCTGAGCCTGACAATGCAGAAGGAATCCATAACTTTGCACCACTTGGTACCATCACTTCTAGTAGTCCTACTGCCCAGCCA	74642644	74659355	-16711	74662600	-19956	74643378	-15977	-19222
ENSMUST00000182597	CAAATAAAGCTGTTGACAGCACTTTGAAAACAAGGATCCTGGCCTCTGAGCCTGACAATGCAGAAGGAATCCATAACTTTGCACCACTTGGTACCATCACTTCTAGTAGTCCTACTGCCCAGCCA	74642644	74659355	-16711	74668758	-26114	74643378	-15977	-25380
ENSMUST00000182597	CAAATAAAGCTGTTGACAGCACTTTGAAAACAAGGATCCTGGCCTCTGAGCCTGACAATGCAGAAGGAATCCATAACTTTGCACCACTTGGTACCATCACTTCTAGTAGTCCTACTGCCCAGCCA	74642644	74659355	-16711	74668758	-26114	74643378	-15977	-25380
ENSMUST00000182597	CAAATAAAGCTGTTGACAGCACTTTGAAAACAAGGATCCTGGCCTCTGAGCCTGACAATGCAGAAGGAATCCATAACTTTGCACCACTTGGTACCATCACTTCTAGTAGTCCTACTGCCCAGCCA	74642644	74660682	-18038	74668758	-26114	74643378	-17304	-25380
ENSMUST00000182597	CAAATAAAGCTGTTGACAGCACTTTGAAAACAAGGATCCTGGCCTCTGAGCCTGACAATGCAGAAGGAATCCATAACTTTGCACCACTTGGTACCATCACTTCTAGTAGTCCTACTGCCCAGCCA	74642644	74677379	-34735	74689217	-46573	74643378	-34001	-45839
ENSMUST00000078717	GATTTAACGTATGACCCTCCGACTCTTCTGGAATTAGCTGCAAGGACCATTAAGATCCGAAGTATTTCTTACACTCCCTATGACCTTCCTGGGAATCTTCTTAGATACTTGGGTTCAGCCAGCAACTG	37878419	37868980	9439	37881253	-2834	37878547	9567	-2706
ENSMUST00000078717	GATTTAACGTATGACCCTCCGACTCTTCTGGAATTAGCTGCAAGGACCATTAAGATCCGAAGTATTTCTTACACTCCCTATGACCTTCCTGGGAATCTTCTTAGATACTTGGGTTCAGCCAGCAACTG	37878419	37877177	1242	37881253	-2834	37878547	1370	-2706
ENSMUST00000078717	GATTTAACGTATGACCCTCCGACTCTTCTGGAATTAGCTGCAAGGACCATTAAGATCCGAAGTATTTCTTACACTCCCTATGACCTTCCTGGGAATCTTCTTAGATACTTGGGTTCAGCCAGCAACTG	37878419	37868980	9439	37881253	-2834	37878547	9567	-2706
ENSMUST00000078717	GATTTAACGTATGACCCTCCGACTCTTCTGGAATTAGCTGCAAGGACCATTAAGATCCGAAGTATTTCTTACACTCCCTATGACCTTCCTGGGAATCTTCTTAGATACTTGGGTTCAGCCAGCAACTG	37878419	37877177	1242	37881253	-2834	37878547	1370	-2706
ENSMUST00000026292	ACTACACTTTGAATTTTATGCAGATCCTGGAGCTGAGGTCAAAATTGAGAAGAGGACAACTAGTAATACACTACATTATATTCACATAGAACAACTTGACAAGATTTCAGAAAGTCCTTCTGAAATAA	151852505	151800946	51559	151803175	49330	151853558	52612	50383
ENSMUST00000026292	ACTACACTTTGAATTTTATGCAGATCCTGGAGCTGAGGTCAAAATTGAGAAGAGGACAACTAGTAATACACTACATTATATTCACATAGAACAACTTGACAAGATTTCAGAAAGTCCTTCTGAAATAA	151852505	151803569	48936	151804445	48060	151853558	49989	49113
ENSMUST00000026292	ACTACACTTTGAATTTTATGCAGATCCTGGAGCTGAGGTCAAAATTGAGAAGAGGACAACTAGTAATACACTACATTATATTCACATAGAACAACTTGACAAGATTTCAGAAAGTCCTTCTGAAATAA	151852505	151803569	48936	151806271	46234	151853558	49989	47287
ENSMUST00000026292	ACTACACTTTGAATTTTATGCAGATCCTGGAGCTGAGGTCAAAATTGAGAAGAGGACAACTAGTAATACACTACATTATATTCACATAGAACAACTTGACAAGATTTCAGAAAGTCCTTCTGAAATAA	151852505	151803569	48936	151806275	46230	151853558	49989	47283
ENSMUST00000026292	ACTACACTTTGAATTTTATGCAGATCCTGGAGCTGAGGTCAAAATTGAGAAGAGGACAACTAGTAATACACTACATTATATTCACATAGAACAACTTGACAAGATTTCAGAAAGTCCTTCTGAAATAA	151852505	151803802	48703	151806271	46234	151853558	49756	47287
ENSMUST00000026292	ACTACACTTTGAATTTTATGCAGATCCTGGAGCTGAGGTCAAAATTGAGAAGAGGACAACTAGTAATACACTACATTATATTCACATAGAACAACTTGACAAGATTTCAGAAAGTCCTTCTGAAATAA	151852505	151803802	48703	151806275	46230	151853558	49756	47283
ENSMUST00000026292	ACTACACTTTGAATTTTATGCAGATCCTGGAGCTGAGGTCAAAATTGAGAAGAGGACAACTAGTAATACACTACATTATATTCACATAGAACAACTTGACAAGATTTCAGAAAGTCCTTCTGAAATAA	151852505	151800946	51559	151806719	45786	151853558	52612	46839
ENSMUST00000026292	ACTACACTTTGAATTTTATGCAGATCCTGGAGCTGAGGTCAAAATTGAGAAGAGGACAACTAGTAATACACTACATTATATTCACATAGAACAACTTGACAAGATTTCAGAAAGTCCTTCTGAAATAA	151852505	151801366	51139	151806719	45786	151853558	52192	46839
ENSMUST00000026292	ACTACACTTTGAATTTTATGCAGATCCTGGAGCTGAGGTCAAAATTGAGAAGAGGACAACTAGTAATACACTACATTATATTCACATAGAACAACTTGACAAGATTTCAGAAAGTCCTTCTGAAATAA	151852505	151803569	48936	151806719	45786	151853558	49989	46839
ENSMUST00000026292	ACTACACTTTGAATTTTATGCAGATCCTGGAGCTGAGGTCAAAATTGAGAAGAGGACAACTAGTAATACACTACATTATATTCACATAGAACAACTTGACAAGATTTCAGAAAGTCCTTCTGAAATAA	151852505	151803802	48703	151806719	45786	151853558	49756	46839
ENSMUST00000026292	ACTACACTTTGAATTTTATGCAGATCCTGGAGCTGAGGTCAAAATTGAGAAGAGGACAACTAGTAATACACTACATTATATTCACATAGAACAACTTGACAAGATTTCAGAAAGTCCTTCTGAAATAA	151852505	151800946	51559	151806719	45786	151853558	52612	46839
ENSMUST00000026292	ACTACACTTTGAATTTTATGCAGATCCTGGAGCTGAGGTCAAAATTGAGAAGAGGACAACTAGTAATACACTACATTATATTCACATAGAACAACTTGACAAGATTTCAGAAAGTCCTTCTGAAATAA	151852505	151801366	51139	151806719	45786	151853558	52192	46839
ENSMUST00000026292	ACTACACTTTGAATTTTATGCAGATCCTGGAGCTGAGGTCAAAATTGAGAAGAGGACAACTAGTAATACACTACATTATATTCACATAGAACAACTTGACAAGATTTCAGAAAGTCCTTCTGAAATAA	151852505	151803569	48936	151806719	45786	151853558	49989	46839
ENSMUST00000026292	ACTACACTTTGAATTTTATGCAGATCCTGGAGCTGAGGTCAAAATTGAGAAGAGGACAACTAGTAATACACTACATTATATTCACATAGAACAACTTGACAAGATTTCAGAAAGTCCTTCTGAAATAA	151852505	151803802	48703	151806719	45786	151853558	49756	46839
ENSMUST00000026292	ACTACACTTTGAATTTTATGCAGATCCTGGAGCTGAGGTCAAAATTGAGAAGAGGACAACTAGTAATACACTACATTATATTCACATAGAACAACTTGACAAGATTTCAGAAAGTCCTTCTGAAATAA	151852505	151801366	51139	151835223	17282	151853558	52192	18335
ENSMUST00000026292	ACTACACTTTGAATTTTATGCAGATCCTGGAGCTGAGGTCAAAATTGAGAAGAGGACAACTAGTAATACACTACATTATATTCACATAGAACAACTTGACAAGATTTCAGAAAGTCCTTCTGAAATAA	151852505	151803569	48936	151835223	17282	151853558	49989	18335
ENSMUST00000026292	ACTACACTTTGAATTTTATGCAGATCCTGGAGCTGAGGTCAAAATTGAGAAGAGGACAACTAGTAATACACTACATTATATTCACATAGAACAACTTGACAAGATTTCAGAAAGTCCTTCTGAAATAA	151852505	151806860	45645	151840055	12450	151853558	46698	13503
ENSMUST00000026292	ACTACACTTTGAATTTTATGCAGATCCTGGAGCTGAGGTCAAAATTGAGAAGAGGACAACTAGTAATACACTACATTATATTCACATAGAACAACTTGACAAGATTTCAGAAAGTCCTTCTGAAATAA	151852505	151835292	17213	151840055	12450	151853558	18266	13503
ENSMUST00000026292	ACTACACTTTGAATTTTATGCAGATCCTGGAGCTGAGGTCAAAATTGAGAAGAGGACAACTAGTAATACACTACATTATATTCACATAGAACAACTTGACAAGATTTCAGAAAGTCCTTCTGAAATAA	151852505	151857913	-5408	151860166	-7661	151853558	-4355	-6608
ENSMUST00000026292	ACTACACTTTGAATTTTATGCAGATCCTGGAGCTGAGGTCAAAATTGAGAAGAGGACAACTAGTAATACACTACATTATATTCACATAGAACAACTTGACAAGATTTCAGAAAGTCCTTCTGAAATAA	151852505	151870516	-18011	151874532	-22027	151853558	-16958	-20974
ENSMUST00000026292	ACTACACTTTGAATTTTATGCAGATCCTGGAGCTGAGGTCAAAATTGAGAAGAGGACAACTAGTAATACACTACATTATATTCACATAGAACAACTTGACAAGATTTCAGAAAGTCCTTCTGAAATAA	151852505	151905431	-52926	151906950	-54445	151853558	-51873	-53392
ENSMUST00000026292	ACTACACTTTGAATTTTATGCAGATCCTGGAGCTGAGGTCAAAATTGAGAAGAGGACAACTAGTAATACACTACATTATATTCACATAGAACAACTTGACAAGATTTCAGAAAGTCCTTCTGAAATAA	151852505	151905431	-52926	151908727	-56222	151853558	-51873	-55169
ENSMUST00000026292	ACTACACTTTGAATTTTATGCAGATCCTGGAGCTGAGGTCAAAATTGAGAAGAGGACAACTAGTAATACACTACATTATATTCACATAGAACAACTTGACAAGATTTCAGAAAGTCCTTCTGAAATAA	151852505	151907084	-54579	151908727	-56222	151853558	-53526	-55169
ENSMUST00000026292	ACTACACTTTGAATTTTATGCAGATCCTGGAGCTGAGGTCAAAATTGAGAAGAGGACAACTAGTAATACACTACATTATATTCACATAGAACAACTTGACAAGATTTCAGAAAGTCCTTCTGAAATAA	151852505	151920185	-67680	151921261	-68756	151853558	-66627	-67703
ENSMUST00000026292	ACTACACTTTGAATTTTATGCAGATCCTGGAGCTGAGGTCAAAATTGAGAAGAGGACAACTAGTAATACACTACATTATATTCACATAGAACAACTTGACAAGATTTCAGAAAGTCCTTCTGAAATAA	151852505	151924761	-72256	151928152	-75647	151853558	-71203	-74594
ENSMUST00000038863	AAGCGTTGGATTGTTCACCCACTAATAGGGAACGTGAGCTGGGATTAGACCGTCGTGAGACAGGTTAGTTTTACCCTACTGATGATGTGTTGTTGCCATGGTAATCCTGCTCAGTACGAGAGGAACCGCAGC	123462077	123367107	94970	123377700	84377	123462209	95102	84509
ENSMUST00000171187	ATCTTTATGGTGACTATGCTTTTGACGCCAATCGACATGATGATAGTAGGTCAGACAATTTCAATACTGGAAACATGACTGTTCTTTCACCATATTTAAATACTACGGTATTGCCCAGCTCTTCTTCCTCAA	34312440	34221276	91164	34266057	46383	34312572	91296	46515
ENSMUST00000171187	ATCTTTATGGTGACTATGCTTTTGACGCCAATCGACATGATGATAGTAGGTCAGACAATTTCAATACTGGAAACATGACTGTTCTTTCACCATATTTAAATACTACGGTATTGCCCAGCTCTTCTTCCTCAA	34312440	34221276	91164	34268297	44143	34312572	91296	44275
ENSMUST00000171187	ATCTTTATGGTGACTATGCTTTTGACGCCAATCGACATGATGATAGTAGGTCAGACAATTTCAATACTGGAAACATGACTGTTCTTTCACCATATTTAAATACTACGGTATTGCCCAGCTCTTCTTCCTCAA	34312440	34247734	64706	34266057	46383	34312572	64838	46515
ENSMUST00000171187	ATCTTTATGGTGACTATGCTTTTGACGCCAATCGACATGATGATAGTAGGTCAGACAATTTCAATACTGGAAACATGACTGTTCTTTCACCATATTTAAATACTACGGTATTGCCCAGCTCTTCTTCCTCAA	34312440	34247734	64706	34268297	44143	34312572	64838	44275
ENSMUST00000171187	ATCTTTATGGTGACTATGCTTTTGACGCCAATCGACATGATGATAGTAGGTCAGACAATTTCAATACTGGAAACATGACTGTTCTTTCACCATATTTAAATACTACGGTATTGCCCAGCTCTTCTTCCTCAA	34312440	34221276	91164	34268297	44143	34312572	91296	44275
ENSMUST00000171187	ATCTTTATGGTGACTATGCTTTTGACGCCAATCGACATGATGATAGTAGGTCAGACAATTTCAATACTGGAAACATGACTGTTCTTTCACCATATTTAAATACTACGGTATTGCCCAGCTCTTCTTCCTCAA	34312440	34247734	64706	34268297	44143	34312572	64838	44275
ENSMUST00000171187	ATCTTTATGGTGACTATGCTTTTGACGCCAATCGACATGATGATAGTAGGTCAGACAATTTCAATACTGGAAACATGACTGTTCTTTCACCATATTTAAATACTACGGTATTGCCCAGCTCTTCTTCCTCAA	34312440	34261157	51283	34268297	44143	34312572	51415	44275
ENSMUST00000171187	ATCTTTATGGTGACTATGCTTTTGACGCCAATCGACATGATGATAGTAGGTCAGACAATTTCAATACTGGAAACATGACTGTTCTTTCACCATATTTAAATACTACGGTATTGCCCAGCTCTTCTTCCTCAA	34312440	34276677	35763	34289837	22603	34312572	35895	22735
ENSMUST00000171187	ATCTTTATGGTGACTATGCTTTTGACGCCAATCGACATGATGATAGTAGGTCAGACAATTTCAATACTGGAAACATGACTGTTCTTTCACCATATTTAAATACTACGGTATTGCCCAGCTCTTCTTCCTCAA	34312440	34279352	33088	34296030	16410	34312572	33220	16542
ENSMUST00000171187	ATCTTTATGGTGACTATGCTTTTGACGCCAATCGACATGATGATAGTAGGTCAGACAATTTCAATACTGGAAACATGACTGTTCTTTCACCATATTTAAATACTACGGTATTGCCCAGCTCTTCTTCCTCAA	34312440	34247734	64706	34298422	14018	34312572	64838	14150
ENSMUST00000171187	ATCTTTATGGTGACTATGCTTTTGACGCCAATCGACATGATGATAGTAGGTCAGACAATTTCAATACTGGAAACATGACTGTTCTTTCACCATATTTAAATACTACGGTATTGCCCAGCTCTTCTTCCTCAA	34312440	34279352	33088	34296030	16410	34312572	33220	16542
ENSMUST00000171187	ATCTTTATGGTGACTATGCTTTTGACGCCAATCGACATGATGATAGTAGGTCAGACAATTTCAATACTGGAAACATGACTGTTCTTTCACCATATTTAAATACTACGGTATTGCCCAGCTCTTCTTCCTCAA	34312440	34289942	22498	34298422	14018	34312572	22630	14150
ENSMUST00000171187	ATCTTTATGGTGACTATGCTTTTGACGCCAATCGACATGATGATAGTAGGTCAGACAATTTCAATACTGGAAACATGACTGTTCTTTCACCATATTTAAATACTACGGTATTGCCCAGCTCTTCTTCCTCAA	34312440	34298801	13639	34304582	7858	34312572	13771	7990
ENSMUST00000171187	ATCTTTATGGTGACTATGCTTTTGACGCCAATCGACATGATGATAGTAGGTCAGACAATTTCAATACTGGAAACATGACTGTTCTTTCACCATATTTAAATACTACGGTATTGCCCAGCTCTTCTTCCTCAA	34312440	34304722	7718	34306262	6178	34312572	7850	6310
ENSMUST00000169061	CCCTGACCGGCTTCATGATGAACTCTGGTACAACGACCCAGGCCAGATGAACGATGGACCGCTTTGCAAATGCAGTGCAAAAGCCAGACGCACAGGAATCCGCCACAGCATTTATCCCGGAGAAGAGGCAATC	12848170	12842531	5639	12848052	118	12859389	16858	11337
ENSMUST00000169061	CCCTGACCGGCTTCATGATGAACTCTGGTACAACGACCCAGGCCAGATGAACGATGGACCGCTTTGCAAATGCAGTGCAAAAGCCAGACGCACAGGAATCCGCCACAGCATTTATCCCGGAGAAGAGGCAATC	12848170	12842531	5639	12851795	-3625	12859389	16858	7594
ENSMUST00000169061	CCCTGACCGGCTTCATGATGAACTCTGGTACAACGACCCAGGCCAGATGAACGATGGACCGCTTTGCAAATGCAGTGCAAAAGCCAGACGCACAGGAATCCGCCACAGCATTTATCCCGGAGAAGAGGCAATC	12848170	12848207	-37	12859372	-11202	12859389	11182	17
ENSMUST00000169061	CCCTGACCGGCTTCATGATGAACTCTGGTACAACGACCCAGGCCAGATGAACGATGGACCGCTTTGCAAATGCAGTGCAAAAGCCAGACGCACAGGAATCCGCCACAGCATTTATCCCGGAGAAGAGGCAATC	12848170	12865098	-16928	12867595	-19425	12859389	-5709	-8206
ENSMUST00000169061	CCCTGACCGGCTTCATGATGAACTCTGGTACAACGACCCAGGCCAGATGAACGATGGACCGCTTTGCAAATGCAGTGCAAAAGCCAGACGCACAGGAATCCGCCACAGCATTTATCCCGGAGAAGAGGCAATC	12848170	12885095	-36925	12901102	-52932	12859389	-25706	-41713
ENSMUST00000169061	CCCTGACCGGCTTCATGATGAACTCTGGTACAACGACCCAGGCCAGATGAACGATGGACCGCTTTGCAAATGCAGTGCAAAAGCCAGACGCACAGGAATCCGCCACAGCATTTATCCCGGAGAAGAGGCAATC	12848170	12889726	-41556	12890486	-42316	12859389	-30337	-31097
ENSMUST00000169061	CCCTGACCGGCTTCATGATGAACTCTGGTACAACGACCCAGGCCAGATGAACGATGGACCGCTTTGCAAATGCAGTGCAAAAGCCAGACGCACAGGAATCCGCCACAGCATTTATCCCGGAGAAGAGGCAATC	12848170	12889726	-41556	12901102	-52932	12859389	-30337	-41713
ENSMUST00000169061	CCCTGACCGGCTTCATGATGAACTCTGGTACAACGACCCAGGCCAGATGAACGATGGACCGCTTTGCAAATGCAGTGCAAAAGCCAGACGCACAGGAATCCGCCACAGCATTTATCCCGGAGAAGAGGCAATC	12848170	12889726	-41556	12901102	-52932	12859389	-30337	-41713
ENSMUST00000169061	CCCTGACCGGCTTCATGATGAACTCTGGTACAACGACCCAGGCCAGATGAACGATGGACCGCTTTGCAAATGCAGTGCAAAAGCCAGACGCACAGGAATCCGCCACAGCATTTATCCCGGAGAAGAGGCAATC	12848170	12890172	-42002	12901102	-52932	12859389	-30783	-41713
ENSMUST00000169061	CCCTGACCGGCTTCATGATGAACTCTGGTACAACGACCCAGGCCAGATGAACGATGGACCGCTTTGCAAATGCAGTGCAAAAGCCAGACGCACAGGAATCCGCCACAGCATTTATCCCGGAGAAGAGGCAATC	12848170	12902684	-54514	12912510	-64340	12859389	-43295	-53121
ENSMUST00000169061	CCCTGACCGGCTTCATGATGAACTCTGGTACAACGACCCAGGCCAGATGAACGATGGACCGCTTTGCAAATGCAGTGCAAAAGCCAGACGCACAGGAATCCGCCACAGCATTTATCCCGGAGAAGAGGCAATC	12848170	12905701	-57531	12912510	-64340	12859389	-46312	-53121
ENSMUST00000169061	CCCTGACCGGCTTCATGATGAACTCTGGTACAACGACCCAGGCCAGATGAACGATGGACCGCTTTGCAAATGCAGTGCAAAAGCCAGACGCACAGGAATCCGCCACAGCATTTATCCCGGAGAAGAGGCAATC	12848170	12905701	-57531	12913898	-65728	12859389	-46312	-54509
ENSMUST00000169061	CCCTGACCGGCTTCATGATGAACTCTGGTACAACGACCCAGGCCAGATGAACGATGGACCGCTTTGCAAATGCAGTGCAAAAGCCAGACGCACAGGAATCCGCCACAGCATTTATCCCGGAGAAGAGGCAATC	12848170	12926073	-77903	12928862	-80692	12859389	-66684	-69473
ENSMUST00000090302	GAACAACGGTATTATCAGTAGTTACCTCTGGGCCAGGTTGGAAATGAAATCAATTTTTTTAAACCACTAATAACTTGCCAAGAAATCGCCTTATGAGAACATGGTGTGTGTCTCTGACAGTGCATGGCACATC	28476202	27622614	853588	27776825	699377	28476335	853721	699510
ENSMUST00000090302	GAACAACGGTATTATCAGTAGTTACCTCTGGGCCAGGTTGGAAATGAAATCAATTTTTTTAAACCACTAATAACTTGCCAAGAAATCGCCTTATGAGAACATGGTGTGTGTCTCTGACAGTGCATGGCACATC	28476202	27653483	822719	27876586	599616	28476335	822852	599749
ENSMUST00000090302	GAACAACGGTATTATCAGTAGTTACCTCTGGGCCAGGTTGGAAATGAAATCAATTTTTTTAAACCACTAATAACTTGCCAAGAAATCGCCTTATGAGAACATGGTGTGTGTCTCTGACAGTGCATGGCACATC	28476202	27777242	698960	27898565	577637	28476335	699093	577770
ENSMUST00000090302	GAACAACGGTATTATCAGTAGTTACCTCTGGGCCAGGTTGGAAATGAAATCAATTTTTTTAAACCACTAATAACTTGCCAAGAAATCGCCTTATGAGAACATGGTGTGTGTCTCTGACAGTGCATGGCACATC	28476202	27876661	599541	27912812	563390	28476335	599674	563523
ENSMUST00000090302	GAACAACGGTATTATCAGTAGTTACCTCTGGGCCAGGTTGGAAATGAAATCAATTTTTTTAAACCACTAATAACTTGCCAAGAAATCGCCTTATGAGAACATGGTGTGTGTCTCTGACAGTGCATGGCACATC	28476202	27898721	577481	27966395	509807	28476335	577614	509940
ENSMUST00000090302	GAACAACGGTATTATCAGTAGTTACCTCTGGGCCAGGTTGGAAATGAAATCAATTTTTTTAAACCACTAATAACTTGCCAAGAAATCGCCTTATGAGAACATGGTGTGTGTCTCTGACAGTGCATGGCACATC	28476202	27912980	563222	28011635	464567	28476335	563355	464700
ENSMUST00000090302	GAACAACGGTATTATCAGTAGTTACCTCTGGGCCAGGTTGGAAATGAAATCAATTTTTTTAAACCACTAATAACTTGCCAAGAAATCGCCTTATGAGAACATGGTGTGTGTCTCTGACAGTGCATGGCACATC	28476202	27966563	509639	28021961	454241	28476335	509772	454374
ENSMUST00000090302	GAACAACGGTATTATCAGTAGTTACCTCTGGGCCAGGTTGGAAATGAAATCAATTTTTTTAAACCACTAATAACTTGCCAAGAAATCGCCTTATGAGAACATGGTGTGTGTCTCTGACAGTGCATGGCACATC	28476202	28025173	451029	28080131	396071	28476335	451162	396204
ENSMUST00000090302	GAACAACGGTATTATCAGTAGTTACCTCTGGGCCAGGTTGGAAATGAAATCAATTTTTTTAAACCACTAATAACTTGCCAAGAAATCGCCTTATGAGAACATGGTGTGTGTCTCTGACAGTGCATGGCACATC	28476202	28025173	451029	28141220	334982	28476335	451162	335115
ENSMUST00000090302	GAACAACGGTATTATCAGTAGTTACCTCTGGGCCAGGTTGGAAATGAAATCAATTTTTTTAAACCACTAATAACTTGCCAAGAAATCGCCTTATGAGAACATGGTGTGTGTCTCTGACAGTGCATGGCACATC	28476202	28025173	451029	28141220	334982	28476335	451162	335115
ENSMUST00000090302	GAACAACGGTATTATCAGTAGTTACCTCTGGGCCAGGTTGGAAATGAAATCAATTTTTTTAAACCACTAATAACTTGCCAAGAAATCGCCTTATGAGAACATGGTGTGTGTCTCTGACAGTGCATGGCACATC	28476202	28040536	435666	28141220	334982	28476335	435799	335115
ENSMUST00000090302	GAACAACGGTATTATCAGTAGTTACCTCTGGGCCAGGTTGGAAATGAAATCAATTTTTTTAAACCACTAATAACTTGCCAAGAAATCGCCTTATGAGAACATGGTGTGTGTCTCTGACAGTGCATGGCACATC	28476202	28025173	451029	28302875	173327	28476335	451162	173460
ENSMUST00000090302	GAACAACGGTATTATCAGTAGTTACCTCTGGGCCAGGTTGGAAATGAAATCAATTTTTTTAAACCACTAATAACTTGCCAAGAAATCGCCTTATGAGAACATGGTGTGTGTCTCTGACAGTGCATGGCACATC	28476202	28040536	435666	28271577	204625	28476335	435799	204758
ENSMUST00000090302	GAACAACGGTATTATCAGTAGTTACCTCTGGGCCAGGTTGGAAATGAAATCAATTTTTTTAAACCACTAATAACTTGCCAAGAAATCGCCTTATGAGAACATGGTGTGTGTCTCTGACAGTGCATGGCACATC	28476202	28141381	334821	28302875	173327	28476335	334954	173460
ENSMUST00000114018	ATCACACAGTCCCCAAGCAGGTCCAGCGTGGCATCACCCCGACGACTCAGCAACGTCTCATCTTCTGGAAGCATCAACCTGCTCGAATCCCCTCAGCTTGCCACTTTGGCTGAGGATGTCACTGCGGCGCTTGC	66438870	66175495	263375	66251661	187209	66439004	263509	187343
ENSMUST00000114018	ATCACACAGTCCCCAAGCAGGTCCAGCGTGGCATCACCCCGACGACTCAGCAACGTCTCATCTTCTGGAAGCATCAACCTGCTCGAATCCCCTCAGCTTGCCACTTTGGCTGAGGATGTCACTGCGGCGCTTGC	66438870	66175698	263172	66251661	187209	66439004	263306	187343
ENSMUST00000114018	ATCACACAGTCCCCAAGCAGGTCCAGCGTGGCATCACCCCGACGACTCAGCAACGTCTCATCTTCTGGAAGCATCAACCTGCTCGAATCCCCTCAGCTTGCCACTTTGGCTGAGGATGTCACTGCGGCGCTTGC	66438870	66175495	263375	66322403	116467	66439004	263509	116601
ENSMUST00000114018	ATCACACAGTCCCCAAGCAGGTCCAGCGTGGCATCACCCCGACGACTCAGCAACGTCTCATCTTCTGGAAGCATCAACCTGCTCGAATCCCCTCAGCTTGCCACTTTGGCTGAGGATGTCACTGCGGCGCTTGC	66438870	66175495	263375	66362202	76668	66439004	263509	76802
ENSMUST00000114018	ATCACACAGTCCCCAAGCAGGTCCAGCGTGGCATCACCCCGACGACTCAGCAACGTCTCATCTTCTGGAAGCATCAACCTGCTCGAATCCCCTCAGCTTGCCACTTTGGCTGAGGATGTCACTGCGGCGCTTGC	66438870	66175495	263375	66362202	76668	66439004	263509	76802
ENSMUST00000114018	ATCACACAGTCCCCAAGCAGGTCCAGCGTGGCATCACCCCGACGACTCAGCAACGTCTCATCTTCTGGAAGCATCAACCTGCTCGAATCCCCTCAGCTTGCCACTTTGGCTGAGGATGTCACTGCGGCGCTTGC	66438870	66251712	187158	66362202	76668	66439004	187292	76802
ENSMUST00000114018	ATCACACAGTCCCCAAGCAGGTCCAGCGTGGCATCACCCCGACGACTCAGCAACGTCTCATCTTCTGGAAGCATCAACCTGCTCGAATCCCCTCAGCTTGCCACTTTGGCTGAGGATGTCACTGCGGCGCTTGC	66438870	66251712	187158	66380488	58382	66439004	187292	58516
ENSMUST00000114018	ATCACACAGTCCCCAAGCAGGTCCAGCGTGGCATCACCCCGACGACTCAGCAACGTCTCATCTTCTGGAAGCATCAACCTGCTCGAATCCCCTCAGCTTGCCACTTTGGCTGAGGATGTCACTGCGGCGCTTGC	66438870	66322334	116536	66362202	76668	66439004	116670	76802
ENSMUST00000114018	ATCACACAGTCCCCAAGCAGGTCCAGCGTGGCATCACCCCGACGACTCAGCAACGTCTCATCTTCTGGAAGCATCAACCTGCTCGAATCCCCTCAGCTTGCCACTTTGGCTGAGGATGTCACTGCGGCGCTTGC	66438870	66251712	187158	66380488	58382	66439004	187292	58516
ENSMUST00000114018	ATCACACAGTCCCCAAGCAGGTCCAGCGTGGCATCACCCCGACGACTCAGCAACGTCTCATCTTCTGGAAGCATCAACCTGCTCGAATCCCCTCAGCTTGCCACTTTGGCTGAGGATGTCACTGCGGCGCTTGC	66438870	66322468	116402	66380488	58382	66439004	116536	58516
ENSMUST00000114018	ATCACACAGTCCCCAAGCAGGTCCAGCGTGGCATCACCCCGACGACTCAGCAACGTCTCATCTTCTGGAAGCATCAACCTGCTCGAATCCCCTCAGCTTGCCACTTTGGCTGAGGATGTCACTGCGGCGCTTGC	66438870	66322468	116402	66399388	39482	66439004	116536	39616
ENSMUST00000114018	ATCACACAGTCCCCAAGCAGGTCCAGCGTGGCATCACCCCGACGACTCAGCAACGTCTCATCTTCTGGAAGCATCAACCTGCTCGAATCCCCTCAGCTTGCCACTTTGGCTGAGGATGTCACTGCGGCGCTTGC	66438870	66322468	116402	66399388	39482	66439004	116536	39616
ENSMUST00000114018	ATCACACAGTCCCCAAGCAGGTCCAGCGTGGCATCACCCCGACGACTCAGCAACGTCTCATCTTCTGGAAGCATCAACCTGCTCGAATCCCCTCAGCTTGCCACTTTGGCTGAGGATGTCACTGCGGCGCTTGC	66438870	66362280	76590	66399388	39482	66439004	76724	39616
ENSMUST00000114018	ATCACACAGTCCCCAAGCAGGTCCAGCGTGGCATCACCCCGACGACTCAGCAACGTCTCATCTTCTGGAAGCATCAACCTGCTCGAATCCCCTCAGCTTGCCACTTTGGCTGAGGATGTCACTGCGGCGCTTGC	66438870	66401521	37349	66412406	26464	66439004	37483	26598
ENSMUST00000114018	ATCACACAGTCCCCAAGCAGGTCCAGCGTGGCATCACCCCGACGACTCAGCAACGTCTCATCTTCTGGAAGCATCAACCTGCTCGAATCCCCTCAGCTTGCCACTTTGGCTGAGGATGTCACTGCGGCGCTTGC	66438870	66401521	37349	66416343	22527	66439004	37483	22661
ENSMUST00000114018	ATCACACAGTCCCCAAGCAGGTCCAGCGTGGCATCACCCCGACGACTCAGCAACGTCTCATCTTCTGGAAGCATCAACCTGCTCGAATCCCCTCAGCTTGCCACTTTGGCTGAGGATGTCACTGCGGCGCTTGC	66438870	66401521	37349	66416731	22139	66439004	37483	22273
ENSMUST00000114018	ATCACACAGTCCCCAAGCAGGTCCAGCGTGGCATCACCCCGACGACTCAGCAACGTCTCATCTTCTGGAAGCATCAACCTGCTCGAATCCCCTCAGCTTGCCACTTTGGCTGAGGATGTCACTGCGGCGCTTGC	66438870	66401521	37349	66416731	22139	66439004	37483	22273
ENSMUST00000114018	ATCACACAGTCCCCAAGCAGGTCCAGCGTGGCATCACCCCGACGACTCAGCAACGTCTCATCTTCTGGAAGCATCAACCTGCTCGAATCCCCTCAGCTTGCCACTTTGGCTGAGGATGTCACTGCGGCGCTTGC	66438870	66401521	37349	66420134	18736	66439004	37483	18870
ENSMUST00000114018	ATCACACAGTCCCCAAGCAGGTCCAGCGTGGCATCACCCCGACGACTCAGCAACGTCTCATCTTCTGGAAGCATCAACCTGCTCGAATCCCCTCAGCTTGCCACTTTGGCTGAGGATGTCACTGCGGCGCTTGC	66438870	66416147	22723	66416731	22139	66439004	22857	22273
ENSMUST00000114018	ATCACACAGTCCCCAAGCAGGTCCAGCGTGGCATCACCCCGACGACTCAGCAACGTCTCATCTTCTGGAAGCATCAACCTGCTCGAATCCCCTCAGCTTGCCACTTTGGCTGAGGATGTCACTGCGGCGCTTGC	66438870	66401521	37349	66420134	18736	66439004	37483	18870
ENSMUST00000114018	ATCACACAGTCCCCAAGCAGGTCCAGCGTGGCATCACCCCGACGACTCAGCAACGTCTCATCTTCTGGAAGCATCAACCTGCTCGAATCCCCTCAGCTTGCCACTTTGGCTGAGGATGTCACTGCGGCGCTTGC	66438870	66416550	22320	66420134	18736	66439004	22454	18870
ENSMUST00000114018	ATCACACAGTCCCCAAGCAGGTCCAGCGTGGCATCACCCCGACGACTCAGCAACGTCTCATCTTCTGGAAGCATCAACCTGCTCGAATCCCCTCAGCTTGCCACTTTGGCTGAGGATGTCACTGCGGCGCTTGC	66438870	66425528	13342	66433513	5357	66439004	13476	5491
ENSMUST00000114018	ATCACACAGTCCCCAAGCAGGTCCAGCGTGGCATCACCCCGACGACTCAGCAACGTCTCATCTTCTGGAAGCATCAACCTGCTCGAATCCCCTCAGCTTGCCACTTTGGCTGAGGATGTCACTGCGGCGCTTGC	66438870	66175495	263375	66251661	187209	66439004	263509	187343
ENSMUST00000114018	ATCACACAGTCCCCAAGCAGGTCCAGCGTGGCATCACCCCGACGACTCAGCAACGTCTCATCTTCTGGAAGCATCAACCTGCTCGAATCCCCTCAGCTTGCCACTTTGGCTGAGGATGTCACTGCGGCGCTTGC	66438870	66175698	263172	66251661	187209	66439004	263306	187343
ENSMUST00000114018	ATCACACAGTCCCCAAGCAGGTCCAGCGTGGCATCACCCCGACGACTCAGCAACGTCTCATCTTCTGGAAGCATCAACCTGCTCGAATCCCCTCAGCTTGCCACTTTGGCTGAGGATGTCACTGCGGCGCTTGC	66438870	66175495	263375	66322403	116467	66439004	263509	116601
ENSMUST00000114018	ATCACACAGTCCCCAAGCAGGTCCAGCGTGGCATCACCCCGACGACTCAGCAACGTCTCATCTTCTGGAAGCATCAACCTGCTCGAATCCCCTCAGCTTGCCACTTTGGCTGAGGATGTCACTGCGGCGCTTGC	66438870	66175495	263375	66362202	76668	66439004	263509	76802
ENSMUST00000114018	ATCACACAGTCCCCAAGCAGGTCCAGCGTGGCATCACCCCGACGACTCAGCAACGTCTCATCTTCTGGAAGCATCAACCTGCTCGAATCCCCTCAGCTTGCCACTTTGGCTGAGGATGTCACTGCGGCGCTTGC	66438870	66175495	263375	66362202	76668	66439004	263509	76802
ENSMUST00000114018	ATCACACAGTCCCCAAGCAGGTCCAGCGTGGCATCACCCCGACGACTCAGCAACGTCTCATCTTCTGGAAGCATCAACCTGCTCGAATCCCCTCAGCTTGCCACTTTGGCTGAGGATGTCACTGCGGCGCTTGC	66438870	66251712	187158	66362202	76668	66439004	187292	76802
ENSMUST00000114018	ATCACACAGTCCCCAAGCAGGTCCAGCGTGGCATCACCCCGACGACTCAGCAACGTCTCATCTTCTGGAAGCATCAACCTGCTCGAATCCCCTCAGCTTGCCACTTTGGCTGAGGATGTCACTGCGGCGCTTGC	66438870	66251712	187158	66380488	58382	66439004	187292	58516
ENSMUST00000114018	ATCACACAGTCCCCAAGCAGGTCCAGCGTGGCATCACCCCGACGACTCAGCAACGTCTCATCTTCTGGAAGCATCAACCTGCTCGAATCCCCTCAGCTTGCCACTTTGGCTGAGGATGTCACTGCGGCGCTTGC	66438870	66322334	116536	66362202	76668	66439004	116670	76802
ENSMUST00000114018	ATCACACAGTCCCCAAGCAGGTCCAGCGTGGCATCACCCCGACGACTCAGCAACGTCTCATCTTCTGGAAGCATCAACCTGCTCGAATCCCCTCAGCTTGCCACTTTGGCTGAGGATGTCACTGCGGCGCTTGC	66438870	66251712	187158	66380488	58382	66439004	187292	58516
ENSMUST00000114018	ATCACACAGTCCCCAAGCAGGTCCAGCGTGGCATCACCCCGACGACTCAGCAACGTCTCATCTTCTGGAAGCATCAACCTGCTCGAATCCCCTCAGCTTGCCACTTTGGCTGAGGATGTCACTGCGGCGCTTGC	66438870	66322468	116402	66380488	58382	66439004	116536	58516
ENSMUST00000114018	ATCACACAGTCCCCAAGCAGGTCCAGCGTGGCATCACCCCGACGACTCAGCAACGTCTCATCTTCTGGAAGCATCAACCTGCTCGAATCCCCTCAGCTTGCCACTTTGGCTGAGGATGTCACTGCGGCGCTTGC	66438870	66322468	116402	66399388	39482	66439004	116536	39616
ENSMUST00000114018	ATCACACAGTCCCCAAGCAGGTCCAGCGTGGCATCACCCCGACGACTCAGCAACGTCTCATCTTCTGGAAGCATCAACCTGCTCGAATCCCCTCAGCTTGCCACTTTGGCTGAGGATGTCACTGCGGCGCTTGC	66438870	66322468	116402	66399388	39482	66439004	116536	39616
ENSMUST00000114018	ATCACACAGTCCCCAAGCAGGTCCAGCGTGGCATCACCCCGACGACTCAGCAACGTCTCATCTTCTGGAAGCATCAACCTGCTCGAATCCCCTCAGCTTGCCACTTTGGCTGAGGATGTCACTGCGGCGCTTGC	66438870	66362280	76590	66399388	39482	66439004	76724	39616
ENSMUST00000114018	ATCACACAGTCCCCAAGCAGGTCCAGCGTGGCATCACCCCGACGACTCAGCAACGTCTCATCTTCTGGAAGCATCAACCTGCTCGAATCCCCTCAGCTTGCCACTTTGGCTGAGGATGTCACTGCGGCGCTTGC	66438870	66401521	37349	66412406	26464	66439004	37483	26598
ENSMUST00000114018	ATCACACAGTCCCCAAGCAGGTCCAGCGTGGCATCACCCCGACGACTCAGCAACGTCTCATCTTCTGGAAGCATCAACCTGCTCGAATCCCCTCAGCTTGCCACTTTGGCTGAGGATGTCACTGCGGCGCTTGC	66438870	66401521	37349	66416343	22527	66439004	37483	22661
ENSMUST00000114018	ATCACACAGTCCCCAAGCAGGTCCAGCGTGGCATCACCCCGACGACTCAGCAACGTCTCATCTTCTGGAAGCATCAACCTGCTCGAATCCCCTCAGCTTGCCACTTTGGCTGAGGATGTCACTGCGGCGCTTGC	66438870	66401521	37349	66416731	22139	66439004	37483	22273
ENSMUST00000114018	ATCACACAGTCCCCAAGCAGGTCCAGCGTGGCATCACCCCGACGACTCAGCAACGTCTCATCTTCTGGAAGCATCAACCTGCTCGAATCCCCTCAGCTTGCCACTTTGGCTGAGGATGTCACTGCGGCGCTTGC	66438870	66401521	37349	66416731	22139	66439004	37483	22273
ENSMUST00000114018	ATCACACAGTCCCCAAGCAGGTCCAGCGTGGCATCACCCCGACGACTCAGCAACGTCTCATCTTCTGGAAGCATCAACCTGCTCGAATCCCCTCAGCTTGCCACTTTGGCTGAGGATGTCACTGCGGCGCTTGC	66438870	66401521	37349	66420134	18736	66439004	37483	18870
ENSMUST00000114018	ATCACACAGTCCCCAAGCAGGTCCAGCGTGGCATCACCCCGACGACTCAGCAACGTCTCATCTTCTGGAAGCATCAACCTGCTCGAATCCCCTCAGCTTGCCACTTTGGCTGAGGATGTCACTGCGGCGCTTGC	66438870	66416147	22723	66416731	22139	66439004	22857	22273
ENSMUST00000114018	ATCACACAGTCCCCAAGCAGGTCCAGCGTGGCATCACCCCGACGACTCAGCAACGTCTCATCTTCTGGAAGCATCAACCTGCTCGAATCCCCTCAGCTTGCCACTTTGGCTGAGGATGTCACTGCGGCGCTTGC	66438870	66401521	37349	66420134	18736	66439004	37483	18870
ENSMUST00000114018	ATCACACAGTCCCCAAGCAGGTCCAGCGTGGCATCACCCCGACGACTCAGCAACGTCTCATCTTCTGGAAGCATCAACCTGCTCGAATCCCCTCAGCTTGCCACTTTGGCTGAGGATGTCACTGCGGCGCTTGC	66438870	66416550	22320	66420134	18736	66439004	22454	18870
ENSMUST00000114018	ATCACACAGTCCCCAAGCAGGTCCAGCGTGGCATCACCCCGACGACTCAGCAACGTCTCATCTTCTGGAAGCATCAACCTGCTCGAATCCCCTCAGCTTGCCACTTTGGCTGAGGATGTCACTGCGGCGCTTGC	66438870	66425528	13342	66433513	5357	66439004	13476	5491
ENSMUST00000120204	CGGCCCCCGCTCCTGCTGCTGACGGCGCCCAGGGCAAGGGACATAGGATGACCCCAGCCTGTCCCCTCTTACTGTCTGTGATTCTGTCCCTGCGCCTGGCCACGGCCTTCGACCCTGCCCCCAGTGCCTGCTCT	129985276	129992879	-7603	130005389	-20113	129992157	-722	-13232
ENSMUST00000120204	CGGCCCCCGCTCCTGCTGCTGACGGCGCCCAGGGCAAGGGACATAGGATGACCCCAGCCTGTCCCCTCTTACTGTCTGTGATTCTGTCCCTGCGCCTGGCCACGGCCTTCGACCCTGCCCCCAGTGCCTGCTCT	129985276	129992879	-7603	130007561	-22285	129992157	-722	-15404
ENSMUST00000120204	CGGCCCCCGCTCCTGCTGCTGACGGCGCCCAGGGCAAGGGACATAGGATGACCCCAGCCTGTCCCCTCTTACTGTCTGTGATTCTGTCCCTGCGCCTGGCCACGGCCTTCGACCCTGCCCCCAGTGCCTGCTCT	129985276	129992879	-7603	130007561	-22285	129992157	-722	-15404
ENSMUST00000120204	CGGCCCCCGCTCCTGCTGCTGACGGCGCCCAGGGCAAGGGACATAGGATGACCCCAGCCTGTCCCCTCTTACTGTCTGTGATTCTGTCCCTGCGCCTGGCCACGGCCTTCGACCCTGCCCCCAGTGCCTGCTCT	129985276	130005108	-19832	130006751	-21475	129992157	-12951	-14594
ENSMUST00000120204	CGGCCCCCGCTCCTGCTGCTGACGGCGCCCAGGGCAAGGGACATAGGATGACCCCAGCCTGTCCCCTCTTACTGTCTGTGATTCTGTCCCTGCGCCTGGCCACGGCCTTCGACCCTGCCCCCAGTGCCTGCTCT	129985276	130005108	-19832	130007561	-22285	129992157	-12951	-15404
ENSMUST00000120204	CGGCCCCCGCTCCTGCTGCTGACGGCGCCCAGGGCAAGGGACATAGGATGACCCCAGCCTGTCCCCTCTTACTGTCTGTGATTCTGTCCCTGCGCCTGGCCACGGCCTTCGACCCTGCCCCCAGTGCCTGCTCT	129985276	130005108	-19832	130007561	-22285	129992157	-12951	-15404
ENSMUST00000120204	CGGCCCCCGCTCCTGCTGCTGACGGCGCCCAGGGCAAGGGACATAGGATGACCCCAGCCTGTCCCCTCTTACTGTCTGTGATTCTGTCCCTGCGCCTGGCCACGGCCTTCGACCCTGCCCCCAGTGCCTGCTCT	129985276	130005554	-20278	130007561	-22285	129992157	-13397	-15404
ENSMUST00000120204	CGGCCCCCGCTCCTGCTGCTGACGGCGCCCAGGGCAAGGGACATAGGATGACCCCAGCCTGTCCCCTCTTACTGTCTGTGATTCTGTCCCTGCGCCTGGCCACGGCCTTCGACCCTGCCCCCAGTGCCTGCTCT	129985276	130014636	-29360	130016633	-31357	129992157	-22479	-24476
ENSMUST00000120204	CGGCCCCCGCTCCTGCTGCTGACGGCGCCCAGGGCAAGGGACATAGGATGACCCCAGCCTGTCCCCTCTTACTGTCTGTGATTCTGTCCCTGCGCCTGGCCACGGCCTTCGACCCTGCCCCCAGTGCCTGCTCT	129985276	130014636	-29360	130017061	-31785	129992157	-22479	-24904
ENSMUST00000120204	CGGCCCCCGCTCCTGCTGCTGACGGCGCCCAGGGCAAGGGACATAGGATGACCCCAGCCTGTCCCCTCTTACTGTCTGTGATTCTGTCCCTGCGCCTGGCCACGGCCTTCGACCCTGCCCCCAGTGCCTGCTCT	129985276	130014636	-29360	130017061	-31785	129992157	-22479	-24904
ENSMUST00000120204	CGGCCCCCGCTCCTGCTGCTGACGGCGCCCAGGGCAAGGGACATAGGATGACCCCAGCCTGTCCCCTCTTACTGTCTGTGATTCTGTCCCTGCGCCTGGCCACGGCCTTCGACCCTGCCCCCAGTGCCTGCTCT	129985276	130015033	-29757	130017061	-31785	129992157	-22876	-24904
ENSMUST00000120204	CGGCCCCCGCTCCTGCTGCTGACGGCGCCCAGGGCAAGGGACATAGGATGACCCCAGCCTGTCCCCTCTTACTGTCTGTGATTCTGTCCCTGCGCCTGGCCACGGCCTTCGACCCTGCCCCCAGTGCCTGCTCT	129985276	130017624	-32348	130018660	-33384	129992157	-25467	-26503
ENSMUST00000120204	CGGCCCCCGCTCCTGCTGCTGACGGCGCCCAGGGCAAGGGACATAGGATGACCCCAGCCTGTCCCCTCTTACTGTCTGTGATTCTGTCCCTGCGCCTGGCCACGGCCTTCGACCCTGCCCCCAGTGCCTGCTCT	129985276	130021254	-35978	130022149	-36873	129992157	-29097	-29992
ENSMUST00000174641	CTTGAGTCCACCAGACATCGGAGTGGCCAGTCTGGACTTTGATCCCATGTCATTTCAATGTAGTCCTCCAAAAGCTGAGTCAGAGTGTCTGGAGAGTGGTGCTTCCTTTCTGGATTCATTAGGTTATACCAGGGAT	32255386	32129678	125708	32153039	102347	32255522	125844	102483
ENSMUST00000174641	CTTGAGTCCACCAGACATCGGAGTGGCCAGTCTGGACTTTGATCCCATGTCATTTCAATGTAGTCCTCCAAAAGCTGAGTCAGAGTGTCTGGAGAGTGGTGCTTCCTTTCTGGATTCATTAGGTTATACCAGGGAT	32255386	32152013	103373	32153039	102347	32255522	103509	102483
ENSMUST00000174641	CTTGAGTCCACCAGACATCGGAGTGGCCAGTCTGGACTTTGATCCCATGTCATTTCAATGTAGTCCTCCAAAAGCTGAGTCAGAGTGTCTGGAGAGTGGTGCTTCCTTTCTGGATTCATTAGGTTATACCAGGGAT	32255386	32129678	125708	32170089	85297	32255522	125844	85433
ENSMUST00000174641	CTTGAGTCCACCAGACATCGGAGTGGCCAGTCTGGACTTTGATCCCATGTCATTTCAATGTAGTCCTCCAAAAGCTGAGTCAGAGTGTCTGGAGAGTGGTGCTTCCTTTCTGGATTCATTAGGTTATACCAGGGAT	32255386	32152709	102677	32170089	85297	32255522	102813	85433
ENSMUST00000174641	CTTGAGTCCACCAGACATCGGAGTGGCCAGTCTGGACTTTGATCCCATGTCATTTCAATGTAGTCCTCCAAAAGCTGAGTCAGAGTGTCTGGAGAGTGGTGCTTCCTTTCTGGATTCATTAGGTTATACCAGGGAT	32255386	32153124	102262	32208183	47203	32255522	102398	47339
ENSMUST00000174641	CTTGAGTCCACCAGACATCGGAGTGGCCAGTCTGGACTTTGATCCCATGTCATTTCAATGTAGTCCTCCAAAAGCTGAGTCAGAGTGTCTGGAGAGTGGTGCTTCCTTTCTGGATTCATTAGGTTATACCAGGGAT	32255386	32187756	67630	32208183	47203	32255522	67766	47339
ENSMUST00000174641	CTTGAGTCCACCAGACATCGGAGTGGCCAGTCTGGACTTTGATCCCATGTCATTTCAATGTAGTCCTCCAAAAGCTGAGTCAGAGTGTCTGGAGAGTGGTGCTTCCTTTCTGGATTCATTAGGTTATACCAGGGAT	32255386	32190061	65325	32239261	16125	32255522	65461	16261
ENSMUST00000174641	CTTGAGTCCACCAGACATCGGAGTGGCCAGTCTGGACTTTGATCCCATGTCATTTCAATGTAGTCCTCCAAAAGCTGAGTCAGAGTGTCTGGAGAGTGGTGCTTCCTTTCTGGATTCATTAGGTTATACCAGGGAT	32255386	32208265	47121	32245151	10235	32255522	47257	10371
ENSMUST00000174641	CTTGAGTCCACCAGACATCGGAGTGGCCAGTCTGGACTTTGATCCCATGTCATTTCAATGTAGTCCTCCAAAAGCTGAGTCAGAGTGTCTGGAGAGTGGTGCTTCCTTTCTGGATTCATTAGGTTATACCAGGGAT	32255386	32245254	10132	32246446	8940	32255522	10268	9076
ENSMUST00000174641	CTTGAGTCCACCAGACATCGGAGTGGCCAGTCTGGACTTTGATCCCATGTCATTTCAATGTAGTCCTCCAAAAGCTGAGTCAGAGTGTCTGGAGAGTGGTGCTTCCTTTCTGGATTCATTAGGTTATACCAGGGAT	32255386	32250787	4599	32255173	213	32255522	4735	349
ENSMUST00000190686	CAGAACTTCACCTGTTACTAGAAGAAGATCAAGATCCAGGACATCCCCAGTCACCCGGAGAAGATCGAGATCTCGAACATCTCCAGTCACCCGGAGGCGGTCCCGTTCCCGAACCTCTCCAGTGACAAGACGACGC	23819877	23792511	27366	23808065	11812	23820013	27502	11948
ENSMUST00000190686	CAGAACTTCACCTGTTACTAGAAGAAGATCAAGATCCAGGACATCCCCAGTCACCCGGAGAAGATCGAGATCTCGAACATCTCCAGTCACCCGGAGGCGGTCCCGTTCCCGAACCTCTCCAGTGACAAGACGACGC	23819877	23803398	16479	23808065	11812	23820013	16615	11948
ENSMUST00000190686	CAGAACTTCACCTGTTACTAGAAGAAGATCAAGATCCAGGACATCCCCAGTCACCCGGAGAAGATCGAGATCTCGAACATCTCCAGTCACCCGGAGGCGGTCCCGTTCCCGAACCTCTCCAGTGACAAGACGACGC	23819877	23811731	8146	23812427	7450	23820013	8282	7586
ENSMUST00000190686	CAGAACTTCACCTGTTACTAGAAGAAGATCAAGATCCAGGACATCCCCAGTCACCCGGAGAAGATCGAGATCTCGAACATCTCCAGTCACCCGGAGGCGGTCCCGTTCCCGAACCTCTCCAGTGACAAGACGACGC	23819877	23821690	-1813	23822412	-2535	23820013	-1677	-2399
ENSMUST00000026292	AAACAGGAAACCGACGCCCTGTGATGCTGACTCTCCTCAGGGTGCCACGACTGAGTAAGAACTCAAAAAGCAGCAATGGACAGGAACTAGAGAAGACACTGGAAGAAAGCAAGGAGACCGATATCAAACATAAAGA	151891066	151800946	90120	151803175	87891	151891766	90820	88591
ENSMUST00000026292	AAACAGGAAACCGACGCCCTGTGATGCTGACTCTCCTCAGGGTGCCACGACTGAGTAAGAACTCAAAAAGCAGCAATGGACAGGAACTAGAGAAGACACTGGAAGAAAGCAAGGAGACCGATATCAAACATAAAGA	151891066	151803569	87497	151804445	86621	151891766	88197	87321
ENSMUST00000026292	AAACAGGAAACCGACGCCCTGTGATGCTGACTCTCCTCAGGGTGCCACGACTGAGTAAGAACTCAAAAAGCAGCAATGGACAGGAACTAGAGAAGACACTGGAAGAAAGCAAGGAGACCGATATCAAACATAAAGA	151891066	151803569	87497	151806271	84795	151891766	88197	85495
ENSMUST00000026292	AAACAGGAAACCGACGCCCTGTGATGCTGACTCTCCTCAGGGTGCCACGACTGAGTAAGAACTCAAAAAGCAGCAATGGACAGGAACTAGAGAAGACACTGGAAGAAAGCAAGGAGACCGATATCAAACATAAAGA	151891066	151803569	87497	151806275	84791	151891766	88197	85491
ENSMUST00000026292	AAACAGGAAACCGACGCCCTGTGATGCTGACTCTCCTCAGGGTGCCACGACTGAGTAAGAACTCAAAAAGCAGCAATGGACAGGAACTAGAGAAGACACTGGAAGAAAGCAAGGAGACCGATATCAAACATAAAGA	151891066	151803802	87264	151806271	84795	151891766	87964	85495
ENSMUST00000026292	AAACAGGAAACCGACGCCCTGTGATGCTGACTCTCCTCAGGGTGCCACGACTGAGTAAGAACTCAAAAAGCAGCAATGGACAGGAACTAGAGAAGACACTGGAAGAAAGCAAGGAGACCGATATCAAACATAAAGA	151891066	151803802	87264	151806275	84791	151891766	87964	85491
ENSMUST00000026292	AAACAGGAAACCGACGCCCTGTGATGCTGACTCTCCTCAGGGTGCCACGACTGAGTAAGAACTCAAAAAGCAGCAATGGACAGGAACTAGAGAAGACACTGGAAGAAAGCAAGGAGACCGATATCAAACATAAAGA	151891066	151800946	90120	151806719	84347	151891766	90820	85047
ENSMUST00000026292	AAACAGGAAACCGACGCCCTGTGATGCTGACTCTCCTCAGGGTGCCACGACTGAGTAAGAACTCAAAAAGCAGCAATGGACAGGAACTAGAGAAGACACTGGAAGAAAGCAAGGAGACCGATATCAAACATAAAGA	151891066	151801366	89700	151806719	84347	151891766	90400	85047
ENSMUST00000026292	AAACAGGAAACCGACGCCCTGTGATGCTGACTCTCCTCAGGGTGCCACGACTGAGTAAGAACTCAAAAAGCAGCAATGGACAGGAACTAGAGAAGACACTGGAAGAAAGCAAGGAGACCGATATCAAACATAAAGA	151891066	151803569	87497	151806719	84347	151891766	88197	85047
ENSMUST00000026292	AAACAGGAAACCGACGCCCTGTGATGCTGACTCTCCTCAGGGTGCCACGACTGAGTAAGAACTCAAAAAGCAGCAATGGACAGGAACTAGAGAAGACACTGGAAGAAAGCAAGGAGACCGATATCAAACATAAAGA	151891066	151803802	87264	151806719	84347	151891766	87964	85047
ENSMUST00000026292	AAACAGGAAACCGACGCCCTGTGATGCTGACTCTCCTCAGGGTGCCACGACTGAGTAAGAACTCAAAAAGCAGCAATGGACAGGAACTAGAGAAGACACTGGAAGAAAGCAAGGAGACCGATATCAAACATAAAGA	151891066	151800946	90120	151806719	84347	151891766	90820	85047
ENSMUST00000026292	AAACAGGAAACCGACGCCCTGTGATGCTGACTCTCCTCAGGGTGCCACGACTGAGTAAGAACTCAAAAAGCAGCAATGGACAGGAACTAGAGAAGACACTGGAAGAAAGCAAGGAGACCGATATCAAACATAAAGA	151891066	151801366	89700	151806719	84347	151891766	90400	85047
ENSMUST00000026292	AAACAGGAAACCGACGCCCTGTGATGCTGACTCTCCTCAGGGTGCCACGACTGAGTAAGAACTCAAAAAGCAGCAATGGACAGGAACTAGAGAAGACACTGGAAGAAAGCAAGGAGACCGATATCAAACATAAAGA	151891066	151803569	87497	151806719	84347	151891766	88197	85047
ENSMUST00000026292	AAACAGGAAACCGACGCCCTGTGATGCTGACTCTCCTCAGGGTGCCACGACTGAGTAAGAACTCAAAAAGCAGCAATGGACAGGAACTAGAGAAGACACTGGAAGAAAGCAAGGAGACCGATATCAAACATAAAGA	151891066	151803802	87264	151806719	84347	151891766	87964	85047
ENSMUST00000026292	AAACAGGAAACCGACGCCCTGTGATGCTGACTCTCCTCAGGGTGCCACGACTGAGTAAGAACTCAAAAAGCAGCAATGGACAGGAACTAGAGAAGACACTGGAAGAAAGCAAGGAGACCGATATCAAACATAAAGA	151891066	151801366	89700	151835223	55843	151891766	90400	56543
ENSMUST00000026292	AAACAGGAAACCGACGCCCTGTGATGCTGACTCTCCTCAGGGTGCCACGACTGAGTAAGAACTCAAAAAGCAGCAATGGACAGGAACTAGAGAAGACACTGGAAGAAAGCAAGGAGACCGATATCAAACATAAAGA	151891066	151803569	87497	151835223	55843	151891766	88197	56543
ENSMUST00000026292	AAACAGGAAACCGACGCCCTGTGATGCTGACTCTCCTCAGGGTGCCACGACTGAGTAAGAACTCAAAAAGCAGCAATGGACAGGAACTAGAGAAGACACTGGAAGAAAGCAAGGAGACCGATATCAAACATAAAGA	151891066	151806860	84206	151840055	51011	151891766	84906	51711
ENSMUST00000026292	AAACAGGAAACCGACGCCCTGTGATGCTGACTCTCCTCAGGGTGCCACGACTGAGTAAGAACTCAAAAAGCAGCAATGGACAGGAACTAGAGAAGACACTGGAAGAAAGCAAGGAGACCGATATCAAACATAAAGA	151891066	151835292	55774	151840055	51011	151891766	56474	51711
ENSMUST00000026292	AAACAGGAAACCGACGCCCTGTGATGCTGACTCTCCTCAGGGTGCCACGACTGAGTAAGAACTCAAAAAGCAGCAATGGACAGGAACTAGAGAAGACACTGGAAGAAAGCAAGGAGACCGATATCAAACATAAAGA	151891066	151857913	33153	151860166	30900	151891766	33853	31600
ENSMUST00000026292	AAACAGGAAACCGACGCCCTGTGATGCTGACTCTCCTCAGGGTGCCACGACTGAGTAAGAACTCAAAAAGCAGCAATGGACAGGAACTAGAGAAGACACTGGAAGAAAGCAAGGAGACCGATATCAAACATAAAGA	151891066	151870516	20550	151874532	16534	151891766	21250	17234
ENSMUST00000026292	AAACAGGAAACCGACGCCCTGTGATGCTGACTCTCCTCAGGGTGCCACGACTGAGTAAGAACTCAAAAAGCAGCAATGGACAGGAACTAGAGAAGACACTGGAAGAAAGCAAGGAGACCGATATCAAACATAAAGA	151891066	151905431	-14365	151906950	-15884	151891766	-13665	-15184
ENSMUST00000026292	AAACAGGAAACCGACGCCCTGTGATGCTGACTCTCCTCAGGGTGCCACGACTGAGTAAGAACTCAAAAAGCAGCAATGGACAGGAACTAGAGAAGACACTGGAAGAAAGCAAGGAGACCGATATCAAACATAAAGA	151891066	151905431	-14365	151908727	-17661	151891766	-13665	-16961
ENSMUST00000026292	AAACAGGAAACCGACGCCCTGTGATGCTGACTCTCCTCAGGGTGCCACGACTGAGTAAGAACTCAAAAAGCAGCAATGGACAGGAACTAGAGAAGACACTGGAAGAAAGCAAGGAGACCGATATCAAACATAAAGA	151891066	151907084	-16018	151908727	-17661	151891766	-15318	-16961
ENSMUST00000026292	AAACAGGAAACCGACGCCCTGTGATGCTGACTCTCCTCAGGGTGCCACGACTGAGTAAGAACTCAAAAAGCAGCAATGGACAGGAACTAGAGAAGACACTGGAAGAAAGCAAGGAGACCGATATCAAACATAAAGA	151891066	151920185	-29119	151921261	-30195	151891766	-28419	-29495
ENSMUST00000026292	AAACAGGAAACCGACGCCCTGTGATGCTGACTCTCCTCAGGGTGCCACGACTGAGTAAGAACTCAAAAAGCAGCAATGGACAGGAACTAGAGAAGACACTGGAAGAAAGCAAGGAGACCGATATCAAACATAAAGA	151891066	151924761	-33695	151928152	-37086	151891766	-32995	-36386
ENSMUST00000034230	TTCGGTGGGGAACCTTTAAGGGTTGGGACACCCGTCATCGGACTTTGTTGGTTCCTCCCTCCCAGAGCAGAATGTGGGCCGTAACAATCTGAGGAGGACTTTGAAAGTTGTTGATCCTTTAGGGTTTTTTTTCAAGC	94782228	94772334	9894	94778027	4201	94782365	10031	4338
ENSMUST00000034230	TTCGGTGGGGAACCTTTAAGGGTTGGGACACCCGTCATCGGACTTTGTTGGTTCCTCCCTCCCAGAGCAGAATGTGGGCCGTAACAATCTGAGGAGGACTTTGAAAGTTGTTGATCCTTTAGGGTTTTTTTTCAAGC	94782228	94772334	9894	94779559	2669	94782365	10031	2806
ENSMUST00000034230	TTCGGTGGGGAACCTTTAAGGGTTGGGACACCCGTCATCGGACTTTGTTGGTTCCTCCCTCCCAGAGCAGAATGTGGGCCGTAACAATCTGAGGAGGACTTTGAAAGTTGTTGATCCTTTAGGGTTTTTTTTCAAGC	94782228	94772334	9894	94778027	4201	94782365	10031	4338
ENSMUST00000034230	TTCGGTGGGGAACCTTTAAGGGTTGGGACACCCGTCATCGGACTTTGTTGGTTCCTCCCTCCCAGAGCAGAATGTGGGCCGTAACAATCTGAGGAGGACTTTGAAAGTTGTTGATCCTTTAGGGTTTTTTTTCAAGC	94782228	94772334	9894	94779559	2669	94782365	10031	2806
ENSMUST00000020706	CTGCCCTGCCCTGTGAGTCTGCACACCATGCCCTGCTCTGCTGCCTGGTGGGCACCCTCCCACTAGCCATATTCCTGCGGGTGTCCTCCTTGCCAAAGATGATCCTGCTGTCTGGGCTGACTACTTCCTACATCCTT	7150059	7109112	40947	7137272	12787	7150196	41084	12924
ENSMUST00000020706	CTGCCCTGCCCTGTGAGTCTGCACACCATGCCCTGCTCTGCTGCCTGGTGGGCACCCTCCCACTAGCCATATTCCTGCGGGTGTCCTCCTTGCCAAAGATGATCCTGCTGTCTGGGCTGACTACTTCCTACATCCTT	7150059	7130403	19656	7138286	11773	7150196	19793	11910
ENSMUST00000020706	CTGCCCTGCCCTGTGAGTCTGCACACCATGCCCTGCTCTGCTGCCTGGTGGGCACCCTCCCACTAGCCATATTCCTGCGGGTGTCCTCCTTGCCAAAGATGATCCTGCTGTCTGGGCTGACTACTTCCTACATCCTT	7150059	7160322	-10263	7161851	-11792	7150196	-10126	-11655
ENSMUST00000020706	CTGCCCTGCCCTGTGAGTCTGCACACCATGCCCTGCTCTGCTGCCTGGTGGGCACCCTCCCACTAGCCATATTCCTGCGGGTGTCCTCCTTGCCAAAGATGATCCTGCTGTCTGGGCTGACTACTTCCTACATCCTT	7150059	7165526	-15467	7167063	-17004	7150196	-15330	-16867
ENSMUST00000020706	CTGCCCTGCCCTGTGAGTCTGCACACCATGCCCTGCTCTGCTGCCTGGTGGGCACCCTCCCACTAGCCATATTCCTGCGGGTGTCCTCCTTGCCAAAGATGATCCTGCTGTCTGGGCTGACTACTTCCTACATCCTT	7150059	7109112	40947	7137272	12787	7150196	41084	12924
ENSMUST00000020706	CTGCCCTGCCCTGTGAGTCTGCACACCATGCCCTGCTCTGCTGCCTGGTGGGCACCCTCCCACTAGCCATATTCCTGCGGGTGTCCTCCTTGCCAAAGATGATCCTGCTGTCTGGGCTGACTACTTCCTACATCCTT	7150059	7130403	19656	7138286	11773	7150196	19793	11910
ENSMUST00000020706	CTGCCCTGCCCTGTGAGTCTGCACACCATGCCCTGCTCTGCTGCCTGGTGGGCACCCTCCCACTAGCCATATTCCTGCGGGTGTCCTCCTTGCCAAAGATGATCCTGCTGTCTGGGCTGACTACTTCCTACATCCTT	7150059	7160322	-10263	7161851	-11792	7150196	-10126	-11655
ENSMUST00000020706	CTGCCCTGCCCTGTGAGTCTGCACACCATGCCCTGCTCTGCTGCCTGGTGGGCACCCTCCCACTAGCCATATTCCTGCGGGTGTCCTCCTTGCCAAAGATGATCCTGCTGTCTGGGCTGACTACTTCCTACATCCTT	7150059	7165526	-15467	7167063	-17004	7150196	-15330	-16867
ENSMUST00000095087	CTGGACAGGGATAGTGGGCAGTGCTCACGGAACACAAGCTGTGAAACACTAGATCACTACGACCCCGACTATGAATTCCTCCAGCAAGATCTCTCCAATGCAGACCAGATCCCTCCACAGGCAGCCTGTAACCTCAG	29700808	29620063	80745	29686104	14704	29702287	82224	16183
ENSMUST00000095087	CTGGACAGGGATAGTGGGCAGTGCTCACGGAACACAAGCTGTGAAACACTAGATCACTACGACCCCGACTATGAATTCCTCCAGCAAGATCTCTCCAATGCAGACCAGATCCCTCCACAGGCAGCCTGTAACCTCAG	29700808	29679269	21539	29686104	14704	29702287	23018	16183
ENSMUST00000095087	CTGGACAGGGATAGTGGGCAGTGCTCACGGAACACAAGCTGTGAAACACTAGATCACTACGACCCCGACTATGAATTCCTCCAGCAAGATCTCTCCAATGCAGACCAGATCCCTCCACAGGCAGCCTGTAACCTCAG	29700808	29707400	-6592	29719592	-18784	29702287	-5113	-17305
ENSMUST00000095087	CTGGACAGGGATAGTGGGCAGTGCTCACGGAACACAAGCTGTGAAACACTAGATCACTACGACCCCGACTATGAATTCCTCCAGCAAGATCTCTCCAATGCAGACCAGATCCCTCCACAGGCAGCCTGTAACCTCAG	29700808	29707400	-6592	29720642	-19834	29702287	-5113	-18355
ENSMUST00000095087	CTGGACAGGGATAGTGGGCAGTGCTCACGGAACACAAGCTGTGAAACACTAGATCACTACGACCCCGACTATGAATTCCTCCAGCAAGATCTCTCCAATGCAGACCAGATCCCTCCACAGGCAGCCTGTAACCTCAG	29700808	29707400	-6592	29719592	-18784	29702287	-5113	-17305
ENSMUST00000095087	CTGGACAGGGATAGTGGGCAGTGCTCACGGAACACAAGCTGTGAAACACTAGATCACTACGACCCCGACTATGAATTCCTCCAGCAAGATCTCTCCAATGCAGACCAGATCCCTCCACAGGCAGCCTGTAACCTCAG	29700808	29707400	-6592	29722223	-21415	29702287	-5113	-19936
ENSMUST00000095087	CTGGACAGGGATAGTGGGCAGTGCTCACGGAACACAAGCTGTGAAACACTAGATCACTACGACCCCGACTATGAATTCCTCCAGCAAGATCTCTCCAATGCAGACCAGATCCCTCCACAGGCAGCCTGTAACCTCAG	29700808	29707400	-6592	29720642	-19834	29702287	-5113	-18355
ENSMUST00000095087	CTGGACAGGGATAGTGGGCAGTGCTCACGGAACACAAGCTGTGAAACACTAGATCACTACGACCCCGACTATGAATTCCTCCAGCAAGATCTCTCCAATGCAGACCAGATCCCTCCACAGGCAGCCTGTAACCTCAG	29700808	29707400	-6592	29722223	-21415	29702287	-5113	-19936
ENSMUST00000095087	CTGGACAGGGATAGTGGGCAGTGCTCACGGAACACAAGCTGTGAAACACTAGATCACTACGACCCCGACTATGAATTCCTCCAGCAAGATCTCTCCAATGCAGACCAGATCCCTCCACAGGCAGCCTGTAACCTCAG	29700808	29710308	-9500	29720642	-19834	29702287	-8021	-18355
ENSMUST00000095087	CTGGACAGGGATAGTGGGCAGTGCTCACGGAACACAAGCTGTGAAACACTAGATCACTACGACCCCGACTATGAATTCCTCCAGCAAGATCTCTCCAATGCAGACCAGATCCCTCCACAGGCAGCCTGTAACCTCAG	29700808	29710308	-9500	29722223	-21415	29702287	-8021	-19936
ENSMUST00000095087	CTGGACAGGGATAGTGGGCAGTGCTCACGGAACACAAGCTGTGAAACACTAGATCACTACGACCCCGACTATGAATTCCTCCAGCAAGATCTCTCCAATGCAGACCAGATCCCTCCACAGGCAGCCTGTAACCTCAG	29700808	29707400	-6592	29722223	-21415	29702287	-5113	-19936
ENSMUST00000095087	CTGGACAGGGATAGTGGGCAGTGCTCACGGAACACAAGCTGTGAAACACTAGATCACTACGACCCCGACTATGAATTCCTCCAGCAAGATCTCTCCAATGCAGACCAGATCCCTCCACAGGCAGCCTGTAACCTCAG	29700808	29710308	-9500	29722223	-21415	29702287	-8021	-19936
ENSMUST00000095087	CTGGACAGGGATAGTGGGCAGTGCTCACGGAACACAAGCTGTGAAACACTAGATCACTACGACCCCGACTATGAATTCCTCCAGCAAGATCTCTCCAATGCAGACCAGATCCCTCCACAGGCAGCCTGTAACCTCAG	29700808	29719850	-19042	29722223	-21415	29702287	-17563	-19936
ENSMUST00000095087	CTGGACAGGGATAGTGGGCAGTGCTCACGGAACACAAGCTGTGAAACACTAGATCACTACGACCCCGACTATGAATTCCTCCAGCAAGATCTCTCCAATGCAGACCAGATCCCTCCACAGGCAGCCTGTAACCTCAG	29700808	29732919	-32111	29734199	-33391	29702287	-30632	-31912
ENSMUST00000095087	CTGGACAGGGATAGTGGGCAGTGCTCACGGAACACAAGCTGTGAAACACTAGATCACTACGACCCCGACTATGAATTCCTCCAGCAAGATCTCTCCAATGCAGACCAGATCCCTCCACAGGCAGCCTGTAACCTCAG	29700808	29732919	-32111	29734199	-33391	29702287	-30632	-31912
ENSMUST00000238315	TATTACAGTTCTCTGCGATGGATTCTTGAAAATGACCCGACGGAGCTGGACCTGAGATTTATCATAGATGAAGAACTTTTTGGACAGACACATCAGCACGAACTGAAAACCGGAGGATCAGAGATTGTTGTCACCAATA	72739062	72662613	76449	72671229	67833	72739521	76908	68292
ENSMUST00000238315	TATTACAGTTCTCTGCGATGGATTCTTGAAAATGACCCGACGGAGCTGGACCTGAGATTTATCATAGATGAAGAACTTTTTGGACAGACACATCAGCACGAACTGAAAACCGGAGGATCAGAGATTGTTGTCACCAATA	72739062	72662613	76449	72677314	61748	72739521	76908	62207
ENSMUST00000238315	TATTACAGTTCTCTGCGATGGATTCTTGAAAATGACCCGACGGAGCTGGACCTGAGATTTATCATAGATGAAGAACTTTTTGGACAGACACATCAGCACGAACTGAAAACCGGAGGATCAGAGATTGTTGTCACCAATA	72739062	72662613	76449	72709111	29951	72739521	76908	30410
ENSMUST00000238315	TATTACAGTTCTCTGCGATGGATTCTTGAAAATGACCCGACGGAGCTGGACCTGAGATTTATCATAGATGAAGAACTTTTTGGACAGACACATCAGCACGAACTGAAAACCGGAGGATCAGAGATTGTTGTCACCAATA	72739062	72677531	61531	72709111	29951	72739521	61990	30410
ENSMUST00000238315	TATTACAGTTCTCTGCGATGGATTCTTGAAAATGACCCGACGGAGCTGGACCTGAGATTTATCATAGATGAAGAACTTTTTGGACAGACACATCAGCACGAACTGAAAACCGGAGGATCAGAGATTGTTGTCACCAATA	72739062	72726530	12532	72731221	7841	72739521	12991	8300
ENSMUST00000238315	TATTACAGTTCTCTGCGATGGATTCTTGAAAATGACCCGACGGAGCTGGACCTGAGATTTATCATAGATGAAGAACTTTTTGGACAGACACATCAGCACGAACTGAAAACCGGAGGATCAGAGATTGTTGTCACCAATA	72739062	72739528	-466	72742652	-3590	72739521	-7	-3131
ENSMUST00000238315	TATTACAGTTCTCTGCGATGGATTCTTGAAAATGACCCGACGGAGCTGGACCTGAGATTTATCATAGATGAAGAACTTTTTGGACAGACACATCAGCACGAACTGAAAACCGGAGGATCAGAGATTGTTGTCACCAATA	72739062	72740228	-1166	72742652	-3590	72739521	-707	-3131
ENSMUST00000238315	TATTACAGTTCTCTGCGATGGATTCTTGAAAATGACCCGACGGAGCTGGACCTGAGATTTATCATAGATGAAGAACTTTTTGGACAGACACATCAGCACGAACTGAAAACCGGAGGATCAGAGATTGTTGTCACCAATA	72739062	72742760	-3698	72746406	-7344	72739521	-3239	-6885
ENSMUST00000102843	GTCCAGAGTTCTCTAATTATTCAGAAATAGCAAAATTTGAGAAGTCGGTGCCTGATCACTGTGAGCTCGTGGATGATTCCTCACCCGAATCTGAACCAGTTGACTTATTTAGTGATGATTCAATTCCTGAAGTCCCACA	29707918	29693693	14225	29733632	-25714	29708057	14364	-25575
ENSMUST00000102843	GTCCAGAGTTCTCTAATTATTCAGAAATAGCAAAATTTGAGAAGTCGGTGCCTGATCACTGTGAGCTCGTGGATGATTCCTCACCCGAATCTGAACCAGTTGACTTATTTAGTGATGATTCAATTCCTGAAGTCCCACA	29707918	29693962	13956	29733632	-25714	29708057	14095	-25575
ENSMUST00000102843	GTCCAGAGTTCTCTAATTATTCAGAAATAGCAAAATTTGAGAAGTCGGTGCCTGATCACTGTGAGCTCGTGGATGATTCCTCACCCGAATCTGAACCAGTTGACTTATTTAGTGATGATTCAATTCCTGAAGTCCCACA	29707918	29705591	2327	29733632	-25714	29708057	2466	-25575
ENSMUST00000102843	GTCCAGAGTTCTCTAATTATTCAGAAATAGCAAAATTTGAGAAGTCGGTGCCTGATCACTGTGAGCTCGTGGATGATTCCTCACCCGAATCTGAACCAGTTGACTTATTTAGTGATGATTCAATTCCTGAAGTCCCACA	29707918	29708770	-852	29736359	-28441	29708057	-713	-28302
ENSMUST00000102843	GTCCAGAGTTCTCTAATTATTCAGAAATAGCAAAATTTGAGAAGTCGGTGCCTGATCACTGTGAGCTCGTGGATGATTCCTCACCCGAATCTGAACCAGTTGACTTATTTAGTGATGATTCAATTCCTGAAGTCCCACA	29707918	29718882	-10964	29736359	-28441	29708057	-10825	-28302
ENSMUST00000102843	GTCCAGAGTTCTCTAATTATTCAGAAATAGCAAAATTTGAGAAGTCGGTGCCTGATCACTGTGAGCTCGTGGATGATTCCTCACCCGAATCTGAACCAGTTGACTTATTTAGTGATGATTCAATTCCTGAAGTCCCACA	29707918	29736498	-28580	29741499	-33581	29708057	-28441	-33442
ENSMUST00000102843	GTCCAGAGTTCTCTAATTATTCAGAAATAGCAAAATTTGAGAAGTCGGTGCCTGATCACTGTGAGCTCGTGGATGATTCCTCACCCGAATCTGAACCAGTTGACTTATTTAGTGATGATTCAATTCCTGAAGTCCCACA	29707918	29736498	-28580	29741694	-33776	29708057	-28441	-33637
ENSMUST00000102843	GTCCAGAGTTCTCTAATTATTCAGAAATAGCAAAATTTGAGAAGTCGGTGCCTGATCACTGTGAGCTCGTGGATGATTCCTCACCCGAATCTGAACCAGTTGACTTATTTAGTGATGATTCAATTCCTGAAGTCCCACA	29707918	29736498	-28580	29741694	-33776	29708057	-28441	-33637
ENSMUST00000187083	ATGACACCCAGTGACTCTTGTGATGACACTCAGATGACAGAATATCAGAGGCTGTTCCAGAGCAAAAGCACAGACTCTGAACCGGACAAAGACAGGTTAGACATCCCAAGCTCCATGGACGAAGAGGCCATGTTGTCTT	14143399	13966220	177179	14066582	76817	14143538	177318	76956
ENSMUST00000187083	ATGACACCCAGTGACTCTTGTGATGACACTCAGATGACAGAATATCAGAGGCTGTTCCAGAGCAAAAGCACAGACTCTGAACCGGACAAAGACAGGTTAGACATCCCAAGCTCCATGGACGAAGAGGCCATGTTGTCTT	14143399	13966220	177179	14126451	16948	14143538	177318	17087
ENSMUST00000187083	ATGACACCCAGTGACTCTTGTGATGACACTCAGATGACAGAATATCAGAGGCTGTTCCAGAGCAAAAGCACAGACTCTGAACCGGACAAAGACAGGTTAGACATCCCAAGCTCCATGGACGAAGAGGCCATGTTGTCTT	14143399	13966697	176702	14066582	76817	14143538	176841	76956
ENSMUST00000187083	ATGACACCCAGTGACTCTTGTGATGACACTCAGATGACAGAATATCAGAGGCTGTTCCAGAGCAAAAGCACAGACTCTGAACCGGACAAAGACAGGTTAGACATCCCAAGCTCCATGGACGAAGAGGCCATGTTGTCTT	14143399	13966697	176702	14117518	25881	14143538	176841	26020
ENSMUST00000187083	ATGACACCCAGTGACTCTTGTGATGACACTCAGATGACAGAATATCAGAGGCTGTTCCAGAGCAAAAGCACAGACTCTGAACCGGACAAAGACAGGTTAGACATCCCAAGCTCCATGGACGAAGAGGCCATGTTGTCTT	14143399	13966697	176702	14126451	16948	14143538	176841	17087
ENSMUST00000187083	ATGACACCCAGTGACTCTTGTGATGACACTCAGATGACAGAATATCAGAGGCTGTTCCAGAGCAAAAGCACAGACTCTGAACCGGACAAAGACAGGTTAGACATCCCAAGCTCCATGGACGAAGAGGCCATGTTGTCTT	14143399	13967080	176319	14066582	76817	14143538	176458	76956
ENSMUST00000187083	ATGACACCCAGTGACTCTTGTGATGACACTCAGATGACAGAATATCAGAGGCTGTTCCAGAGCAAAAGCACAGACTCTGAACCGGACAAAGACAGGTTAGACATCCCAAGCTCCATGGACGAAGAGGCCATGTTGTCTT	14143399	13967080	176319	14117518	25881	14143538	176458	26020
ENSMUST00000187083	ATGACACCCAGTGACTCTTGTGATGACACTCAGATGACAGAATATCAGAGGCTGTTCCAGAGCAAAAGCACAGACTCTGAACCGGACAAAGACAGGTTAGACATCCCAAGCTCCATGGACGAAGAGGCCATGTTGTCTT	14143399	13966220	177179	14126451	16948	14143538	177318	17087
ENSMUST00000187083	ATGACACCCAGTGACTCTTGTGATGACACTCAGATGACAGAATATCAGAGGCTGTTCCAGAGCAAAAGCACAGACTCTGAACCGGACAAAGACAGGTTAGACATCCCAAGCTCCATGGACGAAGAGGCCATGTTGTCTT	14143399	13966697	176702	14117518	25881	14143538	176841	26020
ENSMUST00000187083	ATGACACCCAGTGACTCTTGTGATGACACTCAGATGACAGAATATCAGAGGCTGTTCCAGAGCAAAAGCACAGACTCTGAACCGGACAAAGACAGGTTAGACATCCCAAGCTCCATGGACGAAGAGGCCATGTTGTCTT	14143399	13966697	176702	14126451	16948	14143538	176841	17087
ENSMUST00000187083	ATGACACCCAGTGACTCTTGTGATGACACTCAGATGACAGAATATCAGAGGCTGTTCCAGAGCAAAAGCACAGACTCTGAACCGGACAAAGACAGGTTAGACATCCCAAGCTCCATGGACGAAGAGGCCATGTTGTCTT	14143399	13966697	176702	14148911	-5512	14143538	176841	-5373
ENSMUST00000187083	ATGACACCCAGTGACTCTTGTGATGACACTCAGATGACAGAATATCAGAGGCTGTTCCAGAGCAAAAGCACAGACTCTGAACCGGACAAAGACAGGTTAGACATCCCAAGCTCCATGGACGAAGAGGCCATGTTGTCTT	14143399	13967080	176319	14117518	25881	14143538	176458	26020
ENSMUST00000187083	ATGACACCCAGTGACTCTTGTGATGACACTCAGATGACAGAATATCAGAGGCTGTTCCAGAGCAAAAGCACAGACTCTGAACCGGACAAAGACAGGTTAGACATCCCAAGCTCCATGGACGAAGAGGCCATGTTGTCTT	14143399	14004275	139124	14110664	32735	14143538	139263	32874
ENSMUST00000187083	ATGACACCCAGTGACTCTTGTGATGACACTCAGATGACAGAATATCAGAGGCTGTTCCAGAGCAAAAGCACAGACTCTGAACCGGACAAAGACAGGTTAGACATCCCAAGCTCCATGGACGAAGAGGCCATGTTGTCTT	14143399	14004275	139124	14117518	25881	14143538	139263	26020
ENSMUST00000187083	ATGACACCCAGTGACTCTTGTGATGACACTCAGATGACAGAATATCAGAGGCTGTTCCAGAGCAAAAGCACAGACTCTGAACCGGACAAAGACAGGTTAGACATCCCAAGCTCCATGGACGAAGAGGCCATGTTGTCTT	14143399	14004275	139124	14126451	16948	14143538	139263	17087
ENSMUST00000187083	ATGACACCCAGTGACTCTTGTGATGACACTCAGATGACAGAATATCAGAGGCTGTTCCAGAGCAAAAGCACAGACTCTGAACCGGACAAAGACAGGTTAGACATCCCAAGCTCCATGGACGAAGAGGCCATGTTGTCTT	14143399	14004275	139124	14117518	25881	14143538	139263	26020
ENSMUST00000187083	ATGACACCCAGTGACTCTTGTGATGACACTCAGATGACAGAATATCAGAGGCTGTTCCAGAGCAAAAGCACAGACTCTGAACCGGACAAAGACAGGTTAGACATCCCAAGCTCCATGGACGAAGAGGCCATGTTGTCTT	14143399	14004275	139124	14126451	16948	14143538	139263	17087
ENSMUST00000187083	ATGACACCCAGTGACTCTTGTGATGACACTCAGATGACAGAATATCAGAGGCTGTTCCAGAGCAAAAGCACAGACTCTGAACCGGACAAAGACAGGTTAGACATCCCAAGCTCCATGGACGAAGAGGCCATGTTGTCTT	14143399	14066684	76715	14117518	25881	14143538	76854	26020
ENSMUST00000187083	ATGACACCCAGTGACTCTTGTGATGACACTCAGATGACAGAATATCAGAGGCTGTTCCAGAGCAAAAGCACAGACTCTGAACCGGACAAAGACAGGTTAGACATCCCAAGCTCCATGGACGAAGAGGCCATGTTGTCTT	14143399	14066684	76715	14126451	16948	14143538	76854	17087
ENSMUST00000187083	ATGACACCCAGTGACTCTTGTGATGACACTCAGATGACAGAATATCAGAGGCTGTTCCAGAGCAAAAGCACAGACTCTGAACCGGACAAAGACAGGTTAGACATCCCAAGCTCCATGGACGAAGAGGCCATGTTGTCTT	14143399	13966697	176702	14126451	16948	14143538	176841	17087
ENSMUST00000187083	ATGACACCCAGTGACTCTTGTGATGACACTCAGATGACAGAATATCAGAGGCTGTTCCAGAGCAAAAGCACAGACTCTGAACCGGACAAAGACAGGTTAGACATCCCAAGCTCCATGGACGAAGAGGCCATGTTGTCTT	14143399	14004275	139124	14126451	16948	14143538	139263	17087
ENSMUST00000187083	ATGACACCCAGTGACTCTTGTGATGACACTCAGATGACAGAATATCAGAGGCTGTTCCAGAGCAAAAGCACAGACTCTGAACCGGACAAAGACAGGTTAGACATCCCAAGCTCCATGGACGAAGAGGCCATGTTGTCTT	14143399	14066684	76715	14123017	20382	14143538	76854	20521
ENSMUST00000187083	ATGACACCCAGTGACTCTTGTGATGACACTCAGATGACAGAATATCAGAGGCTGTTCCAGAGCAAAAGCACAGACTCTGAACCGGACAAAGACAGGTTAGACATCCCAAGCTCCATGGACGAAGAGGCCATGTTGTCTT	14143399	14066684	76715	14126451	16948	14143538	76854	17087
ENSMUST00000187083	ATGACACCCAGTGACTCTTGTGATGACACTCAGATGACAGAATATCAGAGGCTGTTCCAGAGCAAAAGCACAGACTCTGAACCGGACAAAGACAGGTTAGACATCCCAAGCTCCATGGACGAAGAGGCCATGTTGTCTT	14143399	14110786	32613	14126451	16948	14143538	32752	17087
ENSMUST00000187083	ATGACACCCAGTGACTCTTGTGATGACACTCAGATGACAGAATATCAGAGGCTGTTCCAGAGCAAAAGCACAGACTCTGAACCGGACAAAGACAGGTTAGACATCCCAAGCTCCATGGACGAAGAGGCCATGTTGTCTT	14143399	14066684	76715	14126451	16948	14143538	76854	17087
ENSMUST00000187083	ATGACACCCAGTGACTCTTGTGATGACACTCAGATGACAGAATATCAGAGGCTGTTCCAGAGCAAAAGCACAGACTCTGAACCGGACAAAGACAGGTTAGACATCCCAAGCTCCATGGACGAAGAGGCCATGTTGTCTT	14143399	14117600	25799	14126451	16948	14143538	25938	17087
ENSMUST00000187083	ATGACACCCAGTGACTCTTGTGATGACACTCAGATGACAGAATATCAGAGGCTGTTCCAGAGCAAAAGCACAGACTCTGAACCGGACAAAGACAGGTTAGACATCCCAAGCTCCATGGACGAAGAGGCCATGTTGTCTT	14143399	14066684	76715	14127292	16107	14143538	76854	16246
ENSMUST00000187083	ATGACACCCAGTGACTCTTGTGATGACACTCAGATGACAGAATATCAGAGGCTGTTCCAGAGCAAAAGCACAGACTCTGAACCGGACAAAGACAGGTTAGACATCCCAAGCTCCATGGACGAAGAGGCCATGTTGTCTT	14143399	14066684	76715	14133739	9660	14143538	76854	9799
ENSMUST00000187083	ATGACACCCAGTGACTCTTGTGATGACACTCAGATGACAGAATATCAGAGGCTGTTCCAGAGCAAAAGCACAGACTCTGAACCGGACAAAGACAGGTTAGACATCCCAAGCTCCATGGACGAAGAGGCCATGTTGTCTT	14143399	14066684	76715	14139384	4015	14143538	76854	4154
ENSMUST00000041623	TGAGGTACCCTGGTCACACTGATGGCAGGACACACAAGAGCAGGGTATTGGTCTGCCCTTCTTCCTCCTGTCCGTCTGATTTACCTAACTTTGGTCTCGGCTGCTGACTCTTGGAGAGGACCAAATTACTTTGTAGTATT	97251466	97241529	9937	97250536	930	97251606	10077	1070
ENSMUST00000069817	CGTGGCACGGCCAGTGCGCCCACTGAGGCAGCTGGTGGAGAGGGCACCAAGGCCCACCATCATCAACGCGGAAAACCTGAAGGGCTTGGATGATCTGGACACTGATGCGGATGATGGGTGGGCAGGCCTCCACGAGGAAG	32194880	32151291	43589	32183122	11758	32199025	47734	15903
ENSMUST00000069817	CGTGGCACGGCCAGTGCGCCCACTGAGGCAGCTGGTGGAGAGGGCACCAAGGCCCACCATCATCAACGCGGAAAACCTGAAGGGCTTGGATGATCTGGACACTGATGCGGATGATGGGTGGGCAGGCCTCCACGAGGAAG	32194880	32183300	11580	32187480	7400	32199025	15725	11545
ENSMUST00000069817	CGTGGCACGGCCAGTGCGCCCACTGAGGCAGCTGGTGGAGAGGGCACCAAGGCCCACCATCATCAACGCGGAAAACCTGAAGGGCTTGGATGATCTGGACACTGATGCGGATGATGGGTGGGCAGGCCTCCACGAGGAAG	32194880	32212291	-17411	32216045	-21165	32199025	-13266	-17020
ENSMUST00000069817	CGTGGCACGGCCAGTGCGCCCACTGAGGCAGCTGGTGGAGAGGGCACCAAGGCCCACCATCATCAACGCGGAAAACCTGAAGGGCTTGGATGATCTGGACACTGATGCGGATGATGGGTGGGCAGGCCTCCACGAGGAAG	32194880	32219405	-24525	32220089	-25209	32199025	-20380	-21064
ENSMUST00000069817	CGTGGCACGGCCAGTGCGCCCACTGAGGCAGCTGGTGGAGAGGGCACCAAGGCCCACCATCATCAACGCGGAAAACCTGAAGGGCTTGGATGATCTGGACACTGATGCGGATGATGGGTGGGCAGGCCTCCACGAGGAAG	32194880	32224169	-29289	32226944	-32064	32199025	-25144	-27919
ENSMUST00000069817	CGTGGCACGGCCAGTGCGCCCACTGAGGCAGCTGGTGGAGAGGGCACCAAGGCCCACCATCATCAACGCGGAAAACCTGAAGGGCTTGGATGATCTGGACACTGATGCGGATGATGGGTGGGCAGGCCTCCACGAGGAAG	32194880	32224169	-29289	32229262	-34382	32199025	-25144	-30237
ENSMUST00000069817	CGTGGCACGGCCAGTGCGCCCACTGAGGCAGCTGGTGGAGAGGGCACCAAGGCCCACCATCATCAACGCGGAAAACCTGAAGGGCTTGGATGATCTGGACACTGATGCGGATGATGGGTGGGCAGGCCTCCACGAGGAAG	32194880	32224169	-29289	32230610	-35730	32199025	-25144	-31585
ENSMUST00000069817	CGTGGCACGGCCAGTGCGCCCACTGAGGCAGCTGGTGGAGAGGGCACCAAGGCCCACCATCATCAACGCGGAAAACCTGAAGGGCTTGGATGATCTGGACACTGATGCGGATGATGGGTGGGCAGGCCTCCACGAGGAAG	32194880	32224169	-29289	32230610	-35730	32199025	-25144	-31585
ENSMUST00000069817	CGTGGCACGGCCAGTGCGCCCACTGAGGCAGCTGGTGGAGAGGGCACCAAGGCCCACCATCATCAACGCGGAAAACCTGAAGGGCTTGGATGATCTGGACACTGATGCGGATGATGGGTGGGCAGGCCTCCACGAGGAAG	32194880	32227036	-32156	32230610	-35730	32199025	-28011	-31585
ENSMUST00000069817	CGTGGCACGGCCAGTGCGCCCACTGAGGCAGCTGGTGGAGAGGGCACCAAGGCCCACCATCATCAACGCGGAAAACCTGAAGGGCTTGGATGATCTGGACACTGATGCGGATGATGGGTGGGCAGGCCTCCACGAGGAAG	32194880	32151291	43589	32183122	11758	32199025	47734	15903
ENSMUST00000069817	CGTGGCACGGCCAGTGCGCCCACTGAGGCAGCTGGTGGAGAGGGCACCAAGGCCCACCATCATCAACGCGGAAAACCTGAAGGGCTTGGATGATCTGGACACTGATGCGGATGATGGGTGGGCAGGCCTCCACGAGGAAG	32194880	32183300	11580	32187480	7400	32199025	15725	11545
ENSMUST00000069817	CGTGGCACGGCCAGTGCGCCCACTGAGGCAGCTGGTGGAGAGGGCACCAAGGCCCACCATCATCAACGCGGAAAACCTGAAGGGCTTGGATGATCTGGACACTGATGCGGATGATGGGTGGGCAGGCCTCCACGAGGAAG	32194880	32212291	-17411	32216045	-21165	32199025	-13266	-17020
ENSMUST00000069817	CGTGGCACGGCCAGTGCGCCCACTGAGGCAGCTGGTGGAGAGGGCACCAAGGCCCACCATCATCAACGCGGAAAACCTGAAGGGCTTGGATGATCTGGACACTGATGCGGATGATGGGTGGGCAGGCCTCCACGAGGAAG	32194880	32219405	-24525	32220089	-25209	32199025	-20380	-21064
ENSMUST00000069817	CGTGGCACGGCCAGTGCGCCCACTGAGGCAGCTGGTGGAGAGGGCACCAAGGCCCACCATCATCAACGCGGAAAACCTGAAGGGCTTGGATGATCTGGACACTGATGCGGATGATGGGTGGGCAGGCCTCCACGAGGAAG	32194880	32224169	-29289	32226944	-32064	32199025	-25144	-27919
ENSMUST00000069817	CGTGGCACGGCCAGTGCGCCCACTGAGGCAGCTGGTGGAGAGGGCACCAAGGCCCACCATCATCAACGCGGAAAACCTGAAGGGCTTGGATGATCTGGACACTGATGCGGATGATGGGTGGGCAGGCCTCCACGAGGAAG	32194880	32224169	-29289	32229262	-34382	32199025	-25144	-30237
ENSMUST00000069817	CGTGGCACGGCCAGTGCGCCCACTGAGGCAGCTGGTGGAGAGGGCACCAAGGCCCACCATCATCAACGCGGAAAACCTGAAGGGCTTGGATGATCTGGACACTGATGCGGATGATGGGTGGGCAGGCCTCCACGAGGAAG	32194880	32224169	-29289	32230610	-35730	32199025	-25144	-31585
ENSMUST00000069817	CGTGGCACGGCCAGTGCGCCCACTGAGGCAGCTGGTGGAGAGGGCACCAAGGCCCACCATCATCAACGCGGAAAACCTGAAGGGCTTGGATGATCTGGACACTGATGCGGATGATGGGTGGGCAGGCCTCCACGAGGAAG	32194880	32224169	-29289	32230610	-35730	32199025	-25144	-31585
ENSMUST00000069817	CGTGGCACGGCCAGTGCGCCCACTGAGGCAGCTGGTGGAGAGGGCACCAAGGCCCACCATCATCAACGCGGAAAACCTGAAGGGCTTGGATGATCTGGACACTGATGCGGATGATGGGTGGGCAGGCCTCCACGAGGAAG	32194880	32227036	-32156	32230610	-35730	32199025	-28011	-31585
ENSMUST00000165335	AGATCTTTTTTCCTTCACTTATTGCTGAAACCAAGAGCACAATTCCCATTAAGAGAAGGATCTCTGTGCTGTAAACTAAACAAATTGTGCATTTTTTCTGGGGCCATTGTTTTTGGTTTATTTTGTTATTTTGTTTTGTT	155557607	155491580	66027	155527412	30195	155557747	66167	30335
ENSMUST00000165335	AGATCTTTTTTCCTTCACTTATTGCTGAAACCAAGAGCACAATTCCCATTAAGAGAAGGATCTCTGTGCTGTAAACTAAACAAATTGTGCATTTTTTCTGGGGCCATTGTTTTTGGTTTATTTTGTTATTTTGTTTTGTT	155557607	155491580	66027	155533696	23911	155557747	66167	24051
ENSMUST00000165335	AGATCTTTTTTCCTTCACTTATTGCTGAAACCAAGAGCACAATTCCCATTAAGAGAAGGATCTCTGTGCTGTAAACTAAACAAATTGTGCATTTTTTCTGGGGCCATTGTTTTTGGTTTATTTTGTTATTTTGTTTTGTT	155557607	155491580	66027	155533696	23911	155557747	66167	24051
ENSMUST00000165335	AGATCTTTTTTCCTTCACTTATTGCTGAAACCAAGAGCACAATTCCCATTAAGAGAAGGATCTCTGTGCTGTAAACTAAACAAATTGTGCATTTTTTCTGGGGCCATTGTTTTTGGTTTATTTTGTTATTTTGTTTTGTT	155557607	155515679	41928	155533696	23911	155557747	42068	24051
ENSMUST00000165335	AGATCTTTTTTCCTTCACTTATTGCTGAAACCAAGAGCACAATTCCCATTAAGAGAAGGATCTCTGTGCTGTAAACTAAACAAATTGTGCATTTTTTCTGGGGCCATTGTTTTTGGTTTATTTTGTTATTTTGTTTTGTT	155557607	155491580	66027	155540555	17052	155557747	66167	17192
ENSMUST00000165335	AGATCTTTTTTCCTTCACTTATTGCTGAAACCAAGAGCACAATTCCCATTAAGAGAAGGATCTCTGTGCTGTAAACTAAACAAATTGTGCATTTTTTCTGGGGCCATTGTTTTTGGTTTATTTTGTTATTTTGTTTTGTT	155557607	155527509	30098	155535357	22250	155557747	30238	22390
ENSMUST00000165335	AGATCTTTTTTCCTTCACTTATTGCTGAAACCAAGAGCACAATTCCCATTAAGAGAAGGATCTCTGTGCTGTAAACTAAACAAATTGTGCATTTTTTCTGGGGCCATTGTTTTTGGTTTATTTTGTTATTTTGTTTTGTT	155557607	155533735	23872	155540555	17052	155557747	24012	17192
ENSMUST00000038863	TTCGATGTCGGCTCTTCCTATCATTGTGAAGCAGAATTCACCAAGCGTTGGATTGTTCACCCACTAATAGGGAACGTGAGCTGGGATTAGACCGTCGTGAGACAGGTTAGTTTTACCCTACTGATGATGTGTTGTTGCCATG	123462035	123367107	94928	123377700	84335	123462177	95070	84477
ENSMUST00000035871	GATGTGCAGGCCTGGCTGTAGCCTTCAGAGTCAATGTGGCCCTAGACTGTGACTTGGGGCTACAGCTTGCTGCATGCCCCTCTTCCGTTTTGGAATGTATGCTGGTCTTGTGGTGTGCTACTGGGCTGTTACTCTAGGTATTC	127258409	127248084	10325	127256004	2405	127258552	10468	2548
ENSMUST00000035871	GATGTGCAGGCCTGGCTGTAGCCTTCAGAGTCAATGTGGCCCTAGACTGTGACTTGGGGCTACAGCTTGCTGCATGCCCCTCTTCCGTTTTGGAATGTATGCTGGTCTTGTGGTGTGCTACTGGGCTGTTACTCTAGGTATTC	127258409	127248084	10325	127256004	2405	127258552	10468	2548
ENSMUST00000035871	GATGTGCAGGCCTGGCTGTAGCCTTCAGAGTCAATGTGGCCCTAGACTGTGACTTGGGGCTACAGCTTGCTGCATGCCCCTCTTCCGTTTTGGAATGTATGCTGGTCTTGTGGTGTGCTACTGGGCTGTTACTCTAGGTATTC	127258409	127248084	10325	127256004	2405	127258552	10468	2548
ENSMUST00000021567	AAAGCTGAAATATTTTTTTAAGTTAGCTGCATGAAAGGCAAACTCTGTTGGAGCCTCTCGATGGAAGGCGCTCTATGCATTTATGCTTTAACCCATGGACTCTTGTCTCTAACTCTAAACTCATATTTTTCTAATTTCTTTGCC	81996375	81860524	135851	81906448	89927	81996519	135995	90071
ENSMUST00000021567	AAAGCTGAAATATTTTTTTAAGTTAGCTGCATGAAAGGCAAACTCTGTTGGAGCCTCTCGATGGAAGGCGCTCTATGCATTTATGCTTTAACCCATGGACTCTTGTCTCTAACTCTAAACTCATATTTTTCTAATTTCTTTGCC	81996375	81860524	135851	81912664	83711	81996519	135995	83855
ENSMUST00000021567	AAAGCTGAAATATTTTTTTAAGTTAGCTGCATGAAAGGCAAACTCTGTTGGAGCCTCTCGATGGAAGGCGCTCTATGCATTTATGCTTTAACCCATGGACTCTTGTCTCTAACTCTAAACTCATATTTTTCTAATTTCTTTGCC	81996375	81860524	135851	81912664	83711	81996519	135995	83855
ENSMUST00000021567	AAAGCTGAAATATTTTTTTAAGTTAGCTGCATGAAAGGCAAACTCTGTTGGAGCCTCTCGATGGAAGGCGCTCTATGCATTTATGCTTTAACCCATGGACTCTTGTCTCTAACTCTAAACTCATATTTTTCTAATTTCTTTGCC	81996375	81895191	101184	81912664	83711	81996519	101328	83855
ENSMUST00000021567	AAAGCTGAAATATTTTTTTAAGTTAGCTGCATGAAAGGCAAACTCTGTTGGAGCCTCTCGATGGAAGGCGCTCTATGCATTTATGCTTTAACCCATGGACTCTTGTCTCTAACTCTAAACTCATATTTTTCTAATTTCTTTGCC	81996375	81912710	83665	81917664	78711	81996519	83809	78855
ENSMUST00000021567	AAAGCTGAAATATTTTTTTAAGTTAGCTGCATGAAAGGCAAACTCTGTTGGAGCCTCTCGATGGAAGGCGCTCTATGCATTTATGCTTTAACCCATGGACTCTTGTCTCTAACTCTAAACTCATATTTTTCTAATTTCTTTGCC	81996375	81913475	82900	81946930	49445	81996519	83044	49589
ENSMUST00000021567	AAAGCTGAAATATTTTTTTAAGTTAGCTGCATGAAAGGCAAACTCTGTTGGAGCCTCTCGATGGAAGGCGCTCTATGCATTTATGCTTTAACCCATGGACTCTTGTCTCTAACTCTAAACTCATATTTTTCTAATTTCTTTGCC	81996375	81919380	76995	81933530	62845	81996519	77139	62989
ENSMUST00000021567	AAAGCTGAAATATTTTTTTAAGTTAGCTGCATGAAAGGCAAACTCTGTTGGAGCCTCTCGATGGAAGGCGCTCTATGCATTTATGCTTTAACCCATGGACTCTTGTCTCTAACTCTAAACTCATATTTTTCTAATTTCTTTGCC	81996375	81919380	76995	81946930	49445	81996519	77139	49589
ENSMUST00000021567	AAAGCTGAAATATTTTTTTAAGTTAGCTGCATGAAAGGCAAACTCTGTTGGAGCCTCTCGATGGAAGGCGCTCTATGCATTTATGCTTTAACCCATGGACTCTTGTCTCTAACTCTAAACTCATATTTTTCTAATTTCTTTGCC	81996375	81919380	76995	81946930	49445	81996519	77139	49589
ENSMUST00000021567	AAAGCTGAAATATTTTTTTAAGTTAGCTGCATGAAAGGCAAACTCTGTTGGAGCCTCTCGATGGAAGGCGCTCTATGCATTTATGCTTTAACCCATGGACTCTTGTCTCTAACTCTAAACTCATATTTTTCTAATTTCTTTGCC	81996375	81928374	68001	81946930	49445	81996519	68145	49589
ENSMUST00000092532	GCAAGTCCACATGCGACGCCATCGACTCTCCACTTTCCAACGTCACCCATCATCCAGCAGCCTGGGCCTTACTTCTCACACCCAGCCATCCGTTACCACCCTCAGGAGACGCTGAAAGAGTTTGTCCAACTTGTCTGTCCTGAT	98063018	97783613	279405	98000391	62627	98063162	279549	62771
ENSMUST00000092532	GCAAGTCCACATGCGACGCCATCGACTCTCCACTTTCCAACGTCACCCATCATCCAGCAGCCTGGGCCTTACTTCTCACACCCAGCCATCCGTTACCACCCTCAGGAGACGCTGAAAGAGTTTGTCCAACTTGTCTGTCCTGAT	98063018	98020954	42064	98063012	6	98063162	42208	150
ENSMUST00000092532	GCAAGTCCACATGCGACGCCATCGACTCTCCACTTTCCAACGTCACCCATCATCCAGCAGCCTGGGCCTTACTTCTCACACCCAGCCATCCGTTACCACCCTCAGGAGACGCTGAAAGAGTTTGTCCAACTTGTCTGTCCTGAT	98063018	98020954	42064	98081724	-18706	98063162	42208	-18562
ENSMUST00000092532	GCAAGTCCACATGCGACGCCATCGACTCTCCACTTTCCAACGTCACCCATCATCCAGCAGCCTGGGCCTTACTTCTCACACCCAGCCATCCGTTACCACCCTCAGGAGACGCTGAAAGAGTTTGTCCAACTTGTCTGTCCTGAT	98063018	98065446	-2428	98111217	-48199	98063162	-2284	-48055
ENSMUST00000034145	ACGCAATGTGGTACGGACCATTGTGACGGAGACGTCCTTCACCATCGATGAGCTGGAAGAACTGTACGCTCTTTTCAAGGCTGAGCATCTGACCAGCTGCTACTGGGGTGGGAGCAGCAATGCCCTGGACCGACACGACCCCAGC	83259305	83210531	48774	83233479	25826	83260997	50466	27518
ENSMUST00000034145	ACGCAATGTGGTACGGACCATTGTGACGGAGACGTCCTTCACCATCGATGAGCTGGAAGAACTGTACGCTCTTTTCAAGGCTGAGCATCTGACCAGCTGCTACTGGGGTGGGAGCAGCAATGCCCTGGACCGACACGACCCCAGC	83259305	83221556	37749	83241537	17768	83260997	39441	19460
ENSMUST00000182407	GCCCATGAATCTCTGATATTGACCTACTCTGAGCCTTCAGAGAGTGCTACGTCTGTCCCACCTTCTGACACACCTTCTCTCACATCATCTATTTCTTCAGTTTGTACCACAGATAGCTCCTCACCTGTCACTACCCTCGATAGCC	14677410	14540801	136609	14674954	2456	14677555	136754	2601
ENSMUST00000182407	GCCCATGAATCTCTGATATTGACCTACTCTGAGCCTTCAGAGAGTGCTACGTCTGTCCCACCTTCTGACACACCTTCTCTCACATCATCTATTTCTTCAGTTTGTACCACAGATAGCTCCTCACCTGTCACTACCCTCGATAGCC	14677410	14540801	136609	14712416	-35006	14677555	136754	-34861
ENSMUST00000182407	GCCCATGAATCTCTGATATTGACCTACTCTGAGCCTTCAGAGAGTGCTACGTCTGTCCCACCTTCTGACACACCTTCTCTCACATCATCTATTTCTTCAGTTTGTACCACAGATAGCTCCTCACCTGTCACTACCCTCGATAGCC	14677410	14540801	136609	14712416	-35006	14677555	136754	-34861
ENSMUST00000182407	GCCCATGAATCTCTGATATTGACCTACTCTGAGCCTTCAGAGAGTGCTACGTCTGTCCCACCTTCTGACACACCTTCTCTCACATCATCTATTTCTTCAGTTTGTACCACAGATAGCTCCTCACCTGTCACTACCCTCGATAGCC	14677410	14669675	7735	14712416	-35006	14677555	7880	-34861
ENSMUST00000182407	GCCCATGAATCTCTGATATTGACCTACTCTGAGCCTTCAGAGAGTGCTACGTCTGTCCCACCTTCTGACACACCTTCTCTCACATCATCTATTTCTTCAGTTTGTACCACAGATAGCTCCTCACCTGTCACTACCCTCGATAGCC	14677410	14540801	136609	14712416	-35006	14677555	136754	-34861
ENSMUST00000182407	GCCCATGAATCTCTGATATTGACCTACTCTGAGCCTTCAGAGAGTGCTACGTCTGTCCCACCTTCTGACACACCTTCTCTCACATCATCTATTTCTTCAGTTTGTACCACAGATAGCTCCTCACCTGTCACTACCCTCGATAGCC	14677410	14669675	7735	14712416	-35006	14677555	7880	-34861
ENSMUST00000182407	GCCCATGAATCTCTGATATTGACCTACTCTGAGCCTTCAGAGAGTGCTACGTCTGTCCCACCTTCTGACACACCTTCTCTCACATCATCTATTTCTTCAGTTTGTACCACAGATAGCTCCTCACCTGTCACTACCCTCGATAGCC	14677410	14680013	-2603	14712416	-35006	14677555	-2458	-34861
ENSMUST00000182407	GCCCATGAATCTCTGATATTGACCTACTCTGAGCCTTCAGAGAGTGCTACGTCTGTCCCACCTTCTGACACACCTTCTCTCACATCATCTATTTCTTCAGTTTGTACCACAGATAGCTCCTCACCTGTCACTACCCTCGATAGCC	14677410	14775444	-98034	14788397	-110987	14677555	-97889	-110842
ENSMUST00000098070	TGCTCCTTTTACACCGGCTTTAAATCTGCTTTTACTATGCACGTGGAAGCTGGGCATTCGGCGGTCCCGGAGGAAGGCCCCAAAGATCTCCGCTGTCCTCTCTGCCTCTATCACACCAAATACAAACGCAACATGATCGACCACA	55050438	55020207	30231	55050185	253	55051321	31114	1136
ENSMUST00000098070	TGCTCCTTTTACACCGGCTTTAAATCTGCTTTTACTATGCACGTGGAAGCTGGGCATTCGGCGGTCCCGGAGGAAGGCCCCAAAGATCTCCGCTGTCCTCTCTGCCTCTATCACACCAAATACAAACGCAACATGATCGACCACA	55050438	55051327	-889	55072972	-22534	55051321	-6	-21651
ENSMUST00000098070	TGCTCCTTTTACACCGGCTTTAAATCTGCTTTTACTATGCACGTGGAAGCTGGGCATTCGGCGGTCCCGGAGGAAGGCCCCAAAGATCTCCGCTGTCCTCTCTGCCTCTATCACACCAAATACAAACGCAACATGATCGACCACA	55050438	55060237	-9799	55079263	-28825	55051321	-8916	-27942
ENSMUST00000043082	TTTATGCTGGGATTGTTTCACATGCCGCTGGATGAATGTGAGGAACTCTATCGAAAGTTGGGCTCAGATGTGTTCACACAGAATGTCATTGTCGGGACCGTCAAAATGAGTTGGAGCCATGCGTTTTATGACAGTAACACGTGGGA	44295917	44299291	-3374	44307918	-12001	44296063	-3228	-11855
ENSMUST00000020706	CGAAGCCCGCCAGACAGAGCTGGAGATGGCCGATCTGAACTTCTTTACTCTGAAGTACAAACATGTCGAACGAGAACAAAAATACCACCAGCTTCAGGACGAGTACTTCACCAGCGCCGTTGTCCTCGCCCTCATCCTGGCTGCCTT	7144799	7109112	35687	7137272	7527	7145115	36003	7843
ENSMUST00000020706	CGAAGCCCGCCAGACAGAGCTGGAGATGGCCGATCTGAACTTCTTTACTCTGAAGTACAAACATGTCGAACGAGAACAAAAATACCACCAGCTTCAGGACGAGTACTTCACCAGCGCCGTTGTCCTCGCCCTCATCCTGGCTGCCTT	7144799	7130403	14396	7138286	6513	7145115	14712	6829
ENSMUST00000020706	CGAAGCCCGCCAGACAGAGCTGGAGATGGCCGATCTGAACTTCTTTACTCTGAAGTACAAACATGTCGAACGAGAACAAAAATACCACCAGCTTCAGGACGAGTACTTCACCAGCGCCGTTGTCCTCGCCCTCATCCTGGCTGCCTT	7144799	7160322	-15523	7161851	-17052	7145115	-15207	-16736
ENSMUST00000020706	CGAAGCCCGCCAGACAGAGCTGGAGATGGCCGATCTGAACTTCTTTACTCTGAAGTACAAACATGTCGAACGAGAACAAAAATACCACCAGCTTCAGGACGAGTACTTCACCAGCGCCGTTGTCCTCGCCCTCATCCTGGCTGCCTT	7144799	7165526	-20727	7167063	-22264	7145115	-20411	-21948
ENSMUST00000020706	CGAAGCCCGCCAGACAGAGCTGGAGATGGCCGATCTGAACTTCTTTACTCTGAAGTACAAACATGTCGAACGAGAACAAAAATACCACCAGCTTCAGGACGAGTACTTCACCAGCGCCGTTGTCCTCGCCCTCATCCTGGCTGCCTT	7144799	7109112	35687	7137272	7527	7145115	36003	7843
ENSMUST00000020706	CGAAGCCCGCCAGACAGAGCTGGAGATGGCCGATCTGAACTTCTTTACTCTGAAGTACAAACATGTCGAACGAGAACAAAAATACCACCAGCTTCAGGACGAGTACTTCACCAGCGCCGTTGTCCTCGCCCTCATCCTGGCTGCCTT	7144799	7130403	14396	7138286	6513	7145115	14712	6829
ENSMUST00000020706	CGAAGCCCGCCAGACAGAGCTGGAGATGGCCGATCTGAACTTCTTTACTCTGAAGTACAAACATGTCGAACGAGAACAAAAATACCACCAGCTTCAGGACGAGTACTTCACCAGCGCCGTTGTCCTCGCCCTCATCCTGGCTGCCTT	7144799	7160322	-15523	7161851	-17052	7145115	-15207	-16736
ENSMUST00000020706	CGAAGCCCGCCAGACAGAGCTGGAGATGGCCGATCTGAACTTCTTTACTCTGAAGTACAAACATGTCGAACGAGAACAAAAATACCACCAGCTTCAGGACGAGTACTTCACCAGCGCCGTTGTCCTCGCCCTCATCCTGGCTGCCTT	7144799	7165526	-20727	7167063	-22264	7145115	-20411	-21948
ENSMUST00000045393	TATAGCCTGGAGTTTGGACCCCCAGATCCCAGTGCTGGCCCAGCCACTTCCCCGCCTCTCAGTACCACCACCACAGCCCGGCCCACACCCCTCACCAGCACAGCCTCGCCTGCAGCCACCACTCCACTCCGCCGGGCACCCCTCACCA	83930233	83900924	29309	83918819	11414	83931079	30155	12260
ENSMUST00000045393	TATAGCCTGGAGTTTGGACCCCCAGATCCCAGTGCTGGCCCAGCCACTTCCCCGCCTCTCAGTACCACCACCACAGCCCGGCCCACACCCCTCACCAGCACAGCCTCGCCTGCAGCCACCACTCCACTCCGCCGGGCACCCCTCACCA	83930233	83900924	29309	83922998	7235	83931079	30155	8081
ENSMUST00000045393	TATAGCCTGGAGTTTGGACCCCCAGATCCCAGTGCTGGCCCAGCCACTTCCCCGCCTCTCAGTACCACCACCACAGCCCGGCCCACACCCCTCACCAGCACAGCCTCGCCTGCAGCCACCACTCCACTCCGCCGGGCACCCCTCACCA	83930233	83919033	11200	83929463	770	83931079	12046	1616
ENSMUST00000045393	TATAGCCTGGAGTTTGGACCCCCAGATCCCAGTGCTGGCCCAGCCACTTCCCCGCCTCTCAGTACCACCACCACAGCCCGGCCCACACCCCTCACCAGCACAGCCTCGCCTGCAGCCACCACTCCACTCCGCCGGGCACCCCTCACCA	83930233	83923108	7125	83926261	3972	83931079	7971	4818
ENSMUST00000045393	TATAGCCTGGAGTTTGGACCCCCAGATCCCAGTGCTGGCCCAGCCACTTCCCCGCCTCTCAGTACCACCACCACAGCCCGGCCCACACCCCTCACCAGCACAGCCTCGCCTGCAGCCACCACTCCACTCCGCCGGGCACCCCTCACCA	83930233	83923108	7125	83929463	770	83931079	7971	1616
ENSMUST00000045393	TATAGCCTGGAGTTTGGACCCCCAGATCCCAGTGCTGGCCCAGCCACTTCCCCGCCTCTCAGTACCACCACCACAGCCCGGCCCACACCCCTCACCAGCACAGCCTCGCCTGCAGCCACCACTCCACTCCGCCGGGCACCCCTCACCA	83930233	83923108	7125	83929463	770	83931079	7971	1616
ENSMUST00000045393	TATAGCCTGGAGTTTGGACCCCCAGATCCCAGTGCTGGCCCAGCCACTTCCCCGCCTCTCAGTACCACCACCACAGCCCGGCCCACACCCCTCACCAGCACAGCCTCGCCTGCAGCCACCACTCCACTCCGCCGGGCACCCCTCACCA	83930233	83924355	5878	83929463	770	83931079	6724	1616
ENSMUST00000045393	TATAGCCTGGAGTTTGGACCCCCAGATCCCAGTGCTGGCCCAGCCACTTCCCCGCCTCTCAGTACCACCACCACAGCCCGGCCCACACCCCTCACCAGCACAGCCTCGCCTGCAGCCACCACTCCACTCCGCCGGGCACCCCTCACCA	83930233	83931716	-1483	83932371	-2138	83931079	-637	-1292
ENSMUST00000045393	TATAGCCTGGAGTTTGGACCCCCAGATCCCAGTGCTGGCCCAGCCACTTCCCCGCCTCTCAGTACCACCACCACAGCCCGGCCCACACCCCTCACCAGCACAGCCTCGCCTGCAGCCACCACTCCACTCCGCCGGGCACCCCTCACCA	83930233	83937777	-7544	83938349	-8116	83931079	-6698	-7270
ENSMUST00000099557	GATACTTCCCTGCCTCCTTGACCTCCCTCCCTTCCCACCTTCCTGGCTGTTGTGAGACAGGGAATGCCAAGGAAGAACTCTAGTGTCTGGACCCGATCCAGATAATATTTTTAGACTCCTCTGTTCCCTGATGACCTGCATTAGGGCA	118697747	118664023	33724	118677722	20025	118697895	33872	20173
ENSMUST00000099557	GATACTTCCCTGCCTCCTTGACCTCCCTCCCTTCCCACCTTCCTGGCTGTTGTGAGACAGGGAATGCCAAGGAAGAACTCTAGTGTCTGGACCCGATCCAGATAATATTTTTAGACTCCTCTGTTCCCTGATGACCTGCATTAGGGCA	118697747	118664866	32881	118693226	4521	118697895	33029	4669
ENSMUST00000099557	GATACTTCCCTGCCTCCTTGACCTCCCTCCCTTCCCACCTTCCTGGCTGTTGTGAGACAGGGAATGCCAAGGAAGAACTCTAGTGTCTGGACCCGATCCAGATAATATTTTTAGACTCCTCTGTTCCCTGATGACCTGCATTAGGGCA	118697747	118677828	19919	118693866	3881	118697895	20067	4029
ENSMUST00000099557	GATACTTCCCTGCCTCCTTGACCTCCCTCCCTTCCCACCTTCCTGGCTGTTGTGAGACAGGGAATGCCAAGGAAGAACTCTAGTGTCTGGACCCGATCCAGATAATATTTTTAGACTCCTCTGTTCCCTGATGACCTGCATTAGGGCA	118697747	118694000	3747	118694514	3233	118697895	3895	3381
ENSMUST00000099557	GATACTTCCCTGCCTCCTTGACCTCCCTCCCTTCCCACCTTCCTGGCTGTTGTGAGACAGGGAATGCCAAGGAAGAACTCTAGTGTCTGGACCCGATCCAGATAATATTTTTAGACTCCTCTGTTCCCTGATGACCTGCATTAGGGCA	118697747	118694640	3107	118696406	1341	118697895	3255	1489
ENSMUST00000238468	CAGTTGCAATTTTTTGCAAGGTTTTTCGACTCATAGTTCTTTGTCTGGGTACTTTTTCACCCTACAGAGAATTTCTGTATATATTATCGTTTCTGATTCTAGTGTTTTGAATTTTCGCTGGGTCTAAATATCTCTGTCTCAGTGTCAGTA	109661103	109604066	57037	109617210	43893	109661253	57187	44043
ENSMUST00000238468	CAGTTGCAATTTTTTGCAAGGTTTTTCGACTCATAGTTCTTTGTCTGGGTACTTTTTCACCCTACAGAGAATTTCTGTATATATTATCGTTTCTGATTCTAGTGTTTTGAATTTTCGCTGGGTCTAAATATCTCTGTCTCAGTGTCAGTA	109661103	109604066	57037	109607413	53690	109661253	57187	53840
ENSMUST00000238468	CAGTTGCAATTTTTTGCAAGGTTTTTCGACTCATAGTTCTTTGTCTGGGTACTTTTTCACCCTACAGAGAATTTCTGTATATATTATCGTTTCTGATTCTAGTGTTTTGAATTTTCGCTGGGTCTAAATATCTCTGTCTCAGTGTCAGTA	109661103	109604066	57037	109617210	43893	109661253	57187	44043
ENSMUST00000238468	CAGTTGCAATTTTTTGCAAGGTTTTTCGACTCATAGTTCTTTGTCTGGGTACTTTTTCACCCTACAGAGAATTTCTGTATATATTATCGTTTCTGATTCTAGTGTTTTGAATTTTCGCTGGGTCTAAATATCTCTGTCTCAGTGTCAGTA	109661103	109604066	57037	109617210	43893	109661253	57187	44043
ENSMUST00000238468	CAGTTGCAATTTTTTGCAAGGTTTTTCGACTCATAGTTCTTTGTCTGGGTACTTTTTCACCCTACAGAGAATTTCTGTATATATTATCGTTTCTGATTCTAGTGTTTTGAATTTTCGCTGGGTCTAAATATCTCTGTCTCAGTGTCAGTA	109661103	109606341	54762	109620312	40791	109661253	54912	40941
ENSMUST00000238468	CAGTTGCAATTTTTTGCAAGGTTTTTCGACTCATAGTTCTTTGTCTGGGTACTTTTTCACCCTACAGAGAATTTCTGTATATATTATCGTTTCTGATTCTAGTGTTTTGAATTTTCGCTGGGTCTAAATATCTCTGTCTCAGTGTCAGTA	109661103	109607496	53607	109620312	40791	109661253	53757	40941
ENSMUST00000238468	CAGTTGCAATTTTTTGCAAGGTTTTTCGACTCATAGTTCTTTGTCTGGGTACTTTTTCACCCTACAGAGAATTTCTGTATATATTATCGTTTCTGATTCTAGTGTTTTGAATTTTCGCTGGGTCTAAATATCTCTGTCTCAGTGTCAGTA	109661103	109627153	33950	109637838	23265	109661253	34100	23415
ENSMUST00000238468	CAGTTGCAATTTTTTGCAAGGTTTTTCGACTCATAGTTCTTTGTCTGGGTACTTTTTCACCCTACAGAGAATTTCTGTATATATTATCGTTTCTGATTCTAGTGTTTTGAATTTTCGCTGGGTCTAAATATCTCTGTCTCAGTGTCAGTA	109661103	109627153	33950	109640266	20837	109661253	34100	20987
ENSMUST00000238468	CAGTTGCAATTTTTTGCAAGGTTTTTCGACTCATAGTTCTTTGTCTGGGTACTTTTTCACCCTACAGAGAATTTCTGTATATATTATCGTTTCTGATTCTAGTGTTTTGAATTTTCGCTGGGTCTAAATATCTCTGTCTCAGTGTCAGTA	109661103	109627153	33950	109640266	20837	109661253	34100	20987
ENSMUST00000238468	CAGTTGCAATTTTTTGCAAGGTTTTTCGACTCATAGTTCTTTGTCTGGGTACTTTTTCACCCTACAGAGAATTTCTGTATATATTATCGTTTCTGATTCTAGTGTTTTGAATTTTCGCTGGGTCTAAATATCTCTGTCTCAGTGTCAGTA	109661103	109627153	33950	109643413	17690	109661253	34100	17840
ENSMUST00000238468	CAGTTGCAATTTTTTGCAAGGTTTTTCGACTCATAGTTCTTTGTCTGGGTACTTTTTCACCCTACAGAGAATTTCTGTATATATTATCGTTTCTGATTCTAGTGTTTTGAATTTTCGCTGGGTCTAAATATCTCTGTCTCAGTGTCAGTA	109661103	109627153	33950	109645261	15842	109661253	34100	15992
ENSMUST00000238468	CAGTTGCAATTTTTTGCAAGGTTTTTCGACTCATAGTTCTTTGTCTGGGTACTTTTTCACCCTACAGAGAATTTCTGTATATATTATCGTTTCTGATTCTAGTGTTTTGAATTTTCGCTGGGTCTAAATATCTCTGTCTCAGTGTCAGTA	109661103	109635457	25646	109640266	20837	109661253	25796	20987
ENSMUST00000238468	CAGTTGCAATTTTTTGCAAGGTTTTTCGACTCATAGTTCTTTGTCTGGGTACTTTTTCACCCTACAGAGAATTTCTGTATATATTATCGTTTCTGATTCTAGTGTTTTGAATTTTCGCTGGGTCTAAATATCTCTGTCTCAGTGTCAGTA	109661103	109627153	33950	109643413	17690	109661253	34100	17840
ENSMUST00000238468	CAGTTGCAATTTTTTGCAAGGTTTTTCGACTCATAGTTCTTTGTCTGGGTACTTTTTCACCCTACAGAGAATTTCTGTATATATTATCGTTTCTGATTCTAGTGTTTTGAATTTTCGCTGGGTCTAAATATCTCTGTCTCAGTGTCAGTA	109661103	109627153	33950	109645261	15842	109661253	34100	15992
ENSMUST00000238468	CAGTTGCAATTTTTTGCAAGGTTTTTCGACTCATAGTTCTTTGTCTGGGTACTTTTTCACCCTACAGAGAATTTCTGTATATATTATCGTTTCTGATTCTAGTGTTTTGAATTTTCGCTGGGTCTAAATATCTCTGTCTCAGTGTCAGTA	109661103	109637926	23177	109643413	17690	109661253	23327	17840
ENSMUST00000238468	CAGTTGCAATTTTTTGCAAGGTTTTTCGACTCATAGTTCTTTGTCTGGGTACTTTTTCACCCTACAGAGAATTTCTGTATATATTATCGTTTCTGATTCTAGTGTTTTGAATTTTCGCTGGGTCTAAATATCTCTGTCTCAGTGTCAGTA	109661103	109637926	23177	109643413	17690	109661253	23327	17840
ENSMUST00000238468	CAGTTGCAATTTTTTGCAAGGTTTTTCGACTCATAGTTCTTTGTCTGGGTACTTTTTCACCCTACAGAGAATTTCTGTATATATTATCGTTTCTGATTCTAGTGTTTTGAATTTTCGCTGGGTCTAAATATCTCTGTCTCAGTGTCAGTA	109661103	109640328	20775	109643413	17690	109661253	20925	17840
ENSMUST00000238468	CAGTTGCAATTTTTTGCAAGGTTTTTCGACTCATAGTTCTTTGTCTGGGTACTTTTTCACCCTACAGAGAATTTCTGTATATATTATCGTTTCTGATTCTAGTGTTTTGAATTTTCGCTGGGTCTAAATATCTCTGTCTCAGTGTCAGTA	109661103	109640328	20775	109645261	15842	109661253	20925	15992
ENSMUST00000238468	CAGTTGCAATTTTTTGCAAGGTTTTTCGACTCATAGTTCTTTGTCTGGGTACTTTTTCACCCTACAGAGAATTTCTGTATATATTATCGTTTCTGATTCTAGTGTTTTGAATTTTCGCTGGGTCTAAATATCTCTGTCTCAGTGTCAGTA	109661103	109627153	33950	109645261	15842	109661253	34100	15992
ENSMUST00000238468	CAGTTGCAATTTTTTGCAAGGTTTTTCGACTCATAGTTCTTTGTCTGGGTACTTTTTCACCCTACAGAGAATTTCTGTATATATTATCGTTTCTGATTCTAGTGTTTTGAATTTTCGCTGGGTCTAAATATCTCTGTCTCAGTGTCAGTA	109661103	109640328	20775	109645261	15842	109661253	20925	15992
ENSMUST00000238468	CAGTTGCAATTTTTTGCAAGGTTTTTCGACTCATAGTTCTTTGTCTGGGTACTTTTTCACCCTACAGAGAATTTCTGTATATATTATCGTTTCTGATTCTAGTGTTTTGAATTTTCGCTGGGTCTAAATATCTCTGTCTCAGTGTCAGTA	109661103	109642652	18451	109645261	15842	109661253	18601	15992
ENSMUST00000238468	CAGTTGCAATTTTTTGCAAGGTTTTTCGACTCATAGTTCTTTGTCTGGGTACTTTTTCACCCTACAGAGAATTTCTGTATATATTATCGTTTCTGATTCTAGTGTTTTGAATTTTCGCTGGGTCTAAATATCTCTGTCTCAGTGTCAGTA	109661103	109646751	14352	109650071	11032	109661253	14502	11182
ENSMUST00000238468	CAGTTGCAATTTTTTGCAAGGTTTTTCGACTCATAGTTCTTTGTCTGGGTACTTTTTCACCCTACAGAGAATTTCTGTATATATTATCGTTTCTGATTCTAGTGTTTTGAATTTTCGCTGGGTCTAAATATCTCTGTCTCAGTGTCAGTA	109661103	109646751	14352	109651012	10091	109661253	14502	10241
ENSMUST00000238468	CAGTTGCAATTTTTTGCAAGGTTTTTCGACTCATAGTTCTTTGTCTGGGTACTTTTTCACCCTACAGAGAATTTCTGTATATATTATCGTTTCTGATTCTAGTGTTTTGAATTTTCGCTGGGTCTAAATATCTCTGTCTCAGTGTCAGTA	109661103	109650157	10946	109651858	9245	109661253	11096	9395
ENSMUST00000238468	CAGTTGCAATTTTTTGCAAGGTTTTTCGACTCATAGTTCTTTGTCTGGGTACTTTTTCACCCTACAGAGAATTTCTGTATATATTATCGTTTCTGATTCTAGTGTTTTGAATTTTCGCTGGGTCTAAATATCTCTGTCTCAGTGTCAGTA	109661103	109650157	10946	109654285	6818	109661253	11096	6968
ENSMUST00000238468	CAGTTGCAATTTTTTGCAAGGTTTTTCGACTCATAGTTCTTTGTCTGGGTACTTTTTCACCCTACAGAGAATTTCTGTATATATTATCGTTTCTGATTCTAGTGTTTTGAATTTTCGCTGGGTCTAAATATCTCTGTCTCAGTGTCAGTA	109661103	109650157	10946	109651858	9245	109661253	11096	9395
ENSMUST00000238468	CAGTTGCAATTTTTTGCAAGGTTTTTCGACTCATAGTTCTTTGTCTGGGTACTTTTTCACCCTACAGAGAATTTCTGTATATATTATCGTTTCTGATTCTAGTGTTTTGAATTTTCGCTGGGTCTAAATATCTCTGTCTCAGTGTCAGTA	109661103	109650157	10946	109654285	6818	109661253	11096	6968
ENSMUST00000238468	CAGTTGCAATTTTTTGCAAGGTTTTTCGACTCATAGTTCTTTGTCTGGGTACTTTTTCACCCTACAGAGAATTTCTGTATATATTATCGTTTCTGATTCTAGTGTTTTGAATTTTCGCTGGGTCTAAATATCTCTGTCTCAGTGTCAGTA	109661103	109650157	10946	109654285	6818	109661253	11096	6968
ENSMUST00000238468	CAGTTGCAATTTTTTGCAAGGTTTTTCGACTCATAGTTCTTTGTCTGGGTACTTTTTCACCCTACAGAGAATTTCTGTATATATTATCGTTTCTGATTCTAGTGTTTTGAATTTTCGCTGGGTCTAAATATCTCTGTCTCAGTGTCAGTA	109661103	109651099	10004	109654285	6818	109661253	10154	6968
ENSMUST00000238468	CAGTTGCAATTTTTTGCAAGGTTTTTCGACTCATAGTTCTTTGTCTGGGTACTTTTTCACCCTACAGAGAATTTCTGTATATATTATCGTTTCTGATTCTAGTGTTTTGAATTTTCGCTGGGTCTAAATATCTCTGTCTCAGTGTCAGTA	109661103	109651938	9165	109654285	6818	109661253	9315	6968
ENSMUST00000238468	CAGTTGCAATTTTTTGCAAGGTTTTTCGACTCATAGTTCTTTGTCTGGGTACTTTTTCACCCTACAGAGAATTTCTGTATATATTATCGTTTCTGATTCTAGTGTTTTGAATTTTCGCTGGGTCTAAATATCTCTGTCTCAGTGTCAGTA	109661103	109651938	9165	109656787	4316	109661253	9315	4466
ENSMUST00000238468	CAGTTGCAATTTTTTGCAAGGTTTTTCGACTCATAGTTCTTTGTCTGGGTACTTTTTCACCCTACAGAGAATTTCTGTATATATTATCGTTTCTGATTCTAGTGTTTTGAATTTTCGCTGGGTCTAAATATCTCTGTCTCAGTGTCAGTA	109661103	109654432	6671	109656787	4316	109661253	6821	4466
ENSMUST00000238468	CAGTTGCAATTTTTTGCAAGGTTTTTCGACTCATAGTTCTTTGTCTGGGTACTTTTTCACCCTACAGAGAATTTCTGTATATATTATCGTTTCTGATTCTAGTGTTTTGAATTTTCGCTGGGTCTAAATATCTCTGTCTCAGTGTCAGTA	109661103	109651938	9165	109658052	3051	109661253	9315	3201
ENSMUST00000238468	CAGTTGCAATTTTTTGCAAGGTTTTTCGACTCATAGTTCTTTGTCTGGGTACTTTTTCACCCTACAGAGAATTTCTGTATATATTATCGTTTCTGATTCTAGTGTTTTGAATTTTCGCTGGGTCTAAATATCTCTGTCTCAGTGTCAGTA	109661103	109655934	5169	109658052	3051	109661253	5319	3201
ENSMUST00000238468	CAGTTGCAATTTTTTGCAAGGTTTTTCGACTCATAGTTCTTTGTCTGGGTACTTTTTCACCCTACAGAGAATTTCTGTATATATTATCGTTTCTGATTCTAGTGTTTTGAATTTTCGCTGGGTCTAAATATCTCTGTCTCAGTGTCAGTA	109661103	109655934	5169	109659722	1381	109661253	5319	1531
ENSMUST00000238468	CAGTTGCAATTTTTTGCAAGGTTTTTCGACTCATAGTTCTTTGTCTGGGTACTTTTTCACCCTACAGAGAATTTCTGTATATATTATCGTTTCTGATTCTAGTGTTTTGAATTTTCGCTGGGTCTAAATATCTCTGTCTCAGTGTCAGTA	109661103	109651938	9165	109658052	3051	109661253	9315	3201
ENSMUST00000238468	CAGTTGCAATTTTTTGCAAGGTTTTTCGACTCATAGTTCTTTGTCTGGGTACTTTTTCACCCTACAGAGAATTTCTGTATATATTATCGTTTCTGATTCTAGTGTTTTGAATTTTCGCTGGGTCTAAATATCTCTGTCTCAGTGTCAGTA	109661103	109655934	5169	109658052	3051	109661253	5319	3201
ENSMUST00000238468	CAGTTGCAATTTTTTGCAAGGTTTTTCGACTCATAGTTCTTTGTCTGGGTACTTTTTCACCCTACAGAGAATTTCTGTATATATTATCGTTTCTGATTCTAGTGTTTTGAATTTTCGCTGGGTCTAAATATCTCTGTCTCAGTGTCAGTA	109661103	109655934	5169	109659722	1381	109661253	5319	1531
ENSMUST00000238468	CAGTTGCAATTTTTTGCAAGGTTTTTCGACTCATAGTTCTTTGTCTGGGTACTTTTTCACCCTACAGAGAATTTCTGTATATATTATCGTTTCTGATTCTAGTGTTTTGAATTTTCGCTGGGTCTAAATATCTCTGTCTCAGTGTCAGTA	109661103	109655934	5169	109659722	1381	109661253	5319	1531
ENSMUST00000238468	CAGTTGCAATTTTTTGCAAGGTTTTTCGACTCATAGTTCTTTGTCTGGGTACTTTTTCACCCTACAGAGAATTTCTGTATATATTATCGTTTCTGATTCTAGTGTTTTGAATTTTCGCTGGGTCTAAATATCTCTGTCTCAGTGTCAGTA	109661103	109656831	4272	109659722	1381	109661253	4422	1531
ENSMUST00000238468	CAGTTGCAATTTTTTGCAAGGTTTTTCGACTCATAGTTCTTTGTCTGGGTACTTTTTCACCCTACAGAGAATTTCTGTATATATTATCGTTTCTGATTCTAGTGTTTTGAATTTTCGCTGGGTCTAAATATCTCTGTCTCAGTGTCAGTA	109661103	109656831	4272	109660745	358	109661253	4422	508
ENSMUST00000238468	CAGTTGCAATTTTTTGCAAGGTTTTTCGACTCATAGTTCTTTGTCTGGGTACTTTTTCACCCTACAGAGAATTTCTGTATATATTATCGTTTCTGATTCTAGTGTTTTGAATTTTCGCTGGGTCTAAATATCTCTGTCTCAGTGTCAGTA	109661103	109656840	4263	109659722	1381	109661253	4413	1531
ENSMUST00000238468	CAGTTGCAATTTTTTGCAAGGTTTTTCGACTCATAGTTCTTTGTCTGGGTACTTTTTCACCCTACAGAGAATTTCTGTATATATTATCGTTTCTGATTCTAGTGTTTTGAATTTTCGCTGGGTCTAAATATCTCTGTCTCAGTGTCAGTA	109661103	109656831	4272	109660745	358	109661253	4422	508
ENSMUST00000238468	CAGTTGCAATTTTTTGCAAGGTTTTTCGACTCATAGTTCTTTGTCTGGGTACTTTTTCACCCTACAGAGAATTTCTGTATATATTATCGTTTCTGATTCTAGTGTTTTGAATTTTCGCTGGGTCTAAATATCTCTGTCTCAGTGTCAGTA	109661103	109658121	2982	109660745	358	109661253	3132	508
ENSMUST00000190686	GGAATCATTCTGGATCTCGGACACCTCCTGTAGCACTCAGTAGCTCTAGAATGAGTTGCTTTAGCCGTCCTAGCATGTCACCAACTCCTCTTGACCGATGTAGATCACCTGGAATGCTTGAACCCCTTGGAAGCGCTAGAACGCCCATGTCT	23820251	23792511	27740	23808065	12186	23820403	27892	12338
ENSMUST00000190686	GGAATCATTCTGGATCTCGGACACCTCCTGTAGCACTCAGTAGCTCTAGAATGAGTTGCTTTAGCCGTCCTAGCATGTCACCAACTCCTCTTGACCGATGTAGATCACCTGGAATGCTTGAACCCCTTGGAAGCGCTAGAACGCCCATGTCT	23820251	23803398	16853	23808065	12186	23820403	17005	12338
ENSMUST00000190686	GGAATCATTCTGGATCTCGGACACCTCCTGTAGCACTCAGTAGCTCTAGAATGAGTTGCTTTAGCCGTCCTAGCATGTCACCAACTCCTCTTGACCGATGTAGATCACCTGGAATGCTTGAACCCCTTGGAAGCGCTAGAACGCCCATGTCT	23820251	23811731	8520	23812427	7824	23820403	8672	7976
ENSMUST00000190686	GGAATCATTCTGGATCTCGGACACCTCCTGTAGCACTCAGTAGCTCTAGAATGAGTTGCTTTAGCCGTCCTAGCATGTCACCAACTCCTCTTGACCGATGTAGATCACCTGGAATGCTTGAACCCCTTGGAAGCGCTAGAACGCCCATGTCT	23820251	23821690	-1439	23822412	-2161	23820403	-1287	-2009
ENSMUST00000238748	GAAAACAAGACTGTGATTTCACATCAGGGGTCTTCCTAACAAGGGCTCACTGCTCATAAATGTCAAGAAAGTAAACGGCTGAACTTAAAACTGGCATTTCGAAGGGAAAGGCAAGACTGTGGGGTCAGTTTTGTCACCAGCCCTTTTTGTCTT	50122024	50025647	96377	50071170	50854	50122177	96530	51007
ENSMUST00000238748	GAAAACAAGACTGTGATTTCACATCAGGGGTCTTCCTAACAAGGGCTCACTGCTCATAAATGTCAAGAAAGTAAACGGCTGAACTTAAAACTGGCATTTCGAAGGGAAAGGCAAGACTGTGGGGTCAGTTTTGTCACCAGCCCTTTTTGTCTT	50122024	50025647	96377	50085740	36284	50122177	96530	36437
ENSMUST00000238748	GAAAACAAGACTGTGATTTCACATCAGGGGTCTTCCTAACAAGGGCTCACTGCTCATAAATGTCAAGAAAGTAAACGGCTGAACTTAAAACTGGCATTTCGAAGGGAAAGGCAAGACTGTGGGGTCAGTTTTGTCACCAGCCCTTTTTGTCTT	50122024	50025647	96377	50085740	36284	50122177	96530	36437
ENSMUST00000238748	GAAAACAAGACTGTGATTTCACATCAGGGGTCTTCCTAACAAGGGCTCACTGCTCATAAATGTCAAGAAAGTAAACGGCTGAACTTAAAACTGGCATTTCGAAGGGAAAGGCAAGACTGTGGGGTCAGTTTTGTCACCAGCCCTTTTTGTCTT	50122024	50052970	69054	50085740	36284	50122177	69207	36437
ENSMUST00000238748	GAAAACAAGACTGTGATTTCACATCAGGGGTCTTCCTAACAAGGGCTCACTGCTCATAAATGTCAAGAAAGTAAACGGCTGAACTTAAAACTGGCATTTCGAAGGGAAAGGCAAGACTGTGGGGTCAGTTTTGTCACCAGCCCTTTTTGTCTT	50122024	50095980	26044	50104548	17476	50122177	26197	17629
ENSMUST00000035058	GATCTCATGGCATGCTCTGATGTGTTTTGTAGGAGGGGAAACACTTAAAATAAGCAAAGAAACCGAGCAGGATTGCATATATCGGATGGTTCTTGTCTGTGCTCTCTGTACGTTGCTTCTGCAGCTGTGATTTCTAAACCTCTGCTGGCACTCA	110262331	110247390	14941	110256144	6187	110262485	15095	6341
ENSMUST00000035058	GATCTCATGGCATGCTCTGATGTGTTTTGTAGGAGGGGAAACACTTAAAATAAGCAAAGAAACCGAGCAGGATTGCATATATCGGATGGTTCTTGTCTGTGCTCTCTGTACGTTGCTTCTGCAGCTGTGATTTCTAAACCTCTGCTGGCACTCA	110262331	110247390	14941	110262059	272	110262485	15095	426
ENSMUST00000035058	GATCTCATGGCATGCTCTGATGTGTTTTGTAGGAGGGGAAACACTTAAAATAAGCAAAGAAACCGAGCAGGATTGCATATATCGGATGGTTCTTGTCTGTGCTCTCTGTACGTTGCTTCTGCAGCTGTGATTTCTAAACCTCTGCTGGCACTCA	110262331	110247390	14941	110262059	272	110262485	15095	426
ENSMUST00000035058	GATCTCATGGCATGCTCTGATGTGTTTTGTAGGAGGGGAAACACTTAAAATAAGCAAAGAAACCGAGCAGGATTGCATATATCGGATGGTTCTTGTCTGTGCTCTCTGTACGTTGCTTCTGCAGCTGTGATTTCTAAACCTCTGCTGGCACTCA	110262331	110251147	11184	110262059	272	110262485	11338	426
ENSMUST00000035058	GATCTCATGGCATGCTCTGATGTGTTTTGTAGGAGGGGAAACACTTAAAATAAGCAAAGAAACCGAGCAGGATTGCATATATCGGATGGTTCTTGTCTGTGCTCTCTGTACGTTGCTTCTGCAGCTGTGATTTCTAAACCTCTGCTGGCACTCA	110262331	110247390	14941	110262059	272	110262485	15095	426
ENSMUST00000035058	GATCTCATGGCATGCTCTGATGTGTTTTGTAGGAGGGGAAACACTTAAAATAAGCAAAGAAACCGAGCAGGATTGCATATATCGGATGGTTCTTGTCTGTGCTCTCTGTACGTTGCTTCTGCAGCTGTGATTTCTAAACCTCTGCTGGCACTCA	110262331	110251147	11184	110262059	272	110262485	11338	426
ENSMUST00000026495	TTTGGTGGTGGCTCTTTGACTGCCTTACCAGTCATTGAAACACAGGCTGGTGATGTGTCCGCTTACATTCCAACAAATGTTATTTCCATCACTGACGGACAGATCTTCTTGGAAACAGAATTGTTCTATAAAGGCATCCGCCCTGCCATTAATG	77780209	77774110	6099	77777518	2691	77781045	6935	3527
ENSMUST00000026495	TTTGGTGGTGGCTCTTTGACTGCCTTACCAGTCATTGAAACACAGGCTGGTGATGTGTCCGCTTACATTCCAACAAATGTTATTTCCATCACTGACGGACAGATCTTCTTGGAAACAGAATTGTTCTATAAAGGCATCCGCCCTGCCATTAATG	77780209	77774110	6099	77779826	383	77781045	6935	1219
ENSMUST00000026495	TTTGGTGGTGGCTCTTTGACTGCCTTACCAGTCATTGAAACACAGGCTGGTGATGTGTCCGCTTACATTCCAACAAATGTTATTTCCATCACTGACGGACAGATCTTCTTGGAAACAGAATTGTTCTATAAAGGCATCCGCCCTGCCATTAATG	77780209	77781092	-883	77781798	-1589	77781045	-47	-753
ENSMUST00000020706	CACAGCAAAGAGCTGGTCAGGTCTTGGTCAGGGCAGTATGGGAAGAATTGAAAAGACACCTCTTACTGCATGAAGAGCGGGGTTGCTGGCTTTCCCCAAGAGTAGGCTCTTGCTAACAGCCAGAGGCAGGTCTTCTGGAATTCTCGGGAGGCCC	7170305	7109112	61193	7137272	33033	7170459	61347	33187
ENSMUST00000020706	CACAGCAAAGAGCTGGTCAGGTCTTGGTCAGGGCAGTATGGGAAGAATTGAAAAGACACCTCTTACTGCATGAAGAGCGGGGTTGCTGGCTTTCCCCAAGAGTAGGCTCTTGCTAACAGCCAGAGGCAGGTCTTCTGGAATTCTCGGGAGGCCC	7170305	7130403	39902	7138286	32019	7170459	40056	32173
ENSMUST00000020706	CACAGCAAAGAGCTGGTCAGGTCTTGGTCAGGGCAGTATGGGAAGAATTGAAAAGACACCTCTTACTGCATGAAGAGCGGGGTTGCTGGCTTTCCCCAAGAGTAGGCTCTTGCTAACAGCCAGAGGCAGGTCTTCTGGAATTCTCGGGAGGCCC	7170305	7160322	9983	7161851	8454	7170459	10137	8608
ENSMUST00000020706	CACAGCAAAGAGCTGGTCAGGTCTTGGTCAGGGCAGTATGGGAAGAATTGAAAAGACACCTCTTACTGCATGAAGAGCGGGGTTGCTGGCTTTCCCCAAGAGTAGGCTCTTGCTAACAGCCAGAGGCAGGTCTTCTGGAATTCTCGGGAGGCCC	7170305	7165526	4779	7167063	3242	7170459	4933	3396
ENSMUST00000020706	CACAGCAAAGAGCTGGTCAGGTCTTGGTCAGGGCAGTATGGGAAGAATTGAAAAGACACCTCTTACTGCATGAAGAGCGGGGTTGCTGGCTTTCCCCAAGAGTAGGCTCTTGCTAACAGCCAGAGGCAGGTCTTCTGGAATTCTCGGGAGGCCC	7170305	7109112	61193	7137272	33033	7170459	61347	33187
ENSMUST00000020706	CACAGCAAAGAGCTGGTCAGGTCTTGGTCAGGGCAGTATGGGAAGAATTGAAAAGACACCTCTTACTGCATGAAGAGCGGGGTTGCTGGCTTTCCCCAAGAGTAGGCTCTTGCTAACAGCCAGAGGCAGGTCTTCTGGAATTCTCGGGAGGCCC	7170305	7130403	39902	7138286	32019	7170459	40056	32173
ENSMUST00000020706	CACAGCAAAGAGCTGGTCAGGTCTTGGTCAGGGCAGTATGGGAAGAATTGAAAAGACACCTCTTACTGCATGAAGAGCGGGGTTGCTGGCTTTCCCCAAGAGTAGGCTCTTGCTAACAGCCAGAGGCAGGTCTTCTGGAATTCTCGGGAGGCCC	7170305	7160322	9983	7161851	8454	7170459	10137	8608
ENSMUST00000020706	CACAGCAAAGAGCTGGTCAGGTCTTGGTCAGGGCAGTATGGGAAGAATTGAAAAGACACCTCTTACTGCATGAAGAGCGGGGTTGCTGGCTTTCCCCAAGAGTAGGCTCTTGCTAACAGCCAGAGGCAGGTCTTCTGGAATTCTCGGGAGGCCC	7170305	7165526	4779	7167063	3242	7170459	4933	3396
ENSMUST00000042035	CTTGCACTTCTTCTTCCTGTCCTCATTTTGCTGGGTGCTCACCGAGGCCTGGCAATCCTACATGGCCGTCACCGGCCGCCTCCGGAGCCGGCTCGTCCGCAAACGCTTTCTCTGCCTGGGCTGGGGGCTCCCTGCACTGGTGGTGGCCATTTCTG	74572121	74543362	28759	74544276	27845	74572858	29496	28582
ENSMUST00000042035	CTTGCACTTCTTCTTCCTGTCCTCATTTTGCTGGGTGCTCACCGAGGCCTGGCAATCCTACATGGCCGTCACCGGCCGCCTCCGGAGCCGGCTCGTCCGCAAACGCTTTCTCTGCCTGGGCTGGGGGCTCCCTGCACTGGTGGTGGCCATTTCTG	74572121	74550057	22064	74569868	2253	74572858	22801	2990
ENSMUST00000042035	CTTGCACTTCTTCTTCCTGTCCTCATTTTGCTGGGTGCTCACCGAGGCCTGGCAATCCTACATGGCCGTCACCGGCCGCCTCCGGAGCCGGCTCGTCCGCAAACGCTTTCTCTGCCTGGGCTGGGGGCTCCCTGCACTGGTGGTGGCCATTTCTG	74572121	74569972	2149	74580564	-8443	74572858	2886	-7706
ENSMUST00000042035	CTTGCACTTCTTCTTCCTGTCCTCATTTTGCTGGGTGCTCACCGAGGCCTGGCAATCCTACATGGCCGTCACCGGCCGCCTCCGGAGCCGGCTCGTCCGCAAACGCTTTCTCTGCCTGGGCTGGGGGCTCCCTGCACTGGTGGTGGCCATTTCTG	74572121	74571515	606	74572806	-685	74572858	1343	52
ENSMUST00000042035	CTTGCACTTCTTCTTCCTGTCCTCATTTTGCTGGGTGCTCACCGAGGCCTGGCAATCCTACATGGCCGTCACCGGCCGCCTCCGGAGCCGGCTCGTCCGCAAACGCTTTCTCTGCCTGGGCTGGGGGCTCCCTGCACTGGTGGTGGCCATTTCTG	74572121	74574168	-2047	74580564	-8443	74572858	-1310	-7706
ENSMUST00000042035	CTTGCACTTCTTCTTCCTGTCCTCATTTTGCTGGGTGCTCACCGAGGCCTGGCAATCCTACATGGCCGTCACCGGCCGCCTCCGGAGCCGGCTCGTCCGCAAACGCTTTCTCTGCCTGGGCTGGGGGCTCCCTGCACTGGTGGTGGCCATTTCTG	74572121	74574168	-2047	74580664	-8543	74572858	-1310	-7806
ENSMUST00000042035	CTTGCACTTCTTCTTCCTGTCCTCATTTTGCTGGGTGCTCACCGAGGCCTGGCAATCCTACATGGCCGTCACCGGCCGCCTCCGGAGCCGGCTCGTCCGCAAACGCTTTCTCTGCCTGGGCTGGGGGCTCCCTGCACTGGTGGTGGCCATTTCTG	74572121	74575924	-3803	74580564	-8443	74572858	-3066	-7706
ENSMUST00000042035	CTTGCACTTCTTCTTCCTGTCCTCATTTTGCTGGGTGCTCACCGAGGCCTGGCAATCCTACATGGCCGTCACCGGCCGCCTCCGGAGCCGGCTCGTCCGCAAACGCTTTCTCTGCCTGGGCTGGGGGCTCCCTGCACTGGTGGTGGCCATTTCTG	74572121	74575924	-3803	74580664	-8543	74572858	-3066	-7806
ENSMUST00000042035	CTTGCACTTCTTCTTCCTGTCCTCATTTTGCTGGGTGCTCACCGAGGCCTGGCAATCCTACATGGCCGTCACCGGCCGCCTCCGGAGCCGGCTCGTCCGCAAACGCTTTCTCTGCCTGGGCTGGGGGCTCCCTGCACTGGTGGTGGCCATTTCTG	74572121	74580736	-8615	74584377	-12256	74572858	-7878	-11519
ENSMUST00000042035	CTTGCACTTCTTCTTCCTGTCCTCATTTTGCTGGGTGCTCACCGAGGCCTGGCAATCCTACATGGCCGTCACCGGCCGCCTCCGGAGCCGGCTCGTCCGCAAACGCTTTCTCTGCCTGGGCTGGGGGCTCCCTGCACTGGTGGTGGCCATTTCTG	74572121	74582987	-10866	74586756	-14635	74572858	-10129	-13898
ENSMUST00000042035	CTTGCACTTCTTCTTCCTGTCCTCATTTTGCTGGGTGCTCACCGAGGCCTGGCAATCCTACATGGCCGTCACCGGCCGCCTCCGGAGCCGGCTCGTCCGCAAACGCTTTCTCTGCCTGGGCTGGGGGCTCCCTGCACTGGTGGTGGCCATTTCTG	74572121	74582987	-10866	74586756	-14635	74572858	-10129	-13898
ENSMUST00000110457	GAGGGCTCGCCATGGAGGACAGCAGGAACATGTTTGCCTTGTTTGAGTACAACGGACAGGTGGACAAGGCCATCGAAAGCCGGACCATCGTAGCTGACGTCCTGGCAAAGTTTGAAAAGCTAGCTGCCACGTCAGAAGCCGGGGACGCGCCATGGA	25806598	25783041	23557	25793150	13448	25807132	24091	13982
ENSMUST00000110457	GAGGGCTCGCCATGGAGGACAGCAGGAACATGTTTGCCTTGTTTGAGTACAACGGACAGGTGGACAAGGCCATCGAAAGCCGGACCATCGTAGCTGACGTCCTGGCAAAGTTTGAAAAGCTAGCTGCCACGTCAGAAGCCGGGGACGCGCCATGGA	25806598	25783041	23557	25793150	13448	25807132	24091	13982
ENSMUST00000064139	TTCCCCTTGGACTAGCGAACAGTTTGGGGTTGAGAGGAAAGCAGAGGCGCCCAGAGGGGAAACCTACCCGCGTCTGCAGTTGGAACTACTCCGCCGGGCTGCACTCTCGCCGCCGCGTCCCGAGCCCGCATACCCGCTCCTGAGCAGCGGCGGCCC	105157635	105157963	-328	105208523	-50888	105157791	-172	-50732
ENSMUST00000064139	TTCCCCTTGGACTAGCGAACAGTTTGGGGTTGAGAGGAAAGCAGAGGCGCCCAGAGGGGAAACCTACCCGCGTCTGCAGTTGGAACTACTCCGCCGGGCTGCACTCTCGCCGCCGCGTCCCGAGCCCGCATACCCGCTCCTGAGCAGCGGCGGCCC	105157635	105157963	-328	105219327	-61692	105157791	-172	-61536
ENSMUST00000064139	TTCCCCTTGGACTAGCGAACAGTTTGGGGTTGAGAGGAAAGCAGAGGCGCCCAGAGGGGAAACCTACCCGCGTCTGCAGTTGGAACTACTCCGCCGGGCTGCACTCTCGCCGCCGCGTCCCGAGCCCGCATACCCGCTCCTGAGCAGCGGCGGCCC	105157635	105157963	-328	105230896	-73261	105157791	-172	-73105
ENSMUST00000064139	TTCCCCTTGGACTAGCGAACAGTTTGGGGTTGAGAGGAAAGCAGAGGCGCCCAGAGGGGAAACCTACCCGCGTCTGCAGTTGGAACTACTCCGCCGGGCTGCACTCTCGCCGCCGCGTCCCGAGCCCGCATACCCGCTCCTGAGCAGCGGCGGCCC	105157635	105157963	-328	105230896	-73261	105157791	-172	-73105
ENSMUST00000064139	TTCCCCTTGGACTAGCGAACAGTTTGGGGTTGAGAGGAAAGCAGAGGCGCCCAGAGGGGAAACCTACCCGCGTCTGCAGTTGGAACTACTCCGCCGGGCTGCACTCTCGCCGCCGCGTCCCGAGCCCGCATACCCGCTCCTGAGCAGCGGCGGCCC	105157635	105194960	-37325	105230896	-73261	105157791	-37169	-73105
ENSMUST00000064139	TTCCCCTTGGACTAGCGAACAGTTTGGGGTTGAGAGGAAAGCAGAGGCGCCCAGAGGGGAAACCTACCCGCGTCTGCAGTTGGAACTACTCCGCCGGGCTGCACTCTCGCCGCCGCGTCCCGAGCCCGCATACCCGCTCCTGAGCAGCGGCGGCCC	105157635	105209257	-51622	105230896	-73261	105157791	-51466	-73105
ENSMUST00000064139	TTCCCCTTGGACTAGCGAACAGTTTGGGGTTGAGAGGAAAGCAGAGGCGCCCAGAGGGGAAACCTACCCGCGTCTGCAGTTGGAACTACTCCGCCGGGCTGCACTCTCGCCGCCGCGTCCCGAGCCCGCATACCCGCTCCTGAGCAGCGGCGGCCC	105157635	105157963	-328	105208523	-50888	105157791	-172	-50732
ENSMUST00000064139	TTCCCCTTGGACTAGCGAACAGTTTGGGGTTGAGAGGAAAGCAGAGGCGCCCAGAGGGGAAACCTACCCGCGTCTGCAGTTGGAACTACTCCGCCGGGCTGCACTCTCGCCGCCGCGTCCCGAGCCCGCATACCCGCTCCTGAGCAGCGGCGGCCC	105157635	105157963	-328	105219327	-61692	105157791	-172	-61536
ENSMUST00000064139	TTCCCCTTGGACTAGCGAACAGTTTGGGGTTGAGAGGAAAGCAGAGGCGCCCAGAGGGGAAACCTACCCGCGTCTGCAGTTGGAACTACTCCGCCGGGCTGCACTCTCGCCGCCGCGTCCCGAGCCCGCATACCCGCTCCTGAGCAGCGGCGGCCC	105157635	105157963	-328	105230896	-73261	105157791	-172	-73105
ENSMUST00000064139	TTCCCCTTGGACTAGCGAACAGTTTGGGGTTGAGAGGAAAGCAGAGGCGCCCAGAGGGGAAACCTACCCGCGTCTGCAGTTGGAACTACTCCGCCGGGCTGCACTCTCGCCGCCGCGTCCCGAGCCCGCATACCCGCTCCTGAGCAGCGGCGGCCC	105157635	105157963	-328	105230896	-73261	105157791	-172	-73105
ENSMUST00000064139	TTCCCCTTGGACTAGCGAACAGTTTGGGGTTGAGAGGAAAGCAGAGGCGCCCAGAGGGGAAACCTACCCGCGTCTGCAGTTGGAACTACTCCGCCGGGCTGCACTCTCGCCGCCGCGTCCCGAGCCCGCATACCCGCTCCTGAGCAGCGGCGGCCC	105157635	105194960	-37325	105230896	-73261	105157791	-37169	-73105
ENSMUST00000064139	TTCCCCTTGGACTAGCGAACAGTTTGGGGTTGAGAGGAAAGCAGAGGCGCCCAGAGGGGAAACCTACCCGCGTCTGCAGTTGGAACTACTCCGCCGGGCTGCACTCTCGCCGCCGCGTCCCGAGCCCGCATACCCGCTCCTGAGCAGCGGCGGCCC	105157635	105209257	-51622	105230896	-73261	105157791	-51466	-73105
ENSMUST00000041804	ACAGAGTCTCCTTTTCCCATCCTTGGTGCAGACTGTGCCTGCCTGGACTCCGTAGAAAGCACTGGATTTTGTGACATGTATATTAAAAACAGGGCATTTCAAAGTAATTTTGCCAAAATTGTCATAACTGAATTTTTGCTGTGTGGACTTTCTGATT	144186345	144129477	56868	144143525	42820	144186502	57025	42977
ENSMUST00000041804	ACAGAGTCTCCTTTTCCCATCCTTGGTGCAGACTGTGCCTGCCTGGACTCCGTAGAAAGCACTGGATTTTGTGACATGTATATTAAAAACAGGGCATTTCAAAGTAATTTTGCCAAAATTGTCATAACTGAATTTTTGCTGTGTGGACTTTCTGATT	144186345	144148365	37980	144164605	21740	144186502	38137	21897
ENSMUST00000041804	ACAGAGTCTCCTTTTCCCATCCTTGGTGCAGACTGTGCCTGCCTGGACTCCGTAGAAAGCACTGGATTTTGTGACATGTATATTAAAAACAGGGCATTTCAAAGTAATTTTGCCAAAATTGTCATAACTGAATTTTTGCTGTGTGGACTTTCTGATT	144186345	144156994	29351	144171736	14609	144186502	29508	14766
ENSMUST00000041804	ACAGAGTCTCCTTTTCCCATCCTTGGTGCAGACTGTGCCTGCCTGGACTCCGTAGAAAGCACTGGATTTTGTGACATGTATATTAAAAACAGGGCATTTCAAAGTAATTTTGCCAAAATTGTCATAACTGAATTTTTGCTGTGTGGACTTTCTGATT	144186345	144164690	21655	144171736	14609	144186502	21812	14766
ENSMUST00000041804	ACAGAGTCTCCTTTTCCCATCCTTGGTGCAGACTGTGCCTGCCTGGACTCCGTAGAAAGCACTGGATTTTGTGACATGTATATTAAAAACAGGGCATTTCAAAGTAATTTTGCCAAAATTGTCATAACTGAATTTTTGCTGTGTGGACTTTCTGATT	144186345	144176477	9868	144183181	3164	144186502	10025	3321
ENSMUST00000041804	ACAGAGTCTCCTTTTCCCATCCTTGGTGCAGACTGTGCCTGCCTGGACTCCGTAGAAAGCACTGGATTTTGTGACATGTATATTAAAAACAGGGCATTTCAAAGTAATTTTGCCAAAATTGTCATAACTGAATTTTTGCTGTGTGGACTTTCTGATT	144186345	144129477	56868	144143525	42820	144186502	57025	42977
ENSMUST00000041804	ACAGAGTCTCCTTTTCCCATCCTTGGTGCAGACTGTGCCTGCCTGGACTCCGTAGAAAGCACTGGATTTTGTGACATGTATATTAAAAACAGGGCATTTCAAAGTAATTTTGCCAAAATTGTCATAACTGAATTTTTGCTGTGTGGACTTTCTGATT	144186345	144148365	37980	144164605	21740	144186502	38137	21897
ENSMUST00000041804	ACAGAGTCTCCTTTTCCCATCCTTGGTGCAGACTGTGCCTGCCTGGACTCCGTAGAAAGCACTGGATTTTGTGACATGTATATTAAAAACAGGGCATTTCAAAGTAATTTTGCCAAAATTGTCATAACTGAATTTTTGCTGTGTGGACTTTCTGATT	144186345	144156994	29351	144171736	14609	144186502	29508	14766
ENSMUST00000041804	ACAGAGTCTCCTTTTCCCATCCTTGGTGCAGACTGTGCCTGCCTGGACTCCGTAGAAAGCACTGGATTTTGTGACATGTATATTAAAAACAGGGCATTTCAAAGTAATTTTGCCAAAATTGTCATAACTGAATTTTTGCTGTGTGGACTTTCTGATT	144186345	144164690	21655	144171736	14609	144186502	21812	14766
ENSMUST00000041804	ACAGAGTCTCCTTTTCCCATCCTTGGTGCAGACTGTGCCTGCCTGGACTCCGTAGAAAGCACTGGATTTTGTGACATGTATATTAAAAACAGGGCATTTCAAAGTAATTTTGCCAAAATTGTCATAACTGAATTTTTGCTGTGTGGACTTTCTGATT	144186345	144176477	9868	144183181	3164	144186502	10025	3321
ENSMUST00000118955	CAAAAAAAACCAGACCCACATTGGAACAGTGAACCCGTCCCATCCAGAGGGCCCTAGGACTGCCGCAGTTGGAGCGACGTCCAACCCTTTTGAAACCAGCCAACCTAATTACCCGTACTGTGGAAATGAGCATGACCCCTGACCCCTTGTTTCTATA	24172981	24078445	94536	24158252	14729	24173138	94693	14886
ENSMUST00000118955	CAAAAAAAACCAGACCCACATTGGAACAGTGAACCCGTCCCATCCAGAGGGCCCTAGGACTGCCGCAGTTGGAGCGACGTCCAACCCTTTTGAAACCAGCCAACCTAATTACCCGTACTGTGGAAATGAGCATGACCCCTGACCCCTTGTTTCTATA	24172981	24085650	87331	24163145	9836	24173138	87488	9993
ENSMUST00000118955	CAAAAAAAACCAGACCCACATTGGAACAGTGAACCCGTCCCATCCAGAGGGCCCTAGGACTGCCGCAGTTGGAGCGACGTCCAACCCTTTTGAAACCAGCCAACCTAATTACCCGTACTGTGGAAATGAGCATGACCCCTGACCCCTTGTTTCTATA	24172981	24085650	87331	24172698	283	24173138	87488	440
ENSMUST00000118955	CAAAAAAAACCAGACCCACATTGGAACAGTGAACCCGTCCCATCCAGAGGGCCCTAGGACTGCCGCAGTTGGAGCGACGTCCAACCCTTTTGAAACCAGCCAACCTAATTACCCGTACTGTGGAAATGAGCATGACCCCTGACCCCTTGTTTCTATA	24172981	24085650	87331	24172698	283	24173138	87488	440
ENSMUST00000118955	CAAAAAAAACCAGACCCACATTGGAACAGTGAACCCGTCCCATCCAGAGGGCCCTAGGACTGCCGCAGTTGGAGCGACGTCCAACCCTTTTGAAACCAGCCAACCTAATTACCCGTACTGTGGAAATGAGCATGACCCCTGACCCCTTGTTTCTATA	24172981	24158354	14627	24172698	283	24173138	14784	440
ENSMUST00000118955	CAAAAAAAACCAGACCCACATTGGAACAGTGAACCCGTCCCATCCAGAGGGCCCTAGGACTGCCGCAGTTGGAGCGACGTCCAACCCTTTTGAAACCAGCCAACCTAATTACCCGTACTGTGGAAATGAGCATGACCCCTGACCCCTTGTTTCTATA	24172981	24085650	87331	24172698	283	24173138	87488	440
ENSMUST00000118955	CAAAAAAAACCAGACCCACATTGGAACAGTGAACCCGTCCCATCCAGAGGGCCCTAGGACTGCCGCAGTTGGAGCGACGTCCAACCCTTTTGAAACCAGCCAACCTAATTACCCGTACTGTGGAAATGAGCATGACCCCTGACCCCTTGTTTCTATA	24172981	24158354	14627	24172698	283	24173138	14784	440
ENSMUST00000102754	CTAAACGACCTTCTTATAGAGCCGAACAGTACCCTGGGTCCCCGGACTCCTGGGTGTAGCATCAAGACGGCTGCCTGCTGAGGGGCGCTTTCCTTCTGACTCTGTTTGGATTGAGGGGAAGTCCGTCTTGCTGATGATGGTGACCGTGAAAGTGAAA	59354411	59161128	193283	59266387	88024	59354568	193440	88181
ENSMUST00000102754	CTAAACGACCTTCTTATAGAGCCGAACAGTACCCTGGGTCCCCGGACTCCTGGGTGTAGCATCAAGACGGCTGCCTGCTGAGGGGCGCTTTCCTTCTGACTCTGTTTGGATTGAGGGGAAGTCCGTCTTGCTGATGATGGTGACCGTGAAAGTGAAA	59354411	59161128	193283	59289217	65194	59354568	193440	65351
ENSMUST00000102754	CTAAACGACCTTCTTATAGAGCCGAACAGTACCCTGGGTCCCCGGACTCCTGGGTGTAGCATCAAGACGGCTGCCTGCTGAGGGGCGCTTTCCTTCTGACTCTGTTTGGATTGAGGGGAAGTCCGTCTTGCTGATGATGGTGACCGTGAAAGTGAAA	59354411	59161128	193283	59305065	49346	59354568	193440	49503
ENSMUST00000102754	CTAAACGACCTTCTTATAGAGCCGAACAGTACCCTGGGTCCCCGGACTCCTGGGTGTAGCATCAAGACGGCTGCCTGCTGAGGGGCGCTTTCCTTCTGACTCTGTTTGGATTGAGGGGAAGTCCGTCTTGCTGATGATGGTGACCGTGAAAGTGAAA	59354411	59161997	192414	59266387	88024	59354568	192571	88181
ENSMUST00000102754	CTAAACGACCTTCTTATAGAGCCGAACAGTACCCTGGGTCCCCGGACTCCTGGGTGTAGCATCAAGACGGCTGCCTGCTGAGGGGCGCTTTCCTTCTGACTCTGTTTGGATTGAGGGGAAGTCCGTCTTGCTGATGATGGTGACCGTGAAAGTGAAA	59354411	59161128	193283	59289217	65194	59354568	193440	65351
ENSMUST00000102754	CTAAACGACCTTCTTATAGAGCCGAACAGTACCCTGGGTCCCCGGACTCCTGGGTGTAGCATCAAGACGGCTGCCTGCTGAGGGGCGCTTTCCTTCTGACTCTGTTTGGATTGAGGGGAAGTCCGTCTTGCTGATGATGGTGACCGTGAAAGTGAAA	59354411	59161128	193283	59305065	49346	59354568	193440	49503
ENSMUST00000102754	CTAAACGACCTTCTTATAGAGCCGAACAGTACCCTGGGTCCCCGGACTCCTGGGTGTAGCATCAAGACGGCTGCCTGCTGAGGGGCGCTTTCCTTCTGACTCTGTTTGGATTGAGGGGAAGTCCGTCTTGCTGATGATGGTGACCGTGAAAGTGAAA	59354411	59214814	139597	59289217	65194	59354568	139754	65351
ENSMUST00000102754	CTAAACGACCTTCTTATAGAGCCGAACAGTACCCTGGGTCCCCGGACTCCTGGGTGTAGCATCAAGACGGCTGCCTGCTGAGGGGCGCTTTCCTTCTGACTCTGTTTGGATTGAGGGGAAGTCCGTCTTGCTGATGATGGTGACCGTGAAAGTGAAA	59354411	59214814	139597	59305065	49346	59354568	139754	49503
ENSMUST00000102754	CTAAACGACCTTCTTATAGAGCCGAACAGTACCCTGGGTCCCCGGACTCCTGGGTGTAGCATCAAGACGGCTGCCTGCTGAGGGGCGCTTTCCTTCTGACTCTGTTTGGATTGAGGGGAAGTCCGTCTTGCTGATGATGGTGACCGTGAAAGTGAAA	59354411	59229854	124557	59289217	65194	59354568	124714	65351
ENSMUST00000102754	CTAAACGACCTTCTTATAGAGCCGAACAGTACCCTGGGTCCCCGGACTCCTGGGTGTAGCATCAAGACGGCTGCCTGCTGAGGGGCGCTTTCCTTCTGACTCTGTTTGGATTGAGGGGAAGTCCGTCTTGCTGATGATGGTGACCGTGAAAGTGAAA	59354411	59161128	193283	59305065	49346	59354568	193440	49503
ENSMUST00000102754	CTAAACGACCTTCTTATAGAGCCGAACAGTACCCTGGGTCCCCGGACTCCTGGGTGTAGCATCAAGACGGCTGCCTGCTGAGGGGCGCTTTCCTTCTGACTCTGTTTGGATTGAGGGGAAGTCCGTCTTGCTGATGATGGTGACCGTGAAAGTGAAA	59354411	59214814	139597	59305065	49346	59354568	139754	49503
ENSMUST00000102754	CTAAACGACCTTCTTATAGAGCCGAACAGTACCCTGGGTCCCCGGACTCCTGGGTGTAGCATCAAGACGGCTGCCTGCTGAGGGGCGCTTTCCTTCTGACTCTGTTTGGATTGAGGGGAAGTCCGTCTTGCTGATGATGGTGACCGTGAAAGTGAAA	59354411	59266500	87911	59305065	49346	59354568	88068	49503
ENSMUST00000102754	CTAAACGACCTTCTTATAGAGCCGAACAGTACCCTGGGTCCCCGGACTCCTGGGTGTAGCATCAAGACGGCTGCCTGCTGAGGGGCGCTTTCCTTCTGACTCTGTTTGGATTGAGGGGAAGTCCGTCTTGCTGATGATGGTGACCGTGAAAGTGAAA	59354411	59308557	45854	59311693	42718	59354568	46011	42875
ENSMUST00000102754	CTAAACGACCTTCTTATAGAGCCGAACAGTACCCTGGGTCCCCGGACTCCTGGGTGTAGCATCAAGACGGCTGCCTGCTGAGGGGCGCTTTCCTTCTGACTCTGTTTGGATTGAGGGGAAGTCCGTCTTGCTGATGATGGTGACCGTGAAAGTGAAA	59354411	59311913	42498	59318511	35900	59354568	42655	36057
ENSMUST00000102754	CTAAACGACCTTCTTATAGAGCCGAACAGTACCCTGGGTCCCCGGACTCCTGGGTGTAGCATCAAGACGGCTGCCTGCTGAGGGGCGCTTTCCTTCTGACTCTGTTTGGATTGAGGGGAAGTCCGTCTTGCTGATGATGGTGACCGTGAAAGTGAAA	59354411	59318644	35767	59334747	19664	59354568	35924	19821
ENSMUST00000102754	CTAAACGACCTTCTTATAGAGCCGAACAGTACCCTGGGTCCCCGGACTCCTGGGTGTAGCATCAAGACGGCTGCCTGCTGAGGGGCGCTTTCCTTCTGACTCTGTTTGGATTGAGGGGAAGTCCGTCTTGCTGATGATGGTGACCGTGAAAGTGAAA	59354411	59344993	9418	59347923	6488	59354568	9575	6645
ENSMUST00000102754	CTAAACGACCTTCTTATAGAGCCGAACAGTACCCTGGGTCCCCGGACTCCTGGGTGTAGCATCAAGACGGCTGCCTGCTGAGGGGCGCTTTCCTTCTGACTCTGTTTGGATTGAGGGGAAGTCCGTCTTGCTGATGATGGTGACCGTGAAAGTGAAA	59354411	59348041	6370	59352261	2150	59354568	6527	2307
ENSMUST00000102754	CTAAACGACCTTCTTATAGAGCCGAACAGTACCCTGGGTCCCCGGACTCCTGGGTGTAGCATCAAGACGGCTGCCTGCTGAGGGGCGCTTTCCTTCTGACTCTGTTTGGATTGAGGGGAAGTCCGTCTTGCTGATGATGGTGACCGTGAAAGTGAAA	59354411	59348041	6370	59354202	209	59354568	6527	366
ENSMUST00000102754	CTAAACGACCTTCTTATAGAGCCGAACAGTACCCTGGGTCCCCGGACTCCTGGGTGTAGCATCAAGACGGCTGCCTGCTGAGGGGCGCTTTCCTTCTGACTCTGTTTGGATTGAGGGGAAGTCCGTCTTGCTGATGATGGTGACCGTGAAAGTGAAA	59354411	59348041	6370	59354202	209	59354568	6527	366
ENSMUST00000102754	CTAAACGACCTTCTTATAGAGCCGAACAGTACCCTGGGTCCCCGGACTCCTGGGTGTAGCATCAAGACGGCTGCCTGCTGAGGGGCGCTTTCCTTCTGACTCTGTTTGGATTGAGGGGAAGTCCGTCTTGCTGATGATGGTGACCGTGAAAGTGAAA	59354411	59350622	3789	59354202	209	59354568	3946	366
ENSMUST00000047865	AGGGCTGGCCTGGGCGACGCTCCAGGGATGAGGAGCTGAGAACCCCAGTCTAATAATGTCCATCGACACCTCCTTATCCCTCTAACGTACTATGTCTTTTGATTTAGCATGCCTTCTGTAGACCTTCCAAAGAGCCCCACACTGGCACCGTCACCCCTA	82585175	82522137	63038	82572824	12351	82585334	63197	12510
ENSMUST00000047865	AGGGCTGGCCTGGGCGACGCTCCAGGGATGAGGAGCTGAGAACCCCAGTCTAATAATGTCCATCGACACCTCCTTATCCCTCTAACGTACTATGTCTTTTGATTTAGCATGCCTTCTGTAGACCTTCCAAAGAGCCCCACACTGGCACCGTCACCCCTA	82585175	82554750	30425	82572824	12351	82585334	30584	12510
ENSMUST00000047865	AGGGCTGGCCTGGGCGACGCTCCAGGGATGAGGAGCTGAGAACCCCAGTCTAATAATGTCCATCGACACCTCCTTATCCCTCTAACGTACTATGTCTTTTGATTTAGCATGCCTTCTGTAGACCTTCCAAAGAGCCCCACACTGGCACCGTCACCCCTA	82585175	82554750	30425	82575171	10004	82585334	30584	10163
ENSMUST00000047865	AGGGCTGGCCTGGGCGACGCTCCAGGGATGAGGAGCTGAGAACCCCAGTCTAATAATGTCCATCGACACCTCCTTATCCCTCTAACGTACTATGTCTTTTGATTTAGCATGCCTTCTGTAGACCTTCCAAAGAGCCCCACACTGGCACCGTCACCCCTA	82585175	82554750	30425	82584111	1064	82585334	30584	1223
ENSMUST00000047865	AGGGCTGGCCTGGGCGACGCTCCAGGGATGAGGAGCTGAGAACCCCAGTCTAATAATGTCCATCGACACCTCCTTATCCCTCTAACGTACTATGTCTTTTGATTTAGCATGCCTTCTGTAGACCTTCCAAAGAGCCCCACACTGGCACCGTCACCCCTA	82585175	82561855	23320	82572824	12351	82585334	23479	12510
ENSMUST00000047865	AGGGCTGGCCTGGGCGACGCTCCAGGGATGAGGAGCTGAGAACCCCAGTCTAATAATGTCCATCGACACCTCCTTATCCCTCTAACGTACTATGTCTTTTGATTTAGCATGCCTTCTGTAGACCTTCCAAAGAGCCCCACACTGGCACCGTCACCCCTA	82585175	82563332	21843	82572824	12351	82585334	22002	12510
ENSMUST00000047865	AGGGCTGGCCTGGGCGACGCTCCAGGGATGAGGAGCTGAGAACCCCAGTCTAATAATGTCCATCGACACCTCCTTATCCCTCTAACGTACTATGTCTTTTGATTTAGCATGCCTTCTGTAGACCTTCCAAAGAGCCCCACACTGGCACCGTCACCCCTA	82585175	82554750	30425	82575171	10004	82585334	30584	10163
ENSMUST00000047865	AGGGCTGGCCTGGGCGACGCTCCAGGGATGAGGAGCTGAGAACCCCAGTCTAATAATGTCCATCGACACCTCCTTATCCCTCTAACGTACTATGTCTTTTGATTTAGCATGCCTTCTGTAGACCTTCCAAAGAGCCCCACACTGGCACCGTCACCCCTA	82585175	82561855	23320	82575171	10004	82585334	23479	10163
ENSMUST00000047865	AGGGCTGGCCTGGGCGACGCTCCAGGGATGAGGAGCTGAGAACCCCAGTCTAATAATGTCCATCGACACCTCCTTATCCCTCTAACGTACTATGTCTTTTGATTTAGCATGCCTTCTGTAGACCTTCCAAAGAGCCCCACACTGGCACCGTCACCCCTA	82585175	82554750	30425	82578935	6240	82585334	30584	6399
ENSMUST00000047865	AGGGCTGGCCTGGGCGACGCTCCAGGGATGAGGAGCTGAGAACCCCAGTCTAATAATGTCCATCGACACCTCCTTATCCCTCTAACGTACTATGTCTTTTGATTTAGCATGCCTTCTGTAGACCTTCCAAAGAGCCCCACACTGGCACCGTCACCCCTA	82585175	82554750	30425	82584111	1064	82585334	30584	1223
ENSMUST00000047865	AGGGCTGGCCTGGGCGACGCTCCAGGGATGAGGAGCTGAGAACCCCAGTCTAATAATGTCCATCGACACCTCCTTATCCCTCTAACGTACTATGTCTTTTGATTTAGCATGCCTTCTGTAGACCTTCCAAAGAGCCCCACACTGGCACCGTCACCCCTA	82585175	82561855	23320	82584111	1064	82585334	23479	1223
ENSMUST00000047865	AGGGCTGGCCTGGGCGACGCTCCAGGGATGAGGAGCTGAGAACCCCAGTCTAATAATGTCCATCGACACCTCCTTATCCCTCTAACGTACTATGTCTTTTGATTTAGCATGCCTTCTGTAGACCTTCCAAAGAGCCCCACACTGGCACCGTCACCCCTA	82585175	82572926	12249	82575600	9575	82585334	12408	9734
ENSMUST00000047865	AGGGCTGGCCTGGGCGACGCTCCAGGGATGAGGAGCTGAGAACCCCAGTCTAATAATGTCCATCGACACCTCCTTATCCCTCTAACGTACTATGTCTTTTGATTTAGCATGCCTTCTGTAGACCTTCCAAAGAGCCCCACACTGGCACCGTCACCCCTA	82585175	82575207	9968	82578935	6240	82585334	10127	6399
ENSMUST00000047865	AGGGCTGGCCTGGGCGACGCTCCAGGGATGAGGAGCTGAGAACCCCAGTCTAATAATGTCCATCGACACCTCCTTATCCCTCTAACGTACTATGTCTTTTGATTTAGCATGCCTTCTGTAGACCTTCCAAAGAGCCCCACACTGGCACCGTCACCCCTA	82585175	82575207	9968	82584111	1064	82585334	10127	1223
ENSMUST00000047865	AGGGCTGGCCTGGGCGACGCTCCAGGGATGAGGAGCTGAGAACCCCAGTCTAATAATGTCCATCGACACCTCCTTATCCCTCTAACGTACTATGTCTTTTGATTTAGCATGCCTTCTGTAGACCTTCCAAAGAGCCCCACACTGGCACCGTCACCCCTA	82585175	82554750	30425	82584111	1064	82585334	30584	1223
ENSMUST00000047865	AGGGCTGGCCTGGGCGACGCTCCAGGGATGAGGAGCTGAGAACCCCAGTCTAATAATGTCCATCGACACCTCCTTATCCCTCTAACGTACTATGTCTTTTGATTTAGCATGCCTTCTGTAGACCTTCCAAAGAGCCCCACACTGGCACCGTCACCCCTA	82585175	82575207	9968	82584111	1064	82585334	10127	1223
ENSMUST00000047865	AGGGCTGGCCTGGGCGACGCTCCAGGGATGAGGAGCTGAGAACCCCAGTCTAATAATGTCCATCGACACCTCCTTATCCCTCTAACGTACTATGTCTTTTGATTTAGCATGCCTTCTGTAGACCTTCCAAAGAGCCCCACACTGGCACCGTCACCCCTA	82585175	82575633	9542	82584111	1064	82585334	9701	1223
ENSMUST00000098308	TTTACAACCAATGCAAGCTTGTTATTGAAGAGCAGTCTGGACCTTTCATCTGGATTCCCTCAAAGGAGAAGTTATAAATTAGCTACTGCACCTCTGACAACGACAGAAGAGCATTTAGAAGAACAAAATATATATAATCTAACACTTGGAGGCTTTTAT	92444555	91091048	1353507	91733090	711465	92444714	1353666	711624
ENSMUST00000098308	TTTACAACCAATGCAAGCTTGTTATTGAAGAGCAGTCTGGACCTTTCATCTGGATTCCCTCAAAGGAGAAGTTATAAATTAGCTACTGCACCTCTGACAACGACAGAAGAGCATTTAGAAGAACAAAATATATATAATCTAACACTTGGAGGCTTTTAT	92444555	91449915	994640	91810478	634077	92444714	994799	634236
ENSMUST00000098308	TTTACAACCAATGCAAGCTTGTTATTGAAGAGCAGTCTGGACCTTTCATCTGGATTCCCTCAAAGGAGAAGTTATAAATTAGCTACTGCACCTCTGACAACGACAGAAGAGCATTTAGAAGAACAAAATATATATAATCTAACACTTGGAGGCTTTTAT	92444555	91449915	994640	91872375	572180	92444714	994799	572339
ENSMUST00000098308	TTTACAACCAATGCAAGCTTGTTATTGAAGAGCAGTCTGGACCTTTCATCTGGATTCCCTCAAAGGAGAAGTTATAAATTAGCTACTGCACCTCTGACAACGACAGAAGAGCATTTAGAAGAACAAAATATATATAATCTAACACTTGGAGGCTTTTAT	92444555	91449915	994640	91939998	504557	92444714	994799	504716
ENSMUST00000098308	TTTACAACCAATGCAAGCTTGTTATTGAAGAGCAGTCTGGACCTTTCATCTGGATTCCCTCAAAGGAGAAGTTATAAATTAGCTACTGCACCTCTGACAACGACAGAAGAGCATTTAGAAGAACAAAATATATATAATCTAACACTTGGAGGCTTTTAT	92444555	91449915	994640	91997165	447390	92444714	994799	447549
ENSMUST00000098308	TTTACAACCAATGCAAGCTTGTTATTGAAGAGCAGTCTGGACCTTTCATCTGGATTCCCTCAAAGGAGAAGTTATAAATTAGCTACTGCACCTCTGACAACGACAGAAGAGCATTTAGAAGAACAAAATATATATAATCTAACACTTGGAGGCTTTTAT	92444555	91711798	732757	91810478	634077	92444714	732916	634236
ENSMUST00000098308	TTTACAACCAATGCAAGCTTGTTATTGAAGAGCAGTCTGGACCTTTCATCTGGATTCCCTCAAAGGAGAAGTTATAAATTAGCTACTGCACCTCTGACAACGACAGAAGAGCATTTAGAAGAACAAAATATATATAATCTAACACTTGGAGGCTTTTAT	92444555	91449915	994640	91872375	572180	92444714	994799	572339
ENSMUST00000098308	TTTACAACCAATGCAAGCTTGTTATTGAAGAGCAGTCTGGACCTTTCATCTGGATTCCCTCAAAGGAGAAGTTATAAATTAGCTACTGCACCTCTGACAACGACAGAAGAGCATTTAGAAGAACAAAATATATATAATCTAACACTTGGAGGCTTTTAT	92444555	91449915	994640	91900734	543821	92444714	994799	543980
ENSMUST00000098308	TTTACAACCAATGCAAGCTTGTTATTGAAGAGCAGTCTGGACCTTTCATCTGGATTCCCTCAAAGGAGAAGTTATAAATTAGCTACTGCACCTCTGACAACGACAGAAGAGCATTTAGAAGAACAAAATATATATAATCTAACACTTGGAGGCTTTTAT	92444555	91733144	711411	91872375	572180	92444714	711570	572339
ENSMUST00000098308	TTTACAACCAATGCAAGCTTGTTATTGAAGAGCAGTCTGGACCTTTCATCTGGATTCCCTCAAAGGAGAAGTTATAAATTAGCTACTGCACCTCTGACAACGACAGAAGAGCATTTAGAAGAACAAAATATATATAATCTAACACTTGGAGGCTTTTAT	92444555	91449915	994640	91900734	543821	92444714	994799	543980
ENSMUST00000098308	TTTACAACCAATGCAAGCTTGTTATTGAAGAGCAGTCTGGACCTTTCATCTGGATTCCCTCAAAGGAGAAGTTATAAATTAGCTACTGCACCTCTGACAACGACAGAAGAGCATTTAGAAGAACAAAATATATATAATCTAACACTTGGAGGCTTTTAT	92444555	91449915	994640	91939998	504557	92444714	994799	504716
ENSMUST00000098308	TTTACAACCAATGCAAGCTTGTTATTGAAGAGCAGTCTGGACCTTTCATCTGGATTCCCTCAAAGGAGAAGTTATAAATTAGCTACTGCACCTCTGACAACGACAGAAGAGCATTTAGAAGAACAAAATATATATAATCTAACACTTGGAGGCTTTTAT	92444555	91733144	711411	91939998	504557	92444714	711570	504716
ENSMUST00000098308	TTTACAACCAATGCAAGCTTGTTATTGAAGAGCAGTCTGGACCTTTCATCTGGATTCCCTCAAAGGAGAAGTTATAAATTAGCTACTGCACCTCTGACAACGACAGAAGAGCATTTAGAAGAACAAAATATATATAATCTAACACTTGGAGGCTTTTAT	92444555	91810529	634026	91900734	543821	92444714	634185	543980
ENSMUST00000098308	TTTACAACCAATGCAAGCTTGTTATTGAAGAGCAGTCTGGACCTTTCATCTGGATTCCCTCAAAGGAGAAGTTATAAATTAGCTACTGCACCTCTGACAACGACAGAAGAGCATTTAGAAGAACAAAATATATATAATCTAACACTTGGAGGCTTTTAT	92444555	91872500	572055	91939998	504557	92444714	572214	504716
ENSMUST00000098308	TTTACAACCAATGCAAGCTTGTTATTGAAGAGCAGTCTGGACCTTTCATCTGGATTCCCTCAAAGGAGAAGTTATAAATTAGCTACTGCACCTCTGACAACGACAGAAGAGCATTTAGAAGAACAAAATATATATAATCTAACACTTGGAGGCTTTTAT	92444555	91449915	994640	91939998	504557	92444714	994799	504716
ENSMUST00000098308	TTTACAACCAATGCAAGCTTGTTATTGAAGAGCAGTCTGGACCTTTCATCTGGATTCCCTCAAAGGAGAAGTTATAAATTAGCTACTGCACCTCTGACAACGACAGAAGAGCATTTAGAAGAACAAAATATATATAATCTAACACTTGGAGGCTTTTAT	92444555	91872500	572055	91939998	504557	92444714	572214	504716
ENSMUST00000098308	TTTACAACCAATGCAAGCTTGTTATTGAAGAGCAGTCTGGACCTTTCATCTGGATTCCCTCAAAGGAGAAGTTATAAATTAGCTACTGCACCTCTGACAACGACAGAAGAGCATTTAGAAGAACAAAATATATATAATCTAACACTTGGAGGCTTTTAT	92444555	91449915	994640	91965595	478960	92444714	994799	479119
ENSMUST00000098308	TTTACAACCAATGCAAGCTTGTTATTGAAGAGCAGTCTGGACCTTTCATCTGGATTCCCTCAAAGGAGAAGTTATAAATTAGCTACTGCACCTCTGACAACGACAGAAGAGCATTTAGAAGAACAAAATATATATAATCTAACACTTGGAGGCTTTTAT	92444555	91968256	476299	92040797	403758	92444714	476458	403917
ENSMUST00000098308	TTTACAACCAATGCAAGCTTGTTATTGAAGAGCAGTCTGGACCTTTCATCTGGATTCCCTCAAAGGAGAAGTTATAAATTAGCTACTGCACCTCTGACAACGACAGAAGAGCATTTAGAAGAACAAAATATATATAATCTAACACTTGGAGGCTTTTAT	92444555	91997321	447234	92088561	355994	92444714	447393	356153
ENSMUST00000098308	TTTACAACCAATGCAAGCTTGTTATTGAAGAGCAGTCTGGACCTTTCATCTGGATTCCCTCAAAGGAGAAGTTATAAATTAGCTACTGCACCTCTGACAACGACAGAAGAGCATTTAGAAGAACAAAATATATATAATCTAACACTTGGAGGCTTTTAT	92444555	92040866	403689	92126539	318016	92444714	403848	318175
ENSMUST00000098308	TTTACAACCAATGCAAGCTTGTTATTGAAGAGCAGTCTGGACCTTTCATCTGGATTCCCTCAAAGGAGAAGTTATAAATTAGCTACTGCACCTCTGACAACGACAGAAGAGCATTTAGAAGAACAAAATATATATAATCTAACACTTGGAGGCTTTTAT	92444555	92126642	317913	92375553	69002	92444714	318072	69161
ENSMUST00000098308	TTTACAACCAATGCAAGCTTGTTATTGAAGAGCAGTCTGGACCTTTCATCTGGATTCCCTCAAAGGAGAAGTTATAAATTAGCTACTGCACCTCTGACAACGACAGAAGAGCATTTAGAAGAACAAAATATATATAATCTAACACTTGGAGGCTTTTAT	92444555	92235224	209331	92375553	69002	92444714	209490	69161
ENSMUST00000098308	TTTACAACCAATGCAAGCTTGTTATTGAAGAGCAGTCTGGACCTTTCATCTGGATTCCCTCAAAGGAGAAGTTATAAATTAGCTACTGCACCTCTGACAACGACAGAAGAGCATTTAGAAGAACAAAATATATATAATCTAACACTTGGAGGCTTTTAT	92444555	92235224	209331	92386914	57641	92444714	209490	57800
ENSMUST00000098308	TTTACAACCAATGCAAGCTTGTTATTGAAGAGCAGTCTGGACCTTTCATCTGGATTCCCTCAAAGGAGAAGTTATAAATTAGCTACTGCACCTCTGACAACGACAGAAGAGCATTTAGAAGAACAAAATATATATAATCTAACACTTGGAGGCTTTTAT	92444555	92235224	209331	92386914	57641	92444714	209490	57800
ENSMUST00000098308	TTTACAACCAATGCAAGCTTGTTATTGAAGAGCAGTCTGGACCTTTCATCTGGATTCCCTCAAAGGAGAAGTTATAAATTAGCTACTGCACCTCTGACAACGACAGAAGAGCATTTAGAAGAACAAAATATATATAATCTAACACTTGGAGGCTTTTAT	92444555	92286605	157950	92386914	57641	92444714	158109	57800
ENSMUST00000098308	TTTACAACCAATGCAAGCTTGTTATTGAAGAGCAGTCTGGACCTTTCATCTGGATTCCCTCAAAGGAGAAGTTATAAATTAGCTACTGCACCTCTGACAACGACAGAAGAGCATTTAGAAGAACAAAATATATATAATCTAACACTTGGAGGCTTTTAT	92444555	92375730	68825	92417223	27332	92444714	68984	27491
ENSMUST00000098308	TTTACAACCAATGCAAGCTTGTTATTGAAGAGCAGTCTGGACCTTTCATCTGGATTCCCTCAAAGGAGAAGTTATAAATTAGCTACTGCACCTCTGACAACGACAGAAGAGCATTTAGAAGAACAAAATATATATAATCTAACACTTGGAGGCTTTTAT	92444555	92386990	57565	92418087	26468	92444714	57724	26627
ENSMUST00000098308	TTTACAACCAATGCAAGCTTGTTATTGAAGAGCAGTCTGGACCTTTCATCTGGATTCCCTCAAAGGAGAAGTTATAAATTAGCTACTGCACCTCTGACAACGACAGAAGAGCATTTAGAAGAACAAAATATATATAATCTAACACTTGGAGGCTTTTAT	92444555	92386990	57565	92427690	16865	92444714	57724	17024
ENSMUST00000098308	TTTACAACCAATGCAAGCTTGTTATTGAAGAGCAGTCTGGACCTTTCATCTGGATTCCCTCAAAGGAGAAGTTATAAATTAGCTACTGCACCTCTGACAACGACAGAAGAGCATTTAGAAGAACAAAATATATATAATCTAACACTTGGAGGCTTTTAT	92444555	92386990	57565	92427690	16865	92444714	57724	17024
ENSMUST00000098308	TTTACAACCAATGCAAGCTTGTTATTGAAGAGCAGTCTGGACCTTTCATCTGGATTCCCTCAAAGGAGAAGTTATAAATTAGCTACTGCACCTCTGACAACGACAGAAGAGCATTTAGAAGAACAAAATATATATAATCTAACACTTGGAGGCTTTTAT	92444555	92417323	27232	92420631	23924	92444714	27391	24083
ENSMUST00000098308	TTTACAACCAATGCAAGCTTGTTATTGAAGAGCAGTCTGGACCTTTCATCTGGATTCCCTCAAAGGAGAAGTTATAAATTAGCTACTGCACCTCTGACAACGACAGAAGAGCATTTAGAAGAACAAAATATATATAATCTAACACTTGGAGGCTTTTAT	92444555	92417323	27232	92427690	16865	92444714	27391	17024
ENSMUST00000098308	TTTACAACCAATGCAAGCTTGTTATTGAAGAGCAGTCTGGACCTTTCATCTGGATTCCCTCAAAGGAGAAGTTATAAATTAGCTACTGCACCTCTGACAACGACAGAAGAGCATTTAGAAGAACAAAATATATATAATCTAACACTTGGAGGCTTTTAT	92444555	92417323	27232	92427690	16865	92444714	27391	17024
ENSMUST00000098308	TTTACAACCAATGCAAGCTTGTTATTGAAGAGCAGTCTGGACCTTTCATCTGGATTCCCTCAAAGGAGAAGTTATAAATTAGCTACTGCACCTCTGACAACGACAGAAGAGCATTTAGAAGAACAAAATATATATAATCTAACACTTGGAGGCTTTTAT	92444555	92418133	26422	92427690	16865	92444714	26581	17024
ENSMUST00000098308	TTTACAACCAATGCAAGCTTGTTATTGAAGAGCAGTCTGGACCTTTCATCTGGATTCCCTCAAAGGAGAAGTTATAAATTAGCTACTGCACCTCTGACAACGACAGAAGAGCATTTAGAAGAACAAAATATATATAATCTAACACTTGGAGGCTTTTAT	92444555	92431169	13386	92442603	1952	92444714	13545	2111
ENSMUST00000108909	GAAGTACTTCGTCTCCCCGACCCTATTCCGCGTCATCCGATTGGCCCGCATCGGGCGCATCTTGCGTCTGATCAAGGGCGCCAAAGGGATCCGCACCCTGCTCTTTGCCTTAATGATGTCGCTGCCCGCCCTGTTCAACATCGGCCTCCTGCTCTTCCTG	101039592	100870333	169259	100936270	103322	101039752	169419	103482
ENSMUST00000108909	GAAGTACTTCGTCTCCCCGACCCTATTCCGCGTCATCCGATTGGCCCGCATCGGGCGCATCTTGCGTCTGATCAAGGGCGCCAAAGGGATCCGCACCCTGCTCTTTGCCTTAATGATGTCGCTGCCCGCCCTGTTCAACATCGGCCTCCTGCTCTTCCTG	101039592	100870743	168849	100936270	103322	101039752	169009	103482
ENSMUST00000108909	GAAGTACTTCGTCTCCCCGACCCTATTCCGCGTCATCCGATTGGCCCGCATCGGGCGCATCTTGCGTCTGATCAAGGGCGCCAAAGGGATCCGCACCCTGCTCTTTGCCTTAATGATGTCGCTGCCCGCCCTGTTCAACATCGGCCTCCTGCTCTTCCTG	101039592	100871068	168524	100936270	103322	101039752	168684	103482
ENSMUST00000108909	GAAGTACTTCGTCTCCCCGACCCTATTCCGCGTCATCCGATTGGCCCGCATCGGGCGCATCTTGCGTCTGATCAAGGGCGCCAAAGGGATCCGCACCCTGCTCTTTGCCTTAATGATGTCGCTGCCCGCCCTGTTCAACATCGGCCTCCTGCTCTTCCTG	101039592	100957589	82003	100959602	79990	101039752	82163	80150
ENSMUST00000108909	GAAGTACTTCGTCTCCCCGACCCTATTCCGCGTCATCCGATTGGCCCGCATCGGGCGCATCTTGCGTCTGATCAAGGGCGCCAAAGGGATCCGCACCCTGCTCTTTGCCTTAATGATGTCGCTGCCCGCCCTGTTCAACATCGGCCTCCTGCTCTTCCTG	101039592	100957589	82003	100959694	79898	101039752	82163	80058
ENSMUST00000108909	GAAGTACTTCGTCTCCCCGACCCTATTCCGCGTCATCCGATTGGCCCGCATCGGGCGCATCTTGCGTCTGATCAAGGGCGCCAAAGGGATCCGCACCCTGCTCTTTGCCTTAATGATGTCGCTGCCCGCCCTGTTCAACATCGGCCTCCTGCTCTTCCTG	101039592	100959431	80161	100969020	70572	101039752	80321	70732
ENSMUST00000108909	GAAGTACTTCGTCTCCCCGACCCTATTCCGCGTCATCCGATTGGCCCGCATCGGGCGCATCTTGCGTCTGATCAAGGGCGCCAAAGGGATCCGCACCCTGCTCTTTGCCTTAATGATGTCGCTGCCCGCCCTGTTCAACATCGGCCTCCTGCTCTTCCTG	101039592	101002166	37426	101011016	28576	101039752	37586	28736
ENSMUST00000108909	GAAGTACTTCGTCTCCCCGACCCTATTCCGCGTCATCCGATTGGCCCGCATCGGGCGCATCTTGCGTCTGATCAAGGGCGCCAAAGGGATCCGCACCCTGCTCTTTGCCTTAATGATGTCGCTGCCCGCCCTGTTCAACATCGGCCTCCTGCTCTTCCTG	101039592	101018524	21068	101024260	15332	101039752	21228	15492
ENSMUST00000108909	GAAGTACTTCGTCTCCCCGACCCTATTCCGCGTCATCCGATTGGCCCGCATCGGGCGCATCTTGCGTCTGATCAAGGGCGCCAAAGGGATCCGCACCCTGCTCTTTGCCTTAATGATGTCGCTGCCCGCCCTGTTCAACATCGGCCTCCTGCTCTTCCTG	101039592	101018524	21068	101029577	10015	101039752	21228	10175
ENSMUST00000108909	GAAGTACTTCGTCTCCCCGACCCTATTCCGCGTCATCCGATTGGCCCGCATCGGGCGCATCTTGCGTCTGATCAAGGGCGCCAAAGGGATCCGCACCCTGCTCTTTGCCTTAATGATGTCGCTGCCCGCCCTGTTCAACATCGGCCTCCTGCTCTTCCTG	101039592	101018524	21068	101029577	10015	101039752	21228	10175
ENSMUST00000108909	GAAGTACTTCGTCTCCCCGACCCTATTCCGCGTCATCCGATTGGCCCGCATCGGGCGCATCTTGCGTCTGATCAAGGGCGCCAAAGGGATCCGCACCCTGCTCTTTGCCTTAATGATGTCGCTGCCCGCCCTGTTCAACATCGGCCTCCTGCTCTTCCTG	101039592	101023906	15686	101029577	10015	101039752	15846	10175
ENSMUST00000108909	GAAGTACTTCGTCTCCCCGACCCTATTCCGCGTCATCCGATTGGCCCGCATCGGGCGCATCTTGCGTCTGATCAAGGGCGCCAAAGGGATCCGCACCCTGCTCTTTGCCTTAATGATGTCGCTGCCCGCCCTGTTCAACATCGGCCTCCTGCTCTTCCTG	101039592	101029862	9730	101032184	7408	101039752	9890	7568
ENSMUST00000046257	CCAGGCCTGGACCAGCCTAGGGAAGCGTGCAGACCAGCGCAAGGCCAAATTGGGTGACTCCCATGATCTGCAGCGCTTCCTTAGCGATTTCCGGGACCTCATGTCTTGGATCAATGGAATACGAGGGTTGGTATCTTCAGATGAACTAGCCAAGGACGTC	30008192	29965785	42407	29978376	29816	30010796	45011	32420
ENSMUST00000046257	CCAGGCCTGGACCAGCCTAGGGAAGCGTGCAGACCAGCGCAAGGCCAAATTGGGTGACTCCCATGATCTGCAGCGCTTCCTTAGCGATTTCCGGGACCTCATGTCTTGGATCAATGGAATACGAGGGTTGGTATCTTCAGATGAACTAGCCAAGGACGTC	30008192	29986539	21653	29988333	19859	30010796	24257	22463
ENSMUST00000046257	CCAGGCCTGGACCAGCCTAGGGAAGCGTGCAGACCAGCGCAAGGCCAAATTGGGTGACTCCCATGATCTGCAGCGCTTCCTTAGCGATTTCCGGGACCTCATGTCTTGGATCAATGGAATACGAGGGTTGGTATCTTCAGATGAACTAGCCAAGGACGTC	30008192	29996264	11928	29996736	11456	30010796	14532	14060
ENSMUST00000046257	CCAGGCCTGGACCAGCCTAGGGAAGCGTGCAGACCAGCGCAAGGCCAAATTGGGTGACTCCCATGATCTGCAGCGCTTCCTTAGCGATTTCCGGGACCTCATGTCTTGGATCAATGGAATACGAGGGTTGGTATCTTCAGATGAACTAGCCAAGGACGTC	30008192	29998248	9944	29999913	8279	30010796	12548	10883
ENSMUST00000046257	CCAGGCCTGGACCAGCCTAGGGAAGCGTGCAGACCAGCGCAAGGCCAAATTGGGTGACTCCCATGATCTGCAGCGCTTCCTTAGCGATTTCCGGGACCTCATGTCTTGGATCAATGGAATACGAGGGTTGGTATCTTCAGATGAACTAGCCAAGGACGTC	30008192	30000062	8130	30002230	5962	30010796	10734	8566
ENSMUST00000046257	CCAGGCCTGGACCAGCCTAGGGAAGCGTGCAGACCAGCGCAAGGCCAAATTGGGTGACTCCCATGATCTGCAGCGCTTCCTTAGCGATTTCCGGGACCTCATGTCTTGGATCAATGGAATACGAGGGTTGGTATCTTCAGATGAACTAGCCAAGGACGTC	30008192	30013838	-5646	30015588	-7396	30010796	-3042	-4792
ENSMUST00000046257	CCAGGCCTGGACCAGCCTAGGGAAGCGTGCAGACCAGCGCAAGGCCAAATTGGGTGACTCCCATGATCTGCAGCGCTTCCTTAGCGATTTCCGGGACCTCATGTCTTGGATCAATGGAATACGAGGGTTGGTATCTTCAGATGAACTAGCCAAGGACGTC	30008192	30014172	-5980	30015933	-7741	30010796	-3376	-5137
ENSMUST00000046257	CCAGGCCTGGACCAGCCTAGGGAAGCGTGCAGACCAGCGCAAGGCCAAATTGGGTGACTCCCATGATCTGCAGCGCTTCCTTAGCGATTTCCGGGACCTCATGTCTTGGATCAATGGAATACGAGGGTTGGTATCTTCAGATGAACTAGCCAAGGACGTC	30008192	30027131	-18939	30029619	-21427	30010796	-16335	-18823
ENSMUST00000046257	CCAGGCCTGGACCAGCCTAGGGAAGCGTGCAGACCAGCGCAAGGCCAAATTGGGTGACTCCCATGATCTGCAGCGCTTCCTTAGCGATTTCCGGGACCTCATGTCTTGGATCAATGGAATACGAGGGTTGGTATCTTCAGATGAACTAGCCAAGGACGTC	30008192	30027648	-19456	30029619	-21427	30010796	-16852	-18823
ENSMUST00000046257	CCAGGCCTGGACCAGCCTAGGGAAGCGTGCAGACCAGCGCAAGGCCAAATTGGGTGACTCCCATGATCTGCAGCGCTTCCTTAGCGATTTCCGGGACCTCATGTCTTGGATCAATGGAATACGAGGGTTGGTATCTTCAGATGAACTAGCCAAGGACGTC	30008192	30030370	-22178	30030674	-22482	30010796	-19574	-19878
ENSMUST00000080210	ATGCCTTGTTGGCAAAGCACACCTTGGGTAGTTGAGATCTCCTGTGTTCGTCTTTAGCTTTCCTTGTGATGTAGACTCATGACTGTAACATTTCATGTGTAAAATAACTGGATATTCTTCATATGATGGAAATAACCTGTGAATTCAATCTTTCACTAAGT	102790573	102659301	131272	102735943	54630	102790734	131433	54791
ENSMUST00000080210	ATGCCTTGTTGGCAAAGCACACCTTGGGTAGTTGAGATCTCCTGTGTTCGTCTTTAGCTTTCCTTGTGATGTAGACTCATGACTGTAACATTTCATGTGTAAAATAACTGGATATTCTTCATATGATGGAAATAACCTGTGAATTCAATCTTTCACTAAGT	102790573	102675809	114764	102735943	54630	102790734	114925	54791
ENSMUST00000080210	ATGCCTTGTTGGCAAAGCACACCTTGGGTAGTTGAGATCTCCTGTGTTCGTCTTTAGCTTTCCTTGTGATGTAGACTCATGACTGTAACATTTCATGTGTAAAATAACTGGATATTCTTCATATGATGGAAATAACCTGTGAATTCAATCTTTCACTAAGT	102790573	102659301	131272	102735943	54630	102790734	131433	54791
ENSMUST00000080210	ATGCCTTGTTGGCAAAGCACACCTTGGGTAGTTGAGATCTCCTGTGTTCGTCTTTAGCTTTCCTTGTGATGTAGACTCATGACTGTAACATTTCATGTGTAAAATAACTGGATATTCTTCATATGATGGAAATAACCTGTGAATTCAATCTTTCACTAAGT	102790573	102675809	114764	102735943	54630	102790734	114925	54791
ENSMUST00000080210	ATGCCTTGTTGGCAAAGCACACCTTGGGTAGTTGAGATCTCCTGTGTTCGTCTTTAGCTTTCCTTGTGATGTAGACTCATGACTGTAACATTTCATGTGTAAAATAACTGGATATTCTTCATATGATGGAAATAACCTGTGAATTCAATCTTTCACTAAGT	102790573	102659301	131272	102737776	52797	102790734	131433	52958
ENSMUST00000080210	ATGCCTTGTTGGCAAAGCACACCTTGGGTAGTTGAGATCTCCTGTGTTCGTCTTTAGCTTTCCTTGTGATGTAGACTCATGACTGTAACATTTCATGTGTAAAATAACTGGATATTCTTCATATGATGGAAATAACCTGTGAATTCAATCTTTCACTAAGT	102790573	102659301	131272	102743807	46766	102790734	131433	46927
ENSMUST00000080210	ATGCCTTGTTGGCAAAGCACACCTTGGGTAGTTGAGATCTCCTGTGTTCGTCTTTAGCTTTCCTTGTGATGTAGACTCATGACTGTAACATTTCATGTGTAAAATAACTGGATATTCTTCATATGATGGAAATAACCTGTGAATTCAATCTTTCACTAAGT	102790573	102737929	52644	102743807	46766	102790734	52805	46927
ENSMUST00000080210	ATGCCTTGTTGGCAAAGCACACCTTGGGTAGTTGAGATCTCCTGTGTTCGTCTTTAGCTTTCCTTGTGATGTAGACTCATGACTGTAACATTTCATGTGTAAAATAACTGGATATTCTTCATATGATGGAAATAACCTGTGAATTCAATCTTTCACTAAGT	102790573	102659301	131272	102755906	34667	102790734	131433	34828
ENSMUST00000080210	ATGCCTTGTTGGCAAAGCACACCTTGGGTAGTTGAGATCTCCTGTGTTCGTCTTTAGCTTTCCTTGTGATGTAGACTCATGACTGTAACATTTCATGTGTAAAATAACTGGATATTCTTCATATGATGGAAATAACCTGTGAATTCAATCTTTCACTAAGT	102790573	102743973	46600	102755906	34667	102790734	46761	34828
ENSMUST00000080210	ATGCCTTGTTGGCAAAGCACACCTTGGGTAGTTGAGATCTCCTGTGTTCGTCTTTAGCTTTCCTTGTGATGTAGACTCATGACTGTAACATTTCATGTGTAAAATAACTGGATATTCTTCATATGATGGAAATAACCTGTGAATTCAATCTTTCACTAAGT	102790573	102748595	41978	102761014	29559	102790734	42139	29720
ENSMUST00000080210	ATGCCTTGTTGGCAAAGCACACCTTGGGTAGTTGAGATCTCCTGTGTTCGTCTTTAGCTTTCCTTGTGATGTAGACTCATGACTGTAACATTTCATGTGTAAAATAACTGGATATTCTTCATATGATGGAAATAACCTGTGAATTCAATCTTTCACTAAGT	102790573	102761209	29364	102777426	13147	102790734	29525	13308
ENSMUST00000080210	ATGCCTTGTTGGCAAAGCACACCTTGGGTAGTTGAGATCTCCTGTGTTCGTCTTTAGCTTTCCTTGTGATGTAGACTCATGACTGTAACATTTCATGTGTAAAATAACTGGATATTCTTCATATGATGGAAATAACCTGTGAATTCAATCTTTCACTAAGT	102790573	102777655	12918	102781462	9111	102790734	13079	9272
ENSMUST00000071325	GTCACTCAGTTGAACTTCGCAATATGTTTGGTGAAACACTTCATAAAGCAGTGCAAGGCTGTGGAGCGCACCCAGCAATACGAATGGCACCAAGTCTCACCTTTAAAGAAAAGGTAACAAGCCTTAAATTTAAAGAAAAGCCTACAGACCTAGAGACAAGGAGCTAC	79418603	79418683	-80	79428577	-9974	79425600	6917	-2977
ENSMUST00000071325	GTCACTCAGTTGAACTTCGCAATATGTTTGGTGAAACACTTCATAAAGCAGTGCAAGGCTGTGGAGCGCACCCAGCAATACGAATGGCACCAAGTCTCACCTTTAAAGAAAAGGTAACAAGCCTTAAATTTAAAGAAAAGCCTACAGACCTAGAGACAAGGAGCTAC	79418603	79458906	-40303	79468716	-50113	79425600	-33306	-43116
ENSMUST00000071325	GTCACTCAGTTGAACTTCGCAATATGTTTGGTGAAACACTTCATAAAGCAGTGCAAGGCTGTGGAGCGCACCCAGCAATACGAATGGCACCAAGTCTCACCTTTAAAGAAAAGGTAACAAGCCTTAAATTTAAAGAAAAGCCTACAGACCTAGAGACAAGGAGCTAC	79418603	79458906	-40303	79468716	-50113	79425600	-33306	-43116
ENSMUST00000071325	GTCACTCAGTTGAACTTCGCAATATGTTTGGTGAAACACTTCATAAAGCAGTGCAAGGCTGTGGAGCGCACCCAGCAATACGAATGGCACCAAGTCTCACCTTTAAAGAAAAGGTAACAAGCCTTAAATTTAAAGAAAAGCCTACAGACCTAGAGACAAGGAGCTAC	79418603	79463295	-44692	79468716	-50113	79425600	-37695	-43116
ENSMUST00000071325	GTCACTCAGTTGAACTTCGCAATATGTTTGGTGAAACACTTCATAAAGCAGTGCAAGGCTGTGGAGCGCACCCAGCAATACGAATGGCACCAAGTCTCACCTTTAAAGAAAAGGTAACAAGCCTTAAATTTAAAGAAAAGCCTACAGACCTAGAGACAAGGAGCTAC	79418603	79475883	-57280	79545353	-126750	79425600	-50283	-119753
ENSMUST00000071325	GTCACTCAGTTGAACTTCGCAATATGTTTGGTGAAACACTTCATAAAGCAGTGCAAGGCTGTGGAGCGCACCCAGCAATACGAATGGCACCAAGTCTCACCTTTAAAGAAAAGGTAACAAGCCTTAAATTTAAAGAAAAGCCTACAGACCTAGAGACAAGGAGCTAC	79418603	79546412	-127809	79547667	-129064	79425600	-120812	-122067
ENSMUST00000071325	GTCACTCAGTTGAACTTCGCAATATGTTTGGTGAAACACTTCATAAAGCAGTGCAAGGCTGTGGAGCGCACCCAGCAATACGAATGGCACCAAGTCTCACCTTTAAAGAAAAGGTAACAAGCCTTAAATTTAAAGAAAAGCCTACAGACCTAGAGACAAGGAGCTAC	79418603	79553997	-135394	79556698	-138095	79425600	-128397	-131098
ENSMUST00000071325	GTCACTCAGTTGAACTTCGCAATATGTTTGGTGAAACACTTCATAAAGCAGTGCAAGGCTGTGGAGCGCACCCAGCAATACGAATGGCACCAAGTCTCACCTTTAAAGAAAAGGTAACAAGCCTTAAATTTAAAGAAAAGCCTACAGACCTAGAGACAAGGAGCTAC	79418603	79553997	-135394	79559404	-140801	79425600	-128397	-133804
ENSMUST00000071325	GTCACTCAGTTGAACTTCGCAATATGTTTGGTGAAACACTTCATAAAGCAGTGCAAGGCTGTGGAGCGCACCCAGCAATACGAATGGCACCAAGTCTCACCTTTAAAGAAAAGGTAACAAGCCTTAAATTTAAAGAAAAGCCTACAGACCTAGAGACAAGGAGCTAC	79418603	79569170	-150567	79578253	-159650	79425600	-143570	-152653
ENSMUST00000071325	GTCACTCAGTTGAACTTCGCAATATGTTTGGTGAAACACTTCATAAAGCAGTGCAAGGCTGTGGAGCGCACCCAGCAATACGAATGGCACCAAGTCTCACCTTTAAAGAAAAGGTAACAAGCCTTAAATTTAAAGAAAAGCCTACAGACCTAGAGACAAGGAGCTAC	79418603	79418683	-80	79428577	-9974	79425600	6917	-2977
ENSMUST00000071325	GTCACTCAGTTGAACTTCGCAATATGTTTGGTGAAACACTTCATAAAGCAGTGCAAGGCTGTGGAGCGCACCCAGCAATACGAATGGCACCAAGTCTCACCTTTAAAGAAAAGGTAACAAGCCTTAAATTTAAAGAAAAGCCTACAGACCTAGAGACAAGGAGCTAC	79418603	79458906	-40303	79468716	-50113	79425600	-33306	-43116
ENSMUST00000071325	GTCACTCAGTTGAACTTCGCAATATGTTTGGTGAAACACTTCATAAAGCAGTGCAAGGCTGTGGAGCGCACCCAGCAATACGAATGGCACCAAGTCTCACCTTTAAAGAAAAGGTAACAAGCCTTAAATTTAAAGAAAAGCCTACAGACCTAGAGACAAGGAGCTAC	79418603	79458906	-40303	79468716	-50113	79425600	-33306	-43116
ENSMUST00000071325	GTCACTCAGTTGAACTTCGCAATATGTTTGGTGAAACACTTCATAAAGCAGTGCAAGGCTGTGGAGCGCACCCAGCAATACGAATGGCACCAAGTCTCACCTTTAAAGAAAAGGTAACAAGCCTTAAATTTAAAGAAAAGCCTACAGACCTAGAGACAAGGAGCTAC	79418603	79463295	-44692	79468716	-50113	79425600	-37695	-43116
ENSMUST00000071325	GTCACTCAGTTGAACTTCGCAATATGTTTGGTGAAACACTTCATAAAGCAGTGCAAGGCTGTGGAGCGCACCCAGCAATACGAATGGCACCAAGTCTCACCTTTAAAGAAAAGGTAACAAGCCTTAAATTTAAAGAAAAGCCTACAGACCTAGAGACAAGGAGCTAC	79418603	79475883	-57280	79545353	-126750	79425600	-50283	-119753
ENSMUST00000071325	GTCACTCAGTTGAACTTCGCAATATGTTTGGTGAAACACTTCATAAAGCAGTGCAAGGCTGTGGAGCGCACCCAGCAATACGAATGGCACCAAGTCTCACCTTTAAAGAAAAGGTAACAAGCCTTAAATTTAAAGAAAAGCCTACAGACCTAGAGACAAGGAGCTAC	79418603	79546412	-127809	79547667	-129064	79425600	-120812	-122067
ENSMUST00000071325	GTCACTCAGTTGAACTTCGCAATATGTTTGGTGAAACACTTCATAAAGCAGTGCAAGGCTGTGGAGCGCACCCAGCAATACGAATGGCACCAAGTCTCACCTTTAAAGAAAAGGTAACAAGCCTTAAATTTAAAGAAAAGCCTACAGACCTAGAGACAAGGAGCTAC	79418603	79553997	-135394	79556698	-138095	79425600	-128397	-131098
ENSMUST00000071325	GTCACTCAGTTGAACTTCGCAATATGTTTGGTGAAACACTTCATAAAGCAGTGCAAGGCTGTGGAGCGCACCCAGCAATACGAATGGCACCAAGTCTCACCTTTAAAGAAAAGGTAACAAGCCTTAAATTTAAAGAAAAGCCTACAGACCTAGAGACAAGGAGCTAC	79418603	79553997	-135394	79559404	-140801	79425600	-128397	-133804
ENSMUST00000071325	GTCACTCAGTTGAACTTCGCAATATGTTTGGTGAAACACTTCATAAAGCAGTGCAAGGCTGTGGAGCGCACCCAGCAATACGAATGGCACCAAGTCTCACCTTTAAAGAAAAGGTAACAAGCCTTAAATTTAAAGAAAAGCCTACAGACCTAGAGACAAGGAGCTAC	79418603	79569170	-150567	79578253	-159650	79425600	-143570	-152653
ENSMUST00000094639	AGCCACCTGGGACTGTCTAGTTCCCAAGAGACCTTGCACCTCCGGCTAAATCCTGAGCCTGTGCTGCCCACCATGGATGGAGTGGCCGAGTTCTCCGAGTATGTCTCTGAGACGGTGGATGTGCCGTCCCCCTTTGACCTGCTTGAGCCCCCCACCTCAGGAGGCTTC	121299351	121289872	9479	121298596	755	121299519	9647	923
ENSMUST00000094639	AGCCACCTGGGACTGTCTAGTTCCCAAGAGACCTTGCACCTCCGGCTAAATCCTGAGCCTGTGCTGCCCACCATGGATGGAGTGGCCGAGTTCTCCGAGTATGTCTCTGAGACGGTGGATGTGCCGTCCCCCTTTGACCTGCTTGAGCCCCCCACCTCAGGAGGCTTC	121299351	121290821	8530	121299268	83	121299519	8698	251
ENSMUST00000094639	AGCCACCTGGGACTGTCTAGTTCCCAAGAGACCTTGCACCTCCGGCTAAATCCTGAGCCTGTGCTGCCCACCATGGATGGAGTGGCCGAGTTCTCCGAGTATGTCTCTGAGACGGTGGATGTGCCGTCCCCCTTTGACCTGCTTGAGCCCCCCACCTCAGGAGGCTTC	121299351	121295542	3809	121298905	446	121299519	3977	614
ENSMUST00000094639	AGCCACCTGGGACTGTCTAGTTCCCAAGAGACCTTGCACCTCCGGCTAAATCCTGAGCCTGTGCTGCCCACCATGGATGGAGTGGCCGAGTTCTCCGAGTATGTCTCTGAGACGGTGGATGTGCCGTCCCCCTTTGACCTGCTTGAGCCCCCCACCTCAGGAGGCTTC	121299351	121295542	3809	121299268	83	121299519	3977	251
ENSMUST00000094639	AGCCACCTGGGACTGTCTAGTTCCCAAGAGACCTTGCACCTCCGGCTAAATCCTGAGCCTGTGCTGCCCACCATGGATGGAGTGGCCGAGTTCTCCGAGTATGTCTCTGAGACGGTGGATGTGCCGTCCCCCTTTGACCTGCTTGAGCCCCCCACCTCAGGAGGCTTC	121299351	121295542	3809	121299268	83	121299519	3977	251
ENSMUST00000094639	AGCCACCTGGGACTGTCTAGTTCCCAAGAGACCTTGCACCTCCGGCTAAATCCTGAGCCTGTGCTGCCCACCATGGATGGAGTGGCCGAGTTCTCCGAGTATGTCTCTGAGACGGTGGATGTGCCGTCCCCCTTTGACCTGCTTGAGCCCCCCACCTCAGGAGGCTTC	121299351	121298679	672	121299268	83	121299519	840	251
ENSMUST00000094639	AGCCACCTGGGACTGTCTAGTTCCCAAGAGACCTTGCACCTCCGGCTAAATCCTGAGCCTGTGCTGCCCACCATGGATGGAGTGGCCGAGTTCTCCGAGTATGTCTCTGAGACGGTGGATGTGCCGTCCCCCTTTGACCTGCTTGAGCCCCCCACCTCAGGAGGCTTC	121299351	121299046	305	121307514	-8163	121299519	473	-7995
ENSMUST00000091556	AAGGTGACTGTCCAGTTCCAGTGCTCCTCAGACAGCACCAATGGCACTGGTGTACAGGGAGGGCAGATCCCCGAACTCATATTCTACGCCTGAACTTTTCTTCTTTTATGCAGCATGAGGTGCCCACATGGGCCCTCCTTGCCTGACGCTTAGCTCATCTGCAGATAT	138284402	138279257	5145	138280372	4030	138284570	5313	4198
ENSMUST00000091556	AAGGTGACTGTCCAGTTCCAGTGCTCCTCAGACAGCACCAATGGCACTGGTGTACAGGGAGGGCAGATCCCCGAACTCATATTCTACGCCTGAACTTTTCTTCTTTTATGCAGCATGAGGTGCCCACATGGGCCCTCCTTGCCTGACGCTTAGCTCATCTGCAGATAT	138284402	138279257	5145	138283457	945	138284570	5313	1113
ENSMUST00000091556	AAGGTGACTGTCCAGTTCCAGTGCTCCTCAGACAGCACCAATGGCACTGGTGTACAGGGAGGGCAGATCCCCGAACTCATATTCTACGCCTGAACTTTTCTTCTTTTATGCAGCATGAGGTGCCCACATGGGCCCTCCTTGCCTGACGCTTAGCTCATCTGCAGATAT	138284402	138256754	27648	138489094	-204692	138284570	27816	-204524
ENSMUST00000091556	AAGGTGACTGTCCAGTTCCAGTGCTCCTCAGACAGCACCAATGGCACTGGTGTACAGGGAGGGCAGATCCCCGAACTCATATTCTACGCCTGAACTTTTCTTCTTTTATGCAGCATGAGGTGCCCACATGGGCCCTCCTTGCCTGACGCTTAGCTCATCTGCAGATAT	138284402	138489261	-204859	138491395	-206993	138284570	-204691	-206825
ENSMUST00000091556	AAGGTGACTGTCCAGTTCCAGTGCTCCTCAGACAGCACCAATGGCACTGGTGTACAGGGAGGGCAGATCCCCGAACTCATATTCTACGCCTGAACTTTTCTTCTTTTATGCAGCATGAGGTGCCCACATGGGCCCTCCTTGCCTGACGCTTAGCTCATCTGCAGATAT	138284402	138489261	-204859	138539117	-254715	138284570	-204691	-254547
ENSMUST00000071325	CTTTTGGGTTGCTGTGGCTGTGCTGCAGCTGGACGAAGTCAACTTGTATTCAGCCGGCACTGCACTTCTGGAACAAAACCTGCACACCTTGGACAGTCTCCGGATATTCAATGACAAGAGTCCGGAAGAAGTATTTATGGCGATCCGGAATCCTCTGGAATGGCACTGC	79551063	79418683	132380	79428577	122486	79553969	135286	125392
ENSMUST00000071325	CTTTTGGGTTGCTGTGGCTGTGCTGCAGCTGGACGAAGTCAACTTGTATTCAGCCGGCACTGCACTTCTGGAACAAAACCTGCACACCTTGGACAGTCTCCGGATATTCAATGACAAGAGTCCGGAAGAAGTATTTATGGCGATCCGGAATCCTCTGGAATGGCACTGC	79551063	79458906	92157	79468716	82347	79553969	95063	85253
ENSMUST00000071325	CTTTTGGGTTGCTGTGGCTGTGCTGCAGCTGGACGAAGTCAACTTGTATTCAGCCGGCACTGCACTTCTGGAACAAAACCTGCACACCTTGGACAGTCTCCGGATATTCAATGACAAGAGTCCGGAAGAAGTATTTATGGCGATCCGGAATCCTCTGGAATGGCACTGC	79551063	79458906	92157	79468716	82347	79553969	95063	85253
ENSMUST00000071325	CTTTTGGGTTGCTGTGGCTGTGCTGCAGCTGGACGAAGTCAACTTGTATTCAGCCGGCACTGCACTTCTGGAACAAAACCTGCACACCTTGGACAGTCTCCGGATATTCAATGACAAGAGTCCGGAAGAAGTATTTATGGCGATCCGGAATCCTCTGGAATGGCACTGC	79551063	79463295	87768	79468716	82347	79553969	90674	85253
ENSMUST00000071325	CTTTTGGGTTGCTGTGGCTGTGCTGCAGCTGGACGAAGTCAACTTGTATTCAGCCGGCACTGCACTTCTGGAACAAAACCTGCACACCTTGGACAGTCTCCGGATATTCAATGACAAGAGTCCGGAAGAAGTATTTATGGCGATCCGGAATCCTCTGGAATGGCACTGC	79551063	79475883	75180	79545353	5710	79553969	78086	8616
ENSMUST00000071325	CTTTTGGGTTGCTGTGGCTGTGCTGCAGCTGGACGAAGTCAACTTGTATTCAGCCGGCACTGCACTTCTGGAACAAAACCTGCACACCTTGGACAGTCTCCGGATATTCAATGACAAGAGTCCGGAAGAAGTATTTATGGCGATCCGGAATCCTCTGGAATGGCACTGC	79551063	79546412	4651	79547667	3396	79553969	7557	6302
ENSMUST00000071325	CTTTTGGGTTGCTGTGGCTGTGCTGCAGCTGGACGAAGTCAACTTGTATTCAGCCGGCACTGCACTTCTGGAACAAAACCTGCACACCTTGGACAGTCTCCGGATATTCAATGACAAGAGTCCGGAAGAAGTATTTATGGCGATCCGGAATCCTCTGGAATGGCACTGC	79551063	79553997	-2934	79556698	-5635	79553969	-28	-2729
ENSMUST00000071325	CTTTTGGGTTGCTGTGGCTGTGCTGCAGCTGGACGAAGTCAACTTGTATTCAGCCGGCACTGCACTTCTGGAACAAAACCTGCACACCTTGGACAGTCTCCGGATATTCAATGACAAGAGTCCGGAAGAAGTATTTATGGCGATCCGGAATCCTCTGGAATGGCACTGC	79551063	79553997	-2934	79559404	-8341	79553969	-28	-5435
ENSMUST00000071325	CTTTTGGGTTGCTGTGGCTGTGCTGCAGCTGGACGAAGTCAACTTGTATTCAGCCGGCACTGCACTTCTGGAACAAAACCTGCACACCTTGGACAGTCTCCGGATATTCAATGACAAGAGTCCGGAAGAAGTATTTATGGCGATCCGGAATCCTCTGGAATGGCACTGC	79551063	79569170	-18107	79578253	-27190	79553969	-15201	-24284
ENSMUST00000071325	CTTTTGGGTTGCTGTGGCTGTGCTGCAGCTGGACGAAGTCAACTTGTATTCAGCCGGCACTGCACTTCTGGAACAAAACCTGCACACCTTGGACAGTCTCCGGATATTCAATGACAAGAGTCCGGAAGAAGTATTTATGGCGATCCGGAATCCTCTGGAATGGCACTGC	79551063	79418683	132380	79428577	122486	79553969	135286	125392
ENSMUST00000071325	CTTTTGGGTTGCTGTGGCTGTGCTGCAGCTGGACGAAGTCAACTTGTATTCAGCCGGCACTGCACTTCTGGAACAAAACCTGCACACCTTGGACAGTCTCCGGATATTCAATGACAAGAGTCCGGAAGAAGTATTTATGGCGATCCGGAATCCTCTGGAATGGCACTGC	79551063	79458906	92157	79468716	82347	79553969	95063	85253
ENSMUST00000071325	CTTTTGGGTTGCTGTGGCTGTGCTGCAGCTGGACGAAGTCAACTTGTATTCAGCCGGCACTGCACTTCTGGAACAAAACCTGCACACCTTGGACAGTCTCCGGATATTCAATGACAAGAGTCCGGAAGAAGTATTTATGGCGATCCGGAATCCTCTGGAATGGCACTGC	79551063	79458906	92157	79468716	82347	79553969	95063	85253
ENSMUST00000071325	CTTTTGGGTTGCTGTGGCTGTGCTGCAGCTGGACGAAGTCAACTTGTATTCAGCCGGCACTGCACTTCTGGAACAAAACCTGCACACCTTGGACAGTCTCCGGATATTCAATGACAAGAGTCCGGAAGAAGTATTTATGGCGATCCGGAATCCTCTGGAATGGCACTGC	79551063	79463295	87768	79468716	82347	79553969	90674	85253
ENSMUST00000071325	CTTTTGGGTTGCTGTGGCTGTGCTGCAGCTGGACGAAGTCAACTTGTATTCAGCCGGCACTGCACTTCTGGAACAAAACCTGCACACCTTGGACAGTCTCCGGATATTCAATGACAAGAGTCCGGAAGAAGTATTTATGGCGATCCGGAATCCTCTGGAATGGCACTGC	79551063	79475883	75180	79545353	5710	79553969	78086	8616
ENSMUST00000071325	CTTTTGGGTTGCTGTGGCTGTGCTGCAGCTGGACGAAGTCAACTTGTATTCAGCCGGCACTGCACTTCTGGAACAAAACCTGCACACCTTGGACAGTCTCCGGATATTCAATGACAAGAGTCCGGAAGAAGTATTTATGGCGATCCGGAATCCTCTGGAATGGCACTGC	79551063	79546412	4651	79547667	3396	79553969	7557	6302
ENSMUST00000071325	CTTTTGGGTTGCTGTGGCTGTGCTGCAGCTGGACGAAGTCAACTTGTATTCAGCCGGCACTGCACTTCTGGAACAAAACCTGCACACCTTGGACAGTCTCCGGATATTCAATGACAAGAGTCCGGAAGAAGTATTTATGGCGATCCGGAATCCTCTGGAATGGCACTGC	79551063	79553997	-2934	79556698	-5635	79553969	-28	-2729
ENSMUST00000071325	CTTTTGGGTTGCTGTGGCTGTGCTGCAGCTGGACGAAGTCAACTTGTATTCAGCCGGCACTGCACTTCTGGAACAAAACCTGCACACCTTGGACAGTCTCCGGATATTCAATGACAAGAGTCCGGAAGAAGTATTTATGGCGATCCGGAATCCTCTGGAATGGCACTGC	79551063	79553997	-2934	79559404	-8341	79553969	-28	-5435
ENSMUST00000071325	CTTTTGGGTTGCTGTGGCTGTGCTGCAGCTGGACGAAGTCAACTTGTATTCAGCCGGCACTGCACTTCTGGAACAAAACCTGCACACCTTGGACAGTCTCCGGATATTCAATGACAAGAGTCCGGAAGAAGTATTTATGGCGATCCGGAATCCTCTGGAATGGCACTGC	79551063	79569170	-18107	79578253	-27190	79553969	-15201	-24284
ENSMUST00000069817	AGGGATGGTGTGCCACACCAGCCTGGACAGCCACCGCCTGGCTTGGACAGAGCTCTCTTCCATTCACGAAAGCTCCTGAGAGTTCCATCGTCAGCCAGCCTGCATCGTGGACATGTGGCTTTGACCTGCTTGCTTTGGTACAAAAGAGCAGACTTCCTCCTTCCCACCC	32230829	32151291	79538	32183122	47707	32230998	79707	47876
ENSMUST00000069817	AGGGATGGTGTGCCACACCAGCCTGGACAGCCACCGCCTGGCTTGGACAGAGCTCTCTTCCATTCACGAAAGCTCCTGAGAGTTCCATCGTCAGCCAGCCTGCATCGTGGACATGTGGCTTTGACCTGCTTGCTTTGGTACAAAAGAGCAGACTTCCTCCTTCCCACCC	32230829	32183300	47529	32187480	43349	32230998	47698	43518
ENSMUST00000069817	AGGGATGGTGTGCCACACCAGCCTGGACAGCCACCGCCTGGCTTGGACAGAGCTCTCTTCCATTCACGAAAGCTCCTGAGAGTTCCATCGTCAGCCAGCCTGCATCGTGGACATGTGGCTTTGACCTGCTTGCTTTGGTACAAAAGAGCAGACTTCCTCCTTCCCACCC	32230829	32212291	18538	32216045	14784	32230998	18707	14953
ENSMUST00000069817	AGGGATGGTGTGCCACACCAGCCTGGACAGCCACCGCCTGGCTTGGACAGAGCTCTCTTCCATTCACGAAAGCTCCTGAGAGTTCCATCGTCAGCCAGCCTGCATCGTGGACATGTGGCTTTGACCTGCTTGCTTTGGTACAAAAGAGCAGACTTCCTCCTTCCCACCC	32230829	32219405	11424	32220089	10740	32230998	11593	10909
ENSMUST00000069817	AGGGATGGTGTGCCACACCAGCCTGGACAGCCACCGCCTGGCTTGGACAGAGCTCTCTTCCATTCACGAAAGCTCCTGAGAGTTCCATCGTCAGCCAGCCTGCATCGTGGACATGTGGCTTTGACCTGCTTGCTTTGGTACAAAAGAGCAGACTTCCTCCTTCCCACCC	32230829	32224169	6660	32226944	3885	32230998	6829	4054
ENSMUST00000069817	AGGGATGGTGTGCCACACCAGCCTGGACAGCCACCGCCTGGCTTGGACAGAGCTCTCTTCCATTCACGAAAGCTCCTGAGAGTTCCATCGTCAGCCAGCCTGCATCGTGGACATGTGGCTTTGACCTGCTTGCTTTGGTACAAAAGAGCAGACTTCCTCCTTCCCACCC	32230829	32224169	6660	32229262	1567	32230998	6829	1736
ENSMUST00000069817	AGGGATGGTGTGCCACACCAGCCTGGACAGCCACCGCCTGGCTTGGACAGAGCTCTCTTCCATTCACGAAAGCTCCTGAGAGTTCCATCGTCAGCCAGCCTGCATCGTGGACATGTGGCTTTGACCTGCTTGCTTTGGTACAAAAGAGCAGACTTCCTCCTTCCCACCC	32230829	32224169	6660	32230610	219	32230998	6829	388
ENSMUST00000069817	AGGGATGGTGTGCCACACCAGCCTGGACAGCCACCGCCTGGCTTGGACAGAGCTCTCTTCCATTCACGAAAGCTCCTGAGAGTTCCATCGTCAGCCAGCCTGCATCGTGGACATGTGGCTTTGACCTGCTTGCTTTGGTACAAAAGAGCAGACTTCCTCCTTCCCACCC	32230829	32224169	6660	32230610	219	32230998	6829	388
ENSMUST00000069817	AGGGATGGTGTGCCACACCAGCCTGGACAGCCACCGCCTGGCTTGGACAGAGCTCTCTTCCATTCACGAAAGCTCCTGAGAGTTCCATCGTCAGCCAGCCTGCATCGTGGACATGTGGCTTTGACCTGCTTGCTTTGGTACAAAAGAGCAGACTTCCTCCTTCCCACCC	32230829	32227036	3793	32230610	219	32230998	3962	388
ENSMUST00000232395	CATACCTTCCTTTTCAAGGATTTGGCATCACCCAGCGACCAGCGTACATTAACATGGTACCTAGCCTGTCGCAGTTCACTAGCATTTACACACCTTTGGCCAACATTTCTTCTGAGTATCCAATGCAAAGATCCATGCCAGTGGTGCCATCTTTTGTAGCCAGCAACAGA	94443081	94384066	59015	94384783	58298	94443251	59185	58468
ENSMUST00000232395	CATACCTTCCTTTTCAAGGATTTGGCATCACCCAGCGACCAGCGTACATTAACATGGTACCTAGCCTGTCGCAGTTCACTAGCATTTACACACCTTTGGCCAACATTTCTTCTGAGTATCCAATGCAAAGATCCATGCCAGTGGTGCCATCTTTTGTAGCCAGCAACAGA	94443081	94384934	58147	94387336	55745	94443251	58317	55915
ENSMUST00000232395	CATACCTTCCTTTTCAAGGATTTGGCATCACCCAGCGACCAGCGTACATTAACATGGTACCTAGCCTGTCGCAGTTCACTAGCATTTACACACCTTTGGCCAACATTTCTTCTGAGTATCCAATGCAAAGATCCATGCCAGTGGTGCCATCTTTTGTAGCCAGCAACAGA	94443081	94384934	58147	94392014	51067	94443251	58317	51237
ENSMUST00000232395	CATACCTTCCTTTTCAAGGATTTGGCATCACCCAGCGACCAGCGTACATTAACATGGTACCTAGCCTGTCGCAGTTCACTAGCATTTACACACCTTTGGCCAACATTTCTTCTGAGTATCCAATGCAAAGATCCATGCCAGTGGTGCCATCTTTTGTAGCCAGCAACAGA	94443081	94385423	57658	94388264	54817	94443251	57828	54987
ENSMUST00000232395	CATACCTTCCTTTTCAAGGATTTGGCATCACCCAGCGACCAGCGTACATTAACATGGTACCTAGCCTGTCGCAGTTCACTAGCATTTACACACCTTTGGCCAACATTTCTTCTGAGTATCCAATGCAAAGATCCATGCCAGTGGTGCCATCTTTTGTAGCCAGCAACAGA	94443081	94370861	72220	94392014	51067	94443251	72390	51237
ENSMUST00000232395	CATACCTTCCTTTTCAAGGATTTGGCATCACCCAGCGACCAGCGTACATTAACATGGTACCTAGCCTGTCGCAGTTCACTAGCATTTACACACCTTTGGCCAACATTTCTTCTGAGTATCCAATGCAAAGATCCATGCCAGTGGTGCCATCTTTTGTAGCCAGCAACAGA	94443081	94385423	57658	94392014	51067	94443251	57828	51237
ENSMUST00000232395	CATACCTTCCTTTTCAAGGATTTGGCATCACCCAGCGACCAGCGTACATTAACATGGTACCTAGCCTGTCGCAGTTCACTAGCATTTACACACCTTTGGCCAACATTTCTTCTGAGTATCCAATGCAAAGATCCATGCCAGTGGTGCCATCTTTTGTAGCCAGCAACAGA	94443081	94388385	54696	94392014	51067	94443251	54866	51237
ENSMUST00000232395	CATACCTTCCTTTTCAAGGATTTGGCATCACCCAGCGACCAGCGTACATTAACATGGTACCTAGCCTGTCGCAGTTCACTAGCATTTACACACCTTTGGCCAACATTTCTTCTGAGTATCCAATGCAAAGATCCATGCCAGTGGTGCCATCTTTTGTAGCCAGCAACAGA	94443081	94370861	72220	94393111	49970	94443251	72390	50140
ENSMUST00000232395	CATACCTTCCTTTTCAAGGATTTGGCATCACCCAGCGACCAGCGTACATTAACATGGTACCTAGCCTGTCGCAGTTCACTAGCATTTACACACCTTTGGCCAACATTTCTTCTGAGTATCCAATGCAAAGATCCATGCCAGTGGTGCCATCTTTTGTAGCCAGCAACAGA	94443081	94384934	58147	94393111	49970	94443251	58317	50140
ENSMUST00000232395	CATACCTTCCTTTTCAAGGATTTGGCATCACCCAGCGACCAGCGTACATTAACATGGTACCTAGCCTGTCGCAGTTCACTAGCATTTACACACCTTTGGCCAACATTTCTTCTGAGTATCCAATGCAAAGATCCATGCCAGTGGTGCCATCTTTTGTAGCCAGCAACAGA	94443081	94390287	52794	94393111	49970	94443251	52964	50140
ENSMUST00000232395	CATACCTTCCTTTTCAAGGATTTGGCATCACCCAGCGACCAGCGTACATTAACATGGTACCTAGCCTGTCGCAGTTCACTAGCATTTACACACCTTTGGCCAACATTTCTTCTGAGTATCCAATGCAAAGATCCATGCCAGTGGTGCCATCTTTTGTAGCCAGCAACAGA	94443081	94370861	72220	94403313	39768	94443251	72390	39938
ENSMUST00000232395	CATACCTTCCTTTTCAAGGATTTGGCATCACCCAGCGACCAGCGTACATTAACATGGTACCTAGCCTGTCGCAGTTCACTAGCATTTACACACCTTTGGCCAACATTTCTTCTGAGTATCCAATGCAAAGATCCATGCCAGTGGTGCCATCTTTTGTAGCCAGCAACAGA	94443081	94403368	39713	94409683	33398	94443251	39883	33568
ENSMUST00000232395	CATACCTTCCTTTTCAAGGATTTGGCATCACCCAGCGACCAGCGTACATTAACATGGTACCTAGCCTGTCGCAGTTCACTAGCATTTACACACCTTTGGCCAACATTTCTTCTGAGTATCCAATGCAAAGATCCATGCCAGTGGTGCCATCTTTTGTAGCCAGCAACAGA	94443081	94403368	39713	94410832	32249	94443251	39883	32419
ENSMUST00000232395	CATACCTTCCTTTTCAAGGATTTGGCATCACCCAGCGACCAGCGTACATTAACATGGTACCTAGCCTGTCGCAGTTCACTAGCATTTACACACCTTTGGCCAACATTTCTTCTGAGTATCCAATGCAAAGATCCATGCCAGTGGTGCCATCTTTTGTAGCCAGCAACAGA	94443081	94403368	39713	94415948	27133	94443251	39883	27303
ENSMUST00000232395	CATACCTTCCTTTTCAAGGATTTGGCATCACCCAGCGACCAGCGTACATTAACATGGTACCTAGCCTGTCGCAGTTCACTAGCATTTACACACCTTTGGCCAACATTTCTTCTGAGTATCCAATGCAAAGATCCATGCCAGTGGTGCCATCTTTTGTAGCCAGCAACAGA	94443081	94403368	39713	94409683	33398	94443251	39883	33568
ENSMUST00000232395	CATACCTTCCTTTTCAAGGATTTGGCATCACCCAGCGACCAGCGTACATTAACATGGTACCTAGCCTGTCGCAGTTCACTAGCATTTACACACCTTTGGCCAACATTTCTTCTGAGTATCCAATGCAAAGATCCATGCCAGTGGTGCCATCTTTTGTAGCCAGCAACAGA	94443081	94403368	39713	94410832	32249	94443251	39883	32419
ENSMUST00000232395	CATACCTTCCTTTTCAAGGATTTGGCATCACCCAGCGACCAGCGTACATTAACATGGTACCTAGCCTGTCGCAGTTCACTAGCATTTACACACCTTTGGCCAACATTTCTTCTGAGTATCCAATGCAAAGATCCATGCCAGTGGTGCCATCTTTTGTAGCCAGCAACAGA	94443081	94403368	39713	94410871	32210	94443251	39883	32380
ENSMUST00000232395	CATACCTTCCTTTTCAAGGATTTGGCATCACCCAGCGACCAGCGTACATTAACATGGTACCTAGCCTGTCGCAGTTCACTAGCATTTACACACCTTTGGCCAACATTTCTTCTGAGTATCCAATGCAAAGATCCATGCCAGTGGTGCCATCTTTTGTAGCCAGCAACAGA	94443081	94408716	34365	94410832	32249	94443251	34535	32419
ENSMUST00000232395	CATACCTTCCTTTTCAAGGATTTGGCATCACCCAGCGACCAGCGTACATTAACATGGTACCTAGCCTGTCGCAGTTCACTAGCATTTACACACCTTTGGCCAACATTTCTTCTGAGTATCCAATGCAAAGATCCATGCCAGTGGTGCCATCTTTTGTAGCCAGCAACAGA	94443081	94403368	39713	94412059	31022	94443251	39883	31192
ENSMUST00000232395	CATACCTTCCTTTTCAAGGATTTGGCATCACCCAGCGACCAGCGTACATTAACATGGTACCTAGCCTGTCGCAGTTCACTAGCATTTACACACCTTTGGCCAACATTTCTTCTGAGTATCCAATGCAAAGATCCATGCCAGTGGTGCCATCTTTTGTAGCCAGCAACAGA	94443081	94403368	39713	94415948	27133	94443251	39883	27303
ENSMUST00000232395	CATACCTTCCTTTTCAAGGATTTGGCATCACCCAGCGACCAGCGTACATTAACATGGTACCTAGCCTGTCGCAGTTCACTAGCATTTACACACCTTTGGCCAACATTTCTTCTGAGTATCCAATGCAAAGATCCATGCCAGTGGTGCCATCTTTTGTAGCCAGCAACAGA	94443081	94408716	34365	94415948	27133	94443251	34535	27303
ENSMUST00000232395	CATACCTTCCTTTTCAAGGATTTGGCATCACCCAGCGACCAGCGTACATTAACATGGTACCTAGCCTGTCGCAGTTCACTAGCATTTACACACCTTTGGCCAACATTTCTTCTGAGTATCCAATGCAAAGATCCATGCCAGTGGTGCCATCTTTTGTAGCCAGCAACAGA	94443081	94403368	39713	94412059	31022	94443251	39883	31192
ENSMUST00000232395	CATACCTTCCTTTTCAAGGATTTGGCATCACCCAGCGACCAGCGTACATTAACATGGTACCTAGCCTGTCGCAGTTCACTAGCATTTACACACCTTTGGCCAACATTTCTTCTGAGTATCCAATGCAAAGATCCATGCCAGTGGTGCCATCTTTTGTAGCCAGCAACAGA	94443081	94403368	39713	94415948	27133	94443251	39883	27303
ENSMUST00000232395	CATACCTTCCTTTTCAAGGATTTGGCATCACCCAGCGACCAGCGTACATTAACATGGTACCTAGCCTGTCGCAGTTCACTAGCATTTACACACCTTTGGCCAACATTTCTTCTGAGTATCCAATGCAAAGATCCATGCCAGTGGTGCCATCTTTTGTAGCCAGCAACAGA	94443081	94403368	39713	94416281	26800	94443251	39883	26970
ENSMUST00000232395	CATACCTTCCTTTTCAAGGATTTGGCATCACCCAGCGACCAGCGTACATTAACATGGTACCTAGCCTGTCGCAGTTCACTAGCATTTACACACCTTTGGCCAACATTTCTTCTGAGTATCCAATGCAAAGATCCATGCCAGTGGTGCCATCTTTTGTAGCCAGCAACAGA	94443081	94410956	32125	94415948	27133	94443251	32295	27303
ENSMUST00000232395	CATACCTTCCTTTTCAAGGATTTGGCATCACCCAGCGACCAGCGTACATTAACATGGTACCTAGCCTGTCGCAGTTCACTAGCATTTACACACCTTTGGCCAACATTTCTTCTGAGTATCCAATGCAAAGATCCATGCCAGTGGTGCCATCTTTTGTAGCCAGCAACAGA	94443081	94403368	39713	94416281	26800	94443251	39883	26970
ENSMUST00000232395	CATACCTTCCTTTTCAAGGATTTGGCATCACCCAGCGACCAGCGTACATTAACATGGTACCTAGCCTGTCGCAGTTCACTAGCATTTACACACCTTTGGCCAACATTTCTTCTGAGTATCCAATGCAAAGATCCATGCCAGTGGTGCCATCTTTTGTAGCCAGCAACAGA	94443081	94412123	30958	94416281	26800	94443251	31128	26970
ENSMUST00000232395	CATACCTTCCTTTTCAAGGATTTGGCATCACCCAGCGACCAGCGTACATTAACATGGTACCTAGCCTGTCGCAGTTCACTAGCATTTACACACCTTTGGCCAACATTTCTTCTGAGTATCCAATGCAAAGATCCATGCCAGTGGTGCCATCTTTTGTAGCCAGCAACAGA	94443081	94416009	27072	94418606	24475	94443251	27242	24645
ENSMUST00000232395	CATACCTTCCTTTTCAAGGATTTGGCATCACCCAGCGACCAGCGTACATTAACATGGTACCTAGCCTGTCGCAGTTCACTAGCATTTACACACCTTTGGCCAACATTTCTTCTGAGTATCCAATGCAAAGATCCATGCCAGTGGTGCCATCTTTTGTAGCCAGCAACAGA	94443081	94416366	26715	94419397	23684	94443251	26885	23854
ENSMUST00000232395	CATACCTTCCTTTTCAAGGATTTGGCATCACCCAGCGACCAGCGTACATTAACATGGTACCTAGCCTGTCGCAGTTCACTAGCATTTACACACCTTTGGCCAACATTTCTTCTGAGTATCCAATGCAAAGATCCATGCCAGTGGTGCCATCTTTTGTAGCCAGCAACAGA	94443081	94419478	23603	94422226	20855	94443251	23773	21025
ENSMUST00000232395	CATACCTTCCTTTTCAAGGATTTGGCATCACCCAGCGACCAGCGTACATTAACATGGTACCTAGCCTGTCGCAGTTCACTAGCATTTACACACCTTTGGCCAACATTTCTTCTGAGTATCCAATGCAAAGATCCATGCCAGTGGTGCCATCTTTTGTAGCCAGCAACAGA	94443081	94424187	18894	94426150	16931	94443251	19064	17101
ENSMUST00000232395	CATACCTTCCTTTTCAAGGATTTGGCATCACCCAGCGACCAGCGTACATTAACATGGTACCTAGCCTGTCGCAGTTCACTAGCATTTACACACCTTTGGCCAACATTTCTTCTGAGTATCCAATGCAAAGATCCATGCCAGTGGTGCCATCTTTTGTAGCCAGCAACAGA	94443081	94425188	17893	94426765	16316	94443251	18063	16486
ENSMUST00000232395	CATACCTTCCTTTTCAAGGATTTGGCATCACCCAGCGACCAGCGTACATTAACATGGTACCTAGCCTGTCGCAGTTCACTAGCATTTACACACCTTTGGCCAACATTTCTTCTGAGTATCCAATGCAAAGATCCATGCCAGTGGTGCCATCTTTTGTAGCCAGCAACAGA	94443081	94454523	-11442	94457320	-14239	94443251	-11272	-14069
ENSMUST00000232395	CATACCTTCCTTTTCAAGGATTTGGCATCACCCAGCGACCAGCGTACATTAACATGGTACCTAGCCTGTCGCAGTTCACTAGCATTTACACACCTTTGGCCAACATTTCTTCTGAGTATCCAATGCAAAGATCCATGCCAGTGGTGCCATCTTTTGTAGCCAGCAACAGA	94443081	94454523	-11442	94457320	-14239	94443251	-11272	-14069
ENSMUST00000232395	CATACCTTCCTTTTCAAGGATTTGGCATCACCCAGCGACCAGCGTACATTAACATGGTACCTAGCCTGTCGCAGTTCACTAGCATTTACACACCTTTGGCCAACATTTCTTCTGAGTATCCAATGCAAAGATCCATGCCAGTGGTGCCATCTTTTGTAGCCAGCAACAGA	94443081	94457411	-14330	94459761	-16680	94443251	-14160	-16510
ENSMUST00000232395	CATACCTTCCTTTTCAAGGATTTGGCATCACCCAGCGACCAGCGTACATTAACATGGTACCTAGCCTGTCGCAGTTCACTAGCATTTACACACCTTTGGCCAACATTTCTTCTGAGTATCCAATGCAAAGATCCATGCCAGTGGTGCCATCTTTTGTAGCCAGCAACAGA	94443081	94462348	-19267	94466902	-23821	94443251	-19097	-23651
ENSMUST00000232395	CATACCTTCCTTTTCAAGGATTTGGCATCACCCAGCGACCAGCGTACATTAACATGGTACCTAGCCTGTCGCAGTTCACTAGCATTTACACACCTTTGGCCAACATTTCTTCTGAGTATCCAATGCAAAGATCCATGCCAGTGGTGCCATCTTTTGTAGCCAGCAACAGA	94443081	94384066	59015	94384783	58298	94443251	59185	58468
ENSMUST00000232395	CATACCTTCCTTTTCAAGGATTTGGCATCACCCAGCGACCAGCGTACATTAACATGGTACCTAGCCTGTCGCAGTTCACTAGCATTTACACACCTTTGGCCAACATTTCTTCTGAGTATCCAATGCAAAGATCCATGCCAGTGGTGCCATCTTTTGTAGCCAGCAACAGA	94443081	94384934	58147	94387336	55745	94443251	58317	55915
ENSMUST00000232395	CATACCTTCCTTTTCAAGGATTTGGCATCACCCAGCGACCAGCGTACATTAACATGGTACCTAGCCTGTCGCAGTTCACTAGCATTTACACACCTTTGGCCAACATTTCTTCTGAGTATCCAATGCAAAGATCCATGCCAGTGGTGCCATCTTTTGTAGCCAGCAACAGA	94443081	94384934	58147	94392014	51067	94443251	58317	51237
ENSMUST00000232395	CATACCTTCCTTTTCAAGGATTTGGCATCACCCAGCGACCAGCGTACATTAACATGGTACCTAGCCTGTCGCAGTTCACTAGCATTTACACACCTTTGGCCAACATTTCTTCTGAGTATCCAATGCAAAGATCCATGCCAGTGGTGCCATCTTTTGTAGCCAGCAACAGA	94443081	94385423	57658	94388264	54817	94443251	57828	54987
ENSMUST00000232395	CATACCTTCCTTTTCAAGGATTTGGCATCACCCAGCGACCAGCGTACATTAACATGGTACCTAGCCTGTCGCAGTTCACTAGCATTTACACACCTTTGGCCAACATTTCTTCTGAGTATCCAATGCAAAGATCCATGCCAGTGGTGCCATCTTTTGTAGCCAGCAACAGA	94443081	94370861	72220	94392014	51067	94443251	72390	51237
ENSMUST00000232395	CATACCTTCCTTTTCAAGGATTTGGCATCACCCAGCGACCAGCGTACATTAACATGGTACCTAGCCTGTCGCAGTTCACTAGCATTTACACACCTTTGGCCAACATTTCTTCTGAGTATCCAATGCAAAGATCCATGCCAGTGGTGCCATCTTTTGTAGCCAGCAACAGA	94443081	94385423	57658	94392014	51067	94443251	57828	51237
ENSMUST00000232395	CATACCTTCCTTTTCAAGGATTTGGCATCACCCAGCGACCAGCGTACATTAACATGGTACCTAGCCTGTCGCAGTTCACTAGCATTTACACACCTTTGGCCAACATTTCTTCTGAGTATCCAATGCAAAGATCCATGCCAGTGGTGCCATCTTTTGTAGCCAGCAACAGA	94443081	94388385	54696	94392014	51067	94443251	54866	51237
ENSMUST00000232395	CATACCTTCCTTTTCAAGGATTTGGCATCACCCAGCGACCAGCGTACATTAACATGGTACCTAGCCTGTCGCAGTTCACTAGCATTTACACACCTTTGGCCAACATTTCTTCTGAGTATCCAATGCAAAGATCCATGCCAGTGGTGCCATCTTTTGTAGCCAGCAACAGA	94443081	94370861	72220	94393111	49970	94443251	72390	50140
ENSMUST00000232395	CATACCTTCCTTTTCAAGGATTTGGCATCACCCAGCGACCAGCGTACATTAACATGGTACCTAGCCTGTCGCAGTTCACTAGCATTTACACACCTTTGGCCAACATTTCTTCTGAGTATCCAATGCAAAGATCCATGCCAGTGGTGCCATCTTTTGTAGCCAGCAACAGA	94443081	94384934	58147	94393111	49970	94443251	58317	50140
ENSMUST00000232395	CATACCTTCCTTTTCAAGGATTTGGCATCACCCAGCGACCAGCGTACATTAACATGGTACCTAGCCTGTCGCAGTTCACTAGCATTTACACACCTTTGGCCAACATTTCTTCTGAGTATCCAATGCAAAGATCCATGCCAGTGGTGCCATCTTTTGTAGCCAGCAACAGA	94443081	94390287	52794	94393111	49970	94443251	52964	50140
ENSMUST00000232395	CATACCTTCCTTTTCAAGGATTTGGCATCACCCAGCGACCAGCGTACATTAACATGGTACCTAGCCTGTCGCAGTTCACTAGCATTTACACACCTTTGGCCAACATTTCTTCTGAGTATCCAATGCAAAGATCCATGCCAGTGGTGCCATCTTTTGTAGCCAGCAACAGA	94443081	94370861	72220	94403313	39768	94443251	72390	39938
ENSMUST00000232395	CATACCTTCCTTTTCAAGGATTTGGCATCACCCAGCGACCAGCGTACATTAACATGGTACCTAGCCTGTCGCAGTTCACTAGCATTTACACACCTTTGGCCAACATTTCTTCTGAGTATCCAATGCAAAGATCCATGCCAGTGGTGCCATCTTTTGTAGCCAGCAACAGA	94443081	94403368	39713	94409683	33398	94443251	39883	33568
ENSMUST00000232395	CATACCTTCCTTTTCAAGGATTTGGCATCACCCAGCGACCAGCGTACATTAACATGGTACCTAGCCTGTCGCAGTTCACTAGCATTTACACACCTTTGGCCAACATTTCTTCTGAGTATCCAATGCAAAGATCCATGCCAGTGGTGCCATCTTTTGTAGCCAGCAACAGA	94443081	94403368	39713	94410832	32249	94443251	39883	32419
ENSMUST00000232395	CATACCTTCCTTTTCAAGGATTTGGCATCACCCAGCGACCAGCGTACATTAACATGGTACCTAGCCTGTCGCAGTTCACTAGCATTTACACACCTTTGGCCAACATTTCTTCTGAGTATCCAATGCAAAGATCCATGCCAGTGGTGCCATCTTTTGTAGCCAGCAACAGA	94443081	94403368	39713	94415948	27133	94443251	39883	27303
ENSMUST00000232395	CATACCTTCCTTTTCAAGGATTTGGCATCACCCAGCGACCAGCGTACATTAACATGGTACCTAGCCTGTCGCAGTTCACTAGCATTTACACACCTTTGGCCAACATTTCTTCTGAGTATCCAATGCAAAGATCCATGCCAGTGGTGCCATCTTTTGTAGCCAGCAACAGA	94443081	94403368	39713	94409683	33398	94443251	39883	33568
ENSMUST00000232395	CATACCTTCCTTTTCAAGGATTTGGCATCACCCAGCGACCAGCGTACATTAACATGGTACCTAGCCTGTCGCAGTTCACTAGCATTTACACACCTTTGGCCAACATTTCTTCTGAGTATCCAATGCAAAGATCCATGCCAGTGGTGCCATCTTTTGTAGCCAGCAACAGA	94443081	94403368	39713	94410832	32249	94443251	39883	32419
ENSMUST00000232395	CATACCTTCCTTTTCAAGGATTTGGCATCACCCAGCGACCAGCGTACATTAACATGGTACCTAGCCTGTCGCAGTTCACTAGCATTTACACACCTTTGGCCAACATTTCTTCTGAGTATCCAATGCAAAGATCCATGCCAGTGGTGCCATCTTTTGTAGCCAGCAACAGA	94443081	94403368	39713	94410871	32210	94443251	39883	32380
ENSMUST00000232395	CATACCTTCCTTTTCAAGGATTTGGCATCACCCAGCGACCAGCGTACATTAACATGGTACCTAGCCTGTCGCAGTTCACTAGCATTTACACACCTTTGGCCAACATTTCTTCTGAGTATCCAATGCAAAGATCCATGCCAGTGGTGCCATCTTTTGTAGCCAGCAACAGA	94443081	94408716	34365	94410832	32249	94443251	34535	32419
ENSMUST00000232395	CATACCTTCCTTTTCAAGGATTTGGCATCACCCAGCGACCAGCGTACATTAACATGGTACCTAGCCTGTCGCAGTTCACTAGCATTTACACACCTTTGGCCAACATTTCTTCTGAGTATCCAATGCAAAGATCCATGCCAGTGGTGCCATCTTTTGTAGCCAGCAACAGA	94443081	94403368	39713	94412059	31022	94443251	39883	31192
ENSMUST00000232395	CATACCTTCCTTTTCAAGGATTTGGCATCACCCAGCGACCAGCGTACATTAACATGGTACCTAGCCTGTCGCAGTTCACTAGCATTTACACACCTTTGGCCAACATTTCTTCTGAGTATCCAATGCAAAGATCCATGCCAGTGGTGCCATCTTTTGTAGCCAGCAACAGA	94443081	94403368	39713	94415948	27133	94443251	39883	27303
ENSMUST00000232395	CATACCTTCCTTTTCAAGGATTTGGCATCACCCAGCGACCAGCGTACATTAACATGGTACCTAGCCTGTCGCAGTTCACTAGCATTTACACACCTTTGGCCAACATTTCTTCTGAGTATCCAATGCAAAGATCCATGCCAGTGGTGCCATCTTTTGTAGCCAGCAACAGA	94443081	94408716	34365	94415948	27133	94443251	34535	27303
ENSMUST00000232395	CATACCTTCCTTTTCAAGGATTTGGCATCACCCAGCGACCAGCGTACATTAACATGGTACCTAGCCTGTCGCAGTTCACTAGCATTTACACACCTTTGGCCAACATTTCTTCTGAGTATCCAATGCAAAGATCCATGCCAGTGGTGCCATCTTTTGTAGCCAGCAACAGA	94443081	94403368	39713	94412059	31022	94443251	39883	31192
ENSMUST00000232395	CATACCTTCCTTTTCAAGGATTTGGCATCACCCAGCGACCAGCGTACATTAACATGGTACCTAGCCTGTCGCAGTTCACTAGCATTTACACACCTTTGGCCAACATTTCTTCTGAGTATCCAATGCAAAGATCCATGCCAGTGGTGCCATCTTTTGTAGCCAGCAACAGA	94443081	94403368	39713	94415948	27133	94443251	39883	27303
ENSMUST00000232395	CATACCTTCCTTTTCAAGGATTTGGCATCACCCAGCGACCAGCGTACATTAACATGGTACCTAGCCTGTCGCAGTTCACTAGCATTTACACACCTTTGGCCAACATTTCTTCTGAGTATCCAATGCAAAGATCCATGCCAGTGGTGCCATCTTTTGTAGCCAGCAACAGA	94443081	94403368	39713	94416281	26800	94443251	39883	26970
ENSMUST00000232395	CATACCTTCCTTTTCAAGGATTTGGCATCACCCAGCGACCAGCGTACATTAACATGGTACCTAGCCTGTCGCAGTTCACTAGCATTTACACACCTTTGGCCAACATTTCTTCTGAGTATCCAATGCAAAGATCCATGCCAGTGGTGCCATCTTTTGTAGCCAGCAACAGA	94443081	94410956	32125	94415948	27133	94443251	32295	27303
ENSMUST00000232395	CATACCTTCCTTTTCAAGGATTTGGCATCACCCAGCGACCAGCGTACATTAACATGGTACCTAGCCTGTCGCAGTTCACTAGCATTTACACACCTTTGGCCAACATTTCTTCTGAGTATCCAATGCAAAGATCCATGCCAGTGGTGCCATCTTTTGTAGCCAGCAACAGA	94443081	94403368	39713	94416281	26800	94443251	39883	26970
ENSMUST00000232395	CATACCTTCCTTTTCAAGGATTTGGCATCACCCAGCGACCAGCGTACATTAACATGGTACCTAGCCTGTCGCAGTTCACTAGCATTTACACACCTTTGGCCAACATTTCTTCTGAGTATCCAATGCAAAGATCCATGCCAGTGGTGCCATCTTTTGTAGCCAGCAACAGA	94443081	94412123	30958	94416281	26800	94443251	31128	26970
ENSMUST00000232395	CATACCTTCCTTTTCAAGGATTTGGCATCACCCAGCGACCAGCGTACATTAACATGGTACCTAGCCTGTCGCAGTTCACTAGCATTTACACACCTTTGGCCAACATTTCTTCTGAGTATCCAATGCAAAGATCCATGCCAGTGGTGCCATCTTTTGTAGCCAGCAACAGA	94443081	94416009	27072	94418606	24475	94443251	27242	24645
ENSMUST00000232395	CATACCTTCCTTTTCAAGGATTTGGCATCACCCAGCGACCAGCGTACATTAACATGGTACCTAGCCTGTCGCAGTTCACTAGCATTTACACACCTTTGGCCAACATTTCTTCTGAGTATCCAATGCAAAGATCCATGCCAGTGGTGCCATCTTTTGTAGCCAGCAACAGA	94443081	94416366	26715	94419397	23684	94443251	26885	23854
ENSMUST00000232395	CATACCTTCCTTTTCAAGGATTTGGCATCACCCAGCGACCAGCGTACATTAACATGGTACCTAGCCTGTCGCAGTTCACTAGCATTTACACACCTTTGGCCAACATTTCTTCTGAGTATCCAATGCAAAGATCCATGCCAGTGGTGCCATCTTTTGTAGCCAGCAACAGA	94443081	94419478	23603	94422226	20855	94443251	23773	21025
ENSMUST00000232395	CATACCTTCCTTTTCAAGGATTTGGCATCACCCAGCGACCAGCGTACATTAACATGGTACCTAGCCTGTCGCAGTTCACTAGCATTTACACACCTTTGGCCAACATTTCTTCTGAGTATCCAATGCAAAGATCCATGCCAGTGGTGCCATCTTTTGTAGCCAGCAACAGA	94443081	94424187	18894	94426150	16931	94443251	19064	17101
ENSMUST00000232395	CATACCTTCCTTTTCAAGGATTTGGCATCACCCAGCGACCAGCGTACATTAACATGGTACCTAGCCTGTCGCAGTTCACTAGCATTTACACACCTTTGGCCAACATTTCTTCTGAGTATCCAATGCAAAGATCCATGCCAGTGGTGCCATCTTTTGTAGCCAGCAACAGA	94443081	94425188	17893	94426765	16316	94443251	18063	16486
ENSMUST00000232395	CATACCTTCCTTTTCAAGGATTTGGCATCACCCAGCGACCAGCGTACATTAACATGGTACCTAGCCTGTCGCAGTTCACTAGCATTTACACACCTTTGGCCAACATTTCTTCTGAGTATCCAATGCAAAGATCCATGCCAGTGGTGCCATCTTTTGTAGCCAGCAACAGA	94443081	94454523	-11442	94457320	-14239	94443251	-11272	-14069
ENSMUST00000232395	CATACCTTCCTTTTCAAGGATTTGGCATCACCCAGCGACCAGCGTACATTAACATGGTACCTAGCCTGTCGCAGTTCACTAGCATTTACACACCTTTGGCCAACATTTCTTCTGAGTATCCAATGCAAAGATCCATGCCAGTGGTGCCATCTTTTGTAGCCAGCAACAGA	94443081	94454523	-11442	94457320	-14239	94443251	-11272	-14069
ENSMUST00000232395	CATACCTTCCTTTTCAAGGATTTGGCATCACCCAGCGACCAGCGTACATTAACATGGTACCTAGCCTGTCGCAGTTCACTAGCATTTACACACCTTTGGCCAACATTTCTTCTGAGTATCCAATGCAAAGATCCATGCCAGTGGTGCCATCTTTTGTAGCCAGCAACAGA	94443081	94457411	-14330	94459761	-16680	94443251	-14160	-16510
ENSMUST00000232395	CATACCTTCCTTTTCAAGGATTTGGCATCACCCAGCGACCAGCGTACATTAACATGGTACCTAGCCTGTCGCAGTTCACTAGCATTTACACACCTTTGGCCAACATTTCTTCTGAGTATCCAATGCAAAGATCCATGCCAGTGGTGCCATCTTTTGTAGCCAGCAACAGA	94443081	94462348	-19267	94466902	-23821	94443251	-19097	-23651
ENSMUST00000232395	CATACCTTCCTTTTCAAGGATTTGGCATCACCCAGCGACCAGCGTACATTAACATGGTACCTAGCCTGTCGCAGTTCACTAGCATTTACACACCTTTGGCCAACATTTCTTCTGAGTATCCAATGCAAAGATCCATGCCAGTGGTGCCATCTTTTGTAGCCAGCAACAGA	94443081	94384066	59015	94384783	58298	94443251	59185	58468
ENSMUST00000232395	CATACCTTCCTTTTCAAGGATTTGGCATCACCCAGCGACCAGCGTACATTAACATGGTACCTAGCCTGTCGCAGTTCACTAGCATTTACACACCTTTGGCCAACATTTCTTCTGAGTATCCAATGCAAAGATCCATGCCAGTGGTGCCATCTTTTGTAGCCAGCAACAGA	94443081	94384934	58147	94387336	55745	94443251	58317	55915
ENSMUST00000232395	CATACCTTCCTTTTCAAGGATTTGGCATCACCCAGCGACCAGCGTACATTAACATGGTACCTAGCCTGTCGCAGTTCACTAGCATTTACACACCTTTGGCCAACATTTCTTCTGAGTATCCAATGCAAAGATCCATGCCAGTGGTGCCATCTTTTGTAGCCAGCAACAGA	94443081	94384934	58147	94392014	51067	94443251	58317	51237
ENSMUST00000232395	CATACCTTCCTTTTCAAGGATTTGGCATCACCCAGCGACCAGCGTACATTAACATGGTACCTAGCCTGTCGCAGTTCACTAGCATTTACACACCTTTGGCCAACATTTCTTCTGAGTATCCAATGCAAAGATCCATGCCAGTGGTGCCATCTTTTGTAGCCAGCAACAGA	94443081	94385423	57658	94388264	54817	94443251	57828	54987
ENSMUST00000232395	CATACCTTCCTTTTCAAGGATTTGGCATCACCCAGCGACCAGCGTACATTAACATGGTACCTAGCCTGTCGCAGTTCACTAGCATTTACACACCTTTGGCCAACATTTCTTCTGAGTATCCAATGCAAAGATCCATGCCAGTGGTGCCATCTTTTGTAGCCAGCAACAGA	94443081	94370861	72220	94392014	51067	94443251	72390	51237
ENSMUST00000232395	CATACCTTCCTTTTCAAGGATTTGGCATCACCCAGCGACCAGCGTACATTAACATGGTACCTAGCCTGTCGCAGTTCACTAGCATTTACACACCTTTGGCCAACATTTCTTCTGAGTATCCAATGCAAAGATCCATGCCAGTGGTGCCATCTTTTGTAGCCAGCAACAGA	94443081	94385423	57658	94392014	51067	94443251	57828	51237
ENSMUST00000232395	CATACCTTCCTTTTCAAGGATTTGGCATCACCCAGCGACCAGCGTACATTAACATGGTACCTAGCCTGTCGCAGTTCACTAGCATTTACACACCTTTGGCCAACATTTCTTCTGAGTATCCAATGCAAAGATCCATGCCAGTGGTGCCATCTTTTGTAGCCAGCAACAGA	94443081	94388385	54696	94392014	51067	94443251	54866	51237
ENSMUST00000232395	CATACCTTCCTTTTCAAGGATTTGGCATCACCCAGCGACCAGCGTACATTAACATGGTACCTAGCCTGTCGCAGTTCACTAGCATTTACACACCTTTGGCCAACATTTCTTCTGAGTATCCAATGCAAAGATCCATGCCAGTGGTGCCATCTTTTGTAGCCAGCAACAGA	94443081	94370861	72220	94393111	49970	94443251	72390	50140
ENSMUST00000232395	CATACCTTCCTTTTCAAGGATTTGGCATCACCCAGCGACCAGCGTACATTAACATGGTACCTAGCCTGTCGCAGTTCACTAGCATTTACACACCTTTGGCCAACATTTCTTCTGAGTATCCAATGCAAAGATCCATGCCAGTGGTGCCATCTTTTGTAGCCAGCAACAGA	94443081	94384934	58147	94393111	49970	94443251	58317	50140
ENSMUST00000232395	CATACCTTCCTTTTCAAGGATTTGGCATCACCCAGCGACCAGCGTACATTAACATGGTACCTAGCCTGTCGCAGTTCACTAGCATTTACACACCTTTGGCCAACATTTCTTCTGAGTATCCAATGCAAAGATCCATGCCAGTGGTGCCATCTTTTGTAGCCAGCAACAGA	94443081	94390287	52794	94393111	49970	94443251	52964	50140
ENSMUST00000232395	CATACCTTCCTTTTCAAGGATTTGGCATCACCCAGCGACCAGCGTACATTAACATGGTACCTAGCCTGTCGCAGTTCACTAGCATTTACACACCTTTGGCCAACATTTCTTCTGAGTATCCAATGCAAAGATCCATGCCAGTGGTGCCATCTTTTGTAGCCAGCAACAGA	94443081	94370861	72220	94403313	39768	94443251	72390	39938
ENSMUST00000232395	CATACCTTCCTTTTCAAGGATTTGGCATCACCCAGCGACCAGCGTACATTAACATGGTACCTAGCCTGTCGCAGTTCACTAGCATTTACACACCTTTGGCCAACATTTCTTCTGAGTATCCAATGCAAAGATCCATGCCAGTGGTGCCATCTTTTGTAGCCAGCAACAGA	94443081	94403368	39713	94409683	33398	94443251	39883	33568
ENSMUST00000232395	CATACCTTCCTTTTCAAGGATTTGGCATCACCCAGCGACCAGCGTACATTAACATGGTACCTAGCCTGTCGCAGTTCACTAGCATTTACACACCTTTGGCCAACATTTCTTCTGAGTATCCAATGCAAAGATCCATGCCAGTGGTGCCATCTTTTGTAGCCAGCAACAGA	94443081	94403368	39713	94410832	32249	94443251	39883	32419
ENSMUST00000232395	CATACCTTCCTTTTCAAGGATTTGGCATCACCCAGCGACCAGCGTACATTAACATGGTACCTAGCCTGTCGCAGTTCACTAGCATTTACACACCTTTGGCCAACATTTCTTCTGAGTATCCAATGCAAAGATCCATGCCAGTGGTGCCATCTTTTGTAGCCAGCAACAGA	94443081	94403368	39713	94415948	27133	94443251	39883	27303
ENSMUST00000232395	CATACCTTCCTTTTCAAGGATTTGGCATCACCCAGCGACCAGCGTACATTAACATGGTACCTAGCCTGTCGCAGTTCACTAGCATTTACACACCTTTGGCCAACATTTCTTCTGAGTATCCAATGCAAAGATCCATGCCAGTGGTGCCATCTTTTGTAGCCAGCAACAGA	94443081	94403368	39713	94409683	33398	94443251	39883	33568
ENSMUST00000232395	CATACCTTCCTTTTCAAGGATTTGGCATCACCCAGCGACCAGCGTACATTAACATGGTACCTAGCCTGTCGCAGTTCACTAGCATTTACACACCTTTGGCCAACATTTCTTCTGAGTATCCAATGCAAAGATCCATGCCAGTGGTGCCATCTTTTGTAGCCAGCAACAGA	94443081	94403368	39713	94410832	32249	94443251	39883	32419
ENSMUST00000232395	CATACCTTCCTTTTCAAGGATTTGGCATCACCCAGCGACCAGCGTACATTAACATGGTACCTAGCCTGTCGCAGTTCACTAGCATTTACACACCTTTGGCCAACATTTCTTCTGAGTATCCAATGCAAAGATCCATGCCAGTGGTGCCATCTTTTGTAGCCAGCAACAGA	94443081	94403368	39713	94410871	32210	94443251	39883	32380
ENSMUST00000232395	CATACCTTCCTTTTCAAGGATTTGGCATCACCCAGCGACCAGCGTACATTAACATGGTACCTAGCCTGTCGCAGTTCACTAGCATTTACACACCTTTGGCCAACATTTCTTCTGAGTATCCAATGCAAAGATCCATGCCAGTGGTGCCATCTTTTGTAGCCAGCAACAGA	94443081	94408716	34365	94410832	32249	94443251	34535	32419
ENSMUST00000232395	CATACCTTCCTTTTCAAGGATTTGGCATCACCCAGCGACCAGCGTACATTAACATGGTACCTAGCCTGTCGCAGTTCACTAGCATTTACACACCTTTGGCCAACATTTCTTCTGAGTATCCAATGCAAAGATCCATGCCAGTGGTGCCATCTTTTGTAGCCAGCAACAGA	94443081	94403368	39713	94412059	31022	94443251	39883	31192
ENSMUST00000232395	CATACCTTCCTTTTCAAGGATTTGGCATCACCCAGCGACCAGCGTACATTAACATGGTACCTAGCCTGTCGCAGTTCACTAGCATTTACACACCTTTGGCCAACATTTCTTCTGAGTATCCAATGCAAAGATCCATGCCAGTGGTGCCATCTTTTGTAGCCAGCAACAGA	94443081	94403368	39713	94415948	27133	94443251	39883	27303
ENSMUST00000232395	CATACCTTCCTTTTCAAGGATTTGGCATCACCCAGCGACCAGCGTACATTAACATGGTACCTAGCCTGTCGCAGTTCACTAGCATTTACACACCTTTGGCCAACATTTCTTCTGAGTATCCAATGCAAAGATCCATGCCAGTGGTGCCATCTTTTGTAGCCAGCAACAGA	94443081	94408716	34365	94415948	27133	94443251	34535	27303
ENSMUST00000232395	CATACCTTCCTTTTCAAGGATTTGGCATCACCCAGCGACCAGCGTACATTAACATGGTACCTAGCCTGTCGCAGTTCACTAGCATTTACACACCTTTGGCCAACATTTCTTCTGAGTATCCAATGCAAAGATCCATGCCAGTGGTGCCATCTTTTGTAGCCAGCAACAGA	94443081	94403368	39713	94412059	31022	94443251	39883	31192
ENSMUST00000232395	CATACCTTCCTTTTCAAGGATTTGGCATCACCCAGCGACCAGCGTACATTAACATGGTACCTAGCCTGTCGCAGTTCACTAGCATTTACACACCTTTGGCCAACATTTCTTCTGAGTATCCAATGCAAAGATCCATGCCAGTGGTGCCATCTTTTGTAGCCAGCAACAGA	94443081	94403368	39713	94415948	27133	94443251	39883	27303
ENSMUST00000232395	CATACCTTCCTTTTCAAGGATTTGGCATCACCCAGCGACCAGCGTACATTAACATGGTACCTAGCCTGTCGCAGTTCACTAGCATTTACACACCTTTGGCCAACATTTCTTCTGAGTATCCAATGCAAAGATCCATGCCAGTGGTGCCATCTTTTGTAGCCAGCAACAGA	94443081	94403368	39713	94416281	26800	94443251	39883	26970
ENSMUST00000232395	CATACCTTCCTTTTCAAGGATTTGGCATCACCCAGCGACCAGCGTACATTAACATGGTACCTAGCCTGTCGCAGTTCACTAGCATTTACACACCTTTGGCCAACATTTCTTCTGAGTATCCAATGCAAAGATCCATGCCAGTGGTGCCATCTTTTGTAGCCAGCAACAGA	94443081	94410956	32125	94415948	27133	94443251	32295	27303
ENSMUST00000232395	CATACCTTCCTTTTCAAGGATTTGGCATCACCCAGCGACCAGCGTACATTAACATGGTACCTAGCCTGTCGCAGTTCACTAGCATTTACACACCTTTGGCCAACATTTCTTCTGAGTATCCAATGCAAAGATCCATGCCAGTGGTGCCATCTTTTGTAGCCAGCAACAGA	94443081	94403368	39713	94416281	26800	94443251	39883	26970
ENSMUST00000232395	CATACCTTCCTTTTCAAGGATTTGGCATCACCCAGCGACCAGCGTACATTAACATGGTACCTAGCCTGTCGCAGTTCACTAGCATTTACACACCTTTGGCCAACATTTCTTCTGAGTATCCAATGCAAAGATCCATGCCAGTGGTGCCATCTTTTGTAGCCAGCAACAGA	94443081	94412123	30958	94416281	26800	94443251	31128	26970
ENSMUST00000232395	CATACCTTCCTTTTCAAGGATTTGGCATCACCCAGCGACCAGCGTACATTAACATGGTACCTAGCCTGTCGCAGTTCACTAGCATTTACACACCTTTGGCCAACATTTCTTCTGAGTATCCAATGCAAAGATCCATGCCAGTGGTGCCATCTTTTGTAGCCAGCAACAGA	94443081	94416009	27072	94418606	24475	94443251	27242	24645
ENSMUST00000232395	CATACCTTCCTTTTCAAGGATTTGGCATCACCCAGCGACCAGCGTACATTAACATGGTACCTAGCCTGTCGCAGTTCACTAGCATTTACACACCTTTGGCCAACATTTCTTCTGAGTATCCAATGCAAAGATCCATGCCAGTGGTGCCATCTTTTGTAGCCAGCAACAGA	94443081	94416366	26715	94419397	23684	94443251	26885	23854
ENSMUST00000232395	CATACCTTCCTTTTCAAGGATTTGGCATCACCCAGCGACCAGCGTACATTAACATGGTACCTAGCCTGTCGCAGTTCACTAGCATTTACACACCTTTGGCCAACATTTCTTCTGAGTATCCAATGCAAAGATCCATGCCAGTGGTGCCATCTTTTGTAGCCAGCAACAGA	94443081	94419478	23603	94422226	20855	94443251	23773	21025
ENSMUST00000232395	CATACCTTCCTTTTCAAGGATTTGGCATCACCCAGCGACCAGCGTACATTAACATGGTACCTAGCCTGTCGCAGTTCACTAGCATTTACACACCTTTGGCCAACATTTCTTCTGAGTATCCAATGCAAAGATCCATGCCAGTGGTGCCATCTTTTGTAGCCAGCAACAGA	94443081	94424187	18894	94426150	16931	94443251	19064	17101
ENSMUST00000232395	CATACCTTCCTTTTCAAGGATTTGGCATCACCCAGCGACCAGCGTACATTAACATGGTACCTAGCCTGTCGCAGTTCACTAGCATTTACACACCTTTGGCCAACATTTCTTCTGAGTATCCAATGCAAAGATCCATGCCAGTGGTGCCATCTTTTGTAGCCAGCAACAGA	94443081	94425188	17893	94426765	16316	94443251	18063	16486
ENSMUST00000232395	CATACCTTCCTTTTCAAGGATTTGGCATCACCCAGCGACCAGCGTACATTAACATGGTACCTAGCCTGTCGCAGTTCACTAGCATTTACACACCTTTGGCCAACATTTCTTCTGAGTATCCAATGCAAAGATCCATGCCAGTGGTGCCATCTTTTGTAGCCAGCAACAGA	94443081	94454523	-11442	94457320	-14239	94443251	-11272	-14069
ENSMUST00000232395	CATACCTTCCTTTTCAAGGATTTGGCATCACCCAGCGACCAGCGTACATTAACATGGTACCTAGCCTGTCGCAGTTCACTAGCATTTACACACCTTTGGCCAACATTTCTTCTGAGTATCCAATGCAAAGATCCATGCCAGTGGTGCCATCTTTTGTAGCCAGCAACAGA	94443081	94454523	-11442	94457320	-14239	94443251	-11272	-14069
ENSMUST00000232395	CATACCTTCCTTTTCAAGGATTTGGCATCACCCAGCGACCAGCGTACATTAACATGGTACCTAGCCTGTCGCAGTTCACTAGCATTTACACACCTTTGGCCAACATTTCTTCTGAGTATCCAATGCAAAGATCCATGCCAGTGGTGCCATCTTTTGTAGCCAGCAACAGA	94443081	94457411	-14330	94459761	-16680	94443251	-14160	-16510
ENSMUST00000232395	CATACCTTCCTTTTCAAGGATTTGGCATCACCCAGCGACCAGCGTACATTAACATGGTACCTAGCCTGTCGCAGTTCACTAGCATTTACACACCTTTGGCCAACATTTCTTCTGAGTATCCAATGCAAAGATCCATGCCAGTGGTGCCATCTTTTGTAGCCAGCAACAGA	94443081	94462348	-19267	94466902	-23821	94443251	-19097	-23651
ENSMUST00000102919	CAGCGGGTGCAACCCTGTCATCTACTGGCTGGCCAACTACGTGTGGGACATGCTCAATTACCTGGTCCCAGCCACCTGCTGCGTGATCATCCTCTTTGTCTTTGACTTACCTGCCTACACATCACCCACCAACTTCCCCGCGGTGCTCTCCTTGTTCCTGCTCTATGGGTG	25444226	25433209	11017	25433681	10545	25444560	11351	10879
ENSMUST00000102919	CAGCGGGTGCAACCCTGTCATCTACTGGCTGGCCAACTACGTGTGGGACATGCTCAATTACCTGGTCCCAGCCACCTGCTGCGTGATCATCCTCTTTGTCTTTGACTTACCTGCCTACACATCACCCACCAACTTCCCCGCGGTGCTCTCCTTGTTCCTGCTCTATGGGTG	25444226	25433809	10417	25434308	9918	25444560	10751	10252
ENSMUST00000102919	CAGCGGGTGCAACCCTGTCATCTACTGGCTGGCCAACTACGTGTGGGACATGCTCAATTACCTGGTCCCAGCCACCTGCTGCGTGATCATCCTCTTTGTCTTTGACTTACCTGCCTACACATCACCCACCAACTTCCCCGCGGTGCTCTCCTTGTTCCTGCTCTATGGGTG	25444226	25441599	2627	25442190	2036	25444560	2961	2370
ENSMUST00000102919	CAGCGGGTGCAACCCTGTCATCTACTGGCTGGCCAACTACGTGTGGGACATGCTCAATTACCTGGTCCCAGCCACCTGCTGCGTGATCATCCTCTTTGTCTTTGACTTACCTGCCTACACATCACCCACCAACTTCCCCGCGGTGCTCTCCTTGTTCCTGCTCTATGGGTG	25444226	25441599	2627	25442190	2036	25444560	2961	2370
ENSMUST00000102919	CAGCGGGTGCAACCCTGTCATCTACTGGCTGGCCAACTACGTGTGGGACATGCTCAATTACCTGGTCCCAGCCACCTGCTGCGTGATCATCCTCTTTGTCTTTGACTTACCTGCCTACACATCACCCACCAACTTCCCCGCGGTGCTCTCCTTGTTCCTGCTCTATGGGTG	25444226	25446111	-1885	25446437	-2211	25444560	-1551	-1877
ENSMUST00000114158	AAGTGGTACTAGTGTGGTGTGTTTGCCTGGAAGTCCCTCGCCCACAGTGTGTGTTCACACCGACTCCACCTCAGAGCATGGTGCCTCCGTTTTCCCTTCCTAGTGACCCCAGGTTTAGCATCGTCCTATACTGTTCCCTCCACTCCTCCATGACCCTCTGAGTGATGGTTC	37291362	37246096	45266	37273346	18016	37291533	45437	18187
ENSMUST00000114158	AAGTGGTACTAGTGTGGTGTGTTTGCCTGGAAGTCCCTCGCCCACAGTGTGTGTTCACACCGACTCCACCTCAGAGCATGGTGCCTCCGTTTTCCCTTCCTAGTGACCCCAGGTTTAGCATCGTCCTATACTGTTCCCTCCACTCCTCCATGACCCTCTGAGTGATGGTTC	37291362	37265320	26042	37273346	18016	37291533	26213	18187
ENSMUST00000114158	AAGTGGTACTAGTGTGGTGTGTTTGCCTGGAAGTCCCTCGCCCACAGTGTGTGTTCACACCGACTCCACCTCAGAGCATGGTGCCTCCGTTTTCCCTTCCTAGTGACCCCAGGTTTAGCATCGTCCTATACTGTTCCCTCCACTCCTCCATGACCCTCTGAGTGATGGTTC	37291362	37276338	15024	37278862	12500	37291533	15195	12671
ENSMUST00000114158	AAGTGGTACTAGTGTGGTGTGTTTGCCTGGAAGTCCCTCGCCCACAGTGTGTGTTCACACCGACTCCACCTCAGAGCATGGTGCCTCCGTTTTCCCTTCCTAGTGACCCCAGGTTTAGCATCGTCCTATACTGTTCCCTCCACTCCTCCATGACCCTCTGAGTGATGGTTC	37291362	37286547	4815	37291116	246	37291533	4986	417
ENSMUST00000069817	GCTGTCGCTCTGAAGATCAAAACTGTGTGCCCTCGCTCCAAGAACGGAAAGTGACCGCCCTCGACCCAGCTCCTGTGTGGAGCCCAGAGGGCTACATGGCACTGCAGAACAAAGGCTACTCACTGCCCCACCCGAAGTCTGCTGACACTCTGGCCATGGGCATGCATGTCAG	32212134	32151291	60843	32183122	29012	32212902	61611	29780
ENSMUST00000069817	GCTGTCGCTCTGAAGATCAAAACTGTGTGCCCTCGCTCCAAGAACGGAAAGTGACCGCCCTCGACCCAGCTCCTGTGTGGAGCCCAGAGGGCTACATGGCACTGCAGAACAAAGGCTACTCACTGCCCCACCCGAAGTCTGCTGACACTCTGGCCATGGGCATGCATGTCAG	32212134	32183300	28834	32187480	24654	32212902	29602	25422
ENSMUST00000069817	GCTGTCGCTCTGAAGATCAAAACTGTGTGCCCTCGCTCCAAGAACGGAAAGTGACCGCCCTCGACCCAGCTCCTGTGTGGAGCCCAGAGGGCTACATGGCACTGCAGAACAAAGGCTACTCACTGCCCCACCCGAAGTCTGCTGACACTCTGGCCATGGGCATGCATGTCAG	32212134	32212291	-157	32216045	-3911	32212902	611	-3143
ENSMUST00000069817	GCTGTCGCTCTGAAGATCAAAACTGTGTGCCCTCGCTCCAAGAACGGAAAGTGACCGCCCTCGACCCAGCTCCTGTGTGGAGCCCAGAGGGCTACATGGCACTGCAGAACAAAGGCTACTCACTGCCCCACCCGAAGTCTGCTGACACTCTGGCCATGGGCATGCATGTCAG	32212134	32219405	-7271	32220089	-7955	32212902	-6503	-7187
ENSMUST00000069817	GCTGTCGCTCTGAAGATCAAAACTGTGTGCCCTCGCTCCAAGAACGGAAAGTGACCGCCCTCGACCCAGCTCCTGTGTGGAGCCCAGAGGGCTACATGGCACTGCAGAACAAAGGCTACTCACTGCCCCACCCGAAGTCTGCTGACACTCTGGCCATGGGCATGCATGTCAG	32212134	32224169	-12035	32226944	-14810	32212902	-11267	-14042
ENSMUST00000069817	GCTGTCGCTCTGAAGATCAAAACTGTGTGCCCTCGCTCCAAGAACGGAAAGTGACCGCCCTCGACCCAGCTCCTGTGTGGAGCCCAGAGGGCTACATGGCACTGCAGAACAAAGGCTACTCACTGCCCCACCCGAAGTCTGCTGACACTCTGGCCATGGGCATGCATGTCAG	32212134	32224169	-12035	32229262	-17128	32212902	-11267	-16360
ENSMUST00000069817	GCTGTCGCTCTGAAGATCAAAACTGTGTGCCCTCGCTCCAAGAACGGAAAGTGACCGCCCTCGACCCAGCTCCTGTGTGGAGCCCAGAGGGCTACATGGCACTGCAGAACAAAGGCTACTCACTGCCCCACCCGAAGTCTGCTGACACTCTGGCCATGGGCATGCATGTCAG	32212134	32224169	-12035	32230610	-18476	32212902	-11267	-17708
ENSMUST00000069817	GCTGTCGCTCTGAAGATCAAAACTGTGTGCCCTCGCTCCAAGAACGGAAAGTGACCGCCCTCGACCCAGCTCCTGTGTGGAGCCCAGAGGGCTACATGGCACTGCAGAACAAAGGCTACTCACTGCCCCACCCGAAGTCTGCTGACACTCTGGCCATGGGCATGCATGTCAG	32212134	32224169	-12035	32230610	-18476	32212902	-11267	-17708
ENSMUST00000069817	GCTGTCGCTCTGAAGATCAAAACTGTGTGCCCTCGCTCCAAGAACGGAAAGTGACCGCCCTCGACCCAGCTCCTGTGTGGAGCCCAGAGGGCTACATGGCACTGCAGAACAAAGGCTACTCACTGCCCCACCCGAAGTCTGCTGACACTCTGGCCATGGGCATGCATGTCAG	32212134	32227036	-14902	32230610	-18476	32212902	-14134	-17708
ENSMUST00000160518	AGACTAATACCCACCGGAGCTCCAGGGAACAATGAGCAGTACAACATGGGGATGGTCGGGACACATGGGCTGGAAACTTCGCATGCGGACACCTTTGGCGGCAGCATTTCAAGAGAAGGAACCTTGATGATCAGAGAGACGGCTGAAGAGAAGAAGCGATCTGGCCACAGTGACAGTAA	28638401	28263699	374702	28532887	105514	28646660	382961	113773
ENSMUST00000160518	AGACTAATACCCACCGGAGCTCCAGGGAACAATGAGCAGTACAACATGGGGATGGTCGGGACACATGGGCTGGAAACTTCGCATGCGGACACCTTTGGCGGCAGCATTTCAAGAGAAGGAACCTTGATGATCAGAGAGACGGCTGAAGAGAAGAAGCGATCTGGCCACAGTGACAGTAA	28638401	28359056	279345	28505752	132649	28646660	287604	140908
ENSMUST00000160518	AGACTAATACCCACCGGAGCTCCAGGGAACAATGAGCAGTACAACATGGGGATGGTCGGGACACATGGGCTGGAAACTTCGCATGCGGACACCTTTGGCGGCAGCATTTCAAGAGAAGGAACCTTGATGATCAGAGAGACGGCTGAAGAGAAGAAGCGATCTGGCCACAGTGACAGTAA	28638401	28359056	279345	28532887	105514	28646660	287604	113773
ENSMUST00000160518	AGACTAATACCCACCGGAGCTCCAGGGAACAATGAGCAGTACAACATGGGGATGGTCGGGACACATGGGCTGGAAACTTCGCATGCGGACACCTTTGGCGGCAGCATTTCAAGAGAAGGAACCTTGATGATCAGAGAGACGGCTGAAGAGAAGAAGCGATCTGGCCACAGTGACAGTAA	28638401	28359056	279345	28532887	105514	28646660	287604	113773
ENSMUST00000160518	AGACTAATACCCACCGGAGCTCCAGGGAACAATGAGCAGTACAACATGGGGATGGTCGGGACACATGGGCTGGAAACTTCGCATGCGGACACCTTTGGCGGCAGCATTTCAAGAGAAGGAACCTTGATGATCAGAGAGACGGCTGAAGAGAAGAAGCGATCTGGCCACAGTGACAGTAA	28638401	28494023	144378	28532887	105514	28646660	152637	113773
ENSMUST00000160518	AGACTAATACCCACCGGAGCTCCAGGGAACAATGAGCAGTACAACATGGGGATGGTCGGGACACATGGGCTGGAAACTTCGCATGCGGACACCTTTGGCGGCAGCATTTCAAGAGAAGGAACCTTGATGATCAGAGAGACGGCTGAAGAGAAGAAGCGATCTGGCCACAGTGACAGTAA	28638401	28542098	96303	28554927	83474	28646660	104562	91733
ENSMUST00000160518	AGACTAATACCCACCGGAGCTCCAGGGAACAATGAGCAGTACAACATGGGGATGGTCGGGACACATGGGCTGGAAACTTCGCATGCGGACACCTTTGGCGGCAGCATTTCAAGAGAAGGAACCTTGATGATCAGAGAGACGGCTGAAGAGAAGAAGCGATCTGGCCACAGTGACAGTAA	28638401	28594132	44269	28596071	42330	28646660	52528	50589
ENSMUST00000160518	AGACTAATACCCACCGGAGCTCCAGGGAACAATGAGCAGTACAACATGGGGATGGTCGGGACACATGGGCTGGAAACTTCGCATGCGGACACCTTTGGCGGCAGCATTTCAAGAGAAGGAACCTTGATGATCAGAGAGACGGCTGAAGAGAAGAAGCGATCTGGCCACAGTGACAGTAA	28638401	28604340	34061	28611862	26539	28646660	42320	34798
ENSMUST00000160518	AGACTAATACCCACCGGAGCTCCAGGGAACAATGAGCAGTACAACATGGGGATGGTCGGGACACATGGGCTGGAAACTTCGCATGCGGACACCTTTGGCGGCAGCATTTCAAGAGAAGGAACCTTGATGATCAGAGAGACGGCTGAAGAGAAGAAGCGATCTGGCCACAGTGACAGTAA	28638401	28611969	26432	28623010	15391	28646660	34691	23650
ENSMUST00000160518	AGACTAATACCCACCGGAGCTCCAGGGAACAATGAGCAGTACAACATGGGGATGGTCGGGACACATGGGCTGGAAACTTCGCATGCGGACACCTTTGGCGGCAGCATTTCAAGAGAAGGAACCTTGATGATCAGAGAGACGGCTGAAGAGAAGAAGCGATCTGGCCACAGTGACAGTAA	28638401	28623108	15293	28630430	7971	28646660	23552	16230
ENSMUST00000160518	AGACTAATACCCACCGGAGCTCCAGGGAACAATGAGCAGTACAACATGGGGATGGTCGGGACACATGGGCTGGAAACTTCGCATGCGGACACCTTTGGCGGCAGCATTTCAAGAGAAGGAACCTTGATGATCAGAGAGACGGCTGAAGAGAAGAAGCGATCTGGCCACAGTGACAGTAA	28638401	28630615	7786	28646596	-8195	28646660	16045	64
ENSMUST00000160518	AGACTAATACCCACCGGAGCTCCAGGGAACAATGAGCAGTACAACATGGGGATGGTCGGGACACATGGGCTGGAAACTTCGCATGCGGACACCTTTGGCGGCAGCATTTCAAGAGAAGGAACCTTGATGATCAGAGAGACGGCTGAAGAGAAGAAGCGATCTGGCCACAGTGACAGTAA	28638401	28665839	-27438	28667898	-29497	28646660	-19179	-21238
ENSMUST00000018851	GTGATGAGGATTTGCTTGAGATCATTGGGAATAGCAAGAACGTGGCTAAGTTGCAGAAGCACTTCAAGAAAATGTTCGCCGGCGTTTCCAGCATCATCTTAAATGAGGATAACTCTGTGGTCCTCGGCATCTCATCCCGAGAAGGGGAGGAGGTTATGTTTAAAACTCCAGTGTCCATCACT	110630535	110621673	8862	110625426	5109	110630798	9125	5372
ENSMUST00000018851	GTGATGAGGATTTGCTTGAGATCATTGGGAATAGCAAGAACGTGGCTAAGTTGCAGAAGCACTTCAAGAAAATGTTCGCCGGCGTTTCCAGCATCATCTTAAATGAGGATAACTCTGTGGTCCTCGGCATCTCATCCCGAGAAGGGGAGGAGGTTATGTTTAAAACTCCAGTGTCCATCACT	110630535	110629117	1418	110629576	959	110630798	1681	1222
ENSMUST00000018851	GTGATGAGGATTTGCTTGAGATCATTGGGAATAGCAAGAACGTGGCTAAGTTGCAGAAGCACTTCAAGAAAATGTTCGCCGGCGTTTCCAGCATCATCTTAAATGAGGATAACTCTGTGGTCCTCGGCATCTCATCCCGAGAAGGGGAGGAGGTTATGTTTAAAACTCCAGTGTCCATCACT	110630535	110637652	-7117	110639733	-9198	110630798	-6854	-8935
ENSMUST00000018851	GTGATGAGGATTTGCTTGAGATCATTGGGAATAGCAAGAACGTGGCTAAGTTGCAGAAGCACTTCAAGAAAATGTTCGCCGGCGTTTCCAGCATCATCTTAAATGAGGATAACTCTGTGGTCCTCGGCATCTCATCCCGAGAAGGGGAGGAGGTTATGTTTAAAACTCCAGTGTCCATCACT	110630535	110642176	-11641	110646193	-15658	110630798	-11378	-15395
ENSMUST00000018851	GTGATGAGGATTTGCTTGAGATCATTGGGAATAGCAAGAACGTGGCTAAGTTGCAGAAGCACTTCAAGAAAATGTTCGCCGGCGTTTCCAGCATCATCTTAAATGAGGATAACTCTGTGGTCCTCGGCATCTCATCCCGAGAAGGGGAGGAGGTTATGTTTAAAACTCCAGTGTCCATCACT	110630535	110646323	-15788	110648999	-18464	110630798	-15525	-18201
ENSMUST00000018851	GTGATGAGGATTTGCTTGAGATCATTGGGAATAGCAAGAACGTGGCTAAGTTGCAGAAGCACTTCAAGAAAATGTTCGCCGGCGTTTCCAGCATCATCTTAAATGAGGATAACTCTGTGGTCCTCGGCATCTCATCCCGAGAAGGGGAGGAGGTTATGTTTAAAACTCCAGTGTCCATCACT	110630535	110659516	-28981	110661153	-30618	110630798	-28718	-30355
ENSMUST00000018851	GTGATGAGGATTTGCTTGAGATCATTGGGAATAGCAAGAACGTGGCTAAGTTGCAGAAGCACTTCAAGAAAATGTTCGCCGGCGTTTCCAGCATCATCTTAAATGAGGATAACTCTGTGGTCCTCGGCATCTCATCCCGAGAAGGGGAGGAGGTTATGTTTAAAACTCCAGTGTCCATCACT	110630535	110664747	-34212	110665663	-35128	110630798	-33949	-34865
ENSMUST00000018851	GTGATGAGGATTTGCTTGAGATCATTGGGAATAGCAAGAACGTGGCTAAGTTGCAGAAGCACTTCAAGAAAATGTTCGCCGGCGTTTCCAGCATCATCTTAAATGAGGATAACTCTGTGGTCCTCGGCATCTCATCCCGAGAAGGGGAGGAGGTTATGTTTAAAACTCCAGTGTCCATCACT	110630535	110621673	8862	110625426	5109	110630798	9125	5372
ENSMUST00000018851	GTGATGAGGATTTGCTTGAGATCATTGGGAATAGCAAGAACGTGGCTAAGTTGCAGAAGCACTTCAAGAAAATGTTCGCCGGCGTTTCCAGCATCATCTTAAATGAGGATAACTCTGTGGTCCTCGGCATCTCATCCCGAGAAGGGGAGGAGGTTATGTTTAAAACTCCAGTGTCCATCACT	110630535	110629117	1418	110629576	959	110630798	1681	1222
ENSMUST00000018851	GTGATGAGGATTTGCTTGAGATCATTGGGAATAGCAAGAACGTGGCTAAGTTGCAGAAGCACTTCAAGAAAATGTTCGCCGGCGTTTCCAGCATCATCTTAAATGAGGATAACTCTGTGGTCCTCGGCATCTCATCCCGAGAAGGGGAGGAGGTTATGTTTAAAACTCCAGTGTCCATCACT	110630535	110637652	-7117	110639733	-9198	110630798	-6854	-8935
ENSMUST00000018851	GTGATGAGGATTTGCTTGAGATCATTGGGAATAGCAAGAACGTGGCTAAGTTGCAGAAGCACTTCAAGAAAATGTTCGCCGGCGTTTCCAGCATCATCTTAAATGAGGATAACTCTGTGGTCCTCGGCATCTCATCCCGAGAAGGGGAGGAGGTTATGTTTAAAACTCCAGTGTCCATCACT	110630535	110642176	-11641	110646193	-15658	110630798	-11378	-15395
ENSMUST00000018851	GTGATGAGGATTTGCTTGAGATCATTGGGAATAGCAAGAACGTGGCTAAGTTGCAGAAGCACTTCAAGAAAATGTTCGCCGGCGTTTCCAGCATCATCTTAAATGAGGATAACTCTGTGGTCCTCGGCATCTCATCCCGAGAAGGGGAGGAGGTTATGTTTAAAACTCCAGTGTCCATCACT	110630535	110646323	-15788	110648999	-18464	110630798	-15525	-18201
ENSMUST00000018851	GTGATGAGGATTTGCTTGAGATCATTGGGAATAGCAAGAACGTGGCTAAGTTGCAGAAGCACTTCAAGAAAATGTTCGCCGGCGTTTCCAGCATCATCTTAAATGAGGATAACTCTGTGGTCCTCGGCATCTCATCCCGAGAAGGGGAGGAGGTTATGTTTAAAACTCCAGTGTCCATCACT	110630535	110659516	-28981	110661153	-30618	110630798	-28718	-30355
ENSMUST00000018851	GTGATGAGGATTTGCTTGAGATCATTGGGAATAGCAAGAACGTGGCTAAGTTGCAGAAGCACTTCAAGAAAATGTTCGCCGGCGTTTCCAGCATCATCTTAAATGAGGATAACTCTGTGGTCCTCGGCATCTCATCCCGAGAAGGGGAGGAGGTTATGTTTAAAACTCCAGTGTCCATCACT	110630535	110664747	-34212	110665663	-35128	110630798	-33949	-34865
ENSMUST00000110082	AAGGATGGTGGTGGTCCTTCTGTTACCGAAGTCACCCTTCACTGTGGCTGTTTGACAAAGAGTTGTACTTGGACGTTGTGTAAATCTTGAGATAAACTGTTTTGGAGATTTAACCACCTCTCTGACGGGGGACCAACTCTATGGAAATTGTAAATAAGTTTTATTTATAAACCTGGCACTGTA	100209605	100199716	9889	100206097	3508	100209788	10072	3691
ENSMUST00000110082	AAGGATGGTGGTGGTCCTTCTGTTACCGAAGTCACCCTTCACTGTGGCTGTTTGACAAAGAGTTGTACTTGGACGTTGTGTAAATCTTGAGATAAACTGTTTTGGAGATTTAACCACCTCTCTGACGGGGGACCAACTCTATGGAAATTGTAAATAAGTTTTATTTATAAACCTGGCACTGTA	100209605	100202423	7182	100205612	3993	100209788	7365	4176
ENSMUST00000110082	AAGGATGGTGGTGGTCCTTCTGTTACCGAAGTCACCCTTCACTGTGGCTGTTTGACAAAGAGTTGTACTTGGACGTTGTGTAAATCTTGAGATAAACTGTTTTGGAGATTTAACCACCTCTCTGACGGGGGACCAACTCTATGGAAATTGTAAATAAGTTTTATTTATAAACCTGGCACTGTA	100209605	100202423	7182	100206097	3508	100209788	7365	3691
ENSMUST00000110082	AAGGATGGTGGTGGTCCTTCTGTTACCGAAGTCACCCTTCACTGTGGCTGTTTGACAAAGAGTTGTACTTGGACGTTGTGTAAATCTTGAGATAAACTGTTTTGGAGATTTAACCACCTCTCTGACGGGGGACCAACTCTATGGAAATTGTAAATAAGTTTTATTTATAAACCTGGCACTGTA	100209605	100202423	7182	100206097	3508	100209788	7365	3691
ENSMUST00000110082	AAGGATGGTGGTGGTCCTTCTGTTACCGAAGTCACCCTTCACTGTGGCTGTTTGACAAAGAGTTGTACTTGGACGTTGTGTAAATCTTGAGATAAACTGTTTTGGAGATTTAACCACCTCTCTGACGGGGGACCAACTCTATGGAAATTGTAAATAAGTTTTATTTATAAACCTGGCACTGTA	100209605	100203718	5887	100206097	3508	100209788	6070	3691
ENSMUST00000063091	CAATTCTGTAGCCAGCTGCCCCAGAGCAGCGAGAACCGTCCAGGATCAGATTGCATGTGACTCTGAAGCTGAACTTCCACGGCCCTCATTAATGACACTTGTCCCCCAGTCCGAACCTCCTCTGTGAACCATCTGAGACAGAAGCGTGTTATTTCTCAGACTTGGAAATGCATTGTATCGATGTT	39564043	39370190	193853	39455065	108978	39564228	194038	109163
ENSMUST00000063091	CAATTCTGTAGCCAGCTGCCCCAGAGCAGCGAGAACCGTCCAGGATCAGATTGCATGTGACTCTGAAGCTGAACTTCCACGGCCCTCATTAATGACACTTGTCCCCCAGTCCGAACCTCCTCTGTGAACCATCTGAGACAGAAGCGTGTTATTTCTCAGACTTGGAAATGCATTGTATCGATGTT	39564043	39395044	168999	39511738	52305	39564228	169184	52490
ENSMUST00000063091	CAATTCTGTAGCCAGCTGCCCCAGAGCAGCGAGAACCGTCCAGGATCAGATTGCATGTGACTCTGAAGCTGAACTTCCACGGCCCTCATTAATGACACTTGTCCCCCAGTCCGAACCTCCTCTGTGAACCATCTGAGACAGAAGCGTGTTATTTCTCAGACTTGGAAATGCATTGTATCGATGTT	39564043	39420258	143785	39511738	52305	39564228	143970	52490
ENSMUST00000063091	CAATTCTGTAGCCAGCTGCCCCAGAGCAGCGAGAACCGTCCAGGATCAGATTGCATGTGACTCTGAAGCTGAACTTCCACGGCCCTCATTAATGACACTTGTCCCCCAGTCCGAACCTCCTCTGTGAACCATCTGAGACAGAAGCGTGTTATTTCTCAGACTTGGAAATGCATTGTATCGATGTT	39564043	39515669	48374	39525400	38643	39564228	48559	38828
ENSMUST00000063091	CAATTCTGTAGCCAGCTGCCCCAGAGCAGCGAGAACCGTCCAGGATCAGATTGCATGTGACTCTGAAGCTGAACTTCCACGGCCCTCATTAATGACACTTGTCCCCCAGTCCGAACCTCCTCTGTGAACCATCTGAGACAGAAGCGTGTTATTTCTCAGACTTGGAAATGCATTGTATCGATGTT	39564043	39525504	38539	39529436	34607	39564228	38724	34792
ENSMUST00000063091	CAATTCTGTAGCCAGCTGCCCCAGAGCAGCGAGAACCGTCCAGGATCAGATTGCATGTGACTCTGAAGCTGAACTTCCACGGCCCTCATTAATGACACTTGTCCCCCAGTCCGAACCTCCTCTGTGAACCATCTGAGACAGAAGCGTGTTATTTCTCAGACTTGGAAATGCATTGTATCGATGTT	39564043	39526930	37113	39529918	34125	39564228	37298	34310
ENSMUST00000063091	CAATTCTGTAGCCAGCTGCCCCAGAGCAGCGAGAACCGTCCAGGATCAGATTGCATGTGACTCTGAAGCTGAACTTCCACGGCCCTCATTAATGACACTTGTCCCCCAGTCCGAACCTCCTCTGTGAACCATCTGAGACAGAAGCGTGTTATTTCTCAGACTTGGAAATGCATTGTATCGATGTT	39564043	39526930	37113	39532015	32028	39564228	37298	32213
ENSMUST00000063091	CAATTCTGTAGCCAGCTGCCCCAGAGCAGCGAGAACCGTCCAGGATCAGATTGCATGTGACTCTGAAGCTGAACTTCCACGGCCCTCATTAATGACACTTGTCCCCCAGTCCGAACCTCCTCTGTGAACCATCTGAGACAGAAGCGTGTTATTTCTCAGACTTGGAAATGCATTGTATCGATGTT	39564043	39526930	37113	39532015	32028	39564228	37298	32213
ENSMUST00000063091	CAATTCTGTAGCCAGCTGCCCCAGAGCAGCGAGAACCGTCCAGGATCAGATTGCATGTGACTCTGAAGCTGAACTTCCACGGCCCTCATTAATGACACTTGTCCCCCAGTCCGAACCTCCTCTGTGAACCATCTGAGACAGAAGCGTGTTATTTCTCAGACTTGGAAATGCATTGTATCGATGTT	39564043	39529601	34442	39532015	32028	39564228	34627	32213
ENSMUST00000063091	CAATTCTGTAGCCAGCTGCCCCAGAGCAGCGAGAACCGTCCAGGATCAGATTGCATGTGACTCTGAAGCTGAACTTCCACGGCCCTCATTAATGACACTTGTCCCCCAGTCCGAACCTCCTCTGTGAACCATCTGAGACAGAAGCGTGTTATTTCTCAGACTTGGAAATGCATTGTATCGATGTT	39564043	39533962	30081	39563763	280	39564228	30266	465
ENSMUST00000039259	CCGTTTTTTCTATCCTTTGCTCCCTCCCAGCCAGGGCTGAGAGGGTGTGTAGTGGTTGGGAGGACTTTAAGGTCCTGGCCCCCATCCCCAGAAAGGGAGAGGTGGTGTGGACTTATCTGGCCCAGCCCTGCCACCCTTAGTCAGCCCGGCTTTGGGCTGTCTGTGTCAGTGGTTTCCGGTCTTTT	127092848	127085660	7188	127087233	5615	127093033	7373	5800
ENSMUST00000039259	CCGTTTTTTCTATCCTTTGCTCCCTCCCAGCCAGGGCTGAGAGGGTGTGTAGTGGTTGGGAGGACTTTAAGGTCCTGGCCCCCATCCCCAGAAAGGGAGAGGTGGTGTGGACTTATCTGGCCCAGCCCTGCCACCCTTAGTCAGCCCGGCTTTGGGCTGTCTGTGTCAGTGGTTTCCGGTCTTTT	127092848	127088047	4801	127089229	3619	127093033	4986	3804
ENSMUST00000039259	CCGTTTTTTCTATCCTTTGCTCCCTCCCAGCCAGGGCTGAGAGGGTGTGTAGTGGTTGGGAGGACTTTAAGGTCCTGGCCCCCATCCCCAGAAAGGGAGAGGTGGTGTGGACTTATCTGGCCCAGCCCTGCCACCCTTAGTCAGCCCGGCTTTGGGCTGTCTGTGTCAGTGGTTTCCGGTCTTTT	127092848	127089358	3490	127090426	2422	127093033	3675	2607
ENSMUST00000039259	CCGTTTTTTCTATCCTTTGCTCCCTCCCAGCCAGGGCTGAGAGGGTGTGTAGTGGTTGGGAGGACTTTAAGGTCCTGGCCCCCATCCCCAGAAAGGGAGAGGTGGTGTGGACTTATCTGGCCCAGCCCTGCCACCCTTAGTCAGCCCGGCTTTGGGCTGTCTGTGTCAGTGGTTTCCGGTCTTTT	127092848	127085660	7188	127087233	5615	127093033	7373	5800
ENSMUST00000039259	CCGTTTTTTCTATCCTTTGCTCCCTCCCAGCCAGGGCTGAGAGGGTGTGTAGTGGTTGGGAGGACTTTAAGGTCCTGGCCCCCATCCCCAGAAAGGGAGAGGTGGTGTGGACTTATCTGGCCCAGCCCTGCCACCCTTAGTCAGCCCGGCTTTGGGCTGTCTGTGTCAGTGGTTTCCGGTCTTTT	127092848	127088047	4801	127089229	3619	127093033	4986	3804
ENSMUST00000039259	CCGTTTTTTCTATCCTTTGCTCCCTCCCAGCCAGGGCTGAGAGGGTGTGTAGTGGTTGGGAGGACTTTAAGGTCCTGGCCCCCATCCCCAGAAAGGGAGAGGTGGTGTGGACTTATCTGGCCCAGCCCTGCCACCCTTAGTCAGCCCGGCTTTGGGCTGTCTGTGTCAGTGGTTTCCGGTCTTTT	127092848	127089358	3490	127090426	2422	127093033	3675	2607
ENSMUST00000075312	CTGGAGAGCTGCACGGGCTCACCACAGATGAGAAGTTTGTAGAAGGAGTGTACAGAGTAGAACTGGACACCAAATCGTACTGGAAGACACTTGGCATTTCCCCGTTCCATGAATTCGCGGATGTGGTTTTCACAGCCAACGACTCTGGCCATCGCCACTACACCATCGCAGCCCTGCTCAGCCCATACT	20669995	20666586	3409	20673630	-3635	20673701	7115	71
ENSMUST00000077609	AAGATGGACTCCAGGGGCGAGCACAGACAGGATCGCAGGGAGAGGCCATATTAGCCTGGCTCCTGAAGTTCTGGAACTCTTCCTGTACCCAGTGTTACCCTTGTTATTTTGTAAACTTACAATTCAGGATCGCTCATGGATATTTTTTTTTGGGGGGGGTGGGGCGGTTGTGTGTGTATGTGTGTGTGTGT	127981791	127969586	12205	127971837	9954	127981982	12396	10145
ENSMUST00000077609	AAGATGGACTCCAGGGGCGAGCACAGACAGGATCGCAGGGAGAGGCCATATTAGCCTGGCTCCTGAAGTTCTGGAACTCTTCCTGTACCCAGTGTTACCCTTGTTATTTTGTAAACTTACAATTCAGGATCGCTCATGGATATTTTTTTTTGGGGGGGGTGGGGCGGTTGTGTGTGTATGTGTGTGTGTGT	127981791	127971982	9809	127972553	9238	127981982	10000	9429
ENSMUST00000077609	AAGATGGACTCCAGGGGCGAGCACAGACAGGATCGCAGGGAGAGGCCATATTAGCCTGGCTCCTGAAGTTCTGGAACTCTTCCTGTACCCAGTGTTACCCTTGTTATTTTGTAAACTTACAATTCAGGATCGCTCATGGATATTTTTTTTTGGGGGGGGTGGGGCGGTTGTGTGTGTATGTGTGTGTGTGT	127981791	127972770	9021	127975887	5904	127981982	9212	6095
ENSMUST00000077609	AAGATGGACTCCAGGGGCGAGCACAGACAGGATCGCAGGGAGAGGCCATATTAGCCTGGCTCCTGAAGTTCTGGAACTCTTCCTGTACCCAGTGTTACCCTTGTTATTTTGTAAACTTACAATTCAGGATCGCTCATGGATATTTTTTTTTGGGGGGGGTGGGGCGGTTGTGTGTGTATGTGTGTGTGTGT	127981791	127981291	500	127981790	1	127981982	691	192
ENSMUST00000129241	AGTGAAGAGATCGAGAGTGCTTTCCGGGCCCTCAGCTCTGAGGGCAAGCCTTATGTGACCAAGGAGGAGCTCTACCAGAACCTGACCCGGGAACAAGCTGACTATTGTGTCTCCCACATGAAGCCCTATGTGGATGGCAAGGGCCGAGAACTTCCAACTGCCTTCGACTACGTCGAGTTCACCCGCTCACT	30030800	29965785	65015	29978376	52424	30031140	65355	52764
ENSMUST00000129241	AGTGAAGAGATCGAGAGTGCTTTCCGGGCCCTCAGCTCTGAGGGCAAGCCTTATGTGACCAAGGAGGAGCTCTACCAGAACCTGACCCGGGAACAAGCTGACTATTGTGTCTCCCACATGAAGCCCTATGTGGATGGCAAGGGCCGAGAACTTCCAACTGCCTTCGACTACGTCGAGTTCACCCGCTCACT	30030800	29986539	44261	29988333	42467	30031140	44601	42807
ENSMUST00000129241	AGTGAAGAGATCGAGAGTGCTTTCCGGGCCCTCAGCTCTGAGGGCAAGCCTTATGTGACCAAGGAGGAGCTCTACCAGAACCTGACCCGGGAACAAGCTGACTATTGTGTCTCCCACATGAAGCCCTATGTGGATGGCAAGGGCCGAGAACTTCCAACTGCCTTCGACTACGTCGAGTTCACCCGCTCACT	30030800	29996264	34536	29996736	34064	30031140	34876	34404
ENSMUST00000129241	AGTGAAGAGATCGAGAGTGCTTTCCGGGCCCTCAGCTCTGAGGGCAAGCCTTATGTGACCAAGGAGGAGCTCTACCAGAACCTGACCCGGGAACAAGCTGACTATTGTGTCTCCCACATGAAGCCCTATGTGGATGGCAAGGGCCGAGAACTTCCAACTGCCTTCGACTACGTCGAGTTCACCCGCTCACT	30030800	29998248	32552	29999913	30887	30031140	32892	31227
ENSMUST00000129241	AGTGAAGAGATCGAGAGTGCTTTCCGGGCCCTCAGCTCTGAGGGCAAGCCTTATGTGACCAAGGAGGAGCTCTACCAGAACCTGACCCGGGAACAAGCTGACTATTGTGTCTCCCACATGAAGCCCTATGTGGATGGCAAGGGCCGAGAACTTCCAACTGCCTTCGACTACGTCGAGTTCACCCGCTCACT	30030800	30000062	30738	30002230	28570	30031140	31078	28910
ENSMUST00000129241	AGTGAAGAGATCGAGAGTGCTTTCCGGGCCCTCAGCTCTGAGGGCAAGCCTTATGTGACCAAGGAGGAGCTCTACCAGAACCTGACCCGGGAACAAGCTGACTATTGTGTCTCCCACATGAAGCCCTATGTGGATGGCAAGGGCCGAGAACTTCCAACTGCCTTCGACTACGTCGAGTTCACCCGCTCACT	30030800	30013838	16962	30015588	15212	30031140	17302	15552
ENSMUST00000129241	AGTGAAGAGATCGAGAGTGCTTTCCGGGCCCTCAGCTCTGAGGGCAAGCCTTATGTGACCAAGGAGGAGCTCTACCAGAACCTGACCCGGGAACAAGCTGACTATTGTGTCTCCCACATGAAGCCCTATGTGGATGGCAAGGGCCGAGAACTTCCAACTGCCTTCGACTACGTCGAGTTCACCCGCTCACT	30030800	30014172	16628	30015933	14867	30031140	16968	15207
ENSMUST00000129241	AGTGAAGAGATCGAGAGTGCTTTCCGGGCCCTCAGCTCTGAGGGCAAGCCTTATGTGACCAAGGAGGAGCTCTACCAGAACCTGACCCGGGAACAAGCTGACTATTGTGTCTCCCACATGAAGCCCTATGTGGATGGCAAGGGCCGAGAACTTCCAACTGCCTTCGACTACGTCGAGTTCACCCGCTCACT	30030800	30027131	3669	30029619	1181	30031140	4009	1521
ENSMUST00000129241	AGTGAAGAGATCGAGAGTGCTTTCCGGGCCCTCAGCTCTGAGGGCAAGCCTTATGTGACCAAGGAGGAGCTCTACCAGAACCTGACCCGGGAACAAGCTGACTATTGTGTCTCCCACATGAAGCCCTATGTGGATGGCAAGGGCCGAGAACTTCCAACTGCCTTCGACTACGTCGAGTTCACCCGCTCACT	30030800	30027648	3152	30029619	1181	30031140	3492	1521
ENSMUST00000129241	AGTGAAGAGATCGAGAGTGCTTTCCGGGCCCTCAGCTCTGAGGGCAAGCCTTATGTGACCAAGGAGGAGCTCTACCAGAACCTGACCCGGGAACAAGCTGACTATTGTGTCTCCCACATGAAGCCCTATGTGGATGGCAAGGGCCGAGAACTTCCAACTGCCTTCGACTACGTCGAGTTCACCCGCTCACT	30030800	30030370	430	30030674	126	30031140	770	466
ENSMUST00000041623	CAAGAGCAGGGTATTGGTCTGCCCTTCTTCCTCCTGTCCGTCTGATTTACCTAACTTTGGTCTCGGCTGCTGACTCTTGGAGAGGACCAAATTACTTTGTAGTATTTCCCCCGTTTGTGTAATGTCCTGAAACCTTGGAGAGGTTCCAGAATACTTCTGTATATAGGGCACAGGTGAAGACATTGTCCAAA	97251500	97241529	9971	97250536	964	97251691	10162	1155
ENSMUST00000087871	AACCTGAAGGAGGCCATTGAAACCATTGTGGCCGCCATGAGCAACCTGGTGCCCCCTGTGGAGCTGGCCAACCCTGAGAACCAGTTCAGAGTGGACTACATTCTGAGCGTGATGAACGTGCCGAACTTTGACTTCCCACCTGAATTCTATGAGCATGCCAAGGCTCTGTGGGAGGATGAGGGAGTGCGTGCCTG	174341691	174285477	56214	174334211	7480	174343259	57782	9048
ENSMUST00000087871	AACCTGAAGGAGGCCATTGAAACCATTGTGGCCGCCATGAGCAACCTGGTGCCCCCTGTGGAGCTGGCCAACCCTGAGAACCAGTTCAGAGTGGACTACATTCTGAGCGTGATGAACGTGCCGAACTTTGACTTCCCACCTGAATTCTATGAGCATGCCAAGGCTCTGTGGGAGGATGAGGGAGTGCGTGCCTG	174341691	174300217	41474	174334211	7480	174343259	43042	9048
ENSMUST00000087871	AACCTGAAGGAGGCCATTGAAACCATTGTGGCCGCCATGAGCAACCTGGTGCCCCCTGTGGAGCTGGCCAACCCTGAGAACCAGTTCAGAGTGGACTACATTCTGAGCGTGATGAACGTGCCGAACTTTGACTTCCCACCTGAATTCTATGAGCATGCCAAGGCTCTGTGGGAGGATGAGGGAGTGCGTGCCTG	174341691	174327941	13750	174328366	13325	174343259	15318	14893
ENSMUST00000087871	AACCTGAAGGAGGCCATTGAAACCATTGTGGCCGCCATGAGCAACCTGGTGCCCCCTGTGGAGCTGGCCAACCCTGAGAACCAGTTCAGAGTGGACTACATTCTGAGCGTGATGAACGTGCCGAACTTTGACTTCCCACCTGAATTCTATGAGCATGCCAAGGCTCTGTGGGAGGATGAGGGAGTGCGTGCCTG	174341691	174327941	13750	174334211	7480	174343259	15318	9048
ENSMUST00000087871	AACCTGAAGGAGGCCATTGAAACCATTGTGGCCGCCATGAGCAACCTGGTGCCCCCTGTGGAGCTGGCCAACCCTGAGAACCAGTTCAGAGTGGACTACATTCTGAGCGTGATGAACGTGCCGAACTTTGACTTCCCACCTGAATTCTATGAGCATGCCAAGGCTCTGTGGGAGGATGAGGGAGTGCGTGCCTG	174341691	174327941	13750	174334211	7480	174343259	15318	9048
ENSMUST00000087871	AACCTGAAGGAGGCCATTGAAACCATTGTGGCCGCCATGAGCAACCTGGTGCCCCCTGTGGAGCTGGCCAACCCTGAGAACCAGTTCAGAGTGGACTACATTCTGAGCGTGATGAACGTGCCGAACTTTGACTTCCCACCTGAATTCTATGAGCATGCCAAGGCTCTGTGGGAGGATGAGGGAGTGCGTGCCTG	174341691	174330434	11257	174336746	4945	174343259	12825	6513
ENSMUST00000087871	AACCTGAAGGAGGCCATTGAAACCATTGTGGCCGCCATGAGCAACCTGGTGCCCCCTGTGGAGCTGGCCAACCCTGAGAACCAGTTCAGAGTGGACTACATTCTGAGCGTGATGAACGTGCCGAACTTTGACTTCCCACCTGAATTCTATGAGCATGCCAAGGCTCTGTGGGAGGATGAGGGAGTGCGTGCCTG	174341691	174330434	11257	174341652	39	174343259	12825	1607
ENSMUST00000087871	AACCTGAAGGAGGCCATTGAAACCATTGTGGCCGCCATGAGCAACCTGGTGCCCCCTGTGGAGCTGGCCAACCCTGAGAACCAGTTCAGAGTGGACTACATTCTGAGCGTGATGAACGTGCCGAACTTTGACTTCCCACCTGAATTCTATGAGCATGCCAAGGCTCTGTGGGAGGATGAGGGAGTGCGTGCCTG	174341691	174330434	11257	174345074	-3383	174343259	12825	-1815
ENSMUST00000087871	AACCTGAAGGAGGCCATTGAAACCATTGTGGCCGCCATGAGCAACCTGGTGCCCCCTGTGGAGCTGGCCAACCCTGAGAACCAGTTCAGAGTGGACTACATTCTGAGCGTGATGAACGTGCCGAACTTTGACTTCCCACCTGAATTCTATGAGCATGCCAAGGCTCTGTGGGAGGATGAGGGAGTGCGTGCCTG	174341691	174330434	11257	174341652	39	174343259	12825	1607
ENSMUST00000087871	AACCTGAAGGAGGCCATTGAAACCATTGTGGCCGCCATGAGCAACCTGGTGCCCCCTGTGGAGCTGGCCAACCCTGAGAACCAGTTCAGAGTGGACTACATTCTGAGCGTGATGAACGTGCCGAACTTTGACTTCCCACCTGAATTCTATGAGCATGCCAAGGCTCTGTGGGAGGATGAGGGAGTGCGTGCCTG	174341691	174330434	11257	174345074	-3383	174343259	12825	-1815
ENSMUST00000087871	AACCTGAAGGAGGCCATTGAAACCATTGTGGCCGCCATGAGCAACCTGGTGCCCCCTGTGGAGCTGGCCAACCCTGAGAACCAGTTCAGAGTGGACTACATTCTGAGCGTGATGAACGTGCCGAACTTTGACTTCCCACCTGAATTCTATGAGCATGCCAAGGCTCTGTGGGAGGATGAGGGAGTGCGTGCCTG	174341691	174334284	7407	174341652	39	174343259	8975	1607
ENSMUST00000087871	AACCTGAAGGAGGCCATTGAAACCATTGTGGCCGCCATGAGCAACCTGGTGCCCCCTGTGGAGCTGGCCAACCCTGAGAACCAGTTCAGAGTGGACTACATTCTGAGCGTGATGAACGTGCCGAACTTTGACTTCCCACCTGAATTCTATGAGCATGCCAAGGCTCTGTGGGAGGATGAGGGAGTGCGTGCCTG	174341691	174334284	7407	174345074	-3383	174343259	8975	-1815
ENSMUST00000087871	AACCTGAAGGAGGCCATTGAAACCATTGTGGCCGCCATGAGCAACCTGGTGCCCCCTGTGGAGCTGGCCAACCCTGAGAACCAGTTCAGAGTGGACTACATTCTGAGCGTGATGAACGTGCCGAACTTTGACTTCCCACCTGAATTCTATGAGCATGCCAAGGCTCTGTGGGAGGATGAGGGAGTGCGTGCCTG	174341691	174330434	11257	174341809	-118	174343259	12825	1450
ENSMUST00000087871	AACCTGAAGGAGGCCATTGAAACCATTGTGGCCGCCATGAGCAACCTGGTGCCCCCTGTGGAGCTGGCCAACCCTGAGAACCAGTTCAGAGTGGACTACATTCTGAGCGTGATGAACGTGCCGAACTTTGACTTCCCACCTGAATTCTATGAGCATGCCAAGGCTCTGTGGGAGGATGAGGGAGTGCGTGCCTG	174341691	174330434	11257	174343199	-1508	174343259	12825	60
ENSMUST00000087871	AACCTGAAGGAGGCCATTGAAACCATTGTGGCCGCCATGAGCAACCTGGTGCCCCCTGTGGAGCTGGCCAACCCTGAGAACCAGTTCAGAGTGGACTACATTCTGAGCGTGATGAACGTGCCGAACTTTGACTTCCCACCTGAATTCTATGAGCATGCCAAGGCTCTGTGGGAGGATGAGGGAGTGCGTGCCTG	174341691	174330434	11257	174343199	-1508	174343259	12825	60
ENSMUST00000087871	AACCTGAAGGAGGCCATTGAAACCATTGTGGCCGCCATGAGCAACCTGGTGCCCCCTGTGGAGCTGGCCAACCCTGAGAACCAGTTCAGAGTGGACTACATTCTGAGCGTGATGAACGTGCCGAACTTTGACTTCCCACCTGAATTCTATGAGCATGCCAAGGCTCTGTGGGAGGATGAGGGAGTGCGTGCCTG	174341691	174341707	-16	174343199	-1508	174343259	1552	60
ENSMUST00000087871	AACCTGAAGGAGGCCATTGAAACCATTGTGGCCGCCATGAGCAACCTGGTGCCCCCTGTGGAGCTGGCCAACCCTGAGAACCAGTTCAGAGTGGACTACATTCTGAGCGTGATGAACGTGCCGAACTTTGACTTCCCACCTGAATTCTATGAGCATGCCAAGGCTCTGTGGGAGGATGAGGGAGTGCGTGCCTG	174341691	174330434	11257	174345074	-3383	174343259	12825	-1815
ENSMUST00000107935	ATGTGCAGCTTGGGACGTCTGACAAGGTGGCAAGGCTGCTGGACAAGGGGCTGGACCCCAACTACCACGACTCAGATTCAGGAGAGACACCTTTGACCCTGGCGGCCCAGACTGAAGGCTCAGTAGAGGTGATTCGGACGCTGTGCCTGGGCGGGGCGCATATAGACTTCAGGGCCCGGGATGGCATGACAGCGCT	44316061	44316141	-80	44319076	-3015	44316460	319	-2616
ENSMUST00000107935	ATGTGCAGCTTGGGACGTCTGACAAGGTGGCAAGGCTGCTGGACAAGGGGCTGGACCCCAACTACCACGACTCAGATTCAGGAGAGACACCTTTGACCCTGGCGGCCCAGACTGAAGGCTCAGTAGAGGTGATTCGGACGCTGTGCCTGGGCGGGGCGCATATAGACTTCAGGGCCCGGGATGGCATGACAGCGCT	44316061	44316495	-434	44319642	-3581	44316460	-35	-3182
ENSMUST00000107935	ATGTGCAGCTTGGGACGTCTGACAAGGTGGCAAGGCTGCTGGACAAGGGGCTGGACCCCAACTACCACGACTCAGATTCAGGAGAGACACCTTTGACCCTGGCGGCCCAGACTGAAGGCTCAGTAGAGGTGATTCGGACGCTGTGCCTGGGCGGGGCGCATATAGACTTCAGGGCCCGGGATGGCATGACAGCGCT	44316061	44325402	-9341	44325955	-9894	44316460	-8942	-9495
ENSMUST00000107935	ATGTGCAGCTTGGGACGTCTGACAAGGTGGCAAGGCTGCTGGACAAGGGGCTGGACCCCAACTACCACGACTCAGATTCAGGAGAGACACCTTTGACCCTGGCGGCCCAGACTGAAGGCTCAGTAGAGGTGATTCGGACGCTGTGCCTGGGCGGGGCGCATATAGACTTCAGGGCCCGGGATGGCATGACAGCGCT	44316061	44326286	-10225	44333291	-17230	44316460	-9826	-16831
ENSMUST00000107935	ATGTGCAGCTTGGGACGTCTGACAAGGTGGCAAGGCTGCTGGACAAGGGGCTGGACCCCAACTACCACGACTCAGATTCAGGAGAGACACCTTTGACCCTGGCGGCCCAGACTGAAGGCTCAGTAGAGGTGATTCGGACGCTGTGCCTGGGCGGGGCGCATATAGACTTCAGGGCCCGGGATGGCATGACAGCGCT	44316061	44333618	-17557	44342097	-26036	44316460	-17158	-25637
ENSMUST00000107935	ATGTGCAGCTTGGGACGTCTGACAAGGTGGCAAGGCTGCTGGACAAGGGGCTGGACCCCAACTACCACGACTCAGATTCAGGAGAGACACCTTTGACCCTGGCGGCCCAGACTGAAGGCTCAGTAGAGGTGATTCGGACGCTGTGCCTGGGCGGGGCGCATATAGACTTCAGGGCCCGGGATGGCATGACAGCGCT	44316061	44343180	-27119	44344297	-28236	44316460	-26720	-27837
ENSMUST00000107935	ATGTGCAGCTTGGGACGTCTGACAAGGTGGCAAGGCTGCTGGACAAGGGGCTGGACCCCAACTACCACGACTCAGATTCAGGAGAGACACCTTTGACCCTGGCGGCCCAGACTGAAGGCTCAGTAGAGGTGATTCGGACGCTGTGCCTGGGCGGGGCGCATATAGACTTCAGGGCCCGGGATGGCATGACAGCGCT	44316061	44343180	-27119	44344505	-28444	44316460	-26720	-28045
ENSMUST00000107935	ATGTGCAGCTTGGGACGTCTGACAAGGTGGCAAGGCTGCTGGACAAGGGGCTGGACCCCAACTACCACGACTCAGATTCAGGAGAGACACCTTTGACCCTGGCGGCCCAGACTGAAGGCTCAGTAGAGGTGATTCGGACGCTGTGCCTGGGCGGGGCGCATATAGACTTCAGGGCCCGGGATGGCATGACAGCGCT	44316061	44343180	-27119	44344505	-28444	44316460	-26720	-28045
ENSMUST00000107935	ATGTGCAGCTTGGGACGTCTGACAAGGTGGCAAGGCTGCTGGACAAGGGGCTGGACCCCAACTACCACGACTCAGATTCAGGAGAGACACCTTTGACCCTGGCGGCCCAGACTGAAGGCTCAGTAGAGGTGATTCGGACGCTGTGCCTGGGCGGGGCGCATATAGACTTCAGGGCCCGGGATGGCATGACAGCGCT	44316061	44343738	-27677	44344505	-28444	44316460	-27278	-28045
ENSMUST00000107935	ATGTGCAGCTTGGGACGTCTGACAAGGTGGCAAGGCTGCTGGACAAGGGGCTGGACCCCAACTACCACGACTCAGATTCAGGAGAGACACCTTTGACCCTGGCGGCCCAGACTGAAGGCTCAGTAGAGGTGATTCGGACGCTGTGCCTGGGCGGGGCGCATATAGACTTCAGGGCCCGGGATGGCATGACAGCGCT	44316061	44343180	-27119	44344898	-28837	44316460	-26720	-28438
ENSMUST00000107935	ATGTGCAGCTTGGGACGTCTGACAAGGTGGCAAGGCTGCTGGACAAGGGGCTGGACCCCAACTACCACGACTCAGATTCAGGAGAGACACCTTTGACCCTGGCGGCCCAGACTGAAGGCTCAGTAGAGGTGATTCGGACGCTGTGCCTGGGCGGGGCGCATATAGACTTCAGGGCCCGGGATGGCATGACAGCGCT	44316061	44316141	-80	44319076	-3015	44316460	319	-2616
ENSMUST00000107935	ATGTGCAGCTTGGGACGTCTGACAAGGTGGCAAGGCTGCTGGACAAGGGGCTGGACCCCAACTACCACGACTCAGATTCAGGAGAGACACCTTTGACCCTGGCGGCCCAGACTGAAGGCTCAGTAGAGGTGATTCGGACGCTGTGCCTGGGCGGGGCGCATATAGACTTCAGGGCCCGGGATGGCATGACAGCGCT	44316061	44316495	-434	44319642	-3581	44316460	-35	-3182
ENSMUST00000107935	ATGTGCAGCTTGGGACGTCTGACAAGGTGGCAAGGCTGCTGGACAAGGGGCTGGACCCCAACTACCACGACTCAGATTCAGGAGAGACACCTTTGACCCTGGCGGCCCAGACTGAAGGCTCAGTAGAGGTGATTCGGACGCTGTGCCTGGGCGGGGCGCATATAGACTTCAGGGCCCGGGATGGCATGACAGCGCT	44316061	44325402	-9341	44325955	-9894	44316460	-8942	-9495
ENSMUST00000107935	ATGTGCAGCTTGGGACGTCTGACAAGGTGGCAAGGCTGCTGGACAAGGGGCTGGACCCCAACTACCACGACTCAGATTCAGGAGAGACACCTTTGACCCTGGCGGCCCAGACTGAAGGCTCAGTAGAGGTGATTCGGACGCTGTGCCTGGGCGGGGCGCATATAGACTTCAGGGCCCGGGATGGCATGACAGCGCT	44316061	44326286	-10225	44333291	-17230	44316460	-9826	-16831
ENSMUST00000107935	ATGTGCAGCTTGGGACGTCTGACAAGGTGGCAAGGCTGCTGGACAAGGGGCTGGACCCCAACTACCACGACTCAGATTCAGGAGAGACACCTTTGACCCTGGCGGCCCAGACTGAAGGCTCAGTAGAGGTGATTCGGACGCTGTGCCTGGGCGGGGCGCATATAGACTTCAGGGCCCGGGATGGCATGACAGCGCT	44316061	44333618	-17557	44342097	-26036	44316460	-17158	-25637
ENSMUST00000107935	ATGTGCAGCTTGGGACGTCTGACAAGGTGGCAAGGCTGCTGGACAAGGGGCTGGACCCCAACTACCACGACTCAGATTCAGGAGAGACACCTTTGACCCTGGCGGCCCAGACTGAAGGCTCAGTAGAGGTGATTCGGACGCTGTGCCTGGGCGGGGCGCATATAGACTTCAGGGCCCGGGATGGCATGACAGCGCT	44316061	44343180	-27119	44344297	-28236	44316460	-26720	-27837
ENSMUST00000107935	ATGTGCAGCTTGGGACGTCTGACAAGGTGGCAAGGCTGCTGGACAAGGGGCTGGACCCCAACTACCACGACTCAGATTCAGGAGAGACACCTTTGACCCTGGCGGCCCAGACTGAAGGCTCAGTAGAGGTGATTCGGACGCTGTGCCTGGGCGGGGCGCATATAGACTTCAGGGCCCGGGATGGCATGACAGCGCT	44316061	44343180	-27119	44344505	-28444	44316460	-26720	-28045
ENSMUST00000107935	ATGTGCAGCTTGGGACGTCTGACAAGGTGGCAAGGCTGCTGGACAAGGGGCTGGACCCCAACTACCACGACTCAGATTCAGGAGAGACACCTTTGACCCTGGCGGCCCAGACTGAAGGCTCAGTAGAGGTGATTCGGACGCTGTGCCTGGGCGGGGCGCATATAGACTTCAGGGCCCGGGATGGCATGACAGCGCT	44316061	44343180	-27119	44344505	-28444	44316460	-26720	-28045
ENSMUST00000107935	ATGTGCAGCTTGGGACGTCTGACAAGGTGGCAAGGCTGCTGGACAAGGGGCTGGACCCCAACTACCACGACTCAGATTCAGGAGAGACACCTTTGACCCTGGCGGCCCAGACTGAAGGCTCAGTAGAGGTGATTCGGACGCTGTGCCTGGGCGGGGCGCATATAGACTTCAGGGCCCGGGATGGCATGACAGCGCT	44316061	44343738	-27677	44344505	-28444	44316460	-27278	-28045
ENSMUST00000107935	ATGTGCAGCTTGGGACGTCTGACAAGGTGGCAAGGCTGCTGGACAAGGGGCTGGACCCCAACTACCACGACTCAGATTCAGGAGAGACACCTTTGACCCTGGCGGCCCAGACTGAAGGCTCAGTAGAGGTGATTCGGACGCTGTGCCTGGGCGGGGCGCATATAGACTTCAGGGCCCGGGATGGCATGACAGCGCT	44316061	44343180	-27119	44344898	-28837	44316460	-26720	-28438
ENSMUST00000080210	AAGACTAATGAATGCAAAGAGACTAATTTGGGGGCTGTTTCTTATATATGGTACTAGGAAATGCCTTGTTGGCAAAGCACACCTTGGGTAGTTGAGATCTCCTGTGTTCGTCTTTAGCTTTCCTTGTGATGTAGACTCATGACTGTAACATTTCATGTGTAAAATAACTGGATATTCTTCATATGATGGAAATAACC	102790513	102659301	131212	102735943	54570	102790710	131409	54767
ENSMUST00000080210	AAGACTAATGAATGCAAAGAGACTAATTTGGGGGCTGTTTCTTATATATGGTACTAGGAAATGCCTTGTTGGCAAAGCACACCTTGGGTAGTTGAGATCTCCTGTGTTCGTCTTTAGCTTTCCTTGTGATGTAGACTCATGACTGTAACATTTCATGTGTAAAATAACTGGATATTCTTCATATGATGGAAATAACC	102790513	102675809	114704	102735943	54570	102790710	114901	54767
ENSMUST00000080210	AAGACTAATGAATGCAAAGAGACTAATTTGGGGGCTGTTTCTTATATATGGTACTAGGAAATGCCTTGTTGGCAAAGCACACCTTGGGTAGTTGAGATCTCCTGTGTTCGTCTTTAGCTTTCCTTGTGATGTAGACTCATGACTGTAACATTTCATGTGTAAAATAACTGGATATTCTTCATATGATGGAAATAACC	102790513	102659301	131212	102735943	54570	102790710	131409	54767
ENSMUST00000080210	AAGACTAATGAATGCAAAGAGACTAATTTGGGGGCTGTTTCTTATATATGGTACTAGGAAATGCCTTGTTGGCAAAGCACACCTTGGGTAGTTGAGATCTCCTGTGTTCGTCTTTAGCTTTCCTTGTGATGTAGACTCATGACTGTAACATTTCATGTGTAAAATAACTGGATATTCTTCATATGATGGAAATAACC	102790513	102675809	114704	102735943	54570	102790710	114901	54767
ENSMUST00000080210	AAGACTAATGAATGCAAAGAGACTAATTTGGGGGCTGTTTCTTATATATGGTACTAGGAAATGCCTTGTTGGCAAAGCACACCTTGGGTAGTTGAGATCTCCTGTGTTCGTCTTTAGCTTTCCTTGTGATGTAGACTCATGACTGTAACATTTCATGTGTAAAATAACTGGATATTCTTCATATGATGGAAATAACC	102790513	102659301	131212	102737776	52737	102790710	131409	52934
ENSMUST00000080210	AAGACTAATGAATGCAAAGAGACTAATTTGGGGGCTGTTTCTTATATATGGTACTAGGAAATGCCTTGTTGGCAAAGCACACCTTGGGTAGTTGAGATCTCCTGTGTTCGTCTTTAGCTTTCCTTGTGATGTAGACTCATGACTGTAACATTTCATGTGTAAAATAACTGGATATTCTTCATATGATGGAAATAACC	102790513	102659301	131212	102743807	46706	102790710	131409	46903
ENSMUST00000080210	AAGACTAATGAATGCAAAGAGACTAATTTGGGGGCTGTTTCTTATATATGGTACTAGGAAATGCCTTGTTGGCAAAGCACACCTTGGGTAGTTGAGATCTCCTGTGTTCGTCTTTAGCTTTCCTTGTGATGTAGACTCATGACTGTAACATTTCATGTGTAAAATAACTGGATATTCTTCATATGATGGAAATAACC	102790513	102737929	52584	102743807	46706	102790710	52781	46903
ENSMUST00000080210	AAGACTAATGAATGCAAAGAGACTAATTTGGGGGCTGTTTCTTATATATGGTACTAGGAAATGCCTTGTTGGCAAAGCACACCTTGGGTAGTTGAGATCTCCTGTGTTCGTCTTTAGCTTTCCTTGTGATGTAGACTCATGACTGTAACATTTCATGTGTAAAATAACTGGATATTCTTCATATGATGGAAATAACC	102790513	102659301	131212	102755906	34607	102790710	131409	34804
ENSMUST00000080210	AAGACTAATGAATGCAAAGAGACTAATTTGGGGGCTGTTTCTTATATATGGTACTAGGAAATGCCTTGTTGGCAAAGCACACCTTGGGTAGTTGAGATCTCCTGTGTTCGTCTTTAGCTTTCCTTGTGATGTAGACTCATGACTGTAACATTTCATGTGTAAAATAACTGGATATTCTTCATATGATGGAAATAACC	102790513	102743973	46540	102755906	34607	102790710	46737	34804
ENSMUST00000080210	AAGACTAATGAATGCAAAGAGACTAATTTGGGGGCTGTTTCTTATATATGGTACTAGGAAATGCCTTGTTGGCAAAGCACACCTTGGGTAGTTGAGATCTCCTGTGTTCGTCTTTAGCTTTCCTTGTGATGTAGACTCATGACTGTAACATTTCATGTGTAAAATAACTGGATATTCTTCATATGATGGAAATAACC	102790513	102748595	41918	102761014	29499	102790710	42115	29696
ENSMUST00000080210	AAGACTAATGAATGCAAAGAGACTAATTTGGGGGCTGTTTCTTATATATGGTACTAGGAAATGCCTTGTTGGCAAAGCACACCTTGGGTAGTTGAGATCTCCTGTGTTCGTCTTTAGCTTTCCTTGTGATGTAGACTCATGACTGTAACATTTCATGTGTAAAATAACTGGATATTCTTCATATGATGGAAATAACC	102790513	102761209	29304	102777426	13087	102790710	29501	13284
ENSMUST00000080210	AAGACTAATGAATGCAAAGAGACTAATTTGGGGGCTGTTTCTTATATATGGTACTAGGAAATGCCTTGTTGGCAAAGCACACCTTGGGTAGTTGAGATCTCCTGTGTTCGTCTTTAGCTTTCCTTGTGATGTAGACTCATGACTGTAACATTTCATGTGTAAAATAACTGGATATTCTTCATATGATGGAAATAACC	102790513	102777655	12858	102781462	9051	102790710	13055	9248
ENSMUST00000095737	ATAAAGGTCAATAAAGATGGAGGAAGTACCGAGAGGGCCAATCCCTCGGACACCCTGGACATTGAGGCCCTTCTAAATTGCTCCATAAAACGTCTCTCTGAAAACAATGGGAATGGCAAGAACCCACCCAGAACTCATGACTTAGGAACCAAAGGTGAAAATAAGAAAAATACGTACGACGTTACTAAAGATCCACA	53141277	52699442	441835	52880638	260639	53141474	442032	260836
ENSMUST00000095737	ATAAAGGTCAATAAAGATGGAGGAAGTACCGAGAGGGCCAATCCCTCGGACACCCTGGACATTGAGGCCCTTCTAAATTGCTCCATAAAACGTCTCTCTGAAAACAATGGGAATGGCAAGAACCCACCCAGAACTCATGACTTAGGAACCAAAGGTGAAAATAAGAAAAATACGTACGACGTTACTAAAGATCCACA	53141277	52888063	253214	52937134	204143	53141474	253411	204340
ENSMUST00000095737	ATAAAGGTCAATAAAGATGGAGGAAGTACCGAGAGGGCCAATCCCTCGGACACCCTGGACATTGAGGCCCTTCTAAATTGCTCCATAAAACGTCTCTCTGAAAACAATGGGAATGGCAAGAACCCACCCAGAACTCATGACTTAGGAACCAAAGGTGAAAATAAGAAAAATACGTACGACGTTACTAAAGATCCACA	53141277	52699442	441835	53139380	1897	53141474	442032	2094
ENSMUST00000095737	ATAAAGGTCAATAAAGATGGAGGAAGTACCGAGAGGGCCAATCCCTCGGACACCCTGGACATTGAGGCCCTTCTAAATTGCTCCATAAAACGTCTCTCTGAAAACAATGGGAATGGCAAGAACCCACCCAGAACTCATGACTTAGGAACCAAAGGTGAAAATAAGAAAAATACGTACGACGTTACTAAAGATCCACA	53141277	52938506	202771	53069106	72171	53141474	202968	72368
ENSMUST00000095737	ATAAAGGTCAATAAAGATGGAGGAAGTACCGAGAGGGCCAATCCCTCGGACACCCTGGACATTGAGGCCCTTCTAAATTGCTCCATAAAACGTCTCTCTGAAAACAATGGGAATGGCAAGAACCCACCCAGAACTCATGACTTAGGAACCAAAGGTGAAAATAAGAAAAATACGTACGACGTTACTAAAGATCCACA	53141277	52938506	202771	53139380	1897	53141474	202968	2094
ENSMUST00000095737	ATAAAGGTCAATAAAGATGGAGGAAGTACCGAGAGGGCCAATCCCTCGGACACCCTGGACATTGAGGCCCTTCTAAATTGCTCCATAAAACGTCTCTCTGAAAACAATGGGAATGGCAAGAACCCACCCAGAACTCATGACTTAGGAACCAAAGGTGAAAATAAGAAAAATACGTACGACGTTACTAAAGATCCACA	53141277	53010622	130655	53069106	72171	53141474	130852	72368
ENSMUST00000095737	ATAAAGGTCAATAAAGATGGAGGAAGTACCGAGAGGGCCAATCCCTCGGACACCCTGGACATTGAGGCCCTTCTAAATTGCTCCATAAAACGTCTCTCTGAAAACAATGGGAATGGCAAGAACCCACCCAGAACTCATGACTTAGGAACCAAAGGTGAAAATAAGAAAAATACGTACGACGTTACTAAAGATCCACA	53141277	53025841	115436	53072289	68988	53141474	115633	69185
ENSMUST00000095737	ATAAAGGTCAATAAAGATGGAGGAAGTACCGAGAGGGCCAATCCCTCGGACACCCTGGACATTGAGGCCCTTCTAAATTGCTCCATAAAACGTCTCTCTGAAAACAATGGGAATGGCAAGAACCCACCCAGAACTCATGACTTAGGAACCAAAGGTGAAAATAAGAAAAATACGTACGACGTTACTAAAGATCCACA	53141277	53025841	115436	53104514	36763	53141474	115633	36960
ENSMUST00000095737	ATAAAGGTCAATAAAGATGGAGGAAGTACCGAGAGGGCCAATCCCTCGGACACCCTGGACATTGAGGCCCTTCTAAATTGCTCCATAAAACGTCTCTCTGAAAACAATGGGAATGGCAAGAACCCACCCAGAACTCATGACTTAGGAACCAAAGGTGAAAATAAGAAAAATACGTACGACGTTACTAAAGATCCACA	53141277	53072511	68766	53139380	1897	53141474	68963	2094
ENSMUST00000095737	ATAAAGGTCAATAAAGATGGAGGAAGTACCGAGAGGGCCAATCCCTCGGACACCCTGGACATTGAGGCCCTTCTAAATTGCTCCATAAAACGTCTCTCTGAAAACAATGGGAATGGCAAGAACCCACCCAGAACTCATGACTTAGGAACCAAAGGTGAAAATAAGAAAAATACGTACGACGTTACTAAAGATCCACA	53141277	53104730	36547	53147810	-6533	53141474	36744	-6336
ENSMUST00000026292	CGGGAACGGGGCAGTAAGCAGGCCTGCAGCCCATGCTCCTCACAGTCCTCCAGCAGTGGCATCTGTACAGACTTCTGGGACTTATTGGTAAAACTGGACAACATGAATGTTAGCCGAAAAGGCAAGAACTCCGTGAAGTCAGTACCAGTGAGCTCTGGTGGTGAAGGGGAAACTTCCCCACACAGCCTTGAAGCCTCT	151919699	151800946	118753	151803175	116524	151919897	118951	116722
ENSMUST00000026292	CGGGAACGGGGCAGTAAGCAGGCCTGCAGCCCATGCTCCTCACAGTCCTCCAGCAGTGGCATCTGTACAGACTTCTGGGACTTATTGGTAAAACTGGACAACATGAATGTTAGCCGAAAAGGCAAGAACTCCGTGAAGTCAGTACCAGTGAGCTCTGGTGGTGAAGGGGAAACTTCCCCACACAGCCTTGAAGCCTCT	151919699	151803569	116130	151804445	115254	151919897	116328	115452
ENSMUST00000026292	CGGGAACGGGGCAGTAAGCAGGCCTGCAGCCCATGCTCCTCACAGTCCTCCAGCAGTGGCATCTGTACAGACTTCTGGGACTTATTGGTAAAACTGGACAACATGAATGTTAGCCGAAAAGGCAAGAACTCCGTGAAGTCAGTACCAGTGAGCTCTGGTGGTGAAGGGGAAACTTCCCCACACAGCCTTGAAGCCTCT	151919699	151803569	116130	151806271	113428	151919897	116328	113626
ENSMUST00000026292	CGGGAACGGGGCAGTAAGCAGGCCTGCAGCCCATGCTCCTCACAGTCCTCCAGCAGTGGCATCTGTACAGACTTCTGGGACTTATTGGTAAAACTGGACAACATGAATGTTAGCCGAAAAGGCAAGAACTCCGTGAAGTCAGTACCAGTGAGCTCTGGTGGTGAAGGGGAAACTTCCCCACACAGCCTTGAAGCCTCT	151919699	151803569	116130	151806275	113424	151919897	116328	113622
ENSMUST00000026292	CGGGAACGGGGCAGTAAGCAGGCCTGCAGCCCATGCTCCTCACAGTCCTCCAGCAGTGGCATCTGTACAGACTTCTGGGACTTATTGGTAAAACTGGACAACATGAATGTTAGCCGAAAAGGCAAGAACTCCGTGAAGTCAGTACCAGTGAGCTCTGGTGGTGAAGGGGAAACTTCCCCACACAGCCTTGAAGCCTCT	151919699	151803802	115897	151806271	113428	151919897	116095	113626
ENSMUST00000026292	CGGGAACGGGGCAGTAAGCAGGCCTGCAGCCCATGCTCCTCACAGTCCTCCAGCAGTGGCATCTGTACAGACTTCTGGGACTTATTGGTAAAACTGGACAACATGAATGTTAGCCGAAAAGGCAAGAACTCCGTGAAGTCAGTACCAGTGAGCTCTGGTGGTGAAGGGGAAACTTCCCCACACAGCCTTGAAGCCTCT	151919699	151803802	115897	151806275	113424	151919897	116095	113622
ENSMUST00000026292	CGGGAACGGGGCAGTAAGCAGGCCTGCAGCCCATGCTCCTCACAGTCCTCCAGCAGTGGCATCTGTACAGACTTCTGGGACTTATTGGTAAAACTGGACAACATGAATGTTAGCCGAAAAGGCAAGAACTCCGTGAAGTCAGTACCAGTGAGCTCTGGTGGTGAAGGGGAAACTTCCCCACACAGCCTTGAAGCCTCT	151919699	151800946	118753	151806719	112980	151919897	118951	113178
ENSMUST00000026292	CGGGAACGGGGCAGTAAGCAGGCCTGCAGCCCATGCTCCTCACAGTCCTCCAGCAGTGGCATCTGTACAGACTTCTGGGACTTATTGGTAAAACTGGACAACATGAATGTTAGCCGAAAAGGCAAGAACTCCGTGAAGTCAGTACCAGTGAGCTCTGGTGGTGAAGGGGAAACTTCCCCACACAGCCTTGAAGCCTCT	151919699	151801366	118333	151806719	112980	151919897	118531	113178
ENSMUST00000026292	CGGGAACGGGGCAGTAAGCAGGCCTGCAGCCCATGCTCCTCACAGTCCTCCAGCAGTGGCATCTGTACAGACTTCTGGGACTTATTGGTAAAACTGGACAACATGAATGTTAGCCGAAAAGGCAAGAACTCCGTGAAGTCAGTACCAGTGAGCTCTGGTGGTGAAGGGGAAACTTCCCCACACAGCCTTGAAGCCTCT	151919699	151803569	116130	151806719	112980	151919897	116328	113178
ENSMUST00000026292	CGGGAACGGGGCAGTAAGCAGGCCTGCAGCCCATGCTCCTCACAGTCCTCCAGCAGTGGCATCTGTACAGACTTCTGGGACTTATTGGTAAAACTGGACAACATGAATGTTAGCCGAAAAGGCAAGAACTCCGTGAAGTCAGTACCAGTGAGCTCTGGTGGTGAAGGGGAAACTTCCCCACACAGCCTTGAAGCCTCT	151919699	151803802	115897	151806719	112980	151919897	116095	113178
ENSMUST00000026292	CGGGAACGGGGCAGTAAGCAGGCCTGCAGCCCATGCTCCTCACAGTCCTCCAGCAGTGGCATCTGTACAGACTTCTGGGACTTATTGGTAAAACTGGACAACATGAATGTTAGCCGAAAAGGCAAGAACTCCGTGAAGTCAGTACCAGTGAGCTCTGGTGGTGAAGGGGAAACTTCCCCACACAGCCTTGAAGCCTCT	151919699	151800946	118753	151806719	112980	151919897	118951	113178
ENSMUST00000026292	CGGGAACGGGGCAGTAAGCAGGCCTGCAGCCCATGCTCCTCACAGTCCTCCAGCAGTGGCATCTGTACAGACTTCTGGGACTTATTGGTAAAACTGGACAACATGAATGTTAGCCGAAAAGGCAAGAACTCCGTGAAGTCAGTACCAGTGAGCTCTGGTGGTGAAGGGGAAACTTCCCCACACAGCCTTGAAGCCTCT	151919699	151801366	118333	151806719	112980	151919897	118531	113178
ENSMUST00000026292	CGGGAACGGGGCAGTAAGCAGGCCTGCAGCCCATGCTCCTCACAGTCCTCCAGCAGTGGCATCTGTACAGACTTCTGGGACTTATTGGTAAAACTGGACAACATGAATGTTAGCCGAAAAGGCAAGAACTCCGTGAAGTCAGTACCAGTGAGCTCTGGTGGTGAAGGGGAAACTTCCCCACACAGCCTTGAAGCCTCT	151919699	151803569	116130	151806719	112980	151919897	116328	113178
ENSMUST00000026292	CGGGAACGGGGCAGTAAGCAGGCCTGCAGCCCATGCTCCTCACAGTCCTCCAGCAGTGGCATCTGTACAGACTTCTGGGACTTATTGGTAAAACTGGACAACATGAATGTTAGCCGAAAAGGCAAGAACTCCGTGAAGTCAGTACCAGTGAGCTCTGGTGGTGAAGGGGAAACTTCCCCACACAGCCTTGAAGCCTCT	151919699	151803802	115897	151806719	112980	151919897	116095	113178
ENSMUST00000026292	CGGGAACGGGGCAGTAAGCAGGCCTGCAGCCCATGCTCCTCACAGTCCTCCAGCAGTGGCATCTGTACAGACTTCTGGGACTTATTGGTAAAACTGGACAACATGAATGTTAGCCGAAAAGGCAAGAACTCCGTGAAGTCAGTACCAGTGAGCTCTGGTGGTGAAGGGGAAACTTCCCCACACAGCCTTGAAGCCTCT	151919699	151801366	118333	151835223	84476	151919897	118531	84674
ENSMUST00000026292	CGGGAACGGGGCAGTAAGCAGGCCTGCAGCCCATGCTCCTCACAGTCCTCCAGCAGTGGCATCTGTACAGACTTCTGGGACTTATTGGTAAAACTGGACAACATGAATGTTAGCCGAAAAGGCAAGAACTCCGTGAAGTCAGTACCAGTGAGCTCTGGTGGTGAAGGGGAAACTTCCCCACACAGCCTTGAAGCCTCT	151919699	151803569	116130	151835223	84476	151919897	116328	84674
ENSMUST00000026292	CGGGAACGGGGCAGTAAGCAGGCCTGCAGCCCATGCTCCTCACAGTCCTCCAGCAGTGGCATCTGTACAGACTTCTGGGACTTATTGGTAAAACTGGACAACATGAATGTTAGCCGAAAAGGCAAGAACTCCGTGAAGTCAGTACCAGTGAGCTCTGGTGGTGAAGGGGAAACTTCCCCACACAGCCTTGAAGCCTCT	151919699	151806860	112839	151840055	79644	151919897	113037	79842
ENSMUST00000026292	CGGGAACGGGGCAGTAAGCAGGCCTGCAGCCCATGCTCCTCACAGTCCTCCAGCAGTGGCATCTGTACAGACTTCTGGGACTTATTGGTAAAACTGGACAACATGAATGTTAGCCGAAAAGGCAAGAACTCCGTGAAGTCAGTACCAGTGAGCTCTGGTGGTGAAGGGGAAACTTCCCCACACAGCCTTGAAGCCTCT	151919699	151835292	84407	151840055	79644	151919897	84605	79842
ENSMUST00000026292	CGGGAACGGGGCAGTAAGCAGGCCTGCAGCCCATGCTCCTCACAGTCCTCCAGCAGTGGCATCTGTACAGACTTCTGGGACTTATTGGTAAAACTGGACAACATGAATGTTAGCCGAAAAGGCAAGAACTCCGTGAAGTCAGTACCAGTGAGCTCTGGTGGTGAAGGGGAAACTTCCCCACACAGCCTTGAAGCCTCT	151919699	151857913	61786	151860166	59533	151919897	61984	59731
ENSMUST00000026292	CGGGAACGGGGCAGTAAGCAGGCCTGCAGCCCATGCTCCTCACAGTCCTCCAGCAGTGGCATCTGTACAGACTTCTGGGACTTATTGGTAAAACTGGACAACATGAATGTTAGCCGAAAAGGCAAGAACTCCGTGAAGTCAGTACCAGTGAGCTCTGGTGGTGAAGGGGAAACTTCCCCACACAGCCTTGAAGCCTCT	151919699	151870516	49183	151874532	45167	151919897	49381	45365
ENSMUST00000026292	CGGGAACGGGGCAGTAAGCAGGCCTGCAGCCCATGCTCCTCACAGTCCTCCAGCAGTGGCATCTGTACAGACTTCTGGGACTTATTGGTAAAACTGGACAACATGAATGTTAGCCGAAAAGGCAAGAACTCCGTGAAGTCAGTACCAGTGAGCTCTGGTGGTGAAGGGGAAACTTCCCCACACAGCCTTGAAGCCTCT	151919699	151905431	14268	151906950	12749	151919897	14466	12947
ENSMUST00000026292	CGGGAACGGGGCAGTAAGCAGGCCTGCAGCCCATGCTCCTCACAGTCCTCCAGCAGTGGCATCTGTACAGACTTCTGGGACTTATTGGTAAAACTGGACAACATGAATGTTAGCCGAAAAGGCAAGAACTCCGTGAAGTCAGTACCAGTGAGCTCTGGTGGTGAAGGGGAAACTTCCCCACACAGCCTTGAAGCCTCT	151919699	151905431	14268	151908727	10972	151919897	14466	11170
ENSMUST00000026292	CGGGAACGGGGCAGTAAGCAGGCCTGCAGCCCATGCTCCTCACAGTCCTCCAGCAGTGGCATCTGTACAGACTTCTGGGACTTATTGGTAAAACTGGACAACATGAATGTTAGCCGAAAAGGCAAGAACTCCGTGAAGTCAGTACCAGTGAGCTCTGGTGGTGAAGGGGAAACTTCCCCACACAGCCTTGAAGCCTCT	151919699	151907084	12615	151908727	10972	151919897	12813	11170
ENSMUST00000026292	CGGGAACGGGGCAGTAAGCAGGCCTGCAGCCCATGCTCCTCACAGTCCTCCAGCAGTGGCATCTGTACAGACTTCTGGGACTTATTGGTAAAACTGGACAACATGAATGTTAGCCGAAAAGGCAAGAACTCCGTGAAGTCAGTACCAGTGAGCTCTGGTGGTGAAGGGGAAACTTCCCCACACAGCCTTGAAGCCTCT	151919699	151920185	-486	151921261	-1562	151919897	-288	-1364
ENSMUST00000026292	CGGGAACGGGGCAGTAAGCAGGCCTGCAGCCCATGCTCCTCACAGTCCTCCAGCAGTGGCATCTGTACAGACTTCTGGGACTTATTGGTAAAACTGGACAACATGAATGTTAGCCGAAAAGGCAAGAACTCCGTGAAGTCAGTACCAGTGAGCTCTGGTGGTGAAGGGGAAACTTCCCCACACAGCCTTGAAGCCTCT	151919699	151924761	-5062	151928152	-8453	151919897	-4864	-8255
ENSMUST00000110082	AAGGATGGGAATGGTTACATCAGTGCGGCAGAACTGCGCCACGTCATGACAAACTTAGGAGAAAAGCTAACAGATGAAGAAGTAGATGAAATGATCAGAGAAGCAGATATTGATGGCGACGGACAAGTCAACTATGAAGAATTCGTACAGATGATGACTGCAAAATGAAGACCTACTTTCAACTACTTTTCCCCCTCTA	100206099	100199716	6383	100206097	2	100206465	6749	368
ENSMUST00000110082	AAGGATGGGAATGGTTACATCAGTGCGGCAGAACTGCGCCACGTCATGACAAACTTAGGAGAAAAGCTAACAGATGAAGAAGTAGATGAAATGATCAGAGAAGCAGATATTGATGGCGACGGACAAGTCAACTATGAAGAATTCGTACAGATGATGACTGCAAAATGAAGACCTACTTTCAACTACTTTTCCCCCTCTA	100206099	100202423	3676	100205612	487	100206465	4042	853
ENSMUST00000110082	AAGGATGGGAATGGTTACATCAGTGCGGCAGAACTGCGCCACGTCATGACAAACTTAGGAGAAAAGCTAACAGATGAAGAAGTAGATGAAATGATCAGAGAAGCAGATATTGATGGCGACGGACAAGTCAACTATGAAGAATTCGTACAGATGATGACTGCAAAATGAAGACCTACTTTCAACTACTTTTCCCCCTCTA	100206099	100202423	3676	100206097	2	100206465	4042	368
ENSMUST00000110082	AAGGATGGGAATGGTTACATCAGTGCGGCAGAACTGCGCCACGTCATGACAAACTTAGGAGAAAAGCTAACAGATGAAGAAGTAGATGAAATGATCAGAGAAGCAGATATTGATGGCGACGGACAAGTCAACTATGAAGAATTCGTACAGATGATGACTGCAAAATGAAGACCTACTTTCAACTACTTTTCCCCCTCTA	100206099	100202423	3676	100206097	2	100206465	4042	368
ENSMUST00000110082	AAGGATGGGAATGGTTACATCAGTGCGGCAGAACTGCGCCACGTCATGACAAACTTAGGAGAAAAGCTAACAGATGAAGAAGTAGATGAAATGATCAGAGAAGCAGATATTGATGGCGACGGACAAGTCAACTATGAAGAATTCGTACAGATGATGACTGCAAAATGAAGACCTACTTTCAACTACTTTTCCCCCTCTA	100206099	100203718	2381	100206097	2	100206465	2747	368
ENSMUST00000110082	AAGGATGGGAATGGTTACATCAGTGCGGCAGAACTGCGCCACGTCATGACAAACTTAGGAGAAAAGCTAACAGATGAAGAAGTAGATGAAATGATCAGAGAAGCAGATATTGATGGCGACGGACAAGTCAACTATGAAGAATTCGTACAGATGATGACTGCAAAATGAAGACCTACTTTCAACTACTTTTCCCCCTCTA	100206099	100199716	6383	100206097	2	100206465	6749	368
ENSMUST00000110082	AAGGATGGGAATGGTTACATCAGTGCGGCAGAACTGCGCCACGTCATGACAAACTTAGGAGAAAAGCTAACAGATGAAGAAGTAGATGAAATGATCAGAGAAGCAGATATTGATGGCGACGGACAAGTCAACTATGAAGAATTCGTACAGATGATGACTGCAAAATGAAGACCTACTTTCAACTACTTTTCCCCCTCTA	100206099	100202423	3676	100205612	487	100206465	4042	853
ENSMUST00000110082	AAGGATGGGAATGGTTACATCAGTGCGGCAGAACTGCGCCACGTCATGACAAACTTAGGAGAAAAGCTAACAGATGAAGAAGTAGATGAAATGATCAGAGAAGCAGATATTGATGGCGACGGACAAGTCAACTATGAAGAATTCGTACAGATGATGACTGCAAAATGAAGACCTACTTTCAACTACTTTTCCCCCTCTA	100206099	100202423	3676	100206097	2	100206465	4042	368
ENSMUST00000110082	AAGGATGGGAATGGTTACATCAGTGCGGCAGAACTGCGCCACGTCATGACAAACTTAGGAGAAAAGCTAACAGATGAAGAAGTAGATGAAATGATCAGAGAAGCAGATATTGATGGCGACGGACAAGTCAACTATGAAGAATTCGTACAGATGATGACTGCAAAATGAAGACCTACTTTCAACTACTTTTCCCCCTCTA	100206099	100202423	3676	100206097	2	100206465	4042	368
ENSMUST00000110082	AAGGATGGGAATGGTTACATCAGTGCGGCAGAACTGCGCCACGTCATGACAAACTTAGGAGAAAAGCTAACAGATGAAGAAGTAGATGAAATGATCAGAGAAGCAGATATTGATGGCGACGGACAAGTCAACTATGAAGAATTCGTACAGATGATGACTGCAAAATGAAGACCTACTTTCAACTACTTTTCCCCCTCTA	100206099	100203718	2381	100206097	2	100206465	2747	368
ENSMUST00000079362	CAACTAAGTCCTCCGGTTCTGGGAAAATGTCATATACATCCCCAGGTAGACAGCTGAGCCAACAAAATCTTACCAAACAAGCAAGTTTATCCAAGAATGCCAGCAGTATCCCCAGAAGTGAGTCGGCATCTAAAGGACTGAATCAGATGAGTAACGGCAATGGGTCAAATAAAAAGGTAGAACTTTCTAGAATGTCTTC	34317131	34221276	95855	34266057	51074	34317330	96054	51273
ENSMUST00000079362	CAACTAAGTCCTCCGGTTCTGGGAAAATGTCATATACATCCCCAGGTAGACAGCTGAGCCAACAAAATCTTACCAAACAAGCAAGTTTATCCAAGAATGCCAGCAGTATCCCCAGAAGTGAGTCGGCATCTAAAGGACTGAATCAGATGAGTAACGGCAATGGGTCAAATAAAAAGGTAGAACTTTCTAGAATGTCTTC	34317131	34221276	95855	34268297	48834	34317330	96054	49033
ENSMUST00000079362	CAACTAAGTCCTCCGGTTCTGGGAAAATGTCATATACATCCCCAGGTAGACAGCTGAGCCAACAAAATCTTACCAAACAAGCAAGTTTATCCAAGAATGCCAGCAGTATCCCCAGAAGTGAGTCGGCATCTAAAGGACTGAATCAGATGAGTAACGGCAATGGGTCAAATAAAAAGGTAGAACTTTCTAGAATGTCTTC	34317131	34247734	69397	34266057	51074	34317330	69596	51273
ENSMUST00000079362	CAACTAAGTCCTCCGGTTCTGGGAAAATGTCATATACATCCCCAGGTAGACAGCTGAGCCAACAAAATCTTACCAAACAAGCAAGTTTATCCAAGAATGCCAGCAGTATCCCCAGAAGTGAGTCGGCATCTAAAGGACTGAATCAGATGAGTAACGGCAATGGGTCAAATAAAAAGGTAGAACTTTCTAGAATGTCTTC	34317131	34247734	69397	34268297	48834	34317330	69596	49033
ENSMUST00000079362	CAACTAAGTCCTCCGGTTCTGGGAAAATGTCATATACATCCCCAGGTAGACAGCTGAGCCAACAAAATCTTACCAAACAAGCAAGTTTATCCAAGAATGCCAGCAGTATCCCCAGAAGTGAGTCGGCATCTAAAGGACTGAATCAGATGAGTAACGGCAATGGGTCAAATAAAAAGGTAGAACTTTCTAGAATGTCTTC	34317131	34221276	95855	34268297	48834	34317330	96054	49033
ENSMUST00000079362	CAACTAAGTCCTCCGGTTCTGGGAAAATGTCATATACATCCCCAGGTAGACAGCTGAGCCAACAAAATCTTACCAAACAAGCAAGTTTATCCAAGAATGCCAGCAGTATCCCCAGAAGTGAGTCGGCATCTAAAGGACTGAATCAGATGAGTAACGGCAATGGGTCAAATAAAAAGGTAGAACTTTCTAGAATGTCTTC	34317131	34247734	69397	34268297	48834	34317330	69596	49033
ENSMUST00000079362	CAACTAAGTCCTCCGGTTCTGGGAAAATGTCATATACATCCCCAGGTAGACAGCTGAGCCAACAAAATCTTACCAAACAAGCAAGTTTATCCAAGAATGCCAGCAGTATCCCCAGAAGTGAGTCGGCATCTAAAGGACTGAATCAGATGAGTAACGGCAATGGGTCAAATAAAAAGGTAGAACTTTCTAGAATGTCTTC	34317131	34261157	55974	34268297	48834	34317330	56173	49033
ENSMUST00000079362	CAACTAAGTCCTCCGGTTCTGGGAAAATGTCATATACATCCCCAGGTAGACAGCTGAGCCAACAAAATCTTACCAAACAAGCAAGTTTATCCAAGAATGCCAGCAGTATCCCCAGAAGTGAGTCGGCATCTAAAGGACTGAATCAGATGAGTAACGGCAATGGGTCAAATAAAAAGGTAGAACTTTCTAGAATGTCTTC	34317131	34276677	40454	34289837	27294	34317330	40653	27493
ENSMUST00000079362	CAACTAAGTCCTCCGGTTCTGGGAAAATGTCATATACATCCCCAGGTAGACAGCTGAGCCAACAAAATCTTACCAAACAAGCAAGTTTATCCAAGAATGCCAGCAGTATCCCCAGAAGTGAGTCGGCATCTAAAGGACTGAATCAGATGAGTAACGGCAATGGGTCAAATAAAAAGGTAGAACTTTCTAGAATGTCTTC	34317131	34279352	37779	34296030	21101	34317330	37978	21300
ENSMUST00000079362	CAACTAAGTCCTCCGGTTCTGGGAAAATGTCATATACATCCCCAGGTAGACAGCTGAGCCAACAAAATCTTACCAAACAAGCAAGTTTATCCAAGAATGCCAGCAGTATCCCCAGAAGTGAGTCGGCATCTAAAGGACTGAATCAGATGAGTAACGGCAATGGGTCAAATAAAAAGGTAGAACTTTCTAGAATGTCTTC	34317131	34247734	69397	34298422	18709	34317330	69596	18908
ENSMUST00000079362	CAACTAAGTCCTCCGGTTCTGGGAAAATGTCATATACATCCCCAGGTAGACAGCTGAGCCAACAAAATCTTACCAAACAAGCAAGTTTATCCAAGAATGCCAGCAGTATCCCCAGAAGTGAGTCGGCATCTAAAGGACTGAATCAGATGAGTAACGGCAATGGGTCAAATAAAAAGGTAGAACTTTCTAGAATGTCTTC	34317131	34279352	37779	34296030	21101	34317330	37978	21300
ENSMUST00000079362	CAACTAAGTCCTCCGGTTCTGGGAAAATGTCATATACATCCCCAGGTAGACAGCTGAGCCAACAAAATCTTACCAAACAAGCAAGTTTATCCAAGAATGCCAGCAGTATCCCCAGAAGTGAGTCGGCATCTAAAGGACTGAATCAGATGAGTAACGGCAATGGGTCAAATAAAAAGGTAGAACTTTCTAGAATGTCTTC	34317131	34289942	27189	34298422	18709	34317330	27388	18908
ENSMUST00000079362	CAACTAAGTCCTCCGGTTCTGGGAAAATGTCATATACATCCCCAGGTAGACAGCTGAGCCAACAAAATCTTACCAAACAAGCAAGTTTATCCAAGAATGCCAGCAGTATCCCCAGAAGTGAGTCGGCATCTAAAGGACTGAATCAGATGAGTAACGGCAATGGGTCAAATAAAAAGGTAGAACTTTCTAGAATGTCTTC	34317131	34298801	18330	34304582	12549	34317330	18529	12748
ENSMUST00000079362	CAACTAAGTCCTCCGGTTCTGGGAAAATGTCATATACATCCCCAGGTAGACAGCTGAGCCAACAAAATCTTACCAAACAAGCAAGTTTATCCAAGAATGCCAGCAGTATCCCCAGAAGTGAGTCGGCATCTAAAGGACTGAATCAGATGAGTAACGGCAATGGGTCAAATAAAAAGGTAGAACTTTCTAGAATGTCTTC	34317131	34304722	12409	34306262	10869	34317330	12608	11068
ENSMUST00000110082	CATTGCATTGGAGTGACTGAACAACAAGGCTGTCACCAAATCCCACACATTTTATTAAGAAATGTTTCCTAAGGGAGCATTTTTGGACTGTGTTTTAAAACCTAGTGAACCATGACTCGGAGCCAGCAGAGTAGGCTGTGTCTGTGGACTTGAGCACACCATCAACATTGCTGTTCAGGAAATGATAATTTACGTCCATTCC	100207059	100199716	7343	100206097	962	100207261	7545	1164
ENSMUST00000110082	CATTGCATTGGAGTGACTGAACAACAAGGCTGTCACCAAATCCCACACATTTTATTAAGAAATGTTTCCTAAGGGAGCATTTTTGGACTGTGTTTTAAAACCTAGTGAACCATGACTCGGAGCCAGCAGAGTAGGCTGTGTCTGTGGACTTGAGCACACCATCAACATTGCTGTTCAGGAAATGATAATTTACGTCCATTCC	100207059	100202423	4636	100205612	1447	100207261	4838	1649
ENSMUST00000110082	CATTGCATTGGAGTGACTGAACAACAAGGCTGTCACCAAATCCCACACATTTTATTAAGAAATGTTTCCTAAGGGAGCATTTTTGGACTGTGTTTTAAAACCTAGTGAACCATGACTCGGAGCCAGCAGAGTAGGCTGTGTCTGTGGACTTGAGCACACCATCAACATTGCTGTTCAGGAAATGATAATTTACGTCCATTCC	100207059	100202423	4636	100206097	962	100207261	4838	1164
ENSMUST00000110082	CATTGCATTGGAGTGACTGAACAACAAGGCTGTCACCAAATCCCACACATTTTATTAAGAAATGTTTCCTAAGGGAGCATTTTTGGACTGTGTTTTAAAACCTAGTGAACCATGACTCGGAGCCAGCAGAGTAGGCTGTGTCTGTGGACTTGAGCACACCATCAACATTGCTGTTCAGGAAATGATAATTTACGTCCATTCC	100207059	100202423	4636	100206097	962	100207261	4838	1164
ENSMUST00000110082	CATTGCATTGGAGTGACTGAACAACAAGGCTGTCACCAAATCCCACACATTTTATTAAGAAATGTTTCCTAAGGGAGCATTTTTGGACTGTGTTTTAAAACCTAGTGAACCATGACTCGGAGCCAGCAGAGTAGGCTGTGTCTGTGGACTTGAGCACACCATCAACATTGCTGTTCAGGAAATGATAATTTACGTCCATTCC	100207059	100203718	3341	100206097	962	100207261	3543	1164
ENSMUST00000081728	CAGCCAGCGAGTACACCATGCACCTGGGCCTCAAGTCCACTGGCAACTATGTCGACTTCTACTCTGCAGCCCGTCCTTACAGTGAACTGAACTATGAAACGAGCCACTACCCGGCCTCGCCCGACTCCTGGGTGTAAGGAGCCAGGACACGAGGCACTCCGGGGACAGTGCATGTGCATGCATACACCACAGGACATTTTGTT	31027558	30173163	854395	30480781	546777	31027761	854598	546980
ENSMUST00000081728	CAGCCAGCGAGTACACCATGCACCTGGGCCTCAAGTCCACTGGCAACTATGTCGACTTCTACTCTGCAGCCCGTCCTTACAGTGAACTGAACTATGAAACGAGCCACTACCCGGCCTCGCCCGACTCCTGGGTGTAAGGAGCCAGGACACGAGGCACTCCGGGGACAGTGCATGTGCATGCATACACCACAGGACATTTTGTT	31027558	30332146	695412	30619221	408337	31027761	695615	408540
ENSMUST00000081728	CAGCCAGCGAGTACACCATGCACCTGGGCCTCAAGTCCACTGGCAACTATGTCGACTTCTACTCTGCAGCCCGTCCTTACAGTGAACTGAACTATGAAACGAGCCACTACCCGGCCTCGCCCGACTCCTGGGTGTAAGGAGCCAGGACACGAGGCACTCCGGGGACAGTGCATGTGCATGCATACACCACAGGACATTTTGTT	31027558	30332146	695412	30775098	252460	31027761	695615	252663
ENSMUST00000081728	CAGCCAGCGAGTACACCATGCACCTGGGCCTCAAGTCCACTGGCAACTATGTCGACTTCTACTCTGCAGCCCGTCCTTACAGTGAACTGAACTATGAAACGAGCCACTACCCGGCCTCGCCCGACTCCTGGGTGTAAGGAGCCAGGACACGAGGCACTCCGGGGACAGTGCATGTGCATGCATACACCACAGGACATTTTGTT	31027558	30480894	546664	30619822	407736	31027761	546867	407939
ENSMUST00000081728	CAGCCAGCGAGTACACCATGCACCTGGGCCTCAAGTCCACTGGCAACTATGTCGACTTCTACTCTGCAGCCCGTCCTTACAGTGAACTGAACTATGAAACGAGCCACTACCCGGCCTCGCCCGACTCCTGGGTGTAAGGAGCCAGGACACGAGGCACTCCGGGGACAGTGCATGTGCATGCATACACCACAGGACATTTTGTT	31027558	30480894	546664	30634643	392915	31027761	546867	393118
ENSMUST00000081728	CAGCCAGCGAGTACACCATGCACCTGGGCCTCAAGTCCACTGGCAACTATGTCGACTTCTACTCTGCAGCCCGTCCTTACAGTGAACTGAACTATGAAACGAGCCACTACCCGGCCTCGCCCGACTCCTGGGTGTAAGGAGCCAGGACACGAGGCACTCCGGGGACAGTGCATGTGCATGCATACACCACAGGACATTTTGTT	31027558	30480894	546664	30669411	358147	31027761	546867	358350
ENSMUST00000081728	CAGCCAGCGAGTACACCATGCACCTGGGCCTCAAGTCCACTGGCAACTATGTCGACTTCTACTCTGCAGCCCGTCCTTACAGTGAACTGAACTATGAAACGAGCCACTACCCGGCCTCGCCCGACTCCTGGGTGTAAGGAGCCAGGACACGAGGCACTCCGGGGACAGTGCATGTGCATGCATACACCACAGGACATTTTGTT	31027558	30619939	407619	30646768	380790	31027761	407822	380993
ENSMUST00000081728	CAGCCAGCGAGTACACCATGCACCTGGGCCTCAAGTCCACTGGCAACTATGTCGACTTCTACTCTGCAGCCCGTCCTTACAGTGAACTGAACTATGAAACGAGCCACTACCCGGCCTCGCCCGACTCCTGGGTGTAAGGAGCCAGGACACGAGGCACTCCGGGGACAGTGCATGTGCATGCATACACCACAGGACATTTTGTT	31027558	30619939	407619	30669411	358147	31027761	407822	358350
ENSMUST00000081728	CAGCCAGCGAGTACACCATGCACCTGGGCCTCAAGTCCACTGGCAACTATGTCGACTTCTACTCTGCAGCCCGTCCTTACAGTGAACTGAACTATGAAACGAGCCACTACCCGGCCTCGCCCGACTCCTGGGTGTAAGGAGCCAGGACACGAGGCACTCCGGGGACAGTGCATGTGCATGCATACACCACAGGACATTTTGTT	31027558	30619939	407619	30683214	344344	31027761	407822	344547
ENSMUST00000081728	CAGCCAGCGAGTACACCATGCACCTGGGCCTCAAGTCCACTGGCAACTATGTCGACTTCTACTCTGCAGCCCGTCCTTACAGTGAACTGAACTATGAAACGAGCCACTACCCGGCCTCGCCCGACTCCTGGGTGTAAGGAGCCAGGACACGAGGCACTCCGGGGACAGTGCATGTGCATGCATACACCACAGGACATTTTGTT	31027558	30332146	695412	30847227	180331	31027761	695615	180534
ENSMUST00000081728	CAGCCAGCGAGTACACCATGCACCTGGGCCTCAAGTCCACTGGCAACTATGTCGACTTCTACTCTGCAGCCCGTCCTTACAGTGAACTGAACTATGAAACGAGCCACTACCCGGCCTCGCCCGACTCCTGGGTGTAAGGAGCCAGGACACGAGGCACTCCGGGGACAGTGCATGTGCATGCATACACCACAGGACATTTTGTT	31027558	30775231	252327	30847227	180331	31027761	252530	180534
ENSMUST00000081728	CAGCCAGCGAGTACACCATGCACCTGGGCCTCAAGTCCACTGGCAACTATGTCGACTTCTACTCTGCAGCCCGTCCTTACAGTGAACTGAACTATGAAACGAGCCACTACCCGGCCTCGCCCGACTCCTGGGTGTAAGGAGCCAGGACACGAGGCACTCCGGGGACAGTGCATGTGCATGCATACACCACAGGACATTTTGTT	31027558	30887279	140279	30920711	106847	31027761	140482	107050
ENSMUST00000081728	CAGCCAGCGAGTACACCATGCACCTGGGCCTCAAGTCCACTGGCAACTATGTCGACTTCTACTCTGCAGCCCGTCCTTACAGTGAACTGAACTATGAAACGAGCCACTACCCGGCCTCGCCCGACTCCTGGGTGTAAGGAGCCAGGACACGAGGCACTCCGGGGACAGTGCATGTGCATGCATACACCACAGGACATTTTGTT	31027558	30887279	140279	30921854	105704	31027761	140482	105907
ENSMUST00000081728	CAGCCAGCGAGTACACCATGCACCTGGGCCTCAAGTCCACTGGCAACTATGTCGACTTCTACTCTGCAGCCCGTCCTTACAGTGAACTGAACTATGAAACGAGCCACTACCCGGCCTCGCCCGACTCCTGGGTGTAAGGAGCCAGGACACGAGGCACTCCGGGGACAGTGCATGTGCATGCATACACCACAGGACATTTTGTT	31027558	30887279	140279	30921854	105704	31027761	140482	105907
ENSMUST00000081728	CAGCCAGCGAGTACACCATGCACCTGGGCCTCAAGTCCACTGGCAACTATGTCGACTTCTACTCTGCAGCCCGTCCTTACAGTGAACTGAACTATGAAACGAGCCACTACCCGGCCTCGCCCGACTCCTGGGTGTAAGGAGCCAGGACACGAGGCACTCCGGGGACAGTGCATGTGCATGCATACACCACAGGACATTTTGTT	31027558	30905833	121725	30921854	105704	31027761	121928	105907
ENSMUST00000081728	CAGCCAGCGAGTACACCATGCACCTGGGCCTCAAGTCCACTGGCAACTATGTCGACTTCTACTCTGCAGCCCGTCCTTACAGTGAACTGAACTATGAAACGAGCCACTACCCGGCCTCGCCCGACTCCTGGGTGTAAGGAGCCAGGACACGAGGCACTCCGGGGACAGTGCATGTGCATGCATACACCACAGGACATTTTGTT	31027558	30922005	105553	31020700	6858	31027761	105756	7061
ENSMUST00000081728	CAGCCAGCGAGTACACCATGCACCTGGGCCTCAAGTCCACTGGCAACTATGTCGACTTCTACTCTGCAGCCCGTCCTTACAGTGAACTGAACTATGAAACGAGCCACTACCCGGCCTCGCCCGACTCCTGGGTGTAAGGAGCCAGGACACGAGGCACTCCGGGGACAGTGCATGTGCATGCATACACCACAGGACATTTTGTT	31027558	30972877	54681	31020700	6858	31027761	54884	7061
ENSMUST00000081728	CAGCCAGCGAGTACACCATGCACCTGGGCCTCAAGTCCACTGGCAACTATGTCGACTTCTACTCTGCAGCCCGTCCTTACAGTGAACTGAACTATGAAACGAGCCACTACCCGGCCTCGCCCGACTCCTGGGTGTAAGGAGCCAGGACACGAGGCACTCCGGGGACAGTGCATGTGCATGCATACACCACAGGACATTTTGTT	31027558	31005075	22483	31020700	6858	31027761	22686	7061
ENSMUST00000238468	CTACCATGGAGTGACACTGGATATAGAAACTACCGTTAACAGCAGACTCCATGGCTCAGACTTCCAATACAATATGAACTCAGTTGCAATTTTTTGCAAGGTTTTTCGACTCATAGTTCTTTGTCTGGGTACTTTTTCACCCTACAGAGAATTTCTGTATATATTATCGTTTCTGATTCTAGTGTTTTGAATTTTCGCTGGGTCT	109661023	109604066	56957	109617210	43813	109661228	57162	44018
ENSMUST00000238468	CTACCATGGAGTGACACTGGATATAGAAACTACCGTTAACAGCAGACTCCATGGCTCAGACTTCCAATACAATATGAACTCAGTTGCAATTTTTTGCAAGGTTTTTCGACTCATAGTTCTTTGTCTGGGTACTTTTTCACCCTACAGAGAATTTCTGTATATATTATCGTTTCTGATTCTAGTGTTTTGAATTTTCGCTGGGTCT	109661023	109604066	56957	109607413	53610	109661228	57162	53815
ENSMUST00000238468	CTACCATGGAGTGACACTGGATATAGAAACTACCGTTAACAGCAGACTCCATGGCTCAGACTTCCAATACAATATGAACTCAGTTGCAATTTTTTGCAAGGTTTTTCGACTCATAGTTCTTTGTCTGGGTACTTTTTCACCCTACAGAGAATTTCTGTATATATTATCGTTTCTGATTCTAGTGTTTTGAATTTTCGCTGGGTCT	109661023	109604066	56957	109617210	43813	109661228	57162	44018
ENSMUST00000238468	CTACCATGGAGTGACACTGGATATAGAAACTACCGTTAACAGCAGACTCCATGGCTCAGACTTCCAATACAATATGAACTCAGTTGCAATTTTTTGCAAGGTTTTTCGACTCATAGTTCTTTGTCTGGGTACTTTTTCACCCTACAGAGAATTTCTGTATATATTATCGTTTCTGATTCTAGTGTTTTGAATTTTCGCTGGGTCT	109661023	109604066	56957	109617210	43813	109661228	57162	44018
ENSMUST00000238468	CTACCATGGAGTGACACTGGATATAGAAACTACCGTTAACAGCAGACTCCATGGCTCAGACTTCCAATACAATATGAACTCAGTTGCAATTTTTTGCAAGGTTTTTCGACTCATAGTTCTTTGTCTGGGTACTTTTTCACCCTACAGAGAATTTCTGTATATATTATCGTTTCTGATTCTAGTGTTTTGAATTTTCGCTGGGTCT	109661023	109606341	54682	109620312	40711	109661228	54887	40916
ENSMUST00000238468	CTACCATGGAGTGACACTGGATATAGAAACTACCGTTAACAGCAGACTCCATGGCTCAGACTTCCAATACAATATGAACTCAGTTGCAATTTTTTGCAAGGTTTTTCGACTCATAGTTCTTTGTCTGGGTACTTTTTCACCCTACAGAGAATTTCTGTATATATTATCGTTTCTGATTCTAGTGTTTTGAATTTTCGCTGGGTCT	109661023	109607496	53527	109620312	40711	109661228	53732	40916
ENSMUST00000238468	CTACCATGGAGTGACACTGGATATAGAAACTACCGTTAACAGCAGACTCCATGGCTCAGACTTCCAATACAATATGAACTCAGTTGCAATTTTTTGCAAGGTTTTTCGACTCATAGTTCTTTGTCTGGGTACTTTTTCACCCTACAGAGAATTTCTGTATATATTATCGTTTCTGATTCTAGTGTTTTGAATTTTCGCTGGGTCT	109661023	109627153	33870	109637838	23185	109661228	34075	23390
ENSMUST00000238468	CTACCATGGAGTGACACTGGATATAGAAACTACCGTTAACAGCAGACTCCATGGCTCAGACTTCCAATACAATATGAACTCAGTTGCAATTTTTTGCAAGGTTTTTCGACTCATAGTTCTTTGTCTGGGTACTTTTTCACCCTACAGAGAATTTCTGTATATATTATCGTTTCTGATTCTAGTGTTTTGAATTTTCGCTGGGTCT	109661023	109627153	33870	109640266	20757	109661228	34075	20962
ENSMUST00000238468	CTACCATGGAGTGACACTGGATATAGAAACTACCGTTAACAGCAGACTCCATGGCTCAGACTTCCAATACAATATGAACTCAGTTGCAATTTTTTGCAAGGTTTTTCGACTCATAGTTCTTTGTCTGGGTACTTTTTCACCCTACAGAGAATTTCTGTATATATTATCGTTTCTGATTCTAGTGTTTTGAATTTTCGCTGGGTCT	109661023	109627153	33870	109640266	20757	109661228	34075	20962
ENSMUST00000238468	CTACCATGGAGTGACACTGGATATAGAAACTACCGTTAACAGCAGACTCCATGGCTCAGACTTCCAATACAATATGAACTCAGTTGCAATTTTTTGCAAGGTTTTTCGACTCATAGTTCTTTGTCTGGGTACTTTTTCACCCTACAGAGAATTTCTGTATATATTATCGTTTCTGATTCTAGTGTTTTGAATTTTCGCTGGGTCT	109661023	109627153	33870	109643413	17610	109661228	34075	17815
ENSMUST00000238468	CTACCATGGAGTGACACTGGATATAGAAACTACCGTTAACAGCAGACTCCATGGCTCAGACTTCCAATACAATATGAACTCAGTTGCAATTTTTTGCAAGGTTTTTCGACTCATAGTTCTTTGTCTGGGTACTTTTTCACCCTACAGAGAATTTCTGTATATATTATCGTTTCTGATTCTAGTGTTTTGAATTTTCGCTGGGTCT	109661023	109627153	33870	109645261	15762	109661228	34075	15967
ENSMUST00000238468	CTACCATGGAGTGACACTGGATATAGAAACTACCGTTAACAGCAGACTCCATGGCTCAGACTTCCAATACAATATGAACTCAGTTGCAATTTTTTGCAAGGTTTTTCGACTCATAGTTCTTTGTCTGGGTACTTTTTCACCCTACAGAGAATTTCTGTATATATTATCGTTTCTGATTCTAGTGTTTTGAATTTTCGCTGGGTCT	109661023	109635457	25566	109640266	20757	109661228	25771	20962
ENSMUST00000238468	CTACCATGGAGTGACACTGGATATAGAAACTACCGTTAACAGCAGACTCCATGGCTCAGACTTCCAATACAATATGAACTCAGTTGCAATTTTTTGCAAGGTTTTTCGACTCATAGTTCTTTGTCTGGGTACTTTTTCACCCTACAGAGAATTTCTGTATATATTATCGTTTCTGATTCTAGTGTTTTGAATTTTCGCTGGGTCT	109661023	109627153	33870	109643413	17610	109661228	34075	17815
ENSMUST00000238468	CTACCATGGAGTGACACTGGATATAGAAACTACCGTTAACAGCAGACTCCATGGCTCAGACTTCCAATACAATATGAACTCAGTTGCAATTTTTTGCAAGGTTTTTCGACTCATAGTTCTTTGTCTGGGTACTTTTTCACCCTACAGAGAATTTCTGTATATATTATCGTTTCTGATTCTAGTGTTTTGAATTTTCGCTGGGTCT	109661023	109627153	33870	109645261	15762	109661228	34075	15967
ENSMUST00000238468	CTACCATGGAGTGACACTGGATATAGAAACTACCGTTAACAGCAGACTCCATGGCTCAGACTTCCAATACAATATGAACTCAGTTGCAATTTTTTGCAAGGTTTTTCGACTCATAGTTCTTTGTCTGGGTACTTTTTCACCCTACAGAGAATTTCTGTATATATTATCGTTTCTGATTCTAGTGTTTTGAATTTTCGCTGGGTCT	109661023	109637926	23097	109643413	17610	109661228	23302	17815
ENSMUST00000238468	CTACCATGGAGTGACACTGGATATAGAAACTACCGTTAACAGCAGACTCCATGGCTCAGACTTCCAATACAATATGAACTCAGTTGCAATTTTTTGCAAGGTTTTTCGACTCATAGTTCTTTGTCTGGGTACTTTTTCACCCTACAGAGAATTTCTGTATATATTATCGTTTCTGATTCTAGTGTTTTGAATTTTCGCTGGGTCT	109661023	109637926	23097	109643413	17610	109661228	23302	17815
ENSMUST00000238468	CTACCATGGAGTGACACTGGATATAGAAACTACCGTTAACAGCAGACTCCATGGCTCAGACTTCCAATACAATATGAACTCAGTTGCAATTTTTTGCAAGGTTTTTCGACTCATAGTTCTTTGTCTGGGTACTTTTTCACCCTACAGAGAATTTCTGTATATATTATCGTTTCTGATTCTAGTGTTTTGAATTTTCGCTGGGTCT	109661023	109640328	20695	109643413	17610	109661228	20900	17815
ENSMUST00000238468	CTACCATGGAGTGACACTGGATATAGAAACTACCGTTAACAGCAGACTCCATGGCTCAGACTTCCAATACAATATGAACTCAGTTGCAATTTTTTGCAAGGTTTTTCGACTCATAGTTCTTTGTCTGGGTACTTTTTCACCCTACAGAGAATTTCTGTATATATTATCGTTTCTGATTCTAGTGTTTTGAATTTTCGCTGGGTCT	109661023	109640328	20695	109645261	15762	109661228	20900	15967
ENSMUST00000238468	CTACCATGGAGTGACACTGGATATAGAAACTACCGTTAACAGCAGACTCCATGGCTCAGACTTCCAATACAATATGAACTCAGTTGCAATTTTTTGCAAGGTTTTTCGACTCATAGTTCTTTGTCTGGGTACTTTTTCACCCTACAGAGAATTTCTGTATATATTATCGTTTCTGATTCTAGTGTTTTGAATTTTCGCTGGGTCT	109661023	109627153	33870	109645261	15762	109661228	34075	15967
ENSMUST00000238468	CTACCATGGAGTGACACTGGATATAGAAACTACCGTTAACAGCAGACTCCATGGCTCAGACTTCCAATACAATATGAACTCAGTTGCAATTTTTTGCAAGGTTTTTCGACTCATAGTTCTTTGTCTGGGTACTTTTTCACCCTACAGAGAATTTCTGTATATATTATCGTTTCTGATTCTAGTGTTTTGAATTTTCGCTGGGTCT	109661023	109640328	20695	109645261	15762	109661228	20900	15967
ENSMUST00000238468	CTACCATGGAGTGACACTGGATATAGAAACTACCGTTAACAGCAGACTCCATGGCTCAGACTTCCAATACAATATGAACTCAGTTGCAATTTTTTGCAAGGTTTTTCGACTCATAGTTCTTTGTCTGGGTACTTTTTCACCCTACAGAGAATTTCTGTATATATTATCGTTTCTGATTCTAGTGTTTTGAATTTTCGCTGGGTCT	109661023	109642652	18371	109645261	15762	109661228	18576	15967
ENSMUST00000238468	CTACCATGGAGTGACACTGGATATAGAAACTACCGTTAACAGCAGACTCCATGGCTCAGACTTCCAATACAATATGAACTCAGTTGCAATTTTTTGCAAGGTTTTTCGACTCATAGTTCTTTGTCTGGGTACTTTTTCACCCTACAGAGAATTTCTGTATATATTATCGTTTCTGATTCTAGTGTTTTGAATTTTCGCTGGGTCT	109661023	109646751	14272	109650071	10952	109661228	14477	11157
ENSMUST00000238468	CTACCATGGAGTGACACTGGATATAGAAACTACCGTTAACAGCAGACTCCATGGCTCAGACTTCCAATACAATATGAACTCAGTTGCAATTTTTTGCAAGGTTTTTCGACTCATAGTTCTTTGTCTGGGTACTTTTTCACCCTACAGAGAATTTCTGTATATATTATCGTTTCTGATTCTAGTGTTTTGAATTTTCGCTGGGTCT	109661023	109646751	14272	109651012	10011	109661228	14477	10216
ENSMUST00000238468	CTACCATGGAGTGACACTGGATATAGAAACTACCGTTAACAGCAGACTCCATGGCTCAGACTTCCAATACAATATGAACTCAGTTGCAATTTTTTGCAAGGTTTTTCGACTCATAGTTCTTTGTCTGGGTACTTTTTCACCCTACAGAGAATTTCTGTATATATTATCGTTTCTGATTCTAGTGTTTTGAATTTTCGCTGGGTCT	109661023	109650157	10866	109651858	9165	109661228	11071	9370
ENSMUST00000238468	CTACCATGGAGTGACACTGGATATAGAAACTACCGTTAACAGCAGACTCCATGGCTCAGACTTCCAATACAATATGAACTCAGTTGCAATTTTTTGCAAGGTTTTTCGACTCATAGTTCTTTGTCTGGGTACTTTTTCACCCTACAGAGAATTTCTGTATATATTATCGTTTCTGATTCTAGTGTTTTGAATTTTCGCTGGGTCT	109661023	109650157	10866	109654285	6738	109661228	11071	6943
ENSMUST00000238468	CTACCATGGAGTGACACTGGATATAGAAACTACCGTTAACAGCAGACTCCATGGCTCAGACTTCCAATACAATATGAACTCAGTTGCAATTTTTTGCAAGGTTTTTCGACTCATAGTTCTTTGTCTGGGTACTTTTTCACCCTACAGAGAATTTCTGTATATATTATCGTTTCTGATTCTAGTGTTTTGAATTTTCGCTGGGTCT	109661023	109650157	10866	109651858	9165	109661228	11071	9370
ENSMUST00000238468	CTACCATGGAGTGACACTGGATATAGAAACTACCGTTAACAGCAGACTCCATGGCTCAGACTTCCAATACAATATGAACTCAGTTGCAATTTTTTGCAAGGTTTTTCGACTCATAGTTCTTTGTCTGGGTACTTTTTCACCCTACAGAGAATTTCTGTATATATTATCGTTTCTGATTCTAGTGTTTTGAATTTTCGCTGGGTCT	109661023	109650157	10866	109654285	6738	109661228	11071	6943
ENSMUST00000238468	CTACCATGGAGTGACACTGGATATAGAAACTACCGTTAACAGCAGACTCCATGGCTCAGACTTCCAATACAATATGAACTCAGTTGCAATTTTTTGCAAGGTTTTTCGACTCATAGTTCTTTGTCTGGGTACTTTTTCACCCTACAGAGAATTTCTGTATATATTATCGTTTCTGATTCTAGTGTTTTGAATTTTCGCTGGGTCT	109661023	109650157	10866	109654285	6738	109661228	11071	6943
ENSMUST00000238468	CTACCATGGAGTGACACTGGATATAGAAACTACCGTTAACAGCAGACTCCATGGCTCAGACTTCCAATACAATATGAACTCAGTTGCAATTTTTTGCAAGGTTTTTCGACTCATAGTTCTTTGTCTGGGTACTTTTTCACCCTACAGAGAATTTCTGTATATATTATCGTTTCTGATTCTAGTGTTTTGAATTTTCGCTGGGTCT	109661023	109651099	9924	109654285	6738	109661228	10129	6943
ENSMUST00000238468	CTACCATGGAGTGACACTGGATATAGAAACTACCGTTAACAGCAGACTCCATGGCTCAGACTTCCAATACAATATGAACTCAGTTGCAATTTTTTGCAAGGTTTTTCGACTCATAGTTCTTTGTCTGGGTACTTTTTCACCCTACAGAGAATTTCTGTATATATTATCGTTTCTGATTCTAGTGTTTTGAATTTTCGCTGGGTCT	109661023	109651938	9085	109654285	6738	109661228	9290	6943
ENSMUST00000238468	CTACCATGGAGTGACACTGGATATAGAAACTACCGTTAACAGCAGACTCCATGGCTCAGACTTCCAATACAATATGAACTCAGTTGCAATTTTTTGCAAGGTTTTTCGACTCATAGTTCTTTGTCTGGGTACTTTTTCACCCTACAGAGAATTTCTGTATATATTATCGTTTCTGATTCTAGTGTTTTGAATTTTCGCTGGGTCT	109661023	109651938	9085	109656787	4236	109661228	9290	4441
ENSMUST00000238468	CTACCATGGAGTGACACTGGATATAGAAACTACCGTTAACAGCAGACTCCATGGCTCAGACTTCCAATACAATATGAACTCAGTTGCAATTTTTTGCAAGGTTTTTCGACTCATAGTTCTTTGTCTGGGTACTTTTTCACCCTACAGAGAATTTCTGTATATATTATCGTTTCTGATTCTAGTGTTTTGAATTTTCGCTGGGTCT	109661023	109654432	6591	109656787	4236	109661228	6796	4441
ENSMUST00000238468	CTACCATGGAGTGACACTGGATATAGAAACTACCGTTAACAGCAGACTCCATGGCTCAGACTTCCAATACAATATGAACTCAGTTGCAATTTTTTGCAAGGTTTTTCGACTCATAGTTCTTTGTCTGGGTACTTTTTCACCCTACAGAGAATTTCTGTATATATTATCGTTTCTGATTCTAGTGTTTTGAATTTTCGCTGGGTCT	109661023	109651938	9085	109658052	2971	109661228	9290	3176
ENSMUST00000238468	CTACCATGGAGTGACACTGGATATAGAAACTACCGTTAACAGCAGACTCCATGGCTCAGACTTCCAATACAATATGAACTCAGTTGCAATTTTTTGCAAGGTTTTTCGACTCATAGTTCTTTGTCTGGGTACTTTTTCACCCTACAGAGAATTTCTGTATATATTATCGTTTCTGATTCTAGTGTTTTGAATTTTCGCTGGGTCT	109661023	109655934	5089	109658052	2971	109661228	5294	3176
ENSMUST00000238468	CTACCATGGAGTGACACTGGATATAGAAACTACCGTTAACAGCAGACTCCATGGCTCAGACTTCCAATACAATATGAACTCAGTTGCAATTTTTTGCAAGGTTTTTCGACTCATAGTTCTTTGTCTGGGTACTTTTTCACCCTACAGAGAATTTCTGTATATATTATCGTTTCTGATTCTAGTGTTTTGAATTTTCGCTGGGTCT	109661023	109655934	5089	109659722	1301	109661228	5294	1506
ENSMUST00000238468	CTACCATGGAGTGACACTGGATATAGAAACTACCGTTAACAGCAGACTCCATGGCTCAGACTTCCAATACAATATGAACTCAGTTGCAATTTTTTGCAAGGTTTTTCGACTCATAGTTCTTTGTCTGGGTACTTTTTCACCCTACAGAGAATTTCTGTATATATTATCGTTTCTGATTCTAGTGTTTTGAATTTTCGCTGGGTCT	109661023	109651938	9085	109658052	2971	109661228	9290	3176
ENSMUST00000238468	CTACCATGGAGTGACACTGGATATAGAAACTACCGTTAACAGCAGACTCCATGGCTCAGACTTCCAATACAATATGAACTCAGTTGCAATTTTTTGCAAGGTTTTTCGACTCATAGTTCTTTGTCTGGGTACTTTTTCACCCTACAGAGAATTTCTGTATATATTATCGTTTCTGATTCTAGTGTTTTGAATTTTCGCTGGGTCT	109661023	109655934	5089	109658052	2971	109661228	5294	3176
ENSMUST00000238468	CTACCATGGAGTGACACTGGATATAGAAACTACCGTTAACAGCAGACTCCATGGCTCAGACTTCCAATACAATATGAACTCAGTTGCAATTTTTTGCAAGGTTTTTCGACTCATAGTTCTTTGTCTGGGTACTTTTTCACCCTACAGAGAATTTCTGTATATATTATCGTTTCTGATTCTAGTGTTTTGAATTTTCGCTGGGTCT	109661023	109655934	5089	109659722	1301	109661228	5294	1506
ENSMUST00000238468	CTACCATGGAGTGACACTGGATATAGAAACTACCGTTAACAGCAGACTCCATGGCTCAGACTTCCAATACAATATGAACTCAGTTGCAATTTTTTGCAAGGTTTTTCGACTCATAGTTCTTTGTCTGGGTACTTTTTCACCCTACAGAGAATTTCTGTATATATTATCGTTTCTGATTCTAGTGTTTTGAATTTTCGCTGGGTCT	109661023	109655934	5089	109659722	1301	109661228	5294	1506
ENSMUST00000238468	CTACCATGGAGTGACACTGGATATAGAAACTACCGTTAACAGCAGACTCCATGGCTCAGACTTCCAATACAATATGAACTCAGTTGCAATTTTTTGCAAGGTTTTTCGACTCATAGTTCTTTGTCTGGGTACTTTTTCACCCTACAGAGAATTTCTGTATATATTATCGTTTCTGATTCTAGTGTTTTGAATTTTCGCTGGGTCT	109661023	109656831	4192	109659722	1301	109661228	4397	1506
ENSMUST00000238468	CTACCATGGAGTGACACTGGATATAGAAACTACCGTTAACAGCAGACTCCATGGCTCAGACTTCCAATACAATATGAACTCAGTTGCAATTTTTTGCAAGGTTTTTCGACTCATAGTTCTTTGTCTGGGTACTTTTTCACCCTACAGAGAATTTCTGTATATATTATCGTTTCTGATTCTAGTGTTTTGAATTTTCGCTGGGTCT	109661023	109656831	4192	109660745	278	109661228	4397	483
ENSMUST00000238468	CTACCATGGAGTGACACTGGATATAGAAACTACCGTTAACAGCAGACTCCATGGCTCAGACTTCCAATACAATATGAACTCAGTTGCAATTTTTTGCAAGGTTTTTCGACTCATAGTTCTTTGTCTGGGTACTTTTTCACCCTACAGAGAATTTCTGTATATATTATCGTTTCTGATTCTAGTGTTTTGAATTTTCGCTGGGTCT	109661023	109656840	4183	109659722	1301	109661228	4388	1506
ENSMUST00000238468	CTACCATGGAGTGACACTGGATATAGAAACTACCGTTAACAGCAGACTCCATGGCTCAGACTTCCAATACAATATGAACTCAGTTGCAATTTTTTGCAAGGTTTTTCGACTCATAGTTCTTTGTCTGGGTACTTTTTCACCCTACAGAGAATTTCTGTATATATTATCGTTTCTGATTCTAGTGTTTTGAATTTTCGCTGGGTCT	109661023	109656831	4192	109660745	278	109661228	4397	483
ENSMUST00000238468	CTACCATGGAGTGACACTGGATATAGAAACTACCGTTAACAGCAGACTCCATGGCTCAGACTTCCAATACAATATGAACTCAGTTGCAATTTTTTGCAAGGTTTTTCGACTCATAGTTCTTTGTCTGGGTACTTTTTCACCCTACAGAGAATTTCTGTATATATTATCGTTTCTGATTCTAGTGTTTTGAATTTTCGCTGGGTCT	109661023	109658121	2902	109660745	278	109661228	3107	483
ENSMUST00000032192	CACTGCAGTTTCTGGACTGTATTTGTGGGAGCACAACCGGAGGCCTTGGTCTTCTTGGACTGTACATAAATGAAAAGAATGTAGCACTTATCAACCAAACCCTGGAGAGTCTGACGGAGTACTGTCAAGGGCCTTGCCATGAGAACCAGAACTGCATCGCCACCCACGAGTCCAATGGCATCGATATCATCACAGCCCTCATCCTCAAT	108481321	108214278	267043	108241263	240058	108483004	268726	241741
ENSMUST00000032192	CACTGCAGTTTCTGGACTGTATTTGTGGGAGCACAACCGGAGGCCTTGGTCTTCTTGGACTGTACATAAATGAAAAGAATGTAGCACTTATCAACCAAACCCTGGAGAGTCTGACGGAGTACTGTCAAGGGCCTTGCCATGAGAACCAGAACTGCATCGCCACCCACGAGTCCAATGGCATCGATATCATCACAGCCCTCATCCTCAAT	108481321	108214278	267043	108339506	141815	108483004	268726	143498
ENSMUST00000032192	CACTGCAGTTTCTGGACTGTATTTGTGGGAGCACAACCGGAGGCCTTGGTCTTCTTGGACTGTACATAAATGAAAAGAATGTAGCACTTATCAACCAAACCCTGGAGAGTCTGACGGAGTACTGTCAAGGGCCTTGCCATGAGAACCAGAACTGCATCGCCACCCACGAGTCCAATGGCATCGATATCATCACAGCCCTCATCCTCAAT	108481321	108214278	267043	108339506	141815	108483004	268726	143498
ENSMUST00000032192	CACTGCAGTTTCTGGACTGTATTTGTGGGAGCACAACCGGAGGCCTTGGTCTTCTTGGACTGTACATAAATGAAAAGAATGTAGCACTTATCAACCAAACCCTGGAGAGTCTGACGGAGTACTGTCAAGGGCCTTGCCATGAGAACCAGAACTGCATCGCCACCCACGAGTCCAATGGCATCGATATCATCACAGCCCTCATCCTCAAT	108481321	108237085	244236	108339506	141815	108483004	245919	143498
ENSMUST00000032192	CACTGCAGTTTCTGGACTGTATTTGTGGGAGCACAACCGGAGGCCTTGGTCTTCTTGGACTGTACATAAATGAAAAGAATGTAGCACTTATCAACCAAACCCTGGAGAGTCTGACGGAGTACTGTCAAGGGCCTTGCCATGAGAACCAGAACTGCATCGCCACCCACGAGTCCAATGGCATCGATATCATCACAGCCCTCATCCTCAAT	108481321	108363705	117616	108369010	112311	108483004	119299	113994
ENSMUST00000032192	CACTGCAGTTTCTGGACTGTATTTGTGGGAGCACAACCGGAGGCCTTGGTCTTCTTGGACTGTACATAAATGAAAAGAATGTAGCACTTATCAACCAAACCCTGGAGAGTCTGACGGAGTACTGTCAAGGGCCTTGCCATGAGAACCAGAACTGCATCGCCACCCACGAGTCCAATGGCATCGATATCATCACAGCCCTCATCCTCAAT	108481321	108413953	67368	108417888	63433	108483004	69051	65116
ENSMUST00000032192	CACTGCAGTTTCTGGACTGTATTTGTGGGAGCACAACCGGAGGCCTTGGTCTTCTTGGACTGTACATAAATGAAAAGAATGTAGCACTTATCAACCAAACCCTGGAGAGTCTGACGGAGTACTGTCAAGGGCCTTGCCATGAGAACCAGAACTGCATCGCCACCCACGAGTCCAATGGCATCGATATCATCACAGCCCTCATCCTCAAT	108481321	108418000	63321	108431460	49861	108483004	65004	51544
ENSMUST00000032192	CACTGCAGTTTCTGGACTGTATTTGTGGGAGCACAACCGGAGGCCTTGGTCTTCTTGGACTGTACATAAATGAAAAGAATGTAGCACTTATCAACCAAACCCTGGAGAGTCTGACGGAGTACTGTCAAGGGCCTTGCCATGAGAACCAGAACTGCATCGCCACCCACGAGTCCAATGGCATCGATATCATCACAGCCCTCATCCTCAAT	108481321	108418000	63321	108432645	48676	108483004	65004	50359
ENSMUST00000032192	CACTGCAGTTTCTGGACTGTATTTGTGGGAGCACAACCGGAGGCCTTGGTCTTCTTGGACTGTACATAAATGAAAAGAATGTAGCACTTATCAACCAAACCCTGGAGAGTCTGACGGAGTACTGTCAAGGGCCTTGCCATGAGAACCAGAACTGCATCGCCACCCACGAGTCCAATGGCATCGATATCATCACAGCCCTCATCCTCAAT	108481321	108418000	63321	108438299	43022	108483004	65004	44705
ENSMUST00000032192	CACTGCAGTTTCTGGACTGTATTTGTGGGAGCACAACCGGAGGCCTTGGTCTTCTTGGACTGTACATAAATGAAAAGAATGTAGCACTTATCAACCAAACCCTGGAGAGTCTGACGGAGTACTGTCAAGGGCCTTGCCATGAGAACCAGAACTGCATCGCCACCCACGAGTCCAATGGCATCGATATCATCACAGCCCTCATCCTCAAT	108481321	108418000	63321	108438299	43022	108483004	65004	44705
ENSMUST00000032192	CACTGCAGTTTCTGGACTGTATTTGTGGGAGCACAACCGGAGGCCTTGGTCTTCTTGGACTGTACATAAATGAAAAGAATGTAGCACTTATCAACCAAACCCTGGAGAGTCTGACGGAGTACTGTCAAGGGCCTTGCCATGAGAACCAGAACTGCATCGCCACCCACGAGTCCAATGGCATCGATATCATCACAGCCCTCATCCTCAAT	108481321	108431496	49825	108438299	43022	108483004	51508	44705
ENSMUST00000032192	CACTGCAGTTTCTGGACTGTATTTGTGGGAGCACAACCGGAGGCCTTGGTCTTCTTGGACTGTACATAAATGAAAAGAATGTAGCACTTATCAACCAAACCCTGGAGAGTCTGACGGAGTACTGTCAAGGGCCTTGCCATGAGAACCAGAACTGCATCGCCACCCACGAGTCCAATGGCATCGATATCATCACAGCCCTCATCCTCAAT	108481321	108519450	-38129	108541902	-60581	108483004	-36446	-58898
ENSMUST00000032192	CACTGCAGTTTCTGGACTGTATTTGTGGGAGCACAACCGGAGGCCTTGGTCTTCTTGGACTGTACATAAATGAAAAGAATGTAGCACTTATCAACCAAACCCTGGAGAGTCTGACGGAGTACTGTCAAGGGCCTTGCCATGAGAACCAGAACTGCATCGCCACCCACGAGTCCAATGGCATCGATATCATCACAGCCCTCATCCTCAAT	108481321	108523448	-42127	108549752	-68431	108483004	-40444	-66748
ENSMUST00000032192	CACTGCAGTTTCTGGACTGTATTTGTGGGAGCACAACCGGAGGCCTTGGTCTTCTTGGACTGTACATAAATGAAAAGAATGTAGCACTTATCAACCAAACCCTGGAGAGTCTGACGGAGTACTGTCAAGGGCCTTGCCATGAGAACCAGAACTGCATCGCCACCCACGAGTCCAATGGCATCGATATCATCACAGCCCTCATCCTCAAT	108481321	108214278	267043	108241263	240058	108483004	268726	241741
ENSMUST00000032192	CACTGCAGTTTCTGGACTGTATTTGTGGGAGCACAACCGGAGGCCTTGGTCTTCTTGGACTGTACATAAATGAAAAGAATGTAGCACTTATCAACCAAACCCTGGAGAGTCTGACGGAGTACTGTCAAGGGCCTTGCCATGAGAACCAGAACTGCATCGCCACCCACGAGTCCAATGGCATCGATATCATCACAGCCCTCATCCTCAAT	108481321	108214278	267043	108339506	141815	108483004	268726	143498
ENSMUST00000032192	CACTGCAGTTTCTGGACTGTATTTGTGGGAGCACAACCGGAGGCCTTGGTCTTCTTGGACTGTACATAAATGAAAAGAATGTAGCACTTATCAACCAAACCCTGGAGAGTCTGACGGAGTACTGTCAAGGGCCTTGCCATGAGAACCAGAACTGCATCGCCACCCACGAGTCCAATGGCATCGATATCATCACAGCCCTCATCCTCAAT	108481321	108214278	267043	108339506	141815	108483004	268726	143498
ENSMUST00000032192	CACTGCAGTTTCTGGACTGTATTTGTGGGAGCACAACCGGAGGCCTTGGTCTTCTTGGACTGTACATAAATGAAAAGAATGTAGCACTTATCAACCAAACCCTGGAGAGTCTGACGGAGTACTGTCAAGGGCCTTGCCATGAGAACCAGAACTGCATCGCCACCCACGAGTCCAATGGCATCGATATCATCACAGCCCTCATCCTCAAT	108481321	108237085	244236	108339506	141815	108483004	245919	143498
ENSMUST00000032192	CACTGCAGTTTCTGGACTGTATTTGTGGGAGCACAACCGGAGGCCTTGGTCTTCTTGGACTGTACATAAATGAAAAGAATGTAGCACTTATCAACCAAACCCTGGAGAGTCTGACGGAGTACTGTCAAGGGCCTTGCCATGAGAACCAGAACTGCATCGCCACCCACGAGTCCAATGGCATCGATATCATCACAGCCCTCATCCTCAAT	108481321	108363705	117616	108369010	112311	108483004	119299	113994
ENSMUST00000032192	CACTGCAGTTTCTGGACTGTATTTGTGGGAGCACAACCGGAGGCCTTGGTCTTCTTGGACTGTACATAAATGAAAAGAATGTAGCACTTATCAACCAAACCCTGGAGAGTCTGACGGAGTACTGTCAAGGGCCTTGCCATGAGAACCAGAACTGCATCGCCACCCACGAGTCCAATGGCATCGATATCATCACAGCCCTCATCCTCAAT	108481321	108413953	67368	108417888	63433	108483004	69051	65116
ENSMUST00000032192	CACTGCAGTTTCTGGACTGTATTTGTGGGAGCACAACCGGAGGCCTTGGTCTTCTTGGACTGTACATAAATGAAAAGAATGTAGCACTTATCAACCAAACCCTGGAGAGTCTGACGGAGTACTGTCAAGGGCCTTGCCATGAGAACCAGAACTGCATCGCCACCCACGAGTCCAATGGCATCGATATCATCACAGCCCTCATCCTCAAT	108481321	108418000	63321	108431460	49861	108483004	65004	51544
ENSMUST00000032192	CACTGCAGTTTCTGGACTGTATTTGTGGGAGCACAACCGGAGGCCTTGGTCTTCTTGGACTGTACATAAATGAAAAGAATGTAGCACTTATCAACCAAACCCTGGAGAGTCTGACGGAGTACTGTCAAGGGCCTTGCCATGAGAACCAGAACTGCATCGCCACCCACGAGTCCAATGGCATCGATATCATCACAGCCCTCATCCTCAAT	108481321	108418000	63321	108432645	48676	108483004	65004	50359
ENSMUST00000032192	CACTGCAGTTTCTGGACTGTATTTGTGGGAGCACAACCGGAGGCCTTGGTCTTCTTGGACTGTACATAAATGAAAAGAATGTAGCACTTATCAACCAAACCCTGGAGAGTCTGACGGAGTACTGTCAAGGGCCTTGCCATGAGAACCAGAACTGCATCGCCACCCACGAGTCCAATGGCATCGATATCATCACAGCCCTCATCCTCAAT	108481321	108418000	63321	108438299	43022	108483004	65004	44705
ENSMUST00000032192	CACTGCAGTTTCTGGACTGTATTTGTGGGAGCACAACCGGAGGCCTTGGTCTTCTTGGACTGTACATAAATGAAAAGAATGTAGCACTTATCAACCAAACCCTGGAGAGTCTGACGGAGTACTGTCAAGGGCCTTGCCATGAGAACCAGAACTGCATCGCCACCCACGAGTCCAATGGCATCGATATCATCACAGCCCTCATCCTCAAT	108481321	108418000	63321	108438299	43022	108483004	65004	44705
ENSMUST00000032192	CACTGCAGTTTCTGGACTGTATTTGTGGGAGCACAACCGGAGGCCTTGGTCTTCTTGGACTGTACATAAATGAAAAGAATGTAGCACTTATCAACCAAACCCTGGAGAGTCTGACGGAGTACTGTCAAGGGCCTTGCCATGAGAACCAGAACTGCATCGCCACCCACGAGTCCAATGGCATCGATATCATCACAGCCCTCATCCTCAAT	108481321	108431496	49825	108438299	43022	108483004	51508	44705
ENSMUST00000032192	CACTGCAGTTTCTGGACTGTATTTGTGGGAGCACAACCGGAGGCCTTGGTCTTCTTGGACTGTACATAAATGAAAAGAATGTAGCACTTATCAACCAAACCCTGGAGAGTCTGACGGAGTACTGTCAAGGGCCTTGCCATGAGAACCAGAACTGCATCGCCACCCACGAGTCCAATGGCATCGATATCATCACAGCCCTCATCCTCAAT	108481321	108519450	-38129	108541902	-60581	108483004	-36446	-58898
ENSMUST00000032192	CACTGCAGTTTCTGGACTGTATTTGTGGGAGCACAACCGGAGGCCTTGGTCTTCTTGGACTGTACATAAATGAAAAGAATGTAGCACTTATCAACCAAACCCTGGAGAGTCTGACGGAGTACTGTCAAGGGCCTTGCCATGAGAACCAGAACTGCATCGCCACCCACGAGTCCAATGGCATCGATATCATCACAGCCCTCATCCTCAAT	108481321	108523448	-42127	108549752	-68431	108483004	-40444	-66748
ENSMUST00000032192	CACTGCAGTTTCTGGACTGTATTTGTGGGAGCACAACCGGAGGCCTTGGTCTTCTTGGACTGTACATAAATGAAAAGAATGTAGCACTTATCAACCAAACCCTGGAGAGTCTGACGGAGTACTGTCAAGGGCCTTGCCATGAGAACCAGAACTGCATCGCCACCCACGAGTCCAATGGCATCGATATCATCACAGCCCTCATCCTCAAT	108481321	108214278	267043	108241263	240058	108483004	268726	241741
ENSMUST00000032192	CACTGCAGTTTCTGGACTGTATTTGTGGGAGCACAACCGGAGGCCTTGGTCTTCTTGGACTGTACATAAATGAAAAGAATGTAGCACTTATCAACCAAACCCTGGAGAGTCTGACGGAGTACTGTCAAGGGCCTTGCCATGAGAACCAGAACTGCATCGCCACCCACGAGTCCAATGGCATCGATATCATCACAGCCCTCATCCTCAAT	108481321	108214278	267043	108339506	141815	108483004	268726	143498
ENSMUST00000032192	CACTGCAGTTTCTGGACTGTATTTGTGGGAGCACAACCGGAGGCCTTGGTCTTCTTGGACTGTACATAAATGAAAAGAATGTAGCACTTATCAACCAAACCCTGGAGAGTCTGACGGAGTACTGTCAAGGGCCTTGCCATGAGAACCAGAACTGCATCGCCACCCACGAGTCCAATGGCATCGATATCATCACAGCCCTCATCCTCAAT	108481321	108214278	267043	108339506	141815	108483004	268726	143498
ENSMUST00000032192	CACTGCAGTTTCTGGACTGTATTTGTGGGAGCACAACCGGAGGCCTTGGTCTTCTTGGACTGTACATAAATGAAAAGAATGTAGCACTTATCAACCAAACCCTGGAGAGTCTGACGGAGTACTGTCAAGGGCCTTGCCATGAGAACCAGAACTGCATCGCCACCCACGAGTCCAATGGCATCGATATCATCACAGCCCTCATCCTCAAT	108481321	108237085	244236	108339506	141815	108483004	245919	143498
ENSMUST00000032192	CACTGCAGTTTCTGGACTGTATTTGTGGGAGCACAACCGGAGGCCTTGGTCTTCTTGGACTGTACATAAATGAAAAGAATGTAGCACTTATCAACCAAACCCTGGAGAGTCTGACGGAGTACTGTCAAGGGCCTTGCCATGAGAACCAGAACTGCATCGCCACCCACGAGTCCAATGGCATCGATATCATCACAGCCCTCATCCTCAAT	108481321	108363705	117616	108369010	112311	108483004	119299	113994
ENSMUST00000032192	CACTGCAGTTTCTGGACTGTATTTGTGGGAGCACAACCGGAGGCCTTGGTCTTCTTGGACTGTACATAAATGAAAAGAATGTAGCACTTATCAACCAAACCCTGGAGAGTCTGACGGAGTACTGTCAAGGGCCTTGCCATGAGAACCAGAACTGCATCGCCACCCACGAGTCCAATGGCATCGATATCATCACAGCCCTCATCCTCAAT	108481321	108413953	67368	108417888	63433	108483004	69051	65116
ENSMUST00000032192	CACTGCAGTTTCTGGACTGTATTTGTGGGAGCACAACCGGAGGCCTTGGTCTTCTTGGACTGTACATAAATGAAAAGAATGTAGCACTTATCAACCAAACCCTGGAGAGTCTGACGGAGTACTGTCAAGGGCCTTGCCATGAGAACCAGAACTGCATCGCCACCCACGAGTCCAATGGCATCGATATCATCACAGCCCTCATCCTCAAT	108481321	108418000	63321	108431460	49861	108483004	65004	51544
ENSMUST00000032192	CACTGCAGTTTCTGGACTGTATTTGTGGGAGCACAACCGGAGGCCTTGGTCTTCTTGGACTGTACATAAATGAAAAGAATGTAGCACTTATCAACCAAACCCTGGAGAGTCTGACGGAGTACTGTCAAGGGCCTTGCCATGAGAACCAGAACTGCATCGCCACCCACGAGTCCAATGGCATCGATATCATCACAGCCCTCATCCTCAAT	108481321	108418000	63321	108432645	48676	108483004	65004	50359
ENSMUST00000032192	CACTGCAGTTTCTGGACTGTATTTGTGGGAGCACAACCGGAGGCCTTGGTCTTCTTGGACTGTACATAAATGAAAAGAATGTAGCACTTATCAACCAAACCCTGGAGAGTCTGACGGAGTACTGTCAAGGGCCTTGCCATGAGAACCAGAACTGCATCGCCACCCACGAGTCCAATGGCATCGATATCATCACAGCCCTCATCCTCAAT	108481321	108418000	63321	108438299	43022	108483004	65004	44705
ENSMUST00000032192	CACTGCAGTTTCTGGACTGTATTTGTGGGAGCACAACCGGAGGCCTTGGTCTTCTTGGACTGTACATAAATGAAAAGAATGTAGCACTTATCAACCAAACCCTGGAGAGTCTGACGGAGTACTGTCAAGGGCCTTGCCATGAGAACCAGAACTGCATCGCCACCCACGAGTCCAATGGCATCGATATCATCACAGCCCTCATCCTCAAT	108481321	108418000	63321	108438299	43022	108483004	65004	44705
ENSMUST00000032192	CACTGCAGTTTCTGGACTGTATTTGTGGGAGCACAACCGGAGGCCTTGGTCTTCTTGGACTGTACATAAATGAAAAGAATGTAGCACTTATCAACCAAACCCTGGAGAGTCTGACGGAGTACTGTCAAGGGCCTTGCCATGAGAACCAGAACTGCATCGCCACCCACGAGTCCAATGGCATCGATATCATCACAGCCCTCATCCTCAAT	108481321	108431496	49825	108438299	43022	108483004	51508	44705
ENSMUST00000032192	CACTGCAGTTTCTGGACTGTATTTGTGGGAGCACAACCGGAGGCCTTGGTCTTCTTGGACTGTACATAAATGAAAAGAATGTAGCACTTATCAACCAAACCCTGGAGAGTCTGACGGAGTACTGTCAAGGGCCTTGCCATGAGAACCAGAACTGCATCGCCACCCACGAGTCCAATGGCATCGATATCATCACAGCCCTCATCCTCAAT	108481321	108519450	-38129	108541902	-60581	108483004	-36446	-58898
ENSMUST00000032192	CACTGCAGTTTCTGGACTGTATTTGTGGGAGCACAACCGGAGGCCTTGGTCTTCTTGGACTGTACATAAATGAAAAGAATGTAGCACTTATCAACCAAACCCTGGAGAGTCTGACGGAGTACTGTCAAGGGCCTTGCCATGAGAACCAGAACTGCATCGCCACCCACGAGTCCAATGGCATCGATATCATCACAGCCCTCATCCTCAAT	108481321	108523448	-42127	108549752	-68431	108483004	-40444	-66748
ENSMUST00000095737	CCTGGTACGGCTCTGATGAATACCTAGCGCTGCCATCTCACCTCAAACAAACGGAGGTGTTAGCTCTGAAACTGGAGAACCTAACCAAGCTTCTACCCCAGAAACCCAGAGGAGAGACTATCCAGGATATTGATGACTGGGAACTGTCTGAGATGAATTCAGACTCTGAAATCTATCCAACGTACCATATCAAGAAAAAACACACAAGGCTAGGC	52887588	52699442	188146	52880638	6950	52887803	188361	7165
ENSMUST00000095737	CCTGGTACGGCTCTGATGAATACCTAGCGCTGCCATCTCACCTCAAACAAACGGAGGTGTTAGCTCTGAAACTGGAGAACCTAACCAAGCTTCTACCCCAGAAACCCAGAGGAGAGACTATCCAGGATATTGATGACTGGGAACTGTCTGAGATGAATTCAGACTCTGAAATCTATCCAACGTACCATATCAAGAAAAAACACACAAGGCTAGGC	52887588	52888063	-475	52937134	-49546	52887803	-260	-49331
ENSMUST00000095737	CCTGGTACGGCTCTGATGAATACCTAGCGCTGCCATCTCACCTCAAACAAACGGAGGTGTTAGCTCTGAAACTGGAGAACCTAACCAAGCTTCTACCCCAGAAACCCAGAGGAGAGACTATCCAGGATATTGATGACTGGGAACTGTCTGAGATGAATTCAGACTCTGAAATCTATCCAACGTACCATATCAAGAAAAAACACACAAGGCTAGGC	52887588	52699442	188146	53139380	-251792	52887803	188361	-251577
ENSMUST00000095737	CCTGGTACGGCTCTGATGAATACCTAGCGCTGCCATCTCACCTCAAACAAACGGAGGTGTTAGCTCTGAAACTGGAGAACCTAACCAAGCTTCTACCCCAGAAACCCAGAGGAGAGACTATCCAGGATATTGATGACTGGGAACTGTCTGAGATGAATTCAGACTCTGAAATCTATCCAACGTACCATATCAAGAAAAAACACACAAGGCTAGGC	52887588	52938506	-50918	53069106	-181518	52887803	-50703	-181303
ENSMUST00000095737	CCTGGTACGGCTCTGATGAATACCTAGCGCTGCCATCTCACCTCAAACAAACGGAGGTGTTAGCTCTGAAACTGGAGAACCTAACCAAGCTTCTACCCCAGAAACCCAGAGGAGAGACTATCCAGGATATTGATGACTGGGAACTGTCTGAGATGAATTCAGACTCTGAAATCTATCCAACGTACCATATCAAGAAAAAACACACAAGGCTAGGC	52887588	52938506	-50918	53139380	-251792	52887803	-50703	-251577
ENSMUST00000095737	CCTGGTACGGCTCTGATGAATACCTAGCGCTGCCATCTCACCTCAAACAAACGGAGGTGTTAGCTCTGAAACTGGAGAACCTAACCAAGCTTCTACCCCAGAAACCCAGAGGAGAGACTATCCAGGATATTGATGACTGGGAACTGTCTGAGATGAATTCAGACTCTGAAATCTATCCAACGTACCATATCAAGAAAAAACACACAAGGCTAGGC	52887588	53010622	-123034	53069106	-181518	52887803	-122819	-181303
ENSMUST00000095737	CCTGGTACGGCTCTGATGAATACCTAGCGCTGCCATCTCACCTCAAACAAACGGAGGTGTTAGCTCTGAAACTGGAGAACCTAACCAAGCTTCTACCCCAGAAACCCAGAGGAGAGACTATCCAGGATATTGATGACTGGGAACTGTCTGAGATGAATTCAGACTCTGAAATCTATCCAACGTACCATATCAAGAAAAAACACACAAGGCTAGGC	52887588	53025841	-138253	53072289	-184701	52887803	-138038	-184486
ENSMUST00000095737	CCTGGTACGGCTCTGATGAATACCTAGCGCTGCCATCTCACCTCAAACAAACGGAGGTGTTAGCTCTGAAACTGGAGAACCTAACCAAGCTTCTACCCCAGAAACCCAGAGGAGAGACTATCCAGGATATTGATGACTGGGAACTGTCTGAGATGAATTCAGACTCTGAAATCTATCCAACGTACCATATCAAGAAAAAACACACAAGGCTAGGC	52887588	53025841	-138253	53104514	-216926	52887803	-138038	-216711
ENSMUST00000095737	CCTGGTACGGCTCTGATGAATACCTAGCGCTGCCATCTCACCTCAAACAAACGGAGGTGTTAGCTCTGAAACTGGAGAACCTAACCAAGCTTCTACCCCAGAAACCCAGAGGAGAGACTATCCAGGATATTGATGACTGGGAACTGTCTGAGATGAATTCAGACTCTGAAATCTATCCAACGTACCATATCAAGAAAAAACACACAAGGCTAGGC	52887588	53072511	-184923	53139380	-251792	52887803	-184708	-251577
ENSMUST00000095737	CCTGGTACGGCTCTGATGAATACCTAGCGCTGCCATCTCACCTCAAACAAACGGAGGTGTTAGCTCTGAAACTGGAGAACCTAACCAAGCTTCTACCCCAGAAACCCAGAGGAGAGACTATCCAGGATATTGATGACTGGGAACTGTCTGAGATGAATTCAGACTCTGAAATCTATCCAACGTACCATATCAAGAAAAAACACACAAGGCTAGGC	52887588	53104730	-217142	53147810	-260222	52887803	-216927	-260007
ENSMUST00000095737	CCTGGTACGGCTCTGATGAATACCTAGCGCTGCCATCTCACCTCAAACAAACGGAGGTGTTAGCTCTGAAACTGGAGAACCTAACCAAGCTTCTACCCCAGAAACCCAGAGGAGAGACTATCCAGGATATTGATGACTGGGAACTGTCTGAGATGAATTCAGACTCTGAAATCTATCCAACGTACCATATCAAGAAAAAACACACAAGGCTAGGC	52887588	52699442	188146	52880638	6950	52887803	188361	7165
ENSMUST00000095737	CCTGGTACGGCTCTGATGAATACCTAGCGCTGCCATCTCACCTCAAACAAACGGAGGTGTTAGCTCTGAAACTGGAGAACCTAACCAAGCTTCTACCCCAGAAACCCAGAGGAGAGACTATCCAGGATATTGATGACTGGGAACTGTCTGAGATGAATTCAGACTCTGAAATCTATCCAACGTACCATATCAAGAAAAAACACACAAGGCTAGGC	52887588	52888063	-475	52937134	-49546	52887803	-260	-49331
ENSMUST00000095737	CCTGGTACGGCTCTGATGAATACCTAGCGCTGCCATCTCACCTCAAACAAACGGAGGTGTTAGCTCTGAAACTGGAGAACCTAACCAAGCTTCTACCCCAGAAACCCAGAGGAGAGACTATCCAGGATATTGATGACTGGGAACTGTCTGAGATGAATTCAGACTCTGAAATCTATCCAACGTACCATATCAAGAAAAAACACACAAGGCTAGGC	52887588	52699442	188146	53139380	-251792	52887803	188361	-251577
ENSMUST00000095737	CCTGGTACGGCTCTGATGAATACCTAGCGCTGCCATCTCACCTCAAACAAACGGAGGTGTTAGCTCTGAAACTGGAGAACCTAACCAAGCTTCTACCCCAGAAACCCAGAGGAGAGACTATCCAGGATATTGATGACTGGGAACTGTCTGAGATGAATTCAGACTCTGAAATCTATCCAACGTACCATATCAAGAAAAAACACACAAGGCTAGGC	52887588	52938506	-50918	53069106	-181518	52887803	-50703	-181303
ENSMUST00000095737	CCTGGTACGGCTCTGATGAATACCTAGCGCTGCCATCTCACCTCAAACAAACGGAGGTGTTAGCTCTGAAACTGGAGAACCTAACCAAGCTTCTACCCCAGAAACCCAGAGGAGAGACTATCCAGGATATTGATGACTGGGAACTGTCTGAGATGAATTCAGACTCTGAAATCTATCCAACGTACCATATCAAGAAAAAACACACAAGGCTAGGC	52887588	52938506	-50918	53139380	-251792	52887803	-50703	-251577
ENSMUST00000095737	CCTGGTACGGCTCTGATGAATACCTAGCGCTGCCATCTCACCTCAAACAAACGGAGGTGTTAGCTCTGAAACTGGAGAACCTAACCAAGCTTCTACCCCAGAAACCCAGAGGAGAGACTATCCAGGATATTGATGACTGGGAACTGTCTGAGATGAATTCAGACTCTGAAATCTATCCAACGTACCATATCAAGAAAAAACACACAAGGCTAGGC	52887588	53010622	-123034	53069106	-181518	52887803	-122819	-181303
ENSMUST00000095737	CCTGGTACGGCTCTGATGAATACCTAGCGCTGCCATCTCACCTCAAACAAACGGAGGTGTTAGCTCTGAAACTGGAGAACCTAACCAAGCTTCTACCCCAGAAACCCAGAGGAGAGACTATCCAGGATATTGATGACTGGGAACTGTCTGAGATGAATTCAGACTCTGAAATCTATCCAACGTACCATATCAAGAAAAAACACACAAGGCTAGGC	52887588	53025841	-138253	53072289	-184701	52887803	-138038	-184486
ENSMUST00000095737	CCTGGTACGGCTCTGATGAATACCTAGCGCTGCCATCTCACCTCAAACAAACGGAGGTGTTAGCTCTGAAACTGGAGAACCTAACCAAGCTTCTACCCCAGAAACCCAGAGGAGAGACTATCCAGGATATTGATGACTGGGAACTGTCTGAGATGAATTCAGACTCTGAAATCTATCCAACGTACCATATCAAGAAAAAACACACAAGGCTAGGC	52887588	53025841	-138253	53104514	-216926	52887803	-138038	-216711
ENSMUST00000095737	CCTGGTACGGCTCTGATGAATACCTAGCGCTGCCATCTCACCTCAAACAAACGGAGGTGTTAGCTCTGAAACTGGAGAACCTAACCAAGCTTCTACCCCAGAAACCCAGAGGAGAGACTATCCAGGATATTGATGACTGGGAACTGTCTGAGATGAATTCAGACTCTGAAATCTATCCAACGTACCATATCAAGAAAAAACACACAAGGCTAGGC	52887588	53072511	-184923	53139380	-251792	52887803	-184708	-251577
ENSMUST00000095737	CCTGGTACGGCTCTGATGAATACCTAGCGCTGCCATCTCACCTCAAACAAACGGAGGTGTTAGCTCTGAAACTGGAGAACCTAACCAAGCTTCTACCCCAGAAACCCAGAGGAGAGACTATCCAGGATATTGATGACTGGGAACTGTCTGAGATGAATTCAGACTCTGAAATCTATCCAACGTACCATATCAAGAAAAAACACACAAGGCTAGGC	52887588	53104730	-217142	53147810	-260222	52887803	-216927	-260007
ENSMUST00000036691	ATGGGCCTGTTGTCCGCAAAGGCTCCCCAGAGTTCCCTGTCCAAGAAGCACCCACCATGTTCTTGGAAGAGACACCTGCAACATCCCCAACAGTCGCTCAGAGCAATAGCAGCAGCAGCAGTAGCAGCAGTAGCAGCATCGAGGAGGAAGTCCGGGAGTCCGGGTCCCCTGCACAGGAGTTCAGCAAGTACCAGAAGTCCCTTCCTCCCCGTTTCCA	32204315	32151291	53024	32183122	21193	32206544	55253	23422
ENSMUST00000036691	ATGGGCCTGTTGTCCGCAAAGGCTCCCCAGAGTTCCCTGTCCAAGAAGCACCCACCATGTTCTTGGAAGAGACACCTGCAACATCCCCAACAGTCGCTCAGAGCAATAGCAGCAGCAGCAGTAGCAGCAGTAGCAGCATCGAGGAGGAAGTCCGGGAGTCCGGGTCCCCTGCACAGGAGTTCAGCAAGTACCAGAAGTCCCTTCCTCCCCGTTTCCA	32204315	32183300	21015	32187480	16835	32206544	23244	19064
ENSMUST00000036691	ATGGGCCTGTTGTCCGCAAAGGCTCCCCAGAGTTCCCTGTCCAAGAAGCACCCACCATGTTCTTGGAAGAGACACCTGCAACATCCCCAACAGTCGCTCAGAGCAATAGCAGCAGCAGCAGTAGCAGCAGTAGCAGCATCGAGGAGGAAGTCCGGGAGTCCGGGTCCCCTGCACAGGAGTTCAGCAAGTACCAGAAGTCCCTTCCTCCCCGTTTCCA	32204315	32212291	-7976	32216045	-11730	32206544	-5747	-9501
ENSMUST00000036691	ATGGGCCTGTTGTCCGCAAAGGCTCCCCAGAGTTCCCTGTCCAAGAAGCACCCACCATGTTCTTGGAAGAGACACCTGCAACATCCCCAACAGTCGCTCAGAGCAATAGCAGCAGCAGCAGTAGCAGCAGTAGCAGCATCGAGGAGGAAGTCCGGGAGTCCGGGTCCCCTGCACAGGAGTTCAGCAAGTACCAGAAGTCCCTTCCTCCCCGTTTCCA	32204315	32219405	-15090	32220089	-15774	32206544	-12861	-13545
ENSMUST00000036691	ATGGGCCTGTTGTCCGCAAAGGCTCCCCAGAGTTCCCTGTCCAAGAAGCACCCACCATGTTCTTGGAAGAGACACCTGCAACATCCCCAACAGTCGCTCAGAGCAATAGCAGCAGCAGCAGTAGCAGCAGTAGCAGCATCGAGGAGGAAGTCCGGGAGTCCGGGTCCCCTGCACAGGAGTTCAGCAAGTACCAGAAGTCCCTTCCTCCCCGTTTCCA	32204315	32224169	-19854	32226944	-22629	32206544	-17625	-20400
ENSMUST00000036691	ATGGGCCTGTTGTCCGCAAAGGCTCCCCAGAGTTCCCTGTCCAAGAAGCACCCACCATGTTCTTGGAAGAGACACCTGCAACATCCCCAACAGTCGCTCAGAGCAATAGCAGCAGCAGCAGTAGCAGCAGTAGCAGCATCGAGGAGGAAGTCCGGGAGTCCGGGTCCCCTGCACAGGAGTTCAGCAAGTACCAGAAGTCCCTTCCTCCCCGTTTCCA	32204315	32224169	-19854	32229262	-24947	32206544	-17625	-22718
ENSMUST00000036691	ATGGGCCTGTTGTCCGCAAAGGCTCCCCAGAGTTCCCTGTCCAAGAAGCACCCACCATGTTCTTGGAAGAGACACCTGCAACATCCCCAACAGTCGCTCAGAGCAATAGCAGCAGCAGCAGTAGCAGCAGTAGCAGCATCGAGGAGGAAGTCCGGGAGTCCGGGTCCCCTGCACAGGAGTTCAGCAAGTACCAGAAGTCCCTTCCTCCCCGTTTCCA	32204315	32224169	-19854	32230610	-26295	32206544	-17625	-24066
ENSMUST00000036691	ATGGGCCTGTTGTCCGCAAAGGCTCCCCAGAGTTCCCTGTCCAAGAAGCACCCACCATGTTCTTGGAAGAGACACCTGCAACATCCCCAACAGTCGCTCAGAGCAATAGCAGCAGCAGCAGTAGCAGCAGTAGCAGCATCGAGGAGGAAGTCCGGGAGTCCGGGTCCCCTGCACAGGAGTTCAGCAAGTACCAGAAGTCCCTTCCTCCCCGTTTCCA	32204315	32224169	-19854	32230610	-26295	32206544	-17625	-24066
ENSMUST00000036691	ATGGGCCTGTTGTCCGCAAAGGCTCCCCAGAGTTCCCTGTCCAAGAAGCACCCACCATGTTCTTGGAAGAGACACCTGCAACATCCCCAACAGTCGCTCAGAGCAATAGCAGCAGCAGCAGTAGCAGCAGTAGCAGCATCGAGGAGGAAGTCCGGGAGTCCGGGTCCCCTGCACAGGAGTTCAGCAAGTACCAGAAGTCCCTTCCTCCCCGTTTCCA	32204315	32227036	-22721	32230610	-26295	32206544	-20492	-24066
ENSMUST00000221675	GGAACTACGTTGACGTGGACCCAACTTTTAACCCAAACATTGATGAGGACTATGACCACCGGCTGGCAGGCATATCTCGGGAGAGCTTCTGTGTGATTTACCTCAGCTGGATAGAGTACTGCTCTTCCCGGAGAGCAAAGCCACTTGATGTAGATAAAGATTCATCTCTGGTGACTCTTTGTTATGGACTCTGTGTTCTGGGACGAAGAGCTTTGGGAACAGCCTCCCACC	81983579	81860524	123055	81906448	77131	81987905	127381	81457
ENSMUST00000221675	GGAACTACGTTGACGTGGACCCAACTTTTAACCCAAACATTGATGAGGACTATGACCACCGGCTGGCAGGCATATCTCGGGAGAGCTTCTGTGTGATTTACCTCAGCTGGATAGAGTACTGCTCTTCCCGGAGAGCAAAGCCACTTGATGTAGATAAAGATTCATCTCTGGTGACTCTTTGTTATGGACTCTGTGTTCTGGGACGAAGAGCTTTGGGAACAGCCTCCCACC	81983579	81860524	123055	81912664	70915	81987905	127381	75241
ENSMUST00000221675	GGAACTACGTTGACGTGGACCCAACTTTTAACCCAAACATTGATGAGGACTATGACCACCGGCTGGCAGGCATATCTCGGGAGAGCTTCTGTGTGATTTACCTCAGCTGGATAGAGTACTGCTCTTCCCGGAGAGCAAAGCCACTTGATGTAGATAAAGATTCATCTCTGGTGACTCTTTGTTATGGACTCTGTGTTCTGGGACGAAGAGCTTTGGGAACAGCCTCCCACC	81983579	81860524	123055	81912664	70915	81987905	127381	75241
ENSMUST00000221675	GGAACTACGTTGACGTGGACCCAACTTTTAACCCAAACATTGATGAGGACTATGACCACCGGCTGGCAGGCATATCTCGGGAGAGCTTCTGTGTGATTTACCTCAGCTGGATAGAGTACTGCTCTTCCCGGAGAGCAAAGCCACTTGATGTAGATAAAGATTCATCTCTGGTGACTCTTTGTTATGGACTCTGTGTTCTGGGACGAAGAGCTTTGGGAACAGCCTCCCACC	81983579	81895191	88388	81912664	70915	81987905	92714	75241
ENSMUST00000221675	GGAACTACGTTGACGTGGACCCAACTTTTAACCCAAACATTGATGAGGACTATGACCACCGGCTGGCAGGCATATCTCGGGAGAGCTTCTGTGTGATTTACCTCAGCTGGATAGAGTACTGCTCTTCCCGGAGAGCAAAGCCACTTGATGTAGATAAAGATTCATCTCTGGTGACTCTTTGTTATGGACTCTGTGTTCTGGGACGAAGAGCTTTGGGAACAGCCTCCCACC	81983579	81912710	70869	81917664	65915	81987905	75195	70241
ENSMUST00000221675	GGAACTACGTTGACGTGGACCCAACTTTTAACCCAAACATTGATGAGGACTATGACCACCGGCTGGCAGGCATATCTCGGGAGAGCTTCTGTGTGATTTACCTCAGCTGGATAGAGTACTGCTCTTCCCGGAGAGCAAAGCCACTTGATGTAGATAAAGATTCATCTCTGGTGACTCTTTGTTATGGACTCTGTGTTCTGGGACGAAGAGCTTTGGGAACAGCCTCCCACC	81983579	81913475	70104	81946930	36649	81987905	74430	40975
ENSMUST00000221675	GGAACTACGTTGACGTGGACCCAACTTTTAACCCAAACATTGATGAGGACTATGACCACCGGCTGGCAGGCATATCTCGGGAGAGCTTCTGTGTGATTTACCTCAGCTGGATAGAGTACTGCTCTTCCCGGAGAGCAAAGCCACTTGATGTAGATAAAGATTCATCTCTGGTGACTCTTTGTTATGGACTCTGTGTTCTGGGACGAAGAGCTTTGGGAACAGCCTCCCACC	81983579	81919380	64199	81933530	50049	81987905	68525	54375
ENSMUST00000221675	GGAACTACGTTGACGTGGACCCAACTTTTAACCCAAACATTGATGAGGACTATGACCACCGGCTGGCAGGCATATCTCGGGAGAGCTTCTGTGTGATTTACCTCAGCTGGATAGAGTACTGCTCTTCCCGGAGAGCAAAGCCACTTGATGTAGATAAAGATTCATCTCTGGTGACTCTTTGTTATGGACTCTGTGTTCTGGGACGAAGAGCTTTGGGAACAGCCTCCCACC	81983579	81919380	64199	81946930	36649	81987905	68525	40975
ENSMUST00000221675	GGAACTACGTTGACGTGGACCCAACTTTTAACCCAAACATTGATGAGGACTATGACCACCGGCTGGCAGGCATATCTCGGGAGAGCTTCTGTGTGATTTACCTCAGCTGGATAGAGTACTGCTCTTCCCGGAGAGCAAAGCCACTTGATGTAGATAAAGATTCATCTCTGGTGACTCTTTGTTATGGACTCTGTGTTCTGGGACGAAGAGCTTTGGGAACAGCCTCCCACC	81983579	81919380	64199	81946930	36649	81987905	68525	40975
ENSMUST00000221675	GGAACTACGTTGACGTGGACCCAACTTTTAACCCAAACATTGATGAGGACTATGACCACCGGCTGGCAGGCATATCTCGGGAGAGCTTCTGTGTGATTTACCTCAGCTGGATAGAGTACTGCTCTTCCCGGAGAGCAAAGCCACTTGATGTAGATAAAGATTCATCTCTGGTGACTCTTTGTTATGGACTCTGTGTTCTGGGACGAAGAGCTTTGGGAACAGCCTCCCACC	81983579	81928374	55205	81946930	36649	81987905	59531	40975
ENSMUST00000110639	GACCCAGTCCCCAAGTCCCCATCACCCCATGCCTGTGGGCCACCCTTCACTGTGGCCTGAAACTGAGGCGCATAGCAGCCTTTCCTCAGACTCTCACCTAGGACCTGTCCGACCAAGTTTGGACTTCCCTGCTTCAGCCTTTGGCTTCTCCTCCTTGCAGCCTGCTCCCCCTCAGCTGCCCTCTCCGGCTGAACCCCGCTCCGCACCCTGTGGCTCTCTTGCCTTCTCTGGGGACC	121305706	121289872	15834	121298596	7110	121305942	16070	7346
ENSMUST00000110639	GACCCAGTCCCCAAGTCCCCATCACCCCATGCCTGTGGGCCACCCTTCACTGTGGCCTGAAACTGAGGCGCATAGCAGCCTTTCCTCAGACTCTCACCTAGGACCTGTCCGACCAAGTTTGGACTTCCCTGCTTCAGCCTTTGGCTTCTCCTCCTTGCAGCCTGCTCCCCCTCAGCTGCCCTCTCCGGCTGAACCCCGCTCCGCACCCTGTGGCTCTCTTGCCTTCTCTGGGGACC	121305706	121290821	14885	121299268	6438	121305942	15121	6674
ENSMUST00000110639	GACCCAGTCCCCAAGTCCCCATCACCCCATGCCTGTGGGCCACCCTTCACTGTGGCCTGAAACTGAGGCGCATAGCAGCCTTTCCTCAGACTCTCACCTAGGACCTGTCCGACCAAGTTTGGACTTCCCTGCTTCAGCCTTTGGCTTCTCCTCCTTGCAGCCTGCTCCCCCTCAGCTGCCCTCTCCGGCTGAACCCCGCTCCGCACCCTGTGGCTCTCTTGCCTTCTCTGGGGACC	121305706	121295542	10164	121298905	6801	121305942	10400	7037
ENSMUST00000110639	GACCCAGTCCCCAAGTCCCCATCACCCCATGCCTGTGGGCCACCCTTCACTGTGGCCTGAAACTGAGGCGCATAGCAGCCTTTCCTCAGACTCTCACCTAGGACCTGTCCGACCAAGTTTGGACTTCCCTGCTTCAGCCTTTGGCTTCTCCTCCTTGCAGCCTGCTCCCCCTCAGCTGCCCTCTCCGGCTGAACCCCGCTCCGCACCCTGTGGCTCTCTTGCCTTCTCTGGGGACC	121305706	121295542	10164	121299268	6438	121305942	10400	6674
ENSMUST00000110639	GACCCAGTCCCCAAGTCCCCATCACCCCATGCCTGTGGGCCACCCTTCACTGTGGCCTGAAACTGAGGCGCATAGCAGCCTTTCCTCAGACTCTCACCTAGGACCTGTCCGACCAAGTTTGGACTTCCCTGCTTCAGCCTTTGGCTTCTCCTCCTTGCAGCCTGCTCCCCCTCAGCTGCCCTCTCCGGCTGAACCCCGCTCCGCACCCTGTGGCTCTCTTGCCTTCTCTGGGGACC	121305706	121295542	10164	121299268	6438	121305942	10400	6674
ENSMUST00000110639	GACCCAGTCCCCAAGTCCCCATCACCCCATGCCTGTGGGCCACCCTTCACTGTGGCCTGAAACTGAGGCGCATAGCAGCCTTTCCTCAGACTCTCACCTAGGACCTGTCCGACCAAGTTTGGACTTCCCTGCTTCAGCCTTTGGCTTCTCCTCCTTGCAGCCTGCTCCCCCTCAGCTGCCCTCTCCGGCTGAACCCCGCTCCGCACCCTGTGGCTCTCTTGCCTTCTCTGGGGACC	121305706	121298679	7027	121299268	6438	121305942	7263	6674
ENSMUST00000110639	GACCCAGTCCCCAAGTCCCCATCACCCCATGCCTGTGGGCCACCCTTCACTGTGGCCTGAAACTGAGGCGCATAGCAGCCTTTCCTCAGACTCTCACCTAGGACCTGTCCGACCAAGTTTGGACTTCCCTGCTTCAGCCTTTGGCTTCTCCTCCTTGCAGCCTGCTCCCCCTCAGCTGCCCTCTCCGGCTGAACCCCGCTCCGCACCCTGTGGCTCTCTTGCCTTCTCTGGGGACC	121305706	121299046	6660	121307514	-1808	121305942	6896	-1572
ENSMUST00000005220	ATGTTGAATGAAACCATGAACGAGGCCCCTGAAGAAACTAAGATCGTTATCAAGAAGGGCCTGGAGTTCAAGGACGGGATGAACGTCTTAGGTCTGATCGGATTCTTTATTGCTTTCGGCATTGCCATGGGGAAGATGGGTGAACAGGCCAAGCTGATGGTGGAGTTCTTCAACATTCTGAATGAGATCGTGATGAAGTTAGTGATCATGATCATGTGGTACTCCCCTCTGGGTATC	102743887	102659301	84586	102735943	7944	102755932	96631	19989
ENSMUST00000005220	ATGTTGAATGAAACCATGAACGAGGCCCCTGAAGAAACTAAGATCGTTATCAAGAAGGGCCTGGAGTTCAAGGACGGGATGAACGTCTTAGGTCTGATCGGATTCTTTATTGCTTTCGGCATTGCCATGGGGAAGATGGGTGAACAGGCCAAGCTGATGGTGGAGTTCTTCAACATTCTGAATGAGATCGTGATGAAGTTAGTGATCATGATCATGTGGTACTCCCCTCTGGGTATC	102743887	102675809	68078	102735943	7944	102755932	80123	19989
ENSMUST00000005220	ATGTTGAATGAAACCATGAACGAGGCCCCTGAAGAAACTAAGATCGTTATCAAGAAGGGCCTGGAGTTCAAGGACGGGATGAACGTCTTAGGTCTGATCGGATTCTTTATTGCTTTCGGCATTGCCATGGGGAAGATGGGTGAACAGGCCAAGCTGATGGTGGAGTTCTTCAACATTCTGAATGAGATCGTGATGAAGTTAGTGATCATGATCATGTGGTACTCCCCTCTGGGTATC	102743887	102659301	84586	102735943	7944	102755932	96631	19989
ENSMUST00000005220	ATGTTGAATGAAACCATGAACGAGGCCCCTGAAGAAACTAAGATCGTTATCAAGAAGGGCCTGGAGTTCAAGGACGGGATGAACGTCTTAGGTCTGATCGGATTCTTTATTGCTTTCGGCATTGCCATGGGGAAGATGGGTGAACAGGCCAAGCTGATGGTGGAGTTCTTCAACATTCTGAATGAGATCGTGATGAAGTTAGTGATCATGATCATGTGGTACTCCCCTCTGGGTATC	102743887	102675809	68078	102735943	7944	102755932	80123	19989
ENSMUST00000005220	ATGTTGAATGAAACCATGAACGAGGCCCCTGAAGAAACTAAGATCGTTATCAAGAAGGGCCTGGAGTTCAAGGACGGGATGAACGTCTTAGGTCTGATCGGATTCTTTATTGCTTTCGGCATTGCCATGGGGAAGATGGGTGAACAGGCCAAGCTGATGGTGGAGTTCTTCAACATTCTGAATGAGATCGTGATGAAGTTAGTGATCATGATCATGTGGTACTCCCCTCTGGGTATC	102743887	102659301	84586	102737776	6111	102755932	96631	18156
ENSMUST00000005220	ATGTTGAATGAAACCATGAACGAGGCCCCTGAAGAAACTAAGATCGTTATCAAGAAGGGCCTGGAGTTCAAGGACGGGATGAACGTCTTAGGTCTGATCGGATTCTTTATTGCTTTCGGCATTGCCATGGGGAAGATGGGTGAACAGGCCAAGCTGATGGTGGAGTTCTTCAACATTCTGAATGAGATCGTGATGAAGTTAGTGATCATGATCATGTGGTACTCCCCTCTGGGTATC	102743887	102659301	84586	102743807	80	102755932	96631	12125
ENSMUST00000005220	ATGTTGAATGAAACCATGAACGAGGCCCCTGAAGAAACTAAGATCGTTATCAAGAAGGGCCTGGAGTTCAAGGACGGGATGAACGTCTTAGGTCTGATCGGATTCTTTATTGCTTTCGGCATTGCCATGGGGAAGATGGGTGAACAGGCCAAGCTGATGGTGGAGTTCTTCAACATTCTGAATGAGATCGTGATGAAGTTAGTGATCATGATCATGTGGTACTCCCCTCTGGGTATC	102743887	102737929	5958	102743807	80	102755932	18003	12125
ENSMUST00000005220	ATGTTGAATGAAACCATGAACGAGGCCCCTGAAGAAACTAAGATCGTTATCAAGAAGGGCCTGGAGTTCAAGGACGGGATGAACGTCTTAGGTCTGATCGGATTCTTTATTGCTTTCGGCATTGCCATGGGGAAGATGGGTGAACAGGCCAAGCTGATGGTGGAGTTCTTCAACATTCTGAATGAGATCGTGATGAAGTTAGTGATCATGATCATGTGGTACTCCCCTCTGGGTATC	102743887	102659301	84586	102755906	-12019	102755932	96631	26
ENSMUST00000005220	ATGTTGAATGAAACCATGAACGAGGCCCCTGAAGAAACTAAGATCGTTATCAAGAAGGGCCTGGAGTTCAAGGACGGGATGAACGTCTTAGGTCTGATCGGATTCTTTATTGCTTTCGGCATTGCCATGGGGAAGATGGGTGAACAGGCCAAGCTGATGGTGGAGTTCTTCAACATTCTGAATGAGATCGTGATGAAGTTAGTGATCATGATCATGTGGTACTCCCCTCTGGGTATC	102743887	102743973	-86	102755906	-12019	102755932	11959	26
ENSMUST00000005220	ATGTTGAATGAAACCATGAACGAGGCCCCTGAAGAAACTAAGATCGTTATCAAGAAGGGCCTGGAGTTCAAGGACGGGATGAACGTCTTAGGTCTGATCGGATTCTTTATTGCTTTCGGCATTGCCATGGGGAAGATGGGTGAACAGGCCAAGCTGATGGTGGAGTTCTTCAACATTCTGAATGAGATCGTGATGAAGTTAGTGATCATGATCATGTGGTACTCCCCTCTGGGTATC	102743887	102748595	-4708	102761014	-17127	102755932	7337	-5082
ENSMUST00000005220	ATGTTGAATGAAACCATGAACGAGGCCCCTGAAGAAACTAAGATCGTTATCAAGAAGGGCCTGGAGTTCAAGGACGGGATGAACGTCTTAGGTCTGATCGGATTCTTTATTGCTTTCGGCATTGCCATGGGGAAGATGGGTGAACAGGCCAAGCTGATGGTGGAGTTCTTCAACATTCTGAATGAGATCGTGATGAAGTTAGTGATCATGATCATGTGGTACTCCCCTCTGGGTATC	102743887	102761209	-17322	102777426	-33539	102755932	-5277	-21494
ENSMUST00000005220	ATGTTGAATGAAACCATGAACGAGGCCCCTGAAGAAACTAAGATCGTTATCAAGAAGGGCCTGGAGTTCAAGGACGGGATGAACGTCTTAGGTCTGATCGGATTCTTTATTGCTTTCGGCATTGCCATGGGGAAGATGGGTGAACAGGCCAAGCTGATGGTGGAGTTCTTCAACATTCTGAATGAGATCGTGATGAAGTTAGTGATCATGATCATGTGGTACTCCCCTCTGGGTATC	102743887	102777655	-33768	102781462	-37575	102755932	-21723	-25530
ENSMUST00000079362	TTCTATGCATTAAGAGTAAAATTTCCTCTTGCTGTAATAAAGACAATTGAAGAAGATTGTTGACACTTAACCATTCCTAAAATTTATTTTTATGTAATTAGCACCTCTCAATGCTTGGTATTTTTCCACTTTTTTTCTTACTCCTTGGGGGTTTGATTAAAACAAATGCCTATAATAGCACAAGACTAGGCACTGGACATAAGGGCCCACATAGAATATCTCCTTTTCCTTAATAGAATCC	34319520	34221276	98244	34266057	53463	34319761	98485	53704
ENSMUST00000079362	TTCTATGCATTAAGAGTAAAATTTCCTCTTGCTGTAATAAAGACAATTGAAGAAGATTGTTGACACTTAACCATTCCTAAAATTTATTTTTATGTAATTAGCACCTCTCAATGCTTGGTATTTTTCCACTTTTTTTCTTACTCCTTGGGGGTTTGATTAAAACAAATGCCTATAATAGCACAAGACTAGGCACTGGACATAAGGGCCCACATAGAATATCTCCTTTTCCTTAATAGAATCC	34319520	34221276	98244	34268297	51223	34319761	98485	51464
ENSMUST00000079362	TTCTATGCATTAAGAGTAAAATTTCCTCTTGCTGTAATAAAGACAATTGAAGAAGATTGTTGACACTTAACCATTCCTAAAATTTATTTTTATGTAATTAGCACCTCTCAATGCTTGGTATTTTTCCACTTTTTTTCTTACTCCTTGGGGGTTTGATTAAAACAAATGCCTATAATAGCACAAGACTAGGCACTGGACATAAGGGCCCACATAGAATATCTCCTTTTCCTTAATAGAATCC	34319520	34247734	71786	34266057	53463	34319761	72027	53704
ENSMUST00000079362	TTCTATGCATTAAGAGTAAAATTTCCTCTTGCTGTAATAAAGACAATTGAAGAAGATTGTTGACACTTAACCATTCCTAAAATTTATTTTTATGTAATTAGCACCTCTCAATGCTTGGTATTTTTCCACTTTTTTTCTTACTCCTTGGGGGTTTGATTAAAACAAATGCCTATAATAGCACAAGACTAGGCACTGGACATAAGGGCCCACATAGAATATCTCCTTTTCCTTAATAGAATCC	34319520	34247734	71786	34268297	51223	34319761	72027	51464
ENSMUST00000079362	TTCTATGCATTAAGAGTAAAATTTCCTCTTGCTGTAATAAAGACAATTGAAGAAGATTGTTGACACTTAACCATTCCTAAAATTTATTTTTATGTAATTAGCACCTCTCAATGCTTGGTATTTTTCCACTTTTTTTCTTACTCCTTGGGGGTTTGATTAAAACAAATGCCTATAATAGCACAAGACTAGGCACTGGACATAAGGGCCCACATAGAATATCTCCTTTTCCTTAATAGAATCC	34319520	34221276	98244	34268297	51223	34319761	98485	51464
ENSMUST00000079362	TTCTATGCATTAAGAGTAAAATTTCCTCTTGCTGTAATAAAGACAATTGAAGAAGATTGTTGACACTTAACCATTCCTAAAATTTATTTTTATGTAATTAGCACCTCTCAATGCTTGGTATTTTTCCACTTTTTTTCTTACTCCTTGGGGGTTTGATTAAAACAAATGCCTATAATAGCACAAGACTAGGCACTGGACATAAGGGCCCACATAGAATATCTCCTTTTCCTTAATAGAATCC	34319520	34247734	71786	34268297	51223	34319761	72027	51464
ENSMUST00000079362	TTCTATGCATTAAGAGTAAAATTTCCTCTTGCTGTAATAAAGACAATTGAAGAAGATTGTTGACACTTAACCATTCCTAAAATTTATTTTTATGTAATTAGCACCTCTCAATGCTTGGTATTTTTCCACTTTTTTTCTTACTCCTTGGGGGTTTGATTAAAACAAATGCCTATAATAGCACAAGACTAGGCACTGGACATAAGGGCCCACATAGAATATCTCCTTTTCCTTAATAGAATCC	34319520	34261157	58363	34268297	51223	34319761	58604	51464
ENSMUST00000079362	TTCTATGCATTAAGAGTAAAATTTCCTCTTGCTGTAATAAAGACAATTGAAGAAGATTGTTGACACTTAACCATTCCTAAAATTTATTTTTATGTAATTAGCACCTCTCAATGCTTGGTATTTTTCCACTTTTTTTCTTACTCCTTGGGGGTTTGATTAAAACAAATGCCTATAATAGCACAAGACTAGGCACTGGACATAAGGGCCCACATAGAATATCTCCTTTTCCTTAATAGAATCC	34319520	34276677	42843	34289837	29683	34319761	43084	29924
ENSMUST00000079362	TTCTATGCATTAAGAGTAAAATTTCCTCTTGCTGTAATAAAGACAATTGAAGAAGATTGTTGACACTTAACCATTCCTAAAATTTATTTTTATGTAATTAGCACCTCTCAATGCTTGGTATTTTTCCACTTTTTTTCTTACTCCTTGGGGGTTTGATTAAAACAAATGCCTATAATAGCACAAGACTAGGCACTGGACATAAGGGCCCACATAGAATATCTCCTTTTCCTTAATAGAATCC	34319520	34279352	40168	34296030	23490	34319761	40409	23731
ENSMUST00000079362	TTCTATGCATTAAGAGTAAAATTTCCTCTTGCTGTAATAAAGACAATTGAAGAAGATTGTTGACACTTAACCATTCCTAAAATTTATTTTTATGTAATTAGCACCTCTCAATGCTTGGTATTTTTCCACTTTTTTTCTTACTCCTTGGGGGTTTGATTAAAACAAATGCCTATAATAGCACAAGACTAGGCACTGGACATAAGGGCCCACATAGAATATCTCCTTTTCCTTAATAGAATCC	34319520	34247734	71786	34298422	21098	34319761	72027	21339
ENSMUST00000079362	TTCTATGCATTAAGAGTAAAATTTCCTCTTGCTGTAATAAAGACAATTGAAGAAGATTGTTGACACTTAACCATTCCTAAAATTTATTTTTATGTAATTAGCACCTCTCAATGCTTGGTATTTTTCCACTTTTTTTCTTACTCCTTGGGGGTTTGATTAAAACAAATGCCTATAATAGCACAAGACTAGGCACTGGACATAAGGGCCCACATAGAATATCTCCTTTTCCTTAATAGAATCC	34319520	34279352	40168	34296030	23490	34319761	40409	23731
ENSMUST00000079362	TTCTATGCATTAAGAGTAAAATTTCCTCTTGCTGTAATAAAGACAATTGAAGAAGATTGTTGACACTTAACCATTCCTAAAATTTATTTTTATGTAATTAGCACCTCTCAATGCTTGGTATTTTTCCACTTTTTTTCTTACTCCTTGGGGGTTTGATTAAAACAAATGCCTATAATAGCACAAGACTAGGCACTGGACATAAGGGCCCACATAGAATATCTCCTTTTCCTTAATAGAATCC	34319520	34289942	29578	34298422	21098	34319761	29819	21339
ENSMUST00000079362	TTCTATGCATTAAGAGTAAAATTTCCTCTTGCTGTAATAAAGACAATTGAAGAAGATTGTTGACACTTAACCATTCCTAAAATTTATTTTTATGTAATTAGCACCTCTCAATGCTTGGTATTTTTCCACTTTTTTTCTTACTCCTTGGGGGTTTGATTAAAACAAATGCCTATAATAGCACAAGACTAGGCACTGGACATAAGGGCCCACATAGAATATCTCCTTTTCCTTAATAGAATCC	34319520	34298801	20719	34304582	14938	34319761	20960	15179
ENSMUST00000079362	TTCTATGCATTAAGAGTAAAATTTCCTCTTGCTGTAATAAAGACAATTGAAGAAGATTGTTGACACTTAACCATTCCTAAAATTTATTTTTATGTAATTAGCACCTCTCAATGCTTGGTATTTTTCCACTTTTTTTCTTACTCCTTGGGGGTTTGATTAAAACAAATGCCTATAATAGCACAAGACTAGGCACTGGACATAAGGGCCCACATAGAATATCTCCTTTTCCTTAATAGAATCC	34319520	34304722	14798	34306262	13258	34319761	15039	13499
ENSMUST00000105616	CCCTCATAGCAGTAGTGGCTTCGCCATTCTGTTTTCTGCAGTGTCCTGTACAAAACTGTGCTGTGACTGTGCGGTAGGCCTGGACATGGCAAAGAGAATACAGCGAAGCCCCTTCTCTTCCTACCAAACAACTCTGTAGAGCTCTCTGCACCCTGTACCCTTTTCACCTTTTGTATTTAATTTTAAAGTCAGTGTACTGCAAGGAGGCTGGATGCAAGATAGATACTATATTAAACTGTACT	155559000	155491580	67420	155527412	31588	155559242	67662	31830
ENSMUST00000105616	CCCTCATAGCAGTAGTGGCTTCGCCATTCTGTTTTCTGCAGTGTCCTGTACAAAACTGTGCTGTGACTGTGCGGTAGGCCTGGACATGGCAAAGAGAATACAGCGAAGCCCCTTCTCTTCCTACCAAACAACTCTGTAGAGCTCTCTGCACCCTGTACCCTTTTCACCTTTTGTATTTAATTTTAAAGTCAGTGTACTGCAAGGAGGCTGGATGCAAGATAGATACTATATTAAACTGTACT	155559000	155491580	67420	155533696	25304	155559242	67662	25546
ENSMUST00000105616	CCCTCATAGCAGTAGTGGCTTCGCCATTCTGTTTTCTGCAGTGTCCTGTACAAAACTGTGCTGTGACTGTGCGGTAGGCCTGGACATGGCAAAGAGAATACAGCGAAGCCCCTTCTCTTCCTACCAAACAACTCTGTAGAGCTCTCTGCACCCTGTACCCTTTTCACCTTTTGTATTTAATTTTAAAGTCAGTGTACTGCAAGGAGGCTGGATGCAAGATAGATACTATATTAAACTGTACT	155559000	155491580	67420	155533696	25304	155559242	67662	25546
ENSMUST00000105616	CCCTCATAGCAGTAGTGGCTTCGCCATTCTGTTTTCTGCAGTGTCCTGTACAAAACTGTGCTGTGACTGTGCGGTAGGCCTGGACATGGCAAAGAGAATACAGCGAAGCCCCTTCTCTTCCTACCAAACAACTCTGTAGAGCTCTCTGCACCCTGTACCCTTTTCACCTTTTGTATTTAATTTTAAAGTCAGTGTACTGCAAGGAGGCTGGATGCAAGATAGATACTATATTAAACTGTACT	155559000	155515679	43321	155533696	25304	155559242	43563	25546
ENSMUST00000105616	CCCTCATAGCAGTAGTGGCTTCGCCATTCTGTTTTCTGCAGTGTCCTGTACAAAACTGTGCTGTGACTGTGCGGTAGGCCTGGACATGGCAAAGAGAATACAGCGAAGCCCCTTCTCTTCCTACCAAACAACTCTGTAGAGCTCTCTGCACCCTGTACCCTTTTCACCTTTTGTATTTAATTTTAAAGTCAGTGTACTGCAAGGAGGCTGGATGCAAGATAGATACTATATTAAACTGTACT	155559000	155491580	67420	155540555	18445	155559242	67662	18687
ENSMUST00000105616	CCCTCATAGCAGTAGTGGCTTCGCCATTCTGTTTTCTGCAGTGTCCTGTACAAAACTGTGCTGTGACTGTGCGGTAGGCCTGGACATGGCAAAGAGAATACAGCGAAGCCCCTTCTCTTCCTACCAAACAACTCTGTAGAGCTCTCTGCACCCTGTACCCTTTTCACCTTTTGTATTTAATTTTAAAGTCAGTGTACTGCAAGGAGGCTGGATGCAAGATAGATACTATATTAAACTGTACT	155559000	155527509	31491	155535357	23643	155559242	31733	23885
ENSMUST00000105616	CCCTCATAGCAGTAGTGGCTTCGCCATTCTGTTTTCTGCAGTGTCCTGTACAAAACTGTGCTGTGACTGTGCGGTAGGCCTGGACATGGCAAAGAGAATACAGCGAAGCCCCTTCTCTTCCTACCAAACAACTCTGTAGAGCTCTCTGCACCCTGTACCCTTTTCACCTTTTGTATTTAATTTTAAAGTCAGTGTACTGCAAGGAGGCTGGATGCAAGATAGATACTATATTAAACTGTACT	155559000	155533735	25265	155540555	18445	155559242	25507	18687
ENSMUST00000003710	ATTCCTGATAACTCTCGTTATTCTCAAGATATGCACTGCCTTATTAGGTATATGTTGGAACCAGACCCTGACAAAAGGCCGGATATTTACCAGGTTTCATACTTCTCATTTAAACTACTCAAGAAAGAATGCCCCGTTCCAAATGTACAGAACTCTCCCATTCCTGCAAAACTTCCTGAACCAGTGAAAGCCAGTGAAGCAGCTGTGAAAAAGACCCAGCCAAAGGCCAGACTGACCGATCC	86946954	86850215	96739	86935429	11525	86955125	104910	19696
ENSMUST00000003710	ATTCCTGATAACTCTCGTTATTCTCAAGATATGCACTGCCTTATTAGGTATATGTTGGAACCAGACCCTGACAAAAGGCCGGATATTTACCAGGTTTCATACTTCTCATTTAAACTACTCAAGAAAGAATGCCCCGTTCCAAATGTACAGAACTCTCCCATTCCTGCAAAACTTCCTGAACCAGTGAAAGCCAGTGAAGCAGCTGTGAAAAAGACCCAGCCAAAGGCCAGACTGACCGATCC	86946954	86937084	9870	86946103	851	86955125	18041	9022
ENSMUST00000003710	ATTCCTGATAACTCTCGTTATTCTCAAGATATGCACTGCCTTATTAGGTATATGTTGGAACCAGACCCTGACAAAAGGCCGGATATTTACCAGGTTTCATACTTCTCATTTAAACTACTCAAGAAAGAATGCCCCGTTCCAAATGTACAGAACTCTCCCATTCCTGCAAAACTTCCTGAACCAGTGAAAGCCAGTGAAGCAGCTGTGAAAAAGACCCAGCCAAAGGCCAGACTGACCGATCC	86946954	86946185	769	86949541	-2587	86955125	8940	5584
ENSMUST00000003710	ATTCCTGATAACTCTCGTTATTCTCAAGATATGCACTGCCTTATTAGGTATATGTTGGAACCAGACCCTGACAAAAGGCCGGATATTTACCAGGTTTCATACTTCTCATTTAAACTACTCAAGAAAGAATGCCCCGTTCCAAATGTACAGAACTCTCCCATTCCTGCAAAACTTCCTGAACCAGTGAAAGCCAGTGAAGCAGCTGTGAAAAAGACCCAGCCAAAGGCCAGACTGACCGATCC	86946954	86946993	-39	86950780	-3826	86955125	8132	4345
ENSMUST00000003710	ATTCCTGATAACTCTCGTTATTCTCAAGATATGCACTGCCTTATTAGGTATATGTTGGAACCAGACCCTGACAAAAGGCCGGATATTTACCAGGTTTCATACTTCTCATTTAAACTACTCAAGAAAGAATGCCCCGTTCCAAATGTACAGAACTCTCCCATTCCTGCAAAACTTCCTGAACCAGTGAAAGCCAGTGAAGCAGCTGTGAAAAAGACCCAGCCAAAGGCCAGACTGACCGATCC	86946954	86956572	-9618	86963992	-17038	86955125	-1447	-8867
ENSMUST00000003710	ATTCCTGATAACTCTCGTTATTCTCAAGATATGCACTGCCTTATTAGGTATATGTTGGAACCAGACCCTGACAAAAGGCCGGATATTTACCAGGTTTCATACTTCTCATTTAAACTACTCAAGAAAGAATGCCCCGTTCCAAATGTACAGAACTCTCCCATTCCTGCAAAACTTCCTGAACCAGTGAAAGCCAGTGAAGCAGCTGTGAAAAAGACCCAGCCAAAGGCCAGACTGACCGATCC	86946954	86965634	-18680	86970990	-24036	86955125	-10509	-15865
ENSMUST00000003710	ATTCCTGATAACTCTCGTTATTCTCAAGATATGCACTGCCTTATTAGGTATATGTTGGAACCAGACCCTGACAAAAGGCCGGATATTTACCAGGTTTCATACTTCTCATTTAAACTACTCAAGAAAGAATGCCCCGTTCCAAATGTACAGAACTCTCCCATTCCTGCAAAACTTCCTGAACCAGTGAAAGCCAGTGAAGCAGCTGTGAAAAAGACCCAGCCAAAGGCCAGACTGACCGATCC	86946954	86965634	-18680	86981295	-34341	86955125	-10509	-26170
ENSMUST00000003710	ATTCCTGATAACTCTCGTTATTCTCAAGATATGCACTGCCTTATTAGGTATATGTTGGAACCAGACCCTGACAAAAGGCCGGATATTTACCAGGTTTCATACTTCTCATTTAAACTACTCAAGAAAGAATGCCCCGTTCCAAATGTACAGAACTCTCCCATTCCTGCAAAACTTCCTGAACCAGTGAAAGCCAGTGAAGCAGCTGTGAAAAAGACCCAGCCAAAGGCCAGACTGACCGATCC	86946954	86965634	-18680	86981295	-34341	86955125	-10509	-26170
ENSMUST00000003710	ATTCCTGATAACTCTCGTTATTCTCAAGATATGCACTGCCTTATTAGGTATATGTTGGAACCAGACCCTGACAAAAGGCCGGATATTTACCAGGTTTCATACTTCTCATTTAAACTACTCAAGAAAGAATGCCCCGTTCCAAATGTACAGAACTCTCCCATTCCTGCAAAACTTCCTGAACCAGTGAAAGCCAGTGAAGCAGCTGTGAAAAAGACCCAGCCAAAGGCCAGACTGACCGATCC	86946954	86967373	-20419	86981295	-34341	86955125	-12248	-26170
ENSMUST00000003710	ATTCCTGATAACTCTCGTTATTCTCAAGATATGCACTGCCTTATTAGGTATATGTTGGAACCAGACCCTGACAAAAGGCCGGATATTTACCAGGTTTCATACTTCTCATTTAAACTACTCAAGAAAGAATGCCCCGTTCCAAATGTACAGAACTCTCCCATTCCTGCAAAACTTCCTGAACCAGTGAAAGCCAGTGAAGCAGCTGTGAAAAAGACCCAGCCAAAGGCCAGACTGACCGATCC	86946954	86967373	-20419	86982541	-35587	86955125	-12248	-27416
ENSMUST00000003710	ATTCCTGATAACTCTCGTTATTCTCAAGATATGCACTGCCTTATTAGGTATATGTTGGAACCAGACCCTGACAAAAGGCCGGATATTTACCAGGTTTCATACTTCTCATTTAAACTACTCAAGAAAGAATGCCCCGTTCCAAATGTACAGAACTCTCCCATTCCTGCAAAACTTCCTGAACCAGTGAAAGCCAGTGAAGCAGCTGTGAAAAAGACCCAGCCAAAGGCCAGACTGACCGATCC	86946954	86967373	-20419	86982541	-35587	86955125	-12248	-27416
ENSMUST00000003710	ATTCCTGATAACTCTCGTTATTCTCAAGATATGCACTGCCTTATTAGGTATATGTTGGAACCAGACCCTGACAAAAGGCCGGATATTTACCAGGTTTCATACTTCTCATTTAAACTACTCAAGAAAGAATGCCCCGTTCCAAATGTACAGAACTCTCCCATTCCTGCAAAACTTCCTGAACCAGTGAAAGCCAGTGAAGCAGCTGTGAAAAAGACCCAGCCAAAGGCCAGACTGACCGATCC	86946954	86971086	-24132	86982541	-35587	86955125	-15961	-27416
ENSMUST00000003710	ATTCCTGATAACTCTCGTTATTCTCAAGATATGCACTGCCTTATTAGGTATATGTTGGAACCAGACCCTGACAAAAGGCCGGATATTTACCAGGTTTCATACTTCTCATTTAAACTACTCAAGAAAGAATGCCCCGTTCCAAATGTACAGAACTCTCCCATTCCTGCAAAACTTCCTGAACCAGTGAAAGCCAGTGAAGCAGCTGTGAAAAAGACCCAGCCAAAGGCCAGACTGACCGATCC	86946954	86850215	96739	86935429	11525	86955125	104910	19696
ENSMUST00000003710	ATTCCTGATAACTCTCGTTATTCTCAAGATATGCACTGCCTTATTAGGTATATGTTGGAACCAGACCCTGACAAAAGGCCGGATATTTACCAGGTTTCATACTTCTCATTTAAACTACTCAAGAAAGAATGCCCCGTTCCAAATGTACAGAACTCTCCCATTCCTGCAAAACTTCCTGAACCAGTGAAAGCCAGTGAAGCAGCTGTGAAAAAGACCCAGCCAAAGGCCAGACTGACCGATCC	86946954	86937084	9870	86946103	851	86955125	18041	9022
ENSMUST00000003710	ATTCCTGATAACTCTCGTTATTCTCAAGATATGCACTGCCTTATTAGGTATATGTTGGAACCAGACCCTGACAAAAGGCCGGATATTTACCAGGTTTCATACTTCTCATTTAAACTACTCAAGAAAGAATGCCCCGTTCCAAATGTACAGAACTCTCCCATTCCTGCAAAACTTCCTGAACCAGTGAAAGCCAGTGAAGCAGCTGTGAAAAAGACCCAGCCAAAGGCCAGACTGACCGATCC	86946954	86946185	769	86949541	-2587	86955125	8940	5584
ENSMUST00000003710	ATTCCTGATAACTCTCGTTATTCTCAAGATATGCACTGCCTTATTAGGTATATGTTGGAACCAGACCCTGACAAAAGGCCGGATATTTACCAGGTTTCATACTTCTCATTTAAACTACTCAAGAAAGAATGCCCCGTTCCAAATGTACAGAACTCTCCCATTCCTGCAAAACTTCCTGAACCAGTGAAAGCCAGTGAAGCAGCTGTGAAAAAGACCCAGCCAAAGGCCAGACTGACCGATCC	86946954	86946993	-39	86950780	-3826	86955125	8132	4345
ENSMUST00000003710	ATTCCTGATAACTCTCGTTATTCTCAAGATATGCACTGCCTTATTAGGTATATGTTGGAACCAGACCCTGACAAAAGGCCGGATATTTACCAGGTTTCATACTTCTCATTTAAACTACTCAAGAAAGAATGCCCCGTTCCAAATGTACAGAACTCTCCCATTCCTGCAAAACTTCCTGAACCAGTGAAAGCCAGTGAAGCAGCTGTGAAAAAGACCCAGCCAAAGGCCAGACTGACCGATCC	86946954	86956572	-9618	86963992	-17038	86955125	-1447	-8867
ENSMUST00000003710	ATTCCTGATAACTCTCGTTATTCTCAAGATATGCACTGCCTTATTAGGTATATGTTGGAACCAGACCCTGACAAAAGGCCGGATATTTACCAGGTTTCATACTTCTCATTTAAACTACTCAAGAAAGAATGCCCCGTTCCAAATGTACAGAACTCTCCCATTCCTGCAAAACTTCCTGAACCAGTGAAAGCCAGTGAAGCAGCTGTGAAAAAGACCCAGCCAAAGGCCAGACTGACCGATCC	86946954	86965634	-18680	86970990	-24036	86955125	-10509	-15865
ENSMUST00000003710	ATTCCTGATAACTCTCGTTATTCTCAAGATATGCACTGCCTTATTAGGTATATGTTGGAACCAGACCCTGACAAAAGGCCGGATATTTACCAGGTTTCATACTTCTCATTTAAACTACTCAAGAAAGAATGCCCCGTTCCAAATGTACAGAACTCTCCCATTCCTGCAAAACTTCCTGAACCAGTGAAAGCCAGTGAAGCAGCTGTGAAAAAGACCCAGCCAAAGGCCAGACTGACCGATCC	86946954	86965634	-18680	86981295	-34341	86955125	-10509	-26170
ENSMUST00000003710	ATTCCTGATAACTCTCGTTATTCTCAAGATATGCACTGCCTTATTAGGTATATGTTGGAACCAGACCCTGACAAAAGGCCGGATATTTACCAGGTTTCATACTTCTCATTTAAACTACTCAAGAAAGAATGCCCCGTTCCAAATGTACAGAACTCTCCCATTCCTGCAAAACTTCCTGAACCAGTGAAAGCCAGTGAAGCAGCTGTGAAAAAGACCCAGCCAAAGGCCAGACTGACCGATCC	86946954	86965634	-18680	86981295	-34341	86955125	-10509	-26170
ENSMUST00000003710	ATTCCTGATAACTCTCGTTATTCTCAAGATATGCACTGCCTTATTAGGTATATGTTGGAACCAGACCCTGACAAAAGGCCGGATATTTACCAGGTTTCATACTTCTCATTTAAACTACTCAAGAAAGAATGCCCCGTTCCAAATGTACAGAACTCTCCCATTCCTGCAAAACTTCCTGAACCAGTGAAAGCCAGTGAAGCAGCTGTGAAAAAGACCCAGCCAAAGGCCAGACTGACCGATCC	86946954	86967373	-20419	86981295	-34341	86955125	-12248	-26170
ENSMUST00000003710	ATTCCTGATAACTCTCGTTATTCTCAAGATATGCACTGCCTTATTAGGTATATGTTGGAACCAGACCCTGACAAAAGGCCGGATATTTACCAGGTTTCATACTTCTCATTTAAACTACTCAAGAAAGAATGCCCCGTTCCAAATGTACAGAACTCTCCCATTCCTGCAAAACTTCCTGAACCAGTGAAAGCCAGTGAAGCAGCTGTGAAAAAGACCCAGCCAAAGGCCAGACTGACCGATCC	86946954	86967373	-20419	86982541	-35587	86955125	-12248	-27416
ENSMUST00000003710	ATTCCTGATAACTCTCGTTATTCTCAAGATATGCACTGCCTTATTAGGTATATGTTGGAACCAGACCCTGACAAAAGGCCGGATATTTACCAGGTTTCATACTTCTCATTTAAACTACTCAAGAAAGAATGCCCCGTTCCAAATGTACAGAACTCTCCCATTCCTGCAAAACTTCCTGAACCAGTGAAAGCCAGTGAAGCAGCTGTGAAAAAGACCCAGCCAAAGGCCAGACTGACCGATCC	86946954	86967373	-20419	86982541	-35587	86955125	-12248	-27416
ENSMUST00000003710	ATTCCTGATAACTCTCGTTATTCTCAAGATATGCACTGCCTTATTAGGTATATGTTGGAACCAGACCCTGACAAAAGGCCGGATATTTACCAGGTTTCATACTTCTCATTTAAACTACTCAAGAAAGAATGCCCCGTTCCAAATGTACAGAACTCTCCCATTCCTGCAAAACTTCCTGAACCAGTGAAAGCCAGTGAAGCAGCTGTGAAAAAGACCCAGCCAAAGGCCAGACTGACCGATCC	86946954	86971086	-24132	86982541	-35587	86955125	-15961	-27416
ENSMUST00000171187	AGTTATGGAAGAAGTATCAGCCATTCATACCTCCCAGGACGACAGAAGTTCTGCTTCTACCACCGAGTTCCATTGTGTGGCAGACGACAGGAGTGCGGCACGAAGAAGCTCTGCCTCCCACACACACTCAAACACATACAACTTCACTAAGTCGGAAAATTCAAATAGGACATGCTCTATGCCTTATGCCAAAGTGGAATATAAACGATCTTCAAATGACAGTTTAAATAGTGTCACTAGTAGTGATG	34312726	34221276	91450	34266057	46669	34312974	91698	46917
ENSMUST00000171187	AGTTATGGAAGAAGTATCAGCCATTCATACCTCCCAGGACGACAGAAGTTCTGCTTCTACCACCGAGTTCCATTGTGTGGCAGACGACAGGAGTGCGGCACGAAGAAGCTCTGCCTCCCACACACACTCAAACACATACAACTTCACTAAGTCGGAAAATTCAAATAGGACATGCTCTATGCCTTATGCCAAAGTGGAATATAAACGATCTTCAAATGACAGTTTAAATAGTGTCACTAGTAGTGATG	34312726	34221276	91450	34268297	44429	34312974	91698	44677
ENSMUST00000171187	AGTTATGGAAGAAGTATCAGCCATTCATACCTCCCAGGACGACAGAAGTTCTGCTTCTACCACCGAGTTCCATTGTGTGGCAGACGACAGGAGTGCGGCACGAAGAAGCTCTGCCTCCCACACACACTCAAACACATACAACTTCACTAAGTCGGAAAATTCAAATAGGACATGCTCTATGCCTTATGCCAAAGTGGAATATAAACGATCTTCAAATGACAGTTTAAATAGTGTCACTAGTAGTGATG	34312726	34247734	64992	34266057	46669	34312974	65240	46917
ENSMUST00000171187	AGTTATGGAAGAAGTATCAGCCATTCATACCTCCCAGGACGACAGAAGTTCTGCTTCTACCACCGAGTTCCATTGTGTGGCAGACGACAGGAGTGCGGCACGAAGAAGCTCTGCCTCCCACACACACTCAAACACATACAACTTCACTAAGTCGGAAAATTCAAATAGGACATGCTCTATGCCTTATGCCAAAGTGGAATATAAACGATCTTCAAATGACAGTTTAAATAGTGTCACTAGTAGTGATG	34312726	34247734	64992	34268297	44429	34312974	65240	44677
ENSMUST00000171187	AGTTATGGAAGAAGTATCAGCCATTCATACCTCCCAGGACGACAGAAGTTCTGCTTCTACCACCGAGTTCCATTGTGTGGCAGACGACAGGAGTGCGGCACGAAGAAGCTCTGCCTCCCACACACACTCAAACACATACAACTTCACTAAGTCGGAAAATTCAAATAGGACATGCTCTATGCCTTATGCCAAAGTGGAATATAAACGATCTTCAAATGACAGTTTAAATAGTGTCACTAGTAGTGATG	34312726	34221276	91450	34268297	44429	34312974	91698	44677
ENSMUST00000171187	AGTTATGGAAGAAGTATCAGCCATTCATACCTCCCAGGACGACAGAAGTTCTGCTTCTACCACCGAGTTCCATTGTGTGGCAGACGACAGGAGTGCGGCACGAAGAAGCTCTGCCTCCCACACACACTCAAACACATACAACTTCACTAAGTCGGAAAATTCAAATAGGACATGCTCTATGCCTTATGCCAAAGTGGAATATAAACGATCTTCAAATGACAGTTTAAATAGTGTCACTAGTAGTGATG	34312726	34247734	64992	34268297	44429	34312974	65240	44677
ENSMUST00000171187	AGTTATGGAAGAAGTATCAGCCATTCATACCTCCCAGGACGACAGAAGTTCTGCTTCTACCACCGAGTTCCATTGTGTGGCAGACGACAGGAGTGCGGCACGAAGAAGCTCTGCCTCCCACACACACTCAAACACATACAACTTCACTAAGTCGGAAAATTCAAATAGGACATGCTCTATGCCTTATGCCAAAGTGGAATATAAACGATCTTCAAATGACAGTTTAAATAGTGTCACTAGTAGTGATG	34312726	34261157	51569	34268297	44429	34312974	51817	44677
ENSMUST00000171187	AGTTATGGAAGAAGTATCAGCCATTCATACCTCCCAGGACGACAGAAGTTCTGCTTCTACCACCGAGTTCCATTGTGTGGCAGACGACAGGAGTGCGGCACGAAGAAGCTCTGCCTCCCACACACACTCAAACACATACAACTTCACTAAGTCGGAAAATTCAAATAGGACATGCTCTATGCCTTATGCCAAAGTGGAATATAAACGATCTTCAAATGACAGTTTAAATAGTGTCACTAGTAGTGATG	34312726	34276677	36049	34289837	22889	34312974	36297	23137
ENSMUST00000171187	AGTTATGGAAGAAGTATCAGCCATTCATACCTCCCAGGACGACAGAAGTTCTGCTTCTACCACCGAGTTCCATTGTGTGGCAGACGACAGGAGTGCGGCACGAAGAAGCTCTGCCTCCCACACACACTCAAACACATACAACTTCACTAAGTCGGAAAATTCAAATAGGACATGCTCTATGCCTTATGCCAAAGTGGAATATAAACGATCTTCAAATGACAGTTTAAATAGTGTCACTAGTAGTGATG	34312726	34279352	33374	34296030	16696	34312974	33622	16944
ENSMUST00000171187	AGTTATGGAAGAAGTATCAGCCATTCATACCTCCCAGGACGACAGAAGTTCTGCTTCTACCACCGAGTTCCATTGTGTGGCAGACGACAGGAGTGCGGCACGAAGAAGCTCTGCCTCCCACACACACTCAAACACATACAACTTCACTAAGTCGGAAAATTCAAATAGGACATGCTCTATGCCTTATGCCAAAGTGGAATATAAACGATCTTCAAATGACAGTTTAAATAGTGTCACTAGTAGTGATG	34312726	34247734	64992	34298422	14304	34312974	65240	14552
ENSMUST00000171187	AGTTATGGAAGAAGTATCAGCCATTCATACCTCCCAGGACGACAGAAGTTCTGCTTCTACCACCGAGTTCCATTGTGTGGCAGACGACAGGAGTGCGGCACGAAGAAGCTCTGCCTCCCACACACACTCAAACACATACAACTTCACTAAGTCGGAAAATTCAAATAGGACATGCTCTATGCCTTATGCCAAAGTGGAATATAAACGATCTTCAAATGACAGTTTAAATAGTGTCACTAGTAGTGATG	34312726	34279352	33374	34296030	16696	34312974	33622	16944
ENSMUST00000171187	AGTTATGGAAGAAGTATCAGCCATTCATACCTCCCAGGACGACAGAAGTTCTGCTTCTACCACCGAGTTCCATTGTGTGGCAGACGACAGGAGTGCGGCACGAAGAAGCTCTGCCTCCCACACACACTCAAACACATACAACTTCACTAAGTCGGAAAATTCAAATAGGACATGCTCTATGCCTTATGCCAAAGTGGAATATAAACGATCTTCAAATGACAGTTTAAATAGTGTCACTAGTAGTGATG	34312726	34289942	22784	34298422	14304	34312974	23032	14552
ENSMUST00000171187	AGTTATGGAAGAAGTATCAGCCATTCATACCTCCCAGGACGACAGAAGTTCTGCTTCTACCACCGAGTTCCATTGTGTGGCAGACGACAGGAGTGCGGCACGAAGAAGCTCTGCCTCCCACACACACTCAAACACATACAACTTCACTAAGTCGGAAAATTCAAATAGGACATGCTCTATGCCTTATGCCAAAGTGGAATATAAACGATCTTCAAATGACAGTTTAAATAGTGTCACTAGTAGTGATG	34312726	34298801	13925	34304582	8144	34312974	14173	8392
ENSMUST00000171187	AGTTATGGAAGAAGTATCAGCCATTCATACCTCCCAGGACGACAGAAGTTCTGCTTCTACCACCGAGTTCCATTGTGTGGCAGACGACAGGAGTGCGGCACGAAGAAGCTCTGCCTCCCACACACACTCAAACACATACAACTTCACTAAGTCGGAAAATTCAAATAGGACATGCTCTATGCCTTATGCCAAAGTGGAATATAAACGATCTTCAAATGACAGTTTAAATAGTGTCACTAGTAGTGATG	34312726	34304722	8004	34306262	6464	34312974	8252	6712
ENSMUST00000113462	AGGTGTCCGGCCTCTACTACAATGGGCTCAAGGTACTGGCGCTGGCCGCCGAGAGCGACCCCAATGTGCGGACCGAAGGCCACCTACGGCTAGTAGGGGAGGGGCCGTCCGTGCTGCTCAGTGCTGAGACCACTGCCACCACTCTGCTGGCCGACATGGCCACCACCATCATGGAGACCACCACCACCATGGCCACCACCACTACTCGCCGGGGCCGTTCCCCCACAATGAGGGACAGCACCACCCAGA	6517021	6428778	88243	6448254	68767	6519271	90493	71017
ENSMUST00000113462	AGGTGTCCGGCCTCTACTACAATGGGCTCAAGGTACTGGCGCTGGCCGCCGAGAGCGACCCCAATGTGCGGACCGAAGGCCACCTACGGCTAGTAGGGGAGGGGCCGTCCGTGCTGCTCAGTGCTGAGACCACTGCCACCACTCTGCTGGCCGACATGGCCACCACCATCATGGAGACCACCACCACCATGGCCACCACCACTACTCGCCGGGGCCGTTCCCCCACAATGAGGGACAGCACCACCCAGA	6517021	6428778	88243	6472257	44764	6519271	90493	47014
ENSMUST00000113462	AGGTGTCCGGCCTCTACTACAATGGGCTCAAGGTACTGGCGCTGGCCGCCGAGAGCGACCCCAATGTGCGGACCGAAGGCCACCTACGGCTAGTAGGGGAGGGGCCGTCCGTGCTGCTCAGTGCTGAGACCACTGCCACCACTCTGCTGGCCGACATGGCCACCACCATCATGGAGACCACCACCACCATGGCCACCACCACTACTCGCCGGGGCCGTTCCCCCACAATGAGGGACAGCACCACCCAGA	6517021	6428778	88243	6472257	44764	6519271	90493	47014
ENSMUST00000113462	AGGTGTCCGGCCTCTACTACAATGGGCTCAAGGTACTGGCGCTGGCCGCCGAGAGCGACCCCAATGTGCGGACCGAAGGCCACCTACGGCTAGTAGGGGAGGGGCCGTCCGTGCTGCTCAGTGCTGAGACCACTGCCACCACTCTGCTGGCCGACATGGCCACCACCATCATGGAGACCACCACCACCATGGCCACCACCACTACTCGCCGGGGCCGTTCCCCCACAATGAGGGACAGCACCACCCAGA	6517021	6443648	73373	6450527	66494	6519271	75623	68744
ENSMUST00000113462	AGGTGTCCGGCCTCTACTACAATGGGCTCAAGGTACTGGCGCTGGCCGCCGAGAGCGACCCCAATGTGCGGACCGAAGGCCACCTACGGCTAGTAGGGGAGGGGCCGTCCGTGCTGCTCAGTGCTGAGACCACTGCCACCACTCTGCTGGCCGACATGGCCACCACCATCATGGAGACCACCACCACCATGGCCACCACCACTACTCGCCGGGGCCGTTCCCCCACAATGAGGGACAGCACCACCCAGA	6517021	6443648	73373	6450530	66491	6519271	75623	68741
ENSMUST00000113462	AGGTGTCCGGCCTCTACTACAATGGGCTCAAGGTACTGGCGCTGGCCGCCGAGAGCGACCCCAATGTGCGGACCGAAGGCCACCTACGGCTAGTAGGGGAGGGGCCGTCCGTGCTGCTCAGTGCTGAGACCACTGCCACCACTCTGCTGGCCGACATGGCCACCACCATCATGGAGACCACCACCACCATGGCCACCACCACTACTCGCCGGGGCCGTTCCCCCACAATGAGGGACAGCACCACCCAGA	6517021	6443648	73373	6454978	62043	6519271	75623	64293
ENSMUST00000113462	AGGTGTCCGGCCTCTACTACAATGGGCTCAAGGTACTGGCGCTGGCCGCCGAGAGCGACCCCAATGTGCGGACCGAAGGCCACCTACGGCTAGTAGGGGAGGGGCCGTCCGTGCTGCTCAGTGCTGAGACCACTGCCACCACTCTGCTGGCCGACATGGCCACCACCATCATGGAGACCACCACCACCATGGCCACCACCACTACTCGCCGGGGCCGTTCCCCCACAATGAGGGACAGCACCACCCAGA	6517021	6443648	73373	6463823	53198	6519271	75623	55448
ENSMUST00000113462	AGGTGTCCGGCCTCTACTACAATGGGCTCAAGGTACTGGCGCTGGCCGCCGAGAGCGACCCCAATGTGCGGACCGAAGGCCACCTACGGCTAGTAGGGGAGGGGCCGTCCGTGCTGCTCAGTGCTGAGACCACTGCCACCACTCTGCTGGCCGACATGGCCACCACCATCATGGAGACCACCACCACCATGGCCACCACCACTACTCGCCGGGGCCGTTCCCCCACAATGAGGGACAGCACCACCCAGA	6517021	6443648	73373	6472257	44764	6519271	75623	47014
ENSMUST00000113462	AGGTGTCCGGCCTCTACTACAATGGGCTCAAGGTACTGGCGCTGGCCGCCGAGAGCGACCCCAATGTGCGGACCGAAGGCCACCTACGGCTAGTAGGGGAGGGGCCGTCCGTGCTGCTCAGTGCTGAGACCACTGCCACCACTCTGCTGGCCGACATGGCCACCACCATCATGGAGACCACCACCACCATGGCCACCACCACTACTCGCCGGGGCCGTTCCCCCACAATGAGGGACAGCACCACCCAGA	6517021	6443648	73373	6454978	62043	6519271	75623	64293
ENSMUST00000113462	AGGTGTCCGGCCTCTACTACAATGGGCTCAAGGTACTGGCGCTGGCCGCCGAGAGCGACCCCAATGTGCGGACCGAAGGCCACCTACGGCTAGTAGGGGAGGGGCCGTCCGTGCTGCTCAGTGCTGAGACCACTGCCACCACTCTGCTGGCCGACATGGCCACCACCATCATGGAGACCACCACCACCATGGCCACCACCACTACTCGCCGGGGCCGTTCCCCCACAATGAGGGACAGCACCACCCAGA	6517021	6443648	73373	6481109	35912	6519271	75623	38162
ENSMUST00000113462	AGGTGTCCGGCCTCTACTACAATGGGCTCAAGGTACTGGCGCTGGCCGCCGAGAGCGACCCCAATGTGCGGACCGAAGGCCACCTACGGCTAGTAGGGGAGGGGCCGTCCGTGCTGCTCAGTGCTGAGACCACTGCCACCACTCTGCTGGCCGACATGGCCACCACCATCATGGAGACCACCACCACCATGGCCACCACCACTACTCGCCGGGGCCGTTCCCCCACAATGAGGGACAGCACCACCCAGA	6517021	6448284	68737	6454978	62043	6519271	70987	64293
ENSMUST00000113462	AGGTGTCCGGCCTCTACTACAATGGGCTCAAGGTACTGGCGCTGGCCGCCGAGAGCGACCCCAATGTGCGGACCGAAGGCCACCTACGGCTAGTAGGGGAGGGGCCGTCCGTGCTGCTCAGTGCTGAGACCACTGCCACCACTCTGCTGGCCGACATGGCCACCACCATCATGGAGACCACCACCACCATGGCCACCACCACTACTCGCCGGGGCCGTTCCCCCACAATGAGGGACAGCACCACCCAGA	6517021	6443648	73373	6454978	62043	6519271	75623	64293
ENSMUST00000113462	AGGTGTCCGGCCTCTACTACAATGGGCTCAAGGTACTGGCGCTGGCCGCCGAGAGCGACCCCAATGTGCGGACCGAAGGCCACCTACGGCTAGTAGGGGAGGGGCCGTCCGTGCTGCTCAGTGCTGAGACCACTGCCACCACTCTGCTGGCCGACATGGCCACCACCATCATGGAGACCACCACCACCATGGCCACCACCACTACTCGCCGGGGCCGTTCCCCCACAATGAGGGACAGCACCACCCAGA	6517021	6448284	68737	6454978	62043	6519271	70987	64293
ENSMUST00000113462	AGGTGTCCGGCCTCTACTACAATGGGCTCAAGGTACTGGCGCTGGCCGCCGAGAGCGACCCCAATGTGCGGACCGAAGGCCACCTACGGCTAGTAGGGGAGGGGCCGTCCGTGCTGCTCAGTGCTGAGACCACTGCCACCACTCTGCTGGCCGACATGGCCACCACCATCATGGAGACCACCACCACCATGGCCACCACCACTACTCGCCGGGGCCGTTCCCCCACAATGAGGGACAGCACCACCCAGA	6517021	6443648	73373	6463823	53198	6519271	75623	55448
ENSMUST00000113462	AGGTGTCCGGCCTCTACTACAATGGGCTCAAGGTACTGGCGCTGGCCGCCGAGAGCGACCCCAATGTGCGGACCGAAGGCCACCTACGGCTAGTAGGGGAGGGGCCGTCCGTGCTGCTCAGTGCTGAGACCACTGCCACCACTCTGCTGGCCGACATGGCCACCACCATCATGGAGACCACCACCACCATGGCCACCACCACTACTCGCCGGGGCCGTTCCCCCACAATGAGGGACAGCACCACCCAGA	6517021	6443648	73373	6472257	44764	6519271	75623	47014
ENSMUST00000113462	AGGTGTCCGGCCTCTACTACAATGGGCTCAAGGTACTGGCGCTGGCCGCCGAGAGCGACCCCAATGTGCGGACCGAAGGCCACCTACGGCTAGTAGGGGAGGGGCCGTCCGTGCTGCTCAGTGCTGAGACCACTGCCACCACTCTGCTGGCCGACATGGCCACCACCATCATGGAGACCACCACCACCATGGCCACCACCACTACTCGCCGGGGCCGTTCCCCCACAATGAGGGACAGCACCACCCAGA	6517021	6448284	68737	6463823	53198	6519271	70987	55448
ENSMUST00000113462	AGGTGTCCGGCCTCTACTACAATGGGCTCAAGGTACTGGCGCTGGCCGCCGAGAGCGACCCCAATGTGCGGACCGAAGGCCACCTACGGCTAGTAGGGGAGGGGCCGTCCGTGCTGCTCAGTGCTGAGACCACTGCCACCACTCTGCTGGCCGACATGGCCACCACCATCATGGAGACCACCACCACCATGGCCACCACCACTACTCGCCGGGGCCGTTCCCCCACAATGAGGGACAGCACCACCCAGA	6517021	6448284	68737	6472257	44764	6519271	70987	47014
ENSMUST00000113462	AGGTGTCCGGCCTCTACTACAATGGGCTCAAGGTACTGGCGCTGGCCGCCGAGAGCGACCCCAATGTGCGGACCGAAGGCCACCTACGGCTAGTAGGGGAGGGGCCGTCCGTGCTGCTCAGTGCTGAGACCACTGCCACCACTCTGCTGGCCGACATGGCCACCACCATCATGGAGACCACCACCACCATGGCCACCACCACTACTCGCCGGGGCCGTTCCCCCACAATGAGGGACAGCACCACCCAGA	6517021	6443648	73373	6472257	44764	6519271	75623	47014
ENSMUST00000113462	AGGTGTCCGGCCTCTACTACAATGGGCTCAAGGTACTGGCGCTGGCCGCCGAGAGCGACCCCAATGTGCGGACCGAAGGCCACCTACGGCTAGTAGGGGAGGGGCCGTCCGTGCTGCTCAGTGCTGAGACCACTGCCACCACTCTGCTGGCCGACATGGCCACCACCATCATGGAGACCACCACCACCATGGCCACCACCACTACTCGCCGGGGCCGTTCCCCCACAATGAGGGACAGCACCACCCAGA	6517021	6448284	68737	6472257	44764	6519271	70987	47014
ENSMUST00000113462	AGGTGTCCGGCCTCTACTACAATGGGCTCAAGGTACTGGCGCTGGCCGCCGAGAGCGACCCCAATGTGCGGACCGAAGGCCACCTACGGCTAGTAGGGGAGGGGCCGTCCGTGCTGCTCAGTGCTGAGACCACTGCCACCACTCTGCTGGCCGACATGGCCACCACCATCATGGAGACCACCACCACCATGGCCACCACCACTACTCGCCGGGGCCGTTCCCCCACAATGAGGGACAGCACCACCCAGA	6517021	6455280	61741	6472257	44764	6519271	63991	47014
ENSMUST00000113462	AGGTGTCCGGCCTCTACTACAATGGGCTCAAGGTACTGGCGCTGGCCGCCGAGAGCGACCCCAATGTGCGGACCGAAGGCCACCTACGGCTAGTAGGGGAGGGGCCGTCCGTGCTGCTCAGTGCTGAGACCACTGCCACCACTCTGCTGGCCGACATGGCCACCACCATCATGGAGACCACCACCACCATGGCCACCACCACTACTCGCCGGGGCCGTTCCCCCACAATGAGGGACAGCACCACCCAGA	6517021	6443648	73373	6472257	44764	6519271	75623	47014
ENSMUST00000113462	AGGTGTCCGGCCTCTACTACAATGGGCTCAAGGTACTGGCGCTGGCCGCCGAGAGCGACCCCAATGTGCGGACCGAAGGCCACCTACGGCTAGTAGGGGAGGGGCCGTCCGTGCTGCTCAGTGCTGAGACCACTGCCACCACTCTGCTGGCCGACATGGCCACCACCATCATGGAGACCACCACCACCATGGCCACCACCACTACTCGCCGGGGCCGTTCCCCCACAATGAGGGACAGCACCACCCAGA	6517021	6448284	68737	6472257	44764	6519271	70987	47014
ENSMUST00000113462	AGGTGTCCGGCCTCTACTACAATGGGCTCAAGGTACTGGCGCTGGCCGCCGAGAGCGACCCCAATGTGCGGACCGAAGGCCACCTACGGCTAGTAGGGGAGGGGCCGTCCGTGCTGCTCAGTGCTGAGACCACTGCCACCACTCTGCTGGCCGACATGGCCACCACCATCATGGAGACCACCACCACCATGGCCACCACCACTACTCGCCGGGGCCGTTCCCCCACAATGAGGGACAGCACCACCCAGA	6517021	6455280	61741	6472257	44764	6519271	63991	47014
ENSMUST00000113462	AGGTGTCCGGCCTCTACTACAATGGGCTCAAGGTACTGGCGCTGGCCGCCGAGAGCGACCCCAATGTGCGGACCGAAGGCCACCTACGGCTAGTAGGGGAGGGGCCGTCCGTGCTGCTCAGTGCTGAGACCACTGCCACCACTCTGCTGGCCGACATGGCCACCACCATCATGGAGACCACCACCACCATGGCCACCACCACTACTCGCCGGGGCCGTTCCCCCACAATGAGGGACAGCACCACCCAGA	6517021	6455280	61741	6473317	43704	6519271	63991	45954
ENSMUST00000113462	AGGTGTCCGGCCTCTACTACAATGGGCTCAAGGTACTGGCGCTGGCCGCCGAGAGCGACCCCAATGTGCGGACCGAAGGCCACCTACGGCTAGTAGGGGAGGGGCCGTCCGTGCTGCTCAGTGCTGAGACCACTGCCACCACTCTGCTGGCCGACATGGCCACCACCATCATGGAGACCACCACCACCATGGCCACCACCACTACTCGCCGGGGCCGTTCCCCCACAATGAGGGACAGCACCACCCAGA	6517021	6481875	35146	6490066	26955	6519271	37396	29205
ENSMUST00000113462	AGGTGTCCGGCCTCTACTACAATGGGCTCAAGGTACTGGCGCTGGCCGCCGAGAGCGACCCCAATGTGCGGACCGAAGGCCACCTACGGCTAGTAGGGGAGGGGCCGTCCGTGCTGCTCAGTGCTGAGACCACTGCCACCACTCTGCTGGCCGACATGGCCACCACCATCATGGAGACCACCACCACCATGGCCACCACCACTACTCGCCGGGGCCGTTCCCCCACAATGAGGGACAGCACCACCCAGA	6517021	6493009	24012	6504874	12147	6519271	26262	14397
ENSMUST00000113462	AGGTGTCCGGCCTCTACTACAATGGGCTCAAGGTACTGGCGCTGGCCGCCGAGAGCGACCCCAATGTGCGGACCGAAGGCCACCTACGGCTAGTAGGGGAGGGGCCGTCCGTGCTGCTCAGTGCTGAGACCACTGCCACCACTCTGCTGGCCGACATGGCCACCACCATCATGGAGACCACCACCACCATGGCCACCACCACTACTCGCCGGGGCCGTTCCCCCACAATGAGGGACAGCACCACCCAGA	6517021	6498531	18490	6509777	7244	6519271	20740	9494
ENSMUST00000113462	AGGTGTCCGGCCTCTACTACAATGGGCTCAAGGTACTGGCGCTGGCCGCCGAGAGCGACCCCAATGTGCGGACCGAAGGCCACCTACGGCTAGTAGGGGAGGGGCCGTCCGTGCTGCTCAGTGCTGAGACCACTGCCACCACTCTGCTGGCCGACATGGCCACCACCATCATGGAGACCACCACCACCATGGCCACCACCACTACTCGCCGGGGCCGTTCCCCCACAATGAGGGACAGCACCACCCAGA	6517021	6505056	11965	6519248	-2227	6519271	14215	23
ENSMUST00000113462	AGGTGTCCGGCCTCTACTACAATGGGCTCAAGGTACTGGCGCTGGCCGCCGAGAGCGACCCCAATGTGCGGACCGAAGGCCACCTACGGCTAGTAGGGGAGGGGCCGTCCGTGCTGCTCAGTGCTGAGACCACTGCCACCACTCTGCTGGCCGACATGGCCACCACCATCATGGAGACCACCACCACCATGGCCACCACCACTACTCGCCGGGGCCGTTCCCCCACAATGAGGGACAGCACCACCCAGA	6517021	6509949	7072	6516922	99	6519271	9322	2349
ENSMUST00000113462	AGGTGTCCGGCCTCTACTACAATGGGCTCAAGGTACTGGCGCTGGCCGCCGAGAGCGACCCCAATGTGCGGACCGAAGGCCACCTACGGCTAGTAGGGGAGGGGCCGTCCGTGCTGCTCAGTGCTGAGACCACTGCCACCACTCTGCTGGCCGACATGGCCACCACCATCATGGAGACCACCACCACCATGGCCACCACCACTACTCGCCGGGGCCGTTCCCCCACAATGAGGGACAGCACCACCCAGA	6517021	6509949	7072	6519248	-2227	6519271	9322	23
ENSMUST00000113462	AGGTGTCCGGCCTCTACTACAATGGGCTCAAGGTACTGGCGCTGGCCGCCGAGAGCGACCCCAATGTGCGGACCGAAGGCCACCTACGGCTAGTAGGGGAGGGGCCGTCCGTGCTGCTCAGTGCTGAGACCACTGCCACCACTCTGCTGGCCGACATGGCCACCACCATCATGGAGACCACCACCACCATGGCCACCACCACTACTCGCCGGGGCCGTTCCCCCACAATGAGGGACAGCACCACCCAGA	6517021	6517248	-227	6531267	-14246	6519271	2023	-11996
ENSMUST00000113462	AGGTGTCCGGCCTCTACTACAATGGGCTCAAGGTACTGGCGCTGGCCGCCGAGAGCGACCCCAATGTGCGGACCGAAGGCCACCTACGGCTAGTAGGGGAGGGGCCGTCCGTGCTGCTCAGTGCTGAGACCACTGCCACCACTCTGCTGGCCGACATGGCCACCACCATCATGGAGACCACCACCACCATGGCCACCACCACTACTCGCCGGGGCCGTTCCCCCACAATGAGGGACAGCACCACCCAGA	6517021	6517248	-227	6531843	-14822	6519271	2023	-12572
ENSMUST00000113462	AGGTGTCCGGCCTCTACTACAATGGGCTCAAGGTACTGGCGCTGGCCGCCGAGAGCGACCCCAATGTGCGGACCGAAGGCCACCTACGGCTAGTAGGGGAGGGGCCGTCCGTGCTGCTCAGTGCTGAGACCACTGCCACCACTCTGCTGGCCGACATGGCCACCACCATCATGGAGACCACCACCACCATGGCCACCACCACTACTCGCCGGGGCCGTTCCCCCACAATGAGGGACAGCACCACCCAGA	6517021	6517248	-227	6542340	-25319	6519271	2023	-23069
ENSMUST00000113462	AGGTGTCCGGCCTCTACTACAATGGGCTCAAGGTACTGGCGCTGGCCGCCGAGAGCGACCCCAATGTGCGGACCGAAGGCCACCTACGGCTAGTAGGGGAGGGGCCGTCCGTGCTGCTCAGTGCTGAGACCACTGCCACCACTCTGCTGGCCGACATGGCCACCACCATCATGGAGACCACCACCACCATGGCCACCACCACTACTCGCCGGGGCCGTTCCCCCACAATGAGGGACAGCACCACCCAGA	6517021	6428778	88243	6448254	68767	6519271	90493	71017
ENSMUST00000113462	AGGTGTCCGGCCTCTACTACAATGGGCTCAAGGTACTGGCGCTGGCCGCCGAGAGCGACCCCAATGTGCGGACCGAAGGCCACCTACGGCTAGTAGGGGAGGGGCCGTCCGTGCTGCTCAGTGCTGAGACCACTGCCACCACTCTGCTGGCCGACATGGCCACCACCATCATGGAGACCACCACCACCATGGCCACCACCACTACTCGCCGGGGCCGTTCCCCCACAATGAGGGACAGCACCACCCAGA	6517021	6428778	88243	6472257	44764	6519271	90493	47014
ENSMUST00000113462	AGGTGTCCGGCCTCTACTACAATGGGCTCAAGGTACTGGCGCTGGCCGCCGAGAGCGACCCCAATGTGCGGACCGAAGGCCACCTACGGCTAGTAGGGGAGGGGCCGTCCGTGCTGCTCAGTGCTGAGACCACTGCCACCACTCTGCTGGCCGACATGGCCACCACCATCATGGAGACCACCACCACCATGGCCACCACCACTACTCGCCGGGGCCGTTCCCCCACAATGAGGGACAGCACCACCCAGA	6517021	6428778	88243	6472257	44764	6519271	90493	47014
ENSMUST00000113462	AGGTGTCCGGCCTCTACTACAATGGGCTCAAGGTACTGGCGCTGGCCGCCGAGAGCGACCCCAATGTGCGGACCGAAGGCCACCTACGGCTAGTAGGGGAGGGGCCGTCCGTGCTGCTCAGTGCTGAGACCACTGCCACCACTCTGCTGGCCGACATGGCCACCACCATCATGGAGACCACCACCACCATGGCCACCACCACTACTCGCCGGGGCCGTTCCCCCACAATGAGGGACAGCACCACCCAGA	6517021	6443648	73373	6450527	66494	6519271	75623	68744
ENSMUST00000113462	AGGTGTCCGGCCTCTACTACAATGGGCTCAAGGTACTGGCGCTGGCCGCCGAGAGCGACCCCAATGTGCGGACCGAAGGCCACCTACGGCTAGTAGGGGAGGGGCCGTCCGTGCTGCTCAGTGCTGAGACCACTGCCACCACTCTGCTGGCCGACATGGCCACCACCATCATGGAGACCACCACCACCATGGCCACCACCACTACTCGCCGGGGCCGTTCCCCCACAATGAGGGACAGCACCACCCAGA	6517021	6443648	73373	6450530	66491	6519271	75623	68741
ENSMUST00000113462	AGGTGTCCGGCCTCTACTACAATGGGCTCAAGGTACTGGCGCTGGCCGCCGAGAGCGACCCCAATGTGCGGACCGAAGGCCACCTACGGCTAGTAGGGGAGGGGCCGTCCGTGCTGCTCAGTGCTGAGACCACTGCCACCACTCTGCTGGCCGACATGGCCACCACCATCATGGAGACCACCACCACCATGGCCACCACCACTACTCGCCGGGGCCGTTCCCCCACAATGAGGGACAGCACCACCCAGA	6517021	6443648	73373	6454978	62043	6519271	75623	64293
ENSMUST00000113462	AGGTGTCCGGCCTCTACTACAATGGGCTCAAGGTACTGGCGCTGGCCGCCGAGAGCGACCCCAATGTGCGGACCGAAGGCCACCTACGGCTAGTAGGGGAGGGGCCGTCCGTGCTGCTCAGTGCTGAGACCACTGCCACCACTCTGCTGGCCGACATGGCCACCACCATCATGGAGACCACCACCACCATGGCCACCACCACTACTCGCCGGGGCCGTTCCCCCACAATGAGGGACAGCACCACCCAGA	6517021	6443648	73373	6463823	53198	6519271	75623	55448
ENSMUST00000113462	AGGTGTCCGGCCTCTACTACAATGGGCTCAAGGTACTGGCGCTGGCCGCCGAGAGCGACCCCAATGTGCGGACCGAAGGCCACCTACGGCTAGTAGGGGAGGGGCCGTCCGTGCTGCTCAGTGCTGAGACCACTGCCACCACTCTGCTGGCCGACATGGCCACCACCATCATGGAGACCACCACCACCATGGCCACCACCACTACTCGCCGGGGCCGTTCCCCCACAATGAGGGACAGCACCACCCAGA	6517021	6443648	73373	6472257	44764	6519271	75623	47014
ENSMUST00000113462	AGGTGTCCGGCCTCTACTACAATGGGCTCAAGGTACTGGCGCTGGCCGCCGAGAGCGACCCCAATGTGCGGACCGAAGGCCACCTACGGCTAGTAGGGGAGGGGCCGTCCGTGCTGCTCAGTGCTGAGACCACTGCCACCACTCTGCTGGCCGACATGGCCACCACCATCATGGAGACCACCACCACCATGGCCACCACCACTACTCGCCGGGGCCGTTCCCCCACAATGAGGGACAGCACCACCCAGA	6517021	6443648	73373	6454978	62043	6519271	75623	64293
ENSMUST00000113462	AGGTGTCCGGCCTCTACTACAATGGGCTCAAGGTACTGGCGCTGGCCGCCGAGAGCGACCCCAATGTGCGGACCGAAGGCCACCTACGGCTAGTAGGGGAGGGGCCGTCCGTGCTGCTCAGTGCTGAGACCACTGCCACCACTCTGCTGGCCGACATGGCCACCACCATCATGGAGACCACCACCACCATGGCCACCACCACTACTCGCCGGGGCCGTTCCCCCACAATGAGGGACAGCACCACCCAGA	6517021	6443648	73373	6481109	35912	6519271	75623	38162
ENSMUST00000113462	AGGTGTCCGGCCTCTACTACAATGGGCTCAAGGTACTGGCGCTGGCCGCCGAGAGCGACCCCAATGTGCGGACCGAAGGCCACCTACGGCTAGTAGGGGAGGGGCCGTCCGTGCTGCTCAGTGCTGAGACCACTGCCACCACTCTGCTGGCCGACATGGCCACCACCATCATGGAGACCACCACCACCATGGCCACCACCACTACTCGCCGGGGCCGTTCCCCCACAATGAGGGACAGCACCACCCAGA	6517021	6448284	68737	6454978	62043	6519271	70987	64293
ENSMUST00000113462	AGGTGTCCGGCCTCTACTACAATGGGCTCAAGGTACTGGCGCTGGCCGCCGAGAGCGACCCCAATGTGCGGACCGAAGGCCACCTACGGCTAGTAGGGGAGGGGCCGTCCGTGCTGCTCAGTGCTGAGACCACTGCCACCACTCTGCTGGCCGACATGGCCACCACCATCATGGAGACCACCACCACCATGGCCACCACCACTACTCGCCGGGGCCGTTCCCCCACAATGAGGGACAGCACCACCCAGA	6517021	6443648	73373	6454978	62043	6519271	75623	64293
ENSMUST00000113462	AGGTGTCCGGCCTCTACTACAATGGGCTCAAGGTACTGGCGCTGGCCGCCGAGAGCGACCCCAATGTGCGGACCGAAGGCCACCTACGGCTAGTAGGGGAGGGGCCGTCCGTGCTGCTCAGTGCTGAGACCACTGCCACCACTCTGCTGGCCGACATGGCCACCACCATCATGGAGACCACCACCACCATGGCCACCACCACTACTCGCCGGGGCCGTTCCCCCACAATGAGGGACAGCACCACCCAGA	6517021	6448284	68737	6454978	62043	6519271	70987	64293
ENSMUST00000113462	AGGTGTCCGGCCTCTACTACAATGGGCTCAAGGTACTGGCGCTGGCCGCCGAGAGCGACCCCAATGTGCGGACCGAAGGCCACCTACGGCTAGTAGGGGAGGGGCCGTCCGTGCTGCTCAGTGCTGAGACCACTGCCACCACTCTGCTGGCCGACATGGCCACCACCATCATGGAGACCACCACCACCATGGCCACCACCACTACTCGCCGGGGCCGTTCCCCCACAATGAGGGACAGCACCACCCAGA	6517021	6443648	73373	6463823	53198	6519271	75623	55448
ENSMUST00000113462	AGGTGTCCGGCCTCTACTACAATGGGCTCAAGGTACTGGCGCTGGCCGCCGAGAGCGACCCCAATGTGCGGACCGAAGGCCACCTACGGCTAGTAGGGGAGGGGCCGTCCGTGCTGCTCAGTGCTGAGACCACTGCCACCACTCTGCTGGCCGACATGGCCACCACCATCATGGAGACCACCACCACCATGGCCACCACCACTACTCGCCGGGGCCGTTCCCCCACAATGAGGGACAGCACCACCCAGA	6517021	6443648	73373	6472257	44764	6519271	75623	47014
ENSMUST00000113462	AGGTGTCCGGCCTCTACTACAATGGGCTCAAGGTACTGGCGCTGGCCGCCGAGAGCGACCCCAATGTGCGGACCGAAGGCCACCTACGGCTAGTAGGGGAGGGGCCGTCCGTGCTGCTCAGTGCTGAGACCACTGCCACCACTCTGCTGGCCGACATGGCCACCACCATCATGGAGACCACCACCACCATGGCCACCACCACTACTCGCCGGGGCCGTTCCCCCACAATGAGGGACAGCACCACCCAGA	6517021	6448284	68737	6463823	53198	6519271	70987	55448
ENSMUST00000113462	AGGTGTCCGGCCTCTACTACAATGGGCTCAAGGTACTGGCGCTGGCCGCCGAGAGCGACCCCAATGTGCGGACCGAAGGCCACCTACGGCTAGTAGGGGAGGGGCCGTCCGTGCTGCTCAGTGCTGAGACCACTGCCACCACTCTGCTGGCCGACATGGCCACCACCATCATGGAGACCACCACCACCATGGCCACCACCACTACTCGCCGGGGCCGTTCCCCCACAATGAGGGACAGCACCACCCAGA	6517021	6448284	68737	6472257	44764	6519271	70987	47014
ENSMUST00000113462	AGGTGTCCGGCCTCTACTACAATGGGCTCAAGGTACTGGCGCTGGCCGCCGAGAGCGACCCCAATGTGCGGACCGAAGGCCACCTACGGCTAGTAGGGGAGGGGCCGTCCGTGCTGCTCAGTGCTGAGACCACTGCCACCACTCTGCTGGCCGACATGGCCACCACCATCATGGAGACCACCACCACCATGGCCACCACCACTACTCGCCGGGGCCGTTCCCCCACAATGAGGGACAGCACCACCCAGA	6517021	6443648	73373	6472257	44764	6519271	75623	47014
ENSMUST00000113462	AGGTGTCCGGCCTCTACTACAATGGGCTCAAGGTACTGGCGCTGGCCGCCGAGAGCGACCCCAATGTGCGGACCGAAGGCCACCTACGGCTAGTAGGGGAGGGGCCGTCCGTGCTGCTCAGTGCTGAGACCACTGCCACCACTCTGCTGGCCGACATGGCCACCACCATCATGGAGACCACCACCACCATGGCCACCACCACTACTCGCCGGGGCCGTTCCCCCACAATGAGGGACAGCACCACCCAGA	6517021	6448284	68737	6472257	44764	6519271	70987	47014
ENSMUST00000113462	AGGTGTCCGGCCTCTACTACAATGGGCTCAAGGTACTGGCGCTGGCCGCCGAGAGCGACCCCAATGTGCGGACCGAAGGCCACCTACGGCTAGTAGGGGAGGGGCCGTCCGTGCTGCTCAGTGCTGAGACCACTGCCACCACTCTGCTGGCCGACATGGCCACCACCATCATGGAGACCACCACCACCATGGCCACCACCACTACTCGCCGGGGCCGTTCCCCCACAATGAGGGACAGCACCACCCAGA	6517021	6455280	61741	6472257	44764	6519271	63991	47014
ENSMUST00000113462	AGGTGTCCGGCCTCTACTACAATGGGCTCAAGGTACTGGCGCTGGCCGCCGAGAGCGACCCCAATGTGCGGACCGAAGGCCACCTACGGCTAGTAGGGGAGGGGCCGTCCGTGCTGCTCAGTGCTGAGACCACTGCCACCACTCTGCTGGCCGACATGGCCACCACCATCATGGAGACCACCACCACCATGGCCACCACCACTACTCGCCGGGGCCGTTCCCCCACAATGAGGGACAGCACCACCCAGA	6517021	6443648	73373	6472257	44764	6519271	75623	47014
ENSMUST00000113462	AGGTGTCCGGCCTCTACTACAATGGGCTCAAGGTACTGGCGCTGGCCGCCGAGAGCGACCCCAATGTGCGGACCGAAGGCCACCTACGGCTAGTAGGGGAGGGGCCGTCCGTGCTGCTCAGTGCTGAGACCACTGCCACCACTCTGCTGGCCGACATGGCCACCACCATCATGGAGACCACCACCACCATGGCCACCACCACTACTCGCCGGGGCCGTTCCCCCACAATGAGGGACAGCACCACCCAGA	6517021	6448284	68737	6472257	44764	6519271	70987	47014
ENSMUST00000113462	AGGTGTCCGGCCTCTACTACAATGGGCTCAAGGTACTGGCGCTGGCCGCCGAGAGCGACCCCAATGTGCGGACCGAAGGCCACCTACGGCTAGTAGGGGAGGGGCCGTCCGTGCTGCTCAGTGCTGAGACCACTGCCACCACTCTGCTGGCCGACATGGCCACCACCATCATGGAGACCACCACCACCATGGCCACCACCACTACTCGCCGGGGCCGTTCCCCCACAATGAGGGACAGCACCACCCAGA	6517021	6455280	61741	6472257	44764	6519271	63991	47014
ENSMUST00000113462	AGGTGTCCGGCCTCTACTACAATGGGCTCAAGGTACTGGCGCTGGCCGCCGAGAGCGACCCCAATGTGCGGACCGAAGGCCACCTACGGCTAGTAGGGGAGGGGCCGTCCGTGCTGCTCAGTGCTGAGACCACTGCCACCACTCTGCTGGCCGACATGGCCACCACCATCATGGAGACCACCACCACCATGGCCACCACCACTACTCGCCGGGGCCGTTCCCCCACAATGAGGGACAGCACCACCCAGA	6517021	6455280	61741	6473317	43704	6519271	63991	45954
ENSMUST00000113462	AGGTGTCCGGCCTCTACTACAATGGGCTCAAGGTACTGGCGCTGGCCGCCGAGAGCGACCCCAATGTGCGGACCGAAGGCCACCTACGGCTAGTAGGGGAGGGGCCGTCCGTGCTGCTCAGTGCTGAGACCACTGCCACCACTCTGCTGGCCGACATGGCCACCACCATCATGGAGACCACCACCACCATGGCCACCACCACTACTCGCCGGGGCCGTTCCCCCACAATGAGGGACAGCACCACCCAGA	6517021	6481875	35146	6490066	26955	6519271	37396	29205
ENSMUST00000113462	AGGTGTCCGGCCTCTACTACAATGGGCTCAAGGTACTGGCGCTGGCCGCCGAGAGCGACCCCAATGTGCGGACCGAAGGCCACCTACGGCTAGTAGGGGAGGGGCCGTCCGTGCTGCTCAGTGCTGAGACCACTGCCACCACTCTGCTGGCCGACATGGCCACCACCATCATGGAGACCACCACCACCATGGCCACCACCACTACTCGCCGGGGCCGTTCCCCCACAATGAGGGACAGCACCACCCAGA	6517021	6493009	24012	6504874	12147	6519271	26262	14397
ENSMUST00000113462	AGGTGTCCGGCCTCTACTACAATGGGCTCAAGGTACTGGCGCTGGCCGCCGAGAGCGACCCCAATGTGCGGACCGAAGGCCACCTACGGCTAGTAGGGGAGGGGCCGTCCGTGCTGCTCAGTGCTGAGACCACTGCCACCACTCTGCTGGCCGACATGGCCACCACCATCATGGAGACCACCACCACCATGGCCACCACCACTACTCGCCGGGGCCGTTCCCCCACAATGAGGGACAGCACCACCCAGA	6517021	6498531	18490	6509777	7244	6519271	20740	9494
ENSMUST00000113462	AGGTGTCCGGCCTCTACTACAATGGGCTCAAGGTACTGGCGCTGGCCGCCGAGAGCGACCCCAATGTGCGGACCGAAGGCCACCTACGGCTAGTAGGGGAGGGGCCGTCCGTGCTGCTCAGTGCTGAGACCACTGCCACCACTCTGCTGGCCGACATGGCCACCACCATCATGGAGACCACCACCACCATGGCCACCACCACTACTCGCCGGGGCCGTTCCCCCACAATGAGGGACAGCACCACCCAGA	6517021	6505056	11965	6519248	-2227	6519271	14215	23
ENSMUST00000113462	AGGTGTCCGGCCTCTACTACAATGGGCTCAAGGTACTGGCGCTGGCCGCCGAGAGCGACCCCAATGTGCGGACCGAAGGCCACCTACGGCTAGTAGGGGAGGGGCCGTCCGTGCTGCTCAGTGCTGAGACCACTGCCACCACTCTGCTGGCCGACATGGCCACCACCATCATGGAGACCACCACCACCATGGCCACCACCACTACTCGCCGGGGCCGTTCCCCCACAATGAGGGACAGCACCACCCAGA	6517021	6509949	7072	6516922	99	6519271	9322	2349
ENSMUST00000113462	AGGTGTCCGGCCTCTACTACAATGGGCTCAAGGTACTGGCGCTGGCCGCCGAGAGCGACCCCAATGTGCGGACCGAAGGCCACCTACGGCTAGTAGGGGAGGGGCCGTCCGTGCTGCTCAGTGCTGAGACCACTGCCACCACTCTGCTGGCCGACATGGCCACCACCATCATGGAGACCACCACCACCATGGCCACCACCACTACTCGCCGGGGCCGTTCCCCCACAATGAGGGACAGCACCACCCAGA	6517021	6509949	7072	6519248	-2227	6519271	9322	23
ENSMUST00000113462	AGGTGTCCGGCCTCTACTACAATGGGCTCAAGGTACTGGCGCTGGCCGCCGAGAGCGACCCCAATGTGCGGACCGAAGGCCACCTACGGCTAGTAGGGGAGGGGCCGTCCGTGCTGCTCAGTGCTGAGACCACTGCCACCACTCTGCTGGCCGACATGGCCACCACCATCATGGAGACCACCACCACCATGGCCACCACCACTACTCGCCGGGGCCGTTCCCCCACAATGAGGGACAGCACCACCCAGA	6517021	6517248	-227	6531267	-14246	6519271	2023	-11996
ENSMUST00000113462	AGGTGTCCGGCCTCTACTACAATGGGCTCAAGGTACTGGCGCTGGCCGCCGAGAGCGACCCCAATGTGCGGACCGAAGGCCACCTACGGCTAGTAGGGGAGGGGCCGTCCGTGCTGCTCAGTGCTGAGACCACTGCCACCACTCTGCTGGCCGACATGGCCACCACCATCATGGAGACCACCACCACCATGGCCACCACCACTACTCGCCGGGGCCGTTCCCCCACAATGAGGGACAGCACCACCCAGA	6517021	6517248	-227	6531843	-14822	6519271	2023	-12572
ENSMUST00000113462	AGGTGTCCGGCCTCTACTACAATGGGCTCAAGGTACTGGCGCTGGCCGCCGAGAGCGACCCCAATGTGCGGACCGAAGGCCACCTACGGCTAGTAGGGGAGGGGCCGTCCGTGCTGCTCAGTGCTGAGACCACTGCCACCACTCTGCTGGCCGACATGGCCACCACCATCATGGAGACCACCACCACCATGGCCACCACCACTACTCGCCGGGGCCGTTCCCCCACAATGAGGGACAGCACCACCCAGA	6517021	6517248	-227	6542340	-25319	6519271	2023	-23069
ENSMUST00000028102	GAGTTTTAAACAACTGTTGAGTAAGGACCAGATAACTGCCAAAGGAAACACTGGTCTGTGAAGTCTGCTTATTTACTGAGAACTGTGTATCAACTTTTAAACACTTCCCATGTGTGCAGATAAAAGGGGAATAGGGCTTTCTGTAGAATTCTATCTGTCTAGTTTGTAAAGTGTCATGTGTACTGCAGATGTCTGTTCTCTGGGCTTTATGTTCTGTACAGTAGATTTCATTAAGAAAAATTGTGGACAAACTTGTTTCTGT	49774328	49619787	154541	49680164	94164	49774590	154803	94426
ENSMUST00000028102	GAGTTTTAAACAACTGTTGAGTAAGGACCAGATAACTGCCAAAGGAAACACTGGTCTGTGAAGTCTGCTTATTTACTGAGAACTGTGTATCAACTTTTAAACACTTCCCATGTGTGCAGATAAAAGGGGAATAGGGCTTTCTGTAGAATTCTATCTGTCTAGTTTGTAAAGTGTCATGTGTACTGCAGATGTCTGTTCTCTGGGCTTTATGTTCTGTACAGTAGATTTCATTAAGAAAAATTGTGGACAAACTTGTTTCTGT	49774328	49619787	154541	49722976	51352	49774590	154803	51614
ENSMUST00000028102	GAGTTTTAAACAACTGTTGAGTAAGGACCAGATAACTGCCAAAGGAAACACTGGTCTGTGAAGTCTGCTTATTTACTGAGAACTGTGTATCAACTTTTAAACACTTCCCATGTGTGCAGATAAAAGGGGAATAGGGCTTTCTGTAGAATTCTATCTGTCTAGTTTGTAAAGTGTCATGTGTACTGCAGATGTCTGTTCTCTGGGCTTTATGTTCTGTACAGTAGATTTCATTAAGAAAAATTGTGGACAAACTTGTTTCTGT	49774328	49671842	102486	49688652	85676	49774590	102748	85938
ENSMUST00000028102	GAGTTTTAAACAACTGTTGAGTAAGGACCAGATAACTGCCAAAGGAAACACTGGTCTGTGAAGTCTGCTTATTTACTGAGAACTGTGTATCAACTTTTAAACACTTCCCATGTGTGCAGATAAAAGGGGAATAGGGCTTTCTGTAGAATTCTATCTGTCTAGTTTGTAAAGTGTCATGTGTACTGCAGATGTCTGTTCTCTGGGCTTTATGTTCTGTACAGTAGATTTCATTAAGAAAAATTGTGGACAAACTTGTTTCTGT	49774328	49680238	94090	49693693	80635	49774590	94352	80897
ENSMUST00000028102	GAGTTTTAAACAACTGTTGAGTAAGGACCAGATAACTGCCAAAGGAAACACTGGTCTGTGAAGTCTGCTTATTTACTGAGAACTGTGTATCAACTTTTAAACACTTCCCATGTGTGCAGATAAAAGGGGAATAGGGCTTTCTGTAGAATTCTATCTGTCTAGTTTGTAAAGTGTCATGTGTACTGCAGATGTCTGTTCTCTGGGCTTTATGTTCTGTACAGTAGATTTCATTAAGAAAAATTGTGGACAAACTTGTTTCTGT	49774328	49671842	102486	49722976	51352	49774590	102748	51614
ENSMUST00000028102	GAGTTTTAAACAACTGTTGAGTAAGGACCAGATAACTGCCAAAGGAAACACTGGTCTGTGAAGTCTGCTTATTTACTGAGAACTGTGTATCAACTTTTAAACACTTCCCATGTGTGCAGATAAAAGGGGAATAGGGCTTTCTGTAGAATTCTATCTGTCTAGTTTGTAAAGTGTCATGTGTACTGCAGATGTCTGTTCTCTGGGCTTTATGTTCTGTACAGTAGATTTCATTAAGAAAAATTGTGGACAAACTTGTTTCTGT	49774328	49619787	154541	49727890	46438	49774590	154803	46700
ENSMUST00000028102	GAGTTTTAAACAACTGTTGAGTAAGGACCAGATAACTGCCAAAGGAAACACTGGTCTGTGAAGTCTGCTTATTTACTGAGAACTGTGTATCAACTTTTAAACACTTCCCATGTGTGCAGATAAAAGGGGAATAGGGCTTTCTGTAGAATTCTATCTGTCTAGTTTGTAAAGTGTCATGTGTACTGCAGATGTCTGTTCTCTGGGCTTTATGTTCTGTACAGTAGATTTCATTAAGAAAAATTGTGGACAAACTTGTTTCTGT	49774328	49723149	51179	49730116	44212	49774590	51441	44474
ENSMUST00000028102	GAGTTTTAAACAACTGTTGAGTAAGGACCAGATAACTGCCAAAGGAAACACTGGTCTGTGAAGTCTGCTTATTTACTGAGAACTGTGTATCAACTTTTAAACACTTCCCATGTGTGCAGATAAAAGGGGAATAGGGCTTTCTGTAGAATTCTATCTGTCTAGTTTGTAAAGTGTCATGTGTACTGCAGATGTCTGTTCTCTGGGCTTTATGTTCTGTACAGTAGATTTCATTAAGAAAAATTGTGGACAAACTTGTTTCTGT	49774328	49727959	46369	49730116	44212	49774590	46631	44474
ENSMUST00000028102	GAGTTTTAAACAACTGTTGAGTAAGGACCAGATAACTGCCAAAGGAAACACTGGTCTGTGAAGTCTGCTTATTTACTGAGAACTGTGTATCAACTTTTAAACACTTCCCATGTGTGCAGATAAAAGGGGAATAGGGCTTTCTGTAGAATTCTATCTGTCTAGTTTGTAAAGTGTCATGTGTACTGCAGATGTCTGTTCTCTGGGCTTTATGTTCTGTACAGTAGATTTCATTAAGAAAAATTGTGGACAAACTTGTTTCTGT	49774328	49752353	21975	49758809	15519	49774590	22237	15781
ENSMUST00000028102	GAGTTTTAAACAACTGTTGAGTAAGGACCAGATAACTGCCAAAGGAAACACTGGTCTGTGAAGTCTGCTTATTTACTGAGAACTGTGTATCAACTTTTAAACACTTCCCATGTGTGCAGATAAAAGGGGAATAGGGCTTTCTGTAGAATTCTATCTGTCTAGTTTGTAAAGTGTCATGTGTACTGCAGATGTCTGTTCTCTGGGCTTTATGTTCTGTACAGTAGATTTCATTAAGAAAAATTGTGGACAAACTTGTTTCTGT	49774328	49757555	16773	49771163	3165	49774590	17035	3427
ENSMUST00000079362	CAACAGAAAATGCAGGAACCTCATCAAAACGAGGTCTGCAGATCACTACCACTGCAGCCCAGATAGCCAAAGTTATGGAAGAAGTATCAGCCATTCATACCTCCCAGGACGACAGAAGTTCTGCTTCTACCACCGAGTTCCATTGTGTGGCAGACGACAGGAGTGCGGCACGAAGAAGCTCTGCCTCCCACACACACTCAAACACATACAACTTCACTAAGTCGGAAAATTCAAATAGGACATGCTCTATGCCTTATGCCAAAGT	34312658	34221276	91382	34266057	46601	34312923	91647	46866
ENSMUST00000079362	CAACAGAAAATGCAGGAACCTCATCAAAACGAGGTCTGCAGATCACTACCACTGCAGCCCAGATAGCCAAAGTTATGGAAGAAGTATCAGCCATTCATACCTCCCAGGACGACAGAAGTTCTGCTTCTACCACCGAGTTCCATTGTGTGGCAGACGACAGGAGTGCGGCACGAAGAAGCTCTGCCTCCCACACACACTCAAACACATACAACTTCACTAAGTCGGAAAATTCAAATAGGACATGCTCTATGCCTTATGCCAAAGT	34312658	34221276	91382	34268297	44361	34312923	91647	44626
ENSMUST00000079362	CAACAGAAAATGCAGGAACCTCATCAAAACGAGGTCTGCAGATCACTACCACTGCAGCCCAGATAGCCAAAGTTATGGAAGAAGTATCAGCCATTCATACCTCCCAGGACGACAGAAGTTCTGCTTCTACCACCGAGTTCCATTGTGTGGCAGACGACAGGAGTGCGGCACGAAGAAGCTCTGCCTCCCACACACACTCAAACACATACAACTTCACTAAGTCGGAAAATTCAAATAGGACATGCTCTATGCCTTATGCCAAAGT	34312658	34247734	64924	34266057	46601	34312923	65189	46866
ENSMUST00000079362	CAACAGAAAATGCAGGAACCTCATCAAAACGAGGTCTGCAGATCACTACCACTGCAGCCCAGATAGCCAAAGTTATGGAAGAAGTATCAGCCATTCATACCTCCCAGGACGACAGAAGTTCTGCTTCTACCACCGAGTTCCATTGTGTGGCAGACGACAGGAGTGCGGCACGAAGAAGCTCTGCCTCCCACACACACTCAAACACATACAACTTCACTAAGTCGGAAAATTCAAATAGGACATGCTCTATGCCTTATGCCAAAGT	34312658	34247734	64924	34268297	44361	34312923	65189	44626
ENSMUST00000079362	CAACAGAAAATGCAGGAACCTCATCAAAACGAGGTCTGCAGATCACTACCACTGCAGCCCAGATAGCCAAAGTTATGGAAGAAGTATCAGCCATTCATACCTCCCAGGACGACAGAAGTTCTGCTTCTACCACCGAGTTCCATTGTGTGGCAGACGACAGGAGTGCGGCACGAAGAAGCTCTGCCTCCCACACACACTCAAACACATACAACTTCACTAAGTCGGAAAATTCAAATAGGACATGCTCTATGCCTTATGCCAAAGT	34312658	34221276	91382	34268297	44361	34312923	91647	44626
ENSMUST00000079362	CAACAGAAAATGCAGGAACCTCATCAAAACGAGGTCTGCAGATCACTACCACTGCAGCCCAGATAGCCAAAGTTATGGAAGAAGTATCAGCCATTCATACCTCCCAGGACGACAGAAGTTCTGCTTCTACCACCGAGTTCCATTGTGTGGCAGACGACAGGAGTGCGGCACGAAGAAGCTCTGCCTCCCACACACACTCAAACACATACAACTTCACTAAGTCGGAAAATTCAAATAGGACATGCTCTATGCCTTATGCCAAAGT	34312658	34247734	64924	34268297	44361	34312923	65189	44626
ENSMUST00000079362	CAACAGAAAATGCAGGAACCTCATCAAAACGAGGTCTGCAGATCACTACCACTGCAGCCCAGATAGCCAAAGTTATGGAAGAAGTATCAGCCATTCATACCTCCCAGGACGACAGAAGTTCTGCTTCTACCACCGAGTTCCATTGTGTGGCAGACGACAGGAGTGCGGCACGAAGAAGCTCTGCCTCCCACACACACTCAAACACATACAACTTCACTAAGTCGGAAAATTCAAATAGGACATGCTCTATGCCTTATGCCAAAGT	34312658	34261157	51501	34268297	44361	34312923	51766	44626
ENSMUST00000079362	CAACAGAAAATGCAGGAACCTCATCAAAACGAGGTCTGCAGATCACTACCACTGCAGCCCAGATAGCCAAAGTTATGGAAGAAGTATCAGCCATTCATACCTCCCAGGACGACAGAAGTTCTGCTTCTACCACCGAGTTCCATTGTGTGGCAGACGACAGGAGTGCGGCACGAAGAAGCTCTGCCTCCCACACACACTCAAACACATACAACTTCACTAAGTCGGAAAATTCAAATAGGACATGCTCTATGCCTTATGCCAAAGT	34312658	34276677	35981	34289837	22821	34312923	36246	23086
ENSMUST00000079362	CAACAGAAAATGCAGGAACCTCATCAAAACGAGGTCTGCAGATCACTACCACTGCAGCCCAGATAGCCAAAGTTATGGAAGAAGTATCAGCCATTCATACCTCCCAGGACGACAGAAGTTCTGCTTCTACCACCGAGTTCCATTGTGTGGCAGACGACAGGAGTGCGGCACGAAGAAGCTCTGCCTCCCACACACACTCAAACACATACAACTTCACTAAGTCGGAAAATTCAAATAGGACATGCTCTATGCCTTATGCCAAAGT	34312658	34279352	33306	34296030	16628	34312923	33571	16893
ENSMUST00000079362	CAACAGAAAATGCAGGAACCTCATCAAAACGAGGTCTGCAGATCACTACCACTGCAGCCCAGATAGCCAAAGTTATGGAAGAAGTATCAGCCATTCATACCTCCCAGGACGACAGAAGTTCTGCTTCTACCACCGAGTTCCATTGTGTGGCAGACGACAGGAGTGCGGCACGAAGAAGCTCTGCCTCCCACACACACTCAAACACATACAACTTCACTAAGTCGGAAAATTCAAATAGGACATGCTCTATGCCTTATGCCAAAGT	34312658	34247734	64924	34298422	14236	34312923	65189	14501
ENSMUST00000079362	CAACAGAAAATGCAGGAACCTCATCAAAACGAGGTCTGCAGATCACTACCACTGCAGCCCAGATAGCCAAAGTTATGGAAGAAGTATCAGCCATTCATACCTCCCAGGACGACAGAAGTTCTGCTTCTACCACCGAGTTCCATTGTGTGGCAGACGACAGGAGTGCGGCACGAAGAAGCTCTGCCTCCCACACACACTCAAACACATACAACTTCACTAAGTCGGAAAATTCAAATAGGACATGCTCTATGCCTTATGCCAAAGT	34312658	34279352	33306	34296030	16628	34312923	33571	16893
ENSMUST00000079362	CAACAGAAAATGCAGGAACCTCATCAAAACGAGGTCTGCAGATCACTACCACTGCAGCCCAGATAGCCAAAGTTATGGAAGAAGTATCAGCCATTCATACCTCCCAGGACGACAGAAGTTCTGCTTCTACCACCGAGTTCCATTGTGTGGCAGACGACAGGAGTGCGGCACGAAGAAGCTCTGCCTCCCACACACACTCAAACACATACAACTTCACTAAGTCGGAAAATTCAAATAGGACATGCTCTATGCCTTATGCCAAAGT	34312658	34289942	22716	34298422	14236	34312923	22981	14501
ENSMUST00000079362	CAACAGAAAATGCAGGAACCTCATCAAAACGAGGTCTGCAGATCACTACCACTGCAGCCCAGATAGCCAAAGTTATGGAAGAAGTATCAGCCATTCATACCTCCCAGGACGACAGAAGTTCTGCTTCTACCACCGAGTTCCATTGTGTGGCAGACGACAGGAGTGCGGCACGAAGAAGCTCTGCCTCCCACACACACTCAAACACATACAACTTCACTAAGTCGGAAAATTCAAATAGGACATGCTCTATGCCTTATGCCAAAGT	34312658	34298801	13857	34304582	8076	34312923	14122	8341
ENSMUST00000079362	CAACAGAAAATGCAGGAACCTCATCAAAACGAGGTCTGCAGATCACTACCACTGCAGCCCAGATAGCCAAAGTTATGGAAGAAGTATCAGCCATTCATACCTCCCAGGACGACAGAAGTTCTGCTTCTACCACCGAGTTCCATTGTGTGGCAGACGACAGGAGTGCGGCACGAAGAAGCTCTGCCTCCCACACACACTCAAACACATACAACTTCACTAAGTCGGAAAATTCAAATAGGACATGCTCTATGCCTTATGCCAAAGT	34312658	34304722	7936	34306262	6396	34312923	8201	6661
ENSMUST00000239120	CCGACTGTACCCCATCTGGAGATCTGAGTCCCCTGAGTCGGGAACCCCCACCTTCGCCCATGGTGAAGAAGCAGAGGAGGAAGAAACTGTCCACGCCTTCTAAGACTGAAGGCTCGGCTGTGCAAGCTGAAGCCAAGCGCAAAATGTGGAAACTAAAATCCTTTGGTAGTTTAAGAAATATTTATAAAGCAGAGGAAAACTTTGAGTTCCTGATCGTGTCCAGCACTGGTCAGACGTGGCACTTTGAGGCAGCCAGCTTTGAGGAGCGGGATGCTTGGGTTC	127089239	127085660	3579	127087233	2006	127090531	4871	3298
ENSMUST00000239120	CCGACTGTACCCCATCTGGAGATCTGAGTCCCCTGAGTCGGGAACCCCCACCTTCGCCCATGGTGAAGAAGCAGAGGAGGAAGAAACTGTCCACGCCTTCTAAGACTGAAGGCTCGGCTGTGCAAGCTGAAGCCAAGCGCAAAATGTGGAAACTAAAATCCTTTGGTAGTTTAAGAAATATTTATAAAGCAGAGGAAAACTTTGAGTTCCTGATCGTGTCCAGCACTGGTCAGACGTGGCACTTTGAGGCAGCCAGCTTTGAGGAGCGGGATGCTTGGGTTC	127089239	127088047	1192	127089229	10	127090531	2484	1302
ENSMUST00000239120	CCGACTGTACCCCATCTGGAGATCTGAGTCCCCTGAGTCGGGAACCCCCACCTTCGCCCATGGTGAAGAAGCAGAGGAGGAAGAAACTGTCCACGCCTTCTAAGACTGAAGGCTCGGCTGTGCAAGCTGAAGCCAAGCGCAAAATGTGGAAACTAAAATCCTTTGGTAGTTTAAGAAATATTTATAAAGCAGAGGAAAACTTTGAGTTCCTGATCGTGTCCAGCACTGGTCAGACGTGGCACTTTGAGGCAGCCAGCTTTGAGGAGCGGGATGCTTGGGTTC	127089239	127089358	-119	127090426	-1187	127090531	1173	105
ENSMUST00000239120	CCGACTGTACCCCATCTGGAGATCTGAGTCCCCTGAGTCGGGAACCCCCACCTTCGCCCATGGTGAAGAAGCAGAGGAGGAAGAAACTGTCCACGCCTTCTAAGACTGAAGGCTCGGCTGTGCAAGCTGAAGCCAAGCGCAAAATGTGGAAACTAAAATCCTTTGGTAGTTTAAGAAATATTTATAAAGCAGAGGAAAACTTTGAGTTCCTGATCGTGTCCAGCACTGGTCAGACGTGGCACTTTGAGGCAGCCAGCTTTGAGGAGCGGGATGCTTGGGTTC	127089239	127085660	3579	127087233	2006	127090531	4871	3298
ENSMUST00000239120	CCGACTGTACCCCATCTGGAGATCTGAGTCCCCTGAGTCGGGAACCCCCACCTTCGCCCATGGTGAAGAAGCAGAGGAGGAAGAAACTGTCCACGCCTTCTAAGACTGAAGGCTCGGCTGTGCAAGCTGAAGCCAAGCGCAAAATGTGGAAACTAAAATCCTTTGGTAGTTTAAGAAATATTTATAAAGCAGAGGAAAACTTTGAGTTCCTGATCGTGTCCAGCACTGGTCAGACGTGGCACTTTGAGGCAGCCAGCTTTGAGGAGCGGGATGCTTGGGTTC	127089239	127088047	1192	127089229	10	127090531	2484	1302
ENSMUST00000239120	CCGACTGTACCCCATCTGGAGATCTGAGTCCCCTGAGTCGGGAACCCCCACCTTCGCCCATGGTGAAGAAGCAGAGGAGGAAGAAACTGTCCACGCCTTCTAAGACTGAAGGCTCGGCTGTGCAAGCTGAAGCCAAGCGCAAAATGTGGAAACTAAAATCCTTTGGTAGTTTAAGAAATATTTATAAAGCAGAGGAAAACTTTGAGTTCCTGATCGTGTCCAGCACTGGTCAGACGTGGCACTTTGAGGCAGCCAGCTTTGAGGAGCGGGATGCTTGGGTTC	127089239	127089358	-119	127090426	-1187	127090531	1173	105
ENSMUST00000079362	GTTAAAATCTGAGAGTGAAGACTTACAGCAGGTTATTGCAAGTGTTTTGAGGAATTTGTCTTGGCGAGCAGATGTAAATAGCAAAAAGACGTTGAGAGAAGTTGGAAGTGTGAAAGCATTGATGGAATGTGCTTTGGAAGTTAAAAAGGAATCAACCCTCAAAAGCGTTTTGAGTGCCTTATGGAACCTGTCTGCACACTGCACTGAGAATAAGGCTGACATCTGTGCTGTGGATGGAGCACTGGCATTTCTGGTTGGCACCCTCACTTACCGGAGCCAGACAAATACTTTAGCCATTATTGAAAGTGGAGGTGGGATAT	34305625	34221276	84349	34266057	39568	34310879	89603	44822
ENSMUST00000079362	GTTAAAATCTGAGAGTGAAGACTTACAGCAGGTTATTGCAAGTGTTTTGAGGAATTTGTCTTGGCGAGCAGATGTAAATAGCAAAAAGACGTTGAGAGAAGTTGGAAGTGTGAAAGCATTGATGGAATGTGCTTTGGAAGTTAAAAAGGAATCAACCCTCAAAAGCGTTTTGAGTGCCTTATGGAACCTGTCTGCACACTGCACTGAGAATAAGGCTGACATCTGTGCTGTGGATGGAGCACTGGCATTTCTGGTTGGCACCCTCACTTACCGGAGCCAGACAAATACTTTAGCCATTATTGAAAGTGGAGGTGGGATAT	34305625	34221276	84349	34268297	37328	34310879	89603	42582
ENSMUST00000079362	GTTAAAATCTGAGAGTGAAGACTTACAGCAGGTTATTGCAAGTGTTTTGAGGAATTTGTCTTGGCGAGCAGATGTAAATAGCAAAAAGACGTTGAGAGAAGTTGGAAGTGTGAAAGCATTGATGGAATGTGCTTTGGAAGTTAAAAAGGAATCAACCCTCAAAAGCGTTTTGAGTGCCTTATGGAACCTGTCTGCACACTGCACTGAGAATAAGGCTGACATCTGTGCTGTGGATGGAGCACTGGCATTTCTGGTTGGCACCCTCACTTACCGGAGCCAGACAAATACTTTAGCCATTATTGAAAGTGGAGGTGGGATAT	34305625	34247734	57891	34266057	39568	34310879	63145	44822
ENSMUST00000079362	GTTAAAATCTGAGAGTGAAGACTTACAGCAGGTTATTGCAAGTGTTTTGAGGAATTTGTCTTGGCGAGCAGATGTAAATAGCAAAAAGACGTTGAGAGAAGTTGGAAGTGTGAAAGCATTGATGGAATGTGCTTTGGAAGTTAAAAAGGAATCAACCCTCAAAAGCGTTTTGAGTGCCTTATGGAACCTGTCTGCACACTGCACTGAGAATAAGGCTGACATCTGTGCTGTGGATGGAGCACTGGCATTTCTGGTTGGCACCCTCACTTACCGGAGCCAGACAAATACTTTAGCCATTATTGAAAGTGGAGGTGGGATAT	34305625	34247734	57891	34268297	37328	34310879	63145	42582
ENSMUST00000079362	GTTAAAATCTGAGAGTGAAGACTTACAGCAGGTTATTGCAAGTGTTTTGAGGAATTTGTCTTGGCGAGCAGATGTAAATAGCAAAAAGACGTTGAGAGAAGTTGGAAGTGTGAAAGCATTGATGGAATGTGCTTTGGAAGTTAAAAAGGAATCAACCCTCAAAAGCGTTTTGAGTGCCTTATGGAACCTGTCTGCACACTGCACTGAGAATAAGGCTGACATCTGTGCTGTGGATGGAGCACTGGCATTTCTGGTTGGCACCCTCACTTACCGGAGCCAGACAAATACTTTAGCCATTATTGAAAGTGGAGGTGGGATAT	34305625	34221276	84349	34268297	37328	34310879	89603	42582
ENSMUST00000079362	GTTAAAATCTGAGAGTGAAGACTTACAGCAGGTTATTGCAAGTGTTTTGAGGAATTTGTCTTGGCGAGCAGATGTAAATAGCAAAAAGACGTTGAGAGAAGTTGGAAGTGTGAAAGCATTGATGGAATGTGCTTTGGAAGTTAAAAAGGAATCAACCCTCAAAAGCGTTTTGAGTGCCTTATGGAACCTGTCTGCACACTGCACTGAGAATAAGGCTGACATCTGTGCTGTGGATGGAGCACTGGCATTTCTGGTTGGCACCCTCACTTACCGGAGCCAGACAAATACTTTAGCCATTATTGAAAGTGGAGGTGGGATAT	34305625	34247734	57891	34268297	37328	34310879	63145	42582
ENSMUST00000079362	GTTAAAATCTGAGAGTGAAGACTTACAGCAGGTTATTGCAAGTGTTTTGAGGAATTTGTCTTGGCGAGCAGATGTAAATAGCAAAAAGACGTTGAGAGAAGTTGGAAGTGTGAAAGCATTGATGGAATGTGCTTTGGAAGTTAAAAAGGAATCAACCCTCAAAAGCGTTTTGAGTGCCTTATGGAACCTGTCTGCACACTGCACTGAGAATAAGGCTGACATCTGTGCTGTGGATGGAGCACTGGCATTTCTGGTTGGCACCCTCACTTACCGGAGCCAGACAAATACTTTAGCCATTATTGAAAGTGGAGGTGGGATAT	34305625	34261157	44468	34268297	37328	34310879	49722	42582
ENSMUST00000079362	GTTAAAATCTGAGAGTGAAGACTTACAGCAGGTTATTGCAAGTGTTTTGAGGAATTTGTCTTGGCGAGCAGATGTAAATAGCAAAAAGACGTTGAGAGAAGTTGGAAGTGTGAAAGCATTGATGGAATGTGCTTTGGAAGTTAAAAAGGAATCAACCCTCAAAAGCGTTTTGAGTGCCTTATGGAACCTGTCTGCACACTGCACTGAGAATAAGGCTGACATCTGTGCTGTGGATGGAGCACTGGCATTTCTGGTTGGCACCCTCACTTACCGGAGCCAGACAAATACTTTAGCCATTATTGAAAGTGGAGGTGGGATAT	34305625	34276677	28948	34289837	15788	34310879	34202	21042
ENSMUST00000079362	GTTAAAATCTGAGAGTGAAGACTTACAGCAGGTTATTGCAAGTGTTTTGAGGAATTTGTCTTGGCGAGCAGATGTAAATAGCAAAAAGACGTTGAGAGAAGTTGGAAGTGTGAAAGCATTGATGGAATGTGCTTTGGAAGTTAAAAAGGAATCAACCCTCAAAAGCGTTTTGAGTGCCTTATGGAACCTGTCTGCACACTGCACTGAGAATAAGGCTGACATCTGTGCTGTGGATGGAGCACTGGCATTTCTGGTTGGCACCCTCACTTACCGGAGCCAGACAAATACTTTAGCCATTATTGAAAGTGGAGGTGGGATAT	34305625	34279352	26273	34296030	9595	34310879	31527	14849
ENSMUST00000079362	GTTAAAATCTGAGAGTGAAGACTTACAGCAGGTTATTGCAAGTGTTTTGAGGAATTTGTCTTGGCGAGCAGATGTAAATAGCAAAAAGACGTTGAGAGAAGTTGGAAGTGTGAAAGCATTGATGGAATGTGCTTTGGAAGTTAAAAAGGAATCAACCCTCAAAAGCGTTTTGAGTGCCTTATGGAACCTGTCTGCACACTGCACTGAGAATAAGGCTGACATCTGTGCTGTGGATGGAGCACTGGCATTTCTGGTTGGCACCCTCACTTACCGGAGCCAGACAAATACTTTAGCCATTATTGAAAGTGGAGGTGGGATAT	34305625	34247734	57891	34298422	7203	34310879	63145	12457
ENSMUST00000079362	GTTAAAATCTGAGAGTGAAGACTTACAGCAGGTTATTGCAAGTGTTTTGAGGAATTTGTCTTGGCGAGCAGATGTAAATAGCAAAAAGACGTTGAGAGAAGTTGGAAGTGTGAAAGCATTGATGGAATGTGCTTTGGAAGTTAAAAAGGAATCAACCCTCAAAAGCGTTTTGAGTGCCTTATGGAACCTGTCTGCACACTGCACTGAGAATAAGGCTGACATCTGTGCTGTGGATGGAGCACTGGCATTTCTGGTTGGCACCCTCACTTACCGGAGCCAGACAAATACTTTAGCCATTATTGAAAGTGGAGGTGGGATAT	34305625	34279352	26273	34296030	9595	34310879	31527	14849
ENSMUST00000079362	GTTAAAATCTGAGAGTGAAGACTTACAGCAGGTTATTGCAAGTGTTTTGAGGAATTTGTCTTGGCGAGCAGATGTAAATAGCAAAAAGACGTTGAGAGAAGTTGGAAGTGTGAAAGCATTGATGGAATGTGCTTTGGAAGTTAAAAAGGAATCAACCCTCAAAAGCGTTTTGAGTGCCTTATGGAACCTGTCTGCACACTGCACTGAGAATAAGGCTGACATCTGTGCTGTGGATGGAGCACTGGCATTTCTGGTTGGCACCCTCACTTACCGGAGCCAGACAAATACTTTAGCCATTATTGAAAGTGGAGGTGGGATAT	34305625	34289942	15683	34298422	7203	34310879	20937	12457
ENSMUST00000079362	GTTAAAATCTGAGAGTGAAGACTTACAGCAGGTTATTGCAAGTGTTTTGAGGAATTTGTCTTGGCGAGCAGATGTAAATAGCAAAAAGACGTTGAGAGAAGTTGGAAGTGTGAAAGCATTGATGGAATGTGCTTTGGAAGTTAAAAAGGAATCAACCCTCAAAAGCGTTTTGAGTGCCTTATGGAACCTGTCTGCACACTGCACTGAGAATAAGGCTGACATCTGTGCTGTGGATGGAGCACTGGCATTTCTGGTTGGCACCCTCACTTACCGGAGCCAGACAAATACTTTAGCCATTATTGAAAGTGGAGGTGGGATAT	34305625	34298801	6824	34304582	1043	34310879	12078	6297
ENSMUST00000079362	GTTAAAATCTGAGAGTGAAGACTTACAGCAGGTTATTGCAAGTGTTTTGAGGAATTTGTCTTGGCGAGCAGATGTAAATAGCAAAAAGACGTTGAGAGAAGTTGGAAGTGTGAAAGCATTGATGGAATGTGCTTTGGAAGTTAAAAAGGAATCAACCCTCAAAAGCGTTTTGAGTGCCTTATGGAACCTGTCTGCACACTGCACTGAGAATAAGGCTGACATCTGTGCTGTGGATGGAGCACTGGCATTTCTGGTTGGCACCCTCACTTACCGGAGCCAGACAAATACTTTAGCCATTATTGAAAGTGGAGGTGGGATAT	34305625	34304722	903	34306262	-637	34310879	6157	4617
ENSMUST00000080210	GCGCCGAGGCGCTAAAGGGCTTACCCAGGAGGGGGGTGCGAGGGCGGAGAGAGGCTGCCCGTTAAATACCGCTCTCCGCCGCACTCCGGGCTCACCCAGCTCGCCGCCACCGTCTCCAGACCGTGCCCGGGAGGAGGGGGCGTTCCCCACGCCATGGCATCAACAGAGGGTGCCAACAATATGCCCAAGCAGGTAGAAGTGCGCATGCATGACAGCCACCTCAGCTCCGATGAGCCAAAGCACCGAAACCTGGGCATGCGCATGTGCGACAAGCTGGGGAAAAATCTCCTGCTCTCACTGACTGTGTTTGGTGTCATCCTGGGAGCAGTGTGTGGCGGGCT	102659132	102659301	-169	102735943	-76811	102737810	78509	1867
ENSMUST00000080210	GCGCCGAGGCGCTAAAGGGCTTACCCAGGAGGGGGGTGCGAGGGCGGAGAGAGGCTGCCCGTTAAATACCGCTCTCCGCCGCACTCCGGGCTCACCCAGCTCGCCGCCACCGTCTCCAGACCGTGCCCGGGAGGAGGGGGCGTTCCCCACGCCATGGCATCAACAGAGGGTGCCAACAATATGCCCAAGCAGGTAGAAGTGCGCATGCATGACAGCCACCTCAGCTCCGATGAGCCAAAGCACCGAAACCTGGGCATGCGCATGTGCGACAAGCTGGGGAAAAATCTCCTGCTCTCACTGACTGTGTTTGGTGTCATCCTGGGAGCAGTGTGTGGCGGGCT	102659132	102675809	-16677	102735943	-76811	102737810	62001	1867
ENSMUST00000080210	GCGCCGAGGCGCTAAAGGGCTTACCCAGGAGGGGGGTGCGAGGGCGGAGAGAGGCTGCCCGTTAAATACCGCTCTCCGCCGCACTCCGGGCTCACCCAGCTCGCCGCCACCGTCTCCAGACCGTGCCCGGGAGGAGGGGGCGTTCCCCACGCCATGGCATCAACAGAGGGTGCCAACAATATGCCCAAGCAGGTAGAAGTGCGCATGCATGACAGCCACCTCAGCTCCGATGAGCCAAAGCACCGAAACCTGGGCATGCGCATGTGCGACAAGCTGGGGAAAAATCTCCTGCTCTCACTGACTGTGTTTGGTGTCATCCTGGGAGCAGTGTGTGGCGGGCT	102659132	102659301	-169	102735943	-76811	102737810	78509	1867
ENSMUST00000080210	GCGCCGAGGCGCTAAAGGGCTTACCCAGGAGGGGGGTGCGAGGGCGGAGAGAGGCTGCCCGTTAAATACCGCTCTCCGCCGCACTCCGGGCTCACCCAGCTCGCCGCCACCGTCTCCAGACCGTGCCCGGGAGGAGGGGGCGTTCCCCACGCCATGGCATCAACAGAGGGTGCCAACAATATGCCCAAGCAGGTAGAAGTGCGCATGCATGACAGCCACCTCAGCTCCGATGAGCCAAAGCACCGAAACCTGGGCATGCGCATGTGCGACAAGCTGGGGAAAAATCTCCTGCTCTCACTGACTGTGTTTGGTGTCATCCTGGGAGCAGTGTGTGGCGGGCT	102659132	102675809	-16677	102735943	-76811	102737810	62001	1867
ENSMUST00000080210	GCGCCGAGGCGCTAAAGGGCTTACCCAGGAGGGGGGTGCGAGGGCGGAGAGAGGCTGCCCGTTAAATACCGCTCTCCGCCGCACTCCGGGCTCACCCAGCTCGCCGCCACCGTCTCCAGACCGTGCCCGGGAGGAGGGGGCGTTCCCCACGCCATGGCATCAACAGAGGGTGCCAACAATATGCCCAAGCAGGTAGAAGTGCGCATGCATGACAGCCACCTCAGCTCCGATGAGCCAAAGCACCGAAACCTGGGCATGCGCATGTGCGACAAGCTGGGGAAAAATCTCCTGCTCTCACTGACTGTGTTTGGTGTCATCCTGGGAGCAGTGTGTGGCGGGCT	102659132	102659301	-169	102737776	-78644	102737810	78509	34
ENSMUST00000080210	GCGCCGAGGCGCTAAAGGGCTTACCCAGGAGGGGGGTGCGAGGGCGGAGAGAGGCTGCCCGTTAAATACCGCTCTCCGCCGCACTCCGGGCTCACCCAGCTCGCCGCCACCGTCTCCAGACCGTGCCCGGGAGGAGGGGGCGTTCCCCACGCCATGGCATCAACAGAGGGTGCCAACAATATGCCCAAGCAGGTAGAAGTGCGCATGCATGACAGCCACCTCAGCTCCGATGAGCCAAAGCACCGAAACCTGGGCATGCGCATGTGCGACAAGCTGGGGAAAAATCTCCTGCTCTCACTGACTGTGTTTGGTGTCATCCTGGGAGCAGTGTGTGGCGGGCT	102659132	102659301	-169	102743807	-84675	102737810	78509	-5997
ENSMUST00000080210	GCGCCGAGGCGCTAAAGGGCTTACCCAGGAGGGGGGTGCGAGGGCGGAGAGAGGCTGCCCGTTAAATACCGCTCTCCGCCGCACTCCGGGCTCACCCAGCTCGCCGCCACCGTCTCCAGACCGTGCCCGGGAGGAGGGGGCGTTCCCCACGCCATGGCATCAACAGAGGGTGCCAACAATATGCCCAAGCAGGTAGAAGTGCGCATGCATGACAGCCACCTCAGCTCCGATGAGCCAAAGCACCGAAACCTGGGCATGCGCATGTGCGACAAGCTGGGGAAAAATCTCCTGCTCTCACTGACTGTGTTTGGTGTCATCCTGGGAGCAGTGTGTGGCGGGCT	102659132	102737929	-78797	102743807	-84675	102737810	-119	-5997
ENSMUST00000080210	GCGCCGAGGCGCTAAAGGGCTTACCCAGGAGGGGGGTGCGAGGGCGGAGAGAGGCTGCCCGTTAAATACCGCTCTCCGCCGCACTCCGGGCTCACCCAGCTCGCCGCCACCGTCTCCAGACCGTGCCCGGGAGGAGGGGGCGTTCCCCACGCCATGGCATCAACAGAGGGTGCCAACAATATGCCCAAGCAGGTAGAAGTGCGCATGCATGACAGCCACCTCAGCTCCGATGAGCCAAAGCACCGAAACCTGGGCATGCGCATGTGCGACAAGCTGGGGAAAAATCTCCTGCTCTCACTGACTGTGTTTGGTGTCATCCTGGGAGCAGTGTGTGGCGGGCT	102659132	102659301	-169	102755906	-96774	102737810	78509	-18096
ENSMUST00000080210	GCGCCGAGGCGCTAAAGGGCTTACCCAGGAGGGGGGTGCGAGGGCGGAGAGAGGCTGCCCGTTAAATACCGCTCTCCGCCGCACTCCGGGCTCACCCAGCTCGCCGCCACCGTCTCCAGACCGTGCCCGGGAGGAGGGGGCGTTCCCCACGCCATGGCATCAACAGAGGGTGCCAACAATATGCCCAAGCAGGTAGAAGTGCGCATGCATGACAGCCACCTCAGCTCCGATGAGCCAAAGCACCGAAACCTGGGCATGCGCATGTGCGACAAGCTGGGGAAAAATCTCCTGCTCTCACTGACTGTGTTTGGTGTCATCCTGGGAGCAGTGTGTGGCGGGCT	102659132	102743973	-84841	102755906	-96774	102737810	-6163	-18096
ENSMUST00000080210	GCGCCGAGGCGCTAAAGGGCTTACCCAGGAGGGGGGTGCGAGGGCGGAGAGAGGCTGCCCGTTAAATACCGCTCTCCGCCGCACTCCGGGCTCACCCAGCTCGCCGCCACCGTCTCCAGACCGTGCCCGGGAGGAGGGGGCGTTCCCCACGCCATGGCATCAACAGAGGGTGCCAACAATATGCCCAAGCAGGTAGAAGTGCGCATGCATGACAGCCACCTCAGCTCCGATGAGCCAAAGCACCGAAACCTGGGCATGCGCATGTGCGACAAGCTGGGGAAAAATCTCCTGCTCTCACTGACTGTGTTTGGTGTCATCCTGGGAGCAGTGTGTGGCGGGCT	102659132	102748595	-89463	102761014	-101882	102737810	-10785	-23204
ENSMUST00000080210	GCGCCGAGGCGCTAAAGGGCTTACCCAGGAGGGGGGTGCGAGGGCGGAGAGAGGCTGCCCGTTAAATACCGCTCTCCGCCGCACTCCGGGCTCACCCAGCTCGCCGCCACCGTCTCCAGACCGTGCCCGGGAGGAGGGGGCGTTCCCCACGCCATGGCATCAACAGAGGGTGCCAACAATATGCCCAAGCAGGTAGAAGTGCGCATGCATGACAGCCACCTCAGCTCCGATGAGCCAAAGCACCGAAACCTGGGCATGCGCATGTGCGACAAGCTGGGGAAAAATCTCCTGCTCTCACTGACTGTGTTTGGTGTCATCCTGGGAGCAGTGTGTGGCGGGCT	102659132	102761209	-102077	102777426	-118294	102737810	-23399	-39616
ENSMUST00000080210	GCGCCGAGGCGCTAAAGGGCTTACCCAGGAGGGGGGTGCGAGGGCGGAGAGAGGCTGCCCGTTAAATACCGCTCTCCGCCGCACTCCGGGCTCACCCAGCTCGCCGCCACCGTCTCCAGACCGTGCCCGGGAGGAGGGGGCGTTCCCCACGCCATGGCATCAACAGAGGGTGCCAACAATATGCCCAAGCAGGTAGAAGTGCGCATGCATGACAGCCACCTCAGCTCCGATGAGCCAAAGCACCGAAACCTGGGCATGCGCATGTGCGACAAGCTGGGGAAAAATCTCCTGCTCTCACTGACTGTGTTTGGTGTCATCCTGGGAGCAGTGTGTGGCGGGCT	102659132	102777655	-118523	102781462	-122330	102737810	-39845	-43652
