transcript_ID	prot_seq	coord_start_genomic	coord_longSplice	start_genomic-longSplice	coord_shareSplice	start_genomic-shareSplice
ENSMUST00000124830	CCATGAGCAAACTGAAGGT	38192869	38193655	-786	38194695	-1826
ENSMUST00000197977	TCTGCAGTGCTTGATGGTG	34677227	34611892	65335	34615587	61640
ENSMUST00000197977	TCTGCAGTGCTTGATGGTG	34677227	34675970	1257	34682433	-5206
ENSMUST00000004326	CTTGAGAGCAAGAACCACC	74338931	74333675	5256	74333745	5186
ENSMUST00000199754	TCCTCAGATTGTACATGTA	90359516	90351574	7942	90351813	7703
ENSMUST00000200048	TTGAATGCTGTGGAGAAGG	54194792	54266420	-71628	54279862	-85070
ENSMUST00000032749	TCCGAATCAAGTGTGGAAGT	80284356	80280019	4337	80282484	1872
ENSMUST00000032749	TCCGAATCAAGTGTGGAAGT	80284356	80280033	4323	80282484	1872
ENSMUST00000179769	GTCCAAGCCTAGGTCCTCAG	3641594	3630747	10847	3630844	10750
ENSMUST00000121416	CCTTTGGGCTCTGAGTCACT	149193851	149187876	5975	149188344	5507
ENSMUST00000101445	AGGCAGCAACAAAAGGCCGG	47964664	47957724	6940	47962524	2140
ENSMUST00000080283	CCACCGCCAACTCCTGCTTG	6027270	6008110	19160	6009731	17539
ENSMUST00000098614	TTAGCACTTTGGAAAGAGTC	79193149	79186358	6791	79188148	5001
ENSMUST00000098614	TTAGCACTTTGGAAAGAGTC	79193149	79186358	6791	79188153	4996
ENSMUST00000100167	GTCAGTGTCATCCGTGCTTT	14465159	14437737	27422	14439986	25173
ENSMUST00000113778	TTGGAGGCCTTGAACAATCA	100398766	100395143	3623	100395674	3092
ENSMUST00000113778	TTGGAGGCCTTGAACAATCA	100398766	100395830	2936	100396904	1862
ENSMUST00000114127	TATTTCACATGTATGCTTTC	74449227	74427902	21325	74432804	16423
ENSMUST00000182061	TCTCGGCAGAGTCATTCCCG	52005001	51989938	15063	51990047	14954
ENSMUST00000182061	TCTCGGCAGAGTCATTCCCG	52005001	51994407	10594	51994879	10122
ENSMUST00000182061	TCTCGGCAGAGTCATTCCCG	52005001	51998039	6962	51998143	6858
ENSMUST00000027040	TCTTTAACATGTTCTTTATA	6274712	6244979	29733	6245157	29555
ENSMUST00000027040	TCTTTAACATGTTCTTTATA	6274712	6270827	3885	6272700	2012
ENSMUST00000195860	CTGACTCTAAGTCGGAGGTG	40003927	40007539	-3612	40009687	-5760
ENSMUST00000039725	CCCTAGGCTTTACCATTACAA	175910905	175881354	29551	175882894	28011
ENSMUST00000115839	CATCTCCAGGGTCTCTGACTT	8619418	8582854	36564	8588885	30533
ENSMUST00000182964	CAAAGAGGCATGAACATGAGT	21670551	21625215	45336	21626718	43833
ENSMUST00000166411	ATCTCTCAGGCTGACTTTATA	69871633	69861739	9894	69863223	8410
ENSMUST00000166411	ATCTCTCAGGCTGACTTTATA	69871633	69867552	4081	69868778	2855
ENSMUST00000075144	GGGAAGATTGCCATTTTAGGG	62816325	62786316	30009	62812533	3792
ENSMUST00000075144	GGGAAGATTGCCATTTTAGGG	62816325	62786316	30009	62815332	993
ENSMUST00000113712	TCCCTTTGGAATTTTTAAATG	86430896	86413906	16990	86416302	14594
ENSMUST00000113712	TCCCTTTGGAATTTTTAAATG	86430896	86425203	5693	86425449	5447
ENSMUST00000183156	TTTAGGTTCTATGCTGATAAAA	90923553	90512887	410666	90577088	346465
ENSMUST00000022458	CCTTTCAGTTCCTCTGTCCATC	31257424	31253640	3784	31254032	3392
ENSMUST00000022458	CCTTTCAGTTCCTCTGTCCATC	31257424	31253640	3784	31254032	3392
ENSMUST00000171265	AAGTTTTGAACTGAAATTTGTA	9899084	9868688	30396	9871629	27455
ENSMUST00000171265	AAGTTTTGAACTGAAATTTGTA	9899084	9886142	12942	9888869	10215
ENSMUST00000171265	AAGTTTTGAACTGAAATTTGTA	9899084	9886142	12942	9891360	7724
ENSMUST00000046751	TTGGCGGCTCGCGCGCTCCGTT	127077455	127088554	-11099	127092911	-15456
ENSMUST00000003964	GGGCATCCCCAGCATCTCCACC	45451591	45448028	3563	45448252	3339
ENSMUST00000035055	GGCGGCGGCGGCGGGCAGTCGC	109931927	110079896	-147969	110081420	-149493
ENSMUST00000074792	CGGGCCTAGCTCAGTAGGTAGA	65452512	65441799	10713	65443878	8634
ENSMUST00000100203	GGAAACTGAGGCATGAGCTCTT	100216380	100155156	61224	100157169	59211
ENSMUST00000100203	GGAAACTGAGGCATGAGCTCTT	100216380	100155156	61224	100157169	59211
ENSMUST00000080461	CTACTGGAGGCAGCAGTGGCGA	82799506	82781276	18230	82783345	16161
ENSMUST00000159975	TCATCAGGAATGCTCTGGGAAG	29137548	29149146	-11598	29149798	-12250
ENSMUST00000103108	GCAGCCGAAGGCCTGGGGGTTG	101276197	101262895	13302	101263768	12429
ENSMUST00000027112	GTCGGCTGAATTCCAAAGATGC	62718946	62786316	-67370	62812533	-93587
ENSMUST00000027112	GTCGGCTGAATTCCAAAGATGC	62718946	62786316	-67370	62815332	-96386
ENSMUST00000114399	GAGAACCAAGAAGGTGATCCTG	33855557	33871634	-16077	33879057	-23500
ENSMUST00000121717	TTAATTGGAATGGATGGGAACAC	136546862	136544796	2066	136545710	1152
ENSMUST00000110844	GGTGATCCAGGATGACGAGGTGG	192418909	192277171	141738	192337399	81510
ENSMUST00000173727	CACTACTGGAGGCAGCAGTGGCG	82799504	82781276	18228	82783345	16159
ENSMUST00000099934	TGCTCAGGATGCACGCGGGCGGC	41481259	41478635	2624	41478962	2297
ENSMUST00000042561	GTGGATGTAGCTCAGTTGGTAGCA	75574975	75531778	43197	75532587	42388
ENSMUST00000163979	CCATTACACCTCCTTCCACCCCTT	110082087	110079896	2191	110081420	667
ENSMUST00000163979	CCATTACACCTCCTTCCACCCCTT	110082087	110079896	2191	110081420	667
ENSMUST00000100993	TTTCAAGAAGTACACAGACCACCA	120762548	120756937	5611	120757565	4983
ENSMUST00000110186	GGCCCCGAGTGCAACAGCCTGCAG	131520938	131521171	-233	131522058	-1120
ENSMUST00000110186	GGCCCCGAGTGCAACAGCCTGCAG	131520938	131521171	-233	131522058	-1120
ENSMUST00000097288	CCAGTTCGAATCCGTGTGCGAGTC	70662595	70522268	140327	70593166	69429
ENSMUST00000028911	TAAGCTGAAGAGTTTGAGAATGGGC	144407096	144373855	33241	144375844	31252
ENSMUST00000034703	CCTCACTATCGGCGACGCGAACGGC	21547121	21575093	-27972	21575413	-28292
ENSMUST00000063594	GGAAGATTGCCATTTTAGGGTCAGC	62816327	62786316	30011	62812533	3794
ENSMUST00000063594	GGAAGATTGCCATTTTAGGGTCAGC	62816327	62786316	30011	62815332	995
ENSMUST00000004222	AGAAAGAATCTTTTGAAGAAACAAG	18927444	18896046	31398	18896453	30991
ENSMUST00000004222	AGAAAGAATCTTTTGAAGAAACAAG	18927444	18896773	30671	18897697	29747
ENSMUST00000004222	AGAAAGAATCTTTTGAAGAAACAAG	18927444	18896773	30671	18899362	28082
ENSMUST00000169547	GTGTGGATGTAGCTCAGTTGGTAGC	75574973	75531778	43195	75532587	42386
ENSMUST00000039627	CCTTTTGTAACCTGAGACCTGGCAC	87775233	87781370	-6137	87781489	-6256
ENSMUST00000233283	AACGGCCAGTTCGAATCCGTGTGCG	70662590	70522268	140322	70593166	69424
ENSMUST00000173033	AAGCCTGTGAAGGTGAACTGTGTGGT	49449154	49439596	9558	49449099	55
ENSMUST00000044053	TGAAGAATTCATGGATGACTTTGAAA	11214519	11172001	42518	11178733	35786
ENSMUST00000044053	TGAAGAATTCATGGATGACTTTGAAA	11214519	11188165	26354	11189630	24889
ENSMUST00000030691	AGGGCCATATGGTTACAGAGGGATTGG	14679857	14682387	-2530	14712416	-32559
ENSMUST00000130698	TAGTATTTCTAGCCTATTCTTGTCAGT	41756318	41756811	-493	41756938	-620
ENSMUST00000028852	CATCTGGCGGATAAGAAGGGTCTCCACG	127603652	127598276	5376	127600011	3641
ENSMUST00000089027	GGCTTCTACGCAGCCTACATGTTTGTCC	153208714	153189077	19637	153190830	17884
ENSMUST00000089027	GGCTTCTACGCAGCCTACATGTTTGTCC	153208714	153189077	19637	153191050	17664
ENSMUST00000089027	GGCTTCTACGCAGCCTACATGTTTGTCC	153208714	153194417	14297	153195310	13404
ENSMUST00000190997	AGAGGTTTCGATTCCCTTCACCCATCTT	132489677	132484918	4759	132489587	90
ENSMUST00000190997	AGAGGTTTCGATTCCCTTCACCCATCTT	132489677	132484918	4759	132492552	-2875
ENSMUST00000190997	AGAGGTTTCGATTCCCTTCACCCATCTT	132489677	132498121	-8444	132503766	-14089
ENSMUST00000112637	AGTTGTCACCAAATCCCCCAAAACTAAC	26751969	26682113	69856	26683808	68161
ENSMUST00000112637	AGTTGTCACCAAATCCCCCAAAACTAAC	26751969	26748544	3425	26749851	2118
ENSMUST00000107420	TGCTTTGCCTCTGACACCACCTTACACT	62690475	62625202	65273	62625741	64734
ENSMUST00000107420	TGCTTTGCCTCTGACACCACCTTACACT	62690475	62625202	65273	62625741	64734
ENSMUST00000028852	AACATCTGGCGGATAAGAAGGGTCTCCAC	127603650	127598276	5374	127600011	3639
ENSMUST00000092433	CTGGAAGCCTCGGGAAAGTACTCCCCAACC	69926133	69982197	-56064	69986082	-59949
ENSMUST00000092433	CTGGAAGCCTCGGGAAAGTACTCCCCAACC	69926133	69982197	-56064	69986088	-59955
ENSMUST00000092433	CTGGAAGCCTCGGGAAAGTACTCCCCAACC	69926133	69982197	-56064	69994371	-68238
ENSMUST00000199300	TCGCGTGTCGCCCGTCGCACTGTCCAGACC	126597405	126771846	-174441	126780359	-182954
ENSMUST00000196060	GATATAATTGACATTGATTACTTTGAAGGAT	110246817	110256301	-9484	110262059	-15242
ENSMUST00000111438	TTGACTTTGCCGGGCTTGCTCGAGGCTTTGC	124567850	124556848	11002	124556961	10889
ENSMUST00000162907	TCTACAGTGGGATCGAGGGGCTGGATGAGTC	127398699	127398759	-60	127405374	-6675
ENSMUST00000162907	TCTACAGTGGGATCGAGGGGCTGGATGAGTC	127398699	127409704	-11005	127410728	-12029
ENSMUST00000162907	TCTACAGTGGGATCGAGGGGCTGGATGAGTC	127398699	127409707	-11008	127410728	-12029
ENSMUST00000162907	TCTACAGTGGGATCGAGGGGCTGGATGAGTC	127398699	127409707	-11008	127410728	-12029
ENSMUST00000162907	TCTACAGTGGGATCGAGGGGCTGGATGAGTC	127398699	127409704	-11005	127415569	-16870
ENSMUST00000162907	TCTACAGTGGGATCGAGGGGCTGGATGAGTC	127398699	127409707	-11008	127415569	-16870
ENSMUST00000162907	TCTACAGTGGGATCGAGGGGCTGGATGAGTC	127398699	127409707	-11008	127415569	-16870
ENSMUST00000035645	TAAGTCCTCCACCAGGCCCCTGCCCAGACCCA	43415994	43426128	-10134	43426227	-10233
ENSMUST00000023206	TCGGAGCGAGCTCCCATCTCTGATCCATCGGCG	13147591	13111911	35680	13121995	25596
ENSMUST00000023206	TCGGAGCGAGCTCCCATCTCTGATCCATCGGCG	13147591	13131022	16569	13132857	14734
ENSMUST00000037232	GAAGCATTGAGATACTACTGCCAGTGATGAACT	37950327	37895198	55129	37898411	51916
ENSMUST00000143432	AGGCGAACGAGGCCTGACTGGACCATCAGGCCCC	130058013	130081521	-23508	130083121	-25108
ENSMUST00000035813	GGTGCTGGGTGCTGGGTGCTGGGTGCTGGGTGCT	5161604	5134932	26672	5143227	18377
ENSMUST00000035813	GGTGCTGGGTGCTGGGTGCTGGGTGCTGGGTGCT	5161604	5154318	7286	5156120	5484
ENSMUST00000108909	CAAGGAGCACCCAGGAAGTGGCTTCAAAGGGGACT	101039943	100984075	55868	101002033	37910
ENSMUST00000038900	ATAAAATCTGATATATACACGTTAGGAAAGTTCTC	150808801	150796676	12125	150800577	8224
ENSMUST00000030691	TATTGACATCAATGCCAGCCTGCAAACTATTACTAT	14680751	14682387	-1636	14712416	-31665
ENSMUST00000111216	ATGGGCTCTTCGGCAGCAAAACCAACTTCAACTCCC	135010048	135011665	-1617	135011886	-1838
ENSMUST00000072031	GAGCGGCTCTCCACACATGAGCTCACCTCTCTGCTA	59753029	59737582	15447	59741119	11910
ENSMUST00000120544	ATGTGTCTTTCTAACTTCTAATAAACTCACTCCAACT	111794872	111789486	5386	111793648	1224
ENSMUST00000120544	ATGTGTCTTTCTAACTTCTAATAAACTCACTCCAACT	111794872	111789486	5386	111795547	-675
ENSMUST00000120544	ATGTGTCTTTCTAACTTCTAATAAACTCACTCCAACT	111794872	111789486	5386	111806007	-11135
ENSMUST00000120544	ATGTGTCTTTCTAACTTCTAATAAACTCACTCCAACT	111794872	111789486	5386	111793648	1224
ENSMUST00000120544	ATGTGTCTTTCTAACTTCTAATAAACTCACTCCAACT	111794872	111789486	5386	111795547	-675
ENSMUST00000120544	ATGTGTCTTTCTAACTTCTAATAAACTCACTCCAACT	111794872	111789486	5386	111806007	-11135
ENSMUST00000022458	GTCATCATGGAGCGAATCGGTCTTGCTACTGCAGGGGA	31254612	31253640	972	31254032	580
ENSMUST00000022458	GTCATCATGGAGCGAATCGGTCTTGCTACTGCAGGGGA	31254612	31253640	972	31254032	580
ENSMUST00000004684	TGGCCCACATCCGCCGGGCCGTGGAGAGCTGTCCTGAC	3445049	3393224	51825	3427348	17701
ENSMUST00000084513	GGAAGGAAGCCCTTTCCGTCCTTCCCACTCCTCCTCGGC	130728587	130735228	-6641	130739811	-11224
ENSMUST00000113136	ATATTCTGACAGGCCACGGTGAGCATCTATAGACCAGAA	135839791	135840508	-717	135840618	-827
ENSMUST00000084513	TTCCCCAACTCCATGTTCAGGGTCGAGTTTTGAGGACACC	130740946	130735228	5718	130739811	1135
ENSMUST00000003044	TGTTCAAGGGCAAGGTGGAAGCTGTATTGGAGAAGTTAGG	44860137	44858749	1388	44859722	415
ENSMUST00000182597	GTATTTCAGGAGTTGAGTTATTGGTGGACCAGCCTTTCAC	74589596	74606135	-16539	74608096	-18500
ENSMUST00000182597	GTATTTCAGGAGTTGAGTTATTGGTGGACCAGCCTTTCAC	74589596	74615357	-25761	74618435	-28839
ENSMUST00000182597	GTATTTCAGGAGTTGAGTTATTGGTGGACCAGCCTTTCAC	74589596	74619838	-30242	74622035	-32439
ENSMUST00000168361	ATTTAATGAAATTCTACAGGCAGCCTATCAATTAATGACA	8744402	8744749	-347	8747156	-2754
ENSMUST00000017408	GGTGTGGAATCAAACAAGCAATATCAGCTGGCAGACTGGAG	148565357	148573029	-7672	148573110	-7753
ENSMUST00000107420	TCTTTGGGCTCATGGAGAAGGACTCTTACCCTCGCTTCCTC	62702154	62625202	76952	62625741	76413
ENSMUST00000107420	TCTTTGGGCTCATGGAGAAGGACTCTTACCCTCGCTTCCTC	62702154	62625202	76952	62625741	76413
ENSMUST00000035645	ACACACCAAGATAAGTCCTCCACCAGGCCCCTGCCCAGACC	43415983	43426128	-10145	43426227	-10244
ENSMUST00000077182	GGCCAAGAAGAACAAAGACAAAGAGTATTACGTCTGAGCACC	6532133	6463868	68265	6472257	59876
ENSMUST00000122941	CCAGCTACCACTACTTTCTCCATTTATCCTGTGTCCTCCACT	12140530	12118341	22189	12135266	5264
ENSMUST00000122941	CCAGCTACCACTACTTTCTCCATTTATCCTGTGTCCTCCACT	12140530	12160690	-20160	12162113	-21583
ENSMUST00000160597	GAAAACATGATTGGGCCAGACTGGAAAAAGAGGTGGATGTAC	29621501	29618308	3193	29620380	1121
ENSMUST00000031278	GCTTGACAACTCGGCTGCGCTCGCCCAGACCTTCCGCCCTCC	98854868	98873007	-18139	98879737	-24869
ENSMUST00000027432	AACAACAAAGCCATTCGGCGCCTGCTACATGTTGCTGTAAGT	86092077	86130731	-38654	86132713	-40636
ENSMUST00000067664	GCCGCAGGTACAGATCTGTATTGTTCTTACTGAAACACAGCA	75765491	75755680	9811	75756816	8675
ENSMUST00000042824	ATAGTTGACCTTCTCATACCCTCTCCTAATGCTACTGCAGAA	66501188	66461920	39268	66462828	38360
ENSMUST00000173078	GAAAATCCACAGGAATGGGTAGGACAAGTGGAAATAAGTGCCC	79646339	79665143	-18804	79666715	-20376
ENSMUST00000108909	AAACTTTTACATGGTCCCTGGCATGCTAGAACCCTTGCTCTGC	100970212	100984075	-13863	101002033	-31821
ENSMUST00000084038	ACATCCTCTGTCACCTGAATATCACCATGCCCCCCTGCACCAA	23119423	23132483	-13060	23132561	-13138
ENSMUST00000084038	ACATCCTCTGTCACCTGAATATCACCATGCCCCCCTGCACCAA	23119423	23141304	-21881	23141595	-22172
ENSMUST00000027414	GTTTGAAGTGGAACTCCAAGCAGCTCGGACTCTGGAGCGGCTGG	75529519	75524943	4576	75525087	4432
ENSMUST00000182597	AAATAAATTAAACTCTGCACTATGTAATAGACGTAAAGGTGATC	74580002	74606135	-26133	74608096	-28094
ENSMUST00000182597	AAATAAATTAAACTCTGCACTATGTAATAGACGTAAAGGTGATC	74580002	74615357	-35355	74618435	-38433
ENSMUST00000182597	AAATAAATTAAACTCTGCACTATGTAATAGACGTAAAGGTGATC	74580002	74619838	-39836	74622035	-42033
ENSMUST00000067664	ACCAGGCGAAGCTGGCAGAGCAGGCCGAGCGATACGACGAAATGG	75733053	75755680	-22627	75756816	-23763
ENSMUST00000084513	AAAAGACCCCCGAGAAACTTGACAACACTCCTGCCTCACCTCCAA	130729474	130735228	-5754	130739811	-10337
ENSMUST00000109567	TGGTTCCTGGTCCACTCTGACCCTCAGTCATGCCCATGAGGTCTG	156701550	156748420	-46870	156748943	-47393
ENSMUST00000109567	TGGTTCCTGGTCCACTCTGACCCTCAGTCATGCCCATGAGGTCTG	156701550	156749356	-47806	156760850	-59300
ENSMUST00000040787	CTTTGCTTTCCCGAATTCTGCCTTCTGATGCCTGTAAAATATACAA	157975236	157975294	-58	157988639	-13403
ENSMUST00000022458	GGCTGCCAGCCTTCCTAGACAATCACAATTATGCCAAATCCCCTAT	31256256	31253640	2616	31254032	2224
ENSMUST00000022458	GGCTGCCAGCCTTCCTAGACAATCACAATTATGCCAAATCCCCTAT	31256256	31253640	2616	31254032	2224
ENSMUST00000026993	ACCTCAATATCTACTTCAACTGCACTGACTTGAACCCAAGCCGTGA	54795094	54795467	-373	54795965	-871
ENSMUST00000148486	CACGGATTTTGACCCCTCTATCCTGCCTCCTCCGGACCCCTGGATT	70787010	70522268	264742	70593166	193844
ENSMUST00000061158	ACCGAGAGCGAATAGAACTGTTTTGCACCGAGTATCAGAACAATAAG	18674153	18674361	-208	18674655	-502
ENSMUST00000033081	GCGGGGAGGCTGGAAAGGAGGATACAGTGGAGGGAGAAGACGAGAAG	127749746	127751026	-1280	127752009	-2263
ENSMUST00000033081	GCGGGGAGGCTGGAAAGGAGGATACAGTGGAGGGAGAAGACGAGAAG	127749746	127751028	-1282	127752009	-2263
ENSMUST00000033081	GCGGGGAGGCTGGAAAGGAGGATACAGTGGAGGGAGAAGACGAGAAG	127749746	127751028	-1282	127752009	-2263
ENSMUST00000105902	GACTTGGATGAGGACTTTCTTTTCACAGAACCGTTGCCTCCCCCCCT	144411108	144396440	14668	144398240	12868
ENSMUST00000033018	AGAACTGCAGTAGTCACTCAAATTATGATTCAACATTTTAATCCTTGG	113568471	113514028	54443	113525987	42484
ENSMUST00000067664	AAGCTATAAGGACTCTACGCTCATCATGCAGCTGCTACGTGATAACCT	75759353	75755680	3673	75756816	2537
ENSMUST00000159050	CGAGATGAATGGCTCCCTCACCAGCCCAAGCGCCTATGCTGGCCTACA	61410018	61394712	15306	61401852	8166
ENSMUST00000159050	CGAGATGAATGGCTCCCTCACCAGCCCAAGCGCCTATGCTGGCCTACA	61410018	61394712	15306	61401855	8163
ENSMUST00000159050	CGAGATGAATGGCTCCCTCACCAGCCCAAGCGCCTATGCTGGCCTACA	61410018	61409416	602	61409935	83
ENSMUST00000159050	CGAGATGAATGGCTCCCTCACCAGCCCAAGCGCCTATGCTGGCCTACA	61410018	61410135	-117	61411262	-1244
ENSMUST00000164930	CAAGAAGCCCACTTCCACTAAGCCTAGCTCCTCTGCTCCCAGGGTGAG	110068846	110079896	-11050	110081420	-12574
ENSMUST00000168361	TAAACAAGATGATGAGGACTCTAAAATAAATGGCAGAGGTTTGCCAAA	8710252	8744749	-34497	8747156	-36904
ENSMUST00000102554	CCTGTCTAAACTGGCTGTGACTTCCTATGCAGACATTGCCGACCTCATG	70705015	70725212	-20197	70725887	-20872
ENSMUST00000037526	TAAACAATGCCCCCATCCTGTGCGTCCAGTCTCACCTTGGCCATGAAGAA	59815389	59790898	24491	59791598	23791
ENSMUST00000027521	AAAGGAGACAGAGAAGCGTGTAAAGTAACGGAGAGAGGTGCCTATAATGGA	89895210	89609599	285611	89627760	267450
ENSMUST00000078111	GAGTCCCTGTCGGTCCCCAAGCTGCAAAGCCCGCCTGGAAGACCCCGAAAGCT	45838676	45854843	-16167	45856087	-17411
ENSMUST00000168361	TTTTAATCGCACTCCTGGAAGTCGCCAAGCCTCTCCAACTGAAGTAGTTGAGC	8713360	8744749	-31389	8747156	-33796
ENSMUST00000040179	ATACCAATTGCTCTTCTTTCTGCAGTCCTGCTGCTGTTCTTCTGCAGAGACTCC	85933347	85917832	15515	85918930	14417
ENSMUST00000040179	ATACCAATTGCTCTTCTTTCTGCAGTCCTGCTGCTGTTCTTCTGCAGAGACTCC	85933347	85917832	15515	85918972	14375
ENSMUST00000113460	AGATACTTACAGATTGGCCAGGATTCTTGTCCGCCTACCAGCACTCAGGCTCAT	92167461	92163258	4203	92164187	3274
ENSMUST00000182356	ACCAAGTATGAAACCACGATTTTCTGATACCCGCCGCCCCGTCCTCGCGGTGCCT	90969900	90512887	457013	90577088	392812
ENSMUST00000232395	CATCTGAGGCTCATTCGGCTGCCTCTGTGGCCAAGTCCTCCCAGAGTCCACCCTT	94462564	94370971	91593	94383911	78653
ENSMUST00000232395	CATCTGAGGCTCATTCGGCTGCCTCTGTGGCCAAGTCCTCCCAGAGTCCACCCTT	94462564	94370971	91593	94392014	70550
ENSMUST00000232395	CATCTGAGGCTCATTCGGCTGCCTCTGTGGCCAAGTCCTCCCAGAGTCCACCCTT	94462564	94370971	91593	94403313	59251
ENSMUST00000232395	CATCTGAGGCTCATTCGGCTGCCTCTGTGGCCAAGTCCTCCCAGAGTCCACCCTT	94462564	94456811	5753	94457320	5244
ENSMUST00000232395	CATCTGAGGCTCATTCGGCTGCCTCTGTGGCCAAGTCCTCCCAGAGTCCACCCTT	94462564	94370971	91593	94383911	78653
ENSMUST00000232395	CATCTGAGGCTCATTCGGCTGCCTCTGTGGCCAAGTCCTCCCAGAGTCCACCCTT	94462564	94370971	91593	94392014	70550
ENSMUST00000232395	CATCTGAGGCTCATTCGGCTGCCTCTGTGGCCAAGTCCTCCCAGAGTCCACCCTT	94462564	94370971	91593	94403313	59251
ENSMUST00000232395	CATCTGAGGCTCATTCGGCTGCCTCTGTGGCCAAGTCCTCCCAGAGTCCACCCTT	94462564	94456811	5753	94457320	5244
ENSMUST00000232395	CATCTGAGGCTCATTCGGCTGCCTCTGTGGCCAAGTCCTCCCAGAGTCCACCCTT	94462564	94370971	91593	94383911	78653
ENSMUST00000232395	CATCTGAGGCTCATTCGGCTGCCTCTGTGGCCAAGTCCTCCCAGAGTCCACCCTT	94462564	94370971	91593	94392014	70550
ENSMUST00000232395	CATCTGAGGCTCATTCGGCTGCCTCTGTGGCCAAGTCCTCCCAGAGTCCACCCTT	94462564	94370971	91593	94403313	59251
ENSMUST00000232395	CATCTGAGGCTCATTCGGCTGCCTCTGTGGCCAAGTCCTCCCAGAGTCCACCCTT	94462564	94456811	5753	94457320	5244
ENSMUST00000113462	GGCATCGTGGCGGCGGCGGCGCTCTGCATCCTCATTCTCCTCTACGCCATGTACAA	6531952	6463868	68084	6472257	59695
ENSMUST00000113462	GGCATCGTGGCGGCGGCGGCGCTCTGCATCCTCATTCTCCTCTACGCCATGTACAA	6531952	6463868	68084	6472257	59695
ENSMUST00000092887	CGACTGGTGGAGATTAATGGACAGAATGTGGAGAATAAATCCAGGGATGAAATTGT	77778138	77815999	-37861	77817618	-39480
ENSMUST00000199300	AGCCTGCATCGCATACATTCGGCTCACACAGTACATGGACGGAAGCGGGATGCCAAA	126840226	126771846	68380	126780359	59867
ENSMUST00000027521	CTTTCGTGAACAGCCAGGAATGGACACTCAGCCGATCGGTACCGGAGCTCAAAGTGG	89604602	89609599	-4997	89627760	-23158
ENSMUST00000028081	AGCTGGTGCATTCCCGGCTCTACTCTCCGGAGCTGCCCATCCCTCCGGCTGCGGGCGA	16356486	16703383	-346897	16712081	-355595
ENSMUST00000186360	TATCCTGGTGGGCCACTGCCTGACTTCCCTAATCACTCACTCACCCTCAAAAAGGACA	74586950	74584432	2518	74586756	194
ENSMUST00000054955	AACTGCCACCACATGTGCGCATCTGGGACTCTGTGACACTGAACACTCTGCATGTCAT	108511830	108534751	-22921	108534864	-23034
ENSMUST00000132615	ATGCAGCTCGGCCCGACTACATCGCTTCCAAGGCCTCCCCTACCTCGACTGAGGAGGAG	37378916	37380177	-1261	37383338	-4422
ENSMUST00000132615	ATGCAGCTCGGCCCGACTACATCGCTTCCAAGGCCTCCCCTACCTCGACTGAGGAGGAG	37378916	37380177	-1261	37387697	-8781
ENSMUST00000027521	TTACATGATTACATGCAGAATGTCCACGGCAAAGAGATAGACCTCTTGAGGACCACTGT	89743732	89609599	134133	89627760	115972
ENSMUST00000110049	AGATCCATTCCAAGGCATGCGCAAGCCCATGAGTCCTGTCTCAGCCCAGATGAGCCAGCTA	3235624	3230101	5523	3233987	1637
ENSMUST00000163979	TAAGGTTGCCGAAAAGCGGACCTCTCCATCCAAGCCTTCATCTGCCCCAGCCCTCAAACCTG	110067501	110079896	-12395	110081420	-13919
ENSMUST00000163979	TAAGGTTGCCGAAAAGCGGACCTCTCCATCCAAGCCTTCATCTGCCCCAGCCCTCAAACCTG	110067501	110079896	-12395	110081420	-13919
ENSMUST00000061837	AACAATAAGACAGCAGAGCGCCGGAGGCCCCTGGATGAATTCAACAATGGAGTTGTCATGAC	69904071	69903719	352	69903864	207
ENSMUST00000061837	AACAATAAGACAGCAGAGCGCCGGAGGCCCCTGGATGAATTCAACAATGGAGTTGTCATGAC	69904071	69906407	-2336	69906517	-2446
ENSMUST00000061837	AACAATAAGACAGCAGAGCGCCGGAGGCCCCTGGATGAATTCAACAATGGAGTTGTCATGAC	69904071	69908012	-3941	69908095	-4024
ENSMUST00000084513	CAAAAATGCAAGAGTCTCCCAAACTGTCCCAACAATCGTACAACTTTGACCCTGACGCCTGT	130729621	130735228	-5607	130739811	-10190
ENSMUST00000195636	GCGGCTCCGGTGAACGCTTCAGAGTGAGATCATCATCCAAGTCTGAAGGTTCTCCATCGCCAC	40006810	40007539	-729	40009687	-2877
ENSMUST00000110000	ACATGTCACAGCTCTCTCTGTCGCCCCTGAATTCCGCCGTCTTGGCTTGGCTGCTAAACTTAT	145912442	145911793	649	145912392	50
ENSMUST00000114037	TCTTACACTGATCGATCAATGATGTCTATGGCAGCTGATTCTTACACTGATTCTTATACTGATT	91657702	91674141	-16439	91674694	-16992
ENSMUST00000112987	AGAAGTATCTATGTGAACTGTGCCTGGACGATGTGCTGTATGCCCGTACCACAAGCAAGCTCAAG	35709893	35644124	65769	35661491	48402
ENSMUST00000112987	AGAAGTATCTATGTGAACTGTGCCTGGACGATGTGCTGTATGCCCGTACCACAAGCAAGCTCAAG	35709893	35644124	65769	35707647	2246
ENSMUST00000199659	AGGAAAAACCTAGAGCTCTTTGCCCTGCGCGTTACAAGGAAAGCAACTGGAATTTTAAATTTAGT	59316893	59263292	53601	59264921	51972
ENSMUST00000199659	AGGAAAAACCTAGAGCTCTTTGCCCTGCGCGTTACAAGGAAAGCAACTGGAATTTTAAATTTAGT	59316893	59297961	18932	59301279	15614
ENSMUST00000113144	CTTTTGTTCCTGAGTCATCTGACCCTCAAATACTGCTTTGCTTTCCCAGCTGCTTCCTTGTTTCA	135803168	135752017	51151	135778905	24263
ENSMUST00000016569	CATTTGCTAGGGTGGATCTTAAGCAGTACGTAGTCTGTCAGTGTTTGTATTTGAATTCTCTGCAATT	150808238	150796676	11562	150800577	7661
ENSMUST00000201700	AACAGTGGCAGAGATTAACGCAACGATGAGTGTCCATCTCCCATTCGCAGTGGTCGGCAGTACTGAA	93156986	93138596	18390	93139448	17538
ENSMUST00000160027	CAAAAATAATTTACATAGTACACGATGAAGTTAAGGATAAAGCTTTTGAACTGGAGCTCAGCTGGGTT	70993014	70978839	14175	70983318	9696
ENSMUST00000160027	CAAAAATAATTTACATAGTACACGATGAAGTTAAGGATAAAGCTTTTGAACTGGAGCTCAGCTGGGTT	70993014	70978839	14175	70983323	9691
ENSMUST00000213013	TACCGGAGCTTGACCCTGAACGTCGTGAACCGGCTCACCTCCGTTACTCGCCTCTTCCCAAATTCCTT	144806157	144839629	-33472	144840337	-34180
ENSMUST00000042035	ATGGTCCTGACCCAGCCCCCCCGGGACAGGACTGAGATCACTCTGGAAAGAAGCGGGGTGGGGAATCT	74589380	74584432	4948	74586756	2624
ENSMUST00000093995	CAGCGGCAGGGCTCCCGGCTCTCTGCTGTCCCTCACCTCCTGTACATACTGCCTGGGAAGAGACACCAC	77978119	77974329	3790	77974439	3680
ENSMUST00000119705	TCTAACATCGTCTTCTACCCTGGTGGAGATTCTGGAAGCCATGAAGCATCCCTCGACAGGAGTCCAGCT	32967789	32904544	63245	32910456	57333
ENSMUST00000202937	ATGAGGACCTGACCCCAGAGCAGAAGGCTGAGCGCGAGAAGGAACGGAGGATGGCCAATAATGCCCGTGA	69681592	69678129	3463	69681568	24
ENSMUST00000178812	GATTGTAATCCGAGGACTCAATACCATTCCATTGTTTGTGCAGTTGCTTTATTCTCCCATTGAAAATATCC	120957194	120955972	1222	120957106	88
ENSMUST00000105900	AGAGAAGCCCGTGGTCAGGACCTGGTGGAGGACAGAAAGTGGGGCACAGGCTGTGGCAAAGTTTAGGTGTG	144422257	144396440	25817	144398240	24017
ENSMUST00000113462	GGAAGGAAGGCTGGGGTTTTGTAAAGTGTCCACTGCGCCGTTCGTTTATTTCCCTCGATTTTCTTCTTCCTC	6532493	6463868	68625	6472257	60236
ENSMUST00000113462	GGAAGGAAGGCTGGGGTTTTGTAAAGTGTCCACTGCGCCGTTCGTTTATTTCCCTCGATTTTCTTCTTCCTC	6532493	6463868	68625	6472257	60236
ENSMUST00000165123	AATTACTGTCGTGGGCTGCGCTTTGAGGAAGCTCCGGATTACATGTATCTGAGGCAGCTATTCCGCATCCTTTTC	61578704	61580487	-1783	61585164	-6460
ENSMUST00000146701	GATGAATGGATGAGTGAATGAATGAATGAATGAGTGAGTGAATTAATGGATGGGTATATTCTCTGGTTGAGCTTCT	109565286	109543849	21437	109544026	21260
ENSMUST00000089302	AAGAGAATGTGCAATCAAGTTCAATGATTACTTTGAATTTCCTCGAGAGTTAGACATGGAACCTTACACAGTGGCA	13156111	13165532	-9421	13166631	-10520
ENSMUST00000120544	TGGCCGGTGCCCTGCGCGGGGCCTCCCCAGGACACACTGACGTAGATTTGCTGTGTAGTCTTGGTGTGGAAATTTGAATT	111794751	111789486	5265	111793648	1103
ENSMUST00000120544	TGGCCGGTGCCCTGCGCGGGGCCTCCCCAGGACACACTGACGTAGATTTGCTGTGTAGTCTTGGTGTGGAAATTTGAATT	111794751	111789486	5265	111795547	-796
ENSMUST00000120544	TGGCCGGTGCCCTGCGCGGGGCCTCCCCAGGACACACTGACGTAGATTTGCTGTGTAGTCTTGGTGTGGAAATTTGAATT	111794751	111789486	5265	111806007	-11256
ENSMUST00000120544	TGGCCGGTGCCCTGCGCGGGGCCTCCCCAGGACACACTGACGTAGATTTGCTGTGTAGTCTTGGTGTGGAAATTTGAATT	111794751	111789486	5265	111793648	1103
ENSMUST00000120544	TGGCCGGTGCCCTGCGCGGGGCCTCCCCAGGACACACTGACGTAGATTTGCTGTGTAGTCTTGGTGTGGAAATTTGAATT	111794751	111789486	5265	111795547	-796
ENSMUST00000120544	TGGCCGGTGCCCTGCGCGGGGCCTCCCCAGGACACACTGACGTAGATTTGCTGTGTAGTCTTGGTGTGGAAATTTGAATT	111794751	111789486	5265	111806007	-11256
ENSMUST00000182597	GCTCGTTCTGCTGCTTGGTCCTACATCTTTCTGCCTGAGGAAGCCTGGTGTGACCTTACCATCCACCTTCCGTCAGCAGT	74643417	74606135	37282	74608096	35321
ENSMUST00000182597	GCTCGTTCTGCTGCTTGGTCCTACATCTTTCTGCCTGAGGAAGCCTGGTGTGACCTTACCATCCACCTTCCGTCAGCAGT	74643417	74615357	28060	74618435	24982
ENSMUST00000182597	GCTCGTTCTGCTGCTTGGTCCTACATCTTTCTGCCTGAGGAAGCCTGGTGTGACCTTACCATCCACCTTCCGTCAGCAGT	74643417	74619838	23579	74622035	21382
ENSMUST00000105902	ATTCCGCATCCCCCCTCCCCCTCTGGCATCCGTGGACTTGGATGAGGACTTTCTTTTCACAGAACCGTTGCCTCCCCCCC	144411074	144396440	14634	144398240	12834
ENSMUST00000044730	AAGATAGGATGGGCCGGGACCCTTCAGAGGCAACCCTTTGACACTTGGAAGGACTTTGGGGGACAGTTGAGATGACCTCAGA	97683275	97672682	10593	97673459	9816
ENSMUST00000175903	TTTTACGGAGAAAACTTATCCATGAAGGCTGCCTGCTCTGGAAGACAGCCACAGGCCGCTTCAAAGATGTCCTGTTGCTGCT	88636052	88632339	3713	88632912	3140
ENSMUST00000175903	TTTTACGGAGAAAACTTATCCATGAAGGCTGCCTGCTCTGGAAGACAGCCACAGGCCGCTTCAAAGATGTCCTGTTGCTGCT	88636052	88633367	2685	88633499	2553
ENSMUST00000072031	CCCCTGACCTCAAGACACAGAATGTCCACGTGGAAATTGAGCAGCGTTGGCATCAAGTGGAGACCACCCCTCTCAGGGAGGAG	59752898	59737582	15316	59741119	11779
ENSMUST00000020159	CACCATGGCGGGCAAGTCTCCAGGACCCTTCCCAAACTGTGACTGGAGATTCAATGAGTTTCCCAACCCCGCTGCCCACGCTCT	24907203	24903831	3372	24904260	2943
ENSMUST00000146701	GAAAGGTAACAATACACTCACAAATAGGTAGATGAATGTAGCTGGAAGACGGGGCCTGGCTAGGGACGGGATGAGAGGCTGTGTC	109560104	109543849	16255	109544026	16078
ENSMUST00000232395	GGAGGACAGCAGACTGGAAGTGGCCTCTCCTGACTCTCCTACACCACTCTGTGAGGATGCTTCTCCTTCCCCCACGCCAGCTCCT	94442941	94370971	71970	94383911	59030
ENSMUST00000232395	GGAGGACAGCAGACTGGAAGTGGCCTCTCCTGACTCTCCTACACCACTCTGTGAGGATGCTTCTCCTTCCCCCACGCCAGCTCCT	94442941	94370971	71970	94392014	50927
ENSMUST00000232395	GGAGGACAGCAGACTGGAAGTGGCCTCTCCTGACTCTCCTACACCACTCTGTGAGGATGCTTCTCCTTCCCCCACGCCAGCTCCT	94442941	94370971	71970	94403313	39628
ENSMUST00000232395	GGAGGACAGCAGACTGGAAGTGGCCTCTCCTGACTCTCCTACACCACTCTGTGAGGATGCTTCTCCTTCCCCCACGCCAGCTCCT	94442941	94456811	-13870	94457320	-14379
ENSMUST00000232395	GGAGGACAGCAGACTGGAAGTGGCCTCTCCTGACTCTCCTACACCACTCTGTGAGGATGCTTCTCCTTCCCCCACGCCAGCTCCT	94442941	94370971	71970	94383911	59030
ENSMUST00000232395	GGAGGACAGCAGACTGGAAGTGGCCTCTCCTGACTCTCCTACACCACTCTGTGAGGATGCTTCTCCTTCCCCCACGCCAGCTCCT	94442941	94370971	71970	94392014	50927
ENSMUST00000232395	GGAGGACAGCAGACTGGAAGTGGCCTCTCCTGACTCTCCTACACCACTCTGTGAGGATGCTTCTCCTTCCCCCACGCCAGCTCCT	94442941	94370971	71970	94403313	39628
ENSMUST00000232395	GGAGGACAGCAGACTGGAAGTGGCCTCTCCTGACTCTCCTACACCACTCTGTGAGGATGCTTCTCCTTCCCCCACGCCAGCTCCT	94442941	94456811	-13870	94457320	-14379
ENSMUST00000232395	GGAGGACAGCAGACTGGAAGTGGCCTCTCCTGACTCTCCTACACCACTCTGTGAGGATGCTTCTCCTTCCCCCACGCCAGCTCCT	94442941	94370971	71970	94383911	59030
ENSMUST00000232395	GGAGGACAGCAGACTGGAAGTGGCCTCTCCTGACTCTCCTACACCACTCTGTGAGGATGCTTCTCCTTCCCCCACGCCAGCTCCT	94442941	94370971	71970	94392014	50927
ENSMUST00000232395	GGAGGACAGCAGACTGGAAGTGGCCTCTCCTGACTCTCCTACACCACTCTGTGAGGATGCTTCTCCTTCCCCCACGCCAGCTCCT	94442941	94370971	71970	94403313	39628
ENSMUST00000232395	GGAGGACAGCAGACTGGAAGTGGCCTCTCCTGACTCTCCTACACCACTCTGTGAGGATGCTTCTCCTTCCCCCACGCCAGCTCCT	94442941	94456811	-13870	94457320	-14379
ENSMUST00000186360	TCTCAGACCCAGGCAGAGAGCATGGTCCTGACCCAGCCCCCCCGGGACAGGACTGAGATCACTCTGGAAAGAAGCGGGGTGGGGA	74589358	74584432	4926	74586756	2602
ENSMUST00000232395	TACTCGGTCAAGCCAGTCTCCAAAAAAGCCTTCCAACAGTATTATTGAACACCTGTCAGTGATATTCCCATGTTATACCAGCACT	94460063	94370971	89092	94383911	76152
ENSMUST00000232395	TACTCGGTCAAGCCAGTCTCCAAAAAAGCCTTCCAACAGTATTATTGAACACCTGTCAGTGATATTCCCATGTTATACCAGCACT	94460063	94370971	89092	94392014	68049
ENSMUST00000232395	TACTCGGTCAAGCCAGTCTCCAAAAAAGCCTTCCAACAGTATTATTGAACACCTGTCAGTGATATTCCCATGTTATACCAGCACT	94460063	94370971	89092	94403313	56750
ENSMUST00000232395	TACTCGGTCAAGCCAGTCTCCAAAAAAGCCTTCCAACAGTATTATTGAACACCTGTCAGTGATATTCCCATGTTATACCAGCACT	94460063	94456811	3252	94457320	2743
ENSMUST00000232395	TACTCGGTCAAGCCAGTCTCCAAAAAAGCCTTCCAACAGTATTATTGAACACCTGTCAGTGATATTCCCATGTTATACCAGCACT	94460063	94370971	89092	94383911	76152
ENSMUST00000232395	TACTCGGTCAAGCCAGTCTCCAAAAAAGCCTTCCAACAGTATTATTGAACACCTGTCAGTGATATTCCCATGTTATACCAGCACT	94460063	94370971	89092	94392014	68049
ENSMUST00000232395	TACTCGGTCAAGCCAGTCTCCAAAAAAGCCTTCCAACAGTATTATTGAACACCTGTCAGTGATATTCCCATGTTATACCAGCACT	94460063	94370971	89092	94403313	56750
ENSMUST00000232395	TACTCGGTCAAGCCAGTCTCCAAAAAAGCCTTCCAACAGTATTATTGAACACCTGTCAGTGATATTCCCATGTTATACCAGCACT	94460063	94456811	3252	94457320	2743
ENSMUST00000232395	TACTCGGTCAAGCCAGTCTCCAAAAAAGCCTTCCAACAGTATTATTGAACACCTGTCAGTGATATTCCCATGTTATACCAGCACT	94460063	94370971	89092	94383911	76152
ENSMUST00000232395	TACTCGGTCAAGCCAGTCTCCAAAAAAGCCTTCCAACAGTATTATTGAACACCTGTCAGTGATATTCCCATGTTATACCAGCACT	94460063	94370971	89092	94392014	68049
ENSMUST00000232395	TACTCGGTCAAGCCAGTCTCCAAAAAAGCCTTCCAACAGTATTATTGAACACCTGTCAGTGATATTCCCATGTTATACCAGCACT	94460063	94370971	89092	94403313	56750
ENSMUST00000232395	TACTCGGTCAAGCCAGTCTCCAAAAAAGCCTTCCAACAGTATTATTGAACACCTGTCAGTGATATTCCCATGTTATACCAGCACT	94460063	94456811	3252	94457320	2743
ENSMUST00000200466	AGCAAATTAAGGAAAGAGTCCTTACTCTGTTTCCTGCGTTCATAGCGGTCTGTTTGTGCTTTGTCTAACAGTGAACACTGGTACTTG	19150036	19121331	28705	19125025	25011
ENSMUST00000200466	AGCAAATTAAGGAAAGAGTCCTTACTCTGTTTCCTGCGTTCATAGCGGTCTGTTTGTGCTTTGTCTAACAGTGAACACTGGTACTTG	19150036	19121331	28705	19137535	12501
ENSMUST00000107976	ACCTGAAGCCCCCAGGATAGGTGGGACAGAGAAGCTCAGTTCTGGGACGGTGGCATCCTCTCTCTCTCTCTCTCTTTCCTTTCTTTT	42939591	42934818	4773	42937840	1751
ENSMUST00000105991	AACAATCTGGCTTCCAGCTCTTTCTATGGCAACAACTCTCTGAGCAGTAACTCCCAGAGCAGCTCCCTCTTCTCTCAGGGCTCTGCA	130752706	130766055	-13349	130768815	-16109
ENSMUST00000231569	CAACATACTGGGCTCAATCACACTTGGTCACAGGATTCTGCACATACCTTCCTTTTCAAGGATTTGGCATCACCCAGCGACCAGCGTA	94443029	94370971	72058	94383911	59118
ENSMUST00000231569	CAACATACTGGGCTCAATCACACTTGGTCACAGGATTCTGCACATACCTTCCTTTTCAAGGATTTGGCATCACCCAGCGACCAGCGTA	94443029	94370971	72058	94392014	51015
ENSMUST00000231569	CAACATACTGGGCTCAATCACACTTGGTCACAGGATTCTGCACATACCTTCCTTTTCAAGGATTTGGCATCACCCAGCGACCAGCGTA	94443029	94370971	72058	94403313	39716
ENSMUST00000231569	CAACATACTGGGCTCAATCACACTTGGTCACAGGATTCTGCACATACCTTCCTTTTCAAGGATTTGGCATCACCCAGCGACCAGCGTA	94443029	94456811	-13782	94457320	-14291
ENSMUST00000131671	AAAGAGCGCCAAGCTGCTAGACAGGCCTCCAGAAGCACTGCGTATGAAGATTATTATTATCACCCTCCTCCCCGAATGCCACCTCCAAT	136339265	136316484	22781	136317083	22182
ENSMUST00000232395	ACATTTCAAAAACAGGAGAATATTTACGAGTTAAACTACCACTAAATCCAACTGCTAGGGAATTTCAACCAGATGTAAAGTCTGAAGCACTGTCTGAG	94442745	94370971	71774	94383911	58834
ENSMUST00000232395	ACATTTCAAAAACAGGAGAATATTTACGAGTTAAACTACCACTAAATCCAACTGCTAGGGAATTTCAACCAGATGTAAAGTCTGAAGCACTGTCTGAG	94442745	94370971	71774	94392014	50731
ENSMUST00000232395	ACATTTCAAAAACAGGAGAATATTTACGAGTTAAACTACCACTAAATCCAACTGCTAGGGAATTTCAACCAGATGTAAAGTCTGAAGCACTGTCTGAG	94442745	94370971	71774	94403313	39432
ENSMUST00000232395	ACATTTCAAAAACAGGAGAATATTTACGAGTTAAACTACCACTAAATCCAACTGCTAGGGAATTTCAACCAGATGTAAAGTCTGAAGCACTGTCTGAG	94442745	94456811	-14066	94457320	-14575
ENSMUST00000232395	ACATTTCAAAAACAGGAGAATATTTACGAGTTAAACTACCACTAAATCCAACTGCTAGGGAATTTCAACCAGATGTAAAGTCTGAAGCACTGTCTGAG	94442745	94370971	71774	94383911	58834
ENSMUST00000232395	ACATTTCAAAAACAGGAGAATATTTACGAGTTAAACTACCACTAAATCCAACTGCTAGGGAATTTCAACCAGATGTAAAGTCTGAAGCACTGTCTGAG	94442745	94370971	71774	94392014	50731
ENSMUST00000232395	ACATTTCAAAAACAGGAGAATATTTACGAGTTAAACTACCACTAAATCCAACTGCTAGGGAATTTCAACCAGATGTAAAGTCTGAAGCACTGTCTGAG	94442745	94370971	71774	94403313	39432
ENSMUST00000232395	ACATTTCAAAAACAGGAGAATATTTACGAGTTAAACTACCACTAAATCCAACTGCTAGGGAATTTCAACCAGATGTAAAGTCTGAAGCACTGTCTGAG	94442745	94456811	-14066	94457320	-14575
ENSMUST00000232395	ACATTTCAAAAACAGGAGAATATTTACGAGTTAAACTACCACTAAATCCAACTGCTAGGGAATTTCAACCAGATGTAAAGTCTGAAGCACTGTCTGAG	94442745	94370971	71774	94383911	58834
ENSMUST00000232395	ACATTTCAAAAACAGGAGAATATTTACGAGTTAAACTACCACTAAATCCAACTGCTAGGGAATTTCAACCAGATGTAAAGTCTGAAGCACTGTCTGAG	94442745	94370971	71774	94392014	50731
ENSMUST00000232395	ACATTTCAAAAACAGGAGAATATTTACGAGTTAAACTACCACTAAATCCAACTGCTAGGGAATTTCAACCAGATGTAAAGTCTGAAGCACTGTCTGAG	94442745	94370971	71774	94403313	39432
ENSMUST00000232395	ACATTTCAAAAACAGGAGAATATTTACGAGTTAAACTACCACTAAATCCAACTGCTAGGGAATTTCAACCAGATGTAAAGTCTGAAGCACTGTCTGAG	94442745	94456811	-14066	94457320	-14575
ENSMUST00000042824	ACCGCGCTGGAGGGATATCAGATTGGACAGGTGGCCTGTGGGCTGAACCACACCTTGGCAGTGTCAGCAGATGGCTCCATGGTGTGGGCCTTTGGAGA	66487985	66461920	26065	66462828	25157
ENSMUST00000171289	TAATTAAAATTACTGTTCTCTGAATGACAGTGTGTAAGGAAATCTTTCAAGAATGCTGTCATTATTCTCTTTGAGCTTTTTGTTGGGATTTGGGGTTTT	126843119	126771846	71273	126780359	62760
ENSMUST00000113144	TATTTTTGGATCTTGGTTCTGGGGCACTGGTGAGAACAGCCTTAGATCTGTTGGAGTCAATTGTGAGAAGATGCCGAAGGCTGGAGAAAAAGAAGTTACT	135800611	135752017	48594	135778905	21706
ENSMUST00000190096	TTAAGTGACTACTCATCCTCTGTTCCTTCGACCCCAAGCACCAGCCAGAAAGAGCTTCGGATCGACGTCCCTCCCACTGCCAACACTCCAACGCCTGTCCG	89665062	89609599	55463	89627760	37302
ENSMUST00000190096	TTAAGTGACTACTCATCCTCTGTTCCTTCGACCCCAAGCACCAGCCAGAAAGAGCTTCGGATCGACGTCCCTCCCACTGCCAACACTCCAACGCCTGTCCG	89665062	89609599	55463	89627760	37302
ENSMUST00000113462	AAAGAAAAGGAATATAACTACTACGTGCTCATCCCCTTCCCTCCCGCTGCCCTCGGCGCCGCACTGTCAGCTCTGGGGCTGGCTGTCCTCCGCTCTGCGCCT	6532311	6463868	68443	6472257	60054
ENSMUST00000113462	AAAGAAAAGGAATATAACTACTACGTGCTCATCCCCTTCCCTCCCGCTGCCCTCGGCGCCGCACTGTCAGCTCTGGGGCTGGCTGTCCTCCGCTCTGCGCCT	6532311	6463868	68443	6472257	60054
ENSMUST00000100203	GGCGAGCCCAGGCAACTCCTGACCATGTCCTCTTCATGCTGTTAAATGCCAAGGGAACTACTGTGTGCACAGCCAGCTGCCTTCAGCTTCATAAGCGAGCAGA	100190308	100155156	35152	100157169	33139
ENSMUST00000100203	GGCGAGCCCAGGCAACTCCTGACCATGTCCTCTTCATGCTGTTAAATGCCAAGGGAACTACTGTGTGCACAGCCAGCTGCCTTCAGCTTCATAAGCGAGCAGA	100190308	100155156	35152	100157169	33139
ENSMUST00000182597	TTGAGGCTACCAAAGTTTGCAGAGGAGGAGACTCTTTGTATAGACTCTATAACTCCTTGTGCTGATGGAATTCATTTGTTGGTAGGACTGCGGACATGCTCTG	74579853	74606135	-26282	74608096	-28243
ENSMUST00000182597	TTGAGGCTACCAAAGTTTGCAGAGGAGGAGACTCTTTGTATAGACTCTATAACTCCTTGTGCTGATGGAATTCATTTGTTGGTAGGACTGCGGACATGCTCTG	74579853	74615357	-35504	74618435	-38582
ENSMUST00000182597	TTGAGGCTACCAAAGTTTGCAGAGGAGGAGACTCTTTGTATAGACTCTATAACTCCTTGTGCTGATGGAATTCATTTGTTGGTAGGACTGCGGACATGCTCTG	74579853	74619838	-39985	74622035	-42182
ENSMUST00000055758	ATACTGTTACAGGATTCATGAACTTGAGTAATTTTACAGTTTGGAACTCTGATGCTATATATACATGGTATAATGTATTCAGACTTTGATCACTACATATTTAAA	70023508	69954363	69145	69955966	67542
ENSMUST00000055758	ATACTGTTACAGGATTCATGAACTTGAGTAATTTTACAGTTTGGAACTCTGATGCTATATATACATGGTATAATGTATTCAGACTTTGATCACTACATATTTAAA	70023508	69991637	31871	69993675	29833
ENSMUST00000117648	TTTGAAAAAGAACAGATTTCTCGAAGCTCTTAATCACTTTGAAAAGGCAAAGACTTTAATTAGTCGTCTCCCTGGAATTCTAACTTGGCCCACAAGTAATGTGATTAT	94422232	94370971	51261	94383911	38321
ENSMUST00000117648	TTTGAAAAAGAACAGATTTCTCGAAGCTCTTAATCACTTTGAAAAGGCAAAGACTTTAATTAGTCGTCTCCCTGGAATTCTAACTTGGCCCACAAGTAATGTGATTAT	94422232	94370971	51261	94392014	30218
ENSMUST00000117648	TTTGAAAAAGAACAGATTTCTCGAAGCTCTTAATCACTTTGAAAAGGCAAAGACTTTAATTAGTCGTCTCCCTGGAATTCTAACTTGGCCCACAAGTAATGTGATTAT	94422232	94370971	51261	94403313	18919
ENSMUST00000117648	TTTGAAAAAGAACAGATTTCTCGAAGCTCTTAATCACTTTGAAAAGGCAAAGACTTTAATTAGTCGTCTCCCTGGAATTCTAACTTGGCCCACAAGTAATGTGATTAT	94422232	94456811	-34579	94457320	-35088
ENSMUST00000232395	AACTGTTGCACCATCGTCACAGACCCAGCCCAGGAGAAGATGGGAACCTCCTTCCTGTTGCTGTAGGTAGTCACTCCTCACTAATGCACCATGCACTTCATGAGTTAAA	94468044	94370971	97073	94383911	84133
ENSMUST00000232395	AACTGTTGCACCATCGTCACAGACCCAGCCCAGGAGAAGATGGGAACCTCCTTCCTGTTGCTGTAGGTAGTCACTCCTCACTAATGCACCATGCACTTCATGAGTTAAA	94468044	94370971	97073	94392014	76030
ENSMUST00000232395	AACTGTTGCACCATCGTCACAGACCCAGCCCAGGAGAAGATGGGAACCTCCTTCCTGTTGCTGTAGGTAGTCACTCCTCACTAATGCACCATGCACTTCATGAGTTAAA	94468044	94370971	97073	94403313	64731
ENSMUST00000232395	AACTGTTGCACCATCGTCACAGACCCAGCCCAGGAGAAGATGGGAACCTCCTTCCTGTTGCTGTAGGTAGTCACTCCTCACTAATGCACCATGCACTTCATGAGTTAAA	94468044	94456811	11233	94457320	10724
ENSMUST00000232395	AACTGTTGCACCATCGTCACAGACCCAGCCCAGGAGAAGATGGGAACCTCCTTCCTGTTGCTGTAGGTAGTCACTCCTCACTAATGCACCATGCACTTCATGAGTTAAA	94468044	94370971	97073	94383911	84133
ENSMUST00000232395	AACTGTTGCACCATCGTCACAGACCCAGCCCAGGAGAAGATGGGAACCTCCTTCCTGTTGCTGTAGGTAGTCACTCCTCACTAATGCACCATGCACTTCATGAGTTAAA	94468044	94370971	97073	94392014	76030
ENSMUST00000232395	AACTGTTGCACCATCGTCACAGACCCAGCCCAGGAGAAGATGGGAACCTCCTTCCTGTTGCTGTAGGTAGTCACTCCTCACTAATGCACCATGCACTTCATGAGTTAAA	94468044	94370971	97073	94403313	64731
ENSMUST00000232395	AACTGTTGCACCATCGTCACAGACCCAGCCCAGGAGAAGATGGGAACCTCCTTCCTGTTGCTGTAGGTAGTCACTCCTCACTAATGCACCATGCACTTCATGAGTTAAA	94468044	94456811	11233	94457320	10724
ENSMUST00000232395	AACTGTTGCACCATCGTCACAGACCCAGCCCAGGAGAAGATGGGAACCTCCTTCCTGTTGCTGTAGGTAGTCACTCCTCACTAATGCACCATGCACTTCATGAGTTAAA	94468044	94370971	97073	94383911	84133
ENSMUST00000232395	AACTGTTGCACCATCGTCACAGACCCAGCCCAGGAGAAGATGGGAACCTCCTTCCTGTTGCTGTAGGTAGTCACTCCTCACTAATGCACCATGCACTTCATGAGTTAAA	94468044	94370971	97073	94392014	76030
ENSMUST00000232395	AACTGTTGCACCATCGTCACAGACCCAGCCCAGGAGAAGATGGGAACCTCCTTCCTGTTGCTGTAGGTAGTCACTCCTCACTAATGCACCATGCACTTCATGAGTTAAA	94468044	94370971	97073	94403313	64731
ENSMUST00000232395	AACTGTTGCACCATCGTCACAGACCCAGCCCAGGAGAAGATGGGAACCTCCTTCCTGTTGCTGTAGGTAGTCACTCCTCACTAATGCACCATGCACTTCATGAGTTAAA	94468044	94456811	11233	94457320	10724
ENSMUST00000107976	ATTAAAGCATGCTAAATTCAGGGGCTCTTGCTCGCTCTCCCGATGAGTCATCTTTCTCTCTCTCTGTGGCTGTGGGCTGCTGAACCGCACAGAGATAATTCATCTCTGGGC	42941597	42934818	6779	42937840	3757
ENSMUST00000101018	CTTAGTTCCTCTGTCACTTTAGCCTTCAACCCGGCATTGGTACTGTACATGCCTGGCTTCTGAAGGTATCTCTGTACATTGTTCTCAGGCGGTCTTGTGGATGTCTTTCAGGA	112746424	112732085	14339	112732501	13923
ENSMUST00000113144	TATCCAGACCTGAACATGATTGAGACATACGTGTGTCAGATTTGCGAGGACACCTTTGACTATGACTTGGATTCCCCTGATCAGTTGTCCGGATTGACAATGATTACACACCTC	135802598	135752017	50581	135778905	23693
ENSMUST00000030691	AAAATAACCAGAGACTCTAAGGATCACACAGTTTCAGGTAATGGGCTAGGAATTAGAATTGTTGGTGGTAAAGAAATTCCTGGACATAGTGGAGAAATTGGAGCCTATATTGCTAAGATTCTTC	14723296	14682387	40909	14712416	10880
ENSMUST00000107976	CTGGCAGCAGGCTCTGGTAGTCCACGTCTCCTTCCAACCAGCAGAGTAAAGGCACAGACACAGTTGTGCACCGCATATGTATTCAGAGAGACACAAGTATGTAGAGTCATTCATGGCCCAGAGCG	42942992	42934818	8174	42937840	5152
ENSMUST00000101018	ATACCAGAGGCCAGCCTGAACTTCCAGAAAGTGCCGCCTGGCTCTATGAACTCTCACAACTTGGACCAGAACATGAATGACAGCCGAGACGATGCTCTGACCAACAAGACGAGGCCTCGGAACCG	112743429	112732085	11344	112732501	10928
ENSMUST00000182597	CAAATAAAGCTGTTGACAGCACTTTGAAAACAAGGATCCTGGCCTCTGAGCCTGACAATGCAGAAGGAATCCATAACTTTGCACCACTTGGTACCATCACTTCTAGTAGTCCTACTGCCCAGCCA	74642644	74606135	36509	74608096	34548
ENSMUST00000182597	CAAATAAAGCTGTTGACAGCACTTTGAAAACAAGGATCCTGGCCTCTGAGCCTGACAATGCAGAAGGAATCCATAACTTTGCACCACTTGGTACCATCACTTCTAGTAGTCCTACTGCCCAGCCA	74642644	74615357	27287	74618435	24209
ENSMUST00000182597	CAAATAAAGCTGTTGACAGCACTTTGAAAACAAGGATCCTGGCCTCTGAGCCTGACAATGCAGAAGGAATCCATAACTTTGCACCACTTGGTACCATCACTTCTAGTAGTCCTACTGCCCAGCCA	74642644	74619838	22806	74622035	20609
ENSMUST00000182407	GCCCATGAATCTCTGATATTGACCTACTCTGAGCCTTCAGAGAGTGCTACGTCTGTCCCACCTTCTGACACACCTTCTCTCACATCATCTATTTCTTCAGTTTGTACCACAGATAGCTCCTCACCTGTCACTACCCTCGATAGCC	14677410	14682387	-4977	14712416	-35006
ENSMUST00000238468	CAGTTGCAATTTTTTGCAAGGTTTTTCGACTCATAGTTCTTTGTCTGGGTACTTTTTCACCCTACAGAGAATTTCTGTATATATTATCGTTTCTGATTCTAGTGTTTTGAATTTTCGCTGGGTCTAAATATCTCTGTCTCAGTGTCAGTA	109661103	109606343	54760	109617210	43893
ENSMUST00000238468	CAGTTGCAATTTTTTGCAAGGTTTTTCGACTCATAGTTCTTTGTCTGGGTACTTTTTCACCCTACAGAGAATTTCTGTATATATTATCGTTTCTGATTCTAGTGTTTTGAATTTTCGCTGGGTCTAAATATCTCTGTCTCAGTGTCAGTA	109661103	109656840	4263	109658052	3051
ENSMUST00000238468	CAGTTGCAATTTTTTGCAAGGTTTTTCGACTCATAGTTCTTTGTCTGGGTACTTTTTCACCCTACAGAGAATTTCTGTATATATTATCGTTTCTGATTCTAGTGTTTTGAATTTTCGCTGGGTCTAAATATCTCTGTCTCAGTGTCAGTA	109661103	109656840	4263	109659722	1381
ENSMUST00000035058	GATCTCATGGCATGCTCTGATGTGTTTTGTAGGAGGGGAAACACTTAAAATAAGCAAAGAAACCGAGCAGGATTGCATATATCGGATGGTTCTTGTCTGTGCTCTCTGTACGTTGCTTCTGCAGCTGTGATTTCTAAACCTCTGCTGGCACTCA	110262331	110256301	6030	110262059	272
ENSMUST00000007130	TAGTGTTATGTTCTAGTGAACCTGCTACAGCAATTTCTGATTTCTAAGAACCGAGTAATGGTGTAGAACACTAATTCATAATCACGCTAATTGTAATCTGGAGACGTGTAACATTGTGTAGCCTTTTGTATAAATAGACAGATAGAAATGGTCC	120960129	120955972	4157	120957106	3023
ENSMUST00000042035	CTTGCACTTCTTCTTCCTGTCCTCATTTTGCTGGGTGCTCACCGAGGCCTGGCAATCCTACATGGCCGTCACCGGCCGCCTCCGGAGCCGGCTCGTCCGCAAACGCTTTCTCTGCCTGGGCTGGGGGCTCCCTGCACTGGTGGTGGCCATTTCTG	74572121	74584432	-12311	74586756	-14635
ENSMUST00000007130	CTTGTTCAAAACTGTCTTTGGACTCTCAGAAACCTTTCAGATGCAGCGACTAAGCAGGAAGGGATGGAAGGCCTCCTTGGGACTCTAGTGCAGCTTCTGGGTTCCGATGATATAAATGTGGTCACCTGTGCAGCTGGAATTCTCTCTAACCTCACT	120955202	120955972	-770	120957106	-1904
ENSMUST00000108909	GAAGTACTTCGTCTCCCCGACCCTATTCCGCGTCATCCGATTGGCCCGCATCGGGCGCATCTTGCGTCTGATCAAGGGCGCCAAAGGGATCCGCACCCTGCTCTTTGCCTTAATGATGTCGCTGCCCGCCCTGTTCAACATCGGCCTCCTGCTCTTCCTG	101039592	100984075	55517	101002033	37559
ENSMUST00000046257	CCAGGCCTGGACCAGCCTAGGGAAGCGTGCAGACCAGCGCAAGGCCAAATTGGGTGACTCCCATGATCTGCAGCGCTTCCTTAGCGATTTCCGGGACCTCATGTCTTGGATCAATGGAATACGAGGGTTGGTATCTTCAGATGAACTAGCCAAGGACGTC	30008192	30006670	1522	30007493	699
ENSMUST00000232395	CATACCTTCCTTTTCAAGGATTTGGCATCACCCAGCGACCAGCGTACATTAACATGGTACCTAGCCTGTCGCAGTTCACTAGCATTTACACACCTTTGGCCAACATTTCTTCTGAGTATCCAATGCAAAGATCCATGCCAGTGGTGCCATCTTTTGTAGCCAGCAACAGA	94443081	94370971	72110	94383911	59170
ENSMUST00000232395	CATACCTTCCTTTTCAAGGATTTGGCATCACCCAGCGACCAGCGTACATTAACATGGTACCTAGCCTGTCGCAGTTCACTAGCATTTACACACCTTTGGCCAACATTTCTTCTGAGTATCCAATGCAAAGATCCATGCCAGTGGTGCCATCTTTTGTAGCCAGCAACAGA	94443081	94370971	72110	94392014	51067
ENSMUST00000232395	CATACCTTCCTTTTCAAGGATTTGGCATCACCCAGCGACCAGCGTACATTAACATGGTACCTAGCCTGTCGCAGTTCACTAGCATTTACACACCTTTGGCCAACATTTCTTCTGAGTATCCAATGCAAAGATCCATGCCAGTGGTGCCATCTTTTGTAGCCAGCAACAGA	94443081	94370971	72110	94403313	39768
ENSMUST00000232395	CATACCTTCCTTTTCAAGGATTTGGCATCACCCAGCGACCAGCGTACATTAACATGGTACCTAGCCTGTCGCAGTTCACTAGCATTTACACACCTTTGGCCAACATTTCTTCTGAGTATCCAATGCAAAGATCCATGCCAGTGGTGCCATCTTTTGTAGCCAGCAACAGA	94443081	94456811	-13730	94457320	-14239
ENSMUST00000232395	CATACCTTCCTTTTCAAGGATTTGGCATCACCCAGCGACCAGCGTACATTAACATGGTACCTAGCCTGTCGCAGTTCACTAGCATTTACACACCTTTGGCCAACATTTCTTCTGAGTATCCAATGCAAAGATCCATGCCAGTGGTGCCATCTTTTGTAGCCAGCAACAGA	94443081	94370971	72110	94383911	59170
ENSMUST00000232395	CATACCTTCCTTTTCAAGGATTTGGCATCACCCAGCGACCAGCGTACATTAACATGGTACCTAGCCTGTCGCAGTTCACTAGCATTTACACACCTTTGGCCAACATTTCTTCTGAGTATCCAATGCAAAGATCCATGCCAGTGGTGCCATCTTTTGTAGCCAGCAACAGA	94443081	94370971	72110	94392014	51067
ENSMUST00000232395	CATACCTTCCTTTTCAAGGATTTGGCATCACCCAGCGACCAGCGTACATTAACATGGTACCTAGCCTGTCGCAGTTCACTAGCATTTACACACCTTTGGCCAACATTTCTTCTGAGTATCCAATGCAAAGATCCATGCCAGTGGTGCCATCTTTTGTAGCCAGCAACAGA	94443081	94370971	72110	94403313	39768
ENSMUST00000232395	CATACCTTCCTTTTCAAGGATTTGGCATCACCCAGCGACCAGCGTACATTAACATGGTACCTAGCCTGTCGCAGTTCACTAGCATTTACACACCTTTGGCCAACATTTCTTCTGAGTATCCAATGCAAAGATCCATGCCAGTGGTGCCATCTTTTGTAGCCAGCAACAGA	94443081	94456811	-13730	94457320	-14239
ENSMUST00000232395	CATACCTTCCTTTTCAAGGATTTGGCATCACCCAGCGACCAGCGTACATTAACATGGTACCTAGCCTGTCGCAGTTCACTAGCATTTACACACCTTTGGCCAACATTTCTTCTGAGTATCCAATGCAAAGATCCATGCCAGTGGTGCCATCTTTTGTAGCCAGCAACAGA	94443081	94370971	72110	94383911	59170
ENSMUST00000232395	CATACCTTCCTTTTCAAGGATTTGGCATCACCCAGCGACCAGCGTACATTAACATGGTACCTAGCCTGTCGCAGTTCACTAGCATTTACACACCTTTGGCCAACATTTCTTCTGAGTATCCAATGCAAAGATCCATGCCAGTGGTGCCATCTTTTGTAGCCAGCAACAGA	94443081	94370971	72110	94392014	51067
ENSMUST00000232395	CATACCTTCCTTTTCAAGGATTTGGCATCACCCAGCGACCAGCGTACATTAACATGGTACCTAGCCTGTCGCAGTTCACTAGCATTTACACACCTTTGGCCAACATTTCTTCTGAGTATCCAATGCAAAGATCCATGCCAGTGGTGCCATCTTTTGTAGCCAGCAACAGA	94443081	94370971	72110	94403313	39768
ENSMUST00000232395	CATACCTTCCTTTTCAAGGATTTGGCATCACCCAGCGACCAGCGTACATTAACATGGTACCTAGCCTGTCGCAGTTCACTAGCATTTACACACCTTTGGCCAACATTTCTTCTGAGTATCCAATGCAAAGATCCATGCCAGTGGTGCCATCTTTTGTAGCCAGCAACAGA	94443081	94456811	-13730	94457320	-14239
ENSMUST00000102919	CAGCGGGTGCAACCCTGTCATCTACTGGCTGGCCAACTACGTGTGGGACATGCTCAATTACCTGGTCCCAGCCACCTGCTGCGTGATCATCCTCTTTGTCTTTGACTTACCTGCCTACACATCACCCACCAACTTCCCCGCGGTGCTCTCCTTGTTCCTGCTCTATGGGTG	25444226	25442111	2115	25442190	2036
ENSMUST00000129241	AGTGAAGAGATCGAGAGTGCTTTCCGGGCCCTCAGCTCTGAGGGCAAGCCTTATGTGACCAAGGAGGAGCTCTACCAGAACCTGACCCGGGAACAAGCTGACTATTGTGTCTCCCACATGAAGCCCTATGTGGATGGCAAGGGCCGAGAACTTCCAACTGCCTTCGACTACGTCGAGTTCACCCGCTCACT	30030800	30006670	24130	30007493	23307
ENSMUST00000087871	AACCTGAAGGAGGCCATTGAAACCATTGTGGCCGCCATGAGCAACCTGGTGCCCCCTGTGGAGCTGGCCAACCCTGAGAACCAGTTCAGAGTGGACTACATTCTGAGCGTGATGAACGTGCCGAACTTTGACTTCCCACCTGAATTCTATGAGCATGCCAAGGCTCTGTGGGAGGATGAGGGAGTGCGTGCCTG	174341691	174330434	11257	174334211	7480
ENSMUST00000238468	CTACCATGGAGTGACACTGGATATAGAAACTACCGTTAACAGCAGACTCCATGGCTCAGACTTCCAATACAATATGAACTCAGTTGCAATTTTTTGCAAGGTTTTTCGACTCATAGTTCTTTGTCTGGGTACTTTTTCACCCTACAGAGAATTTCTGTATATATTATCGTTTCTGATTCTAGTGTTTTGAATTTTCGCTGGGTCT	109661023	109606343	54680	109617210	43813
ENSMUST00000238468	CTACCATGGAGTGACACTGGATATAGAAACTACCGTTAACAGCAGACTCCATGGCTCAGACTTCCAATACAATATGAACTCAGTTGCAATTTTTTGCAAGGTTTTTCGACTCATAGTTCTTTGTCTGGGTACTTTTTCACCCTACAGAGAATTTCTGTATATATTATCGTTTCTGATTCTAGTGTTTTGAATTTTCGCTGGGTCT	109661023	109656840	4183	109658052	2971
ENSMUST00000238468	CTACCATGGAGTGACACTGGATATAGAAACTACCGTTAACAGCAGACTCCATGGCTCAGACTTCCAATACAATATGAACTCAGTTGCAATTTTTTGCAAGGTTTTTCGACTCATAGTTCTTTGTCTGGGTACTTTTTCACCCTACAGAGAATTTCTGTATATATTATCGTTTCTGATTCTAGTGTTTTGAATTTTCGCTGGGTCT	109661023	109656840	4183	109659722	1301
ENSMUST00000113462	AGGTGTCCGGCCTCTACTACAATGGGCTCAAGGTACTGGCGCTGGCCGCCGAGAGCGACCCCAATGTGCGGACCGAAGGCCACCTACGGCTAGTAGGGGAGGGGCCGTCCGTGCTGCTCAGTGCTGAGACCACTGCCACCACTCTGCTGGCCGACATGGCCACCACCATCATGGAGACCACCACCACCATGGCCACCACCACTACTCGCCGGGGCCGTTCCCCCACAATGAGGGACAGCACCACCCAGA	6517021	6463868	53153	6472257	44764
ENSMUST00000113462	AGGTGTCCGGCCTCTACTACAATGGGCTCAAGGTACTGGCGCTGGCCGCCGAGAGCGACCCCAATGTGCGGACCGAAGGCCACCTACGGCTAGTAGGGGAGGGGCCGTCCGTGCTGCTCAGTGCTGAGACCACTGCCACCACTCTGCTGGCCGACATGGCCACCACCATCATGGAGACCACCACCACCATGGCCACCACCACTACTCGCCGGGGCCGTTCCCCCACAATGAGGGACAGCACCACCCAGA	6517021	6463868	53153	6472257	44764
