transcript_ID	prot_seq	coord_start_genomic	coord_RiStart	start_genomic-RiStart	coord_RiEnd	start_genomic-RiEnd	coord_end_genomic	end_genomic-RiStart	end_genomic-RiEnd
ENSMUST00000118557	GCGTTCATTCAGATACTAT	96637323	96643574	-6251	96644726	-7403	96643585	11	-1141
ENSMUST00000004326	CTTGAGAGCAAGAACCACC	74338931	74333745	5186	74334348	4583	74339074	5329	4726
ENSMUST00000004326	CTTGAGAGCAAGAACCACC	74338931	74335042	3889	74335498	3433	74339074	4032	3576
ENSMUST00000004326	CTTGAGAGCAAGAACCACC	74338931	74335769	3162	74336191	2740	74339074	3305	2883
ENSMUST00000199754	TCCTCAGATTGTACATGTA	90359516	90354307	5209	90355785	3731	90359535	5228	3750
ENSMUST00000147250	CTTACCTGGTCCCGATGCA	90180732	90193024	-12292	90194269	-13537	90180751	-12273	-13518
ENSMUST00000121111	CAGGGGGCAGCGCTGCGCC	119247538	119241481	6057	119241804	5734	119247557	6076	5753
ENSMUST00000179769	GTCCAAGCCTAGGTCCTCAG	3641594	3634692	6902	3636358	5236	3641614	6922	5256
ENSMUST00000121416	CCTTTGGGCTCTGAGTCACT	149193851	149213351	-19500	149215434	-21583	149193871	-19480	-21563
ENSMUST00000065111	TGGCTTGAGTCTTCGTAAAG	21830434	21834234	-3800	21837872	-7438	21830454	-3780	-7418
ENSMUST00000065111	TGGCTTGAGTCTTCGTAAAG	21830434	21834234	-3800	21837872	-7438	21830454	-3780	-7418
ENSMUST00000092937	CTCTGGCTTCAGGTAGTCCC	73040878	73037194	3684	73037625	3253	73040898	3704	3273
ENSMUST00000106354	TGGTGGTTGGGCAGAGCGGC	117351614	117356612	-4998	117359470	-7856	117352163	-4449	-7307
ENSMUST00000077609	GGCAGGGGCGGTGGAGGTGG	127972684	127972553	131	127975920	-3236	127972704	151	-3216
ENSMUST00000100167	GTCAGTGTCATCCGTGCTTT	14465159	14466103	-944	14467098	-1939	14465179	-924	-1919
ENSMUST00000032359	ATAAAGGGACCTACGCGTGG	140655123	140650755	4368	140652826	2297	140655143	4388	2317
ENSMUST00000182061	TCTCGGCAGAGTCATTCCCG	52005001	51987402	17599	51989938	15063	52005021	17619	15083
ENSMUST00000182061	TCTCGGCAGAGTCATTCCCG	52005001	52004878	123	52005035	-34	52005021	143	-14
ENSMUST00000027040	TCTTTAACATGTTCTTTATA	6274712	6239951	34761	6240378	34334	6274732	34781	34354
ENSMUST00000090973	GCCCCAAGCTGAGGGGATCCA	87978917	87975420	3497	87980451	-1534	87978938	3518	-1513
ENSMUST00000090973	CCCCAAGCTGAGGGGATCCAG	87978918	87975420	3498	87980451	-1533	87978939	3519	-1512
ENSMUST00000166411	ATCTCTCAGGCTGACTTTATA	69871633	69867271	4362	69867552	4081	69871654	4383	4102
ENSMUST00000035216	AGTTAGGGCGAATGGAGGTGT	107978696	107975796	2900	107976189	2507	107978717	2921	2528
ENSMUST00000035216	AGTTAGGGCGAATGGAGGTGT	107978696	107977328	1368	107978022	674	107978717	1389	695
ENSMUST00000035216	AGTTAGGGCGAATGGAGGTGT	107978696	107979393	-697	107979691	-995	107978717	-676	-974
ENSMUST00000035216	AGTTAGGGCGAATGGAGGTGT	107978696	107981203	-2507	107981581	-2885	107978717	-2486	-2864
ENSMUST00000035216	AGTTAGGGCGAATGGAGGTGT	107978696	107981203	-2507	107981581	-2885	107978717	-2486	-2864
ENSMUST00000113712	TCCCTTTGGAATTTTTAAATG	86430896	86418877	12019	86420411	10485	86430917	12040	10506
ENSMUST00000113712	TCCCTTTGGAATTTTTAAATG	86430896	86423605	7291	86424420	6476	86430917	7312	6497
ENSMUST00000025170	TTCGAAGCCTAAAACTCAAAGC	33941417	33940884	533	33941272	145	33941439	555	167
ENSMUST00000022458	CCTTTCAGTTCCTCTGTCCATC	31257424	31251749	5675	31251954	5470	31257446	5697	5492
ENSMUST00000022458	CCTTTCAGTTCCTCTGTCCATC	31257424	31256660	764	31257767	-343	31257446	786	-321
ENSMUST00000022458	CCTTTCAGTTCCTCTGTCCATC	31257424	31256660	764	31257767	-343	31257446	786	-321
ENSMUST00000022458	CCTTTCAGTTCCTCTGTCCATC	31257424	31257880	-456	31258530	-1106	31257446	-434	-1084
ENSMUST00000022458	CCTTTCAGTTCCTCTGTCCATC	31257424	31251749	5675	31251954	5470	31257446	5697	5492
ENSMUST00000022458	CCTTTCAGTTCCTCTGTCCATC	31257424	31256660	764	31257767	-343	31257446	786	-321
ENSMUST00000022458	CCTTTCAGTTCCTCTGTCCATC	31257424	31256660	764	31257767	-343	31257446	786	-321
ENSMUST00000022458	CCTTTCAGTTCCTCTGTCCATC	31257424	31257880	-456	31258530	-1106	31257446	-434	-1084
ENSMUST00000171265	AAGTTTTGAACTGAAATTTGTA	9899084	9885666	13418	9886142	12942	9899106	13440	12964
ENSMUST00000171265	AAGTTTTGAACTGAAATTTGTA	9899084	9885666	13418	9886142	12942	9899106	13440	12964
ENSMUST00000074792	CGGGCCTAGCTCAGTAGGTAGA	65452512	65440345	12167	65441688	10824	65452534	12189	10846
ENSMUST00000020756	ATATCCCTTGGAATGGACCTGT	29137283	29153231	-15948	29154215	-16932	29138161	-15070	-16054
ENSMUST00000020756	ATATCCCTTGGAATGGACCTGT	29137283	29153231	-15948	29154215	-16932	29138161	-15070	-16054
ENSMUST00000019512	TGTGGATTGGCTCTGAGGAGCG	4047453	4043286	4167	4043759	3694	4047475	4189	3716
ENSMUST00000019512	TGTGGATTGGCTCTGAGGAGCG	4047453	4043652	3801	4043972	3481	4047475	3823	3503
ENSMUST00000020756	AGATATCCCTTGGAATGGACCT	29137281	29153231	-15950	29154215	-16934	29138159	-15072	-16056
ENSMUST00000080461	CTACTGGAGGCAGCAGTGGCGA	82799506	82795364	4142	82795786	3720	82799528	4164	3742
ENSMUST00000076467	CTTCCAGGAGTCAGGATGGACT	106984204	106974600	9604	106975660	8544	106984226	9626	8566
ENSMUST00000045026	TTGGAAGAGAACCTGTTGAACT	78305186	78313512	-8326	78313939	-8753	78305208	-8304	-8731
ENSMUST00000045026	TTGGAAGAGAACCTGTTGAACT	78305186	78314163	-8977	78314456	-9270	78305208	-8955	-9248
ENSMUST00000036865	AAGCTTAGGGCAGCAGGCAGAC	79427224	79448819	-21595	79449180	-21956	79427246	-21573	-21934
ENSMUST00000020365	GGGTGACAAACCAGAGGAAGAT	80233032	80228994	4038	80230127	2905	80234230	5236	4103
ENSMUST00000020365	GGGTGACAAACCAGAGGAAGAT	80233032	80236110	-3078	80238920	-5888	80234230	-1880	-4690
ENSMUST00000020365	GGGTGACAAACCAGAGGAAGAT	80233032	80236110	-3078	80238920	-5888	80234230	-1880	-4690
ENSMUST00000020365	GGGTGACAAACCAGAGGAAGAT	80233032	80238314	-5282	80238920	-5888	80234230	-4084	-4690
ENSMUST00000071442	GAGCCCGGGCTCCCCTCTACTCA	25407882	25408606	-724	25409001	-1119	25407905	-701	-1096
ENSMUST00000173727	CACTACTGGAGGCAGCAGTGGCG	82799504	82795364	4140	82795786	3718	82799527	4163	3741
ENSMUST00000124470	CAGGCCTACCCCCCTGCCTTCCA	10328536	10325866	2670	10326545	1991	10328559	2693	2014
ENSMUST00000087228	TACTTCCAGGGTCTTCAACTATG	69571811	69556952	14859	69558296	13515	69571834	14882	13538
ENSMUST00000087228	TACTTCCAGGGTCTTCAACTATG	69571811	69567127	4684	69568497	3314	69571834	4707	3337
ENSMUST00000027512	TGGGGAGTTAGCTCAGTTGGTGA	87765439	87785875	-20436	87786346	-20907	87766128	-19747	-20218
ENSMUST00000099934	TGCTCAGGATGCACGCGGGCGGC	41481259	41478009	3250	41478635	2624	41481282	3273	2647
ENSMUST00000099934	TGCTCAGGATGCACGCGGGCGGC	41481259	41486593	-5334	41487030	-5771	41481282	-5311	-5748
ENSMUST00000017799	CTGAACCCTGGAACTGCTTTGGA	165070918	165069628	1290	165069848	1070	165070941	1313	1093
ENSMUST00000017981	GTGCATAAGCAAGCTGTTCTTCCC	100626297	100624942	1355	100625184	1113	100626321	1379	1137
ENSMUST00000098048	GATTTGAGGCGTGGCTTGGTCATG	126489642	126489551	91	126489911	-269	126489666	115	-245
ENSMUST00000115032	CCCTGGGGTGTACAGCACTGGATG	36320536	36317203	3333	36317662	2874	36320560	3357	2898
ENSMUST00000115032	CCCTGGGGTGTACAGCACTGGATG	36320536	36316208	4328	36318181	2355	36320560	4352	2379
ENSMUST00000006112	CAGGTCCGGGCTCGCACAGTAGCG	21218884	21214324	4560	21214997	3887	21218908	4584	3911
ENSMUST00000006112	CAGGTCCGGGCTCGCACAGTAGCG	21218884	21220419	-1535	21220894	-2010	21218908	-1511	-1986
ENSMUST00000006112	CAGGTCCGGGCTCGCACAGTAGCG	21218884	21221864	-2980	21222304	-3420	21218908	-2956	-3396
ENSMUST00000110186	GGCCCCGAGTGCAACAGCCTGCAG	131520938	131520094	844	131521171	-233	131520962	868	-209
ENSMUST00000110186	GGCCCCGAGTGCAACAGCCTGCAG	131520938	131520094	844	131521171	-233	131520962	868	-209
ENSMUST00000110186	GGCCCCGAGTGCAACAGCCTGCAG	131520938	131520094	844	131521171	-233	131520962	868	-209
ENSMUST00000110186	GGCCCCGAGTGCAACAGCCTGCAG	131520938	131520411	527	131521171	-233	131520962	551	-209
ENSMUST00000042125	ACTGACTGAGTGAACTGTGCATTC	74698548	74678897	19651	74680463	18085	74698572	19675	18109
ENSMUST00000028341	CCTTGGGCTGCTCCTGGATGCGTT	25273119	25272914	205	25273932	-813	25273143	229	-789
ENSMUST00000028911	TAAGCTGAAGAGTTTGAGAATGGGC	144407096	144406622	474	144407676	-580	144407121	499	-555
ENSMUST00000034703	CCTCACTATCGGCGACGCGAACGGC	21547121	21587507	-40386	21589467	-42346	21547146	-40361	-42321
ENSMUST00000034703	CCTCACTATCGGCGACGCGAACGGC	21547121	21587850	-40729	21589467	-42346	21547146	-40704	-42321
ENSMUST00000027252	TCCAAGCTCAGGGTGTTGAAGTGCC	38022308	38033067	-10759	38034103	-11795	38032296	-771	-1807
ENSMUST00000027252	TCCAAGCTCAGGGTGTTGAAGTGCC	38022308	38050186	-27878	38051284	-28976	38032296	-17890	-18988
ENSMUST00000039627	CCTTTTGTAACCTGAGACCTGGCAC	87775233	87781681	-6448	87782049	-6816	87775258	-6423	-6791
ENSMUST00000029382	TCCTCATCTGGACGGGAAACATGTGG	79597771	79595201	2570	79597873	-102	79597797	2596	-76
ENSMUST00000065111	GGCTTGAGTCTTCGTAAAGTAAACAG	21830435	21834234	-3799	21837872	-7437	21830461	-3773	-7411
ENSMUST00000065111	GGCTTGAGTCTTCGTAAAGTAAACAG	21830435	21834234	-3799	21837872	-7437	21830461	-3773	-7411
ENSMUST00000030691	AGGGCCATATGGTTACAGAGGGATTGG	14679857	14674954	4903	14682387	-2530	14679884	4930	-2503
ENSMUST00000130698	TAGTATTTCTAGCCTATTCTTGTCAGT	41756318	41756512	-194	41756811	-493	41756345	-167	-466
ENSMUST00000130698	TAGTATTTCTAGCCTATTCTTGTCAGT	41756318	41756512	-194	41756995	-677	41756345	-167	-650
ENSMUST00000130698	TAGTATTTCTAGCCTATTCTTGTCAGT	41756318	41756512	-194	41756995	-677	41756345	-167	-650
ENSMUST00000130698	TAGTATTTCTAGCCTATTCTTGTCAGT	41756318	41758083	-1765	41758695	-2377	41756345	-1738	-2350
ENSMUST00000075695	GAATTGGATATGGACAAAGACCTCAGT	94068995	94092337	-23342	94092982	-23987	94069022	-23315	-23960
ENSMUST00000075695	GAATTGGATATGGACAAAGACCTCAGT	94068995	94092337	-23342	94092982	-23987	94069022	-23315	-23960
ENSMUST00000028852	CATCTGGCGGATAAGAAGGGTCTCCACG	127603652	127596899	6753	127598276	5376	127603680	6781	5404
ENSMUST00000026671	TTCACATCCTGCCTCACCACTCCCATCAA	119756376	119856266	-99890	119857453	-101077	119756405	-99861	-101048
ENSMUST00000026671	TTCACATCCTGCCTCACCACTCCCATCAA	119756376	119894255	-137879	119895005	-138629	119756405	-137850	-138600
ENSMUST00000028852	AACATCTGGCGGATAAGAAGGGTCTCCAC	127603650	127596899	6751	127598276	5374	127603679	6780	5403
ENSMUST00000191471	CTTTTCTTTACTCTGTCCTCTCTTCTATC	24764064	24743882	20182	24744358	19706	24764093	20211	19735
ENSMUST00000131717	CCGGGCCCAGTCGGTGCTGTACCAGAGTG	83938722	83937196	1526	83937557	1165	83938751	1555	1194
ENSMUST00000092433	CTGGAAGCCTCGGGAAAGTACTCCCCAACC	69926133	70001922	-75789	70002601	-76468	69926163	-75759	-76438
ENSMUST00000199300	TCGCGTGTCGCCCGTCGCACTGTCCAGACC	126597405	126770784	-173379	126771846	-174441	126597435	-173349	-174411
ENSMUST00000111438	TTGACTTTGCCGGGCTTGCTCGAGGCTTTGC	124567850	124554670	13180	124556848	11002	124567881	13211	11033
ENSMUST00000020756	CTAAATGATAGAAGCAGCATTGTAATGGGAGA	29161445	29153231	8214	29154215	7230	29161477	8246	7262
ENSMUST00000020756	CTAAATGATAGAAGCAGCATTGTAATGGGAGA	29161445	29153231	8214	29154215	7230	29161477	8246	7262
ENSMUST00000035645	TAAGTCCTCCACCAGGCCCCTGCCCAGACCCA	43415994	43426227	-10233	43427088	-11094	43416026	-10201	-11062
ENSMUST00000035813	GGTGCTGGGTGCTGGGTGCTGGGTGCTGGGTGCT	5161604	5134016	27588	5134932	26672	5161638	27622	26706
ENSMUST00000035813	GGTGCTGGGTGCTGGGTGCTGGGTGCTGGGTGCT	5161604	5134016	27588	5134932	26672	5161638	27622	26706
ENSMUST00000124973	CGGGAGTTGCAAGAACTGCAGGATAGCCTGAATG	150424784	150440066	-15282	150440529	-15745	150425645	-14421	-14884
ENSMUST00000124973	CGGGAGTTGCAAGAACTGCAGGATAGCCTGAATG	150424784	150445867	-21083	150446241	-21457	150425645	-20222	-20596
ENSMUST00000124973	CGGGAGTTGCAAGAACTGCAGGATAGCCTGAATG	150424784	150447511	-22727	150449238	-24454	150425645	-21866	-23593
ENSMUST00000111338	CCTAAGATCCGGGCTGTTTCTCCACATTTTGATGA	91601035	91559048	41987	91560911	40124	91601070	42022	40159
ENSMUST00000030691	TATTGACATCAATGCCAGCCTGCAAACTATTACTAT	14680751	14674954	5797	14682387	-1636	14680787	5833	-1600
ENSMUST00000111216	ATGGGCTCTTCGGCAGCAAAACCAACTTCAACTCCC	135010048	135010886	-838	135011380	-1332	135010084	-802	-1296
ENSMUST00000111216	ATGGGCTCTTCGGCAGCAAAACCAACTTCAACTCCC	135010048	135010886	-838	135011380	-1332	135010084	-802	-1296
ENSMUST00000111216	ATGGGCTCTTCGGCAGCAAAACCAACTTCAACTCCC	135010048	135011483	-1435	135012170	-2122	135010084	-1399	-2086
ENSMUST00000022458	GTCATCATGGAGCGAATCGGTCTTGCTACTGCAGGGGA	31254612	31251749	2863	31251954	2658	31255097	3348	3143
ENSMUST00000022458	GTCATCATGGAGCGAATCGGTCTTGCTACTGCAGGGGA	31254612	31256660	-2048	31257767	-3155	31255097	-1563	-2670
ENSMUST00000022458	GTCATCATGGAGCGAATCGGTCTTGCTACTGCAGGGGA	31254612	31256660	-2048	31257767	-3155	31255097	-1563	-2670
ENSMUST00000022458	GTCATCATGGAGCGAATCGGTCTTGCTACTGCAGGGGA	31254612	31257880	-3268	31258530	-3918	31255097	-2783	-3433
ENSMUST00000022458	GTCATCATGGAGCGAATCGGTCTTGCTACTGCAGGGGA	31254612	31251749	2863	31251954	2658	31255097	3348	3143
ENSMUST00000022458	GTCATCATGGAGCGAATCGGTCTTGCTACTGCAGGGGA	31254612	31256660	-2048	31257767	-3155	31255097	-1563	-2670
ENSMUST00000022458	GTCATCATGGAGCGAATCGGTCTTGCTACTGCAGGGGA	31254612	31256660	-2048	31257767	-3155	31255097	-1563	-2670
ENSMUST00000022458	GTCATCATGGAGCGAATCGGTCTTGCTACTGCAGGGGA	31254612	31257880	-3268	31258530	-3918	31255097	-2783	-3433
ENSMUST00000036288	CAAATAACCCACAGTCTCGGACCCACTCACCCCCACAG	128223545	128181985	41560	128184654	38891	128223583	41598	38929
ENSMUST00000007253	CCTGAACCTGGGCGCTGTGGTGAACGATGTAGACACAGG	34932623	34932565	58	34934185	-1562	34932662	97	-1523
ENSMUST00000239447	AAGCTTGAAAAGGAGGCAGTGGTCCCCAGGAATGTGGAT	32305619	32299031	6588	32299310	6309	32305658	6627	6348
ENSMUST00000003044	TGTTCAAGGGCAAGGTGGAAGCTGTATTGGAGAAGTTAGG	44860137	44858162	1975	44858749	1388	44860177	2015	1428
ENSMUST00000003044	TGTTCAAGGGCAAGGTGGAAGCTGTATTGGAGAAGTTAGG	44860137	44859722	415	44859945	192	44860177	455	232
ENSMUST00000187040	GCTTTCCCTTGCCCAGGCCTGACTCTGATAACCACTACTT	127560840	127519580	41260	127519832	41008	127560880	41300	41048
ENSMUST00000182597	GTATTTCAGGAGTTGAGTTATTGGTGGACCAGCCTTTCAC	74589596	74561150	28446	74562101	27495	74589636	28486	27535
ENSMUST00000182597	GTATTTCAGGAGTTGAGTTATTGGTGGACCAGCCTTTCAC	74589596	74618435	-28839	74619838	-30242	74589636	-28799	-30202
ENSMUST00000107153	AAATCCAGATGAAAGTGAAGAAGAGCCACCATCCAATGAGG	97680662	97669768	10894	97670882	9780	97680703	10935	9821
ENSMUST00000035645	ACACACCAAGATAAGTCCTCCACCAGGCCCCTGCCCAGACC	43415983	43426227	-10244	43427088	-11105	43416024	-10203	-11064
ENSMUST00000160597	GAAAACATGATTGGGCCAGACTGGAAAAAGAGGTGGATGTAC	29621501	29614125	7376	29615164	6337	29621543	7418	6379
ENSMUST00000068150	GACCATCCTGTCCCTGCCAGGGTGCATGCATTCGGGGGTATA	102778975	102777630	1345	102780262	-1287	102779017	1387	-1245
ENSMUST00000068387	GCTTGCGGACTGCAGTCTATCATGAAATTCTAATTGGATATT	81640515	81639740	775	81640141	374	81641264	1524	1123
ENSMUST00000084038	ACATCCTCTGTCACCTGAATATCACCATGCCCCCCTGCACCAA	23119423	23132096	-12673	23132634	-13211	23120568	-11528	-12066
ENSMUST00000084038	ACATCCTCTGTCACCTGAATATCACCATGCCCCCCTGCACCAA	23119423	23132096	-12673	23132634	-13211	23120568	-11528	-12066
ENSMUST00000027414	GTTTGAAGTGGAACTCCAAGCAGCTCGGACTCTGGAGCGGCTGG	75529519	75527057	2462	75527466	2053	75529563	2506	2097
ENSMUST00000182597	AAATAAATTAAACTCTGCACTATGTAATAGACGTAAAGGTGATC	74580002	74561150	18852	74562101	17901	74580046	18896	17945
ENSMUST00000182597	AAATAAATTAAACTCTGCACTATGTAATAGACGTAAAGGTGATC	74580002	74618435	-38433	74619838	-39836	74580046	-38389	-39792
ENSMUST00000055483	GTTTTAGATGCTCACTTCTGTGTTTTAGGATTCTGCCCATTTACT	42105428	42071241	34187	42072637	32791	42105473	34232	32836
ENSMUST00000109567	TGGTTCCTGGTCCACTCTGACCCTCAGTCATGCCCATGAGGTCTG	156701550	156748022	-46472	156748420	-46870	156701595	-46427	-46825
ENSMUST00000109567	TGGTTCCTGGTCCACTCTGACCCTCAGTCATGCCCATGAGGTCTG	156701550	156748943	-47393	156749356	-47806	156701595	-47348	-47761
ENSMUST00000040787	CTTTGCTTTCCCGAATTCTGCCTTCTGATGCCTGTAAAATATACAA	157975236	157972999	2237	157975294	-58	157975282	2283	-12
ENSMUST00000022458	GGCTGCCAGCCTTCCTAGACAATCACAATTATGCCAAATCCCCTAT	31256256	31251749	4507	31251954	4302	31256668	4919	4714
ENSMUST00000022458	GGCTGCCAGCCTTCCTAGACAATCACAATTATGCCAAATCCCCTAT	31256256	31256660	-404	31257767	-1511	31256668	8	-1099
ENSMUST00000022458	GGCTGCCAGCCTTCCTAGACAATCACAATTATGCCAAATCCCCTAT	31256256	31256660	-404	31257767	-1511	31256668	8	-1099
ENSMUST00000022458	GGCTGCCAGCCTTCCTAGACAATCACAATTATGCCAAATCCCCTAT	31256256	31257880	-1624	31258530	-2274	31256668	-1212	-1862
ENSMUST00000022458	GGCTGCCAGCCTTCCTAGACAATCACAATTATGCCAAATCCCCTAT	31256256	31251749	4507	31251954	4302	31256668	4919	4714
ENSMUST00000022458	GGCTGCCAGCCTTCCTAGACAATCACAATTATGCCAAATCCCCTAT	31256256	31256660	-404	31257767	-1511	31256668	8	-1099
ENSMUST00000022458	GGCTGCCAGCCTTCCTAGACAATCACAATTATGCCAAATCCCCTAT	31256256	31256660	-404	31257767	-1511	31256668	8	-1099
ENSMUST00000022458	GGCTGCCAGCCTTCCTAGACAATCACAATTATGCCAAATCCCCTAT	31256256	31257880	-1624	31258530	-2274	31256668	-1212	-1862
ENSMUST00000096250	TCATTTTCAGAGGACTCCTGTCACCAATCAATCTTCAAATTTGACTG	96369965	96391103	-21138	96392478	-22513	96370012	-21091	-22466
ENSMUST00000159050	CGAGATGAATGGCTCCCTCACCAGCCCAAGCGCCTATGCTGGCCTACA	61410018	61411262	-1244	61412514	-2496	61410066	-1196	-2448
ENSMUST00000162372	AAATCTGTTCAAACACCAGATCCTTCTCACCCGTACGGCTTTTCAAATA	67339984	67342093	-2109	67344569	-4585	67342121	28	-2448
ENSMUST00000167487	ACATAAAGTTCGACAAAATCTATTCTAATGTGGCTTTTTATGGAGGGTGTAACT	27250521	27217019	33502	27217696	32825	27250575	33556	32879
ENSMUST00000167487	ACATAAAGTTCGACAAAATCTATTCTAATGTGGCTTTTTATGGAGGGTGTAACT	27250521	27245534	4987	27247090	3431	27250575	5041	3485
ENSMUST00000199300	AGCCTGCATCGCATACATTCGGCTCACACAGTACATGGACGGAAGCGGGATGCCAAA	126840226	126770784	69442	126771846	68380	126840283	69499	68437
ENSMUST00000112224	TATCAACTATCTAAAACCTAACTGCAAATTGACCACAGACCTCTGACCTTCTACTTT	166387998	166385390	2608	166388988	-990	166388055	2665	-933
ENSMUST00000054955	AACTGCCACCACATGTGCGCATCTGGGACTCTGTGACACTGAACACTCTGCATGTCAT	108511830	108537333	-25503	108539564	-27734	108511888	-25445	-27676
ENSMUST00000132846	ATCAAACCATTCCTTCTGTAGCTCAGGAGAGCGTCCCTACCCCATCTGCTCGCAATGTCCT	6419643	6418100	1543	6418314	1329	6419704	1604	1390
ENSMUST00000161431	AGACCCCACAGCCCCCTGTAGGACATCTCCCCCTAGCCATTTATACTTTGGATATTGTTTT	26760709	26751504	9205	26751890	8819	26760770	9266	8880
ENSMUST00000061837	AACAATAAGACAGCAGAGCGCCGGAGGCCCCTGGATGAATTCAACAATGGAGTTGTCATGAC	69904071	69903007	1064	69903719	352	69904133	1126	414
ENSMUST00000061837	AACAATAAGACAGCAGAGCGCCGGAGGCCCCTGGATGAATTCAACAATGGAGTTGTCATGAC	69904071	69903007	1064	69903719	352	69904133	1126	414
ENSMUST00000112223	GGTAAGCATCCTTTGAAAAATAATTTTCTTGAACTTAAACTCTGAGCAGTCAGTATCTCTCAA	166385717	166385390	327	166388988	-3271	166385780	390	-3208
ENSMUST00000112987	AGAAGTATCTATGTGAACTGTGCCTGGACGATGTGCTGTATGCCCGTACCACAAGCAAGCTCAAG	35709893	35728057	-18164	35730994	-21101	35709958	-18099	-21036
ENSMUST00000112987	AGAAGTATCTATGTGAACTGTGCCTGGACGATGTGCTGTATGCCCGTACCACAAGCAAGCTCAAG	35709893	35728057	-18164	35730992	-21099	35709958	-18099	-21034
ENSMUST00000160027	CAAAAATAATTTACATAGTACACGATGAAGTTAAGGATAAAGCTTTTGAACTGGAGCTCAGCTGGGTT	70993014	70984492	8522	70984745	8269	70993508	9016	8763
ENSMUST00000213013	TACCGGAGCTTGACCCTGAACGTCGTGAACCGGCTCACCTCCGTTACTCGCCTCTTCCCAAATTCCTT	144806157	144784257	21900	144785565	20592	144806223	21966	20658
ENSMUST00000093995	CAGCGGCAGGGCTCCCGGCTCTCTGCTGTCCCTCACCTCCTGTACATACTGCCTGGGAAGAGACACCAC	77978119	77973782	4337	77974329	3790	77978188	4406	3859
ENSMUST00000093995	CAGCGGCAGGGCTCCCGGCTCTCTGCTGTCCCTCACCTCCTGTACATACTGCCTGGGAAGAGACACCAC	77978119	77973782	4337	77974636	3483	77978188	4406	3552
ENSMUST00000093995	CAGCGGCAGGGCTCCCGGCTCTCTGCTGTCCCTCACCTCCTGTACATACTGCCTGGGAAGAGACACCAC	77978119	77973782	4337	77974636	3483	77978188	4406	3552
ENSMUST00000226059	AAACGCTACCTCTCTGTCCCTTGCTGTGTGCTGATCATCGCCAGAGGTGCTTCACTCTGACTTGTTGGTTT	60762499	60760634	1865	60763185	-686	60762570	1936	-615
ENSMUST00000161431	ATGGGCAAAGGCTGGTGTGAGGGTGGGGCCCAAGCTGCTGCGCCATCTGGTCTGTTTTTATTTAACTGTATT	26761227	26751504	9723	26751890	9337	26761299	9795	9409
ENSMUST00000041956	ACTCTAAAGTTTACGAAGCCTGCTTCTCTGAATATTCTCATATTTTAGATGAATTTCACCCATTTTCATACT	94123514	94092337	31177	94092982	30532	94123586	31249	30604
ENSMUST00000041956	ACTCTAAAGTTTACGAAGCCTGCTTCTCTGAATATTCTCATATTTTAGATGAATTTCACCCATTTTCATACT	94123514	94092337	31177	94092982	30532	94123586	31249	30604
ENSMUST00000182597	GCTCGTTCTGCTGCTTGGTCCTACATCTTTCTGCCTGAGGAAGCCTGGTGTGACCTTACCATCCACCTTCCGTCAGCAGT	74643417	74561150	82267	74562101	81316	74646471	85321	84370
ENSMUST00000182597	GCTCGTTCTGCTGCTTGGTCCTACATCTTTCTGCCTGAGGAAGCCTGGTGTGACCTTACCATCCACCTTCCGTCAGCAGT	74643417	74618435	24982	74619838	23579	74646471	28036	26633
ENSMUST00000044083	GAGCTGCTGCAGATACTGGATGCCATGGACATCTGCGCCCGAGACCTGAGTAGTGGGACTATGGTGGATATCCCTGCTCT	60760837	60760634	203	60763185	-2348	60760917	283	-2268
ENSMUST00000175903	TTTTACGGAGAAAACTTATCCATGAAGGCTGCCTGCTCTGGAAGACAGCCACAGGCCGCTTCAAAGATGTCCTGTTGCTGCT	88636052	88631910	4142	88632333	3719	88638302	6392	5969
ENSMUST00000175903	TTTTACGGAGAAAACTTATCCATGAAGGCTGCCTGCTCTGGAAGACAGCCACAGGCCGCTTCAAAGATGTCCTGTTGCTGCT	88636052	88632912	3140	88633367	2685	88638302	5390	4935
ENSMUST00000175903	TTTTACGGAGAAAACTTATCCATGAAGGCTGCCTGCTCTGGAAGACAGCCACAGGCCGCTTCAAAGATGTCCTGTTGCTGCT	88636052	88632912	3140	88633367	2685	88638302	5390	4935
ENSMUST00000175903	TTTTACGGAGAAAACTTATCCATGAAGGCTGCCTGCTCTGGAAGACAGCCACAGGCCGCTTCAAAGATGTCCTGTTGCTGCT	88636052	88642925	-6873	88643216	-7164	88638302	-4623	-4914
ENSMUST00000113735	AGGGCCCTGTTTGATTATGATCGGACTCGTGACAGCTGTCTACCAAGCCAGGGACTCAGTTTCTCTTATGGTGACATTCTGCACGTC	100806514	100772822	33692	100773409	33105	100806601	33779	33192
ENSMUST00000031598	AGGAGGAGGAGGAGGAGATGGTTGAGACTGTAGAGGGTGTCTTCACAGAAGTCGTGGGCCAGAAACGGCCAAGGCCGGGACCCAGCC	120624709	120624537	172	120625844	-1135	120625769	1232	-75
ENSMUST00000031598	AGGAGGAGGAGGAGGAGATGGTTGAGACTGTAGAGGGTGTCTTCACAGAAGTCGTGGGCCAGAAACGGCCAAGGCCGGGACCCAGCC	120624709	120625925	-1216	120626505	-1796	120625769	-156	-736
ENSMUST00000107976	ACCTGAAGCCCCCAGGATAGGTGGGACAGAGAAGCTCAGTTCTGGGACGGTGGCATCCTCTCTCTCTCTCTCTCTTTCCTTTCTTTT	42939591	42933615	5976	42933997	5594	42939678	6063	5681
ENSMUST00000171289	TAATTAAAATTACTGTTCTCTGAATGACAGTGTGTAAGGAAATCTTTCAAGAATGCTGTCATTATTCTCTTTGAGCTTTTTGTTGGGATTTGGGGTTTT	126843119	126770784	72335	126771846	71273	126843217	72433	71371
ENSMUST00000045393	CTCTCAGTACCACCACCACAGCCCGGCCCACACCCCTCACCAGCACAGCCTCGCCTGCAGCCACCACTCCACTCCGCCGGGCACCCCTCACCACACACCCA	83930986	83937196	-6210	83937557	-6571	83931087	-6109	-6470
ENSMUST00000182597	TTGAGGCTACCAAAGTTTGCAGAGGAGGAGACTCTTTGTATAGACTCTATAACTCCTTGTGCTGATGGAATTCATTTGTTGGTAGGACTGCGGACATGCTCTG	74579853	74561150	18703	74562101	17752	74579956	18806	17855
ENSMUST00000182597	TTGAGGCTACCAAAGTTTGCAGAGGAGGAGACTCTTTGTATAGACTCTATAACTCCTTGTGCTGATGGAATTCATTTGTTGGTAGGACTGCGGACATGCTCTG	74579853	74618435	-38582	74619838	-39985	74579956	-38479	-39882
ENSMUST00000112227	GCAGAAGCTGGATTCTGACCCGAGCTCTGCAAAATGAGCTTCCCAGTTGATCACATCGGAACAAAATGGGACTGAGGATTTGGTGATCACTATTGTTTGGAAAT	166387711	166385390	2321	166388988	-1277	166387815	2425	-1173
ENSMUST00000112237	TCCACTTCTATGGTGTGTCCAACCTTCAGGAATTCCGTTATGGCCTAGAAGGTGGCTGTACCGACGACTCCCTTCTCTGAGCCTCCCCACCTGAGGGGTGGAGGA	134431586	134423957	7629	134424922	6664	134431691	7734	6769
ENSMUST00000045393	CACGGACACATTGACTGAATATGCCTCATGGGAGGACTATGTAGCCGCACGCCACACCACCACGTACAGACTGCCCAACCGTGTAGATGGCACTGGCTTTGTGGTCTAC	83929608	83937196	-7588	83937557	-7949	83929717	-7479	-7840
ENSMUST00000107976	ATTAAAGCATGCTAAATTCAGGGGCTCTTGCTCGCTCTCCCGATGAGTCATCTTTCTCTCTCTCTGTGGCTGTGGGCTGCTGAACCGCACAGAGATAATTCATCTCTGGGC	42941597	42933615	7982	42933997	7600	42941708	8093	7711
ENSMUST00000080036	CAAGAGGAACAGCACCCTGCCTTCATTTCTCACAGCTGTGCTGAAGAACATTGTTATCAGTCTGGCCCGACTCCCCCTAGTTAACAGCTATACTCGTGTGCCTCCTCTGGTA	34889460	34898796	-9336	34899927	-10467	34891406	-7390	-8521
ENSMUST00000030691	AAAATAACCAGAGACTCTAAGGATCACACAGTTTCAGGTAATGGGCTAGGAATTAGAATTGTTGGTGGTAAAGAAATTCCTGGACATAGTGGAGAAATTGGAGCCTATATTGCTAAGATTCTTC	14723296	14674954	48342	14682387	40909	14750575	75621	68188
ENSMUST00000107976	CTGGCAGCAGGCTCTGGTAGTCCACGTCTCCTTCCAACCAGCAGAGTAAAGGCACAGACACAGTTGTGCACCGCATATGTATTCAGAGAGACACAAGTATGTAGAGTCATTCATGGCCCAGAGCG	42942992	42933615	9377	42933997	8995	42943117	9502	9120
ENSMUST00000182597	CAAATAAAGCTGTTGACAGCACTTTGAAAACAAGGATCCTGGCCTCTGAGCCTGACAATGCAGAAGGAATCCATAACTTTGCACCACTTGGTACCATCACTTCTAGTAGTCCTACTGCCCAGCCA	74642644	74561150	81494	74562101	80543	74643378	82228	81277
ENSMUST00000182597	CAAATAAAGCTGTTGACAGCACTTTGAAAACAAGGATCCTGGCCTCTGAGCCTGACAATGCAGAAGGAATCCATAACTTTGCACCACTTGGTACCATCACTTCTAGTAGTCCTACTGCCCAGCCA	74642644	74618435	24209	74619838	22806	74643378	24943	23540
ENSMUST00000182407	GCCCATGAATCTCTGATATTGACCTACTCTGAGCCTTCAGAGAGTGCTACGTCTGTCCCACCTTCTGACACACCTTCTCTCACATCATCTATTTCTTCAGTTTGTACCACAGATAGCTCCTCACCTGTCACTACCCTCGATAGCC	14677410	14674954	2456	14682387	-4977	14677555	2601	-4832
ENSMUST00000045393	TATAGCCTGGAGTTTGGACCCCCAGATCCCAGTGCTGGCCCAGCCACTTCCCCGCCTCTCAGTACCACCACCACAGCCCGGCCCACACCCCTCACCAGCACAGCCTCGCCTGCAGCCACCACTCCACTCCGCCGGGCACCCCTCACCA	83930233	83937196	-6963	83937557	-7324	83931079	-6117	-6478
ENSMUST00000099557	GATACTTCCCTGCCTCCTTGACCTCCCTCCCTTCCCACCTTCCTGGCTGTTGTGAGACAGGGAATGCCAAGGAAGAACTCTAGTGTCTGGACCCGATCCAGATAATATTTTTAGACTCCTCTGTTCCCTGATGACCTGCATTAGGGCA	118697747	118693866	3881	118694640	3107	118697895	4029	3255
ENSMUST00000046257	CCAGGCCTGGACCAGCCTAGGGAAGCGTGCAGACCAGCGCAAGGCCAAATTGGGTGACTCCCATGATCTGCAGCGCTTCCTTAGCGATTTCCGGGACCTCATGTCTTGGATCAATGGAATACGAGGGTTGGTATCTTCAGATGAACTAGCCAAGGACGTC	30008192	30029619	-21427	30030196	-22004	30010796	-18823	-19400
ENSMUST00000102919	CAGCGGGTGCAACCCTGTCATCTACTGGCTGGCCAACTACGTGTGGGACATGCTCAATTACCTGGTCCCAGCCACCTGCTGCGTGATCATCCTCTTTGTCTTTGACTTACCTGCCTACACATCACCCACCAACTTCCCCGCGGTGCTCTCCTTGTTCCTGCTCTATGGGTG	25444226	25446437	-2211	25446707	-2481	25444560	-1877	-2147
ENSMUST00000077609	AAGATGGACTCCAGGGGCGAGCACAGACAGGATCGCAGGGAGAGGCCATATTAGCCTGGCTCCTGAAGTTCTGGAACTCTTCCTGTACCCAGTGTTACCCTTGTTATTTTGTAAACTTACAATTCAGGATCGCTCATGGATATTTTTTTTTGGGGGGGGTGGGGCGGTTGTGTGTGTATGTGTGTGTGTGT	127981791	127972553	9238	127975920	5871	127981982	9429	6062
ENSMUST00000129241	AGTGAAGAGATCGAGAGTGCTTTCCGGGCCCTCAGCTCTGAGGGCAAGCCTTATGTGACCAAGGAGGAGCTCTACCAGAACCTGACCCGGGAACAAGCTGACTATTGTGTCTCCCACATGAAGCCCTATGTGGATGGCAAGGGCCGAGAACTTCCAACTGCCTTCGACTACGTCGAGTTCACCCGCTCACT	30030800	30029619	1181	30030196	604	30031140	1521	944
