transcript_ID	prot_seq	coord_start_genomic	coord_RiStart	start_genomic-RiStart	coord_RiEnd	start_genomic-RiEnd	coord_end_genomic	end_genomic-RiStart	end_genomic-RiEnd
ENSMUST00000106535	TTGCGCGGAGGTTCCGTCT	113629914	113605066	24848	113608411	21503	113629933	24867	21522
ENSMUST00000034808	TATTCTGCCTGGGTGCTGT	48605142	48591876	13266	48592362	12780	48603362	11486	11000
ENSMUST00000103176	GGCCGGACATGGTGAATGG	155657930	155655521	2409	155656305	1625	155657949	2428	1644
ENSMUST00000103176	GGCCGGACATGGTGAATGG	155657930	155656912	1018	155657314	616	155657949	1037	635
ENSMUST00000103176	GGCCGGACATGGTGAATGG	155657930	155658893	-963	155659265	-1335	155657949	-944	-1316
ENSMUST00000168645	AAGAGTTTTCCAAAACAGA	30905678	30936284	-30606	30937156	-31478	30905697	-30587	-31459
ENSMUST00000049081	AACCAAAGCGCTAGGCTCT	129150727	129180188	-29461	129181840	-31113	129150746	-29442	-31094
ENSMUST00000049081	AACCAAAGCGCTAGGCTCT	129150727	129181741	-31014	129182532	-31805	129150746	-30995	-31786
ENSMUST00000049081	AACCAAAGCGCTAGGCTCT	129150727	129181966	-31239	129182532	-31805	129150746	-31220	-31786
ENSMUST00000049081	AACCAAAGCGCTAGGCTCT	129150727	129181966	-31239	129182532	-31805	129150746	-31220	-31786
ENSMUST00000033486	TGTACCTGATCACCTCCATT	7669448	7669414	34	7669758	-310	7669468	54	-290
ENSMUST00000034529	GGTTTGATCTATTTTCGGAT	53658666	53632272	26394	53633839	24827	53655278	23006	21439
ENSMUST00000034529	GGTTTGATCTATTTTCGGAT	53658666	53642517	16149	53642826	15840	53655278	12761	12452
ENSMUST00000182276	CTTGTTACAAGAAATGGACT	56547178	56540181	6997	56541623	5555	56547198	7017	5575
ENSMUST00000193703	TTAAACTTCTTTTAGTAGAG	181902592	181919324	-16732	181919629	-17037	181902612	-16712	-17017
ENSMUST00000199808	CTTTAGAGGCCTTGGAAGAG	124398466	124400961	-2495	124401276	-2810	124398486	-2475	-2790
ENSMUST00000199808	CTTTAGAGGCCTTGGAAGAG	124398466	124405568	-7102	124407187	-8721	124398486	-7082	-8701
ENSMUST00000064307	GGTGTGACCATCTGGGAGCT	120012739	120007312	5427	120009475	3264	120012759	5447	3284
ENSMUST00000107152	ACCCAACTTAAAAGTACGTT	102205499	102195748	9751	102196117	9382	102205519	9771	9402
ENSMUST00000107152	ACCCAACTTAAAAGTACGTT	102205499	102195748	9751	102196117	9382	102205519	9771	9402
ENSMUST00000107152	ACCCAACTTAAAAGTACGTT	102205499	102195748	9751	102196322	9177	102205519	9771	9197
ENSMUST00000107152	ACCCAACTTAAAAGTACGTT	102205499	102196538	8961	102197436	8063	102205519	8981	8083
ENSMUST00000063577	CGACAGAGGAAAGGGCGAGA	101405909	101415760	-9851	101416461	-10552	101405929	-9831	-10532
ENSMUST00000111728	CCAAGGCTGAACAGGAAAGA	145191620	145174833	16787	145177500	14120	145191640	16807	14140
ENSMUST00000054538	AGCCTGACTCTGGCTATCAGA	43496897	43497086	-189	43497710	-813	43496151	-935	-1559
ENSMUST00000054538	AGCCTGACTCTGGCTATCAGA	43496897	43498895	-1998	43499337	-2440	43496151	-2744	-3186
ENSMUST00000087541	TTATACCCTCTCCTACCACCA	134263854	134238142	25712	134238586	25268	134262799	24657	24213
ENSMUST00000087541	TTATACCCTCTCCTACCACCA	134263854	134240078	23776	134240569	23285	134262799	22721	22230
ENSMUST00000028608	CCCAAACGACCTGACTGGGGA	103728017	103725663	2354	103726239	1778	103728038	2375	1799
ENSMUST00000028608	CCCAAACGACCTGACTGGGGA	103728017	103734374	-6357	103734990	-6973	103728038	-6336	-6952
ENSMUST00000028608	CCCAAACGACCTGACTGGGGA	103728017	103734374	-6357	103734990	-6973	103728038	-6336	-6952
ENSMUST00000019051	CTCCGAATGGGGAATTTTTGA	70318241	70320729	-2488	70321139	-2898	70317812	-2917	-3327
ENSMUST00000110570	GCGAACGTGTCTCCCGGTGAC	69892767	69807197	85570	69809282	83485	69892788	85591	83506
ENSMUST00000159569	ATATGTGGGAAGGCATTCACA	20429229	20444258	-15029	20444985	-15756	20429250	-15008	-15735
ENSMUST00000019614	CCCAGAATCCGGACAAGGTAC	3616027	3613158	2869	3613499	2528	3616048	2890	2549
ENSMUST00000084125	TCAGACCCAGCTGTTTTCATT	148626748	148612381	14367	148618791	7957	148626769	14388	7978
ENSMUST00000084125	TCAGACCCAGCTGTTTTCATT	148626748	148612381	14367	148618791	7957	148626769	14388	7978
ENSMUST00000084125	TCAGACCCAGCTGTTTTCATT	148626748	148612381	14367	148618791	7957	148626769	14388	7978
ENSMUST00000066498	TTTCAGTTCTGAACATATTAA	38199078	38224580	-25502	38225125	-26047	38199099	-25481	-26026
ENSMUST00000030898	TCTCGCTGGCTGCTGAAGCGT	154281349	154286918	-5569	154288013	-6664	154281370	-5548	-6643
ENSMUST00000085758	GGCTTCGGTGTCAGTCAACTT	142506644	142485412	21232	142485991	20653	142506665	21253	20674
ENSMUST00000103213	AGAAGATGACTCCACAGCTTAT	82900784	82902994	-2210	82904136	-3352	82900806	-2188	-3330
ENSMUST00000103213	AGAAGATGACTCCACAGCTTAT	82900784	82902994	-2210	82904136	-3352	82900806	-2188	-3330
ENSMUST00000086521	TGTAAGGAGACCGCAGGTGACT	132514367	132528611	-14244	132529085	-14718	132514389	-14222	-14696
ENSMUST00000021659	AACGTAGAGAAGTTGCTCACGT	84345509	84355923	-10414	84357850	-12341	84345531	-10392	-12319
ENSMUST00000025904	GGGGAACCGGGAAAGAAGGTGA	6908019	6907241	778	6908116	-97	6908041	800	-75
ENSMUST00000122232	CCGAGGGGTACCCGAGCGGCCG	80402699	80397121	5578	80397993	4706	80402721	5600	4728
ENSMUST00000101085	AGTGAGCGAGCCCGGGGGAACA	61493615	61489848	3767	61490504	3111	61493637	3789	3133
ENSMUST00000101085	AGTGAGCGAGCCCGGGGGAACA	61493615	61492903	712	61494266	-651	61493637	734	-629
ENSMUST00000101085	AGTGAGCGAGCCCGGGGGAACA	61493615	61492903	712	61494266	-651	61493637	734	-629
ENSMUST00000101085	AGTGAGCGAGCCCGGGGGAACA	61493615	61492903	712	61494266	-651	61493637	734	-629
ENSMUST00000101085	AGTGAGCGAGCCCGGGGGAACA	61493615	61492903	712	61494266	-651	61493637	734	-629
ENSMUST00000101085	AGTGAGCGAGCCCGGGGGAACA	61493615	61492903	712	61494266	-651	61493637	734	-629
ENSMUST00000101085	AGTGAGCGAGCCCGGGGGAACA	61493615	61492903	712	61494266	-651	61493637	734	-629
ENSMUST00000101085	AGTGAGCGAGCCCGGGGGAACA	61493615	61492903	712	61494266	-651	61493637	734	-629
ENSMUST00000127569	TGTGGTACCTGCTCAGATTTAT	66517026	66520272	-3246	66520727	-3701	66517048	-3224	-3679
ENSMUST00000063577	TGGAATTTGGAGAGGATCTGCT	101418369	101415760	2609	101416461	1908	101418391	2631	1930
ENSMUST00000159569	ACATATGTGGGAAGGCATTCAC	20429227	20444258	-15031	20444985	-15758	20429249	-15009	-15736
ENSMUST00000076463	GAAAACTTTCTGGATGGGCTTG	73373881	73350891	22990	73351944	21937	73373903	23012	21959
ENSMUST00000120963	TCTTCTGAAAGAACAAGGACGG	76904347	76888029	16318	76888834	15513	76904369	16340	15535
ENSMUST00000000776	GGGATGAGCTGTGGAACAGAGT	12624852	12624817	35	12625113	-261	12624874	57	-239
ENSMUST00000000776	GGGATGAGCTGTGGAACAGAGT	12624852	12637666	-12814	12639715	-14863	12624874	-12792	-14841
ENSMUST00000000776	GGGATGAGCTGTGGAACAGAGT	12624852	12648620	-23768	12649822	-24970	12624874	-23746	-24948
ENSMUST00000061522	TCTCCTGGGGCTGAAGCAGGTAC	36764092	36765095	-1003	36766010	-1918	36764115	-980	-1895
ENSMUST00000064536	CGGAAACGAGTTAAGCCGCTCTC	21373344	21329053	44291	21330163	43181	21373367	44314	43204
ENSMUST00000064536	CGGAAACGAGTTAAGCCGCTCTC	21373344	21329053	44291	21330163	43181	21373367	44314	43204
ENSMUST00000028926	CCCCTGTCATGGTGGTAACAGGG	148695794	148707158	-11364	148709433	-13639	148695817	-11341	-13616
ENSMUST00000028926	CCCCTGTCATGGTGGTAACAGGG	148695794	148707158	-11364	148709433	-13639	148695817	-11341	-13616
ENSMUST00000126854	AGGGAGGCTAGCGGTTGCTCAGA	97745617	97748582	-2965	97749546	-3929	97745640	-2942	-3906
ENSMUST00000005719	TGAAATCCAAAGTGATTGTCATG	4418307	4417852	455	4419588	-1281	4418330	478	-1258
ENSMUST00000046425	CGGAGAGGAGGACGCCGCCGGACG	129641031	129631279	9752	129631710	9321	129641055	9776	9345
ENSMUST00000000505	ACAGCTAGGACCCAGAGGCCAGCA	138164589	138169348	-4759	138169724	-5135	138164613	-4735	-5111
ENSMUST00000032508	CCGGGAAAAGAAGCTCTATGCCAA	128432612	128433525	-913	128433793	-1181	128432636	-889	-1157
ENSMUST00000108321	CTTGTGGCTTCAGTCCTGGGCTTA	20011514	20012696	-1182	20014203	-2689	20011538	-1158	-2665
ENSMUST00000108321	CTTGTGGCTTCAGTCCTGGGCTTA	20011514	20028959	-17445	20029318	-17804	20011538	-17421	-17780
ENSMUST00000108321	CTTGTGGCTTCAGTCCTGGGCTTA	20011514	20030313	-18799	20030805	-19291	20011538	-18775	-19267
ENSMUST00000040468	AAGCCAGATTTATTGAAGACTACC	46578486	46592592	-14106	46593703	-15217	46578510	-14082	-15193
ENSMUST00000169397	GTGCTGCCTGAGCTATTGAGAGAG	34028968	34030089	-1121	34030421	-1453	34028992	-1097	-1429
ENSMUST00000030886	ACCACTGGAGGTTCCGCCCCTGCTG	147868523	147862437	6086	147862949	5574	147868548	6111	5599
ENSMUST00000156473	CCACTGGCTCAGAATGAACGCTGTC	101213790	101211958	1832	101213864	-74	101213815	1857	-49
ENSMUST00000029741	TAAATTAGCCCCGACCCTGAGTTCT	96727608	96723513	4095	96724052	3556	96725839	2326	1787
ENSMUST00000021282	CATTTTCTTCTCCTGAACTCCAAGCC	68985733	68992915	-7182	68993458	-7725	68985759	-7156	-7699
ENSMUST00000165199	CTCAGTCAGACTCCATGGTTTTTGCC	89477421	89474539	2882	89475005	2416	89475530	991	525
ENSMUST00000109877	TCCCTAGCAACAGTCGAAGCTCTGCT	151594554	151632147	-37593	151632567	-38013	151594580	-37567	-37987
ENSMUST00000098873	GAGGACATAGTTCAGTGGTAGAACGT	95183658	95203730	-20072	95204808	-21150	95183684	-20046	-21124
ENSMUST00000032410	GGGCCCAGGAGGATCTGCTGGAGGAGC	113372503	113376891	-4388	113377739	-5236	113372530	-4361	-5209
ENSMUST00000043897	TAAATTGTGTCTTTGCATCACTTCTGG	25844500	25839984	4516	25840335	4165	25844527	4543	4192
ENSMUST00000043897	TAAATTGTGTCTTTGCATCACTTCTGG	25844500	25839984	4516	25840335	4165	25844527	4543	4192
ENSMUST00000043897	TAAATTGTGTCTTTGCATCACTTCTGG	25844500	25839984	4516	25840568	3932	25844527	4543	3959
ENSMUST00000043897	TAAATTGTGTCTTTGCATCACTTCTGG	25844500	25841558	2942	25841855	2645	25844527	2969	2672
ENSMUST00000043897	TAAATTGTGTCTTTGCATCACTTCTGG	25844500	25841756	2744	25842091	2409	25844527	2771	2436
ENSMUST00000043897	TAAATTGTGTCTTTGCATCACTTCTGG	25844500	25842179	2321	25842418	2082	25844527	2348	2109
ENSMUST00000043897	TAAATTGTGTCTTTGCATCACTTCTGG	25844500	25844088	412	25844313	187	25844527	439	214
ENSMUST00000043897	TAAATTGTGTCTTTGCATCACTTCTGG	25844500	25839984	4516	25840335	4165	25844527	4543	4192
ENSMUST00000043897	TAAATTGTGTCTTTGCATCACTTCTGG	25844500	25839984	4516	25840335	4165	25844527	4543	4192
ENSMUST00000043897	TAAATTGTGTCTTTGCATCACTTCTGG	25844500	25839984	4516	25840568	3932	25844527	4543	3959
ENSMUST00000043897	TAAATTGTGTCTTTGCATCACTTCTGG	25844500	25841558	2942	25841855	2645	25844527	2969	2672
ENSMUST00000043897	TAAATTGTGTCTTTGCATCACTTCTGG	25844500	25841756	2744	25842091	2409	25844527	2771	2436
ENSMUST00000043897	TAAATTGTGTCTTTGCATCACTTCTGG	25844500	25842179	2321	25842418	2082	25844527	2348	2109
ENSMUST00000043897	TAAATTGTGTCTTTGCATCACTTCTGG	25844500	25844088	412	25844313	187	25844527	439	214
ENSMUST00000084125	AATATTCTGGAATGGACTTGGTGTTAATT	148616232	148612381	3851	148618791	-2559	148616261	3880	-2530
ENSMUST00000084125	AATATTCTGGAATGGACTTGGTGTTAATT	148616232	148612381	3851	148618791	-2559	148616261	3880	-2530
ENSMUST00000084125	AATATTCTGGAATGGACTTGGTGTTAATT	148616232	148612381	3851	148618791	-2559	148616261	3880	-2530
ENSMUST00000018821	TTCTGGAGTCTCTCCTACACCAAATCATCCTCC	102406229	102403632	2597	102403872	2357	102405705	2073	1833
ENSMUST00000099554	TAATAAGAGAATAAAGAATTCAAAAGTGCTTGAA	90719944	90719311	633	90720750	-806	90719977	666	-773
ENSMUST00000099554	TAATAAGAGAATAAAGAATTCAAAAGTGCTTGAA	90719944	90726292	-6348	90727404	-7460	90719977	-6315	-7427
ENSMUST00000027127	CCAGAAGAACAAAAAGAAAGAAAAATAATGAAGT	55003141	55014482	-11341	55016490	-13349	55003175	-11307	-13315
ENSMUST00000003961	GCTCGCCCTACGGACTGCACCACCTATACATACCA	45339188	45340574	-1386	45340986	-1798	45339223	-1351	-1763
ENSMUST00000118163	TTATTTGAGGCTGCACATGCACTCTCTCCTACTCT	54416445	54367553	48892	54369262	47183	54416480	48927	47218
ENSMUST00000016771	GGACCTTCCACATCTTCTACTACCTGCTGTCTGGGGCC	77791100	77791047	53	77791779	-679	77791138	91	-641
ENSMUST00000061326	GTCTATCTTCTGTCCCAGGGCCGCCGTCACCATGGGCC	53430643	53430535	108	53430827	-184	53430681	146	-146
ENSMUST00000110701	GGCCAGGGGACTTCTCAGAAGAATTGTCAACACTGTTT	120716173	120726176	-10003	120726795	-10622	120716211	-9965	-10584
ENSMUST00000110701	GGCCAGGGGACTTCTCAGAAGAATTGTCAACACTGTTT	120716173	120729688	-13515	120730099	-13926	120716211	-13477	-13888
ENSMUST00000021347	TTTTTCTTTCTTCGTTCTGCAAACATACACAAGACACTCG	91806514	91813831	-7317	91814693	-8179	91806554	-7277	-8139
ENSMUST00000154230	ATCTGTCATTCTAAGAGAGAAACCTCAGTCTGGCCGCCAG	20881635	20855353	26282	20855706	25929	20881675	26322	25969
ENSMUST00000177517	CCGGACCTCCAGTCCCTGCGCTACGCCCTGTCGCTCTACAC	71634611	71662480	-27869	71662928	-28317	71634652	-27828	-28276
ENSMUST00000177517	CCGGACCTCCAGTCCCTGCGCTACGCCCTGTCGCTCTACAC	71634611	71662480	-27869	71662928	-28317	71634652	-27828	-28276
ENSMUST00000030872	CATTTACTTAGGACTGTGTTTTGCTCTATGAACTATCCCCTGC	22486850	22526362	-39512	22526583	-39733	22486893	-39469	-39690
ENSMUST00000180572	TTGTAAACTTGTTGCATTTTTATATGATTTTCTTGACTGCACG	156166018	156167776	-1758	156168569	-2551	156166061	-1715	-2508
ENSMUST00000180572	TTGTAAACTTGTTGCATTTTTATATGATTTTCTTGACTGCACG	156166018	156173002	-6984	156173680	-7662	156166061	-6941	-7619
ENSMUST00000105631	CCCTGTCCCCTACTCCACTGTGCACCGGGCTTGTTTTGAACAA	154984873	154983366	1507	154985392	-519	154984916	1550	-476
ENSMUST00000105631	CCCTGTCCCCTACTCCACTGTGCACCGGGCTTGTTTTGAACAA	154984873	154985365	-492	154987016	-2143	154984916	-449	-2100
ENSMUST00000105631	CCCTGTCCCCTACTCCACTGTGCACCGGGCTTGTTTTGAACAA	154984873	154985365	-492	154987016	-2143	154984916	-449	-2100
ENSMUST00000001672	TTTCCAACAGAAACTGTTAAATTTGGTCCTGAGCGCATGTATATT	40204315	40217157	-12842	40217482	-13167	40204360	-12797	-13122
ENSMUST00000021921	TTTAGAGACTGGCTTCAAGGACTTCAGGATGCATTTGACAGTGAC	63532842	63533263	-421	63533666	-824	63527188	-6075	-6478
ENSMUST00000149964	TTCCTGGCTTGAGTTCCTGTCCCTTTTGATTGTGGCCTCTGGAAA	181079591	181075578	4013	181081775	-2184	181079636	4058	-2139
ENSMUST00000149964	TTCCTGGCTTGAGTTCCTGTCCCTTTTGATTGTGGCCTCTGGAAA	181079591	181108443	-28852	181109117	-29526	181079636	-28807	-29481
ENSMUST00000149964	TTCCTGGCTTGAGTTCCTGTCCCTTTTGATTGTGGCCTCTGGAAA	181079591	181108443	-28852	181109785	-30194	181079636	-28807	-30149
ENSMUST00000149964	TTCCTGGCTTGAGTTCCTGTCCCTTTTGATTGTGGCCTCTGGAAA	181079591	181108443	-28852	181112125	-32534	181079636	-28807	-32489
ENSMUST00000149964	TTCCTGGCTTGAGTTCCTGTCCCTTTTGATTGTGGCCTCTGGAAA	181079591	181113062	-33471	181114729	-35138	181079636	-33426	-35093
ENSMUST00000159451	CTACCCAGCCTCTCTCCTGCCACAAACGGCTCAGCCACAGAGTTAT	112124838	112155417	-30579	112157798	-32960	112124884	-30533	-32914
ENSMUST00000159451	CTACCCAGCCTCTCTCCTGCCACAAACGGCTCAGCCACAGAGTTAT	112124838	112187589	-62751	112187926	-63088	112124884	-62705	-63042
ENSMUST00000046022	CATTTGGGGATGTAGGGCTGCTCACAGGGGATGTGCAGCTGCACCC	34846099	34845003	1096	34845314	785	34846145	1142	831
ENSMUST00000046022	CATTTGGGGATGTAGGGCTGCTCACAGGGGATGTGCAGCTGCACCC	34846099	34845648	451	34845912	187	34846145	497	233
ENSMUST00000046022	CATTTGGGGATGTAGGGCTGCTCACAGGGGATGTGCAGCTGCACCC	34846099	34846026	73	34846667	-568	34846145	119	-522
ENSMUST00000046022	CATTTGGGGATGTAGGGCTGCTCACAGGGGATGTGCAGCTGCACCC	34846099	34846026	73	34846667	-568	34846145	119	-522
ENSMUST00000046022	CATTTGGGGATGTAGGGCTGCTCACAGGGGATGTGCAGCTGCACCC	34846099	34846866	-767	34847324	-1225	34846145	-721	-1179
ENSMUST00000049074	CCTGTCCTGGCGGTCATTCTCATCATACTCATTGTCATCGCCATCC	118223341	118211000	12341	118211485	11856	118220500	9500	9015
ENSMUST00000101497	GTTTGTCTCCAAGTTCTTTGAGCATCACCCAGTACCACAGGAGGAGG	39660885	39677377	-16492	39677641	-16756	39660932	-16445	-16709
ENSMUST00000052885	TACACATCGTCTTCTCCCGGTCCCCCATCAACTGCTTAGAGCATGTTCG	79979528	79977962	1566	79978320	1208	79979577	1615	1257
ENSMUST00000052885	TACACATCGTCTTCTCCCGGTCCCCCATCAACTGCTTAGAGCATGTTCG	79979528	79978187	1341	79978605	923	79979577	1390	972
ENSMUST00000052885	TACACATCGTCTTCTCCCGGTCCCCCATCAACTGCTTAGAGCATGTTCG	79979528	79977962	1566	79978605	923	79979577	1615	972
ENSMUST00000052885	TACACATCGTCTTCTCCCGGTCCCCCATCAACTGCTTAGAGCATGTTCG	79979528	79978391	1137	79978605	923	79979577	1186	972
ENSMUST00000163666	TTCCCTAACCTAGTCACCTCGTTCCTAAAGGCTTTCCTACCCCAGCCAA	69667359	69667694	-335	69668111	-752	69667408	-286	-703
ENSMUST00000163666	TTCCCTAACCTAGTCACCTCGTTCCTAAAGGCTTTCCTACCCCAGCCAA	69667359	69668195	-836	69668548	-1189	69667408	-787	-1140
ENSMUST00000163666	TTCCCTAACCTAGTCACCTCGTTCCTAAAGGCTTTCCTACCCCAGCCAA	69667359	69668195	-836	69668753	-1394	69667408	-787	-1345
ENSMUST00000163666	TTCCCTAACCTAGTCACCTCGTTCCTAAAGGCTTTCCTACCCCAGCCAA	69667359	69669077	-1718	69670747	-3388	69667408	-1669	-3339
ENSMUST00000176652	ACAGGCCTGTGCGCTGCCCCAACAACCCCAGCTGCCCACCCCTTCTCAA	24512981	24509955	3026	24510572	2409	24513030	3075	2458
ENSMUST00000055808	CCCGCGGTCGCAGCTCGTGCCGCCTCCTTCTCCTCCTCGTCTCAGTAGCT	135934343	135908408	25935	135911651	22692	135934393	25985	22742
ENSMUST00000154230	GTGAGTTCCCCGTGTTTCCCACCACCCTGACTTCAGACCGGCTGTTCCGA	20848655	20855353	-6698	20855706	-7051	20848705	-6648	-7001
ENSMUST00000154230	GTGAGTTCCCCGTGTTTCCCACCACCCTGACTTCAGACCGGCTGTTCCGA	20848655	20855353	-6698	20855706	-7051	20848705	-6648	-7001
ENSMUST00000047889	AGCAGCTGTATATCTGACTGGAGTCTCCCTGCCTCGCTCCCGCGCGCATTT	69605583	69601524	4059	69602481	3102	69605634	4110	3153
ENSMUST00000047889	AGCAGCTGTATATCTGACTGGAGTCTCCCTGCCTCGCTCCCGCGCGCATTT	69605583	69602424	3159	69602905	2678	69605634	3210	2729
ENSMUST00000004378	GTCACCACCGCCACTGCCACCGCCACCGCCGCCAACGCCACCGACTGAGTCT	124769610	124762652	6958	124763206	6404	124769662	7010	6456
ENSMUST00000043897	TCCCAAGACCTTTGTACACTGTGCTACCATATACAAGCGTTATTACATGGATGG	25840087	25839984	103	25840335	-248	25839723	-261	-612
ENSMUST00000043897	TCCCAAGACCTTTGTACACTGTGCTACCATATACAAGCGTTATTACATGGATGG	25840087	25839984	103	25840335	-248	25839723	-261	-612
ENSMUST00000043897	TCCCAAGACCTTTGTACACTGTGCTACCATATACAAGCGTTATTACATGGATGG	25840087	25839984	103	25840568	-481	25839723	-261	-845
ENSMUST00000043897	TCCCAAGACCTTTGTACACTGTGCTACCATATACAAGCGTTATTACATGGATGG	25840087	25841558	-1471	25841855	-1768	25839723	-1835	-2132
ENSMUST00000043897	TCCCAAGACCTTTGTACACTGTGCTACCATATACAAGCGTTATTACATGGATGG	25840087	25841756	-1669	25842091	-2004	25839723	-2033	-2368
ENSMUST00000043897	TCCCAAGACCTTTGTACACTGTGCTACCATATACAAGCGTTATTACATGGATGG	25840087	25842179	-2092	25842418	-2331	25839723	-2456	-2695
ENSMUST00000043897	TCCCAAGACCTTTGTACACTGTGCTACCATATACAAGCGTTATTACATGGATGG	25840087	25844088	-4001	25844313	-4226	25839723	-4365	-4590
ENSMUST00000043897	TCCCAAGACCTTTGTACACTGTGCTACCATATACAAGCGTTATTACATGGATGG	25840087	25839984	103	25840335	-248	25839723	-261	-612
ENSMUST00000043897	TCCCAAGACCTTTGTACACTGTGCTACCATATACAAGCGTTATTACATGGATGG	25840087	25839984	103	25840335	-248	25839723	-261	-612
ENSMUST00000043897	TCCCAAGACCTTTGTACACTGTGCTACCATATACAAGCGTTATTACATGGATGG	25840087	25839984	103	25840568	-481	25839723	-261	-845
ENSMUST00000043897	TCCCAAGACCTTTGTACACTGTGCTACCATATACAAGCGTTATTACATGGATGG	25840087	25841558	-1471	25841855	-1768	25839723	-1835	-2132
ENSMUST00000043897	TCCCAAGACCTTTGTACACTGTGCTACCATATACAAGCGTTATTACATGGATGG	25840087	25841756	-1669	25842091	-2004	25839723	-2033	-2368
ENSMUST00000043897	TCCCAAGACCTTTGTACACTGTGCTACCATATACAAGCGTTATTACATGGATGG	25840087	25842179	-2092	25842418	-2331	25839723	-2456	-2695
ENSMUST00000043897	TCCCAAGACCTTTGTACACTGTGCTACCATATACAAGCGTTATTACATGGATGG	25840087	25844088	-4001	25844313	-4226	25839723	-4365	-4590
ENSMUST00000047421	GGCCCGCACTGCCCTCCTGACTGGACTCACGCCGGGCACCCACTACCAGCTGGAT	118479790	118478861	929	118479903	-113	118479845	984	-58
ENSMUST00000078482	ATCACTACCACAGCCATCCTGGACCGGGAAATCTGGGCAGAAACACGGCTGGTACT	105757711	105757265	446	105757741	-30	105757292	27	-449
ENSMUST00000111147	TCAAATATGGGGGATAATCTGGATGGGCTGCTGCTGTGCTCAATGTGAACTATTTA	103765807	103775416	-9609	103775765	-9958	103765863	-9553	-9902
ENSMUST00000078482	ACGTGGTAGCTCGGGATCCAGACCTGGGGGAGGCTGCCCGCGTGTCCTATCGCCTT	105762906	105757265	5641	105757741	5165	105762962	5697	5221
ENSMUST00000088010	GCCCCGAAGACCAAGACTACTCCTCGACTTCCTCTGAGACCCCCAATCCTCCCAAAG	31158396	31159433	-1037	31159861	-1465	31158453	-980	-1408
ENSMUST00000088010	GCCCCGAAGACCAAGACTACTCCTCGACTTCCTCTGAGACCCCCAATCCTCCCAAAG	31158396	31167988	-9592	31168478	-10082	31158453	-9535	-10025
ENSMUST00000100143	TTGAGGAAGACCATCTTTCCCATTATTCTCCCTGGTCTTGTGGTACCATAGGCTCTT	37378898	37389584	-10686	37389890	-10992	37378955	-10629	-10935
ENSMUST00000100143	TTGAGGAAGACCATCTTTCCCATTATTCTCCCTGGTCTTGTGGTACCATAGGCTCTT	37378898	37389584	-10686	37389890	-10992	37378955	-10629	-10935
ENSMUST00000113615	CTTCACTGTCCTCCTCTTCCACTTCGACTACCCGAGGCTCTCACAGGGCTTCCTGCTT	5674985	5686626	-11641	5687218	-12233	5675043	-11583	-12175
ENSMUST00000085701	AGAAAGGGGGGTGGACATACGCTATGGACTTTCCTGCCACCTACACTAGAGACAAGAAA	144217403	144196131	21272	144196458	20945	144216957	20826	20499
ENSMUST00000085701	AGAAAGGGGGGTGGACATACGCTATGGACTTTCCTGCCACCTACACTAGAGACAAGAAA	144217403	144214055	3348	144214419	2984	144216957	2902	2538
ENSMUST00000085701	AGAAAGGGGGGTGGACATACGCTATGGACTTTCCTGCCACCTACACTAGAGACAAGAAA	144217403	144216902	501	144217408	-5	144216957	55	-451
ENSMUST00000178410	GTCATTCGCCCAGATCTACAGCTGGAATTCTGTGCTGAAGGGTCTAAAAACTCTTTTTA	112187887	112155417	32470	112157798	30089	112185629	30212	27831
ENSMUST00000178410	GTCATTCGCCCAGATCTACAGCTGGAATTCTGTGCTGAAGGGTCTAAAAACTCTTTTTA	112187887	112187589	298	112187926	-39	112185629	-1960	-2297
ENSMUST00000162065	CAGGGGCGACAGCACGTCCAGTACCAGGAGTGCTGGGAAACTGTCCAAAACAGGTTCTG	112143496	112155417	-11921	112157798	-14302	112136471	-18946	-21327
ENSMUST00000162065	CAGGGGCGACAGCACGTCCAGTACCAGGAGTGCTGGGAAACTGTCCAAAACAGGTTCTG	112143496	112187589	-44093	112187926	-44430	112136471	-51118	-51455
ENSMUST00000060255	TGGGGCCTCTGCGCCACACTGTAAGACCCCCTTGATGCAGCCCTCTGAACGCCAAGCCTC	61449692	61450827	-1135	61451034	-1342	61449752	-1075	-1282
ENSMUST00000078226	TTTTAATATCCTGTTTTCCTGGCTCTCTAACTGCCTTGCACAATGATATTTCCTTTAAACTG	32950772	32955761	-4989	32956816	-6044	32950834	-4927	-5982
ENSMUST00000078226	TTTTAATATCCTGTTTTCCTGGCTCTCTAACTGCCTTGCACAATGATATTTCCTTTAAACTG	32950772	33081975	-131203	33083060	-132288	32950834	-131141	-132226
ENSMUST00000078226	TTTTAATATCCTGTTTTCCTGGCTCTCTAACTGCCTTGCACAATGATATTTCCTTTAAACTG	32950772	33081975	-131203	33083060	-132288	32950834	-131141	-132226
ENSMUST00000021062	AAACATTATCTTATTTGCTGCCTGCCATTGTACACATAAACCACCAGCCATTCCTAGAGAGA	106786352	106782468	3884	106784018	2334	106786122	3654	2104
ENSMUST00000085913	TTTGGCTGCCTTTCTGTCTTACTGCCCGGGCATGGGGGTTGCCCTCCGGATGTACCCACTCAA	172276180	172278534	-2354	172278994	-2814	172275939	-2595	-3055
ENSMUST00000107693	ACCCCAAGGTCCTGCCCTGTCTGCACACTTTCTGCGAGAGGTGCCTGCAGAACTACATCCCAGCCCAC	84210316	84190512	19804	84192261	18055	84208204	17692	15943
ENSMUST00000114102	TCAAGGAGGAGAGTGACTTCCATGACCTCGAGTCAGTAGTCCAGCAAGTCGAACAGAACCTTGAACTGA	26385542	26385497	45	26386063	-521	26385085	-412	-978
ENSMUST00000114102	TCAAGGAGGAGAGTGACTTCCATGACCTCGAGTCAGTAGTCCAGCAAGTCGAACAGAACCTTGAACTGA	26385542	26386654	-1112	26387671	-2129	26385085	-1569	-2586
ENSMUST00000045473	AAACAGGCCCCAAGGGCCCTGAGCCTCCAGCCCAAACCCTTAGACCTCTGGGATCACGTTGAGTTCTATT	132357280	132358902	-1622	132361215	-3935	132357350	-1552	-3865
ENSMUST00000110677	TGCAGTTGTGGAACCAGCTGGAAACACGAAGCGTTGACTGTAGAGCAGGCTGGACCCGGAAGGTCAGGTTC	144879363	144880624	-1261	144881819	-2456	144879434	-1190	-2385
ENSMUST00000110677	TGCAGTTGTGGAACCAGCTGGAAACACGAAGCGTTGACTGTAGAGCAGGCTGGACCCGGAAGGTCAGGTTC	144879363	144880624	-1261	144881819	-2456	144879434	-1190	-2385
ENSMUST00000107691	ATGTCAGGCTTGATAGCTCAATAAGAAATAACACAAATTTTTTTTTCTTAACACACAAATATTGGTATGAAC	84163342	84190512	-27170	84192261	-28919	84163414	-27098	-28847
ENSMUST00000154230	AGGATGATAGACGCGGTATTCACGAAAGACCCAGGCAGCAAGAAATGCACAAGCCTTTCCGAGGCTCAAATTT	20881040	20855353	25687	20855706	25334	20881113	25760	25407
ENSMUST00000187541	AGGGCCAGCATCCTTCCCCACAGCACTACATCTCCGAGCCCTATCTGGCCCTCCATGAAGACTCCCACGCCTCA	154391030	154486497	-95467	154488133	-97103	154391104	-95393	-97029
ENSMUST00000163666	ACGAGAGGAGTGGAAGCTTGACACATTGTGTGACTTGTATGAGACGCTGACCATCACCCAGGCAGTCATCTTTA	69668196	69667694	502	69668111	85	69668270	576	159
ENSMUST00000163666	ACGAGAGGAGTGGAAGCTTGACACATTGTGTGACTTGTATGAGACGCTGACCATCACCCAGGCAGTCATCTTTA	69668196	69668195	1	69668548	-352	69668270	75	-278
ENSMUST00000163666	ACGAGAGGAGTGGAAGCTTGACACATTGTGTGACTTGTATGAGACGCTGACCATCACCCAGGCAGTCATCTTTA	69668196	69668195	1	69668753	-557	69668270	75	-483
ENSMUST00000163666	ACGAGAGGAGTGGAAGCTTGACACATTGTGTGACTTGTATGAGACGCTGACCATCACCCAGGCAGTCATCTTTA	69668196	69669077	-881	69670747	-2551	69668270	-807	-2477
ENSMUST00000047037	ATGCAAGTGTAATTACTTTCTAAGGCCCTTCTAGCTATGATTTTTTTGGAACTGTGTGAATGTAGTATATTCATT	41796270	41822692	-26422	41823546	-27276	41796345	-26347	-27201
ENSMUST00000154230	ATGACCCACATGGTCACGCACATGCCTGACCAGTATAAGATCGTAGAGACTCTCATCCAGCATCATGACTGGTTTT	20855664	20855353	311	20855706	-42	20855388	35	-318
ENSMUST00000154230	ATTGAGGCCAATCGCAAAGAGGACCCACTGGATCGGCTACGAACATTAAAGAGACTAATTCATGACCTGCCTGAGCA	20859102	20855353	3749	20855706	3396	20858940	3587	3234
ENSMUST00000161046	CTTTCAGTGATCTGTGTGCATCTGTAAAGGCAAACCAGAGAAAACAGCCCTAGTCAATAGTGTTCTCCTCACCATGTCC	8690695	8697892	-7197	8698586	-7891	8690774	-7118	-7812
ENSMUST00000187541	TTGGCCGCCATTTGAGTACATGATCCTGGCCACCATCATTGCCAACTGCATCGTCTTGGCCCTGGAGCAGCATCTTCCTGA	154726351	154486497	239854	154488133	238218	154701351	214854	213218
ENSMUST00000028926	GTTGATGCTCCCTGCTACTTTATATGCTGATACAGTACTGTAGACATGACCTTGCTCCCTGGGTCCCCTTTGCTGAGAGACTTTTA	148695157	148707158	-12001	148709433	-14276	148695243	-11915	-14190
ENSMUST00000028926	GTTGATGCTCCCTGCTACTTTATATGCTGATACAGTACTGTAGACATGACCTTGCTCCCTGGGTCCCCTTTGCTGAGAGACTTTTA	148695157	148707158	-12001	148709433	-14276	148695243	-11915	-14190
ENSMUST00000154230	CTGGAAGATTCTGTGCTGATGAAGTATTGCCCAAGGAGCGCGTCTCAAGGAGCGCTGACCTCACCGCCTGTTAGCTTCAATAATCATA	20880826	20855353	25473	20855706	25120	20880914	25561	25208
ENSMUST00000097368	TTTATTGAGCATATCCTGTGGCATGTGGGACTCTCAGCCTGCCTTGGACTGACTGTTGCTCTGTCCATCTTTTCGGATATCATCGCCCT	25931703	25931673	30	25932231	-528	25931792	119	-439
ENSMUST00000117945	GAAGGGGTCCTGTCATAGCCTGGACCCTACTCCACTGCCACATCCCCACCAGCTGCGGGTGTGTACATAGAAACTGAAATCAGGCACTCAG	17840699	17858359	-17660	17859526	-18827	17840790	-17569	-18736
ENSMUST00000117945	GAAGGGGTCCTGTCATAGCCTGGACCCTACTCCACTGCCACATCCCCACCAGCTGCGGGTGTGTACATAGAAACTGAAATCAGGCACTCAG	17840699	17858359	-17660	17859526	-18827	17840790	-17569	-18736
ENSMUST00000140471	TTAGGTAGATAGAGGCTGTGCCTCCTTCAGGAAGAGACACTGTCCTTATAACTTCTGGTCAGTGCTGAGTCACAGGCATTGAGGGAGGAGGG	77909849	77913804	-3955	77914798	-4949	77909941	-3863	-4857
ENSMUST00000021091	CCTCCTTCCTCCCTTCCCTCTCCCTCCCCCTCCCCCGCTGGTGGATGGGAGTGAAGGACGGAAGAGGCCCTGCGGAGGCGGTGGTGCAGCGCTCCG	74724575	74673948	50627	74679614	44961	74699312	25364	19698
ENSMUST00000021091	CCTCCTTCCTCCCTTCCCTCTCCCTCCCCCTCCCCCGCTGGTGGATGGGAGTGAAGGACGGAAGAGGCCCTGCGGAGGCGGTGGTGCAGCGCTCCG	74724575	74684405	40170	74686064	38511	74699312	14907	13248
ENSMUST00000030381	CTCCCCCGACTCGGAAATCACTGAACTCAAGTTTCCATCAATAAGTCAGGACTGATCTGGATGAGTCTTCAACTTCAGCTTTGACAGTTTACAACT	120541340	120542530	-1190	120542765	-1425	120539923	-2607	-2842
ENSMUST00000086854	CCACAGTCAGAAACTACGTGGAGAATCGGCCCAAGTACGCAGGACTCACCTTCCCCAAGCTCTTTCCAGATTCCCTCTTCCCAGCGGATTCTGAGC	102966525	103210889	-244364	103211334	-244809	102966621	-244268	-244713
ENSMUST00000026142	CTTCTTACTTACGAGTTTGTAAAGCAGAAATACCTGGACTATAGACGAGTGCCCAACAGCAACCCTCCTGAGTATGAGTTCCTCTGGGGCCTCCGCTCCTACC	94537337	94536873	464	94537356	-19	94536958	85	-398
ENSMUST00000026142	CTTCTTACTTACGAGTTTGTAAAGCAGAAATACCTGGACTATAGACGAGTGCCCAACAGCAACCCTCCTGAGTATGAGTTCCTCTGGGGCCTCCGCTCCTACC	94537337	94537293	44	94537584	-247	94536958	-335	-626
ENSMUST00000026142	CTTCTTACTTACGAGTTTGTAAAGCAGAAATACCTGGACTATAGACGAGTGCCCAACAGCAACCCTCCTGAGTATGAGTTCCTCTGGGGCCTCCGCTCCTACC	94537337	94537675	-338	94538065	-728	94536958	-717	-1107
ENSMUST00000187541	AAACCTTCACTCACTATATCAAGGACTTGGGAACTTCTTAGCATTTCTTCTAAGCATTGAATTTTTTTAAGGAAACCTCCATCTTAATGGGACTGAGGCTAAGTT	154397008	154486497	-89489	154488133	-91125	154397113	-89384	-91020
ENSMUST00000078226	CAGACAGGTCTGGGAGTTCTGTTCCACCTGAGTGGAGAGTTCAATAGAGCAATCGATGCATTTAATGCTGCCTTAACAGTTCGGCCAGAGGATTACTCACTGTGGAACCGT	32953124	32955761	-2637	32956816	-3692	32952505	-3256	-4311
ENSMUST00000078226	CAGACAGGTCTGGGAGTTCTGTTCCACCTGAGTGGAGAGTTCAATAGAGCAATCGATGCATTTAATGCTGCCTTAACAGTTCGGCCAGAGGATTACTCACTGTGGAACCGT	32953124	33081975	-128851	33083060	-129936	32952505	-129470	-130555
ENSMUST00000078226	CAGACAGGTCTGGGAGTTCTGTTCCACCTGAGTGGAGAGTTCAATAGAGCAATCGATGCATTTAATGCTGCCTTAACAGTTCGGCCAGAGGATTACTCACTGTGGAACCGT	32953124	33081975	-128851	33083060	-129936	32952505	-129470	-130555
ENSMUST00000100143	TTGACAATTGTTTTGCAGCGAACTGGTGACCCTGCTAATTTAAATAGGCTGAGACCTCATTTAGAGCTTCTTGCAAACATAGACCCTAATCCAGATGCTGTTTCACCAACT	37399865	37389584	10281	37389890	9975	37399610	10026	9720
ENSMUST00000100143	TTGACAATTGTTTTGCAGCGAACTGGTGACCCTGCTAATTTAAATAGGCTGAGACCTCATTTAGAGCTTCTTGCAAACATAGACCCTAATCCAGATGCTGTTTCACCAACT	37399865	37389584	10281	37389890	9975	37399610	10026	9720
ENSMUST00000055655	AGCATGGTCGCTTCTTAGAGATTGGCAAATTTGATCTTTCTAACAACCACCCTCTGGGCATGGCTATCTTCTTGAAGAACGTCACTTTCCATGGGATCCTGCTGGACGCCC	120811696	120808074	3622	120808600	3096	120811376	3302	2776
ENSMUST00000109830	AACAAGAAGGGAAATGACAACCAAAGGTTCTACAGGCATGGAAGTTCTGTTGTCAACATTGGAGAACACGAAAGATCTTCAGACTGTACTTAATATCCTAAGCATTCTCATTGAGC	59533179	59473687	59492	59474712	58467	59532069	58382	57357
ENSMUST00000161132	TTTCATAAAGAACTGCTTTTACACAAACAAAAGAGCCAAAACAAAAGTGAATCTTCTGAGCATTCCCTCCCTCCTTTGTTTCTGTCCAAGGAAATAGAGCATCCATTCATTTCACT	15334906	15316914	17992	15317593	17313	15335022	18108	17429
ENSMUST00000161132	TTTCATAAAGAACTGCTTTTACACAAACAAAAGAGCCAAAACAAAAGTGAATCTTCTGAGCATTCCCTCCCTCCTTTGTTTCTGTCCAAGGAAATAGAGCATCCATTCATTTCACT	15334906	15317458	17448	15317767	17139	15335022	17564	17255
ENSMUST00000112476	TAAAGTGGGGTCACGGGCATGAGTGTTTCAGTGCTTACCATGGTGTGTATAAGCCTTGAACTATGCATAGAACTGGAGTTTGGGGAGTGCTGGATGTGTGGTCATGCTTGGTTGAGGC	124760474	124762652	-2178	124763206	-2732	124760592	-2060	-2614
ENSMUST00000154230	ACATATTCCTGCATCTGCTGTCATCTCCGCCTCTACTGCCCACGTCCCCTCCATTGCAACTGTTCCCCCCAGCCTCACGACCTCTGCTCCTTTGATTCGACGTCAGCTCTCCCACGACCAAGAATCT	20871655	20855353	16302	20855706	15949	20871406	16053	15700
ENSMUST00000154230	ACATATTCCTGCATCTGCTGTCATCTCCGCCTCTACTGCCCACGTCCCCTCCATTGCAACTGTTCCCCCCAGCCTCACGACCTCTGCTCCTTTGATTCGACGTCAGCTCTCCCACGACCAAGAATCT	20871655	20855353	16302	20855706	15949	20871406	16053	15700
ENSMUST00000132435	TTATTCTTGGTTCATCATACTCCAGACCATGTATCCTCTGGTGTCCTGGCTGGAAGAAGGGGCGTGTGGCCATGCAGCCCGCTCTCCCAAGCTGTCCCAGCAAATGGGCAGGAGGGGCATGGCCTCTTT	132357461	132358902	-1441	132361215	-3754	132357590	-1312	-3625
ENSMUST00000135665	AGCCTGAGCATCAGTGAGGTTCTGCAGCTGCTACATAAACTCAACGTGAACCTGCCCCGGCAGAGGGTGAAACAGATGTTCAGGGAGGCGGACACAGATGACCATCAGGGGACATTAGGCTTTGAGGAATT	155006651	154983366	23285	154985392	21259	155002806	19440	17414
ENSMUST00000135665	AGCCTGAGCATCAGTGAGGTTCTGCAGCTGCTACATAAACTCAACGTGAACCTGCCCCGGCAGAGGGTGAAACAGATGTTCAGGGAGGCGGACACAGATGACCATCAGGGGACATTAGGCTTTGAGGAATT	155006651	154985365	21286	154987016	19635	155002806	17441	15790
ENSMUST00000135665	AGCCTGAGCATCAGTGAGGTTCTGCAGCTGCTACATAAACTCAACGTGAACCTGCCCCGGCAGAGGGTGAAACAGATGTTCAGGGAGGCGGACACAGATGACCATCAGGGGACATTAGGCTTTGAGGAATT	155006651	154985365	21286	154987016	19635	155002806	17441	15790
ENSMUST00000074352	ATCTGGTACAGTGGGGATGACCTGAAAGAGAAGAGGCAGTGCTGTGCCACAGCTGCCCCCTTGGAGCCCTGCTCATGGCCAGTGAGAAGCTGTTGGCTGCAGCTCCTATCCCCACACTGTAATACTCAGCTCTA	12755561	12755327	234	12756307	-746	12755695	368	-612
ENSMUST00000111760	CTGTGAAATTCATAGTCAGAAAATTTCCTGCTGTAGAAACGCGCAACAACAATCAACAGCTGGCACAGCTACAGAAAGAAAAATCAGAGATTCTGAAAAATCTGGCGTTGTATTACTTTACATTTGTAGATGTTAT	80570179	80553136	17043	80553449	16730	80554784	1648	1335
ENSMUST00000105575	GGGTTTTGTGGGCTGTCTGCGGGACGTGGTAGTGGGCCATCGCCAGCTGCATCTGCTGGAGGACGCTGTCACCAAACCAGAGCTAAGACCCTGCCCCACTCTCTGAGCTGCCACTAGAGCTGCCACCTTCCCTCCTGTA	156165379	156167776	-2397	156168569	-3190	156165518	-2258	-3051
ENSMUST00000105575	GGGTTTTGTGGGCTGTCTGCGGGACGTGGTAGTGGGCCATCGCCAGCTGCATCTGCTGGAGGACGCTGTCACCAAACCAGAGCTAAGACCCTGCCCCACTCTCTGAGCTGCCACTAGAGCTGCCACCTTCCCTCCTGTA	156165379	156173002	-7623	156173680	-8301	156165518	-7484	-8162
ENSMUST00000009344	TGCAGGCTTTTGGACAGTCCTTTCTTCAGCCTGACATCCACCTGTTCAAACAAAATCTCTTCTACTTGGAGACTCTGAACACGAAGCAGAAACTATACCACAAAAAGATCTTCCGGACCACCATGCTGTTCCAGTTCGTGAACGTGCTGCT	126105117	126107070	-1953	126108623	-3506	126104773	-2297	-3850
ENSMUST00000078352	AAGACTGTGCGGGACCTCATGCCCAAGACCATCATGCACCTCATGATCAACAACACCAAGGAGTTTATCTTCTCTGAGCTGCTGGCCAACCTGTACTCTTGCGGGGACCAGAACACACTGATGGAAGAATCGGCCGAGCAGGCTCAGCGGCGCGACGAGATGCTGCGCATGTACCACGCAC	32315025	32308470	6555	32310487	4538	32312830	4360	2343
ENSMUST00000200169	TGTCTAGACATTCTGGAGGATTATCTGATCCAGAGGAGGTACTTATATGAACGTATTGATGGGCGAGTTAGAGGCAACCTTCGACAAGCTGCTATCGACCGCTTTAGCAAGCCTGACTCAGACCGCTTTGTCTTCTTGCTATGTACCCGTGCTGGTGGACTTGGTATTAATCTTACAGCTGCTGATACCTG	52216431	52201630	14801	52202617	13814	52216053	14423	13436
ENSMUST00000200169	TGTCTAGACATTCTGGAGGATTATCTGATCCAGAGGAGGTACTTATATGAACGTATTGATGGGCGAGTTAGAGGCAACCTTCGACAAGCTGCTATCGACCGCTTTAGCAAGCCTGACTCAGACCGCTTTGTCTTCTTGCTATGTACCCGTGCTGGTGGACTTGGTATTAATCTTACAGCTGCTGATACCTG	52216431	52204432	11999	52205506	10925	52216053	11621	10547
ENSMUST00000028386	ATTTCCTGCTGTAGAAACGCGCAACAACAATCAACAGCTGGCACAGCTACAGAAAGAAAAATCAGAGATTCTGAAAAATCTGGCGTTGTATTACTTTACATTTGTAGATGTTATGGAATTTAAGGACCATGTCTGTGACTTGCTGAATACTATTGACGTTTGCCAAGTCTTCTTTGATATTACTGTGAACTTTGATTTAACAAAGAACTACTTAGACTTGACTGTAACCTATACAACATTAATGATACTGCTGTCCCGGATTGAAGAACGGAAGGCAATCATTGGACTATACAATTATGCACATGAAATGACCCATGGAGCAAGTGACCGAGAATATCCACGCCTTGGTCAGATGATTGTGGACTATGAAAACCCTTTAAAAAAGATGATGGAAGAATTTGTACCCCATAGCAAGTCTCTTTCAGATGCGCTAATTTCTCTT	80570200	80553136	17064	80553449	16751	80548863	-4273	-4586
