transcript_ID	prot_seq	coord_start_genomic	coord_shortSplice	start_genomic-shortSplice	coord_longSplice	start_genomic-longSplice	coord_shareSplice	start_genomic-shareSplice	coord_end_genomic	end_genomic-shortSplice	end_genomic-longSplice	end_genomic-shareSplice
ENSMUST00000124830	CCATGAGCAAACTGAAGGT	38192869	38191858	1011	38193655	-786	38194695	-1826	38192888	1030	-767	-1807
ENSMUST00000061852	CTGAGTATCAAACACTATA	3461411	3437086	24325	3437090	24321	3437675	23736	3461430	24344	24340	23755
ENSMUST00000004326	CTTGAGAGCAAGAACCACC	74338931	74333664	5267	74333675	5256	74333745	5186	74339074	5410	5399	5329
ENSMUST00000029311	TTGAATGCTGTGGAGAAGG	54194792	54266367	-71575	54266420	-71628	54279862	-85070	54194811	-71556	-71609	-85051
ENSMUST00000032749	TCCGAATCAAGTGTGGAAGT	80284356	80280017	4339	80280019	4337	80282484	1872	80284557	4540	4538	2073
ENSMUST00000032749	TCCGAATCAAGTGTGGAAGT	80284356	80280017	4339	80280033	4323	80282484	1872	80284557	4540	4524	2073
ENSMUST00000008517	GTCCAAGCCTAGGTCCTCAG	3641594	3630742	10852	3630747	10847	3630844	10750	3641614	10872	10867	10770
ENSMUST00000050472	CCTTTGGGCTCTGAGTCACT	149193852	149187834	6018	149187876	5976	149188344	5508	149193872	6038	5996	5528
ENSMUST00000101445	AGGCAGCAACAAAAGGCCGG	47964664	47957602	7062	47957724	6940	47962524	2140	47964684	7082	6960	2160
ENSMUST00000061091	CCACCGCCAACTCCTGCTTG	6027269	6008099	19170	6008110	19159	6009731	17538	6027289	19190	19179	17558
ENSMUST00000100167	GTCAGTGTCATCCGTGCTTT	14465159	14437733	27426	14437737	27422	14439986	25173	14465179	27446	27442	25193
ENSMUST00000004330	TATTTCACATGTATGCTTTC	74449228	74427874	21354	74427902	21326	74432804	16424	74449248	21374	21346	16444
ENSMUST00000093813	TCTCGGCAGAGTCATTCCCG	52005002	51989749	15253	51989938	15064	51990047	14955	52005022	15273	15084	14975
ENSMUST00000093813	TCTCGGCAGAGTCATTCCCG	52005002	51994398	10604	51994407	10595	51994879	10123	52005022	10624	10615	10143
ENSMUST00000093813	TCTCGGCAGAGTCATTCCCG	52005002	51997847	7155	51998039	6963	51998143	6859	52005022	7175	6983	6879
ENSMUST00000027040	TCTTTAACATGTTCTTTATA	6274712	6244928	29784	6244979	29733	6245157	29555	6274732	29804	29753	29575
ENSMUST00000027040	TCTTTAACATGTTCTTTATA	6274712	6270818	3894	6270827	3885	6272700	2012	6274732	3914	3905	2032
ENSMUST00000163854	CTGACTCTAAGTCGGAGGTG	40003927	40007530	-3603	40007539	-3612	40009687	-5760	40003947	-3583	-3592	-5740
ENSMUST00000039725	CCCTAGGCTTTACCATTACAA	175910905	175881200	29705	175881354	29551	175882894	28011	175910926	29726	29572	28032
ENSMUST00000065987	CATCTCCAGGGTCTCTGACTT	8619419	8582782	36637	8582854	36565	8588885	30534	8619440	36658	36586	30555
ENSMUST00000069648	CAAAGAGGCATGAACATGAGT	21670551	21624888	45663	21625215	45336	21626718	43833	21670572	45684	45357	43854
ENSMUST00000071650	AGCGGCCTTAGGACGCGGGGT	108660412	108681077	-20665	108681204	-20792	108681379	-20967	108660433	-20644	-20771	-20946
ENSMUST00000090852	ATCTCTCAGGCTGACTTTATA	69871633	69861712	9921	69861739	9894	69863223	8410	69871654	9942	9915	8431
ENSMUST00000090852	ATCTCTCAGGCTGACTTTATA	69871633	69867379	4254	69867552	4081	69868778	2855	69871654	4275	4102	2876
ENSMUST00000095752	TCCCTTTGGAATTTTTAAATG	86430895	86413900	16995	86413906	16989	86416302	14593	86430916	17016	17010	14614
ENSMUST00000095752	TCCCTTTGGAATTTTTAAATG	86430895	86425070	5825	86425203	5692	86425449	5446	86430916	5846	5713	5467
ENSMUST00000099364	TTTAGGTTCTATGCTGATAAAA	90923539	90512875	410664	90512887	410652	90577088	346451	90923561	410686	410674	346473
ENSMUST00000022458	CCTTTCAGTTCCTCTGTCCATC	31257424	31253575	3849	31253640	3784	31254032	3392	31257446	3871	3806	3414
ENSMUST00000022458	CCTTTCAGTTCCTCTGTCCATC	31257424	31253575	3849	31253640	3784	31254032	3392	31257446	3871	3806	3414
ENSMUST00000097826	AAGTTTTGAACTGAAATTTGTA	9899084	9868466	30618	9868688	30396	9871629	27455	9899106	30640	30418	27477
ENSMUST00000097826	AAGTTTTGAACTGAAATTTGTA	9899084	9885753	13331	9886142	12942	9888869	10215	9899106	13353	12964	10237
ENSMUST00000097826	AAGTTTTGAACTGAAATTTGTA	9899084	9885753	13331	9886142	12942	9891360	7724	9899106	13353	12964	7746
ENSMUST00000046751	TTGGCGGCTCGCGCGCTCCGTT	127077455	127088336	-10881	127088554	-11099	127092911	-15456	127077477	-10859	-11077	-15434
ENSMUST00000003964	GGGCATCCCCAGCATCTCCACC	45451591	45448011	3580	45448028	3563	45448252	3339	45451613	3602	3585	3361
ENSMUST00000035055	GGCGGCGGCGGCGGGCAGTCGC	109931927	110079893	-147966	110079896	-147969	110081420	-149493	109978859	-101034	-101037	-102561
ENSMUST00000074792	CGGGCCTAGCTCAGTAGGTAGA	65452512	65441688	10824	65441799	10713	65443878	8634	65452534	10846	10735	8656
ENSMUST00000080461	CTACTGGAGGCAGCAGTGGCGA	82799506	82781272	18234	82781276	18230	82783345	16161	82799528	18256	18252	16183
ENSMUST00000032811	TCATCAGGAATGCTCTGGGAAG	29137548	29149131	-11583	29149146	-11598	29149798	-12250	29137570	-11561	-11576	-12228
ENSMUST00000043148	GTCAGTCCTGTGCCGGGTGACT	67020781	66943877	76904	66943882	76899	67015724	5057	67020803	76926	76921	5079
ENSMUST00000103108	GCAGCCGAAGGCCTGGGGGTTG	101276197	101262845	13352	101262895	13302	101263768	12429	101276219	13374	13324	12451
ENSMUST00000027112	GTCGGCTGAATTCCAAAGATGC	62718946	62786301	-67355	62786316	-67370	62812533	-93587	62718968	-67333	-67348	-93565
ENSMUST00000027112	GTCGGCTGAATTCCAAAGATGC	62718946	62786301	-67355	62786316	-67370	62815332	-96386	62718968	-67333	-67348	-96364
ENSMUST00000058096	GAGAACCAAGAAGGTGATCCTG	33855557	33871501	-15944	33871634	-16077	33879057	-23500	33855579	-15922	-16055	-23478
ENSMUST00000028726	TTAATTGGAATGGATGGGAACAC	136546862	136544782	2080	136544796	2066	136545710	1152	136546885	2103	2089	1175
ENSMUST00000126664	TTTTATCAAAGCCTGGTCTGCTT	72288204	72266074	22130	72266168	22036	72267406	20798	72289322	23248	23154	21916
ENSMUST00000078470	GGTGATCCAGGATGACGAGGTGG	192418909	192277090	141819	192277171	141738	192337399	81510	192418932	141842	141761	81533
ENSMUST00000080461	CACTACTGGAGGCAGCAGTGGCG	82799504	82781272	18232	82781276	18228	82783345	16159	82799527	18255	18251	16182
ENSMUST00000019967	TGCTCAGGATGCACGCGGGCGGC	41481260	41478314	2946	41478635	2625	41478962	2298	41481283	2969	2648	2321
ENSMUST00000042561	GTGGATGTAGCTCAGTTGGTAGCA	75574975	75531741	43234	75531778	43197	75532587	42388	75574999	43258	43221	42412
ENSMUST00000035055	CCATTACACCTCCTTCCACCCCTT	110082095	110079893	2202	110079896	2199	110081420	675	110082119	2226	2223	699
ENSMUST00000035055	CCATTACACCTCCTTCCACCCCTT	110082095	110079893	2202	110079896	2199	110081420	675	110082119	2226	2223	699
ENSMUST00000100993	TTTCAAGAAGTACACAGACCACCA	120762548	120756853	5695	120756937	5611	120757565	4983	120765287	8434	8350	7722
ENSMUST00000028806	GGCCCCGAGTGCAACAGCCTGCAG	131520938	131520268	670	131521171	-233	131522058	-1120	131520962	694	-209	-1096
ENSMUST00000028806	GGCCCCGAGTGCAACAGCCTGCAG	131520938	131520646	292	131521171	-233	131522058	-1120	131520962	316	-209	-1096
ENSMUST00000060072	CCAGTTCGAATCCGTGTGCGAGTC	70662600	70522262	140338	70522268	140332	70593166	69434	70662624	140362	140356	69458
ENSMUST00000028911	TAAGCTGAAGAGTTTGAGAATGGGC	144407096	144373369	33727	144373855	33241	144375844	31252	144407121	33752	33266	31277
ENSMUST00000034703	CCTCACTATCGGCGACGCGAACGGC	21547121	21575014	-27893	21575093	-27972	21575413	-28292	21547146	-27868	-27947	-28267
ENSMUST00000004222	AGAAAGAATCTTTTGAAGAAACAAG	18927444	18895927	31517	18896046	31398	18896453	30991	18927469	31542	31423	31016
ENSMUST00000004222	AGAAAGAATCTTTTGAAGAAACAAG	18927444	18896564	30880	18896773	30671	18897697	29747	18927469	30905	30696	29772
ENSMUST00000004222	AGAAAGAATCTTTTGAAGAAACAAG	18927444	18896564	30880	18896773	30671	18899362	28082	18927469	30905	30696	28107
ENSMUST00000042561	GTGTGGATGTAGCTCAGTTGGTAGC	75574973	75531741	43232	75531778	43195	75532587	42386	75574998	43257	43220	42411
ENSMUST00000039627	CCTTTTGTAACCTGAGACCTGGCAC	87775233	87781334	-6101	87781370	-6137	87781489	-6256	87775258	-6076	-6112	-6231
ENSMUST00000060072	AACGGCCAGTTCGAATCCGTGTGCG	70662595	70522262	140333	70522268	140327	70593166	69429	70662620	140358	140352	69454
ENSMUST00000024797	AAGCCTGTGAAGGTGAACTGTGTGGT	49449154	49439586	9568	49439596	9558	49449099	55	49449454	9868	9858	355
ENSMUST00000044053	TGAAGAATTCATGGATGACTTTGAAA	11214519	11171994	42525	11172001	42518	11178733	35786	11214545	42551	42544	35812
ENSMUST00000044053	TGAAGAATTCATGGATGACTTTGAAA	11214519	11188036	26483	11188165	26354	11189630	24889	11214545	26509	26380	24915
ENSMUST00000030691	AGGGCCATATGGTTACAGAGGGATTGG	14679857	14680013	-156	14682387	-2530	14712416	-32559	14679884	-129	-2503	-32532
ENSMUST00000028852	CATCTGGCGGATAAGAAGGGTCTCCACG	127603652	127596934	6718	127598276	5376	127600011	3641	127603680	6746	5404	3669
ENSMUST00000089027	GGCTTCTACGCAGCCTACATGTTTGTCC	153208714	153189049	19665	153189077	19637	153190830	17884	153208742	19693	19665	17912
ENSMUST00000089027	GGCTTCTACGCAGCCTACATGTTTGTCC	153208714	153189049	19665	153189077	19637	153191050	17664	153208742	19693	19665	17692
ENSMUST00000089027	GGCTTCTACGCAGCCTACATGTTTGTCC	153208714	153194409	14305	153194417	14297	153195310	13404	153208742	14333	14325	13432
ENSMUST00000027700	AGAGGTTTCGATTCCCTTCACCCATCTT	132489678	132484801	4877	132484918	4760	132489587	91	132489706	4905	4788	119
ENSMUST00000027700	AGAGGTTTCGATTCCCTTCACCCATCTT	132489678	132484801	4877	132484918	4760	132492552	-2874	132489706	4905	4788	-2846
ENSMUST00000027700	AGAGGTTTCGATTCCCTTCACCCATCTT	132489678	132498007	-8329	132498121	-8443	132503766	-14088	132489706	-8301	-8415	-14060
ENSMUST00000025862	AGTTGTCACCAAATCCCCCAAAACTAAC	26751993	26681939	70054	26682113	69880	26683808	68185	26752021	70082	69908	68213
ENSMUST00000025862	AGTTGTCACCAAATCCCCCAAAACTAAC	26751993	26748503	3490	26748544	3449	26749851	2142	26752021	3518	3477	2170
ENSMUST00000028852	AACATCTGGCGGATAAGAAGGGTCTCCAC	127603650	127596934	6716	127598276	5374	127600011	3639	127603679	6745	5403	3668
ENSMUST00000035058	GATATAATTGACATTGATTACTTTGAAGGAT	110246817	110256220	-9403	110256301	-9484	110262059	-15242	110246848	-9372	-9453	-15211
ENSMUST00000071057	TTGACTTTGCCGGGCTTGCTCGAGGCTTTGC	124567850	124554757	13093	124556848	11002	124556961	10889	124567881	13124	11033	10920
ENSMUST00000026921	TCTACAGTGGGATCGAGGGGCTGGATGAGTC	127398699	127398750	-51	127398759	-60	127405374	-6675	127398730	-20	-29	-6644
ENSMUST00000026921	TCTACAGTGGGATCGAGGGGCTGGATGAGTC	127398699	127409617	-10918	127409704	-11005	127410728	-12029	127398730	-10887	-10974	-11998
ENSMUST00000026921	TCTACAGTGGGATCGAGGGGCTGGATGAGTC	127398699	127409617	-10918	127409707	-11008	127410728	-12029	127398730	-10887	-10977	-11998
ENSMUST00000026921	TCTACAGTGGGATCGAGGGGCTGGATGAGTC	127398699	127409704	-11005	127409707	-11008	127410728	-12029	127398730	-10974	-10977	-11998
ENSMUST00000026921	TCTACAGTGGGATCGAGGGGCTGGATGAGTC	127398699	127409617	-10918	127409704	-11005	127415569	-16870	127398730	-10887	-10974	-16839
ENSMUST00000026921	TCTACAGTGGGATCGAGGGGCTGGATGAGTC	127398699	127409617	-10918	127409707	-11008	127415569	-16870	127398730	-10887	-10977	-16839
ENSMUST00000026921	TCTACAGTGGGATCGAGGGGCTGGATGAGTC	127398699	127409704	-11005	127409707	-11008	127415569	-16870	127398730	-10974	-10977	-16839
ENSMUST00000035645	TAAGTCCTCCACCAGGCCCCTGCCCAGACCCA	43415994	43425649	-9655	43426128	-10134	43426227	-10233	43416026	-9623	-10102	-10201
ENSMUST00000023206	TCGGAGCGAGCTCCCATCTCTGATCCATCGGCG	13147591	13111884	35707	13111911	35680	13121995	25596	13147624	35740	35713	25629
ENSMUST00000023206	TCGGAGCGAGCTCCCATCTCTGATCCATCGGCG	13147591	13130734	16857	13131022	16569	13132857	14734	13147624	16890	16602	14767
ENSMUST00000037232	GAAGCATTGAGATACTACTGCCAGTGATGAACT	37950327	37893984	56343	37895198	55129	37898411	51916	37950360	56376	55162	51949
ENSMUST00000044565	AGGCGAACGAGGCCTGACTGGACCATCAGGCCCC	130058013	130081479	-23466	130081521	-23508	130083121	-25108	130058047	-23432	-23474	-25074
ENSMUST00000035813	GGTGCTGGGTGCTGGGTGCTGGGTGCTGGGTGCT	5161604	5134174	27430	5134932	26672	5143227	18377	5161638	27464	26706	18411
ENSMUST00000035813	GGTGCTGGGTGCTGGGTGCTGGGTGCTGGGTGCT	5161604	5154207	7397	5154318	7286	5156120	5484	5161638	7431	7320	5518
ENSMUST00000082209	CAAGGAGCACCCAGGAAGTGGCTTCAAAGGGGACT	101039943	100984045	55898	100984075	55868	101002033	37910	101039978	55933	55903	37945
ENSMUST00000016569	ATAAAATCTGATATATACACGTTAGGAAAGTTCTC	150808801	150796670	12131	150796676	12125	150800577	8224	150808836	12166	12160	8259
ENSMUST00000030691	TATTGACATCAATGCCAGCCTGCAAACTATTACTAT	14680751	14680013	738	14682387	-1636	14712416	-31665	14680787	774	-1600	-31629
ENSMUST00000046999	ATGGGCTCTTCGGCAGCAAAACCAACTTCAACTCCC	135010048	135011060	-1012	135011665	-1617	135011886	-1838	135010084	-976	-1581	-1802
ENSMUST00000066330	GAGCGGCTCTCCACACATGAGCTCACCTCTCTGCTA	59753028	59737228	15800	59737582	15446	59741119	11909	59754997	17769	17415	13878
ENSMUST00000066717	GGTTTGTTATCGTAACCTGTAGTGCCAACTCTGCTT	69683919	69678117	5802	69678129	5790	69681568	2351	69683955	5838	5826	2387
ENSMUST00000022458	GTCATCATGGAGCGAATCGGTCTTGCTACTGCAGGGGA	31254612	31253575	1037	31253640	972	31254032	580	31255097	1522	1457	1065
ENSMUST00000022458	GTCATCATGGAGCGAATCGGTCTTGCTACTGCAGGGGA	31254612	31253575	1037	31253640	972	31254032	580	31255097	1522	1457	1065
ENSMUST00000004684	TGGCCCACATCCGCCGGGCCGTGGAGAGCTGTCCTGAC	3445049	3393102	51947	3393224	51825	3427348	17701	3447022	53920	53798	19674
ENSMUST00000033141	GGAAGGAAGCCCTTTCCGTCCTTCCCACTCCTCCTCGGC	130728583	130735150	-6567	130735228	-6645	130739811	-11228	130728622	-6528	-6606	-11189
ENSMUST00000113136	ATATTCTGACAGGCCACGGTGAGCATCTATAGACCAGAA	135839791	135840469	-678	135840508	-717	135840618	-827	135839830	-639	-678	-788
ENSMUST00000049262	AGCATCGCTCTGTGGACGCCTGTAAATTATTGAGAAATGT	129630811	129627985	2826	129627997	2814	129629926	885	129630851	2866	2854	925
ENSMUST00000033141	TTCCCCAACTCCATGTTCAGGGTCGAGTTTTGAGGACACC	130740942	130735150	5792	130735228	5714	130739811	1131	130742157	7007	6929	2346
ENSMUST00000003044	TGTTCAAGGGCAAGGTGGAAGCTGTATTGGAGAAGTTAGG	44860137	44858209	1928	44858749	1388	44859722	415	44860177	1968	1428	455
ENSMUST00000020915	ATTTAATGAAATTCTACAGGCAGCCTATCAATTAATGACA	8744401	8744743	-342	8744749	-348	8747156	-2755	8744441	-302	-308	-2715
ENSMUST00000017408	GGTGTGGAATCAAACAAGCAATATCAGCTGGCAGACTGGAG	148565357	148572969	-7612	148573029	-7672	148573110	-7753	148566283	-6686	-6746	-6827
ENSMUST00000035645	ACACACCAAGATAAGTCCTCCACCAGGCCCCTGCCCAGACC	43415983	43425649	-9666	43426128	-10145	43426227	-10244	43416024	-9625	-10104	-10203
ENSMUST00000077182	GGCCAAGAAGAACAAAGACAAAGAGTATTACGTCTGAGCACC	6532133	6463847	68286	6463868	68265	6472257	59876	6532175	68328	68307	59918
ENSMUST00000122941	CCAGCTACCACTACTTTCTCCATTTATCCTGTGTCCTCCACT	12140530	12118338	22192	12118341	22189	12135266	5264	12140572	22234	22231	5306
ENSMUST00000122941	CCAGCTACCACTACTTTCTCCATTTATCCTGTGTCCTCCACT	12140530	12160680	-20150	12160690	-20160	12162113	-21583	12140572	-20108	-20118	-21541
ENSMUST00000038867	GAAAACATGATTGGGCCAGACTGGAAAAAGAGGTGGATGTAC	29621502	29618287	3215	29618308	3194	29620380	1122	29625464	7177	7156	5084
ENSMUST00000031278	GCTTGACAACTCGGCTGCGCTCGCCCAGACCTTCCGCCCTCC	98854868	98872934	-18066	98873007	-18139	98879737	-24869	98854910	-18024	-18097	-24827
ENSMUST00000027432	AACAACAAAGCCATTCGGCGCCTGCTACATGTTGCTGTAAGT	86092077	86130729	-38652	86130731	-38654	86132713	-40636	86094297	-36432	-36434	-38416
ENSMUST00000067664	GCCGCAGGTACAGATCTGTATTGTTCTTACTGAAACACAGCA	75765491	75755652	9839	75755680	9811	75756816	8675	75765533	9881	9853	8717
ENSMUST00000042824	ATAGTTGACCTTCTCATACCCTCTCCTAATGCTACTGCAGAA	66501188	66461899	39289	66461920	39268	66462828	38360	66501230	39331	39310	38402
ENSMUST00000082209	AAACTTTTACATGGTCCCTGGCATGCTAGAACCCTTGCTCTGC	100970212	100984045	-13833	100984075	-13863	101002033	-31821	100970255	-13790	-13820	-31778
ENSMUST00000027414	GTTTGAAGTGGAACTCCAAGCAGCTCGGACTCTGGAGCGGCTGG	75529519	75524888	4631	75524943	4576	75525087	4432	75529563	4675	4620	4476
ENSMUST00000067664	ACCAGGCGAAGCTGGCAGAGCAGGCCGAGCGATACGACGAAATGG	75733053	75755652	-22599	75755680	-22627	75756816	-23763	75751888	-3764	-3792	-4928
ENSMUST00000033141	AAAAGACCCCCGAGAAACTTGACAACACTCCTGCCTCACCTCCAA	130729470	130735150	-5680	130735228	-5758	130739811	-10341	130729515	-5635	-5713	-10296
ENSMUST00000040787	CTTTGCTTTCCCGAATTCTGCCTTCTGATGCCTGTAAAATATACAA	157975236	157973045	2191	157975294	-58	157988639	-13403	157975282	2237	-12	-13357
ENSMUST00000022458	GGCTGCCAGCCTTCCTAGACAATCACAATTATGCCAAATCCCCTAT	31256256	31253575	2681	31253640	2616	31254032	2224	31256668	3093	3028	2636
ENSMUST00000022458	GGCTGCCAGCCTTCCTAGACAATCACAATTATGCCAAATCCCCTAT	31256256	31253575	2681	31253640	2616	31254032	2224	31256668	3093	3028	2636
ENSMUST00000026993	ACCTCAATATCTACTTCAACTGCACTGACTTGAACCCAAGCCGTGA	54795094	54795458	-364	54795467	-373	54795965	-871	54795140	-318	-327	-825
ENSMUST00000060072	CACGGATTTTGACCCCTCTATCCTGCCTCCTCCGGACCCCTGGATT	70787015	70522262	264753	70522268	264747	70593166	193849	70787061	264799	264793	193895
ENSMUST00000061158	ACCGAGAGCGAATAGAACTGTTTTGCACCGAGTATCAGAACAATAAG	18674153	18674315	-162	18674361	-208	18674655	-502	18674293	-22	-68	-362
ENSMUST00000033081	GCGGGGAGGCTGGAAAGGAGGATACAGTGGAGGGAGAAGACGAGAAG	127749746	127750897	-1151	127751026	-1280	127752009	-2263	127749793	-1104	-1233	-2216
ENSMUST00000033081	GCGGGGAGGCTGGAAAGGAGGATACAGTGGAGGGAGAAGACGAGAAG	127749746	127750897	-1151	127751028	-1282	127752009	-2263	127749793	-1104	-1235	-2216
ENSMUST00000033081	GCGGGGAGGCTGGAAAGGAGGATACAGTGGAGGGAGAAGACGAGAAG	127749746	127751026	-1280	127751028	-1282	127752009	-2263	127749793	-1233	-1235	-2216
ENSMUST00000097929	GACTTGGATGAGGACTTTCTTTTCACAGAACCGTTGCCTCCCCCCCT	144411095	144396431	14664	144396440	14655	144398240	12855	144411142	14711	14702	12902
ENSMUST00000033018	AGAACTGCAGTAGTCACTCAAATTATGATTCAACATTTTAATCCTTGG	113568471	113513937	54534	113514028	54443	113525987	42484	113568519	54582	54491	42532
ENSMUST00000067664	AAGCTATAAGGACTCTACGCTCATCATGCAGCTGCTACGTGATAACCT	75759353	75755652	3701	75755680	3673	75756816	2537	75759401	3749	3721	2585
ENSMUST00000034820	CGAGATGAATGGCTCCCTCACCAGCCCAAGCGCCTATGCTGGCCTACA	61410018	61394682	15336	61394712	15306	61401852	8166	61410066	15384	15354	8214
ENSMUST00000034820	CGAGATGAATGGCTCCCTCACCAGCCCAAGCGCCTATGCTGGCCTACA	61410018	61394682	15336	61394712	15306	61401855	8163	61410066	15384	15354	8211
ENSMUST00000034820	CGAGATGAATGGCTCCCTCACCAGCCCAAGCGCCTATGCTGGCCTACA	61410018	61409407	611	61409416	602	61409935	83	61410066	659	650	131
ENSMUST00000034820	CGAGATGAATGGCTCCCTCACCAGCCCAAGCGCCTATGCTGGCCTACA	61410018	61410120	-102	61410135	-117	61411262	-1244	61410066	-54	-69	-1196
ENSMUST00000035055	CAAGAAGCCCACTTCCACTAAGCCTAGCTCCTCTGCTCCCAGGGTGAG	110068853	110079893	-11040	110079896	-11043	110081420	-12567	110068901	-10992	-10995	-12519
ENSMUST00000020915	TAAACAAGATGATGAGGACTCTAAAATAAATGGCAGAGGTTTGCCAAA	8710252	8744743	-34491	8744749	-34497	8747156	-36904	8710300	-34443	-34449	-36856
ENSMUST00000072187	CCTGTCTAAACTGGCTGTGACTTCCTATGCAGACATTGCCGACCTCATG	70705014	70725176	-20162	70725212	-20198	70725887	-20873	70705063	-20113	-20149	-20824
ENSMUST00000037526	TAAACAATGCCCCCATCCTGTGCGTCCAGTCTCACCTTGGCCATGAAGAA	59815389	59790877	24512	59790898	24491	59791598	23791	59815439	24562	24541	23841
ENSMUST00000027521	AAAGGAGACAGAGAAGCGTGTAAAGTAACGGAGAGAGGTGCCTATAATGGA	89895210	89609583	285627	89609599	285611	89627760	267450	89895261	285678	285662	267501
ENSMUST00000034591	GAGTCCCTGTCGGTCCCCAAGCTGCAAAGCCCGCCTGGAAGACCCCGAAAGCT	45838676	45854655	-15979	45854843	-16167	45856087	-17411	45838729	-15926	-16114	-17358
ENSMUST00000020915	TTTTAATCGCACTCCTGGAAGTCGCCAAGCCTCTCCAACTGAAGTAGTTGAGC	8713360	8744743	-31383	8744749	-31389	8747156	-33796	8713412	-31331	-31337	-33744
ENSMUST00000040179	ATACCAATTGCTCTTCTTTCTGCAGTCCTGCTGCTGTTCTTCTGCAGAGACTCC	85933347	85917774	15573	85917832	15515	85918930	14417	85933401	15627	15569	14471
ENSMUST00000040179	ATACCAATTGCTCTTCTTTCTGCAGTCCTGCTGCTGTTCTTCTGCAGAGACTCC	85933347	85917774	15573	85917832	15515	85918972	14375	85933401	15627	15569	14429
ENSMUST00000113460	AGATACTTACAGATTGGCCAGGATTCTTGTCCGCCTACCAGCACTCAGGCTCAT	92167461	92163220	4241	92163258	4203	92164187	3274	92167515	4295	4257	3328
ENSMUST00000117648	CATCTGAGGCTCATTCGGCTGCCTCTGTGGCCAAGTCCTCCCAGAGTCCACCCTT	94462564	94370861	91703	94370971	91593	94383911	78653	94462619	91758	91648	78708
ENSMUST00000117648	CATCTGAGGCTCATTCGGCTGCCTCTGTGGCCAAGTCCTCCCAGAGTCCACCCTT	94462564	94370861	91703	94370971	91593	94392014	70550	94462619	91758	91648	70605
ENSMUST00000117648	CATCTGAGGCTCATTCGGCTGCCTCTGTGGCCAAGTCCTCCCAGAGTCCACCCTT	94462564	94370861	91703	94370971	91593	94403313	59251	94462619	91758	91648	59306
ENSMUST00000117648	CATCTGAGGCTCATTCGGCTGCCTCTGTGGCCAAGTCCTCCCAGAGTCCACCCTT	94462564	94456761	5803	94456811	5753	94457320	5244	94462619	5858	5808	5299
ENSMUST00000117648	CATCTGAGGCTCATTCGGCTGCCTCTGTGGCCAAGTCCTCCCAGAGTCCACCCTT	94462564	94370861	91703	94370971	91593	94383911	78653	94462619	91758	91648	78708
ENSMUST00000117648	CATCTGAGGCTCATTCGGCTGCCTCTGTGGCCAAGTCCTCCCAGAGTCCACCCTT	94462564	94370861	91703	94370971	91593	94392014	70550	94462619	91758	91648	70605
ENSMUST00000117648	CATCTGAGGCTCATTCGGCTGCCTCTGTGGCCAAGTCCTCCCAGAGTCCACCCTT	94462564	94370861	91703	94370971	91593	94403313	59251	94462619	91758	91648	59306
ENSMUST00000117648	CATCTGAGGCTCATTCGGCTGCCTCTGTGGCCAAGTCCTCCCAGAGTCCACCCTT	94462564	94456761	5803	94456811	5753	94457320	5244	94462619	5858	5808	5299
ENSMUST00000117648	CATCTGAGGCTCATTCGGCTGCCTCTGTGGCCAAGTCCTCCCAGAGTCCACCCTT	94462564	94370861	91703	94370971	91593	94383911	78653	94462619	91758	91648	78708
ENSMUST00000117648	CATCTGAGGCTCATTCGGCTGCCTCTGTGGCCAAGTCCTCCCAGAGTCCACCCTT	94462564	94370861	91703	94370971	91593	94392014	70550	94462619	91758	91648	70605
ENSMUST00000117648	CATCTGAGGCTCATTCGGCTGCCTCTGTGGCCAAGTCCTCCCAGAGTCCACCCTT	94462564	94370861	91703	94370971	91593	94403313	59251	94462619	91758	91648	59306
ENSMUST00000117648	CATCTGAGGCTCATTCGGCTGCCTCTGTGGCCAAGTCCTCCCAGAGTCCACCCTT	94462564	94456761	5803	94456811	5753	94457320	5244	94462619	5858	5808	5299
ENSMUST00000077182	GGCATCGTGGCGGCGGCGGCGCTCTGCATCCTCATTCTCCTCTACGCCATGTACAA	6531951	6463847	68104	6463868	68083	6472257	59694	6532007	68160	68139	59750
ENSMUST00000077182	GGCATCGTGGCGGCGGCGGCGCTCTGCATCCTCATTCTCCTCTACGCCATGTACAA	6531951	6463847	68104	6463868	68083	6472257	59694	6532007	68160	68139	59750
ENSMUST00000000645	CGACTGGTGGAGATTAATGGACAGAATGTGGAGAATAAATCCAGGGATGAAATTGT	77778138	77815891	-37753	77815999	-37861	77817618	-39480	77778194	-37697	-37805	-39424
ENSMUST00000029964	AAATCAAACAGCTAAGCGTGGAGCAGACGGCCTGGGACCCAGAAGGGGATCGATGC	28813223	28938764	-125541	28938779	-125556	28942585	-129362	28813279	-125485	-125500	-129306
ENSMUST00000049932	ATTTGCTAAACGTGGTGAAACAAAAAGGAAGCAGAATCACAAATCTGTCAACAAAC	64599161	64532904	66257	64533020	66141	64550848	48313	64599217	66313	66197	48369
ENSMUST00000049932	ATTTGCTAAACGTGGTGAAACAAAAAGGAAGCAGAATCACAAATCTGTCAACAAAC	64599161	64532904	66257	64533020	66141	64566216	32945	64599217	66313	66197	33001
ENSMUST00000066452	AGCCTGCATCGCATACATTCGGCTCACACAGTACATGGACGGAAGCGGGATGCCAAA	126840214	126770857	69357	126771846	68368	126780359	59855	126840271	69414	68425	59912
ENSMUST00000027521	CTTTCGTGAACAGCCAGGAATGGACACTCAGCCGATCGGTACCGGAGCTCAAAGTGG	89604602	89609583	-4981	89609599	-4997	89627760	-23158	89609499	-84	-100	-18261
ENSMUST00000028081	AGCTGGTGCATTCCCGGCTCTACTCTCCGGAGCTGCCCATCCCTCCGGCTGCGGGCGA	16356486	16703377	-346891	16703383	-346897	16712081	-355595	16356544	-346833	-346839	-355537
ENSMUST00000042035	TATCCTGGTGGGCCACTGCCTGACTTCCCTAATCACTCACTCACCCTCAAAAAGGACA	74586951	74584417	2534	74584432	2519	74586756	195	74587009	2592	2577	253
ENSMUST00000054955	AACTGCCACCACATGTGCGCATCTGGGACTCTGTGACACTGAACACTCTGCATGTCAT	108511830	108534740	-22910	108534751	-22921	108534864	-23034	108511888	-22852	-22863	-22976
ENSMUST00000027287	ATGCAGCTCGGCCCGACTACATCGCTTCCAAGGCCTCCCCTACCTCGACTGAGGAGGAG	37378917	37380060	-1143	37380177	-1260	37383338	-4421	37378976	-1084	-1201	-4362
ENSMUST00000027287	ATGCAGCTCGGCCCGACTACATCGCTTCCAAGGCCTCCCCTACCTCGACTGAGGAGGAG	37378917	37380060	-1143	37380177	-1260	37387697	-8780	37378976	-1084	-1201	-8721
ENSMUST00000027521	TTACATGATTACATGCAGAATGTCCACGGCAAAGAGATAGACCTCTTGAGGACCACTGT	89743732	89609583	134149	89609599	134133	89627760	115972	89743791	134208	134192	116031
ENSMUST00000020734	AGATCCATTCCAAGGCATGCGCAAGCCCATGAGTCCTGTCTCAGCCCAGATGAGCCAGCTA	3235623	3230065	5558	3230101	5522	3233987	1636	3236238	6173	6137	2251
ENSMUST00000035055	TAAGGTTGCCGAAAAGCGGACCTCTCCATCCAAGCCTTCATCTGCCCCAGCCCTCAAACCTG	110067509	110079893	-12384	110079896	-12387	110081420	-13911	110067571	-12322	-12325	-13849
ENSMUST00000035055	TAAGGTTGCCGAAAAGCGGACCTCTCCATCCAAGCCTTCATCTGCCCCAGCCCTCAAACCTG	110067509	110079893	-12384	110079896	-12387	110081420	-13911	110067571	-12322	-12325	-13849
ENSMUST00000061837	AACAATAAGACAGCAGAGCGCCGGAGGCCCCTGGATGAATTCAACAATGGAGTTGTCATGAC	69904071	69903452	619	69903719	352	69903864	207	69904133	681	414	269
ENSMUST00000061837	AACAATAAGACAGCAGAGCGCCGGAGGCCCCTGGATGAATTCAACAATGGAGTTGTCATGAC	69904071	69906295	-2224	69906407	-2336	69906517	-2446	69904133	-2162	-2274	-2384
ENSMUST00000061837	AACAATAAGACAGCAGAGCGCCGGAGGCCCCTGGATGAATTCAACAATGGAGTTGTCATGAC	69904071	69908006	-3935	69908012	-3941	69908095	-4024	69904133	-3873	-3879	-3962
ENSMUST00000033141	CAAAAATGCAAGAGTCTCCCAAACTGTCCCAACAATCGTACAACTTTGACCCTGACGCCTGT	130729617	130735150	-5533	130735228	-5611	130739811	-10194	130729679	-5471	-5549	-10132
ENSMUST00000163854	GCGGCTCCGGTGAACGCTTCAGAGTGAGATCATCATCCAAGTCTGAAGGTTCTCCATCGCCAC	40006811	40007530	-719	40007539	-728	40009687	-2876	40007485	-45	-54	-2202
ENSMUST00000002805	ACATGTCACAGCTCTCTCTGTCGCCCCTGAATTCCGCCGTCTTGGCTTGGCTGCTAAACTTAT	145912442	145911763	679	145911793	649	145912392	50	145912505	742	712	113
ENSMUST00000114036	TCTTACACTGATCGATCAATGATGTCTATGGCAGCTGATTCTTACACTGATTCTTATACTGATT	91657702	91671465	-13763	91674141	-16439	91674694	-16992	91657766	-13699	-16375	-16928
ENSMUST00000065001	AGAAGTATCTATGTGAACTGTGCCTGGACGATGTGCTGTATGCCCGTACCACAAGCAAGCTCAAG	35709891	35643991	65900	35644124	65767	35661491	48400	35709956	65965	65832	48465
ENSMUST00000065001	AGAAGTATCTATGTGAACTGTGCCTGGACGATGTGCTGTATGCCCGTACCACAAGCAAGCTCAAG	35709891	35643991	65900	35644124	65767	35707647	2244	35709956	65965	65832	2309
ENSMUST00000113144	CTTTTGTTCCTGAGTCATCTGACCCTCAAATACTGCTTTGCTTTCCCAGCTGCTTCCTTGTTTCA	135803168	135751976	51192	135752017	51151	135778905	24263	135803233	51257	51216	24328
ENSMUST00000016569	CATTTGCTAGGGTGGATCTTAAGCAGTACGTAGTCTGTCAGTGTTTGTATTTGAATTCTCTGCAATT	150808238	150796670	11568	150796676	11562	150800577	7661	150808305	11635	11629	7728
ENSMUST00000074733	AACAGTGGCAGAGATTAACGCAACGATGAGTGTCCATCTCCCATTCGCAGTGGTCGGCAGTACTGAA	93156986	93138537	18449	93138596	18390	93139448	17538	93161191	22654	22595	21743
ENSMUST00000071704	CAAAAATAATTTACATAGTACACGATGAAGTTAAGGATAAAGCTTTTGAACTGGAGCTCAGCTGGGTT	70993014	70978815	14199	70978839	14175	70983318	9696	70993508	14693	14669	10190
ENSMUST00000071704	CAAAAATAATTTACATAGTACACGATGAAGTTAAGGATAAAGCTTTTGAACTGGAGCTCAGCTGGGTT	70993014	70978815	14199	70978839	14175	70983323	9691	70993508	14693	14669	10185
ENSMUST00000038980	TACCGGAGCTTGACCCTGAACGTCGTGAACCGGCTCACCTCCGTTACTCGCCTCTTCCCAAATTCCTT	144806157	144839596	-33439	144839629	-33472	144840337	-34180	144806223	-33373	-33406	-34114
ENSMUST00000042035	ATGGTCCTGACCCAGCCCCCCCGGGACAGGACTGAGATCACTCTGGAAAGAAGCGGGGTGGGGAATCT	74589380	74584417	4963	74584432	4948	74586756	2624	74589448	5031	5016	2692
ENSMUST00000000646	CAGCGGCAGGGCTCCCGGCTCTCTGCTGTCCCTCACCTCCTGTACATACTGCCTGGGAAGAGACACCAC	77978118	77973977	4141	77974329	3789	77974439	3679	77978187	4210	3858	3748
ENSMUST00000066717	ATGAGGACCTGACCCCAGAGCAGAAGGCTGAGCGCGAGAAGGAACGGAGGATGGCCAATAATGCCCGTGA	69681598	69678117	3481	69678129	3469	69681568	30	69681668	3551	3539	100
ENSMUST00000007130	GATTGTAATCCGAGGACTCAATACCATTCCATTGTTTGTGCAGTTGCTTTATTCTCCCATTGAAAATATCC	120957194	120955969	1225	120955972	1222	120957106	88	120957556	1587	1584	450
ENSMUST00000077182	GGAAGGAAGGCTGGGGTTTTGTAAAGTGTCCACTGCGCCGTTCGTTTATTTCCCTCGATTTTCTTCTTCCTC	6532492	6463847	68645	6463868	68624	6472257	60235	6532564	68717	68696	60307
ENSMUST00000077182	GGAAGGAAGGCTGGGGTTTTGTAAAGTGTCCACTGCGCCGTTCGTTTATTTCCCTCGATTTTCTTCTTCCTC	6532492	6463847	68645	6463868	68624	6472257	60235	6532564	68717	68696	60307
ENSMUST00000027521	ATTATTGTGTGTTTATATGATATTTTCCCGAATGATTCCTTGTTTCACATCATCCTCCGCTGCCTGAATGCGCA	89891220	89609583	281637	89609599	281621	89627760	263460	89891294	281711	281695	263534
ENSMUST00000027521	ATTATTGTGTGTTTATATGATATTTTCCCGAATGATTCCTTGTTTCACATCATCCTCCGCTGCCTGAATGCGCA	89891220	89609583	281637	89609599	281621	89627760	263460	89891294	281711	281695	263534
ENSMUST00000115246	AATTACTGTCGTGGGCTGCGCTTTGAGGAAGCTCCGGATTACATGTATCTGAGGCAGCTATTCCGCATCCTTTTC	61578704	61580451	-1747	61580487	-1783	61585164	-6460	61580345	-106	-142	-4819
ENSMUST00000089302	AAGAGAATGTGCAATCAAGTTCAATGATTACTTTGAATTTCCTCGAGAGTTAGACATGGAACCTTACACAGTGGCA	13156111	13165484	-9373	13165532	-9421	13166631	-10520	13156187	-9297	-9345	-10444
ENSMUST00000097929	ATTCCGCATCCCCCCTCCCCCTCTGGCATCCGTGGACTTGGATGAGGACTTTCTTTTCACAGAACCGTTGCCTCCCCCCC	144411061	144396431	14630	144396440	14621	144398240	12821	144411141	14710	14701	12901
ENSMUST00000044730	AAGATAGGATGGGCCGGGACCCTTCAGAGGCAACCCTTTGACACTTGGAAGGACTTTGGGGGACAGTTGAGATGACCTCAGA	97683275	97672592	10683	97672682	10593	97673459	9816	97683357	10765	10675	9898
ENSMUST00000029694	TTTTACGGAGAAAACTTATCCATGAAGGCTGCCTGCTCTGGAAGACAGCCACAGGCCGCTTCAAAGATGTCCTGTTGCTGCT	88636048	88632333	3715	88632339	3709	88632912	3136	88638298	5965	5959	5386
ENSMUST00000029694	TTTTACGGAGAAAACTTATCCATGAAGGCTGCCTGCTCTGGAAGACAGCCACAGGCCGCTTCAAAGATGTCCTGTTGCTGCT	88636048	88633042	3006	88633367	2681	88633499	2549	88638298	5256	4931	4799
ENSMUST00000066330	CCCCTGACCTCAAGACACAGAATGTCCACGTGGAAATTGAGCAGCGTTGGCATCAAGTGGAGACCACCCCTCTCAGGGAGGAG	59752897	59737228	15669	59737582	15315	59741119	11778	59752980	15752	15398	11861
ENSMUST00000000645	GCTCATTCGGCGCTGAGGACCTGTGGTGGGCACAGTGGAAGGTAGATGTTTTGGTCTGTTTATCAGACTGGAGTCCTAACCCT	77865671	77815891	49780	77815999	49672	77817618	48053	77865754	49863	49755	48136
ENSMUST00000020159	CACCATGGCGGGCAAGTCTCCAGGACCCTTCCCAAACTGTGACTGGAGATTCAATGAGTTTCCCAACCCCGCTGCCCACGCTCT	24907203	24903693	3510	24903831	3372	24904260	2943	24907287	3594	3456	3027
ENSMUST00000117648	GGAGGACAGCAGACTGGAAGTGGCCTCTCCTGACTCTCCTACACCACTCTGTGAGGATGCTTCTCCTTCCCCCACGCCAGCTCCT	94442941	94370861	72080	94370971	71970	94383911	59030	94443026	72165	72055	59115
ENSMUST00000117648	GGAGGACAGCAGACTGGAAGTGGCCTCTCCTGACTCTCCTACACCACTCTGTGAGGATGCTTCTCCTTCCCCCACGCCAGCTCCT	94442941	94370861	72080	94370971	71970	94392014	50927	94443026	72165	72055	51012
ENSMUST00000117648	GGAGGACAGCAGACTGGAAGTGGCCTCTCCTGACTCTCCTACACCACTCTGTGAGGATGCTTCTCCTTCCCCCACGCCAGCTCCT	94442941	94370861	72080	94370971	71970	94403313	39628	94443026	72165	72055	39713
ENSMUST00000117648	GGAGGACAGCAGACTGGAAGTGGCCTCTCCTGACTCTCCTACACCACTCTGTGAGGATGCTTCTCCTTCCCCCACGCCAGCTCCT	94442941	94456761	-13820	94456811	-13870	94457320	-14379	94443026	-13735	-13785	-14294
ENSMUST00000117648	GGAGGACAGCAGACTGGAAGTGGCCTCTCCTGACTCTCCTACACCACTCTGTGAGGATGCTTCTCCTTCCCCCACGCCAGCTCCT	94442941	94370861	72080	94370971	71970	94383911	59030	94443026	72165	72055	59115
ENSMUST00000117648	GGAGGACAGCAGACTGGAAGTGGCCTCTCCTGACTCTCCTACACCACTCTGTGAGGATGCTTCTCCTTCCCCCACGCCAGCTCCT	94442941	94370861	72080	94370971	71970	94392014	50927	94443026	72165	72055	51012
ENSMUST00000117648	GGAGGACAGCAGACTGGAAGTGGCCTCTCCTGACTCTCCTACACCACTCTGTGAGGATGCTTCTCCTTCCCCCACGCCAGCTCCT	94442941	94370861	72080	94370971	71970	94403313	39628	94443026	72165	72055	39713
ENSMUST00000117648	GGAGGACAGCAGACTGGAAGTGGCCTCTCCTGACTCTCCTACACCACTCTGTGAGGATGCTTCTCCTTCCCCCACGCCAGCTCCT	94442941	94456761	-13820	94456811	-13870	94457320	-14379	94443026	-13735	-13785	-14294
ENSMUST00000117648	GGAGGACAGCAGACTGGAAGTGGCCTCTCCTGACTCTCCTACACCACTCTGTGAGGATGCTTCTCCTTCCCCCACGCCAGCTCCT	94442941	94370861	72080	94370971	71970	94383911	59030	94443026	72165	72055	59115
ENSMUST00000117648	GGAGGACAGCAGACTGGAAGTGGCCTCTCCTGACTCTCCTACACCACTCTGTGAGGATGCTTCTCCTTCCCCCACGCCAGCTCCT	94442941	94370861	72080	94370971	71970	94392014	50927	94443026	72165	72055	51012
ENSMUST00000117648	GGAGGACAGCAGACTGGAAGTGGCCTCTCCTGACTCTCCTACACCACTCTGTGAGGATGCTTCTCCTTCCCCCACGCCAGCTCCT	94442941	94370861	72080	94370971	71970	94403313	39628	94443026	72165	72055	39713
ENSMUST00000117648	GGAGGACAGCAGACTGGAAGTGGCCTCTCCTGACTCTCCTACACCACTCTGTGAGGATGCTTCTCCTTCCCCCACGCCAGCTCCT	94442941	94456761	-13820	94456811	-13870	94457320	-14379	94443026	-13735	-13785	-14294
ENSMUST00000042035	TCTCAGACCCAGGCAGAGAGCATGGTCCTGACCCAGCCCCCCCGGGACAGGACTGAGATCACTCTGGAAAGAAGCGGGGTGGGGA	74589359	74584417	4942	74584432	4927	74586756	2603	74589444	5027	5012	2688
ENSMUST00000117648	TACTCGGTCAAGCCAGTCTCCAAAAAAGCCTTCCAACAGTATTATTGAACACCTGTCAGTGATATTCCCATGTTATACCAGCACT	94460063	94370861	89202	94370971	89092	94383911	76152	94462268	91407	91297	78357
ENSMUST00000117648	TACTCGGTCAAGCCAGTCTCCAAAAAAGCCTTCCAACAGTATTATTGAACACCTGTCAGTGATATTCCCATGTTATACCAGCACT	94460063	94370861	89202	94370971	89092	94392014	68049	94462268	91407	91297	70254
ENSMUST00000117648	TACTCGGTCAAGCCAGTCTCCAAAAAAGCCTTCCAACAGTATTATTGAACACCTGTCAGTGATATTCCCATGTTATACCAGCACT	94460063	94370861	89202	94370971	89092	94403313	56750	94462268	91407	91297	58955
ENSMUST00000117648	TACTCGGTCAAGCCAGTCTCCAAAAAAGCCTTCCAACAGTATTATTGAACACCTGTCAGTGATATTCCCATGTTATACCAGCACT	94460063	94456761	3302	94456811	3252	94457320	2743	94462268	5507	5457	4948
ENSMUST00000117648	TACTCGGTCAAGCCAGTCTCCAAAAAAGCCTTCCAACAGTATTATTGAACACCTGTCAGTGATATTCCCATGTTATACCAGCACT	94460063	94370861	89202	94370971	89092	94383911	76152	94462268	91407	91297	78357
ENSMUST00000117648	TACTCGGTCAAGCCAGTCTCCAAAAAAGCCTTCCAACAGTATTATTGAACACCTGTCAGTGATATTCCCATGTTATACCAGCACT	94460063	94370861	89202	94370971	89092	94392014	68049	94462268	91407	91297	70254
ENSMUST00000117648	TACTCGGTCAAGCCAGTCTCCAAAAAAGCCTTCCAACAGTATTATTGAACACCTGTCAGTGATATTCCCATGTTATACCAGCACT	94460063	94370861	89202	94370971	89092	94403313	56750	94462268	91407	91297	58955
ENSMUST00000117648	TACTCGGTCAAGCCAGTCTCCAAAAAAGCCTTCCAACAGTATTATTGAACACCTGTCAGTGATATTCCCATGTTATACCAGCACT	94460063	94456761	3302	94456811	3252	94457320	2743	94462268	5507	5457	4948
ENSMUST00000117648	TACTCGGTCAAGCCAGTCTCCAAAAAAGCCTTCCAACAGTATTATTGAACACCTGTCAGTGATATTCCCATGTTATACCAGCACT	94460063	94370861	89202	94370971	89092	94383911	76152	94462268	91407	91297	78357
ENSMUST00000117648	TACTCGGTCAAGCCAGTCTCCAAAAAAGCCTTCCAACAGTATTATTGAACACCTGTCAGTGATATTCCCATGTTATACCAGCACT	94460063	94370861	89202	94370971	89092	94392014	68049	94462268	91407	91297	70254
ENSMUST00000117648	TACTCGGTCAAGCCAGTCTCCAAAAAAGCCTTCCAACAGTATTATTGAACACCTGTCAGTGATATTCCCATGTTATACCAGCACT	94460063	94370861	89202	94370971	89092	94403313	56750	94462268	91407	91297	58955
ENSMUST00000117648	TACTCGGTCAAGCCAGTCTCCAAAAAAGCCTTCCAACAGTATTATTGAACACCTGTCAGTGATATTCCCATGTTATACCAGCACT	94460063	94456761	3302	94456811	3252	94457320	2743	94462268	5507	5457	4948
ENSMUST00000003345	AGCAAATTAAGGAAAGAGTCCTTACTCTGTTTCCTGCGTTCATAGCGGTCTGTTTGTGCTTTGTCTAACAGTGAACACTGGTACTTG	19150036	19121319	28717	19121331	28705	19125025	25011	19150123	28804	28792	25098
ENSMUST00000003345	AGCAAATTAAGGAAAGAGTCCTTACTCTGTTTCCTGCGTTCATAGCGGTCTGTTTGTGCTTTGTCTAACAGTGAACACTGGTACTTG	19150036	19121319	28717	19121331	28705	19137535	12501	19150123	28804	28792	12588
ENSMUST00000069184	ACCTGAAGCCCCCAGGATAGGTGGGACAGAGAAGCTCAGTTCTGGGACGGTGGCATCCTCTCTCTCTCTCTCTCTTTCCTTTCTTTT	42939590	42934770	4820	42934818	4772	42937840	1750	42939677	4907	4859	1837
ENSMUST00000030315	AACAATCTGGCTTCCAGCTCTTTCTATGGCAACAACTCTCTGAGCAGTAACTCCCAGAGCAGCTCCCTCTTCTCTCAGGGCTCTGCA	130752710	130766049	-13339	130766055	-13345	130768815	-16105	130752797	-13252	-13258	-16018
ENSMUST00000117648	CAACATACTGGGCTCAATCACACTTGGTCACAGGATTCTGCACATACCTTCCTTTTCAAGGATTTGGCATCACCCAGCGACCAGCGTA	94443039	94370861	72178	94370971	72068	94383911	59128	94443127	72266	72156	59216
ENSMUST00000117648	CAACATACTGGGCTCAATCACACTTGGTCACAGGATTCTGCACATACCTTCCTTTTCAAGGATTTGGCATCACCCAGCGACCAGCGTA	94443039	94370861	72178	94370971	72068	94392014	51025	94443127	72266	72156	51113
ENSMUST00000117648	CAACATACTGGGCTCAATCACACTTGGTCACAGGATTCTGCACATACCTTCCTTTTCAAGGATTTGGCATCACCCAGCGACCAGCGTA	94443039	94370861	72178	94370971	72068	94403313	39726	94443127	72266	72156	39814
ENSMUST00000117648	CAACATACTGGGCTCAATCACACTTGGTCACAGGATTCTGCACATACCTTCCTTTTCAAGGATTTGGCATCACCCAGCGACCAGCGTA	94443039	94456761	-13722	94456811	-13772	94457320	-14281	94443127	-13634	-13684	-14193
ENSMUST00000084219	AAAGAGCGCCAAGCTGCTAGACAGGCCTCCAGAAGCACTGCGTATGAAGATTATTATTATCACCCTCCTCCCCGAATGCCACCTCCAAT	136339265	136316479	22786	136316484	22781	136317083	22182	136339476	22997	22992	22393
ENSMUST00000077182	AGCTAGCTGCAGGTGCAGGGGATGGCGGGAGTGAGGCTGTGTCTGCGGATGGCTGGGGTCACTTCTCTGCCCATGGGCTCCCTGCTCCCCCAGTT	6533048	6463847	69201	6463868	69180	6472257	60791	6533143	69296	69275	60886
ENSMUST00000117648	ACATTTCAAAAACAGGAGAATATTTACGAGTTAAACTACCACTAAATCCAACTGCTAGGGAATTTCAACCAGATGTAAAGTCTGAAGCACTGTCTGAG	94442745	94370861	71884	94370971	71774	94383911	58834	94442843	71982	71872	58932
ENSMUST00000117648	ACATTTCAAAAACAGGAGAATATTTACGAGTTAAACTACCACTAAATCCAACTGCTAGGGAATTTCAACCAGATGTAAAGTCTGAAGCACTGTCTGAG	94442745	94370861	71884	94370971	71774	94392014	50731	94442843	71982	71872	50829
ENSMUST00000117648	ACATTTCAAAAACAGGAGAATATTTACGAGTTAAACTACCACTAAATCCAACTGCTAGGGAATTTCAACCAGATGTAAAGTCTGAAGCACTGTCTGAG	94442745	94370861	71884	94370971	71774	94403313	39432	94442843	71982	71872	39530
ENSMUST00000117648	ACATTTCAAAAACAGGAGAATATTTACGAGTTAAACTACCACTAAATCCAACTGCTAGGGAATTTCAACCAGATGTAAAGTCTGAAGCACTGTCTGAG	94442745	94456761	-14016	94456811	-14066	94457320	-14575	94442843	-13918	-13968	-14477
ENSMUST00000117648	ACATTTCAAAAACAGGAGAATATTTACGAGTTAAACTACCACTAAATCCAACTGCTAGGGAATTTCAACCAGATGTAAAGTCTGAAGCACTGTCTGAG	94442745	94370861	71884	94370971	71774	94383911	58834	94442843	71982	71872	58932
ENSMUST00000117648	ACATTTCAAAAACAGGAGAATATTTACGAGTTAAACTACCACTAAATCCAACTGCTAGGGAATTTCAACCAGATGTAAAGTCTGAAGCACTGTCTGAG	94442745	94370861	71884	94370971	71774	94392014	50731	94442843	71982	71872	50829
ENSMUST00000117648	ACATTTCAAAAACAGGAGAATATTTACGAGTTAAACTACCACTAAATCCAACTGCTAGGGAATTTCAACCAGATGTAAAGTCTGAAGCACTGTCTGAG	94442745	94370861	71884	94370971	71774	94403313	39432	94442843	71982	71872	39530
ENSMUST00000117648	ACATTTCAAAAACAGGAGAATATTTACGAGTTAAACTACCACTAAATCCAACTGCTAGGGAATTTCAACCAGATGTAAAGTCTGAAGCACTGTCTGAG	94442745	94456761	-14016	94456811	-14066	94457320	-14575	94442843	-13918	-13968	-14477
ENSMUST00000117648	ACATTTCAAAAACAGGAGAATATTTACGAGTTAAACTACCACTAAATCCAACTGCTAGGGAATTTCAACCAGATGTAAAGTCTGAAGCACTGTCTGAG	94442745	94370861	71884	94370971	71774	94383911	58834	94442843	71982	71872	58932
ENSMUST00000117648	ACATTTCAAAAACAGGAGAATATTTACGAGTTAAACTACCACTAAATCCAACTGCTAGGGAATTTCAACCAGATGTAAAGTCTGAAGCACTGTCTGAG	94442745	94370861	71884	94370971	71774	94392014	50731	94442843	71982	71872	50829
ENSMUST00000117648	ACATTTCAAAAACAGGAGAATATTTACGAGTTAAACTACCACTAAATCCAACTGCTAGGGAATTTCAACCAGATGTAAAGTCTGAAGCACTGTCTGAG	94442745	94370861	71884	94370971	71774	94403313	39432	94442843	71982	71872	39530
ENSMUST00000117648	ACATTTCAAAAACAGGAGAATATTTACGAGTTAAACTACCACTAAATCCAACTGCTAGGGAATTTCAACCAGATGTAAAGTCTGAAGCACTGTCTGAG	94442745	94456761	-14016	94456811	-14066	94457320	-14575	94442843	-13918	-13968	-14477
ENSMUST00000042824	ACCGCGCTGGAGGGATATCAGATTGGACAGGTGGCCTGTGGGCTGAACCACACCTTGGCAGTGTCAGCAGATGGCTCCATGGTGTGGGCCTTTGGAGA	66487985	66461899	26086	66461920	26065	66462828	25157	66489342	27443	27422	26514
ENSMUST00000113144	TATTTTTGGATCTTGGTTCTGGGGCACTGGTGAGAACAGCCTTAGATCTGTTGGAGTCAATTGTGAGAAGATGCCGAAGGCTGGAGAAAAAGAAGTTACT	135800611	135751976	48635	135752017	48594	135778905	21706	135800711	48735	48694	21806
ENSMUST00000027521	TTAAGTGACTACTCATCCTCTGTTCCTTCGACCCCAAGCACCAGCCAGAAAGAGCTTCGGATCGACGTCCCTCCCACTGCCAACACTCCAACGCCTGTCCG	89665062	89609583	55479	89609599	55463	89627760	37302	89665163	55580	55564	37403
ENSMUST00000027521	TTAAGTGACTACTCATCCTCTGTTCCTTCGACCCCAAGCACCAGCCAGAAAGAGCTTCGGATCGACGTCCCTCCCACTGCCAACACTCCAACGCCTGTCCG	89665062	89609583	55479	89609599	55463	89627760	37302	89665163	55580	55564	37403
ENSMUST00000077182	AAAGAAAAGGAATATAACTACTACGTGCTCATCCCCTTCCCTCCCGCTGCCCTCGGCGCCGCACTGTCAGCTCTGGGGCTGGCTGTCCTCCGCTCTGCGCCT	6532310	6463847	68463	6463868	68442	6472257	60053	6532412	68565	68544	60155
ENSMUST00000077182	AAAGAAAAGGAATATAACTACTACGTGCTCATCCCCTTCCCTCCCGCTGCCCTCGGCGCCGCACTGTCAGCTCTGGGGCTGGCTGTCCTCCGCTCTGCGCCT	6532310	6463847	68463	6463868	68442	6472257	60053	6532412	68565	68544	60155
ENSMUST00000023768	GGCGAGCCCAGGCAACTCCTGACCATGTCCTCTTCATGCTGTTAAATGCCAAGGGAACTACTGTGTGCACAGCCAGCTGCCTTCAGCTTCATAAGCGAGCAGA	100190303	100155153	35150	100155156	35147	100157169	33134	100191057	35904	35901	33888
ENSMUST00000023768	GGCGAGCCCAGGCAACTCCTGACCATGTCCTCTTCATGCTGTTAAATGCCAAGGGAACTACTGTGTGCACAGCCAGCTGCCTTCAGCTTCATAAGCGAGCAGA	100190303	100155153	35150	100155156	35147	100157169	33134	100191057	35904	35901	33888
ENSMUST00000055758	ATACTGTTACAGGATTCATGAACTTGAGTAATTTTACAGTTTGGAACTCTGATGCTATATATACATGGTATAATGTATTCAGACTTTGATCACTACATATTTAAA	70023508	69954361	69147	69954363	69145	69955966	67542	70023613	69252	69250	67647
ENSMUST00000055758	ATACTGTTACAGGATTCATGAACTTGAGTAATTTTACAGTTTGGAACTCTGATGCTATATATACATGGTATAATGTATTCAGACTTTGATCACTACATATTTAAA	70023508	69991625	31883	69991637	31871	69993675	29833	70023613	31988	31976	29938
ENSMUST00000117648	TTTGAAAAAGAACAGATTTCTCGAAGCTCTTAATCACTTTGAAAAGGCAAAGACTTTAATTAGTCGTCTCCCTGGAATTCTAACTTGGCCCACAAGTAATGTGATTAT	94422232	94370861	51371	94370971	51261	94383911	38321	94422340	51479	51369	38429
ENSMUST00000117648	TTTGAAAAAGAACAGATTTCTCGAAGCTCTTAATCACTTTGAAAAGGCAAAGACTTTAATTAGTCGTCTCCCTGGAATTCTAACTTGGCCCACAAGTAATGTGATTAT	94422232	94370861	51371	94370971	51261	94392014	30218	94422340	51479	51369	30326
ENSMUST00000117648	TTTGAAAAAGAACAGATTTCTCGAAGCTCTTAATCACTTTGAAAAGGCAAAGACTTTAATTAGTCGTCTCCCTGGAATTCTAACTTGGCCCACAAGTAATGTGATTAT	94422232	94370861	51371	94370971	51261	94403313	18919	94422340	51479	51369	19027
ENSMUST00000117648	TTTGAAAAAGAACAGATTTCTCGAAGCTCTTAATCACTTTGAAAAGGCAAAGACTTTAATTAGTCGTCTCCCTGGAATTCTAACTTGGCCCACAAGTAATGTGATTAT	94422232	94456761	-34529	94456811	-34579	94457320	-35088	94422340	-34421	-34471	-34980
ENSMUST00000117648	AACTGTTGCACCATCGTCACAGACCCAGCCCAGGAGAAGATGGGAACCTCCTTCCTGTTGCTGTAGGTAGTCACTCCTCACTAATGCACCATGCACTTCATGAGTTAAA	94468044	94370861	97183	94370971	97073	94383911	84133	94468153	97292	97182	84242
ENSMUST00000117648	AACTGTTGCACCATCGTCACAGACCCAGCCCAGGAGAAGATGGGAACCTCCTTCCTGTTGCTGTAGGTAGTCACTCCTCACTAATGCACCATGCACTTCATGAGTTAAA	94468044	94370861	97183	94370971	97073	94392014	76030	94468153	97292	97182	76139
ENSMUST00000117648	AACTGTTGCACCATCGTCACAGACCCAGCCCAGGAGAAGATGGGAACCTCCTTCCTGTTGCTGTAGGTAGTCACTCCTCACTAATGCACCATGCACTTCATGAGTTAAA	94468044	94370861	97183	94370971	97073	94403313	64731	94468153	97292	97182	64840
ENSMUST00000117648	AACTGTTGCACCATCGTCACAGACCCAGCCCAGGAGAAGATGGGAACCTCCTTCCTGTTGCTGTAGGTAGTCACTCCTCACTAATGCACCATGCACTTCATGAGTTAAA	94468044	94456761	11283	94456811	11233	94457320	10724	94468153	11392	11342	10833
ENSMUST00000117648	AACTGTTGCACCATCGTCACAGACCCAGCCCAGGAGAAGATGGGAACCTCCTTCCTGTTGCTGTAGGTAGTCACTCCTCACTAATGCACCATGCACTTCATGAGTTAAA	94468044	94370861	97183	94370971	97073	94383911	84133	94468153	97292	97182	84242
ENSMUST00000117648	AACTGTTGCACCATCGTCACAGACCCAGCCCAGGAGAAGATGGGAACCTCCTTCCTGTTGCTGTAGGTAGTCACTCCTCACTAATGCACCATGCACTTCATGAGTTAAA	94468044	94370861	97183	94370971	97073	94392014	76030	94468153	97292	97182	76139
ENSMUST00000117648	AACTGTTGCACCATCGTCACAGACCCAGCCCAGGAGAAGATGGGAACCTCCTTCCTGTTGCTGTAGGTAGTCACTCCTCACTAATGCACCATGCACTTCATGAGTTAAA	94468044	94370861	97183	94370971	97073	94403313	64731	94468153	97292	97182	64840
ENSMUST00000117648	AACTGTTGCACCATCGTCACAGACCCAGCCCAGGAGAAGATGGGAACCTCCTTCCTGTTGCTGTAGGTAGTCACTCCTCACTAATGCACCATGCACTTCATGAGTTAAA	94468044	94456761	11283	94456811	11233	94457320	10724	94468153	11392	11342	10833
ENSMUST00000117648	AACTGTTGCACCATCGTCACAGACCCAGCCCAGGAGAAGATGGGAACCTCCTTCCTGTTGCTGTAGGTAGTCACTCCTCACTAATGCACCATGCACTTCATGAGTTAAA	94468044	94370861	97183	94370971	97073	94383911	84133	94468153	97292	97182	84242
ENSMUST00000117648	AACTGTTGCACCATCGTCACAGACCCAGCCCAGGAGAAGATGGGAACCTCCTTCCTGTTGCTGTAGGTAGTCACTCCTCACTAATGCACCATGCACTTCATGAGTTAAA	94468044	94370861	97183	94370971	97073	94392014	76030	94468153	97292	97182	76139
ENSMUST00000117648	AACTGTTGCACCATCGTCACAGACCCAGCCCAGGAGAAGATGGGAACCTCCTTCCTGTTGCTGTAGGTAGTCACTCCTCACTAATGCACCATGCACTTCATGAGTTAAA	94468044	94370861	97183	94370971	97073	94403313	64731	94468153	97292	97182	64840
ENSMUST00000117648	AACTGTTGCACCATCGTCACAGACCCAGCCCAGGAGAAGATGGGAACCTCCTTCCTGTTGCTGTAGGTAGTCACTCCTCACTAATGCACCATGCACTTCATGAGTTAAA	94468044	94456761	11283	94456811	11233	94457320	10724	94468153	11392	11342	10833
ENSMUST00000029694	CCTGTTTTATATTTTTAAAAGAAGATTGTAGGCACTTCTAGCTCCATATCTTTGAACTTGAGGAATTAGGGAGACAGTGACTTATTTCATTGACCGTCAGGGGGCTCCTA	88647521	88632333	15188	88632339	15182	88632912	14609	88647631	15298	15292	14719
ENSMUST00000029694	CCTGTTTTATATTTTTAAAAGAAGATTGTAGGCACTTCTAGCTCCATATCTTTGAACTTGAGGAATTAGGGAGACAGTGACTTATTTCATTGACCGTCAGGGGGCTCCTA	88647521	88633042	14479	88633367	14154	88633499	14022	88647631	14589	14264	14132
ENSMUST00000069184	ATTAAAGCATGCTAAATTCAGGGGCTCTTGCTCGCTCTCCCGATGAGTCATCTTTCTCTCTCTCTGTGGCTGTGGGCTGCTGAACCGCACAGAGATAATTCATCTCTGGGC	42941596	42934770	6826	42934818	6778	42937840	3756	42941707	6937	6889	3867
ENSMUST00000101018	CTTAGTTCCTCTGTCACTTTAGCCTTCAACCCGGCATTGGTACTGTACATGCCTGGCTTCTGAAGGTATCTCTGTACATTGTTCTCAGGCGGTCTTGTGGATGTCTTTCAGGA	112746424	112732083	14341	112732085	14339	112732501	13923	112746537	14454	14452	14036
ENSMUST00000113144	TATCCAGACCTGAACATGATTGAGACATACGTGTGTCAGATTTGCGAGGACACCTTTGACTATGACTTGGATTCCCCTGATCAGTTGTCCGGATTGACAATGATTACACACCTC	135802598	135751976	50622	135752017	50581	135778905	23693	135802712	50736	50695	23807
ENSMUST00000030691	AAAATAACCAGAGACTCTAAGGATCACACAGTTTCAGGTAATGGGCTAGGAATTAGAATTGTTGGTGGTAAAGAAATTCCTGGACATAGTGGAGAAATTGGAGCCTATATTGCTAAGATTCTTC	14723296	14680013	43283	14682387	40909	14712416	10880	14750575	70562	68188	38159
ENSMUST00000069184	CTGGCAGCAGGCTCTGGTAGTCCACGTCTCCTTCCAACCAGCAGAGTAAAGGCACAGACACAGTTGTGCACCGCATATGTATTCAGAGAGACACAAGTATGTAGAGTCATTCATGGCCCAGAGCG	42942991	42934770	8221	42934818	8173	42937840	5151	42943116	8346	8298	5276
ENSMUST00000101018	ATACCAGAGGCCAGCCTGAACTTCCAGAAAGTGCCGCCTGGCTCTATGAACTCTCACAACTTGGACCAGAACATGAATGACAGCCGAGACGATGCTCTGACCAACAAGACGAGGCCTCGGAACCG	112743429	112732083	11346	112732085	11344	112732501	10928	112743678	11595	11593	11177
ENSMUST00000077182	GTTTTGTAAAGTGTCCACTGCGCCGTTCGTTTATTTCCCTCGATTTTCTTCTTCCTCTCGCCTTCCTTCTTCGCAGCCCTCCTGTCCCGGTTCAGGCTTGCTGTCTCTTGTCCCTACCCTCCTCC	6532507	6463847	68660	6463868	68639	6472257	60250	6532632	68785	68764	60375
ENSMUST00000030691	GCCCATGAATCTCTGATATTGACCTACTCTGAGCCTTCAGAGAGTGCTACGTCTGTCCCACCTTCTGACACACCTTCTCTCACATCATCTATTTCTTCAGTTTGTACCACAGATAGCTCCTCACCTGTCACTACCCTCGATAGCC	14677410	14680013	-2603	14682387	-4977	14712416	-35006	14677555	-2458	-4832	-34861
ENSMUST00000035058	GATCTCATGGCATGCTCTGATGTGTTTTGTAGGAGGGGAAACACTTAAAATAAGCAAAGAAACCGAGCAGGATTGCATATATCGGATGGTTCTTGTCTGTGCTCTCTGTACGTTGCTTCTGCAGCTGTGATTTCTAAACCTCTGCTGGCACTCA	110262331	110256220	6111	110256301	6030	110262059	272	110262485	6265	6184	426
ENSMUST00000007130	TAGTGTTATGTTCTAGTGAACCTGCTACAGCAATTTCTGATTTCTAAGAACCGAGTAATGGTGTAGAACACTAATTCATAATCACGCTAATTGTAATCTGGAGACGTGTAACATTGTGTAGCCTTTTGTATAAATAGACAGATAGAAATGGTCC	120960129	120955969	4160	120955972	4157	120957106	3023	120960283	4314	4311	3177
ENSMUST00000042035	CTTGCACTTCTTCTTCCTGTCCTCATTTTGCTGGGTGCTCACCGAGGCCTGGCAATCCTACATGGCCGTCACCGGCCGCCTCCGGAGCCGGCTCGTCCGCAAACGCTTTCTCTGCCTGGGCTGGGGGCTCCCTGCACTGGTGGTGGCCATTTCTG	74572121	74584417	-12296	74584432	-12311	74586756	-14635	74572858	-11559	-11574	-13898
ENSMUST00000007130	CTTGTTCAAAACTGTCTTTGGACTCTCAGAAACCTTTCAGATGCAGCGACTAAGCAGGAAGGGATGGAAGGCCTCCTTGGGACTCTAGTGCAGCTTCTGGGTTCCGATGATATAAATGTGGTCACCTGTGCAGCTGGAATTCTCTCTAACCTCACT	120955202	120955969	-767	120955972	-770	120957106	-1904	120955436	-533	-536	-1670
ENSMUST00000082209	GAAGTACTTCGTCTCCCCGACCCTATTCCGCGTCATCCGATTGGCCCGCATCGGGCGCATCTTGCGTCTGATCAAGGGCGCCAAAGGGATCCGCACCCTGCTCTTTGCCTTAATGATGTCGCTGCCCGCCCTGTTCAACATCGGCCTCCTGCTCTTCCTG	101039592	100984045	55547	100984075	55517	101002033	37559	101039752	55707	55677	37719
ENSMUST00000046257	CCAGGCCTGGACCAGCCTAGGGAAGCGTGCAGACCAGCGCAAGGCCAAATTGGGTGACTCCCATGATCTGCAGCGCTTCCTTAGCGATTTCCGGGACCTCATGTCTTGGATCAATGGAATACGAGGGTTGGTATCTTCAGATGAACTAGCCAAGGACGTC	30008192	30006646	1546	30006670	1522	30007493	699	30010796	4150	4126	3303
ENSMUST00000117648	CATACCTTCCTTTTCAAGGATTTGGCATCACCCAGCGACCAGCGTACATTAACATGGTACCTAGCCTGTCGCAGTTCACTAGCATTTACACACCTTTGGCCAACATTTCTTCTGAGTATCCAATGCAAAGATCCATGCCAGTGGTGCCATCTTTTGTAGCCAGCAACAGA	94443081	94370861	72220	94370971	72110	94383911	59170	94443251	72390	72280	59340
ENSMUST00000117648	CATACCTTCCTTTTCAAGGATTTGGCATCACCCAGCGACCAGCGTACATTAACATGGTACCTAGCCTGTCGCAGTTCACTAGCATTTACACACCTTTGGCCAACATTTCTTCTGAGTATCCAATGCAAAGATCCATGCCAGTGGTGCCATCTTTTGTAGCCAGCAACAGA	94443081	94370861	72220	94370971	72110	94392014	51067	94443251	72390	72280	51237
ENSMUST00000117648	CATACCTTCCTTTTCAAGGATTTGGCATCACCCAGCGACCAGCGTACATTAACATGGTACCTAGCCTGTCGCAGTTCACTAGCATTTACACACCTTTGGCCAACATTTCTTCTGAGTATCCAATGCAAAGATCCATGCCAGTGGTGCCATCTTTTGTAGCCAGCAACAGA	94443081	94370861	72220	94370971	72110	94403313	39768	94443251	72390	72280	39938
ENSMUST00000117648	CATACCTTCCTTTTCAAGGATTTGGCATCACCCAGCGACCAGCGTACATTAACATGGTACCTAGCCTGTCGCAGTTCACTAGCATTTACACACCTTTGGCCAACATTTCTTCTGAGTATCCAATGCAAAGATCCATGCCAGTGGTGCCATCTTTTGTAGCCAGCAACAGA	94443081	94456761	-13680	94456811	-13730	94457320	-14239	94443251	-13510	-13560	-14069
ENSMUST00000117648	CATACCTTCCTTTTCAAGGATTTGGCATCACCCAGCGACCAGCGTACATTAACATGGTACCTAGCCTGTCGCAGTTCACTAGCATTTACACACCTTTGGCCAACATTTCTTCTGAGTATCCAATGCAAAGATCCATGCCAGTGGTGCCATCTTTTGTAGCCAGCAACAGA	94443081	94370861	72220	94370971	72110	94383911	59170	94443251	72390	72280	59340
ENSMUST00000117648	CATACCTTCCTTTTCAAGGATTTGGCATCACCCAGCGACCAGCGTACATTAACATGGTACCTAGCCTGTCGCAGTTCACTAGCATTTACACACCTTTGGCCAACATTTCTTCTGAGTATCCAATGCAAAGATCCATGCCAGTGGTGCCATCTTTTGTAGCCAGCAACAGA	94443081	94370861	72220	94370971	72110	94392014	51067	94443251	72390	72280	51237
ENSMUST00000117648	CATACCTTCCTTTTCAAGGATTTGGCATCACCCAGCGACCAGCGTACATTAACATGGTACCTAGCCTGTCGCAGTTCACTAGCATTTACACACCTTTGGCCAACATTTCTTCTGAGTATCCAATGCAAAGATCCATGCCAGTGGTGCCATCTTTTGTAGCCAGCAACAGA	94443081	94370861	72220	94370971	72110	94403313	39768	94443251	72390	72280	39938
ENSMUST00000117648	CATACCTTCCTTTTCAAGGATTTGGCATCACCCAGCGACCAGCGTACATTAACATGGTACCTAGCCTGTCGCAGTTCACTAGCATTTACACACCTTTGGCCAACATTTCTTCTGAGTATCCAATGCAAAGATCCATGCCAGTGGTGCCATCTTTTGTAGCCAGCAACAGA	94443081	94456761	-13680	94456811	-13730	94457320	-14239	94443251	-13510	-13560	-14069
ENSMUST00000117648	CATACCTTCCTTTTCAAGGATTTGGCATCACCCAGCGACCAGCGTACATTAACATGGTACCTAGCCTGTCGCAGTTCACTAGCATTTACACACCTTTGGCCAACATTTCTTCTGAGTATCCAATGCAAAGATCCATGCCAGTGGTGCCATCTTTTGTAGCCAGCAACAGA	94443081	94370861	72220	94370971	72110	94383911	59170	94443251	72390	72280	59340
ENSMUST00000117648	CATACCTTCCTTTTCAAGGATTTGGCATCACCCAGCGACCAGCGTACATTAACATGGTACCTAGCCTGTCGCAGTTCACTAGCATTTACACACCTTTGGCCAACATTTCTTCTGAGTATCCAATGCAAAGATCCATGCCAGTGGTGCCATCTTTTGTAGCCAGCAACAGA	94443081	94370861	72220	94370971	72110	94392014	51067	94443251	72390	72280	51237
ENSMUST00000117648	CATACCTTCCTTTTCAAGGATTTGGCATCACCCAGCGACCAGCGTACATTAACATGGTACCTAGCCTGTCGCAGTTCACTAGCATTTACACACCTTTGGCCAACATTTCTTCTGAGTATCCAATGCAAAGATCCATGCCAGTGGTGCCATCTTTTGTAGCCAGCAACAGA	94443081	94370861	72220	94370971	72110	94403313	39768	94443251	72390	72280	39938
ENSMUST00000117648	CATACCTTCCTTTTCAAGGATTTGGCATCACCCAGCGACCAGCGTACATTAACATGGTACCTAGCCTGTCGCAGTTCACTAGCATTTACACACCTTTGGCCAACATTTCTTCTGAGTATCCAATGCAAAGATCCATGCCAGTGGTGCCATCTTTTGTAGCCAGCAACAGA	94443081	94456761	-13680	94456811	-13730	94457320	-14239	94443251	-13510	-13560	-14069
ENSMUST00000102919	CAGCGGGTGCAACCCTGTCATCTACTGGCTGGCCAACTACGTGTGGGACATGCTCAATTACCTGGTCCCAGCCACCTGCTGCGTGATCATCCTCTTTGTCTTTGACTTACCTGCCTACACATCACCCACCAACTTCCCCGCGGTGCTCTCCTTGTTCCTGCTCTATGGGTG	25444226	25442054	2172	25442111	2115	25442190	2036	25444560	2506	2449	2370
ENSMUST00000046257	AGTGAAGAGATCGAGAGTGCTTTCCGGGCCCTCAGCTCTGAGGGCAAGCCTTATGTGACCAAGGAGGAGCTCTACCAGAACCTGACCCGGGAACAAGCTGACTATTGTGTCTCCCACATGAAGCCCTATGTGGATGGCAAGGGCCGAGAACTTCCAACTGCCTTCGACTACGTCGAGTTCACCCGCTCACT	30030798	30006646	24152	30006670	24128	30007493	23305	30031138	24492	24468	23645
ENSMUST00000080493	AACCTGAAGGAGGCCATTGAAACCATTGTGGCCGCCATGAGCAACCTGGTGCCCCCTGTGGAGCTGGCCAACCCTGAGAACCAGTTCAGAGTGGACTACATTCTGAGCGTGATGAACGTGCCGAACTTTGACTTCCCACCTGAATTCTATGAGCATGCCAAGGCTCTGTGGGAGGATGAGGGAGTGCGTGCCTG	174341690	174328131	13559	174330434	11256	174334211	7479	174343258	15127	12824	9047
ENSMUST00000077182	AGGTGTCCGGCCTCTACTACAATGGGCTCAAGGTACTGGCGCTGGCCGCCGAGAGCGACCCCAATGTGCGGACCGAAGGCCACCTACGGCTAGTAGGGGAGGGGCCGTCCGTGCTGCTCAGTGCTGAGACCACTGCCACCACTCTGCTGGCCGACATGGCCACCACCATCATGGAGACCACCACCACCATGGCCACCACCACTACTCGCCGGGGCCGTTCCCCCACAATGAGGGACAGCACCACCCAGA	6517020	6463847	53173	6463868	53152	6472257	44763	6519270	55423	55402	47013
ENSMUST00000077182	AGGTGTCCGGCCTCTACTACAATGGGCTCAAGGTACTGGCGCTGGCCGCCGAGAGCGACCCCAATGTGCGGACCGAAGGCCACCTACGGCTAGTAGGGGAGGGGCCGTCCGTGCTGCTCAGTGCTGAGACCACTGCCACCACTCTGCTGGCCGACATGGCCACCACCATCATGGAGACCACCACCACCATGGCCACCACCACTACTCGCCGGGGCCGTTCCCCCACAATGAGGGACAGCACCACCCAGA	6517020	6463847	53173	6463868	53152	6472257	44763	6519270	55423	55402	47013
