transcript_ID	prot_seq	coord_start_genomic	coord_1stExonStart	start_genomic-1stExonStart	coord_1stExonEnd	start_genomic-1stExonEnd	coord_2ndExonStart	start_genomic-2ndExonStart	coord_2ndExonEnd	start_genomic-2ndExonEnd	coord_upstreamEE	start_genomic-upstreamEE	coord_downstreamES	start_genomic-downstreamES	coord_end_genomic	end_genomic-1stExonStart	end_genomic-1stExonEnd	end_genomic-2ndExonStart	end_genomic-2ndExonEnd	end_genomic-upstreamEE	end_genomic-downstreamES
ENSMUST00000110168	TGCTTTAAGGAACAGAATG	58069394	58052223	17171	58055082	14312	58069318	76	58069429	-35	58048785	20609	58076156	-6762	58069413	17190	14331	95	-16	20628	-6743
ENSMUST00000110168	TGCTTTAAGGAACAGAATG	58069394	58052223	17171	58055082	14312	58069318	76	58069429	-35	58048785	20609	58076156	-6762	58069413	17190	14331	95	-16	20628	-6743
ENSMUST00000088970	CTGCACCCGCATCTCCACC	74947647	74835648	111999	74835775	111872	74857976	89671	74858121	89526	74826703	120944	74947383	264	74947666	112018	111891	89690	89545	120963	283
ENSMUST00000055833	CTGATCAGACTCCAACGCC	73850866	73823200	27666	73823306	27560	73828471	22395	73828678	22188	73819148	31718	73829791	21075	73850885	27685	27579	22414	22207	31737	21094
ENSMUST00000055833	CTGATCAGACTCCAACGCC	73850866	73828471	22395	73828678	22188	73829791	21075	73829941	20925	73823306	27560	73842359	8507	73850885	22414	22207	21094	20944	27579	8526
ENSMUST00000055833	CTGATCAGACTCCAACGCC	73850866	73829791	21075	73829941	20925	73842359	8507	73842446	8420	73828678	22188	73850588	278	73850885	21094	20944	8526	8439	22207	297
ENSMUST00000055833	CTGATCAGACTCCAACGCC	73850866	73845438	5428	73845553	5313	73846196	4670	73846375	4491	73842446	8420	73850588	278	73850885	5447	5332	4689	4510	8439	297
ENSMUST00000055833	CTGATCAGACTCCAACGCC	73850866	73846196	4670	73846375	4491	73850588	278	73850717	149	73845553	5313	73850863	3	73850885	4689	4510	297	168	5332	22
ENSMUST00000055833	CTGATCAGACTCCAACGCC	73850866	73853794	-2928	73853891	-3025	73863168	-12302	73863238	-12372	73850982	-116	73870622	-19756	73850885	-2909	-3006	-12283	-12353	-97	-19737
ENSMUST00000055833	CTGATCAGACTCCAACGCC	73850866	73853794	-2928	73853891	-3025	73863168	-12302	73863238	-12372	73850982	-116	73873669	-22803	73850885	-2909	-3006	-12283	-12353	-97	-22784
ENSMUST00000055833	CTGATCAGACTCCAACGCC	73850866	73863168	-12302	73863238	-12372	73870622	-19756	73870685	-19819	73853891	-3025	73873669	-22803	73850885	-12283	-12353	-19737	-19800	-3006	-22784
ENSMUST00000052969	AGTTCAGAGGACAGCTTCA	91633868	91641720	-7852	91641923	-8055	91647231	-13363	91649070	-15202	91639805	-5937	91713926	-80058	91633887	-7833	-8036	-13344	-15183	-5918	-80039
ENSMUST00000171394	GCGCACAGGCGACTGGCGC	134937866	134899145	38721	134899217	38649	134917642	20224	134918804	19062	134884591	53275	134937711	155	134937885	38740	38668	20243	19081	53294	174
ENSMUST00000097739	TGTGTTGGATAGCTAGGTT	54477001	54521291	-44290	54521369	-44368	54524315	-47314	54524367	-47366	54514912	-37911	54525367	-48366	54477020	-44271	-44349	-47295	-47347	-37892	-48347
ENSMUST00000050166	AAGCTAATAAGACAATAGA	8078649	8086593	-7944	8086623	-7974	8087981	-9332	8088068	-9419	8082269	-3620	8090141	-11492	8078668	-7925	-7955	-9313	-9400	-3601	-11473
ENSMUST00000050166	AAGCTAATAAGACAATAGA	8078649	8086593	-7944	8086623	-7974	8087981	-9332	8088068	-9419	8082269	-3620	8092339	-13690	8078668	-7925	-7955	-9313	-9400	-3601	-13671
ENSMUST00000050166	AAGCTAATAAGACAATAGA	8078649	8086593	-7944	8086623	-7974	8090141	-11492	8090252	-11603	8082269	-3620	8092339	-13690	8078668	-7925	-7955	-11473	-11584	-3601	-13671
ENSMUST00000050166	AAGCTAATAAGACAATAGA	8078649	8087981	-9332	8088068	-9419	8090141	-11492	8090252	-11603	8082269	-3620	8092339	-13690	8078668	-9313	-9400	-11473	-11584	-3601	-13671
ENSMUST00000050166	AAGCTAATAAGACAATAGA	8078649	8087981	-9332	8088068	-9419	8091364	-12715	8091422	-12773	8082269	-3620	8092339	-13690	8078668	-9313	-9400	-12696	-12754	-3601	-13671
ENSMUST00000050166	AAGCTAATAAGACAATAGA	8078649	8087981	-9332	8088068	-9419	8090141	-11492	8090252	-11603	8086623	-7974	8092339	-13690	8078668	-9313	-9400	-11473	-11584	-7955	-13671
ENSMUST00000050166	AAGCTAATAAGACAATAGA	8078649	8090141	-11492	8090252	-11603	8091364	-12715	8091422	-12773	8082269	-3620	8092339	-13690	8078668	-11473	-11584	-12696	-12754	-3601	-13671
ENSMUST00000050166	AAGCTAATAAGACAATAGA	8078649	8094985	-16336	8095047	-16398	8095072	-16423	8095180	-16531	8092831	-14182	8107001	-28352	8078668	-16317	-16379	-16404	-16512	-14163	-28333
ENSMUST00000050166	AAGCTAATAAGACAATAGA	8078649	8094985	-16336	8095047	-16398	8095072	-16423	8095180	-16531	8092831	-14182	8111894	-33245	8078668	-16317	-16379	-16404	-16512	-14163	-33226
ENSMUST00000050166	AAGCTAATAAGACAATAGA	8078649	8094985	-16336	8095047	-16398	8107001	-28352	8107019	-28370	8092831	-14182	8111894	-33245	8078668	-16317	-16379	-28333	-28351	-14163	-33226
ENSMUST00000050166	AAGCTAATAAGACAATAGA	8078649	8094985	-16336	8095180	-16531	8107001	-28352	8107019	-28370	8092831	-14182	8111894	-33245	8078668	-16317	-16512	-28333	-28351	-14163	-33226
ENSMUST00000050166	AAGCTAATAAGACAATAGA	8078649	8095072	-16423	8095180	-16531	8107001	-28352	8107019	-28370	8092831	-14182	8111894	-33245	8078668	-16404	-16512	-28333	-28351	-14163	-33226
ENSMUST00000050166	AAGCTAATAAGACAATAGA	8078649	8167326	-88677	8167409	-88760	8232609	-153960	8232676	-154027	8160799	-82150	8329979	-251330	8078668	-88658	-88741	-153941	-154008	-82131	-251311
ENSMUST00000050166	AAGCTAATAAGACAATAGA	8078649	8232609	-153960	8232676	-154027	8329979	-251330	8330056	-251407	8167409	-88760	8367200	-288551	8078668	-153941	-154008	-251311	-251388	-88741	-288532
ENSMUST00000144099	CTGAGAGACCCAGCTGCAA	70219495	70337340	-117845	70337559	-118064	70349143	-129648	70349245	-129750	70317597	-98102	70352668	-133173	70219514	-117826	-118045	-129629	-129731	-98083	-133154
ENSMUST00000144099	CTGAGAGACCCAGCTGCAA	70219495	70337340	-117845	70337559	-118064	70352668	-133173	70352788	-133293	70317597	-98102	70353609	-134114	70219514	-117826	-118045	-133154	-133274	-98083	-134095
ENSMUST00000144099	CTGAGAGACCCAGCTGCAA	70219495	70337340	-117845	70337559	-118064	70349143	-129648	70349245	-129750	70317597	-98102	70354712	-135217	70219514	-117826	-118045	-129629	-129731	-98083	-135198
ENSMUST00000144099	CTGAGAGACCCAGCTGCAA	70219495	70349143	-129648	70349245	-129750	70353609	-134114	70353651	-134156	70337559	-118064	70354712	-135217	70219514	-129629	-129731	-134095	-134137	-118045	-135198
ENSMUST00000103176	GGCCGGACATGGTGAATGG	155657930	155655104	2826	155655170	2760	155655251	2679	155655270	2660	155654993	2937	155655521	2409	155657949	2845	2779	2698	2679	2956	2428
ENSMUST00000103176	GGCCGGACATGGTGAATGG	155657930	155655104	2826	155655170	2760	155655251	2679	155655439	2491	155654993	2937	155655521	2409	155657949	2845	2779	2698	2510	2956	2428
ENSMUST00000103176	GGCCGGACATGGTGAATGG	155657930	155667013	-9083	155667169	-9239	155668573	-10643	155668730	-10800	155661374	-3444	155668814	-10884	155657949	-9064	-9220	-10624	-10781	-3425	-10865
ENSMUST00000168645	AAGAGTTTTCCAAAACAGA	30905678	30942408	-36730	30942652	-36974	30948701	-43023	30948800	-43122	30937156	-31478	30950875	-45197	30905697	-36711	-36955	-43004	-43103	-31459	-45178
ENSMUST00000164199	ATCTGAATCTTATCTTCATT	128409696	128408315	1381	128408397	1299	128408534	1162	128408606	1090	128408220	1476	128408697	999	128409716	1401	1319	1182	1110	1496	1019
ENSMUST00000040506	ACAATGAGGTTCCGTTCATA	34498108	34462960	35148	34463009	35099	34473549	24559	34473685	24423	34462208	35900	34486978	11130	34498128	35168	35119	24579	24443	35920	11150
ENSMUST00000040506	ACAATGAGGTTCCGTTCATA	34498108	34465155	32953	34465220	32888	34473549	24559	34473685	24423	34463009	35099	34486978	11130	34498128	32973	32908	24579	24443	35119	11150
ENSMUST00000040506	ACAATGAGGTTCCGTTCATA	34498108	34497333	775	34497546	562	34497967	141	34498159	-51	34494776	3332	34499685	-1577	34498128	795	582	161	-31	3352	-1557
ENSMUST00000040506	ACAATGAGGTTCCGTTCATA	34498108	34462960	35148	34463009	35099	34473549	24559	34473685	24423	34462208	35900	34486978	11130	34498128	35168	35119	24579	24443	35920	11150
ENSMUST00000040506	ACAATGAGGTTCCGTTCATA	34498108	34465155	32953	34465220	32888	34473549	24559	34473685	24423	34463009	35099	34486978	11130	34498128	32973	32908	24579	24443	35119	11150
ENSMUST00000040506	ACAATGAGGTTCCGTTCATA	34498108	34497333	775	34497546	562	34497967	141	34498159	-51	34494776	3332	34499685	-1577	34498128	795	582	161	-31	3352	-1557
ENSMUST00000181535	AATACAGGTGCTATGCAACC	112215055	112224207	-9152	112224356	-9301	112228054	-12999	112228178	-13123	112221874	-6819	112228308	-13253	112215075	-9132	-9281	-12979	-13103	-6799	-13233
ENSMUST00000181535	AATACAGGTGCTATGCAACC	112215055	112224207	-9152	112224356	-9301	112228300	-13245	112228356	-13301	112221874	-6819	112228608	-13553	112215075	-9132	-9281	-13225	-13281	-6799	-13533
ENSMUST00000181535	AATACAGGTGCTATGCAACC	112215055	112224207	-9152	112224356	-9301	112228308	-13253	112228356	-13301	112221874	-6819	112228608	-13553	112215075	-9132	-9281	-13233	-13281	-6799	-13533
ENSMUST00000181535	AATACAGGTGCTATGCAACC	112215055	112224207	-9152	112224356	-9301	112228054	-12999	112228178	-13123	112221874	-6819	112228608	-13553	112215075	-9132	-9281	-12979	-13103	-6799	-13533
ENSMUST00000076623	ATCCTAACCCAGTCAAGCAT	62733049	62638961	94088	62639036	94013	62641327	91722	62641396	91653	62636069	96980	62642794	90255	62730529	91568	91493	89202	89133	94460	87735
ENSMUST00000054251	AGTACACTCGACTTTGCATT	8871606	8835296	36310	8835438	36168	8836782	34824	8837023	34583	8820545	51061	8842729	28877	8871626	36330	36188	34844	34603	51081	28897
ENSMUST00000054251	AGTACACTCGACTTTGCATT	8871606	8836782	34824	8837023	34583	8842729	28877	8842806	28800	8835438	36168	8847614	23992	8871626	34844	34603	28897	28820	36188	24012
ENSMUST00000054251	AGTACACTCGACTTTGCATT	8871606	8844786	26820	8844831	26775	8847614	23992	8847686	23920	8842806	28800	8849533	22073	8871626	26840	26795	24012	23940	28820	22093
ENSMUST00000034529	GGTTTGATCTATTTTCGGAT	53658666	53622781	35885	53622943	35723	53623634	35032	53623810	34856	53621976	36690	53624157	34509	53655278	32497	32335	31644	31468	33302	31121
ENSMUST00000034529	GGTTTGATCTATTTTCGGAT	53658666	53642517	16149	53642598	16068	53642680	15986	53642826	15840	53635065	23601	53646666	12000	53655278	12761	12680	12598	12452	20213	8612
ENSMUST00000034529	GGTTTGATCTATTTTCGGAT	53658666	53655271	3395	53655371	3295	53657957	709	53658185	481	53646843	11823	53658570	96	53655278	7	-93	-2679	-2907	8435	-3292
ENSMUST00000191234	AAGGTATGTGTGGCGGGCGC	32890207	31746501	1143706	31746562	1143645	31951118	939089	31951319	938888	31694413	1195794	32329764	560443	32890227	1143726	1143665	939109	938908	1195814	560463
ENSMUST00000191234	AAGGTATGTGTGGCGGGCGC	32890207	31951118	939089	31951319	938888	32329764	560443	32329845	560362	31746562	1143645	32402235	487972	32890227	939109	938908	560463	560382	1143665	487992
ENSMUST00000191234	AAGGTATGTGTGGCGGGCGC	32890207	32329764	560443	32329845	560362	32402235	487972	32402373	487834	31951319	938888	32889642	565	32890227	560463	560382	487992	487854	938908	585
ENSMUST00000071419	CTGTCGGCACTCATGGCCGG	73800144	73793067	7077	73793175	6969	73798879	1265	73798932	1212	73792785	7359	73800091	53	73800164	7097	6989	1285	1232	7379	73
ENSMUST00000045994	AAGTTGAATGACATGACAAC	126948115	126959541	-11426	126959585	-11470	126961911	-13796	126961971	-13856	126953449	-5334	126965381	-17266	126948135	-11406	-11450	-13776	-13836	-5314	-17246
ENSMUST00000045994	AAGTTGAATGACATGACAAC	126948115	126959541	-11426	126959585	-11470	126965381	-17266	126965622	-17507	126953449	-5334	126969982	-21867	126948135	-11406	-11450	-17246	-17487	-5314	-21847
ENSMUST00000144099	ACCATGGCATTAAAATCAAA	70352768	70337340	15428	70337559	15209	70349143	3625	70349245	3523	70317597	35171	70352668	100	70349144	11804	11585	1	-101	31547	-3524
ENSMUST00000144099	ACCATGGCATTAAAATCAAA	70352768	70337340	15428	70337559	15209	70352668	100	70352788	-20	70317597	35171	70353609	-841	70349144	11804	11585	-3524	-3644	31547	-4465
ENSMUST00000144099	ACCATGGCATTAAAATCAAA	70352768	70337340	15428	70337559	15209	70349143	3625	70349245	3523	70317597	35171	70354712	-1944	70349144	11804	11585	1	-101	31547	-5568
ENSMUST00000144099	ACCATGGCATTAAAATCAAA	70352768	70349143	3625	70349245	3523	70353609	-841	70353651	-883	70337559	15209	70354712	-1944	70349144	1	-101	-4465	-4507	11585	-5568
ENSMUST00000193703	TTAAACTTCTTTTAGTAGAG	181902592	181923559	-20967	181923840	-21248	181930677	-28085	181930762	-28170	181919629	-17037	181956393	-53801	181902612	-20947	-21228	-28065	-28150	-17017	-53781
ENSMUST00000193703	TTAAACTTCTTTTAGTAGAG	181902592	181931173	-28581	181931185	-28593	181935659	-33067	181935716	-33124	181930762	-28170	181956393	-53801	181902612	-28561	-28573	-33047	-33104	-28150	-53781
ENSMUST00000090339	CAAGGAAGCGGAAGTGGCAA	10575489	10587837	-12348	10587924	-12435	10591586	-16097	10591615	-16126	10583836	-8347	10592071	-16582	10575509	-12328	-12415	-16077	-16106	-8327	-16562
ENSMUST00000090339	CAAGGAAGCGGAAGTGGCAA	10575489	10589258	-13769	10589345	-13856	10591586	-16097	10591615	-16126	10587924	-12435	10592071	-16582	10575509	-13749	-13836	-16077	-16106	-12415	-16562
ENSMUST00000030376	CCTCGCTGCTCTGCTGAGGA	120704566	120715250	-10684	120715361	-10795	120715765	-11199	120715891	-11325	120715080	-10514	120716551	-11985	120702397	-12853	-12964	-13368	-13494	-12683	-14154
ENSMUST00000106550	CTGCGGCTGGATACAAGTCT	118855792	118848448	7344	118848574	7218	118850620	5172	118850689	5103	118846094	9698	118852402	3390	118855812	7364	7238	5192	5123	9718	3410
ENSMUST00000114086	CTTCATCCCAGGGAGGAAAA	64035008	64042313	-7305	64042437	-7429	64078706	-43698	64079334	-44326	64035764	-756	64120899	-85891	64035028	-7285	-7409	-43678	-44306	-736	-85871
ENSMUST00000076493	ATATCCAACTACGTGGCAGC	53960409	53959203	1206	53959375	1034	53960282	127	53960437	-28	53958100	2309	53969499	-9090	53960429	1226	1054	147	-8	2329	-9070
ENSMUST00000038014	GCGCGAACACCGCTTCCGCC	141782856	141784687	-1831	141784754	-1898	141788888	-6032	141789073	-6217	141783106	-250	141790589	-7733	141782876	-1811	-1878	-6012	-6197	-230	-7713
ENSMUST00000102823	GAGAGAGATTATGGTAAACA	83226050	83240067	-14017	83240194	-14144	83241645	-15595	83241737	-15687	83237350	-11300	83242138	-16088	83226070	-13997	-14124	-15575	-15667	-11280	-16068
ENSMUST00000102823	GAGAGAGATTATGGTAAACA	83226050	83252985	-26935	83253050	-27000	83256044	-29994	83256112	-30062	83247718	-21668	83260881	-34831	83226070	-26915	-26980	-29974	-30042	-21648	-34811
ENSMUST00000027797	CTCAGATACATATTCATATC	181091222	181114082	-22860	181114301	-23079	181117435	-26213	181117685	-26463	181112392	-21170	181120354	-29132	181091242	-22840	-23059	-26193	-26443	-21150	-29112
ENSMUST00000030110	GAAAGTATTAGAAGCTGTTT	82803161	82820329	-17168	82820446	-17285	82835445	-32284	82835584	-32423	82807056	-3895	82838275	-35114	82803181	-17148	-17265	-32264	-32403	-3875	-35094
ENSMUST00000205276	GACTGAGACTTTGAAAACAA	98588225	98600671	-12446	98600827	-12602	98602582	-14357	98602747	-14522	98597184	-8959	98610666	-22441	98588245	-12426	-12582	-14337	-14502	-8939	-22421
ENSMUST00000205276	GACTGAGACTTTGAAAACAA	98588225	98641492	-53267	98641668	-53443	98646448	-58223	98646523	-58298	98637520	-49295	98647804	-59579	98588245	-53247	-53423	-58203	-58278	-49275	-59559
ENSMUST00000111945	CCTTCAGGGTTATGTGCTTA	33378492	33390241	-11749	33390313	-11821	33390672	-12180	33390744	-12252	33388982	-10490	33392941	-14449	33378512	-11729	-11801	-12160	-12232	-10470	-14429
ENSMUST00000111945	CCTTCAGGGTTATGTGCTTA	33378492	33392941	-14449	33393107	-14615	33402864	-24372	33402923	-24431	33390313	-11821	33408047	-29555	33378512	-14429	-14595	-24352	-24411	-11801	-29535
ENSMUST00000089473	GCATTGGTTGCATAGAGACC	57833440	57865520	-32080	57865641	-32201	57878432	-44992	57878459	-45019	57858609	-25169	57890062	-56622	57833460	-32060	-32181	-44972	-44999	-25149	-56602
ENSMUST00000090464	CTAGCCCCGCGGACACCTCC	116423505	116348453	75052	116348516	74989	116366626	56879	116366706	56799	116332882	90623	116392821	30684	116423525	75072	75009	56899	56819	90643	30704
ENSMUST00000090938	GCTAAGCATGGGGAGCAGCA	88933568	88928446	5122	88928527	5041	88929395	4173	88929526	4042	88927070	6498	88930475	3093	88933588	5142	5061	4193	4062	6518	3113
ENSMUST00000090938	GCTAAGCATGGGGAGCAGCA	88933568	88929395	4173	88929526	4042	88930475	3093	88930568	3000	88928527	5041	88930911	2657	88933588	4193	4062	3113	3020	5061	2677
ENSMUST00000090938	GCTAAGCATGGGGAGCAGCA	88933568	88933564	4	88933666	-98	88936148	-2580	88936253	-2685	88931020	2548	88942774	-9206	88933588	24	-78	-2560	-2665	2568	-9186
ENSMUST00000090938	GCTAAGCATGGGGAGCAGCA	88933568	88933564	4	88933666	-98	88942774	-9206	88942828	-9260	88931020	2548	88949867	-16299	88933588	24	-78	-9186	-9240	2568	-16279
ENSMUST00000199808	CTTTAGAGGCCTTGGAAGAG	124398466	124379284	19182	124379422	19044	124381508	16958	124381601	16865	124378546	19920	124381682	16784	124398486	19202	19064	16978	16885	19940	16804
ENSMUST00000112007	TTCTGCAGAGTCCCTATTGT	73817157	73823200	-6043	73823306	-6149	73828471	-11314	73828678	-11521	73819148	-1991	73829791	-12634	73817177	-6023	-6129	-11294	-11501	-1971	-12614
ENSMUST00000112007	TTCTGCAGAGTCCCTATTGT	73817157	73828471	-11314	73828678	-11521	73829791	-12634	73829941	-12784	73823306	-6149	73842359	-25202	73817177	-11294	-11501	-12614	-12764	-6129	-25182
ENSMUST00000112007	TTCTGCAGAGTCCCTATTGT	73817157	73829791	-12634	73829941	-12784	73842359	-25202	73842446	-25289	73828678	-11521	73850588	-33431	73817177	-12614	-12764	-25182	-25269	-11501	-33411
ENSMUST00000112007	TTCTGCAGAGTCCCTATTGT	73817157	73845438	-28281	73845553	-28396	73846196	-29039	73846375	-29218	73842446	-25289	73850588	-33431	73817177	-28261	-28376	-29019	-29198	-25269	-33411
ENSMUST00000112007	TTCTGCAGAGTCCCTATTGT	73817157	73846196	-29039	73846375	-29218	73850588	-33431	73850717	-33560	73845553	-28396	73850863	-33706	73817177	-29019	-29198	-33411	-33540	-28376	-33686
ENSMUST00000112007	TTCTGCAGAGTCCCTATTGT	73817157	73853794	-36637	73853891	-36734	73863168	-46011	73863238	-46081	73850982	-33825	73870622	-53465	73817177	-36617	-36714	-45991	-46061	-33805	-53445
ENSMUST00000112007	TTCTGCAGAGTCCCTATTGT	73817157	73853794	-36637	73853891	-36734	73863168	-46011	73863238	-46081	73850982	-33825	73873669	-56512	73817177	-36617	-36714	-45991	-46061	-33805	-56492
ENSMUST00000112007	TTCTGCAGAGTCCCTATTGT	73817157	73863168	-46011	73863238	-46081	73870622	-53465	73870685	-53528	73853891	-36734	73873669	-56512	73817177	-45991	-46061	-53445	-53508	-36714	-56492
ENSMUST00000036877	GCTCTTCCTTCATTCAGCTC	39462627	39483012	-20385	39483153	-20526	39485558	-22931	39485636	-23009	39480349	-17722	39487819	-25192	39462647	-20365	-20506	-22911	-22989	-17702	-25172
ENSMUST00000073192	CTTAGTTCTGGACAGCTTTA	30931605	30934981	-3376	30935059	-3454	30939496	-7891	30939621	-8016	30934747	-3142	30943038	-11433	30931625	-3356	-3434	-7871	-7996	-3122	-11413
ENSMUST00000073192	CTTAGTTCTGGACAGCTTTA	30931605	30934981	-3376	30935059	-3454	30939496	-7891	30939621	-8016	30934747	-3142	30943038	-11433	30931625	-3356	-3434	-7871	-7996	-3122	-11413
ENSMUST00000107152	ACCCAACTTAAAAGTACGTT	102205499	102197058	8441	102197177	8322	102197338	8161	102197436	8063	102196672	8827	102197665	7834	102205519	8461	8342	8181	8083	8847	7854
ENSMUST00000107152	ACCCAACTTAAAAGTACGTT	102205499	102197338	8161	102197436	8063	102197665	7834	102197785	7714	102197177	8322	102198796	6703	102205519	8181	8083	7854	7734	8342	6723
ENSMUST00000107152	ACCCAACTTAAAAGTACGTT	102205499	102218415	-12916	102218487	-12988	102224733	-19234	102224955	-19456	102207166	-1667	102230004	-24505	102205519	-12896	-12968	-19214	-19436	-1647	-24485
ENSMUST00000058472	AGCATGACATCCAGATTGAG	114065589	114054476	11113	114054601	10988	114060057	5532	114060129	5460	114045631	19958	114063024	2565	114065609	11133	11008	5552	5480	19978	2585
ENSMUST00000058472	AGCATGACATCCAGATTGAG	114065589	114064867	722	114064953	636	114065525	64	114065686	-97	114063123	2466	114091151	-25562	114065609	742	656	84	-77	2486	-25542
ENSMUST00000063577	CGACAGAGGAAAGGGCGAGA	101405909	101417286	-11377	101417330	-11421	101418272	-12363	101418952	-13043	101416981	-11072	101420145	-14236	101405929	-11357	-11401	-12343	-13023	-11052	-14216
ENSMUST00000063577	CGACAGAGGAAAGGGCGAGA	101405909	101417286	-11377	101417330	-11421	101418272	-12363	101418952	-13043	101416981	-11072	101420158	-14249	101405929	-11357	-11401	-12343	-13023	-11052	-14229
ENSMUST00000063577	CGACAGAGGAAAGGGCGAGA	101405909	101417286	-11377	101417330	-11421	101418272	-12363	101418952	-13043	101416981	-11072	101420539	-14630	101405929	-11357	-11401	-12343	-13023	-11052	-14610
ENSMUST00000109266	TATATCAGAAAAAAGAAATT	165785417	165815316	-29899	165815469	-30052	165820541	-35124	165820688	-35271	165812858	-27441	165828207	-42790	165785437	-29879	-30032	-35104	-35251	-27421	-42770
ENSMUST00000109266	TATATCAGAAAAAAGAAATT	165785417	165842763	-57346	165842877	-57460	165846020	-60603	165846164	-60747	165840090	-54673	165851999	-66582	165785437	-57326	-57440	-60583	-60727	-54653	-66562
ENSMUST00000109266	TATATCAGAAAAAAGAAATT	165785417	165842763	-57346	165842877	-57460	165846020	-60603	165846239	-60822	165840090	-54673	165851999	-66582	165785437	-57326	-57440	-60583	-60802	-54653	-66562
ENSMUST00000109266	TATATCAGAAAAAAGAAATT	165785417	165846020	-60603	165846164	-60747	165851999	-66582	165852148	-66731	165842877	-57460	165875704	-90287	165785437	-60583	-60727	-66562	-66711	-57440	-90267
ENSMUST00000212971	GGTGGAGCAGTGTTGGGCCT	110887106	110892056	-4950	110892169	-5063	110893288	-6182	110893460	-6354	110890569	-3463	110893638	-6532	110887126	-4930	-5043	-6162	-6334	-3443	-6512
ENSMUST00000115388	AGGATGTGGTGTGGTTTCTTC	8075663	8086593	-10930	8086623	-10960	8087981	-12318	8088068	-12405	8082269	-6606	8090141	-14478	8075684	-10909	-10939	-12297	-12384	-6585	-14457
ENSMUST00000115388	AGGATGTGGTGTGGTTTCTTC	8075663	8086593	-10930	8086623	-10960	8087981	-12318	8088068	-12405	8082269	-6606	8092339	-16676	8075684	-10909	-10939	-12297	-12384	-6585	-16655
ENSMUST00000115388	AGGATGTGGTGTGGTTTCTTC	8075663	8086593	-10930	8086623	-10960	8090141	-14478	8090252	-14589	8082269	-6606	8092339	-16676	8075684	-10909	-10939	-14457	-14568	-6585	-16655
ENSMUST00000115388	AGGATGTGGTGTGGTTTCTTC	8075663	8087981	-12318	8088068	-12405	8090141	-14478	8090252	-14589	8082269	-6606	8092339	-16676	8075684	-12297	-12384	-14457	-14568	-6585	-16655
ENSMUST00000115388	AGGATGTGGTGTGGTTTCTTC	8075663	8087981	-12318	8088068	-12405	8091364	-15701	8091422	-15759	8082269	-6606	8092339	-16676	8075684	-12297	-12384	-15680	-15738	-6585	-16655
ENSMUST00000115388	AGGATGTGGTGTGGTTTCTTC	8075663	8087981	-12318	8088068	-12405	8090141	-14478	8090252	-14589	8086623	-10960	8092339	-16676	8075684	-12297	-12384	-14457	-14568	-10939	-16655
ENSMUST00000115388	AGGATGTGGTGTGGTTTCTTC	8075663	8090141	-14478	8090252	-14589	8091364	-15701	8091422	-15759	8082269	-6606	8092339	-16676	8075684	-14457	-14568	-15680	-15738	-6585	-16655
ENSMUST00000115388	AGGATGTGGTGTGGTTTCTTC	8075663	8094985	-19322	8095047	-19384	8095072	-19409	8095180	-19517	8092831	-17168	8107001	-31338	8075684	-19301	-19363	-19388	-19496	-17147	-31317
ENSMUST00000115388	AGGATGTGGTGTGGTTTCTTC	8075663	8094985	-19322	8095047	-19384	8095072	-19409	8095180	-19517	8092831	-17168	8111894	-36231	8075684	-19301	-19363	-19388	-19496	-17147	-36210
ENSMUST00000115388	AGGATGTGGTGTGGTTTCTTC	8075663	8094985	-19322	8095047	-19384	8107001	-31338	8107019	-31356	8092831	-17168	8111894	-36231	8075684	-19301	-19363	-31317	-31335	-17147	-36210
ENSMUST00000115388	AGGATGTGGTGTGGTTTCTTC	8075663	8094985	-19322	8095180	-19517	8107001	-31338	8107019	-31356	8092831	-17168	8111894	-36231	8075684	-19301	-19496	-31317	-31335	-17147	-36210
ENSMUST00000115388	AGGATGTGGTGTGGTTTCTTC	8075663	8095072	-19409	8095180	-19517	8107001	-31338	8107019	-31356	8092831	-17168	8111894	-36231	8075684	-19388	-19496	-31317	-31335	-17147	-36210
ENSMUST00000115388	AGGATGTGGTGTGGTTTCTTC	8075663	8167326	-91663	8167409	-91746	8232609	-156946	8232676	-157013	8160799	-85136	8329979	-254316	8075684	-91642	-91725	-156925	-156992	-85115	-254295
ENSMUST00000115388	AGGATGTGGTGTGGTTTCTTC	8075663	8232609	-156946	8232676	-157013	8329979	-254316	8330056	-254393	8167409	-91746	8367200	-291537	8075684	-156925	-156992	-254295	-254372	-91725	-291516
ENSMUST00000020979	TCATCTGCTAATAGAATGTAT	31596038	31600643	-4605	31600744	-4706	31617074	-21036	31617180	-21142	31596377	-339	31624114	-28076	31596059	-4584	-4685	-21015	-21121	-318	-28055
ENSMUST00000020979	TCATCTGCTAATAGAATGTAT	31596038	31617074	-21036	31617180	-21142	31624114	-28076	31624250	-28212	31600744	-4706	31626725	-30687	31596059	-21015	-21121	-28055	-28191	-4685	-30666
ENSMUST00000020979	TCATCTGCTAATAGAATGTAT	31596038	31617074	-21036	31617180	-21142	31630792	-34754	31630893	-34855	31600744	-4706	31634262	-38224	31596059	-21015	-21121	-34733	-34834	-4685	-38203
ENSMUST00000087541	TTATACCCTCTCCTACCACCA	134263854	134266260	-2406	134266315	-2461	134267330	-3476	134267561	-3707	134263861	-7	134276845	-12991	134262799	-3461	-3516	-4531	-4762	-1062	-14046
ENSMUST00000070673	CCTGTAAGAGAGACAAAAGTT	65652386	65697990	-45604	65698062	-45676	65717481	-65095	65717563	-65177	65696377	-43991	65722007	-69621	65652407	-45583	-45655	-65074	-65156	-43970	-69600
ENSMUST00000004646	CTGTGTGCACAGCCTCTGCCC	113843549	113852170	-8621	113852300	-8751	113865638	-22089	113865761	-22212	113848631	-5082	113881957	-38408	113843570	-8600	-8730	-22068	-22191	-5061	-38387
ENSMUST00000004646	CTGTGTGCACAGCCTCTGCCC	113843549	113865638	-22089	113865761	-22212	113881957	-38408	113882157	-38608	113852300	-8751	113908610	-65061	113843570	-22068	-22191	-38387	-38587	-8730	-65040
ENSMUST00000028665	AAAGGGTTCCCAAGCATCACA	122186186	122125081	61105	122125179	61007	122125269	60917	122125390	60796	122124900	61286	122125718	60468	122179113	54032	53934	53844	53723	54213	53395
ENSMUST00000028665	AAAGGGTTCCCAAGCATCACA	122186186	122125269	60917	122125390	60796	122125718	60468	122125872	60314	122125179	61007	122126100	60086	122179113	53844	53723	53395	53241	53934	53013
ENSMUST00000064104	CAGAGGAGGCTCTTTACAGAT	54718022	54720242	-2220	54720357	-2335	54723573	-5551	54723675	-5653	54719724	-1702	54740237	-22215	54718043	-2199	-2314	-5530	-5632	-1681	-22194
ENSMUST00000064104	CAGAGGAGGCTCTTTACAGAT	54718022	54723573	-5551	54723675	-5653	54740237	-22215	54740550	-22528	54720357	-2335	54756405	-38383	54718043	-5530	-5632	-22194	-22507	-2314	-38362
ENSMUST00000064104	CAGAGGAGGCTCTTTACAGAT	54718022	54740237	-22215	54740550	-22528	54756405	-38383	54756559	-38537	54723675	-5653	54787559	-69537	54718043	-22194	-22507	-38362	-38516	-5632	-69516
ENSMUST00000239411	GCCATGGACAACGGGAGAGAT	114399497	114592051	-192554	114592206	-192709	114696010	-296513	114696137	-296640	114588540	-189043	114787941	-388444	114399518	-192533	-192688	-296492	-296619	-189022	-388423
ENSMUST00000239411	GCCATGGACAACGGGAGAGAT	114399497	114592051	-192554	114592206	-192709	114696010	-296513	114696137	-296640	114588540	-189043	114787941	-388444	114399518	-192533	-192688	-296492	-296619	-189022	-388423
ENSMUST00000021614	CCGCATTAAACAGTCAGCCAG	6588513	6593100	-4587	6593253	-4740	6597858	-9345	6598011	-9498	6588653	-140	6598738	-10225	6588534	-4566	-4719	-9324	-9477	-119	-10204
ENSMUST00000090827	CCTGTTCATCCAAGAGCCAGC	98397915	98391079	6836	98391141	6774	98391694	6221	98391757	6158	98390813	7102	98397895	20	98397936	6857	6795	6242	6179	7123	41
ENSMUST00000090827	CCTGTTCATCCAAGAGCCAGC	98397915	98391694	6221	98391757	6158	98397895	20	98398048	-133	98391141	6774	98398884	-969	98397936	6242	6179	41	-112	6795	-948
ENSMUST00000032179	AGGCCATTGAAGCCTTGCACC	91020201	91031621	-11420	91031713	-11512	91034723	-14522	91034882	-14681	91030258	-10057	91036352	-16151	91020222	-11399	-11491	-14501	-14660	-10036	-16130
ENSMUST00000041638	GTTTAAAGGCCTTGGGCTACA	54417672	54404979	12693	54405170	12502	54405836	11836	54406074	11598	54403635	14037	54415883	1789	54417693	12714	12523	11857	11619	14058	1810
ENSMUST00000181535	AGCTGAGGGTGACACCAGATT	112218603	112224207	-5604	112224356	-5753	112228054	-9451	112228178	-9575	112221874	-3271	112228308	-9705	112218624	-5583	-5732	-9430	-9554	-3250	-9684
ENSMUST00000181535	AGCTGAGGGTGACACCAGATT	112218603	112224207	-5604	112224356	-5753	112228300	-9697	112228356	-9753	112221874	-3271	112228608	-10005	112218624	-5583	-5732	-9676	-9732	-3250	-9984
ENSMUST00000181535	AGCTGAGGGTGACACCAGATT	112218603	112224207	-5604	112224356	-5753	112228308	-9705	112228356	-9753	112221874	-3271	112228608	-10005	112218624	-5583	-5732	-9684	-9732	-3250	-9984
ENSMUST00000181535	AGCTGAGGGTGACACCAGATT	112218603	112224207	-5604	112224356	-5753	112228054	-9451	112228178	-9575	112221874	-3271	112228608	-10005	112218624	-5583	-5732	-9430	-9554	-3250	-9984
ENSMUST00000009143	GGTGGTCCGGGCCTGTGGCTG	172868140	172893447	-25307	172893596	-25456	172916466	-48326	172916659	-48519	172879523	-11383	172939654	-71514	172868161	-25286	-25435	-48305	-48498	-11362	-71493
ENSMUST00000021416	CCTTGAATTGGAGGGCATCTC	56335859	56337763	-1904	56337829	-1970	56340200	-4341	56340297	-4438	56337455	-1596	56340384	-4525	56335880	-1883	-1949	-4320	-4417	-1575	-4504
ENSMUST00000019614	CCCAGAATCCGGACAAGGTAC	3616027	3613158	2869	3613290	2737	3613367	2660	3613499	2528	3613076	2951	3613589	2438	3616048	2890	2758	2681	2549	2972	2459
ENSMUST00000058902	GGCCGGGTGACCCCGGGGAGA	30024565	29850817	173748	29850955	173610	29854050	170515	29854252	170313	29849071	175494	29880646	143919	30024586	173769	173631	170536	170334	175515	143940
ENSMUST00000058902	GGCCGGGTGACCCCGGGGAGA	30024565	29854050	170515	29854252	170313	29880646	143919	29880782	143783	29850955	173610	29881957	142608	30024586	170536	170334	143940	143804	173631	142629
ENSMUST00000036489	CGACTTTGAGTTGGCTCTCCT	20895024	20902287	-7263	20902455	-7431	20905779	-10755	20905922	-10898	20896901	-1877	20908106	-13082	20895045	-7242	-7410	-10734	-10877	-1856	-13061
ENSMUST00000159910	TTTGGAAACCCAATCACTTAT	89690695	89688284	2411	89693501	-2806	89702917	-12222	89705797	-15102	89685192	5503	89712204	-21509	89690716	2432	-2785	-12201	-15081	5524	-21488
ENSMUST00000066498	TTTCAGTTCTGAACATATTAA	38199078	38235840	-36762	38235903	-36825	38245715	-46637	38245858	-46780	38233192	-34114	38252243	-53165	38199099	-36741	-36804	-46616	-46759	-34093	-53144
ENSMUST00000068156	AAATCATTTGTTATTAATATT	16666327	16678244	-11917	16678403	-12076	16680009	-13682	16680111	-13784	16678109	-11782	16681869	-15542	16666348	-11896	-12055	-13661	-13763	-11761	-15521
ENSMUST00000068156	AAATCATTTGTTATTAATATT	16666327	16678244	-11917	16678403	-12076	16680009	-13682	16680111	-13784	16678109	-11782	16681869	-15542	16666348	-11896	-12055	-13661	-13763	-11761	-15521
ENSMUST00000003501	GGGAGGTAGCTCAGTTGGTAG	22016497	22024673	-8176	22024712	-8215	22026172	-9675	22026398	-9901	22018854	-2357	22026507	-10010	22016518	-8155	-8194	-9654	-9880	-2336	-9989
ENSMUST00000085758	GGCTTCGGTGTCAGTCAACTT	142506644	142508069	-1425	142508317	-1673	142543404	-36760	142544003	-37359	142507088	-444	142550979	-44335	142506665	-1404	-1652	-36739	-37338	-423	-44314
ENSMUST00000120129	AGTGTCCAGCTGCATGGCTGA	32830999	32831804	-805	32831858	-859	32835615	-4616	32835688	-4689	32831551	-552	32844043	-13044	32831020	-784	-838	-4595	-4668	-531	-13023
ENSMUST00000120129	AGTGTCCAGCTGCATGGCTGA	32830999	32835615	-4616	32835688	-4689	32844043	-13044	32844564	-13565	32831858	-859	32851881	-20882	32831020	-4595	-4668	-13023	-13544	-838	-20861
ENSMUST00000120129	AGTGTCCAGCTGCATGGCTGA	32830999	32844043	-13044	32844564	-13565	32851881	-20882	32851998	-20999	32835688	-4689	32854092	-23093	32831020	-13023	-13544	-20861	-20978	-4668	-23072
ENSMUST00000109627	GTCGTGTCCTGTAAGCGCACCC	79827579	79833701	-6122	79833767	-6188	79833914	-6335	79833958	-6379	79828978	-1399	79834142	-6563	79827601	-6100	-6166	-6313	-6357	-1377	-6541
ENSMUST00000109627	GTCGTGTCCTGTAAGCGCACCC	79827579	79833701	-6122	79833767	-6188	79833914	-6335	79833958	-6379	79828978	-1399	79834142	-6563	79827601	-6100	-6166	-6313	-6357	-1377	-6541
ENSMUST00000106491	GCCTTGCCACTCCAGTGAAGAC	116272597	116348453	-75856	116348516	-75919	116366626	-94029	116366706	-94109	116332882	-60285	116392821	-120224	116272619	-75834	-75897	-94007	-94087	-60263	-120202
ENSMUST00000106364	GAGGACTGGAGTCCCAGCACGA	126704164	126702005	2159	126702128	2036	126702975	1189	126703195	969	126701919	2245	126704651	-487	126704186	2181	2058	1211	991	2267	-465
ENSMUST00000106364	GAGGACTGGAGTCCCAGCACGA	126704164	126702005	2159	126702128	2036	126702975	1189	126703174	990	126701919	2245	126704651	-487	126704186	2181	2058	1211	1012	2267	-465
ENSMUST00000090849	TTTTAACTTAACAGTTTGATCT	70979574	70976073	3501	70976137	3437	70981854	-2280	70982195	-2621	70973392	6182	70993483	-13909	70979596	3523	3459	-2258	-2599	6204	-13887
ENSMUST00000090849	TTTTAACTTAACAGTTTGATCT	70979574	70981854	-2280	70982195	-2621	70993483	-13909	70993575	-14001	70976137	3437	71018219	-38645	70979596	-2258	-2599	-13887	-13979	3459	-38623
ENSMUST00000090849	TTTTAACTTAACAGTTTGATCT	70979574	70993483	-13909	70993575	-14001	71018219	-38645	71018374	-38800	70982195	-2621	71055370	-75796	70979596	-13887	-13979	-38623	-38778	-2599	-75774
ENSMUST00000021659	AACGTAGAGAAGTTGCTCACGT	84345509	84348276	-2767	84348376	-2867	84348605	-3096	84348770	-3261	84346935	-1426	84353799	-8290	84345531	-2745	-2845	-3074	-3239	-1404	-8268
ENSMUST00000026494	CTGCACCAGTCGCTGACCCCGC	77484320	77475473	8847	77475584	8736	77484148	172	77484464	-144	77468370	15950	77565041	-80721	77484342	8869	8758	194	-122	15972	-80699
ENSMUST00000026494	CTGCACCAGTCGCTGACCCCGC	77484320	77475473	8847	77475584	8736	77484148	172	77484464	-144	77468370	15950	77565041	-80721	77484342	8869	8758	194	-122	15972	-80699
ENSMUST00000016026	CATGTGGGTTTATGAAGTATGC	45732734	45776419	-43685	45776499	-43765	45795292	-62558	45795358	-62624	45775521	-42787	45857346	-124612	45732756	-43663	-43743	-62536	-62602	-42765	-124590
ENSMUST00000016026	CATGTGGGTTTATGAAGTATGC	45732734	45776419	-43685	45776499	-43765	45795292	-62558	45795358	-62624	45775521	-42787	45857350	-124616	45732756	-43663	-43743	-62536	-62602	-42765	-124594
ENSMUST00000086614	CTATAAGAAAATAGTGGGTAAC	128102365	127956536	145829	127956668	145697	127959709	142656	127960100	142265	127955065	147300	127960758	141607	128102387	145851	145719	142678	142287	147322	141629
ENSMUST00000086614	CTATAAGAAAATAGTGGGTAAC	128102365	128016042	86323	128016159	86206	128032848	69517	128032934	69431	127999460	102905	128036397	65968	128102387	86345	86228	69539	69453	102927	65990
ENSMUST00000086614	CTATAAGAAAATAGTGGGTAAC	128102365	128017557	84808	128017729	84636	128032848	69517	128032934	69431	128016159	86206	128036397	65968	128102387	84830	84658	69539	69453	86228	65990
ENSMUST00000086614	CTATAAGAAAATAGTGGGTAAC	128102365	128040817	61548	128040996	61369	128057981	44384	128058000	44365	128036629	65736	128091842	10523	128102387	61570	61391	44406	44387	65758	10545
ENSMUST00000086614	CTATAAGAAAATAGTGGGTAAC	128102365	128057981	44384	128058000	44365	128091842	10523	128092010	10355	128040996	61369	128102252	113	128102387	44406	44387	10545	10377	61391	135
ENSMUST00000114510	AATTACATGGTGGGTTTTAGAA	52185740	52196164	-10424	52196215	-10475	52196742	-11002	52196809	-11069	52191287	-5547	52199710	-13970	52185762	-10402	-10453	-10980	-11047	-5525	-13948
ENSMUST00000114510	AATTACATGGTGGGTTTTAGAA	52185740	52200617	-14877	52200651	-14911	52204345	-18605	52204516	-18776	52199887	-14147	52207300	-21560	52185762	-14855	-14889	-18583	-18754	-14125	-21538
ENSMUST00000219125	GCAAAAGGACTGTATGTTGATG	31950851	31746501	204350	31746562	204289	31951118	-267	31951319	-468	31694413	256438	32329764	-378913	31950873	204372	204311	-245	-446	256460	-378891
ENSMUST00000219125	GCAAAAGGACTGTATGTTGATG	31950851	31951118	-267	31951319	-468	32329764	-378913	32329845	-378994	31746562	204289	32402235	-451384	31950873	-245	-446	-378891	-378972	204311	-451362
ENSMUST00000219125	GCAAAAGGACTGTATGTTGATG	31950851	32329764	-378913	32329845	-378994	32402235	-451384	32402373	-451522	31951319	-468	32889642	-938791	31950873	-378891	-378972	-451362	-451500	-446	-938769
ENSMUST00000085948	TTGAACAGTCTGGGCATCAGTG	25766803	25773098	-6295	25773125	-6322	25773342	-6539	25773493	-6690	25770765	-3962	25774514	-7711	25766825	-6273	-6300	-6517	-6668	-3940	-7689
ENSMUST00000168621	CTGGGGAACTTGACTCTGCAGT	90435163	90464463	-29300	90464727	-29564	90468249	-33086	90468462	-33299	90463338	-28175	90469533	-34370	90435185	-29278	-29542	-33064	-33277	-28153	-34348
ENSMUST00000041382	CCCCACCAGGTGTGTGGGTCTG	110895288	110892056	3232	110892169	3119	110893288	2000	110893460	1828	110890569	4719	110893638	1650	110895310	3254	3141	2022	1850	4741	1672
ENSMUST00000027760	CGATTCAGGACTGGGGTGAAGA	152623823	152571597	52226	152571675	52148	152586406	37417	152586615	37208	152557587	66236	152623817	6	152623845	52248	52170	37439	37230	66258	28
ENSMUST00000027760	CGATTCAGGACTGGGGTGAAGA	152623823	152571597	52226	152571675	52148	152586406	37417	152586615	37208	152557587	66236	152674859	-51036	152623845	52248	52170	37439	37230	66258	-51014
ENSMUST00000027760	CGATTCAGGACTGGGGTGAAGA	152623823	152586406	37417	152586615	37208	152623817	6	152623928	-105	152571675	52148	152674859	-51036	152623845	37439	37230	28	-83	52170	-51014
ENSMUST00000027760	CGATTCAGGACTGGGGTGAAGA	152623823	152586406	37417	152586615	37208	152674859	-51036	152675023	-51200	152571675	52148	152765906	-142083	152623845	37439	37230	-51014	-51178	52170	-142061
ENSMUST00000081506	AGGCTGGGCTGCTTTGACTTGT	83435856	83437552	-1696	83437636	-1780	83437984	-2128	83438056	-2200	83436040	-184	83442421	-6565	83435878	-1674	-1758	-2106	-2178	-162	-6543
ENSMUST00000131298	CGAGACTGCAAAGGCTTCTGAG	33133481	33145397	-11916	33145503	-12022	33146569	-13088	33146653	-13172	33143392	-9911	33155287	-21806	33133503	-11894	-12000	-13066	-13150	-9889	-21784
ENSMUST00000131298	CGAGACTGCAAAGGCTTCTGAG	33133481	33146569	-13088	33146653	-13172	33155287	-21806	33155339	-21858	33145503	-12022	33157771	-24290	33133503	-13066	-13150	-21784	-21836	-12000	-24268
ENSMUST00000131298	CGAGACTGCAAAGGCTTCTGAG	33133481	33155287	-21806	33155339	-21858	33158909	-25428	33159036	-25555	33146653	-13172	33168180	-34699	33133503	-21784	-21836	-25406	-25533	-13150	-34677
ENSMUST00000131298	CGAGACTGCAAAGGCTTCTGAG	33133481	33158909	-25428	33159036	-25555	33168180	-34699	33168248	-34767	33146653	-13172	33172417	-38936	33133503	-25406	-25533	-34677	-34745	-13150	-38914
ENSMUST00000131298	CGAGACTGCAAAGGCTTCTGAG	33133481	33260477	-126996	33260604	-127123	33284824	-151343	33284908	-151427	33174548	-41067	33336512	-203031	33133503	-126974	-127101	-151321	-151405	-41045	-203009
ENSMUST00000131298	CGAGACTGCAAAGGCTTCTGAG	33133481	33260477	-126996	33260604	-127123	33336512	-203031	33336620	-203139	33174548	-41067	33340712	-207231	33133503	-126974	-127101	-203009	-203117	-41045	-207209
ENSMUST00000131298	CGAGACTGCAAAGGCTTCTGAG	33133481	33284824	-151343	33284908	-151427	33336512	-203031	33336620	-203139	33276235	-142754	33340712	-207231	33133503	-151321	-151405	-203009	-203117	-142732	-207209
ENSMUST00000131298	CGAGACTGCAAAGGCTTCTGAG	33133481	33324652	-191171	33324703	-191222	33336512	-203031	33336620	-203139	33284908	-151427	33340712	-207231	33133503	-191149	-191200	-203009	-203117	-151405	-207209
ENSMUST00000131298	CGAGACTGCAAAGGCTTCTGAG	33133481	33324652	-191171	33324703	-191222	33340712	-207231	33340833	-207352	33284908	-151427	33371269	-237788	33133503	-191149	-191200	-207209	-207330	-151405	-237766
ENSMUST00000063577	TGGAATTTGGAGAGGATCTGCT	101418369	101417286	1083	101417330	1039	101418272	97	101418952	-583	101416981	1388	101420145	-1776	101418391	1105	1061	119	-561	1410	-1754
ENSMUST00000063577	TGGAATTTGGAGAGGATCTGCT	101418369	101417286	1083	101417330	1039	101418272	97	101418952	-583	101416981	1388	101420158	-1789	101418391	1105	1061	119	-561	1410	-1767
ENSMUST00000063577	TGGAATTTGGAGAGGATCTGCT	101418369	101417286	1083	101417330	1039	101418272	97	101418952	-583	101416981	1388	101420539	-2170	101418391	1105	1061	119	-561	1410	-2148
ENSMUST00000107788	CTCTGGCGTGGAGCCGGGACGA	94473380	94413089	60291	94413224	60156	94414930	58450	94415074	58306	94411616	61764	94415742	57638	94473402	60313	60178	58472	58328	61786	57660
ENSMUST00000107788	CTCTGGCGTGGAGCCGGGACGA	94473380	94465398	7982	94465496	7884	94465820	7560	94465954	7426	94463501	9879	94466115	7265	94473402	8004	7906	7582	7448	9901	7287
ENSMUST00000077200	TACAAACTCCGTTACGATATAT	136082346	136100736	-18390	136101228	-18882	136116176	-33830	136116962	-34616	136098410	-16064	136174060	-91714	136082368	-18368	-18860	-33808	-34594	-16042	-91692
ENSMUST00000077200	TACAAACTCCGTTACGATATAT	136082346	136116176	-33830	136116962	-34616	136174060	-91714	136174275	-91929	136101228	-18882	136269322	-186976	136082368	-33808	-34594	-91692	-91907	-18860	-186954
ENSMUST00000077200	TACAAACTCCGTTACGATATAT	136082346	136174060	-91714	136174275	-91929	136269322	-186976	136269477	-187131	136116962	-34616	136387653	-305307	136082368	-91692	-91907	-186954	-187109	-34594	-305285
ENSMUST00000106722	CCGTGTGGCCGATGGCTGGGGA	109898529	109899043	-514	109899162	-633	109899723	-1194	109899869	-1340	109898689	-160	109901059	-2530	109898551	-492	-611	-1172	-1318	-138	-2508
ENSMUST00000106722	CCGTGTGGCCGATGGCTGGGGA	109898529	109899723	-1194	109899869	-1340	109901059	-2530	109901181	-2652	109899162	-633	109905169	-6640	109898551	-1172	-1318	-2508	-2630	-611	-6618
ENSMUST00000106722	CCGTGTGGCCGATGGCTGGGGA	109898529	109908330	-9801	109908415	-9886	109911914	-13385	109912067	-13538	109905780	-7251	109914720	-16191	109898551	-9779	-9864	-13363	-13516	-7229	-16169
ENSMUST00000076463	GAAAACTTTCTGGATGGGCTTG	73373881	73356597	17284	73356702	17179	73362424	11457	73362635	11246	73353753	20128	73363931	9950	73373903	17306	17201	11479	11268	20150	9972
ENSMUST00000076463	GAAAACTTTCTGGATGGGCTTG	73373881	73367480	6401	73367598	6283	73368313	5568	73368397	5484	73364252	9629	73369985	3896	73373903	6423	6305	5590	5506	9651	3918
ENSMUST00000036877	CCATCCCGGACACGTCCACCAA	39506803	39483012	23791	39483153	23650	39485558	21245	39485636	21167	39480349	26454	39487819	18984	39496977	13965	13824	11419	11341	16628	9158
ENSMUST00000015891	TCTGCTGGAGGTTTCAGAAGTT	96041448	96046997	-5549	96047135	-5687	96047246	-5798	96047315	-5867	96046462	-5014	96048307	-6859	96041470	-5527	-5665	-5776	-5845	-4992	-6837
ENSMUST00000120963	TCTTCTGAAAGAACAAGGACGG	76904347	76901917	2430	76902185	2162	76904208	139	76904380	-33	76901281	3066	76904958	-611	76904369	2452	2184	161	-11	3088	-589
ENSMUST00000120963	TCTTCTGAAAGAACAAGGACGG	76904347	76901917	2430	76902185	2162	76904208	139	76904380	-33	76901281	3066	76905422	-1075	76904369	2452	2184	161	-11	3088	-1053
ENSMUST00000000776	GGGATGAGCTGTGGAACAGAGT	12624852	12621798	3054	12621939	2913	12624817	35	12625113	-261	12616138	8714	12632237	-7385	12624874	3076	2935	57	-239	8736	-7363
ENSMUST00000077200	GTACAAACTCCGTTACGATATA	136082345	136100736	-18391	136101228	-18883	136116176	-33831	136116962	-34617	136098410	-16065	136174060	-91715	136082367	-18369	-18861	-33809	-34595	-16043	-91693
ENSMUST00000077200	GTACAAACTCCGTTACGATATA	136082345	136116176	-33831	136116962	-34617	136174060	-91715	136174275	-91930	136101228	-18883	136269322	-186977	136082367	-33809	-34595	-91693	-91908	-18861	-186955
ENSMUST00000077200	GTACAAACTCCGTTACGATATA	136082345	136174060	-91715	136174275	-91930	136269322	-186977	136269477	-187132	136116962	-34617	136387653	-305308	136082367	-91693	-91908	-186955	-187110	-34595	-305286
ENSMUST00000145596	TAAATCTAAACTTGTTTCTCAA	23294776	23306724	-11948	23306753	-11977	23309039	-14263	23309264	-14488	23300045	-5269	23311648	-16872	23294798	-11926	-11955	-14241	-14466	-5247	-16850
ENSMUST00000145596	TAAATCTAAACTTGTTTCTCAA	23294776	23386259	-91483	23386353	-91577	23435949	-141173	23436026	-141250	23373261	-78485	23441992	-147216	23294798	-91461	-91555	-141151	-141228	-78463	-147194
ENSMUST00000145596	TAAATCTAAACTTGTTTCTCAA	23294776	23387091	-92315	23387100	-92324	23390920	-96144	23391007	-96231	23386353	-91577	23435949	-141173	23294798	-92293	-92302	-96122	-96209	-91555	-141151
ENSMUST00000145596	TAAATCTAAACTTGTTTCTCAA	23294776	23387091	-92315	23387100	-92324	23402869	-108093	23402878	-108102	23386353	-91577	23435949	-141173	23294798	-92293	-92302	-108071	-108080	-91555	-141151
ENSMUST00000145596	TAAATCTAAACTTGTTTCTCAA	23294776	23387091	-92315	23387100	-92324	23425566	-130790	23425740	-130964	23386353	-91577	23435949	-141173	23294798	-92293	-92302	-130768	-130942	-91555	-141151
ENSMUST00000145596	TAAATCTAAACTTGTTTCTCAA	23294776	23387091	-92315	23387100	-92324	23425566	-130790	23425749	-130973	23386353	-91577	23435949	-141173	23294798	-92293	-92302	-130768	-130951	-91555	-141151
ENSMUST00000145596	TAAATCTAAACTTGTTTCTCAA	23294776	23390920	-96144	23391007	-96231	23402869	-108093	23402878	-108102	23386353	-91577	23435949	-141173	23294798	-96122	-96209	-108071	-108080	-91555	-141151
ENSMUST00000145596	TAAATCTAAACTTGTTTCTCAA	23294776	23390920	-96144	23391007	-96231	23425566	-130790	23425740	-130964	23386353	-91577	23435949	-141173	23294798	-96122	-96209	-130768	-130942	-91555	-141151
ENSMUST00000145596	TAAATCTAAACTTGTTTCTCAA	23294776	23390920	-96144	23391007	-96231	23425566	-130790	23425749	-130973	23386353	-91577	23435949	-141173	23294798	-96122	-96209	-130768	-130951	-91555	-141151
ENSMUST00000145596	TAAATCTAAACTTGTTTCTCAA	23294776	23402869	-108093	23402878	-108102	23425566	-130790	23425740	-130964	23386353	-91577	23435949	-141173	23294798	-108071	-108080	-130768	-130942	-91555	-141151
ENSMUST00000145596	TAAATCTAAACTTGTTTCTCAA	23294776	23402869	-108093	23402878	-108102	23425566	-130790	23425749	-130973	23386353	-91577	23435949	-141173	23294798	-108071	-108080	-130768	-130951	-91555	-141151
ENSMUST00000145596	TAAATCTAAACTTGTTTCTCAA	23294776	23526535	-231759	23526627	-231851	23526724	-231948	23526816	-232040	23509900	-215124	23528349	-233573	23294798	-231737	-231829	-231926	-232018	-215102	-233551
ENSMUST00000145596	TAAATCTAAACTTGTTTCTCAA	23294776	23306724	-11948	23306753	-11977	23309039	-14263	23309264	-14488	23300045	-5269	23311648	-16872	23294798	-11926	-11955	-14241	-14466	-5247	-16850
ENSMUST00000145596	TAAATCTAAACTTGTTTCTCAA	23294776	23386259	-91483	23386353	-91577	23435949	-141173	23436026	-141250	23373261	-78485	23441992	-147216	23294798	-91461	-91555	-141151	-141228	-78463	-147194
ENSMUST00000145596	TAAATCTAAACTTGTTTCTCAA	23294776	23387091	-92315	23387100	-92324	23390920	-96144	23391007	-96231	23386353	-91577	23435949	-141173	23294798	-92293	-92302	-96122	-96209	-91555	-141151
ENSMUST00000145596	TAAATCTAAACTTGTTTCTCAA	23294776	23387091	-92315	23387100	-92324	23402869	-108093	23402878	-108102	23386353	-91577	23435949	-141173	23294798	-92293	-92302	-108071	-108080	-91555	-141151
ENSMUST00000145596	TAAATCTAAACTTGTTTCTCAA	23294776	23387091	-92315	23387100	-92324	23425566	-130790	23425740	-130964	23386353	-91577	23435949	-141173	23294798	-92293	-92302	-130768	-130942	-91555	-141151
ENSMUST00000145596	TAAATCTAAACTTGTTTCTCAA	23294776	23387091	-92315	23387100	-92324	23425566	-130790	23425749	-130973	23386353	-91577	23435949	-141173	23294798	-92293	-92302	-130768	-130951	-91555	-141151
ENSMUST00000145596	TAAATCTAAACTTGTTTCTCAA	23294776	23390920	-96144	23391007	-96231	23402869	-108093	23402878	-108102	23386353	-91577	23435949	-141173	23294798	-96122	-96209	-108071	-108080	-91555	-141151
ENSMUST00000145596	TAAATCTAAACTTGTTTCTCAA	23294776	23390920	-96144	23391007	-96231	23425566	-130790	23425740	-130964	23386353	-91577	23435949	-141173	23294798	-96122	-96209	-130768	-130942	-91555	-141151
ENSMUST00000145596	TAAATCTAAACTTGTTTCTCAA	23294776	23390920	-96144	23391007	-96231	23425566	-130790	23425749	-130973	23386353	-91577	23435949	-141173	23294798	-96122	-96209	-130768	-130951	-91555	-141151
ENSMUST00000145596	TAAATCTAAACTTGTTTCTCAA	23294776	23402869	-108093	23402878	-108102	23425566	-130790	23425740	-130964	23386353	-91577	23435949	-141173	23294798	-108071	-108080	-130768	-130942	-91555	-141151
ENSMUST00000145596	TAAATCTAAACTTGTTTCTCAA	23294776	23402869	-108093	23402878	-108102	23425566	-130790	23425749	-130973	23386353	-91577	23435949	-141173	23294798	-108071	-108080	-130768	-130951	-91555	-141151
ENSMUST00000145596	TAAATCTAAACTTGTTTCTCAA	23294776	23526535	-231759	23526627	-231851	23526724	-231948	23526816	-232040	23509900	-215124	23528349	-233573	23294798	-231737	-231829	-231926	-232018	-215102	-233551
ENSMUST00000072037	AACTAAGGAGTTTGTGTTACTG	49787471	49787357	114	49787648	-177	49788032	-561	49788065	-594	49787137	334	49788147	-676	49787493	136	-155	-539	-572	356	-654
ENSMUST00000004920	ATTTTAATAGGGCCAAATCAAAG	61776672	61782005	-5333	61782124	-5452	61783536	-6864	61783715	-7043	61781749	-5077	61787428	-10756	61776695	-5310	-5429	-6841	-7020	-5054	-10733
ENSMUST00000004920	ATTTTAATAGGGCCAAATCAAAG	61776672	61783536	-6864	61783715	-7043	61787428	-10756	61787637	-10965	61782124	-5452	61791433	-14761	61776695	-6841	-7020	-10733	-10942	-5429	-14738
ENSMUST00000004920	ATTTTAATAGGGCCAAATCAAAG	61776672	61840109	-63437	61840146	-63474	61841298	-64626	61841331	-64659	61834953	-58281	61851061	-74389	61776695	-63414	-63451	-64603	-64636	-58258	-74366
ENSMUST00000036229	TGCTCCCGGGGTGGAGCACAGCA	80449321	80420442	28879	80420630	28691	80434165	15156	80434328	14993	80408781	40540	80445885	3436	80449344	28902	28714	15179	15016	40563	3459
ENSMUST00000036229	TGCTCCCGGGGTGGAGCACAGCA	80449321	80434165	15156	80434328	14993	80445885	3436	80446095	3226	80420630	28691	80447423	1898	80449344	15179	15016	3459	3249	28714	1921
ENSMUST00000004470	ATTTTAGTTGGGGAAACCCTAAA	88817936	88806135	11801	88806198	11738	88807326	10610	88807477	10459	88804681	13255	88809081	8855	88817959	11824	11761	10633	10482	13278	8878
ENSMUST00000109221	TAAGCTCGGAGGGCACTGGAAGC	167307623	167307543	80	167307668	-45	167309222	-1599	167309336	-1713	167306707	916	167313086	-5463	167307646	103	-22	-1576	-1690	939	-5440
ENSMUST00000045142	GCTAAAAGATGATGACAAACTTA	56813193	56838004	-24811	56838047	-24854	56838965	-25772	56839055	-25862	56837902	-24709	56841560	-28367	56813216	-24788	-24831	-25749	-25839	-24686	-28344
ENSMUST00000215784	AAGGCTGTCTCAGATATGTTGAT	67250561	67266776	-16215	67266923	-16362	67272609	-22048	67272729	-22168	67262980	-12419	67275320	-24759	67250584	-16192	-16339	-22025	-22145	-12396	-24736
ENSMUST00000215784	AAGGCTGTCTCAGATATGTTGAT	67250561	67388569	-138008	67388712	-138151	67392451	-141890	67392604	-142043	67386684	-136123	67393574	-143013	67250584	-137985	-138128	-141867	-142020	-136100	-142990
ENSMUST00000102692	TGTGGTAGAACTGCTATGTGCCG	60036887	59976838	60049	59976984	59903	59983442	53445	59983558	53329	59974179	62708	60031712	5175	60036910	60072	59926	53468	53352	62731	5198
ENSMUST00000084616	GGACAGGACTAGCCACCTTGGGC	47039819	47030663	9156	47030851	8968	47033115	6704	47033269	6550	47027284	12535	47038913	906	47039842	9179	8991	6727	6573	12558	929
ENSMUST00000132484	CCGCTCCGGGTTGAATACATTGT	23509441	23544745	-35304	23544897	-35456	23545152	-35711	23545274	-35833	23543324	-33883	23545443	-36002	23509464	-35281	-35433	-35688	-35810	-33860	-35979
ENSMUST00000047257	TAGTATGTTGCTTAAGATATTTG	148873050	148891628	-18578	148891755	-18705	148892509	-19459	148892668	-19618	148889013	-15963	148893682	-20632	148873073	-18555	-18682	-19436	-19595	-15940	-20609
ENSMUST00000068156	ACATACCATAGCAATTGAGTTTA	16746055	16678244	67811	16678403	67652	16680009	66046	16680111	65944	16678109	67946	16681869	64186	16745661	67417	67258	65652	65550	67552	63792
ENSMUST00000068156	ACATACCATAGCAATTGAGTTTA	16746055	16678244	67811	16678403	67652	16680009	66046	16680111	65944	16678109	67946	16681869	64186	16745661	67417	67258	65652	65550	67552	63792
ENSMUST00000071564	TGTTCCCATCGTGTTCAAGGCTT	11767415	11747059	20356	11747166	20249	11748363	19052	11748489	18926	11743757	23658	11748936	18479	11767438	20379	20272	19075	18949	23681	18502
ENSMUST00000071564	TGTTCCCATCGTGTTCAAGGCTT	11767415	11759928	7487	11760023	7392	11760480	6935	11760573	6842	11758448	8967	11762830	4585	11767438	7510	7415	6958	6865	8990	4608
ENSMUST00000071564	TGTTCCCATCGTGTTCAAGGCTT	11767415	11760480	6935	11760573	6842	11762830	4585	11763021	4394	11760023	7392	11763869	3546	11767438	6958	6865	4608	4417	7415	3569
ENSMUST00000075316	TTAAAATTTAGGGGATGACCTTG	80681451	80689102	-7651	80689351	-7900	80691319	-9868	80691434	-9983	80688714	-7263	80692284	-10833	80681474	-7628	-7877	-9845	-9960	-7240	-10810
ENSMUST00000075316	TTAAAATTTAGGGGATGACCTTG	80681451	80690403	-8952	80690518	-9067	80691319	-9868	80691434	-9983	80689351	-7900	80692284	-10833	80681474	-8929	-9044	-9845	-9960	-7877	-10810
ENSMUST00000036450	CTTTGATCGGGCAGCTGCTGGAT	122065455	122066244	-789	122066459	-1004	122068738	-3283	122068901	-3446	122065656	-201	122069868	-4413	122065478	-766	-981	-3260	-3423	-178	-4390
ENSMUST00000036450	CTTTGATCGGGCAGCTGCTGGAT	122065455	122072845	-7390	122073005	-7550	122074503	-9048	122074612	-9157	122072309	-6854	122075294	-9839	122065478	-7367	-7527	-9025	-9134	-6831	-9816
ENSMUST00000036450	CTTTGATCGGGCAGCTGCTGGAT	122065455	122084894	-19439	122085040	-19585	122086862	-21407	122086969	-21514	122083561	-18106	122088132	-22677	122065478	-19416	-19562	-21384	-21491	-18083	-22654
ENSMUST00000036450	CTTTGATCGGGCAGCTGCTGGAT	122065455	122098100	-32645	122098256	-32801	122101645	-36190	122101778	-36323	122097431	-31976	122103907	-38452	122065478	-32622	-32778	-36167	-36300	-31953	-38429
ENSMUST00000217550	TGGAAAATTCAGTGATGACTTTG	67319451	67266776	52675	67266923	52528	67272609	46842	67272729	46722	67262980	56471	67275320	44131	67319474	52698	52551	46865	46745	56494	44154
ENSMUST00000217550	TGGAAAATTCAGTGATGACTTTG	67319451	67388569	-69118	67388712	-69261	67392451	-73000	67392604	-73153	67386684	-67233	67393574	-74123	67319474	-69095	-69238	-72977	-73130	-67210	-74100
ENSMUST00000035045	CTGAGGGGAGGAGGCCGCCGGGC	99437111	99394468	42643	99394622	42489	99411392	25719	99411602	25509	99393045	44066	99425776	11335	99437134	42666	42512	25742	25532	44089	11358
ENSMUST00000035045	CTGAGGGGAGGAGGCCGCCGGGC	99437111	99394468	42643	99394622	42489	99411392	25719	99411602	25509	99393045	44066	99436309	802	99437134	42666	42512	25742	25532	44089	825
ENSMUST00000035045	CTGAGGGGAGGAGGCCGCCGGGC	99437111	99394468	42643	99394622	42489	99411392	25719	99411602	25509	99393045	44066	99436880	231	99437134	42666	42512	25742	25532	44089	254
ENSMUST00000238759	GGACGCTGGCAGAGGCCCTGGGA	119404177	119333579	70598	119333721	70456	119339760	64417	119339873	64304	119331618	72559	119349729	54448	119404200	70621	70479	64440	64327	72582	54471
ENSMUST00000238759	GGACGCTGGCAGAGGCCCTGGGA	119404177	119349729	54448	119349874	54303	119359557	44620	119359737	44440	119339873	64304	119393541	10636	119404200	54471	54326	44643	44463	64327	10659
ENSMUST00000238759	GGACGCTGGCAGAGGCCCTGGGA	119404177	119353069	51108	119353224	50953	119356637	47540	119356847	47330	119349874	54303	119359557	44620	119404200	51131	50976	47563	47353	54326	44643
ENSMUST00000114960	CGGCCATTATGCCTCCCAGCAAA	34314231	33993635	320596	33993663	320568	34009269	304962	34009329	304902	33993030	321201	34010521	303710	34314254	320619	320591	304985	304925	321224	303733
ENSMUST00000114960	CGGCCATTATGCCTCCCAGCAAA	34314231	34182657	131574	34182750	131481	34187414	126817	34187504	126727	34178407	135824	34189667	124564	34314254	131597	131504	126840	126750	135847	124587
ENSMUST00000022023	GCCTATTGGATTGCTCCGTGCAGC	56831427	56826849	4578	56826973	4454	56831269	158	56831450	-23	56822641	8786	56860889	-29462	56822426	-4423	-4547	-8843	-9024	-215	-38463
ENSMUST00000022023	GCCTATTGGATTGCTCCGTGCAGC	56831427	56826849	4578	56826973	4454	56831285	142	56831450	-23	56822641	8786	56860889	-29462	56822426	-4423	-4547	-8859	-9024	-215	-38463
ENSMUST00000022023	GCCTATTGGATTGCTCCGTGCAGC	56831427	56831285	142	56831450	-23	56860889	-29462	56861072	-29645	56822641	8786	56887338	-55911	56822426	-8859	-9024	-38463	-38646	-215	-64912
ENSMUST00000025992	GTTTTTATGCTGATCGTTTGGCAG	14969501	14973979	-4478	14974285	-4784	15007695	-38194	15007874	-38373	14969695	-194	15061767	-92266	14969525	-4454	-4760	-38170	-38349	-170	-92242
ENSMUST00000058860	GAGCTGCAGGAAGGCGGGGACGGC	30956417	30955105	1312	30955152	1265	30955289	1128	30955440	977	30954802	1615	30956148	269	30956162	1057	1010	873	722	1360	14
ENSMUST00000058860	GAGCTGCAGGAAGGCGGGGACGGC	30956417	30955105	1312	30955193	1224	30955289	1128	30955440	977	30954802	1615	30955799	618	30956162	1057	969	873	722	1360	363
ENSMUST00000058860	GAGCTGCAGGAAGGCGGGGACGGC	30956417	30955289	1128	30955440	977	30956148	269	30956267	150	30954802	1615	30956695	-278	30956162	873	722	14	-105	1360	-533
ENSMUST00000058860	GAGCTGCAGGAAGGCGGGGACGGC	30956417	30955289	1128	30955440	977	30956381	36	30956428	-11	30954802	1615	30956695	-278	30956162	873	722	-219	-266	1360	-533
ENSMUST00000058860	GAGCTGCAGGAAGGCGGGGACGGC	30956417	30955289	1128	30955440	977	30955799	618	30956000	417	30955193	1224	30956148	269	30956162	873	722	363	162	969	14
ENSMUST00000058860	GAGCTGCAGGAAGGCGGGGACGGC	30956417	30956148	269	30956267	150	30956381	36	30956428	-11	30954802	1615	30956695	-278	30956162	14	-105	-219	-266	1360	-533
ENSMUST00000058860	GAGCTGCAGGAAGGCGGGGACGGC	30956417	30955105	1312	30955152	1265	30955289	1128	30955440	977	30954802	1615	30956148	269	30956162	1057	1010	873	722	1360	14
ENSMUST00000058860	GAGCTGCAGGAAGGCGGGGACGGC	30956417	30955105	1312	30955193	1224	30955289	1128	30955440	977	30954802	1615	30955799	618	30956162	1057	969	873	722	1360	363
ENSMUST00000058860	GAGCTGCAGGAAGGCGGGGACGGC	30956417	30955289	1128	30955440	977	30956148	269	30956267	150	30954802	1615	30956695	-278	30956162	873	722	14	-105	1360	-533
ENSMUST00000058860	GAGCTGCAGGAAGGCGGGGACGGC	30956417	30955289	1128	30955440	977	30956381	36	30956428	-11	30954802	1615	30956695	-278	30956162	873	722	-219	-266	1360	-533
ENSMUST00000058860	GAGCTGCAGGAAGGCGGGGACGGC	30956417	30955289	1128	30955440	977	30955799	618	30956000	417	30955193	1224	30956148	269	30956162	873	722	363	162	969	14
ENSMUST00000058860	GAGCTGCAGGAAGGCGGGGACGGC	30956417	30956148	269	30956267	150	30956381	36	30956428	-11	30954802	1615	30956695	-278	30956162	14	-105	-219	-266	1360	-533
ENSMUST00000028883	TCAGTAGTCGAGTTGGCTGCGGGA	129688069	129689736	-1667	129689885	-1816	129698435	-10366	129698495	-10426	129688615	-546	129699707	-11638	129688093	-1643	-1792	-10342	-10402	-522	-11614
ENSMUST00000191275	ACAAGATCAAGTCTTGTCATAGCT	103820406	103824719	-4313	103824926	-4520	103827906	-7500	103828023	-7617	103823406	-3000	103830187	-9781	103820430	-4289	-4496	-7476	-7593	-2976	-9757
ENSMUST00000191275	ACAAGATCAAGTCTTGTCATAGCT	103820406	103824719	-4313	103824926	-4520	103827906	-7500	103828023	-7617	103823406	-3000	103833497	-13091	103820430	-4289	-4496	-7476	-7593	-2976	-13067
ENSMUST00000191275	ACAAGATCAAGTCTTGTCATAGCT	103820406	103824719	-4313	103824926	-4520	103830187	-9781	103830331	-9925	103823406	-3000	103833497	-13091	103820430	-4289	-4496	-9757	-9901	-2976	-13067
ENSMUST00000191275	ACAAGATCAAGTCTTGTCATAGCT	103820406	103827906	-7500	103828023	-7617	103830187	-9781	103830331	-9925	103823406	-3000	103833497	-13091	103820430	-7476	-7593	-9757	-9901	-2976	-13067
ENSMUST00000191275	ACAAGATCAAGTCTTGTCATAGCT	103820406	103827906	-7500	103828023	-7617	103830187	-9781	103830331	-9925	103824926	-4520	103833497	-13091	103820430	-7476	-7593	-9757	-9901	-4496	-13067
ENSMUST00000058383	TTTGAAAGTTCTTGGATGACTGTA	83806016	83809898	-3882	83810075	-4059	83814721	-8705	83814869	-8853	83808892	-2876	83831270	-25254	83806040	-3858	-4035	-8681	-8829	-2852	-25230
ENSMUST00000058383	TTTGAAAGTTCTTGGATGACTGTA	83806016	83814721	-8705	83814869	-8853	83831270	-25254	83831328	-25312	83810075	-4059	83831634	-25618	83806040	-8681	-8829	-25230	-25288	-4035	-25594
ENSMUST00000154376	TGGTCTTGACTGGAGCACGCTTAT	37022492	37044521	-22029	37044703	-22211	37054259	-31767	37054374	-31882	37025087	-2595	37068172	-45680	37022516	-22005	-22187	-31743	-31858	-2571	-45656
ENSMUST00000154376	TGGTCTTGACTGGAGCACGCTTAT	37022492	37126331	-103839	37126388	-103896	37139130	-116638	37139221	-116729	37088587	-66095	37173966	-151474	37022516	-103815	-103872	-116614	-116705	-66071	-151450
ENSMUST00000154376	TGGTCTTGACTGGAGCACGCTTAT	37022492	37139061	-116569	37139221	-116729	37173966	-151474	37174985	-152493	37126388	-103896	37207294	-184802	37022516	-116545	-116705	-151450	-152469	-103872	-184778
ENSMUST00000154376	TGGTCTTGACTGGAGCACGCTTAT	37022492	37139130	-116638	37139221	-116729	37173966	-151474	37174985	-152493	37126388	-103896	37207294	-184802	37022516	-116614	-116705	-151450	-152469	-103872	-184778
ENSMUST00000121759	GCAATTCGGATGCTCTTCCACACC	90964293	90947014	17279	90947053	17240	90948065	16228	90948113	16180	90946862	17431	90949698	14595	90964317	17303	17264	16252	16204	17455	14619
ENSMUST00000121759	GCAATTCGGATGCTCTTCCACACC	90964293	90947014	17279	90947053	17240	90949698	14595	90949737	14556	90946862	17431	90950350	13943	90964317	17303	17264	14619	14580	17455	13967
ENSMUST00000121759	GCAATTCGGATGCTCTTCCACACC	90964293	90964212	81	90964405	-112	90964504	-211	90964645	-352	90963976	317	90967299	-3006	90964317	105	-88	-187	-328	341	-2982
ENSMUST00000121759	GCAATTCGGATGCTCTTCCACACC	90964293	90978688	-14395	90978770	-14477	90979750	-15457	90979920	-15627	90976751	-12458	90980948	-16655	90964317	-14371	-14453	-15433	-15603	-12434	-16631
ENSMUST00000210317	TGACCTTAATTAAGCAACACCAGG	13179393	13179322	71	13179508	-115	13179582	-189	13179755	-362	13177142	2251	13186882	-7489	13179417	95	-91	-165	-338	2275	-7465
ENSMUST00000173135	ACCCGGCTAAGCATGGGGAGCAGC	88936251	88928446	7805	88928527	7724	88929395	6856	88929526	6725	88927070	9181	88930475	5776	88933587	5141	5060	4192	4061	6517	3112
ENSMUST00000173135	ACCCGGCTAAGCATGGGGAGCAGC	88936251	88929395	6856	88929526	6725	88930475	5776	88930568	5683	88928527	7724	88930911	5340	88933587	4192	4061	3112	3019	5060	2676
ENSMUST00000173135	ACCCGGCTAAGCATGGGGAGCAGC	88936251	88933564	2687	88933666	2585	88936148	103	88936253	-2	88931020	5231	88942774	-6523	88933587	23	-79	-2561	-2666	2567	-9187
ENSMUST00000173135	ACCCGGCTAAGCATGGGGAGCAGC	88936251	88933564	2687	88933666	2585	88942774	-6523	88942828	-6577	88931020	5231	88949867	-13616	88933587	23	-79	-9187	-9241	2567	-16280
ENSMUST00000193763	GAGAAGTCAGCTGAGTCTTGTGAT	36585923	36564329	21594	36564482	21441	36564830	21093	36564908	21015	36563020	22903	36578518	7405	36585947	21618	21465	21117	21039	22927	7429
ENSMUST00000193763	GAGAAGTCAGCTGAGTCTTGTGAT	36585923	36564830	21093	36564908	21015	36578518	7405	36578644	7279	36564482	21441	36585915	8	36585947	21117	21039	7429	7303	21465	32
ENSMUST00000030886	ACCACTGGAGGTTCCGCCCCTGCTG	147868523	147867330	1193	147867602	921	147868068	455	147868183	340	147866419	2104	147868368	155	147868548	1218	946	480	365	2129	180
ENSMUST00000156473	CCACTGGCTCAGAATGAACGCTGTC	101213790	101213773	17	101213864	-74	101214400	-610	101214525	-735	101102435	111355	101215482	-1692	101213815	42	-49	-585	-710	111380	-1667
ENSMUST00000156473	CCACTGGCTCAGAATGAACGCTGTC	101213790	101214400	-610	101214525	-735	101215482	-1692	101215578	-1788	101213864	-74	101222261	-8471	101213815	-585	-710	-1667	-1763	-49	-8446
ENSMUST00000047534	TTTTTGAGAAGTTTAGGAAGGTTGC	34814927	34817996	-3069	34818126	-3199	34819591	-4664	34819769	-4842	34817404	-2477	34819866	-4939	34814952	-3044	-3174	-4639	-4817	-2452	-4914
ENSMUST00000047534	TTTTTGAGAAGTTTAGGAAGGTTGC	34814927	34817996	-3069	34818126	-3199	34819866	-4939	34820009	-5082	34817404	-2477	34828766	-13839	34814952	-3044	-3174	-4914	-5057	-2452	-13814
ENSMUST00000047534	TTTTTGAGAAGTTTAGGAAGGTTGC	34814927	34817996	-3069	34818126	-3199	34819591	-4664	34819790	-4863	34817404	-2477	34819866	-4939	34814952	-3044	-3174	-4639	-4838	-2452	-4914
ENSMUST00000047534	TTTTTGAGAAGTTTAGGAAGGTTGC	34814927	34817996	-3069	34818126	-3199	34819866	-4939	34819963	-5036	34817404	-2477	34828766	-13839	34814952	-3044	-3174	-4914	-5011	-2452	-13814
ENSMUST00000047534	TTTTTGAGAAGTTTAGGAAGGTTGC	34814927	34819591	-4664	34819769	-4842	34819866	-4939	34820009	-5082	34818126	-3199	34824019	-9092	34814952	-4639	-4817	-4914	-5057	-3174	-9067
ENSMUST00000047534	TTTTTGAGAAGTTTAGGAAGGTTGC	34814927	34819591	-4664	34819769	-4842	34819866	-4939	34819963	-5036	34818126	-3199	34828766	-13839	34814952	-4639	-4817	-4914	-5011	-3174	-13814
ENSMUST00000047534	TTTTTGAGAAGTTTAGGAAGGTTGC	34814927	34819591	-4664	34819769	-4842	34819866	-4939	34820009	-5082	34818126	-3199	34828766	-13839	34814952	-4639	-4817	-4914	-5057	-3174	-13814
ENSMUST00000047534	TTTTTGAGAAGTTTAGGAAGGTTGC	34814927	34819866	-4939	34819963	-5036	34824019	-9092	34824055	-9128	34819769	-4842	34828766	-13839	34814952	-4914	-5011	-9067	-9103	-4817	-13814
ENSMUST00000047534	TTTTTGAGAAGTTTAGGAAGGTTGC	34814927	34819866	-4939	34820009	-5082	34824019	-9092	34824055	-9128	34819769	-4842	34828766	-13839	34814952	-4914	-5057	-9067	-9103	-4817	-13814
ENSMUST00000047534	TTTTTGAGAAGTTTAGGAAGGTTGC	34814927	34819866	-4939	34820009	-5082	34828766	-13839	34828847	-13920	34819769	-4842	34836732	-21805	34814952	-4914	-5057	-13814	-13895	-4817	-21780
ENSMUST00000166495	GGTGTGGTGCTGCATGGCTGTCCTC	18215661	18293953	-78292	18294044	-78383	18306972	-91311	18307066	-91405	18231823	-16162	18307914	-92253	18215686	-78267	-78358	-91286	-91380	-16137	-92228
ENSMUST00000111752	TTCTCCTATGATCTGAGCCAGGTAC	121858157	121921313	-63156	121921361	-63204	122043769	-185612	122043844	-185687	121898355	-40198	122049775	-191618	121858182	-63131	-63179	-185587	-185662	-40173	-191593
ENSMUST00000111752	TTCTCCTATGATCTGAGCCAGGTAC	121858157	121924804	-66647	121924915	-66758	122043769	-185612	122043844	-185687	121921361	-63204	122049775	-191618	121858182	-66622	-66733	-185587	-185662	-63179	-191593
ENSMUST00000212510	TTGCAATTCTTCAATCTGTAAAAGC	143671356	143609369	61987	143609511	61845	143615302	56054	143615403	55953	143608557	62799	143617278	54078	143671381	62012	61870	56079	55978	62824	54103
ENSMUST00000020123	AGTCCAGGGTGGGGTCGGCAGTTTG	91161006	91152627	8379	91152738	8268	91153084	7922	91153180	7826	91151797	9209	91158747	2259	91161031	8404	8293	7947	7851	9234	2284
ENSMUST00000114438	TGTTTTCTGTTTTGTGGGCCTGCTC	73795354	73796829	-1475	73796892	-1538	73798193	-2839	73798292	-2938	73796477	-1123	73798757	-3403	73795379	-1450	-1513	-2814	-2913	-1098	-3378
ENSMUST00000114438	TGTTTTCTGTTTTGTGGGCCTGCTC	73795354	73796829	-1475	73796892	-1538	73798757	-3403	73798848	-3494	73796477	-1123	73799833	-4479	73795379	-1450	-1513	-3378	-3469	-1098	-4454
ENSMUST00000114438	TGTTTTCTGTTTTGTGGGCCTGCTC	73795354	73796829	-1475	73796892	-1538	73798193	-2839	73798292	-2938	73796477	-1123	73824281	-28927	73795379	-1450	-1513	-2814	-2913	-1098	-28902
ENSMUST00000114438	TGTTTTCTGTTTTGTGGGCCTGCTC	73795354	73796829	-1475	73796892	-1538	73799833	-4479	73800087	-4733	73796477	-1123	73824281	-28927	73795379	-1450	-1513	-4454	-4708	-1098	-28902
ENSMUST00000114438	TGTTTTCTGTTTTGTGGGCCTGCTC	73795354	73798193	-2839	73798292	-2938	73799833	-4479	73800087	-4733	73796477	-1123	73824281	-28927	73795379	-2814	-2913	-4454	-4708	-1098	-28902
ENSMUST00000114438	TGTTTTCTGTTTTGTGGGCCTGCTC	73795354	73798193	-2839	73798292	-2938	73798757	-3403	73798848	-3494	73796892	-1538	73799833	-4479	73795379	-2814	-2913	-3378	-3469	-1513	-4454
ENSMUST00000114438	TGTTTTCTGTTTTGTGGGCCTGCTC	73795354	73798193	-2839	73798292	-2938	73799833	-4479	73800087	-4733	73796892	-1538	73824281	-28927	73795379	-2814	-2913	-4454	-4708	-1513	-28902
ENSMUST00000114438	TGTTTTCTGTTTTGTGGGCCTGCTC	73795354	73798757	-3403	73798848	-3494	73799833	-4479	73800087	-4733	73798292	-2938	73824281	-28927	73795379	-3378	-3469	-4454	-4708	-2913	-28902
ENSMUST00000112703	GGAGGGGCTCATGGAGGACAGACGG	120334832	120338068	-3236	120338160	-3328	120339134	-4302	120339198	-4366	120334917	-85	120341972	-7140	120334857	-3211	-3303	-4277	-4341	-60	-7115
ENSMUST00000239411	AATGATCTCTGGAATACATTATCAGA	114504223	114592051	-87828	114592206	-87983	114696010	-191787	114696137	-191914	114588540	-84317	114787941	-283718	114503001	-89050	-89205	-193009	-193136	-85539	-284940
ENSMUST00000239411	AATGATCTCTGGAATACATTATCAGA	114504223	114592051	-87828	114592206	-87983	114696010	-191787	114696137	-191914	114588540	-84317	114787941	-283718	114503001	-89050	-89205	-193009	-193136	-85539	-284940
ENSMUST00000166495	TGGTGCTGCATGGCTGTCCTCCCAGA	18215665	18293953	-78288	18294044	-78379	18306972	-91307	18307066	-91401	18231823	-16158	18307914	-92249	18215691	-78262	-78353	-91281	-91375	-16132	-92223
ENSMUST00000061506	AAGGCGGCGGAAGGTGGGGATTGATG	105574260	105369949	204311	105370778	203482	105413216	161044	105413787	160473	105348549	225711	105573666	594	105574286	204337	203508	161070	160499	225737	620
ENSMUST00000030087	ATTATGGGACAGTCGGGGGCTTCAGA	62457448	62458815	-1367	62458883	-1435	62460321	-2873	62460422	-2974	62457581	-133	62460519	-3071	62457474	-1341	-1409	-2847	-2948	-107	-3045
ENSMUST00000030087	ATTATGGGACAGTCGGGGGCTTCAGA	62457448	62458815	-1367	62458883	-1435	62460519	-3071	62460664	-3216	62457581	-133	62462140	-4692	62457474	-1341	-1409	-3045	-3190	-107	-4666
ENSMUST00000109877	TCCCTAGCAACAGTCGAAGCTCTGCT	151594554	151600256	-5702	151600364	-5810	151600977	-6423	151601074	-6520	151597258	-2704	151632147	-37593	151594580	-5676	-5784	-6397	-6494	-2678	-37567
ENSMUST00000098873	GAGGACATAGTTCAGTGGTAGAACGT	95183658	95208839	-25181	95208936	-25278	95216213	-32555	95216268	-32610	95206602	-22944	95217588	-33930	95183684	-25155	-25252	-32529	-32584	-22918	-33904
ENSMUST00000106224	AATACTGGGTGTTAAAGGGCGCATAG	123350688	123395912	-45224	123395997	-45309	123397747	-47059	123397907	-47219	123395247	-44559	123399342	-48654	123350714	-45198	-45283	-47033	-47193	-44533	-48628
ENSMUST00000106224	AATACTGGGTGTTAAAGGGCGCATAG	123350688	123397093	-46405	123397420	-46732	123397747	-47059	123397907	-47219	123395997	-45309	123399342	-48654	123350714	-46379	-46706	-47033	-47193	-45283	-48628
ENSMUST00000106224	AATACTGGGTGTTAAAGGGCGCATAG	123350688	123499872	-149184	123500025	-149337	123502163	-151475	123502289	-151601	123497882	-147194	123503183	-152495	123350714	-149158	-149311	-151449	-151575	-147168	-152469
ENSMUST00000106224	AATACTGGGTGTTAAAGGGCGCATAG	123350688	123395912	-45224	123395997	-45309	123397747	-47059	123397907	-47219	123395247	-44559	123399342	-48654	123350714	-45198	-45283	-47033	-47193	-44533	-48628
ENSMUST00000106224	AATACTGGGTGTTAAAGGGCGCATAG	123350688	123397093	-46405	123397420	-46732	123397747	-47059	123397907	-47219	123395997	-45309	123399342	-48654	123350714	-46379	-46706	-47033	-47193	-45283	-48628
ENSMUST00000106224	AATACTGGGTGTTAAAGGGCGCATAG	123350688	123499872	-149184	123500025	-149337	123502163	-151475	123502289	-151601	123497882	-147194	123503183	-152495	123350714	-149158	-149311	-151449	-151575	-147168	-152469
ENSMUST00000106224	AATACTGGGTGTTAAAGGGCGCATAG	123350688	123395912	-45224	123395997	-45309	123397747	-47059	123397907	-47219	123395247	-44559	123399342	-48654	123350714	-45198	-45283	-47033	-47193	-44533	-48628
ENSMUST00000106224	AATACTGGGTGTTAAAGGGCGCATAG	123350688	123397093	-46405	123397420	-46732	123397747	-47059	123397907	-47219	123395997	-45309	123399342	-48654	123350714	-46379	-46706	-47033	-47193	-45283	-48628
ENSMUST00000106224	AATACTGGGTGTTAAAGGGCGCATAG	123350688	123499872	-149184	123500025	-149337	123502163	-151475	123502289	-151601	123497882	-147194	123503183	-152495	123350714	-149158	-149311	-151449	-151575	-147168	-152469
ENSMUST00000023812	GCTGTGGAGACCTGCCTGGGCTTCGT	102501260	102503488	-2228	102503647	-2387	102503724	-2464	102503883	-2623	102502745	-1485	102504114	-2854	102501286	-2202	-2361	-2438	-2597	-1459	-2828
ENSMUST00000057062	GTAAAGCTAACACCAGAAGCCTCGTAT	183278211	183292474	-14263	183292581	-14370	183294333	-16122	183294450	-16239	183292003	-13792	183294776	-16565	183278238	-14236	-14343	-16095	-16212	-13765	-16538
ENSMUST00000057062	GTAAAGCTAACACCAGAAGCCTCGTAT	183278211	183294333	-16122	183294450	-16239	183294776	-16565	183294864	-16653	183292581	-14370	183296902	-18691	183278238	-16095	-16212	-16538	-16626	-14343	-18664
ENSMUST00000064099	CCTCGCGTCGGCCACGGAGCTCTGCGG	4658741	4643368	15373	4643555	15186	4646707	12034	4646940	11801	4643286	15455	4658480	261	4658768	15400	15213	12061	11828	15482	288
ENSMUST00000053917	TTGTTCTCAGGTTGCCAAAATAAAAAG	9314904	9319408	-4504	9319571	-4667	9332783	-17879	9332950	-18046	9316672	-1768	9345193	-30289	9314931	-4477	-4640	-17852	-18019	-1741	-30262
ENSMUST00000053917	TTGTTCTCAGGTTGCCAAAATAAAAAG	9314904	9377793	-62889	9377828	-62924	9386734	-71830	9386809	-71905	9353507	-38603	9449517	-134613	9314931	-62862	-62897	-71803	-71878	-38576	-134586
ENSMUST00000043305	TGAAGCCTTCGCCTGCCAGCAGTGGAC	133300623	133322171	-21548	133322255	-21632	133323827	-23204	133323974	-23351	133313806	-13183	133338995	-38372	133300650	-21521	-21605	-23177	-23324	-13156	-38345
ENSMUST00000068892	TCGTCTGGCTACGGACAAGGGGACGTC	25822801	25828765	-5964	25828859	-6058	25831272	-8471	25831348	-8547	25827391	-4590	25832639	-9838	25822828	-5937	-6031	-8444	-8520	-4563	-9811
ENSMUST00000068892	TCGTCTGGCTACGGACAAGGGGACGTC	25822801	25831272	-8471	25831348	-8547	25832639	-9838	25832735	-9934	25828859	-6058	25833750	-10949	25822828	-8444	-8520	-9811	-9907	-6031	-10922
ENSMUST00000186648	CGTCATTGAAATGTGTCAGTTATTGGTC	84768654	84793524	-24870	84794327	-25673	84814822	-46168	84814969	-46315	84786196	-17542	84839228	-70574	84768682	-24842	-25645	-46140	-46287	-17514	-70546
ENSMUST00000038027	TCTTTATAATCGCCTCCAAGACCTTCACC	34220746	34208249	12497	34208310	12436	34215955	4791	34216009	4737	34207900	12846	34218297	2449	34219046	10797	10736	3091	3037	11146	749
ENSMUST00000000137	AATTATAATTGTTGTAGTAACATTCACATT	20063487	20072455	-8968	20072588	-9101	20077187	-13700	20077333	-13846	20064859	-1372	20080022	-16535	20063517	-8938	-9071	-13670	-13816	-1342	-16505
ENSMUST00000000137	AATTATAATTGTTGTAGTAACATTCACATT	20063487	20077187	-13700	20077333	-13846	20080022	-16535	20080172	-16685	20072588	-9101	20080661	-17174	20063517	-13670	-13816	-16505	-16655	-9071	-17144
ENSMUST00000000137	AATTATAATTGTTGTAGTAACATTCACATT	20063487	20072455	-8968	20072588	-9101	20077187	-13700	20077333	-13846	20064859	-1372	20080022	-16535	20063517	-8938	-9071	-13670	-13816	-1342	-16505
ENSMUST00000000137	AATTATAATTGTTGTAGTAACATTCACATT	20063487	20077187	-13700	20077333	-13846	20080022	-16535	20080172	-16685	20072588	-9101	20080661	-17174	20063517	-13670	-13816	-16505	-16655	-9071	-17144
ENSMUST00000223803	TTGCCGATGCCTGTGACCTAACCATAGACG	30042188	30048970	-6782	30049120	-6932	30050233	-8045	30050260	-8072	30047371	-5183	30051369	-9181	30042218	-6752	-6902	-8015	-8042	-5153	-9151
ENSMUST00000155901	GTTTGGATGGCTGTTACTACACACTGGATC	96076142	96079932	-3790	96080135	-3993	96082869	-6727	96083097	-6955	96077392	-1250	96086141	-9999	96076172	-3760	-3963	-6697	-6925	-1220	-9969
ENSMUST00000155901	GTTTGGATGGCTGTTACTACACACTGGATC	96076142	96080071	-3929	96080135	-3993	96082869	-6727	96083097	-6955	96077392	-1250	96086141	-9999	96076172	-3899	-3963	-6697	-6925	-1220	-9969
ENSMUST00000073192	TAAAATGTATAAAATTCTAGTGCCTGAAATC	30931286	30934981	-3695	30935059	-3773	30939496	-8210	30939621	-8335	30934747	-3461	30943038	-11752	30931317	-3664	-3742	-8179	-8304	-3430	-11721
ENSMUST00000073192	TAAAATGTATAAAATTCTAGTGCCTGAAATC	30931286	30934981	-3695	30935059	-3773	30939496	-8210	30939621	-8335	30934747	-3461	30943038	-11752	30931317	-3664	-3742	-8179	-8304	-3430	-11721
ENSMUST00000177846	TAAAATACCATTGAGAAGATATTAATGTTAA	154306431	154311539	-5108	154311723	-5292	154316742	-10311	154316838	-10407	154307005	-574	154321626	-15195	154306462	-5077	-5261	-10280	-10376	-543	-15164
ENSMUST00000085585	GGAAGATCCCCTTGGGCCCAACTGCTACTAT	34353491	34347925	5566	34347982	5509	34351285	2206	34351517	1974	34345958	7533	34353389	102	34353522	5597	5540	2237	2005	7564	133
ENSMUST00000085585	GGAAGATCCCCTTGGGCCCAACTGCTACTAT	34353491	34357765	-4274	34357942	-4451	34365614	-12123	34365737	-12246	34357496	-4005	34371054	-17563	34353522	-4243	-4420	-12092	-12215	-3974	-17532
ENSMUST00000085585	GGAAGATCCCCTTGGGCCCAACTGCTACTAT	34353491	34365614	-12123	34365737	-12246	34371054	-17563	34371184	-17693	34357942	-4451	34375228	-21737	34353522	-12092	-12215	-17532	-17662	-4420	-21706
ENSMUST00000028300	ACTTTGCCCTTGGATGTAGATGCAGCCAGTG	26059163	26062191	-3028	26062297	-3134	26064453	-5290	26064618	-5455	26061670	-2507	26089542	-30379	26059194	-2997	-3103	-5259	-5424	-2476	-30348
ENSMUST00000028300	ACTTTGCCCTTGGATGTAGATGCAGCCAGTG	26059163	26064453	-5290	26064618	-5455	26089542	-30379	26090482	-31319	26062297	-3134	26122688	-63525	26059194	-5259	-5424	-30348	-31288	-3103	-63494
ENSMUST00000057610	GGGCCCAGAACTGTATCATTCTTCTCTCCAA	49473378	49462140	11238	49462201	11177	49463925	9453	49464033	9345	49460738	12640	49464462	8916	49471980	9840	9779	8055	7947	11242	7518
ENSMUST00000057610	GGGCCCAGAACTGTATCATTCTTCTCTCCAA	49473378	49496124	-22746	49496214	-22836	49498705	-25327	49498931	-25553	49494449	-21071	49564202	-90824	49471980	-24144	-24234	-26725	-26951	-22469	-92222
ENSMUST00000208538	GAAGCTGGCAGGACTCCTCCGCACCTTCATG	30529925	30530135	-210	30530195	-270	30530275	-350	30530342	-417	30530047	-122	30530424	-499	30529956	-179	-239	-319	-386	-91	-468
ENSMUST00000102939	AGGGAGGCTGCAGAGAAGGAGAGCAACGCGG	24679594	24617673	61921	24617786	61808	24618254	61340	24618362	61232	24616946	62648	24622598	56996	24679625	61952	61839	61371	61263	62679	57027
ENSMUST00000102939	AGGGAGGCTGCAGAGAAGGAGAGCAACGCGG	24679594	24625237	54357	24625334	54260	24631898	47696	24632026	47568	24622707	56887	24635095	44499	24679625	54388	54291	47727	47599	56918	44530
ENSMUST00000102939	AGGGAGGCTGCAGAGAAGGAGAGCAACGCGG	24679594	24631898	47696	24632026	47568	24635095	44499	24635240	44354	24622707	56887	24637425	42169	24679625	47727	47599	44530	44385	56918	42200
ENSMUST00000102939	AGGGAGGCTGCAGAGAAGGAGAGCAACGCGG	24679594	24631898	47696	24632026	47568	24635095	44499	24635240	44354	24625334	54260	24637425	42169	24679625	47727	47599	44530	44385	54291	42200
ENSMUST00000102939	AGGGAGGCTGCAGAGAAGGAGAGCAACGCGG	24679594	24654383	25211	24654480	25114	24656710	22884	24656722	22872	24653064	26530	24657290	22304	24679625	25242	25145	22915	22903	26561	22335
ENSMUST00000038359	GCCCAACATTCTCTCCAAATCTCATAACTAT	98630176	98600671	29505	98600827	29349	98602582	27594	98602747	27429	98597184	32992	98610666	19510	98630207	29536	29380	27625	27460	33023	19541
ENSMUST00000038359	GCCCAACATTCTCTCCAAATCTCATAACTAT	98630176	98641492	-11316	98641668	-11492	98646448	-16272	98646523	-16347	98637520	-7344	98647804	-17628	98630207	-11285	-11461	-16241	-16316	-7313	-17597
ENSMUST00000064656	ATTTAGAAGCTTGTCATCCTTGAGGGCCCATC	67909322	67889952	19370	67889990	19332	67897433	11889	67897614	11708	67889091	20231	67909200	122	67909354	19402	19364	11921	11740	20263	154
ENSMUST00000111836	AGCCAGGAAAACGCCTGTCACTCAAACTCCAA	152846174	152841512	4662	152841593	4581	152843229	2945	152843379	2795	152841184	4990	152844035	2139	152846206	4694	4613	2977	2827	5022	2171
ENSMUST00000046373	TACACCAATTCTGCTGCCCTGCCGCTGACACC	121444172	121378959	65213	121379909	64263	121379994	64178	121380044	64128	121376531	67641	121381648	62524	121444204	65245	64295	64210	64160	67673	62556
ENSMUST00000109552	TTACGGAAAAGTAGCCCAGGGACATCTAATAA	85229650	85218181	11469	85218259	11391	85219405	10245	85219494	10156	85217011	12639	85221470	8180	85228608	10427	10349	9203	9114	11597	7138
ENSMUST00000109552	TTACGGAAAAGTAGCCCAGGGACATCTAATAA	85229650	85218181	11469	85218259	11391	85219405	10245	85219494	10156	85217011	12639	85221470	8180	85228608	10427	10349	9203	9114	11597	7138
ENSMUST00000168630	ATTTTGACCAATATTCTGAGAGACTGAAGATG	28648388	28724220	-75832	28724406	-76018	28741479	-93091	28741512	-93124	28719994	-71606	28758957	-110569	28648420	-75800	-75986	-93059	-93092	-71574	-110537
ENSMUST00000168630	ATTTTGACCAATATTCTGAGAGACTGAAGATG	28648388	28725147	-76759	28725162	-76774	28741479	-93091	28741512	-93124	28724406	-76018	28758957	-110569	28648420	-76727	-76742	-93059	-93092	-75986	-110537
ENSMUST00000146021	CCTGTCACGACTGCTCTCCTCATTCCTCAAAA	132007188	131962923	44265	131962986	44202	131963928	43260	131963970	43218	131957819	49369	131964130	43058	132007220	44297	44234	43292	43250	49401	43090
ENSMUST00000146021	CCTGTCACGACTGCTCTCCTCATTCCTCAAAA	132007188	131962923	44265	131962986	44202	131964130	43058	131964187	43001	131957819	49369	131967787	39401	132007220	44297	44234	43090	43033	49401	39433
ENSMUST00000146021	CCTGTCACGACTGCTCTCCTCATTCCTCAAAA	132007188	131997498	9690	131997541	9647	132000199	6989	132000304	6884	131991286	15902	132003584	3604	132007220	9722	9679	7021	6916	15934	3636
ENSMUST00000088615	TCGAGATATGGTTGTACGGTGTATAGCACAAAT	10159605	10215836	-56231	10215993	-56388	10216528	-56923	10216559	-56954	10214271	-54666	10232370	-72765	10159638	-56198	-56355	-56890	-56921	-54633	-72732
ENSMUST00000088615	TCGAGATATGGTTGTACGGTGTATAGCACAAAT	10159605	10215836	-56231	10215993	-56388	10216528	-56923	10216559	-56954	10214271	-54666	10232370	-72765	10159638	-56198	-56355	-56890	-56921	-54633	-72732
ENSMUST00000099274	AGCTCTTTGGCTGCAGAAAAATGAATAGTATAA	59300725	59305157	-4432	59305320	-4595	59315257	-14532	59315360	-14635	59301708	-983	59327750	-27025	59300758	-4399	-4562	-14499	-14602	-950	-26992
ENSMUST00000099274	AGCTCTTTGGCTGCAGAAAAATGAATAGTATAA	59300725	59315257	-14532	59315360	-14635	59327750	-27025	59327873	-27148	59305320	-4595	59344718	-43993	59300758	-14499	-14602	-26992	-27115	-4562	-43960
ENSMUST00000099274	AGCTCTTTGGCTGCAGAAAAATGAATAGTATAA	59300725	59305157	-4432	59305320	-4595	59315257	-14532	59315360	-14635	59301708	-983	59327750	-27025	59300758	-4399	-4562	-14499	-14602	-950	-26992
ENSMUST00000099274	AGCTCTTTGGCTGCAGAAAAATGAATAGTATAA	59300725	59315257	-14532	59315360	-14635	59327750	-27025	59327873	-27148	59305320	-4595	59344718	-43993	59300758	-14499	-14602	-26992	-27115	-4562	-43960
ENSMUST00000018821	TTCTGGAGTCTCTCCTACACCAAATCATCCTCC	102406229	102405692	537	102405826	403	102406205	24	102406250	-21	102405079	1150	102406361	-132	102405705	13	-121	-500	-545	626	-656
ENSMUST00000036719	GCCCCTGTGATCAAGGACCGTGATTACCACCTG	166599606	166638314	-38708	166638419	-38813	166644748	-45142	166644871	-45265	166633467	-33861	166646973	-47367	166599638	-38676	-38781	-45110	-45233	-33829	-47335
ENSMUST00000117177	AAGATGTAGCTCAGTCGGTAGAGCACTTGCCTA	118192729	118234140	-41411	118234217	-41488	118237126	-44397	118237596	-44867	118232502	-39773	118242457	-49728	118192762	-41378	-41455	-44364	-44834	-39740	-49695
ENSMUST00000117177	AAGATGTAGCTCAGTCGGTAGAGCACTTGCCTA	118192729	118234140	-41411	118234217	-41488	118237126	-44397	118237599	-44870	118232502	-39773	118242457	-49728	118192762	-41378	-41455	-44364	-44837	-39740	-49695
ENSMUST00000108340	TACCAGGAGGCAGCCGACCTGCCTGATGCCCCT	9531992	9598732	-66740	9598780	-66788	9601306	-69314	9601363	-69371	9598301	-66309	9602468	-70476	9532025	-66707	-66755	-69281	-69338	-66276	-70443
ENSMUST00000108340	TACCAGGAGGCAGCCGACCTGCCTGATGCCCCT	9531992	9601306	-69314	9601363	-69371	9602468	-70476	9602501	-70509	9598780	-66788	9604515	-72523	9532025	-69281	-69338	-70443	-70476	-66755	-72490
ENSMUST00000108340	TACCAGGAGGCAGCCGACCTGCCTGATGCCCCT	9531992	9602468	-70476	9602501	-70509	9604515	-72523	9604629	-72637	9601363	-69371	9607796	-75804	9532025	-70443	-70476	-72490	-72604	-69338	-75771
ENSMUST00000108340	TACCAGGAGGCAGCCGACCTGCCTGATGCCCCT	9531992	9604515	-72523	9604629	-72637	9607796	-75804	9607871	-75879	9602501	-70509	9610842	-78850	9532025	-72490	-72604	-75771	-75846	-70476	-78817
ENSMUST00000108340	TACCAGGAGGCAGCCGACCTGCCTGATGCCCCT	9531992	9607796	-75804	9607871	-75879	9610412	-78420	9610552	-78560	9604629	-72637	9610842	-78850	9532025	-75771	-75846	-78387	-78527	-72604	-78817
ENSMUST00000038027	AAGGGTACACTGGCAAATCCATCACGGACATCA	34220869	34208249	12620	34208310	12559	34215955	4914	34216009	4860	34207900	12969	34218297	2572	34220902	12653	12592	4947	4893	13002	2605
ENSMUST00000080665	TGGGCCGAGTGCACATGGTGGAGGATCTTCTGA	66145455	65855186	290269	65855414	290041	65859406	286049	65859534	285921	65851195	294260	65870919	274536	66133565	278379	278151	274159	274031	282370	262646
ENSMUST00000080665	TGGGCCGAGTGCACATGGTGGAGGATCTTCTGA	66145455	66155416	-9961	66155547	-10092	66159856	-14401	66160053	-14598	66147404	-1949	66168056	-22601	66133565	-21851	-21982	-26291	-26488	-13839	-34491
ENSMUST00000080665	TGGGCCGAGTGCACATGGTGGAGGATCTTCTGA	66145455	66156819	-11364	66156973	-11518	66159856	-14401	66160053	-14598	66155547	-10092	66168056	-22601	66133565	-23254	-23408	-26291	-26488	-21982	-34491
ENSMUST00000080665	TGGGCCGAGTGCACATGGTGGAGGATCTTCTGA	66145455	66156819	-11364	66156978	-11523	66159856	-14401	66160053	-14598	66155547	-10092	66168056	-22601	66133565	-23254	-23413	-26291	-26488	-21982	-34491
ENSMUST00000075316	TACCCTCATCATCATCTCCTCCTACACGGCTAA	80702511	80689102	13409	80689351	13160	80691319	11192	80691434	11077	80688714	13797	80692284	10227	80702544	13442	13193	11225	11110	13830	10260
ENSMUST00000075316	TACCCTCATCATCATCTCCTCCTACACGGCTAA	80702511	80690403	12108	80690518	11993	80691319	11192	80691434	11077	80689351	13160	80692284	10227	80702544	12141	12026	11225	11110	13193	10260
ENSMUST00000077078	CCTCCTCCTCACAGCACAATCCTTACCTGCCAAC	3417413	3428883	-11470	3428902	-11489	3432399	-14986	3432620	-15207	3426678	-9265	3438204	-20791	3417447	-11436	-11455	-14952	-15173	-9231	-20757
ENSMUST00000077078	CCTCCTCCTCACAGCACAATCCTTACCTGCCAAC	3417413	3432399	-14986	3432620	-15207	3438204	-20791	3438323	-20910	3428902	-11489	3452208	-34795	3417447	-14952	-15173	-20757	-20876	-11455	-34761
ENSMUST00000027127	CCAGAAGAACAAAAAGAAAGAAAAATAATGAAGT	55003141	54997011	6130	54997194	5947	54998037	5104	54998259	4882	54996928	6213	54999626	3515	55003175	6164	5981	5138	4916	6247	3549
ENSMUST00000003961	GCTCGCCCTACGGACTGCACCACCTATACATACCA	45339188	45342325	-3137	45342501	-3313	45343552	-4364	45343579	-4391	45341784	-2596	45343740	-4552	45339223	-3102	-3278	-4329	-4356	-2561	-4517
ENSMUST00000102655	ATTTTCACTGTACATACAGTTCAGGGATTGCGAAC	79835588	79887840	-52252	79887941	-52353	79927674	-92086	79927788	-92200	79878248	-42660	80128733	-293145	79835623	-52217	-52318	-92051	-92165	-42625	-293110
ENSMUST00000131070	AGTTGTAAAGACAGAGAGGTGAACGCTGTCGATTC	37325187	37290043	35144	37290188	34999	37290669	34518	37290814	34373	37288208	36979	37295882	29305	37325222	35179	35034	34553	34408	37014	29340
ENSMUST00000199942	TTTCCCACCTGCCCTCTCTGCAGCTGCTATTGCTG	52564011	52555661	8350	52555733	8278	52560162	3849	52560234	3777	52554572	9439	52562125	1886	52562135	6474	6402	1973	1901	7563	10
ENSMUST00000117177	AAAGGGAGAACAGGTGAACTAACAGTGTGGGTTAC	118192934	118234140	-41206	118234217	-41283	118237126	-44192	118237596	-44662	118232502	-39568	118242457	-49523	118192969	-41171	-41248	-44157	-44627	-39533	-49488
ENSMUST00000117177	AAAGGGAGAACAGGTGAACTAACAGTGTGGGTTAC	118192934	118234140	-41206	118234217	-41283	118237126	-44192	118237599	-44665	118232502	-39568	118242457	-49523	118192969	-41171	-41248	-44157	-44630	-39533	-49488
ENSMUST00000071103	GATATCGATAAAGGGCATGTGAAGTTCTCTAAGAA	13239151	13244967	-5816	13244997	-5846	13245685	-6534	13245749	-6598	13243956	-4805	13246025	-6874	13237737	-7230	-7260	-7948	-8012	-6219	-8288
ENSMUST00000036450	AGGGTGTGACTTTCATTCCCGGTTCATCCTCTACT	122088265	122066244	22021	122066459	21806	122068738	19527	122068901	19364	122065656	22609	122069868	18397	122088300	22056	21841	19562	19399	22644	18432
ENSMUST00000036450	AGGGTGTGACTTTCATTCCCGGTTCATCCTCTACT	122088265	122072845	15420	122073005	15260	122074503	13762	122074612	13653	122072309	15956	122075294	12971	122088300	15455	15295	13797	13688	15991	13006
ENSMUST00000036450	AGGGTGTGACTTTCATTCCCGGTTCATCCTCTACT	122088265	122084894	3371	122085040	3225	122086862	1403	122086969	1296	122083561	4704	122088132	133	122088300	3406	3260	1438	1331	4739	168
ENSMUST00000036450	AGGGTGTGACTTTCATTCCCGGTTCATCCTCTACT	122088265	122098100	-9835	122098256	-9991	122101645	-13380	122101778	-13513	122097431	-9166	122103907	-15642	122088300	-9800	-9956	-13345	-13478	-9131	-15607
ENSMUST00000046603	CGTGCTCATCATCATCTACCATGCCAGGGCCACACT	108591726	108613512	-21786	108613638	-21912	108616908	-25182	108617051	-25325	108609480	-17754	108623259	-31533	108591762	-21750	-21876	-25146	-25289	-17718	-31497
ENSMUST00000046603	CGTGCTCATCATCATCTACCATGCCAGGGCCACACT	108591726	108613512	-21786	108613638	-21912	108616908	-25182	108617051	-25325	108609480	-17754	108625029	-33303	108591762	-21750	-21876	-25146	-25289	-17718	-33267
ENSMUST00000046603	CGTGCTCATCATCATCTACCATGCCAGGGCCACACT	108591726	108616908	-25182	108617051	-25325	108625029	-33303	108625091	-33365	108613638	-21912	108629500	-37774	108591762	-25146	-25289	-33267	-33329	-21876	-37738
ENSMUST00000059595	CTCAAGTCCCCTCTGGTCTCTCAGTCTCTCGCATTT	107938847	107951465	-12618	107951606	-12759	107953641	-14794	107953749	-14902	107939680	-833	107961572	-22725	107938883	-12582	-12723	-14758	-14866	-797	-22689
ENSMUST00000059595	CTCAAGTCCCCTCTGGTCTCTCAGTCTCTCGCATTT	107938847	107953641	-14794	107953749	-14902	107961572	-22725	107961653	-22806	107951606	-12759	107978233	-39386	107938883	-14758	-14866	-22689	-22770	-12723	-39350
ENSMUST00000059595	CTCAAGTCCCCTCTGGTCTCTCAGTCTCTCGCATTT	107938847	108192129	-253282	108192212	-253365	108340645	-401798	108340677	-401830	108057873	-119026	108343494	-404647	107938883	-253246	-253329	-401762	-401794	-118990	-404611
ENSMUST00000182213	AAATATCACAGTCTGCTCTTCCTCCTCTTCCTGGGA	6069898	6056978	12920	6056993	12905	6057516	12382	6057591	12307	6052923	16975	6061846	8052	6069934	12956	12941	12418	12343	17011	8088
ENSMUST00000182213	AAATATCACAGTCTGCTCTTCCTCCTCTTCCTGGGA	6069898	6065704	4194	6065845	4053	6069830	68	6070091	-193	6064421	5477	6111684	-41786	6069934	4230	4089	104	-157	5513	-41750
ENSMUST00000182213	AAATATCACAGTCTGCTCTTCCTCCTCTTCCTGGGA	6069898	6069830	68	6070091	-193	6111684	-41786	6112439	-42541	6064421	5477	6115813	-45915	6069934	104	-157	-41750	-42505	5513	-45879
ENSMUST00000182213	AAATATCACAGTCTGCTCTTCCTCCTCTTCCTGGGA	6069898	6069830	68	6070091	-193	6111684	-41786	6112439	-42541	6065845	4053	6115813	-45915	6069934	104	-157	-41750	-42505	4089	-45879
ENSMUST00000039782	ATGAGAAAATCAAAAGTTTTATTTGGGAACTAATCA	160983803	161041984	-58181	161042129	-58326	161052387	-68584	161052905	-69102	161039343	-55540	161059918	-76115	160983839	-58145	-58290	-68548	-69066	-55504	-76079
ENSMUST00000039782	ATGAGAAAATCAAAAGTTTTATTTGGGAACTAATCA	160983803	161041984	-58181	161042132	-58329	161059918	-76115	161059974	-76171	161039343	-55540	161108988	-125185	160983839	-58145	-58293	-76079	-76135	-55504	-125149
ENSMUST00000179865	AATTCAGAATTGACTATAATTGAACACCTGCTAAAA	50295189	50307469	-12280	50307662	-12473	50311603	-16414	50311780	-16591	50304515	-9326	50325492	-30303	50295225	-12244	-12437	-16378	-16555	-9290	-30267
ENSMUST00000179865	AATTCAGAATTGACTATAATTGAACACCTGCTAAAA	50295189	50307469	-12280	50307662	-12473	50311603	-16414	50311784	-16595	50304515	-9326	50325492	-30303	50295225	-12244	-12437	-16378	-16559	-9290	-30267
ENSMUST00000059595	TAAACCATGTGTACGTTCATTCTAATCTCTGGGAGAT	107934331	107951465	-17134	107951606	-17275	107953641	-19310	107953749	-19418	107939680	-5349	107961572	-27241	107934368	-17097	-17238	-19273	-19381	-5312	-27204
ENSMUST00000059595	TAAACCATGTGTACGTTCATTCTAATCTCTGGGAGAT	107934331	107953641	-19310	107953749	-19418	107961572	-27241	107961653	-27322	107951606	-17275	107978233	-43902	107934368	-19273	-19381	-27204	-27285	-17238	-43865
ENSMUST00000059595	TAAACCATGTGTACGTTCATTCTAATCTCTGGGAGAT	107934331	108192129	-257798	108192212	-257881	108340645	-406314	108340677	-406346	108057873	-123542	108343494	-409163	107934368	-257761	-257844	-406277	-406309	-123505	-409126
ENSMUST00000092973	CCACTCGGAAAGAGATCCCCTCCCAGGCTGTCCCTCG	69299491	69320817	-21326	69320974	-21483	69321355	-21864	69321419	-21928	69319974	-20483	69321848	-22357	69299528	-21289	-21446	-21827	-21891	-20446	-22320
ENSMUST00000092973	CCACTCGGAAAGAGATCCCCTCCCAGGCTGTCCCTCG	69299491	69321355	-21864	69321419	-21928	69321848	-22357	69321933	-22442	69320974	-21483	69322689	-23198	69299528	-21827	-21891	-22320	-22405	-21446	-23161
ENSMUST00000056919	CCGCCGCCGCCGCCGCGCTCCTCCTCTTGCTTGGGCA	95488590	95465650	22940	95465710	22880	95473370	15220	95473421	15169	95461629	26961	95477211	11379	95488627	22977	22917	15257	15206	26998	11416
ENSMUST00000111159	GCCAAGGGTCTTCACCCTCACCACCTTTCACTCACAT	177022334	177050037	-27703	177050252	-27918	177059333	-36999	177059462	-37128	177043862	-21528	177067210	-44876	177022371	-27666	-27881	-36962	-37091	-21491	-44839
ENSMUST00000111159	GCCAAGGGTCTTCACCCTCACCACCTTTCACTCACAT	177022334	177059333	-36999	177059462	-37128	177067210	-44876	177067333	-44999	177050252	-27918	177078773	-56439	177022371	-36962	-37091	-44839	-44962	-27881	-56402
ENSMUST00000111159	GCCAAGGGTCTTCACCCTCACCACCTTTCACTCACAT	177022334	177067210	-44876	177067333	-44999	177078773	-56439	177078842	-56508	177059462	-37128	177080200	-57866	177022371	-44839	-44962	-56402	-56471	-37091	-57829
ENSMUST00000111159	GCCAAGGGTCTTCACCCTCACCACCTTTCACTCACAT	177022334	177096966	-74632	177097098	-74764	177130970	-108636	177131096	-108762	177080266	-57932	177248675	-226341	177022371	-74595	-74727	-108599	-108725	-57895	-226304
ENSMUST00000111159	GCCAAGGGTCTTCACCCTCACCACCTTTCACTCACAT	177022334	177102961	-80627	177103106	-80772	177109626	-87292	177109738	-87404	177097098	-74764	177130970	-108636	177022371	-80590	-80735	-87255	-87367	-74727	-108599
ENSMUST00000111159	GCCAAGGGTCTTCACCCTCACCACCTTTCACTCACAT	177022334	177109626	-87292	177109738	-87404	177130970	-108636	177131096	-108762	177103106	-80772	177248675	-226341	177022371	-87255	-87367	-108599	-108725	-80735	-226304
ENSMUST00000111159	GCCAAGGGTCTTCACCCTCACCACCTTTCACTCACAT	177022334	177130970	-108636	177131096	-108762	177248675	-226341	177248881	-226547	177109738	-87404	177258145	-235811	177022371	-108599	-108725	-226304	-226510	-87367	-235774
ENSMUST00000107793	GCGGGTGCTGAAGCTAGTTCGCTTCCTGCCGGCACTG	94443248	94413089	30159	94413224	30024	94414930	28318	94415074	28174	94411616	31632	94415742	27506	94443285	30196	30061	28355	28211	31669	27543
ENSMUST00000107793	GCGGGTGCTGAAGCTAGTTCGCTTCCTGCCGGCACTG	94443248	94465398	-22150	94465496	-22248	94465820	-22572	94465954	-22706	94463501	-20253	94466115	-22867	94443285	-22113	-22211	-22535	-22669	-20216	-22830
ENSMUST00000159855	GTTTGGAAACTAGCCCCATAACCGACACTGACCTGGC	103148568	103177255	-28687	103177330	-28762	103182353	-33785	103182494	-33926	103174990	-26422	103184831	-36263	103148605	-28650	-28725	-33748	-33889	-26385	-36226
ENSMUST00000159855	GTTTGGAAACTAGCCCCATAACCGACACTGACCTGGC	103148568	103182353	-33785	103182494	-33926	103184831	-36263	103184948	-36380	103177330	-28762	103185583	-37015	103148605	-33748	-33889	-36226	-36343	-28725	-36978
ENSMUST00000159855	GTTTGGAAACTAGCCCCATAACCGACACTGACCTGGC	103148568	103248361	-99793	103248566	-99998	103252408	-103840	103252526	-103958	103247900	-99332	103260195	-111627	103148605	-99756	-99961	-103803	-103921	-99295	-111590
ENSMUST00000202651	CACAGCTCATCCTCTCTGCTGCCTTTCCACTACAACA	76209921	76231395	-21474	76231548	-21627	76235765	-25844	76235855	-25934	76230359	-20438	76236281	-26360	76209958	-21437	-21590	-25807	-25897	-20401	-26323
ENSMUST00000053699	GAGAAGAAGGGGCGTCTGATTGTGGAACATAGTGTTTT	125751762	125773175	-21413	125773500	-21738	125775552	-23790	125775731	-23969	125771544	-19782	125782598	-30836	125751800	-21375	-21700	-23752	-23931	-19744	-30798
ENSMUST00000108407	GTGGAAGCGCATCTGCTTTCCTTGCTGTCTGTGCAAAT	76417439	76486437	-68998	76486536	-69097	76508887	-91448	76509072	-91633	76479180	-61741	76571030	-153591	76417477	-68960	-69059	-91410	-91595	-61703	-153553
ENSMUST00000108407	GTGGAAGCGCATCTGCTTTCCTTGCTGTCTGTGCAAAT	76417439	76486437	-68998	76486536	-69097	76508887	-91448	76509072	-91633	76479180	-61741	76571030	-153591	76417477	-68960	-69059	-91410	-91595	-61703	-153553
ENSMUST00000058496	AACTGCCTACAGACATCATCACAGCAGCCTCCTCACTT	77529685	77550871	-21186	77551000	-21315	77553672	-23987	77553909	-24224	77549475	-19790	77555563	-25878	77529723	-21148	-21277	-23949	-24186	-19752	-25840
ENSMUST00000161938	TGCTGGACGGTGCCGGGGCCCTGGGCAAGTTTGACTTC	124128675	124140523	-11848	124140751	-12076	124142068	-13393	124142190	-13515	124136401	-7726	124143432	-14757	124128713	-11810	-12038	-13355	-13477	-7688	-14719
ENSMUST00000161938	TGCTGGACGGTGCCGGGGCCCTGGGCAAGTTTGACTTC	124128675	124142068	-13393	124142190	-13515	124143432	-14757	124143647	-14972	124140751	-12076	124152543	-23868	124128713	-13355	-13477	-14719	-14934	-12038	-23830
ENSMUST00000161938	TGCTGGACGGTGCCGGGGCCCTGGGCAAGTTTGACTTC	124128675	124143432	-14757	124143647	-14972	124152543	-23868	124152719	-24044	124142190	-13515	124186938	-58263	124128713	-14719	-14934	-23830	-24006	-13477	-58225
ENSMUST00000110701	GGCCAGGGGACTTCTCAGAAGAATTGTCAACACTGTTT	120716173	120783694	-67521	120783799	-67626	120785978	-69805	120786119	-69946	120777599	-61426	120790281	-74108	120716211	-67483	-67588	-69767	-69908	-61388	-74070
ENSMUST00000110701	GGCCAGGGGACTTCTCAGAAGAATTGTCAACACTGTTT	120716173	120783694	-67521	120783799	-67626	120790281	-74108	120790355	-74182	120777599	-61426	120806758	-90585	120716211	-67483	-67588	-74070	-74144	-61388	-90547
ENSMUST00000198607	CCAGGGTTACTATCCCTCCACCAACCCTCGGAGTCGCC	69500485	69503634	-3149	69503735	-3250	69504605	-4120	69504732	-4247	69503078	-2593	69506915	-6430	69500523	-3111	-3212	-4082	-4209	-2555	-6392
ENSMUST00000109552	TAAGCTATCTGTGCAGAATATTGCGCACTTTTTCCACA	85215078	85218181	-3103	85218259	-3181	85219405	-4327	85219494	-4416	85217011	-1933	85221470	-6392	85215116	-3065	-3143	-4289	-4378	-1895	-6354
ENSMUST00000109552	TAAGCTATCTGTGCAGAATATTGCGCACTTTTTCCACA	85215078	85218181	-3103	85218259	-3181	85219405	-4327	85219494	-4416	85217011	-1933	85221470	-6392	85215116	-3065	-3143	-4289	-4378	-1895	-6354
ENSMUST00000090243	TGCCTTCCTGGGGTCATCCCGTACTCACTGGCCTACGCC	39349506	39354976	-5470	39355122	-5616	39357399	-7893	39357483	-7977	39352750	-3244	39359949	-10443	39347316	-7660	-7806	-10083	-10167	-5434	-12633
ENSMUST00000090243	TGCCTTCCTGGGGTCATCCCGTACTCACTGGCCTACGCC	39349506	39367643	-18137	39367766	-18260	39371205	-21699	39371329	-21823	39367046	-17540	39372078	-22572	39347316	-20327	-20450	-23889	-24013	-19730	-24762
ENSMUST00000090243	TGCCTTCCTGGGGTCATCCCGTACTCACTGGCCTACGCC	39349506	39367643	-18137	39367766	-18260	39372078	-22572	39372137	-22631	39367046	-17540	39372846	-23340	39347316	-20327	-20450	-24762	-24821	-19730	-25530
ENSMUST00000118209	AGAACGCGGCCGCCCTAGGTCCAGGGGTATTACAGGCAA	105958876	105951590	7286	105951716	7160	105954017	4859	105954181	4695	105943866	15010	105955895	2981	105955913	4323	4197	1896	1732	12047	18
ENSMUST00000118209	AGAACGCGGCCGCCCTAGGTCCAGGGGTATTACAGGCAA	105958876	105951590	7286	105951716	7160	105955895	2981	105956041	2835	105943866	15010	105958861	15	105955913	4323	4197	18	-128	12047	-2948
ENSMUST00000088615	AACTGCACCCTGGATATCTTCAAAACCACAATTCCTCAC	10153514	10215836	-62322	10215993	-62479	10216528	-63014	10216559	-63045	10214271	-60757	10232370	-78856	10151830	-64006	-64163	-64698	-64729	-62441	-80540
ENSMUST00000088615	AACTGCACCCTGGATATCTTCAAAACCACAATTCCTCAC	10153514	10215836	-62322	10215993	-62479	10216528	-63014	10216559	-63045	10214271	-60757	10232370	-78856	10151830	-64006	-64163	-64698	-64729	-62441	-80540
ENSMUST00000021347	TTTTTCTTTCTTCGTTCTGCAAACATACACAAGACACTCG	91806514	91823533	-17019	91823590	-17076	91824819	-18305	91824974	-18460	91820110	-13596	91825296	-18782	91806554	-16979	-17036	-18265	-18420	-13556	-18742
ENSMUST00000021347	TTTTTCTTTCTTCGTTCTGCAAACATACACAAGACACTCG	91806514	91824819	-18305	91824974	-18460	91825296	-18782	91825378	-18864	91823590	-17076	91826504	-19990	91806554	-18265	-18420	-18742	-18824	-17036	-19950
ENSMUST00000021347	TTTTTCTTTCTTCGTTCTGCAAACATACACAAGACACTCG	91806514	91831766	-25252	91831784	-25270	91833054	-26540	91833222	-26708	91831674	-25160	91841637	-35123	91806554	-25212	-25230	-26500	-26668	-25120	-35083
ENSMUST00000021347	TTTTTCTTTCTTCGTTCTGCAAACATACACAAGACACTCG	91806514	91831766	-25252	91831784	-25270	91833204	-26690	91833222	-26708	91831674	-25160	91841637	-35123	91806554	-25212	-25230	-26650	-26668	-25120	-35083
ENSMUST00000154230	ATCTGTCATTCTAAGAGAGAAACCTCAGTCTGGCCGCCAG	20881635	20854934	26701	20855040	26595	20855353	26282	20855395	26240	20853069	28566	20855580	26055	20881675	26741	26635	26322	26280	28606	26095
ENSMUST00000154230	ATCTGTCATTCTAAGAGAGAAACCTCAGTCTGGCCGCCAG	20881635	20892084	-10449	20892177	-10542	20912276	-30641	20912301	-30666	20889953	-8318	20914631	-32996	20881675	-10409	-10502	-30601	-30626	-8278	-32956
ENSMUST00000077458	CTTTTCCCTTAGGACTGAACCACACTAGCACCGGTTGATT	32789351	32800579	-11228	32800681	-11330	32802753	-13402	32802892	-13541	32798190	-8839	32806068	-16717	32789391	-11188	-11290	-13362	-13501	-8799	-16677
ENSMUST00000077458	CTTTTCCCTTAGGACTGAACCACACTAGCACCGGTTGATT	32789351	32819833	-30482	32819910	-30559	32821834	-32483	32821916	-32565	32818505	-29154	32823535	-34184	32789391	-30442	-30519	-32443	-32525	-29114	-34144
ENSMUST00000077458	CTTTTCCCTTAGGACTGAACCACACTAGCACCGGTTGATT	32789351	32800579	-11228	32800681	-11330	32802753	-13402	32802892	-13541	32798190	-8839	32806068	-16717	32789391	-11188	-11290	-13362	-13501	-8799	-16677
ENSMUST00000077458	CTTTTCCCTTAGGACTGAACCACACTAGCACCGGTTGATT	32789351	32819833	-30482	32819910	-30559	32821834	-32483	32821916	-32565	32818505	-29154	32823535	-34184	32789391	-30442	-30519	-32443	-32525	-29114	-34144
ENSMUST00000182627	CTATCACAGTGTCTGCCCTGTGAGGAATGAGAGCGCCTCA	29408901	29413728	-4827	29413801	-4900	29415782	-6881	29415879	-6978	29409872	-971	29417764	-8863	29408941	-4787	-4860	-6841	-6938	-931	-8823
ENSMUST00000182627	CTATCACAGTGTCTGCCCTGTGAGGAATGAGAGCGCCTCA	29408901	29413728	-4827	29413801	-4900	29415810	-6909	29415879	-6978	29409872	-971	29417764	-8863	29408941	-4787	-4860	-6869	-6938	-931	-8823
ENSMUST00000182627	CTATCACAGTGTCTGCCCTGTGAGGAATGAGAGCGCCTCA	29408901	29469240	-60339	29469310	-60409	29473433	-64532	29473503	-64602	29459567	-50666	29475387	-66486	29408941	-60299	-60369	-64492	-64562	-50626	-66446
ENSMUST00000182627	CTATCACAGTGTCTGCCCTGTGAGGAATGAGAGCGCCTCA	29408901	29471888	-62987	29472023	-63122	29473433	-64532	29473503	-64602	29469310	-60409	29475387	-66486	29408941	-62947	-63082	-64492	-64562	-60369	-66446
ENSMUST00000182627	CTATCACAGTGTCTGCCCTGTGAGGAATGAGAGCGCCTCA	29408901	29479755	-70854	29479902	-71001	29490009	-81108	29490183	-81282	29475628	-66727	29541243	-132342	29408941	-70814	-70961	-81068	-81242	-66687	-132302
ENSMUST00000072299	ATATAATATTAGTAGCACTGAGACCCTTCCCCCACGGTAAT	11325813	11332000	-6187	11332216	-6403	11386814	-61001	11386981	-61168	11326504	-691	11436356	-110543	11325854	-6146	-6362	-60960	-61127	-650	-110502
ENSMUST00000076623	TCCTAACCCAGTCAAGCATATATGATAACAGGAAGGAAAAA	62733050	62638961	94089	62639036	94014	62641327	91723	62641396	91654	62636069	96981	62642794	90256	62730551	91590	91515	89224	89155	94482	87757
ENSMUST00000177517	CCGGACCTCCAGTCCCTGCGCTACGCCCTGTCGCTCTACAC	71634611	71637771	-3160	71637810	-3199	71639216	-4605	71639222	-4611	71636567	-1956	71639699	-5088	71634652	-3119	-3158	-4564	-4570	-1915	-5047
ENSMUST00000177517	CCGGACCTCCAGTCCCTGCGCTACGCCCTGTCGCTCTACAC	71634611	71650526	-15915	71650677	-16066	71651123	-16512	71651287	-16676	71649922	-15311	71651952	-17341	71634652	-15874	-16025	-16471	-16635	-15270	-17300
ENSMUST00000037391	GTCCCAGACGGTCCAGGTCTGAGGATCCAATAGGGAAGCTG	71421696	71440524	-18828	71440611	-18915	71441073	-19377	71441145	-19449	71438199	-16503	71450610	-28914	71421737	-18787	-18874	-19336	-19408	-16462	-28873
ENSMUST00000037391	GTCCCAGACGGTCCAGGTCTGAGGATCCAATAGGGAAGCTG	71421696	71441073	-19377	71441145	-19449	71450610	-28914	71450673	-28977	71440611	-18915	71492521	-70825	71421737	-19336	-19408	-28873	-28936	-18874	-70784
ENSMUST00000056149	ACTTCTTCCATTCTGCCCACCTGTCTGTCACCTAACCTGGCC	150833046	150834278	-1232	150834406	-1360	150835272	-2226	150835351	-2305	150833140	-94	150837351	-4305	150833088	-1190	-1318	-2184	-2263	-52	-4263
ENSMUST00000056149	ACTTCTTCCATTCTGCCCACCTGTCTGTCACCTAACCTGGCC	150833046	150835272	-2226	150835351	-2305	150837351	-4305	150837434	-4388	150834406	-1360	150838314	-5268	150833088	-2184	-2263	-4263	-4346	-1318	-5226
ENSMUST00000056149	ACTTCTTCCATTCTGCCCACCTGTCTGTCACCTAACCTGGCC	150833046	150846243	-13197	150846363	-13317	150848351	-15305	150848457	-15411	150843421	-10375	150858359	-25313	150833088	-13155	-13275	-15263	-15369	-10333	-25271
ENSMUST00000056149	ACTTCTTCCATTCTGCCCACCTGTCTGTCACCTAACCTGGCC	150833046	150848351	-15305	150848457	-15411	150858359	-25313	150858484	-25438	150846363	-13317	150904356	-71310	150833088	-15263	-15369	-25271	-25396	-13275	-71268
ENSMUST00000036161	ACGTGAACCTTGCCTGGAGCATCTCTCCATACCTCGCTGTGCA	17297073	17281848	15225	17282008	15065	17282285	14788	17282406	14667	17281109	15964	17282616	14457	17295399	13551	13391	13114	12993	14290	12783
ENSMUST00000036161	ACGTGAACCTTGCCTGGAGCATCTCTCCATACCTCGCTGTGCA	17297073	17299441	-2368	17299569	-2496	17300992	-3919	17301100	-4027	17297670	-597	17302990	-5917	17295399	-4042	-4170	-5593	-5701	-2271	-7591
ENSMUST00000036161	ACGTGAACCTTGCCTGGAGCATCTCTCCATACCTCGCTGTGCA	17297073	17307702	-10629	17307830	-10757	17308065	-10992	17308222	-11149	17303443	-6370	17309305	-12232	17295399	-12303	-12431	-12666	-12823	-8044	-13906
ENSMUST00000036161	ACGTGAACCTTGCCTGGAGCATCTCTCCATACCTCGCTGTGCA	17297073	17312351	-15278	17312471	-15398	17315548	-18475	17315638	-18565	17309398	-12325	17316961	-19888	17295399	-16952	-17072	-20149	-20239	-13999	-21562
ENSMUST00000036161	ACGTGAACCTTGCCTGGAGCATCTCTCCATACCTCGCTGTGCA	17297073	17318482	-21409	17318553	-21480	17323036	-25963	17323070	-25997	17318404	-21331	17325112	-28039	17295399	-23083	-23154	-27637	-27671	-23005	-29713
ENSMUST00000036161	ACGTGAACCTTGCCTGGAGCATCTCTCCATACCTCGCTGTGCA	17297073	17360496	-63423	17360593	-63520	17363946	-66873	17364012	-66939	17359086	-62013	17367403	-70330	17295399	-65097	-65194	-68547	-68613	-63687	-72004
ENSMUST00000036161	ACGTGAACCTTGCCTGGAGCATCTCTCCATACCTCGCTGTGCA	17297073	17381800	-84727	17381889	-84816	17386235	-89162	17386329	-89256	17378514	-81441	17389340	-92267	17295399	-86401	-86490	-90836	-90930	-83115	-93941
ENSMUST00000036161	ACGTGAACCTTGCCTGGAGCATCTCTCCATACCTCGCTGTGCA	17297073	17381800	-84727	17381889	-84816	17389340	-92267	17389457	-92384	17378514	-81441	17405633	-108560	17295399	-86401	-86490	-93941	-94058	-83115	-110234
ENSMUST00000036161	ACGTGAACCTTGCCTGGAGCATCTCTCCATACCTCGCTGTGCA	17297073	17386235	-89162	17386329	-89256	17389340	-92267	17389457	-92384	17381889	-84816	17405633	-108560	17295399	-90836	-90930	-93941	-94058	-86490	-110234
ENSMUST00000163663	CTAACTTACCCAGGGGGGCCTGTGCTCTCTTACTCACCTCTGT	36571292	36857925	-286633	36858075	-286783	36937559	-366267	36938758	-367466	36850295	-279003	36952120	-380828	36571335	-286590	-286740	-366224	-367423	-278960	-380785
ENSMUST00000225431	CATACTTCAATGACAATATCCTCACCCTAATACGGACCCTGGT	23314148	23306724	7424	23306753	7395	23309039	5109	23309264	4884	23300045	14103	23311648	2500	23314191	7467	7438	5152	4927	14146	2543
ENSMUST00000225431	CATACTTCAATGACAATATCCTCACCCTAATACGGACCCTGGT	23314148	23386259	-72111	23386353	-72205	23435949	-121801	23436026	-121878	23373261	-59113	23441992	-127844	23314191	-72068	-72162	-121758	-121835	-59070	-127801
ENSMUST00000225431	CATACTTCAATGACAATATCCTCACCCTAATACGGACCCTGGT	23314148	23387091	-72943	23387100	-72952	23390920	-76772	23391007	-76859	23386353	-72205	23435949	-121801	23314191	-72900	-72909	-76729	-76816	-72162	-121758
ENSMUST00000225431	CATACTTCAATGACAATATCCTCACCCTAATACGGACCCTGGT	23314148	23387091	-72943	23387100	-72952	23402869	-88721	23402878	-88730	23386353	-72205	23435949	-121801	23314191	-72900	-72909	-88678	-88687	-72162	-121758
ENSMUST00000225431	CATACTTCAATGACAATATCCTCACCCTAATACGGACCCTGGT	23314148	23387091	-72943	23387100	-72952	23425566	-111418	23425740	-111592	23386353	-72205	23435949	-121801	23314191	-72900	-72909	-111375	-111549	-72162	-121758
ENSMUST00000225431	CATACTTCAATGACAATATCCTCACCCTAATACGGACCCTGGT	23314148	23387091	-72943	23387100	-72952	23425566	-111418	23425749	-111601	23386353	-72205	23435949	-121801	23314191	-72900	-72909	-111375	-111558	-72162	-121758
ENSMUST00000225431	CATACTTCAATGACAATATCCTCACCCTAATACGGACCCTGGT	23314148	23390920	-76772	23391007	-76859	23402869	-88721	23402878	-88730	23386353	-72205	23435949	-121801	23314191	-76729	-76816	-88678	-88687	-72162	-121758
ENSMUST00000225431	CATACTTCAATGACAATATCCTCACCCTAATACGGACCCTGGT	23314148	23390920	-76772	23391007	-76859	23425566	-111418	23425740	-111592	23386353	-72205	23435949	-121801	23314191	-76729	-76816	-111375	-111549	-72162	-121758
ENSMUST00000225431	CATACTTCAATGACAATATCCTCACCCTAATACGGACCCTGGT	23314148	23390920	-76772	23391007	-76859	23425566	-111418	23425749	-111601	23386353	-72205	23435949	-121801	23314191	-76729	-76816	-111375	-111558	-72162	-121758
ENSMUST00000225431	CATACTTCAATGACAATATCCTCACCCTAATACGGACCCTGGT	23314148	23402869	-88721	23402878	-88730	23425566	-111418	23425740	-111592	23386353	-72205	23435949	-121801	23314191	-88678	-88687	-111375	-111549	-72162	-121758
ENSMUST00000225431	CATACTTCAATGACAATATCCTCACCCTAATACGGACCCTGGT	23314148	23402869	-88721	23402878	-88730	23425566	-111418	23425749	-111601	23386353	-72205	23435949	-121801	23314191	-88678	-88687	-111375	-111558	-72162	-121758
ENSMUST00000225431	CATACTTCAATGACAATATCCTCACCCTAATACGGACCCTGGT	23314148	23526535	-212387	23526627	-212479	23526724	-212576	23526816	-212668	23509900	-195752	23528349	-214201	23314191	-212344	-212436	-212533	-212625	-195709	-214158
ENSMUST00000004673	CAACACGCACCCAACCTGGAGAACATTGAACTCTACTGGAATA	51908128	51908329	-201	51908386	-258	51908567	-439	51908654	-526	51908171	-43	51908873	-745	51907585	-744	-801	-982	-1069	-586	-1288
ENSMUST00000004673	CAACACGCACCCAACCTGGAGAACATTGAACTCTACTGGAATA	51908128	51910057	-1929	51910120	-1992	51910314	-2186	51910435	-2307	51908934	-806	51910679	-2551	51907585	-2472	-2535	-2729	-2850	-1349	-3094
ENSMUST00000100561	TTTTCGCCCAGTGTGGATGGTGATGGGGACAGGAAGAAGCGCT	94438155	94413089	25066	94413224	24931	94414930	23225	94415074	23081	94411616	26539	94415742	22413	94437838	24749	24614	22908	22764	26222	22096
ENSMUST00000100561	TTTTCGCCCAGTGTGGATGGTGATGGGGACAGGAAGAAGCGCT	94438155	94465398	-27243	94465496	-27341	94465820	-27665	94465954	-27799	94463501	-25346	94466115	-27960	94437838	-27560	-27658	-27982	-28116	-25663	-28277
ENSMUST00000089317	TTGGACCTCGAGCAGAGCGGGACCCTGTTGGAAGTCGGCACCT	93815779	93785444	30335	93785646	30133	93792346	23433	93792553	23226	93773689	42090	93815705	74	93815822	30378	30176	23476	23269	42133	117
ENSMUST00000089317	TTGGACCTCGAGCAGAGCGGGACCCTGTTGGAAGTCGGCACCT	93815779	93792346	23433	93792553	23226	93815705	74	93815825	-46	93785646	30133	93913323	-97544	93815822	23476	23269	117	-3	30176	-97501
ENSMUST00000089317	TTGGACCTCGAGCAGAGCGGGACCCTGTTGGAAGTCGGCACCT	93815779	93792346	23433	93792553	23226	93815705	74	93815825	-46	93785646	30133	93943203	-127424	93815822	23476	23269	117	-3	30176	-127381
ENSMUST00000089317	TTGGACCTCGAGCAGAGCGGGACCCTGTTGGAAGTCGGCACCT	93815779	93815705	74	93815825	-46	93943203	-127424	93943320	-127541	93792553	23226	94283009	-467230	93815822	117	-3	-127381	-127498	23269	-467187
ENSMUST00000107596	AAACTGCCACATCGGGGGACCCTGTACCTGGTCCCCTCACCCCT	97512251	97526007	-13756	97526254	-14003	97526528	-14277	97526676	-14425	97525575	-13324	97526781	-14530	97512295	-13712	-13959	-14233	-14381	-13280	-14486
ENSMUST00000107596	AAACTGCCACATCGGGGGACCCTGTACCTGGTCCCCTCACCCCT	97512251	97537043	-24792	97537239	-24988	97542533	-30282	97542557	-30306	97536506	-24255	97548879	-36628	97512295	-24748	-24944	-30238	-30262	-24211	-36584
ENSMUST00000107596	AAACTGCCACATCGGGGGACCCTGTACCTGGTCCCCTCACCCCT	97512251	97537043	-24792	97537239	-24988	97542533	-30282	97542557	-30306	97536506	-24255	97551676	-39425	97512295	-24748	-24944	-30238	-30262	-24211	-39381
ENSMUST00000107596	AAACTGCCACATCGGGGGACCCTGTACCTGGTCCCCTCACCCCT	97512251	97542533	-30282	97542557	-30306	97548879	-36628	97548978	-36727	97537239	-24988	97551676	-39425	97512295	-30238	-30262	-36584	-36683	-24944	-39381
ENSMUST00000107596	AAACTGCCACATCGGGGGACCCTGTACCTGGTCCCCTCACCCCT	97512251	97542533	-30282	97542557	-30306	97551676	-39425	97551978	-39727	97537239	-24988	97573795	-61544	97512295	-30238	-30262	-39381	-39683	-24944	-61500
ENSMUST00000225661	ATATGGTGTTGGCTGAAAGATGTGTGTTGCTTAGTGCTGAAATT	20860445	20841527	18918	20841682	18763	20845577	14868	20845652	14793	20837189	23256	20846448	13997	20860489	18962	18807	14912	14837	23300	14041
ENSMUST00000225661	ATATGGTGTTGGCTGAAAGATGTGTGTTGCTTAGTGCTGAAATT	20860445	20854944	5501	20855076	5369	20860432	13	20860538	-93	20852854	7591	20862894	-2449	20860489	5545	5413	57	-49	7635	-2405
ENSMUST00000238317	GTGGCAGCACAGTCCACCACTCTTCCCTCTCTAAGTGGCAGACA	158175323	158104427	70896	158104502	70821	158127214	48109	158127307	48016	158084546	90777	158135187	40136	158170572	66145	66070	43358	43265	86026	35385
ENSMUST00000238317	GTGGCAGCACAGTCCACCACTCTTCCCTCTCTAAGTGGCAGACA	158175323	158127214	48109	158127307	48016	158135187	40136	158135409	39914	158104502	70821	158148579	26744	158170572	43358	43265	35385	35163	66070	21993
ENSMUST00000238317	GTGGCAGCACAGTCCACCACTCTTCCCTCTCTAAGTGGCAGACA	158175323	158135187	40136	158135409	39914	158148579	26744	158148699	26624	158127307	48016	158156787	18536	158170572	35385	35163	21993	21873	43265	13785
ENSMUST00000238317	GTGGCAGCACAGTCCACCACTCTTCCCTCTCTAAGTGGCAGACA	158175323	158135187	40136	158135409	39914	158148579	26744	158148699	26624	158127307	48016	158160232	15091	158170572	35385	35163	21993	21873	43265	10340
ENSMUST00000238317	GTGGCAGCACAGTCCACCACTCTTCCCTCTCTAAGTGGCAGACA	158175323	158148579	26744	158148699	26624	158156787	18536	158156928	18395	158135409	39914	158160232	15091	158170572	21993	21873	13785	13644	35163	10340
ENSMUST00000238317	GTGGCAGCACAGTCCACCACTCTTCCCTCTCTAAGTGGCAGACA	158175323	158164274	11049	158164386	10937	158170555	4768	158170756	4567	158164072	11251	158175102	221	158170572	6298	6186	17	-184	6500	-4530
ENSMUST00000238317	GTGGCAGCACAGTCCACCACTCTTCCCTCTCTAAGTGGCAGACA	158175323	158170555	4768	158170756	4567	158175102	221	158175351	-28	158164386	10937	158177208	-1885	158170572	17	-184	-4530	-4779	6186	-6636
ENSMUST00000238317	GTGGCAGCACAGTCCACCACTCTTCCCTCTCTAAGTGGCAGACA	158175323	158170555	4768	158170756	4567	158177208	-1885	158177333	-2010	158164386	10937	158179764	-4441	158170572	17	-184	-6636	-6761	6186	-9192
ENSMUST00000238317	GTGGCAGCACAGTCCACCACTCTTCCCTCTCTAAGTGGCAGACA	158175323	158209689	-34366	158209764	-34441	158240448	-65125	158240512	-65189	158202494	-27171	158288979	-113656	158170572	-39117	-39192	-69876	-69940	-31922	-118407
ENSMUST00000238317	GTGGCAGCACAGTCCACCACTCTTCCCTCTCTAAGTGGCAGACA	158175323	158291932	-116609	158292022	-116699	158303336	-128013	158303415	-128092	158289036	-113713	158318434	-143111	158170572	-121360	-121450	-132764	-132843	-118464	-147862
ENSMUST00000238317	GTGGCAGCACAGTCCACCACTCTTCCCTCTCTAAGTGGCAGACA	158175323	158303336	-128013	158303415	-128092	158318434	-143111	158318552	-143229	158292022	-116699	158353264	-177941	158170572	-132764	-132843	-147862	-147980	-121450	-182692
ENSMUST00000238317	GTGGCAGCACAGTCCACCACTCTTCCCTCTCTAAGTGGCAGACA	158175323	158318434	-143111	158318552	-143229	158353264	-177941	158353467	-178144	158303415	-128092	158413129	-237806	158170572	-147862	-147980	-182692	-182895	-132843	-242557
ENSMUST00000238317	GTGGCAGCACAGTCCACCACTCTTCCCTCTCTAAGTGGCAGACA	158175323	158353264	-177941	158353467	-178144	158413129	-237806	158413205	-237882	158318552	-143229	158452691	-277368	158170572	-182692	-182895	-242557	-242633	-147980	-282119
ENSMUST00000238317	GTGGCAGCACAGTCCACCACTCTTCCCTCTCTAAGTGGCAGACA	158175323	158104427	70896	158104502	70821	158127214	48109	158127307	48016	158084546	90777	158135187	40136	158170572	66145	66070	43358	43265	86026	35385
ENSMUST00000238317	GTGGCAGCACAGTCCACCACTCTTCCCTCTCTAAGTGGCAGACA	158175323	158127214	48109	158127307	48016	158135187	40136	158135409	39914	158104502	70821	158148579	26744	158170572	43358	43265	35385	35163	66070	21993
ENSMUST00000238317	GTGGCAGCACAGTCCACCACTCTTCCCTCTCTAAGTGGCAGACA	158175323	158135187	40136	158135409	39914	158148579	26744	158148699	26624	158127307	48016	158156787	18536	158170572	35385	35163	21993	21873	43265	13785
ENSMUST00000238317	GTGGCAGCACAGTCCACCACTCTTCCCTCTCTAAGTGGCAGACA	158175323	158135187	40136	158135409	39914	158148579	26744	158148699	26624	158127307	48016	158160232	15091	158170572	35385	35163	21993	21873	43265	10340
ENSMUST00000238317	GTGGCAGCACAGTCCACCACTCTTCCCTCTCTAAGTGGCAGACA	158175323	158148579	26744	158148699	26624	158156787	18536	158156928	18395	158135409	39914	158160232	15091	158170572	21993	21873	13785	13644	35163	10340
ENSMUST00000238317	GTGGCAGCACAGTCCACCACTCTTCCCTCTCTAAGTGGCAGACA	158175323	158164274	11049	158164386	10937	158170555	4768	158170756	4567	158164072	11251	158175102	221	158170572	6298	6186	17	-184	6500	-4530
ENSMUST00000238317	GTGGCAGCACAGTCCACCACTCTTCCCTCTCTAAGTGGCAGACA	158175323	158170555	4768	158170756	4567	158175102	221	158175351	-28	158164386	10937	158177208	-1885	158170572	17	-184	-4530	-4779	6186	-6636
ENSMUST00000238317	GTGGCAGCACAGTCCACCACTCTTCCCTCTCTAAGTGGCAGACA	158175323	158170555	4768	158170756	4567	158177208	-1885	158177333	-2010	158164386	10937	158179764	-4441	158170572	17	-184	-6636	-6761	6186	-9192
ENSMUST00000238317	GTGGCAGCACAGTCCACCACTCTTCCCTCTCTAAGTGGCAGACA	158175323	158209689	-34366	158209764	-34441	158240448	-65125	158240512	-65189	158202494	-27171	158288979	-113656	158170572	-39117	-39192	-69876	-69940	-31922	-118407
ENSMUST00000238317	GTGGCAGCACAGTCCACCACTCTTCCCTCTCTAAGTGGCAGACA	158175323	158291932	-116609	158292022	-116699	158303336	-128013	158303415	-128092	158289036	-113713	158318434	-143111	158170572	-121360	-121450	-132764	-132843	-118464	-147862
ENSMUST00000238317	GTGGCAGCACAGTCCACCACTCTTCCCTCTCTAAGTGGCAGACA	158175323	158303336	-128013	158303415	-128092	158318434	-143111	158318552	-143229	158292022	-116699	158353264	-177941	158170572	-132764	-132843	-147862	-147980	-121450	-182692
ENSMUST00000238317	GTGGCAGCACAGTCCACCACTCTTCCCTCTCTAAGTGGCAGACA	158175323	158318434	-143111	158318552	-143229	158353264	-177941	158353467	-178144	158303415	-128092	158413129	-237806	158170572	-147862	-147980	-182692	-182895	-132843	-242557
ENSMUST00000238317	GTGGCAGCACAGTCCACCACTCTTCCCTCTCTAAGTGGCAGACA	158175323	158353264	-177941	158353467	-178144	158413129	-237806	158413205	-237882	158318552	-143229	158452691	-277368	158170572	-182692	-182895	-242557	-242633	-147980	-282119
ENSMUST00000102592	GGTCTTCGATTGGCCAGCCATATATTTGTAAAGGAAATTTCACAA	65337053	65302743	34310	65303218	33835	65306369	30684	65306536	30517	65301283	35770	65311003	26050	65337098	34355	33880	30729	30562	35815	26095
ENSMUST00000023312	AAGTTGCGTGTGGCACAGACCCGACGGCGCAGCGCCACAGTCCCC	52453822	52305558	148264	52305778	148044	52309811	144011	52309912	143910	52296984	156838	52452392	1430	52453867	148309	148089	144056	143955	156883	1475
ENSMUST00000041342	CTTCCTATGTGTCCTCCCTCACTTCCCAATCCCACCCTCTCCGCC	24607007	24617673	-10666	24617786	-10779	24618254	-11247	24618362	-11355	24616946	-9939	24622598	-15591	24607052	-10621	-10734	-11202	-11310	-9894	-15546
ENSMUST00000041342	CTTCCTATGTGTCCTCCCTCACTTCCCAATCCCACCCTCTCCGCC	24607007	24625237	-18230	24625334	-18327	24631898	-24891	24632026	-25019	24622707	-15700	24635095	-28088	24607052	-18185	-18282	-24846	-24974	-15655	-28043
ENSMUST00000041342	CTTCCTATGTGTCCTCCCTCACTTCCCAATCCCACCCTCTCCGCC	24607007	24631898	-24891	24632026	-25019	24635095	-28088	24635240	-28233	24622707	-15700	24637425	-30418	24607052	-24846	-24974	-28043	-28188	-15655	-30373
ENSMUST00000041342	CTTCCTATGTGTCCTCCCTCACTTCCCAATCCCACCCTCTCCGCC	24607007	24631898	-24891	24632026	-25019	24635095	-28088	24635240	-28233	24625334	-18327	24637425	-30418	24607052	-24846	-24974	-28043	-28188	-18282	-30373
ENSMUST00000041342	CTTCCTATGTGTCCTCCCTCACTTCCCAATCCCACCCTCTCCGCC	24607007	24654383	-47376	24654480	-47473	24656710	-49703	24656722	-49715	24653064	-46057	24657290	-50283	24607052	-47331	-47428	-49658	-49670	-46012	-50238
ENSMUST00000149964	TTCCTGGCTTGAGTTCCTGTCCCTTTTGATTGTGGCCTCTGGAAA	181079591	181104886	-25295	181104981	-25390	181109021	-29430	181109117	-29526	181100618	-21027	181109674	-30083	181079636	-25250	-25345	-29385	-29481	-20982	-30038
ENSMUST00000110168	CAGTGGCAGGGGTTCCAAATCAAACAAATGTACAAAAGAGCCAAGT	58053707	58052223	1484	58055082	-1375	58069318	-15611	58069429	-15722	58048785	4922	58076156	-22449	58053753	1530	-1329	-15565	-15676	4968	-22403
ENSMUST00000110168	CAGTGGCAGGGGTTCCAAATCAAACAAATGTACAAAAGAGCCAAGT	58053707	58052223	1484	58055082	-1375	58069318	-15611	58069429	-15722	58048785	4922	58076156	-22449	58053753	1530	-1329	-15565	-15676	4968	-22403
ENSMUST00000159451	CTACCCAGCCTCTCTCCTGCCACAAACGGCTCAGCCACAGAGTTAT	112124838	112136453	-11615	112136681	-11843	112143308	-18470	112143538	-18700	112127460	-2622	112147422	-22584	112124884	-11569	-11797	-18424	-18654	-2576	-22538
ENSMUST00000159451	CTACCCAGCCTCTCTCCTGCCACAAACGGCTCAGCCACAGAGTTAT	112124838	112136453	-11615	112136681	-11843	112143308	-18470	112143538	-18700	112127460	-2622	112176094	-51256	112124884	-11569	-11797	-18424	-18654	-2576	-51210
ENSMUST00000159451	CTACCCAGCCTCTCTCCTGCCACAAACGGCTCAGCCACAGAGTTAT	112124838	112143308	-18470	112143538	-18700	112147422	-22584	112147482	-22644	112136681	-11843	112149334	-24496	112124884	-18424	-18654	-22538	-22598	-11797	-24450
ENSMUST00000159451	CTACCCAGCCTCTCTCCTGCCACAAACGGCTCAGCCACAGAGTTAT	112124838	112147422	-22584	112147482	-22644	112149334	-24496	112149372	-24534	112143538	-18700	112176094	-51256	112124884	-22538	-22598	-24450	-24488	-18654	-51210
ENSMUST00000159451	CTACCCAGCCTCTCTCCTGCCACAAACGGCTCAGCCACAGAGTTAT	112124838	112147422	-22584	112147482	-22644	112155417	-30579	112157798	-32960	112143538	-18700	112176094	-51256	112124884	-22538	-22598	-30533	-32914	-18654	-51210
ENSMUST00000159451	CTACCCAGCCTCTCTCCTGCCACAAACGGCTCAGCCACAGAGTTAT	112124838	112149334	-24496	112149372	-24534	112155417	-30579	112155516	-30678	112143538	-18700	112157689	-32851	112124884	-24450	-24488	-30533	-30632	-18654	-32805
ENSMUST00000159451	CTACCCAGCCTCTCTCCTGCCACAAACGGCTCAGCCACAGAGTTAT	112124838	112149334	-24496	112149372	-24534	112155417	-30579	112157798	-32960	112143538	-18700	112176094	-51256	112124884	-24450	-24488	-30533	-32914	-18654	-51210
ENSMUST00000046022	CATTTGGGGATGTAGGGCTGCTCACAGGGGATGTGCAGCTGCACCC	34846099	34848324	-2225	34848434	-2335	34849895	-3796	34849999	-3900	34848225	-2126	34850133	-4034	34846145	-2179	-2289	-3750	-3854	-2080	-3988
ENSMUST00000088615	AGGTCTCCAACAATTCGAGATATGGTTGTACGGTGTATAGCACAAA	10159591	10215836	-56245	10215993	-56402	10216528	-56937	10216559	-56968	10214271	-54680	10232370	-72779	10159637	-56199	-56356	-56891	-56922	-54634	-72733
ENSMUST00000088615	AGGTCTCCAACAATTCGAGATATGGTTGTACGGTGTATAGCACAAA	10159591	10215836	-56245	10215993	-56402	10216528	-56937	10216559	-56968	10214271	-54680	10232370	-72779	10159637	-56199	-56356	-56891	-56922	-54634	-72733
ENSMUST00000027421	AGACTTTGGGGCCTAACTAGTGAATGGTAGTGTCTAGAAAGGGTAT	84839285	84793524	45761	84794327	44958	84814822	24463	84814969	24316	84786196	53089	84839228	57	84814850	21326	20523	28	-119	28654	-24378
ENSMUST00000211537	ACCCTCACGCTGCCTCCTGTACCTGTGCCGCCTGTTGTGATGACAT	141321128	141322461	-1333	141322608	-1480	141322889	-1761	141323019	-1891	141322065	-937	141324081	-2953	141321174	-1287	-1434	-1715	-1845	-891	-2907
ENSMUST00000211537	ACCCTCACGCTGCCTCCTGTACCTGTGCCGCCTGTTGTGATGACAT	141321128	141322461	-1333	141322608	-1480	141324081	-2953	141324179	-3051	141322065	-937	141327278	-6150	141321174	-1287	-1434	-2907	-3005	-891	-6104
ENSMUST00000162412	TGTTTGATGCTTGGGATGCCTTCGCTCACCTGCCTGCCCTGATGCA	95024455	95083113	-58658	95083174	-58719	95085172	-60717	95085261	-60806	95052930	-28475	95086727	-62272	95024501	-58612	-58673	-60671	-60760	-28429	-62226
ENSMUST00000162412	TGTTTGATGCTTGGGATGCCTTCGCTCACCTGCCTGCCCTGATGCA	95024455	95085172	-60717	95085261	-60806	95086727	-62272	95086868	-62413	95052930	-28475	95090277	-65822	95024501	-60671	-60760	-62226	-62367	-28429	-65776
ENSMUST00000162412	TGTTTGATGCTTGGGATGCCTTCGCTCACCTGCCTGCCCTGATGCA	95024455	95085172	-60717	95085261	-60806	95086727	-62272	95086868	-62413	95083174	-58719	95090277	-65822	95024501	-60671	-60760	-62226	-62367	-58673	-65776
ENSMUST00000114863	TGTGAGCAGAGCAGGAAGGTCAGGTGAGAGTGGCTGTAGGAGGTCC	27752569	27767910	-15341	27768239	-15670	27786070	-33501	27786268	-33699	27753995	-1426	27793908	-41339	27752615	-15295	-15624	-33455	-33653	-1380	-41293
ENSMUST00000114863	TGTGAGCAGAGCAGGAAGGTCAGGTGAGAGTGGCTGTAGGAGGTCC	27752569	27768135	-15566	27768239	-15670	27786070	-33501	27786268	-33699	27753995	-1426	27793908	-41339	27752615	-15520	-15624	-33455	-33653	-1380	-41293
ENSMUST00000114863	TGTGAGCAGAGCAGGAAGGTCAGGTGAGAGTGGCTGTAGGAGGTCC	27752569	27786070	-33501	27786268	-33699	27793908	-41339	27794063	-41494	27768239	-15670	27820176	-67607	27752615	-33455	-33653	-41293	-41448	-15624	-67561
ENSMUST00000049074	CCTGTCCTGGCGGTCATTCTCATCATACTCATTGTCATCGCCATCC	118223341	118237738	-14397	118238008	-14667	118248898	-25557	118249009	-25668	118236494	-13153	118257488	-34147	118220500	-17238	-17508	-28398	-28509	-15994	-36988
ENSMUST00000234131	AATTGGCATCATTTACCTCATCACTACTACTAACTACTAACTAACT	81382225	81437744	-55519	81437813	-55588	81441651	-59426	81441666	-59441	81432774	-50549	81441772	-59547	81382271	-55473	-55542	-59380	-59395	-50503	-59501
ENSMUST00000106267	CACACACACACACACCCTTCTTTAAGGCTATGCTCCCATTCAGGTTT	127805324	127814912	-9588	127814987	-9663	127815063	-9739	127815163	-9839	127811236	-5912	127815345	-10021	127805371	-9541	-9616	-9692	-9792	-5865	-9974
ENSMUST00000075845	CGTTCTCTCTCCTGTCCTGCAATCCCAAACTTGTAAATCTTCCCACT	16564043	16549062	14981	16549207	14836	16561457	2586	16565329	-1286	16512485	51558	16614471	-50428	16564090	15028	14883	2633	-1239	51605	-50381
ENSMUST00000169020	CTGTACAGCCGTCCTGTATAGTGTACCCTCTCACTGCGCCCTCTAAC	111154656	111200135	-45479	111200222	-45566	111201525	-46869	111201558	-46902	111197808	-43152	111258770	-104114	111154703	-45432	-45519	-46822	-46855	-43105	-104067
ENSMUST00000170810	GATGAGACAGATCCCGTACACCATGATGAAGTTCGCCTGCTTTGAAC	91118076	91121921	-3845	91122043	-3967	91122107	-4031	91122331	-4255	91119706	-1630	91123557	-5481	91118123	-3798	-3920	-3984	-4208	-1583	-5434
ENSMUST00000170810	GATGAGACAGATCCCGTACACCATGATGAAGTTCGCCTGCTTTGAAC	91118076	91121921	-3845	91122043	-3967	91122206	-4130	91122331	-4255	91119706	-1630	91123557	-5481	91118123	-3798	-3920	-4083	-4208	-1583	-5434
ENSMUST00000000137	AATTCATGGCTGTGGGTTAATTATAATTGTTGTAGTAACATTCACAT	20063469	20072455	-8986	20072588	-9119	20077187	-13718	20077333	-13864	20064859	-1390	20080022	-16553	20063516	-8939	-9072	-13671	-13817	-1343	-16506
ENSMUST00000000137	AATTCATGGCTGTGGGTTAATTATAATTGTTGTAGTAACATTCACAT	20063469	20077187	-13718	20077333	-13864	20080022	-16553	20080172	-16703	20072588	-9119	20080661	-17192	20063516	-13671	-13817	-16506	-16656	-9072	-17145
ENSMUST00000000137	AATTCATGGCTGTGGGTTAATTATAATTGTTGTAGTAACATTCACAT	20063469	20072455	-8986	20072588	-9119	20077187	-13718	20077333	-13864	20064859	-1390	20080022	-16553	20063516	-8939	-9072	-13671	-13817	-1343	-16506
ENSMUST00000000137	AATTCATGGCTGTGGGTTAATTATAATTGTTGTAGTAACATTCACAT	20063469	20077187	-13718	20077333	-13864	20080022	-16553	20080172	-16703	20072588	-9119	20080661	-17192	20063516	-13671	-13817	-16506	-16656	-9072	-17145
ENSMUST00000112790	TCTGATGTTCGTTCTCATCCTGCTCAACACCATCTGCCTGGCCATGCA	118652789	118630224	22565	118630431	22358	118638426	14363	118638510	14279	118627570	25219	118651947	842	118651975	21751	21544	13549	13465	24405	28
ENSMUST00000112790	TCTGATGTTCGTTCTCATCCTGCTCAACACCATCTGCCTGGCCATGCA	118652789	118630398	22391	118630431	22358	118637729	15060	118637813	14976	118627570	25219	118638426	14363	118651975	21577	21544	14246	14162	24405	13549
ENSMUST00000112790	TCTGATGTTCGTTCTCATCCTGCTCAACACCATCTGCCTGGCCATGCA	118652789	118630398	22391	118630431	22358	118638426	14363	118638510	14279	118627570	25219	118651947	842	118651975	21577	21544	13549	13465	24405	28
ENSMUST00000112790	TCTGATGTTCGTTCTCATCCTGCTCAACACCATCTGCCTGGCCATGCA	118652789	118637729	15060	118637813	14976	118638426	14363	118638510	14279	118630431	22358	118651947	842	118651975	14246	14162	13549	13465	21544	28
ENSMUST00000112790	TCTGATGTTCGTTCTCATCCTGCTCAACACCATCTGCCTGGCCATGCA	118652789	118674345	-21556	118674405	-21616	118674554	-21765	118674614	-21825	118670456	-17667	118675819	-23030	118651975	-22370	-22430	-22579	-22639	-18481	-23844
ENSMUST00000112790	TCTGATGTTCGTTCTCATCCTGCTCAACACCATCTGCCTGGCCATGCA	118652789	118741870	-89081	118741974	-89185	118742264	-89475	118742368	-89579	118735023	-82234	118751368	-98579	118651975	-89895	-89999	-90289	-90393	-83048	-99393
ENSMUST00000058496	GTGAGCCGGTGCCGCCGCCCGCTTGAGGAGAGAGGAGGGGTCCCACTC	77607243	77550871	56372	77551000	56243	77553672	53571	77553909	53334	77549475	57768	77555563	51680	77607291	56420	56291	53619	53382	57816	51728
ENSMUST00000028016	AGAAGGTGTGCCTAATGGTGCAGGACAGAAGAATTCCAAGGATGCTGC	162702267	162688115	14152	162688217	14050	162691140	11127	162691233	11034	162684256	18011	162692372	9895	162702315	14200	14098	11175	11082	18059	9943
ENSMUST00000040583	GCCCAGGTGGAGAATTGGCAGTGATCAGGACTTGGGTATTGAATTGCT	51888856	51916066	-27210	51916256	-27400	51918583	-29727	51918740	-29884	51915143	-26287	51920389	-31533	51888904	-27162	-27352	-29679	-29836	-26239	-31485
ENSMUST00000113560	TGTGCCCTGTGTCCCTGCTCCTTCCGGGCTCCCAGTCCACCTGCTCAT	31026528	31044881	-18353	31044896	-18368	31052984	-26456	31053080	-26552	31040514	-13986	31054023	-27495	31026576	-18305	-18320	-26408	-26504	-13938	-27447
ENSMUST00000113560	TGTGCCCTGTGTCCCTGCTCCTTCCGGGCTCCCAGTCCACCTGCTCAT	31026528	31044881	-18353	31044896	-18368	31052984	-26456	31053137	-26609	31040514	-13986	31054023	-27495	31026576	-18305	-18320	-26408	-26561	-13938	-27447
ENSMUST00000113560	TGTGCCCTGTGTCCCTGCTCCTTCCGGGCTCCCAGTCCACCTGCTCAT	31026528	31044881	-18353	31044896	-18368	31052984	-26456	31053167	-26639	31040514	-13986	31054023	-27495	31026576	-18305	-18320	-26408	-26591	-13938	-27447
ENSMUST00000113560	TGTGCCCTGTGTCCCTGCTCCTTCCGGGCTCCCAGTCCACCTGCTCAT	31026528	31048204	-21676	31048288	-21760	31052984	-26456	31053080	-26552	31044896	-18368	31054023	-27495	31026576	-21628	-21712	-26408	-26504	-18320	-27447
ENSMUST00000113560	TGTGCCCTGTGTCCCTGCTCCTTCCGGGCTCCCAGTCCACCTGCTCAT	31026528	31048204	-21676	31048288	-21760	31052984	-26456	31053167	-26639	31044896	-18368	31054023	-27495	31026576	-21628	-21712	-26408	-26591	-18320	-27447
ENSMUST00000113560	TGTGCCCTGTGTCCCTGCTCCTTCCGGGCTCCCAGTCCACCTGCTCAT	31026528	31052984	-26456	31053167	-26639	31054023	-27495	31054218	-27690	31040514	-13986	31055427	-28899	31026576	-26408	-26591	-27447	-27642	-13938	-28851
ENSMUST00000113560	TGTGCCCTGTGTCCCTGCTCCTTCCGGGCTCCCAGTCCACCTGCTCAT	31026528	31052984	-26456	31053167	-26639	31054023	-27495	31054218	-27690	31044896	-18368	31055427	-28899	31026576	-26408	-26591	-27447	-27642	-18320	-28851
ENSMUST00000074468	AGAATGACGAGGGTGTCTGAATTCCTCAAGGTCGCCGAGCAAGTTGGT	86825046	86792163	32883	86792241	32805	86792466	32580	86792736	32310	86792025	33021	86793356	31690	86821749	29586	29508	29283	29013	29724	28393
ENSMUST00000074468	AGAATGACGAGGGTGTCTGAATTCCTCAAGGTCGCCGAGCAAGTTGGT	86825046	86798537	26509	86798699	26347	86798829	26217	86798844	26202	86793464	31582	86804454	20592	86821749	23212	23050	22920	22905	28285	17295
ENSMUST00000074468	AGAATGACGAGGGTGTCTGAATTCCTCAAGGTCGCCGAGCAAGTTGGT	86825046	86824970	76	86825077	-31	86835108	-10062	86835220	-10174	86821773	3273	86836627	-11581	86821749	-3221	-3328	-13359	-13471	-24	-14878
ENSMUST00000086693	ACGTCCTCGGGCACCTGTACATACACTGCTCTGTCCCTGCCCTCACCT	66337837	66354122	-16285	66354377	-16540	66358021	-20184	66358189	-20352	66348521	-10684	66366343	-28506	66337885	-16237	-16492	-20136	-20304	-10636	-28458
ENSMUST00000058860	TCCGTACAGAGAGTAATGGAGGCCAGGTGACATACCGCGTAGTCCAGGT	30956244	30955105	1139	30955152	1092	30955289	955	30955440	804	30954802	1442	30956148	96	30955826	721	674	537	386	1024	-322
ENSMUST00000058860	TCCGTACAGAGAGTAATGGAGGCCAGGTGACATACCGCGTAGTCCAGGT	30956244	30955105	1139	30955193	1051	30955289	955	30955440	804	30954802	1442	30955799	445	30955826	721	633	537	386	1024	27
ENSMUST00000058860	TCCGTACAGAGAGTAATGGAGGCCAGGTGACATACCGCGTAGTCCAGGT	30956244	30955289	955	30955440	804	30956148	96	30956267	-23	30954802	1442	30956695	-451	30955826	537	386	-322	-441	1024	-869
ENSMUST00000058860	TCCGTACAGAGAGTAATGGAGGCCAGGTGACATACCGCGTAGTCCAGGT	30956244	30955289	955	30955440	804	30956381	-137	30956428	-184	30954802	1442	30956695	-451	30955826	537	386	-555	-602	1024	-869
ENSMUST00000058860	TCCGTACAGAGAGTAATGGAGGCCAGGTGACATACCGCGTAGTCCAGGT	30956244	30955289	955	30955440	804	30955799	445	30956000	244	30955193	1051	30956148	96	30955826	537	386	27	-174	633	-322
ENSMUST00000058860	TCCGTACAGAGAGTAATGGAGGCCAGGTGACATACCGCGTAGTCCAGGT	30956244	30956148	96	30956267	-23	30956381	-137	30956428	-184	30954802	1442	30956695	-451	30955826	-322	-441	-555	-602	1024	-869
ENSMUST00000058860	TCCGTACAGAGAGTAATGGAGGCCAGGTGACATACCGCGTAGTCCAGGT	30956244	30955105	1139	30955152	1092	30955289	955	30955440	804	30954802	1442	30956148	96	30955826	721	674	537	386	1024	-322
ENSMUST00000058860	TCCGTACAGAGAGTAATGGAGGCCAGGTGACATACCGCGTAGTCCAGGT	30956244	30955105	1139	30955193	1051	30955289	955	30955440	804	30954802	1442	30955799	445	30955826	721	633	537	386	1024	27
ENSMUST00000058860	TCCGTACAGAGAGTAATGGAGGCCAGGTGACATACCGCGTAGTCCAGGT	30956244	30955289	955	30955440	804	30956148	96	30956267	-23	30954802	1442	30956695	-451	30955826	537	386	-322	-441	1024	-869
ENSMUST00000058860	TCCGTACAGAGAGTAATGGAGGCCAGGTGACATACCGCGTAGTCCAGGT	30956244	30955289	955	30955440	804	30956381	-137	30956428	-184	30954802	1442	30956695	-451	30955826	537	386	-555	-602	1024	-869
ENSMUST00000058860	TCCGTACAGAGAGTAATGGAGGCCAGGTGACATACCGCGTAGTCCAGGT	30956244	30955289	955	30955440	804	30955799	445	30956000	244	30955193	1051	30956148	96	30955826	537	386	27	-174	633	-322
ENSMUST00000058860	TCCGTACAGAGAGTAATGGAGGCCAGGTGACATACCGCGTAGTCCAGGT	30956244	30956148	96	30956267	-23	30956381	-137	30956428	-184	30954802	1442	30956695	-451	30955826	-322	-441	-555	-602	1024	-869
ENSMUST00000085169	TCCGTGTGCAAACGCACACGTATGTGTGTCTGCGTTATAAAATGACTGT	101923414	102066870	-143456	102067026	-143612	102194773	-271359	102195455	-272041	102041347	-117933	102223387	-299973	101923463	-143407	-143563	-271310	-271992	-117884	-299924
ENSMUST00000085169	TCCGTGTGCAAACGCACACGTATGTGTGTCTGCGTTATAAAATGACTGT	101923414	102194773	-271359	102195455	-272041	102223387	-299973	102223452	-300038	102067026	-143612	102354281	-430867	101923463	-271310	-271992	-299924	-299989	-143563	-430818
ENSMUST00000109443	CAGCATCAGGCCCACAGAAGTCTACCCACAAGCAAGGCCCTGGACTTCC	161522289	162253752	-731463	162253868	-731579	162267987	-745698	162268069	-745780	162238181	-715892	162278047	-755758	161522338	-731414	-731530	-745649	-745731	-715843	-755709
ENSMUST00000109443	CAGCATCAGGCCCACAGAAGTCTACCCACAAGCAAGGCCCTGGACTTCC	161522289	162267987	-745698	162268069	-745780	162278047	-755758	162278319	-756030	162253868	-731579	162362900	-840611	161522338	-745649	-745731	-755709	-755981	-731530	-840562
ENSMUST00000033058	TGGCCATGCTATGATGATGTGACCTGCAGCCAGCCAGATGCCCTCACGA	110315182	110341289	-26107	110341364	-26182	110347886	-32704	110347982	-32800	110340074	-24892	110348854	-33672	110313985	-27304	-27379	-33901	-33997	-26089	-34869
ENSMUST00000033058	TGGCCATGCTATGATGATGTGACCTGCAGCCAGCCAGATGCCCTCACGA	110315182	110489220	-174038	110489358	-174176	110560257	-245075	110560346	-245164	110464707	-149525	110614706	-299524	110313985	-175235	-175373	-246272	-246361	-150722	-300721
ENSMUST00000029374	TTGCTGAGTGTGGCCCTGAGCCTATTCCATACCCAGATCCGGCACTGAA	55968284	55665573	302711	55665741	302543	55680897	287387	55681050	287234	55649767	318517	55690820	277464	55968333	302760	302592	287436	287283	318566	277513
ENSMUST00000029374	TTGCTGAGTGTGGCCCTGAGCCTATTCCATACCCAGATCCGGCACTGAA	55968284	55805236	163048	55805380	162904	55819282	149002	55819407	148877	55786577	181707	55853770	114514	55968333	163097	162953	149051	148926	181756	114563
ENSMUST00000029374	TTGCTGAGTGTGGCCCTGAGCCTATTCCATACCCAGATCCGGCACTGAA	55968284	55891612	76672	55891674	76610	55934512	33772	55934640	33644	55873783	94501	55953035	15249	55968333	76721	76659	33821	33693	94550	15298
ENSMUST00000029374	TTGCTGAGTGTGGCCCTGAGCCTATTCCATACCCAGATCCGGCACTGAA	55968284	55934512	33772	55934640	33644	55955338	12946	55955493	12791	55891674	76610	55967911	373	55968333	33821	33693	12995	12840	76659	422
ENSMUST00000029374	TTGCTGAGTGTGGCCCTGAGCCTATTCCATACCCAGATCCGGCACTGAA	55968284	56058632	-90348	56058830	-90546	56079858	-111574	56080005	-111721	56058083	-89799	56082371	-114087	55968333	-90299	-90497	-111525	-111672	-89750	-114038
ENSMUST00000176652	ACAGGCCTGTGCGCTGCCCCAACAACCCCAGCTGCCCACCCCTTCTCAA	24512981	24514712	-1731	24514829	-1848	24516504	-3523	24516596	-3615	24514217	-1236	24518741	-5760	24513030	-1682	-1799	-3474	-3566	-1187	-5711
ENSMUST00000176652	ACAGGCCTGTGCGCTGCCCCAACAACCCCAGCTGCCCACCCCTTCTCAA	24512981	24514712	-1731	24514829	-1848	24516504	-3523	24516599	-3618	24514217	-1236	24518741	-5760	24513030	-1682	-1799	-3474	-3569	-1187	-5711
ENSMUST00000176652	ACAGGCCTGTGCGCTGCCCCAACAACCCCAGCTGCCCACCCCTTCTCAA	24512981	24514712	-1731	24514866	-1885	24516504	-3523	24516596	-3615	24514217	-1236	24518741	-5760	24513030	-1682	-1836	-3474	-3566	-1187	-5711
ENSMUST00000176652	ACAGGCCTGTGCGCTGCCCCAACAACCCCAGCTGCCCACCCCTTCTCAA	24512981	24514712	-1731	24514866	-1885	24516504	-3523	24516599	-3618	24514217	-1236	24518741	-5760	24513030	-1682	-1836	-3474	-3569	-1187	-5711
ENSMUST00000174598	CCATTTTCCCGGCTTTCTGGTTCTCCAGTCTTTCCTCCCTAAGCACACG	101900107	101981378	-81271	101981589	-81482	102009788	-109681	102009887	-109780	101968992	-68885	102041654	-141547	101900156	-81222	-81433	-109632	-109731	-68836	-141498
ENSMUST00000133154	TCCCTGCTGATTTTTGTATCATGCATCTGGAAGACAGACTGCAGGAGAT	79462131	79512497	-50366	79512598	-50467	79515102	-52971	79515249	-53118	79512402	-50271	79518064	-55933	79462180	-50317	-50418	-52922	-53069	-50222	-55884
ENSMUST00000167004	TTGTCAACCTCCTGGGTATCTCCCTGACCGTCCTCTTCACCCTGCTGCTT	23191560	23184528	7032	23184598	6962	23190715	845	23191692	-132	23182963	8597	23208298	-16738	23191610	7082	7012	895	-82	8647	-16688
ENSMUST00000042744	GTACATTGGAGGCAAATATCAGTGCCATGACATCGACGAGTGCTCTCTTG	132906806	132891401	15405	132891488	15318	132904657	2149	132905053	1753	132890862	15944	132948046	-41240	132906374	14973	14886	1717	1321	15512	-41672
ENSMUST00000042744	GTACATTGGAGGCAAATATCAGTGCCATGACATCGACGAGTGCTCTCTTG	132906806	132904657	2149	132905053	1753	132917460	-10654	132917553	-10747	132891488	15318	132948046	-41240	132906374	1717	1321	-11086	-11179	14886	-41672
ENSMUST00000042744	GTACATTGGAGGCAAATATCAGTGCCATGACATCGACGAGTGCTCTCTTG	132906806	132909895	-3089	132910015	-3209	132917460	-10654	132917553	-10747	132908462	-1656	132948046	-41240	132906374	-3521	-3641	-11086	-11179	-2088	-41672
ENSMUST00000021001	CCCGAGCCGCTCCTCCCAATGGCGAAGAAGACGTACGACCTGCTTTTCAA	3309825	3256866	52959	3257005	52820	3264688	45137	3264749	45076	3253358	56467	3309291	534	3309875	53009	52870	45187	45126	56517	584
ENSMUST00000154230	GTGAGTTCCCCGTGTTTCCCACCACCCTGACTTCAGACCGGCTGTTCCGA	20848655	20854934	-6279	20855040	-6385	20855353	-6698	20855395	-6740	20853069	-4414	20855580	-6925	20848705	-6229	-6335	-6648	-6690	-4364	-6875
ENSMUST00000154230	GTGAGTTCCCCGTGTTTCCCACCACCCTGACTTCAGACCGGCTGTTCCGA	20848655	20892084	-43429	20892177	-43522	20912276	-63621	20912301	-63646	20889953	-41298	20914631	-65976	20848705	-43379	-43472	-63571	-63596	-41248	-65926
ENSMUST00000154230	GTGAGTTCCCCGTGTTTCCCACCACCCTGACTTCAGACCGGCTGTTCCGA	20848655	20854934	-6279	20855040	-6385	20855353	-6698	20855395	-6740	20853069	-4414	20855580	-6925	20848705	-6229	-6335	-6648	-6690	-4364	-6875
ENSMUST00000154230	GTGAGTTCCCCGTGTTTCCCACCACCCTGACTTCAGACCGGCTGTTCCGA	20848655	20892084	-43429	20892177	-43522	20912276	-63621	20912301	-63646	20889953	-41298	20914631	-65976	20848705	-43379	-43472	-63571	-63596	-41248	-65926
ENSMUST00000047889	AGCAGCTGTATATCTGACTGGAGTCTCCCTGCCTCGCTCCCGCGCGCATTT	69605583	69601923	3660	69601944	3639	69602303	3280	69602330	3253	69601623	3960	69602424	3159	69605634	3711	3690	3331	3304	4011	3210
ENSMUST00000177374	CTGACCCTCCCAGCCCACTACCTCACGGGCCCCCAAACAAAGGCGCAATTC	64111045	64102402	8643	64102472	8573	64110905	140	64111076	-31	64094508	16537	64119957	-8912	64102423	21	-49	-8482	-8653	7915	-17534
ENSMUST00000061611	ACAGTGTCACCAGTAGACTGGCAAAACAAAATGGAGTGCCCAGTGCTGAGC	190773389	190844486	-71097	190844602	-71213	190871591	-98202	190871951	-98562	190834098	-60709	190885333	-111944	190773440	-71046	-71162	-98151	-98511	-60658	-111893
ENSMUST00000061611	ACAGTGTCACCAGTAGACTGGCAAAACAAAATGGAGTGCCCAGTGCTGAGC	190773389	190844486	-71097	190844602	-71213	190871591	-98202	190871951	-98562	190834098	-60709	190899450	-126061	190773440	-71046	-71162	-98151	-98511	-60658	-126010
ENSMUST00000061611	ACAGTGTCACCAGTAGACTGGCAAAACAAAATGGAGTGCCCAGTGCTGAGC	190773389	190871591	-98202	190871951	-98562	190899450	-126061	190899571	-126182	190844602	-71213	190911555	-138166	190773440	-98151	-98511	-126010	-126131	-71162	-138115
ENSMUST00000159855	ATGACCAGCATTCCTAAGGAAGAACTCCCACACTGTCCTGCAGGTCCCAAA	103113452	103177255	-63803	103177330	-63878	103182353	-68901	103182494	-69042	103174990	-61538	103184831	-71379	103113503	-63752	-63827	-68850	-68991	-61487	-71328
ENSMUST00000159855	ATGACCAGCATTCCTAAGGAAGAACTCCCACACTGTCCTGCAGGTCCCAAA	103113452	103182353	-68901	103182494	-69042	103184831	-71379	103184948	-71496	103177330	-63878	103185583	-72131	103113503	-68850	-68991	-71328	-71445	-63827	-72080
ENSMUST00000159855	ATGACCAGCATTCCTAAGGAAGAACTCCCACACTGTCCTGCAGGTCCCAAA	103113452	103248361	-134909	103248566	-135114	103252408	-138956	103252526	-139074	103247900	-134448	103260195	-146743	103113503	-134858	-135063	-138905	-139023	-134397	-146692
ENSMUST00000036380	ACCCCTGCCGTCGCCGCTGCCATGACGGGGCTGGAGTTGCTCTACCTCGGG	117887242	117885103	2139	117885294	1948	117885628	1614	117885680	1562	117884641	2601	117885803	1439	117887293	2190	1999	1665	1613	2652	1490
ENSMUST00000037048	CTGTCCTCAGCCACCTCTATTCCTGGGCTAGCCTCATCCTAAGATGCCACAT	142563521	142574796	-11275	142574871	-11350	142580180	-16659	142580262	-16741	142569567	-6046	142608557	-45036	142563573	-11223	-11298	-16607	-16689	-5994	-44984
ENSMUST00000037048	CTGTCCTCAGCCACCTCTATTCCTGGGCTAGCCTCATCCTAAGATGCCACAT	142563521	142575185	-11664	142575346	-11825	142580180	-16659	142580262	-16741	142574871	-11350	142608557	-45036	142563573	-11612	-11773	-16607	-16689	-11298	-44984
ENSMUST00000098334	CACAAACAAGGGCCACATAGGTCGCCCAGTGCTGCCGATGAGTCCCGGCAGC	122884042	122896559	-12517	122896707	-12665	122898573	-14531	122898716	-14674	122896156	-12114	122899603	-15561	122884094	-12465	-12613	-14479	-14622	-12062	-15509
ENSMUST00000099274	ACCAGCTCATCAAATTGGTTGTTTCGGGTTGTGCTTATAGCTTTGGCTTTTT	59299527	59305157	-5630	59305320	-5793	59315257	-15730	59315360	-15833	59301708	-2181	59327750	-28223	59299579	-5578	-5741	-15678	-15781	-2129	-28171
ENSMUST00000099274	ACCAGCTCATCAAATTGGTTGTTTCGGGTTGTGCTTATAGCTTTGGCTTTTT	59299527	59315257	-15730	59315360	-15833	59327750	-28223	59327873	-28346	59305320	-5793	59344718	-45191	59299579	-15678	-15781	-28171	-28294	-5741	-45139
ENSMUST00000099274	ACCAGCTCATCAAATTGGTTGTTTCGGGTTGTGCTTATAGCTTTGGCTTTTT	59299527	59305157	-5630	59305320	-5793	59315257	-15730	59315360	-15833	59301708	-2181	59327750	-28223	59299579	-5578	-5741	-15678	-15781	-2129	-28171
ENSMUST00000099274	ACCAGCTCATCAAATTGGTTGTTTCGGGTTGTGCTTATAGCTTTGGCTTTTT	59299527	59315257	-15730	59315360	-15833	59327750	-28223	59327873	-28346	59305320	-5793	59344718	-45191	59299579	-15678	-15781	-28171	-28294	-5741	-45139
ENSMUST00000044009	CCCTCGGCCGCCCTACAGCATTAGTCTGCCATGGCCCGGGAGAACGGCGAGA	5714394	5445069	269325	5445144	269250	5565648	148746	5565780	148614	5362127	352267	5714145	249	5714446	269377	269302	148798	148666	352319	301
ENSMUST00000111752	GCCTTTTATCCGGATGCAGTTGTGGCTGTCGGACCAGCTGGGCCAGGGCCAG	121868546	121921313	-52767	121921361	-52815	122043769	-175223	122043844	-175298	121898355	-29809	122049775	-181229	121868598	-52715	-52763	-175171	-175246	-29757	-181177
ENSMUST00000111752	GCCTTTTATCCGGATGCAGTTGTGGCTGTCGGACCAGCTGGGCCAGGGCCAG	121868546	121924804	-56258	121924915	-56369	122043769	-175223	122043844	-175298	121921361	-52815	122049775	-181229	121868598	-56206	-56317	-175171	-175246	-52763	-181177
ENSMUST00000075845	ACAAGGTGAATCTTATGACCAGTGAGAACCTGTCCATCTGCTTCTGGCCCAC	16493739	16549062	-55323	16549207	-55468	16561457	-67718	16565329	-71590	16512485	-18746	16614471	-120732	16493791	-55271	-55416	-67666	-71538	-18694	-120680
ENSMUST00000075845	ACAAGGTGAATCTTATGACCAGTGAGAACCTGTCCATCTGCTTCTGGCCCAC	16493739	16549062	-55323	16549207	-55468	16561457	-67718	16565329	-71590	16512485	-18746	16614471	-120732	16493791	-55271	-55416	-67666	-71538	-18694	-120680
ENSMUST00000053733	GAAGAAGAAGAAGGGGGGTGCCAGAAAAAGAAAAAGTCTTAAAGGGCAAAGAA	84416390	84233582	182808	84233918	182472	84237398	178992	84237554	178836	84156536	259854	84331227	85163	84416443	182861	182525	179045	178889	259907	85216
ENSMUST00000053733	GAAGAAGAAGAAGGGGGGTGCCAGAAAAAGAAAAAGTCTTAAAGGGCAAAGAA	84416390	84237398	178992	84237554	178836	84331227	85163	84331891	84499	84156536	259854	84386218	30172	84416443	179045	178889	85216	84552	259907	30225
ENSMUST00000053733	GAAGAAGAAGAAGGGGGGTGCCAGAAAAAGAAAAAGTCTTAAAGGGCAAAGAA	84416390	84237398	178992	84237554	178836	84331227	85163	84331891	84499	84233918	182472	84386218	30172	84416443	179045	178889	85216	84552	182525	30225
ENSMUST00000053733	GAAGAAGAAGAAGGGGGGTGCCAGAAAAAGAAAAAGTCTTAAAGGGCAAAGAA	84416390	84331227	85163	84331891	84499	84386218	30172	84386283	30107	84156536	259854	84416318	72	84416443	85216	84552	30225	30160	259907	125
ENSMUST00000053733	GAAGAAGAAGAAGGGGGGTGCCAGAAAAAGAAAAAGTCTTAAAGGGCAAAGAA	84416390	84331227	85163	84331891	84499	84386218	30172	84386283	30107	84237554	178836	84416318	72	84416443	85216	84552	30225	30160	178889	125
ENSMUST00000118489	GTAGGACTCTGCCCTCGAATGGACCCTGTGGATGGCACCCAGCTGCTTAAGTA	27438792	27472907	-34115	27473124	-34332	27502646	-63854	27503533	-64741	27454622	-15830	27512791	-73999	27438845	-34062	-34279	-63801	-64688	-15777	-73946
ENSMUST00000098473	AACTTCCGTACCATAGGATTTTTATCATGCTGCTGTTGGAGCTCAATGCACCC	95729188	95760502	-31314	95760625	-31437	95761322	-32134	95761442	-32254	95760250	-31062	95762989	-33801	95729241	-31261	-31384	-32081	-32201	-31009	-33748
ENSMUST00000230022	ATATTTTCCATGAGACTTTCGGGCGAACCTTAGAATCTGTGGACCCACTAGGTG	16324006	16323329	677	16323419	587	16323621	385	16323777	229	16321676	2330	16323974	32	16324060	731	641	439	283	2384	86
ENSMUST00000230022	ATATTTTCCATGAGACTTTCGGGCGAACCTTAGAATCTGTGGACCCACTAGGTG	16324006	16329802	-5796	16330009	-6003	16332000	-7994	16332132	-8126	16324095	-89	16333828	-9822	16324060	-5742	-5949	-7940	-8072	-35	-9768
ENSMUST00000230022	ATATTTTCCATGAGACTTTCGGGCGAACCTTAGAATCTGTGGACCCACTAGGTG	16324006	16332000	-7994	16332132	-8126	16333828	-9822	16333949	-9943	16330009	-6003	16336852	-12846	16324060	-7940	-8072	-9768	-9889	-5949	-12792
ENSMUST00000230022	ATATTTTCCATGAGACTTTCGGGCGAACCTTAGAATCTGTGGACCCACTAGGTG	16324006	16338592	-14586	16338679	-14673	16340995	-16989	16341067	-17061	16337015	-13009	16341421	-17415	16324060	-14532	-14619	-16935	-17007	-12955	-17361
ENSMUST00000230022	ATATTTTCCATGAGACTTTCGGGCGAACCTTAGAATCTGTGGACCCACTAGGTG	16324006	16340995	-16989	16341067	-17061	16341421	-17415	16341468	-17462	16338679	-14673	16345997	-21991	16324060	-16935	-17007	-17361	-17408	-14619	-21937
ENSMUST00000115228	GACCCTGTCCTACCTGATGCCAACTGTACATAGGACCCTACCTGCCTGCCTCCCC	24897685	24900938	-3253	24901019	-3334	24901105	-3420	24901225	-3540	24900855	-3170	24901339	-3654	24897740	-3198	-3279	-3365	-3485	-3115	-3599
ENSMUST00000115228	GACCCTGTCCTACCTGATGCCAACTGTACATAGGACCCTACCTGCCTGCCTCCCC	24897685	24903924	-6239	24904051	-6366	24904648	-6963	24904819	-7134	24903384	-5699	24904906	-7221	24897740	-6184	-6311	-6908	-7079	-5644	-7166
ENSMUST00000115228	GACCCTGTCCTACCTGATGCCAACTGTACATAGGACCCTACCTGCCTGCCTCCCC	24897685	24908410	-10725	24908428	-10743	24909149	-11464	24909161	-11476	24907386	-9701	24912747	-15062	24897740	-10670	-10688	-11409	-11421	-9646	-15007
ENSMUST00000040275	TCTCCATCTGACACTGCCAACTGCTCTGTCACTAAAATCCCCACGCCAGTGCCCAA	43021314	43020981	333	43022918	-1604	43074592	-53278	43074688	-53374	43004414	16900	43127778	-106464	43021370	389	-1548	-53222	-53318	16956	-106408
ENSMUST00000040275	TCTCCATCTGACACTGCCAACTGCTCTGTCACTAAAATCCCCACGCCAGTGCCCAA	43021314	43020981	333	43022918	-1604	43127778	-106464	43127930	-106616	43004414	16900	43157907	-136593	43021370	389	-1548	-106408	-106560	16956	-136537
ENSMUST00000040275	TCTCCATCTGACACTGCCAACTGCTCTGTCACTAAAATCCCCACGCCAGTGCCCAA	43021314	43074592	-53278	43074688	-53374	43127778	-106464	43127930	-106616	43022918	-1604	43157907	-136593	43021370	-53222	-53318	-106408	-106560	-1548	-136537
ENSMUST00000048409	CATTTTGCTGCATCGGAAGGTTTAATCAACATGTAGTGCCCACACTGGTTTCAATG	53911607	53919592	-7985	53919726	-8119	53921322	-9715	53921373	-9766	53912894	-1287	53924399	-12792	53911663	-7929	-8063	-9659	-9710	-1231	-12736
ENSMUST00000048409	CATTTTGCTGCATCGGAAGGTTTAATCAACATGTAGTGCCCACACTGGTTTCAATG	53911607	53921322	-9715	53921373	-9766	53924399	-12792	53924468	-12861	53919726	-8119	53925965	-14358	53911663	-9659	-9710	-12736	-12805	-8063	-14302
ENSMUST00000105369	AGAATGCCCGCCTCACCCACCTCCACCTACCGCCCCTCAAAATCGCTACTATCCAT	80135415	80136349	-934	80136494	-1079	80136689	-1274	80136743	-1328	80135546	-131	80136873	-1458	80135471	-878	-1023	-1218	-1272	-75	-1402
ENSMUST00000169449	AAACAGGAAAGCCAGGCCCTAGCAGAGACTCCACTCTCTCTCCTCCTCTCCACATG	107469798	107477176	-7378	107477418	-7620	107491419	-21621	107491530	-21732	107476920	-7122	107493058	-23260	107469854	-7322	-7564	-21565	-21676	-7066	-23204
ENSMUST00000039782	GCCCCTGAATGAGAAGGATATGGAGATGATTTGCAGGGCTCTGCTGGTGTACTGTG	160983729	161041984	-58255	161042129	-58400	161052387	-68658	161052905	-69176	161039343	-55614	161059918	-76189	160983785	-58199	-58344	-68602	-69120	-55558	-76133
ENSMUST00000039782	GCCCCTGAATGAGAAGGATATGGAGATGATTTGCAGGGCTCTGCTGGTGTACTGTG	160983729	161041984	-58255	161042132	-58403	161059918	-76189	161059974	-76245	161039343	-55614	161108988	-125259	160983785	-58199	-58347	-76133	-76189	-55558	-125203
ENSMUST00000105799	ACCACCTTCCTCCTGCCAGGCCAAAAGCACCTATGTGTCACCAGCCTCCTCATCTGCC	140516754	140552527	-35773	140552649	-35895	140562713	-45959	140562814	-46060	140547086	-30332	140564186	-47432	140516812	-35715	-35837	-45901	-46002	-30274	-47374
ENSMUST00000208290	GAAACTGACAGGGCAGAAGTGACTGAGCCAGGTGTCACCACTGAGCTGGTCCACTTTG	112653641	112672234	-18593	112672331	-18690	112673165	-19524	112673265	-19624	112670693	-17052	112675268	-21627	112653699	-18535	-18632	-19466	-19566	-16994	-21569
ENSMUST00000208290	GAAACTGACAGGGCAGAAGTGACTGAGCCAGGTGTCACCACTGAGCTGGTCCACTTTG	112653641	112717998	-64357	112718129	-64488	112728846	-75205	112728928	-75287	112712540	-58899	112730305	-76664	112653699	-64299	-64430	-75147	-75229	-58841	-76606
ENSMUST00000208290	GAAACTGACAGGGCAGAAGTGACTGAGCCAGGTGTCACCACTGAGCTGGTCCACTTTG	112653641	112869004	-215363	112869109	-215468	112874933	-221292	112875150	-221509	112867378	-213737	112886491	-232850	112653699	-215305	-215410	-221234	-221451	-213679	-232792
ENSMUST00000100024	GGTTTTCGATACTGCAACCTCCTCAAATATTAGCACTGCCTCCCCGCGCCTGTCCTATT	28445927	28189433	256494	28189632	256295	28372912	73015	28373016	72911	28162535	283392	28398277	47650	28445986	256553	256354	73074	72970	283451	47709
ENSMUST00000100024	GGTTTTCGATACTGCAACCTCCTCAAATATTAGCACTGCCTCCCCGCGCCTGTCCTATT	28445927	28372912	73015	28373016	72911	28398277	47650	28398388	47539	28189632	256295	28444992	935	28445986	73074	72970	47709	47598	256354	994
ENSMUST00000003501	TAACTATTTATTCTCCTTGTTGGCCTGTAAGGACCTTTGTGTATATTTCTGTTCCTTCA	22017819	22024673	-6854	22024712	-6893	22026172	-8353	22026398	-8579	22018854	-1035	22026507	-8688	22017878	-6795	-6834	-8294	-8520	-976	-8629
ENSMUST00000085701	AGAAAGGGGGGTGGACATACGCTATGGACTTTCCTGCCACCTACACTAGAGACAAGAAA	144217403	144199128	18275	144199309	18094	144199729	17674	144199786	17617	144198690	18713	144200814	16589	144216957	17829	17648	17228	17171	18267	16143
ENSMUST00000085701	AGAAAGGGGGGTGGACATACGCTATGGACTTTCCTGCCACCTACACTAGAGACAAGAAA	144217403	144199729	17674	144199786	17617	144200814	16589	144200894	16509	144199309	18094	144201011	16392	144216957	17228	17171	16143	16063	17648	15946
ENSMUST00000075387	GCACACGCCTGCCCTAAGGAAGGGTCTGCCGTCCCTGAAGCAACTCAACTCGGCCCGGA	112475211	112428375	46836	112428570	46641	112436282	38929	112436474	38737	112426758	48453	112438401	36810	112475270	46895	46700	38988	38796	48512	36869
ENSMUST00000075387	GCACACGCCTGCCCTAAGGAAGGGTCTGCCGTCCCTGAAGCAACTCAACTCGGCCCGGA	112475211	112436282	38929	112436474	38737	112438401	36810	112438596	36615	112426758	48453	112440813	34398	112475270	38988	38796	36869	36674	48512	34457
ENSMUST00000075387	GCACACGCCTGCCCTAAGGAAGGGTCTGCCGTCCCTGAAGCAACTCAACTCGGCCCGGA	112475211	112436282	38929	112436474	38737	112438401	36810	112438596	36615	112428570	46641	112440813	34398	112475270	38988	38796	36869	36674	46700	34457
ENSMUST00000052550	AACCATTACACGGGCTTTCATTAACGGGACGGGACTAGAGACAGTTATTTCAAGAGATA	41282237	40663615	618622	40663789	618448	40665072	617165	40665189	617048	40661576	620661	40677490	604747	41269187	605572	605398	604115	603998	607611	591697
ENSMUST00000052550	AACCATTACACGGGCTTTCATTAACGGGACGGGACTAGAGACAGTTATTTCAAGAGATA	41282237	40822506	459731	40822695	459542	40851630	430607	40851830	430407	40821734	460503	40858401	423836	41269187	446681	446492	417557	417357	447453	410786
ENSMUST00000178410	GTCATTCGCCCAGATCTACAGCTGGAATTCTGTGCTGAAGGGTCTAAAAACTCTTTTTA	112187887	112136453	51434	112136681	51206	112143308	44579	112143538	44349	112127460	60427	112147422	40465	112185629	49176	48948	42321	42091	58169	38207
ENSMUST00000178410	GTCATTCGCCCAGATCTACAGCTGGAATTCTGTGCTGAAGGGTCTAAAAACTCTTTTTA	112187887	112136453	51434	112136681	51206	112143308	44579	112143538	44349	112127460	60427	112176094	11793	112185629	49176	48948	42321	42091	58169	9535
ENSMUST00000178410	GTCATTCGCCCAGATCTACAGCTGGAATTCTGTGCTGAAGGGTCTAAAAACTCTTTTTA	112187887	112143308	44579	112143538	44349	112147422	40465	112147482	40405	112136681	51206	112149334	38553	112185629	42321	42091	38207	38147	48948	36295
ENSMUST00000178410	GTCATTCGCCCAGATCTACAGCTGGAATTCTGTGCTGAAGGGTCTAAAAACTCTTTTTA	112187887	112147422	40465	112147482	40405	112149334	38553	112149372	38515	112143538	44349	112176094	11793	112185629	38207	38147	36295	36257	42091	9535
ENSMUST00000178410	GTCATTCGCCCAGATCTACAGCTGGAATTCTGTGCTGAAGGGTCTAAAAACTCTTTTTA	112187887	112147422	40465	112147482	40405	112155417	32470	112157798	30089	112143538	44349	112176094	11793	112185629	38207	38147	30212	27831	42091	9535
ENSMUST00000178410	GTCATTCGCCCAGATCTACAGCTGGAATTCTGTGCTGAAGGGTCTAAAAACTCTTTTTA	112187887	112149334	38553	112149372	38515	112155417	32470	112155516	32371	112143538	44349	112157689	30198	112185629	36295	36257	30212	30113	42091	27940
ENSMUST00000178410	GTCATTCGCCCAGATCTACAGCTGGAATTCTGTGCTGAAGGGTCTAAAAACTCTTTTTA	112187887	112149334	38553	112149372	38515	112155417	32470	112157798	30089	112143538	44349	112176094	11793	112185629	36295	36257	30212	27831	42091	9535
ENSMUST00000162065	CAGGGGCGACAGCACGTCCAGTACCAGGAGTGCTGGGAAACTGTCCAAAACAGGTTCTG	112143496	112136453	7043	112136681	6815	112143308	188	112143538	-42	112127460	16036	112147422	-3926	112136471	18	-210	-6837	-7067	9011	-10951
ENSMUST00000162065	CAGGGGCGACAGCACGTCCAGTACCAGGAGTGCTGGGAAACTGTCCAAAACAGGTTCTG	112143496	112136453	7043	112136681	6815	112143308	188	112143538	-42	112127460	16036	112176094	-32598	112136471	18	-210	-6837	-7067	9011	-39623
ENSMUST00000162065	CAGGGGCGACAGCACGTCCAGTACCAGGAGTGCTGGGAAACTGTCCAAAACAGGTTCTG	112143496	112143308	188	112143538	-42	112147422	-3926	112147482	-3986	112136681	6815	112149334	-5838	112136471	-6837	-7067	-10951	-11011	-210	-12863
ENSMUST00000162065	CAGGGGCGACAGCACGTCCAGTACCAGGAGTGCTGGGAAACTGTCCAAAACAGGTTCTG	112143496	112147422	-3926	112147482	-3986	112149334	-5838	112149372	-5876	112143538	-42	112176094	-32598	112136471	-10951	-11011	-12863	-12901	-7067	-39623
ENSMUST00000162065	CAGGGGCGACAGCACGTCCAGTACCAGGAGTGCTGGGAAACTGTCCAAAACAGGTTCTG	112143496	112147422	-3926	112147482	-3986	112155417	-11921	112157798	-14302	112143538	-42	112176094	-32598	112136471	-10951	-11011	-18946	-21327	-7067	-39623
ENSMUST00000162065	CAGGGGCGACAGCACGTCCAGTACCAGGAGTGCTGGGAAACTGTCCAAAACAGGTTCTG	112143496	112149334	-5838	112149372	-5876	112155417	-11921	112155516	-12020	112143538	-42	112157689	-14193	112136471	-12863	-12901	-18946	-19045	-7067	-21218
ENSMUST00000162065	CAGGGGCGACAGCACGTCCAGTACCAGGAGTGCTGGGAAACTGTCCAAAACAGGTTCTG	112143496	112149334	-5838	112149372	-5876	112155417	-11921	112157798	-14302	112143538	-42	112176094	-32598	112136471	-12863	-12901	-18946	-21327	-7067	-39623
ENSMUST00000030455	GCCCCTTGGGTTCCTCTGACCGTGCTTGGCGCCATCCTGATGAGCCAGTCCTGCTTGAAG	116639045	116637761	1284	116637848	1197	116637975	1070	116638048	997	116636669	2376	116638960	85	116639105	1344	1257	1130	1057	2436	145
ENSMUST00000030455	GCCCCTTGGGTTCCTCTGACCGTGCTTGGCGCCATCCTGATGAGCCAGTCCTGCTTGAAG	116639045	116637975	1070	116638048	997	116638960	85	116639160	-115	116637848	1197	116639809	-764	116639105	1130	1057	145	-55	1257	-704
ENSMUST00000030455	GCCCCTTGGGTTCCTCTGACCGTGCTTGGCGCCATCCTGATGAGCCAGTCCTGCTTGAAG	116639045	116641857	-2812	116641977	-2932	116645503	-6458	116645593	-6548	116641142	-2097	116651338	-12293	116639105	-2752	-2872	-6398	-6488	-2037	-12233
ENSMUST00000060255	TGGGGCCTCTGCGCCACACTGTAAGACCCCCTTGATGCAGCCCTCTGAACGCCAAGCCTC	61449692	61450827	-1135	61450902	-1210	61450977	-1285	61451034	-1342	61450705	-1013	61451320	-1628	61449752	-1075	-1150	-1225	-1282	-953	-1568
ENSMUST00000060255	TGGGGCCTCTGCGCCACACTGTAAGACCCCCTTGATGCAGCCCTCTGAACGCCAAGCCTC	61449692	61452012	-2320	61452141	-2449	61453427	-3735	61453496	-3804	61451848	-2156	61453618	-3926	61449752	-2260	-2389	-3675	-3744	-2096	-3866
ENSMUST00000000348	TAAAACGAGGGGCTATTACCCCAAAGGGGGTGGTGAAGTGATTGTCCGAGTGTCCCCAGT	116501166	116501111	55	116501170	-4	116504344	-3178	116504446	-3280	116499687	1479	116506834	-5668	116499602	-1509	-1568	-4742	-4844	-85	-7232
ENSMUST00000000348	TAAAACGAGGGGCTATTACCCCAAAGGGGGTGGTGAAGTGATTGTCCGAGTGTCCCCAGT	116501166	116501111	55	116501170	-4	116504344	-3178	116504468	-3302	116499687	1479	116506834	-5668	116499602	-1509	-1568	-4742	-4866	-85	-7232
ENSMUST00000078505	GTTACACATCCCTGATTTCTGACGTCTGCTATCCACCTCGGGAGGACTCTGCATACTTTAC	72308226	72303656	4570	72304418	3808	72308155	71	72308929	-703	72223539	84687	72408310	-100084	72308287	4631	3869	132	-642	84748	-100023
ENSMUST00000044332	TATGATGGCATCGTGTGCGTAGGTGGGGACGGCATGTTCAGCGAGGTGCTGCATGGGGTGA	86156648	86149277	7371	86149430	7218	86151534	5114	86151609	5039	86146390	10258	86154973	1675	86155032	5755	5602	3498	3423	8642	59
ENSMUST00000160844	AAAGTGTGTTTCTTCCGATTCTGCTCTCCTACTGCTGGCACCGCGCCGGTGGTACTTTGAA	91088370	90059475	1028895	90059563	1028807	90162113	926257	90162433	925937	90037384	1050986	90208322	880048	91088431	1028956	1028868	926318	925998	1051047	880109
ENSMUST00000160844	AAAGTGTGTTTCTTCCGATTCTGCTCTCCTACTGCTGGCACCGCGCCGGTGGTACTTTGAA	91088370	90059484	1028886	90059563	1028807	90162113	926257	90162433	925937	90037384	1050986	90208322	880048	91088431	1028947	1028868	926318	925998	1051047	880109
ENSMUST00000160844	AAAGTGTGTTTCTTCCGATTCTGCTCTCCTACTGCTGGCACCGCGCCGGTGGTACTTTGAA	91088370	90162113	926257	90162433	925937	90208322	880048	90208494	879876	90059563	1028807	90362759	725611	91088431	926318	925998	880109	879937	1028868	725672
ENSMUST00000160844	AAAGTGTGTTTCTTCCGATTCTGCTCTCCTACTGCTGGCACCGCGCCGGTGGTACTTTGAA	91088370	90163791	924579	90163881	924489	90208322	880048	90208494	879876	90162433	925937	90362759	725611	91088431	924640	924550	880109	879937	925998	725672
ENSMUST00000160844	AAAGTGTGTTTCTTCCGATTCTGCTCTCCTACTGCTGGCACCGCGCCGGTGGTACTTTGAA	91088370	90163791	924579	90163881	924489	90362759	725611	90362941	725429	90162433	925937	90560740	527630	91088431	924640	924550	725672	725490	925998	527691
ENSMUST00000160844	AAAGTGTGTTTCTTCCGATTCTGCTCTCCTACTGCTGGCACCGCGCCGGTGGTACTTTGAA	91088370	90642990	445380	90643429	444941	90700743	387627	90700905	387465	90630268	458102	90701966	386404	91088431	445441	445002	387688	387526	458163	386465
ENSMUST00000160844	AAAGTGTGTTTCTTCCGATTCTGCTCTCCTACTGCTGGCACCGCGCCGGTGGTACTTTGAA	91088370	90642990	445380	90643429	444941	90700743	387627	90700905	387465	90630268	458102	90704065	384305	91088431	445441	445002	387688	387526	458163	384366
ENSMUST00000160844	AAAGTGTGTTTCTTCCGATTCTGCTCTCCTACTGCTGGCACCGCGCCGGTGGTACTTTGAA	91088370	90700743	387627	90700905	387465	90701966	386404	90702011	386359	90643429	444941	90704065	384305	91088431	387688	387526	386465	386420	445002	384366
ENSMUST00000160844	AAAGTGTGTTTCTTCCGATTCTGCTCTCCTACTGCTGGCACCGCGCCGGTGGTACTTTGAA	91088370	90704065	384305	90704367	384003	90991366	97004	90991378	96992	90643429	444941	90992114	96256	91088431	384366	384064	97065	97053	445002	96317
ENSMUST00000160844	AAAGTGTGTTTCTTCCGATTCTGCTCTCCTACTGCTGGCACCGCGCCGGTGGTACTTTGAA	91088370	90991366	97004	90991378	96992	90992114	96256	90992144	96226	90704367	384003	90995460	92910	91088431	97065	97053	96317	96287	384064	92971
ENSMUST00000160844	AAAGTGTGTTTCTTCCGATTCTGCTCTCCTACTGCTGGCACCGCGCCGGTGGTACTTTGAA	91088370	90992114	96256	90992144	96226	90995460	92910	90995478	92892	90991378	96992	91087954	416	91088431	96317	96287	92971	92953	97053	477
ENSMUST00000228252	TCGAAATCAGCTGTCTGCCCTGCCCGCCTGCCTGTGTGGTCTGCCTCTCAAAGTCTTAATCG	74835651	74835648	3	74835775	-124	74857976	-22325	74858121	-22470	74826703	8948	74947383	-111732	74835713	65	-62	-22263	-22408	9010	-111670
ENSMUST00000078226	TTTTAATATCCTGTTTTCCTGGCTCTCTAACTGCCTTGCACAATGATATTTCCTTTAAACTG	32950772	32958745	-7973	32958862	-8090	32992905	-42133	32993001	-42229	32956816	-6044	33004303	-53531	32950834	-7911	-8028	-42071	-42167	-5982	-53469
ENSMUST00000078226	TTTTAATATCCTGTTTTCCTGGCTCTCTAACTGCCTTGCACAATGATATTTCCTTTAAACTG	32950772	32992905	-42133	32993001	-42229	33004303	-53531	33004400	-53628	32958862	-8090	33005919	-55147	32950834	-42071	-42167	-53469	-53566	-8028	-55085
ENSMUST00000078226	TTTTAATATCCTGTTTTCCTGGCTCTCTAACTGCCTTGCACAATGATATTTCCTTTAAACTG	32950772	33007121	-56349	33007316	-56544	33014964	-64192	33015076	-64304	33006043	-55271	33080464	-129692	32950834	-56287	-56482	-64130	-64242	-55209	-129630
ENSMUST00000078226	TTTTAATATCCTGTTTTCCTGGCTCTCTAACTGCCTTGCACAATGATATTTCCTTTAAACTG	32950772	33007121	-56349	33007316	-56544	33014964	-64192	33015076	-64304	33006043	-55271	33142848	-192076	32950834	-56287	-56482	-64130	-64242	-55209	-192014
ENSMUST00000078226	TTTTAATATCCTGTTTTCCTGGCTCTCTAACTGCCTTGCACAATGATATTTCCTTTAAACTG	32950772	33007121	-56349	33007316	-56544	33014964	-64192	33015076	-64304	33006046	-55274	33080464	-129692	32950834	-56287	-56482	-64130	-64242	-55212	-129630
ENSMUST00000021062	AAACATTATCTTATTTGCTGCCTGCCATTGTACACATAAACCACCAGCCATTCCTAGAGAGA	106786352	106782468	3884	106782693	3659	106783958	2394	106784018	2334	106782256	4096	106784100	2252	106786122	3654	3429	2164	2104	3866	2022
ENSMUST00000021062	AAACATTATCTTATTTGCTGCCTGCCATTGTACACATAAACCACCAGCCATTCCTAGAGAGA	106786352	106782468	3884	106784018	2334	106784100	2252	106784162	2190	106782256	4096	106784413	1939	106786122	3654	2104	2022	1960	3866	1709
ENSMUST00000021062	AAACATTATCTTATTTGCTGCCTGCCATTGTACACATAAACCACCAGCCATTCCTAGAGAGA	106786352	106783958	2394	106784018	2334	106784100	2252	106784162	2190	106782693	3659	106784413	1939	106786122	2164	2104	2022	1960	3429	1709
ENSMUST00000021062	AAACATTATCTTATTTGCTGCCTGCCATTGTACACATAAACCACCAGCCATTCCTAGAGAGA	106786352	106786066	286	106786132	220	106786225	127	106786359	-7	106785536	816	106786447	-95	106786122	56	-10	-103	-237	586	-325
ENSMUST00000021062	AAACATTATCTTATTTGCTGCCTGCCATTGTACACATAAACCACCAGCCATTCCTAGAGAGA	106786352	106786225	127	106786359	-7	106786447	-95	106786544	-192	106786132	220	106786908	-556	106786122	-103	-237	-325	-422	-10	-786
ENSMUST00000021062	AAACATTATCTTATTTGCTGCCTGCCATTGTACACATAAACCACCAGCCATTCCTAGAGAGA	106786352	106786447	-95	106786544	-192	106786908	-556	106787074	-722	106786359	-7	106788272	-1920	106786122	-325	-422	-786	-952	-237	-2150
ENSMUST00000213324	CAAAAGATGATAACTCCAACCTAGGAGGAAAGACAGATGAAGCCACAGGGAAGACAGAAGCC	75661352	75651630	9722	75651711	9641	75661252	100	75661390	-38	75643944	17408	75663192	-1840	75651655	25	-56	-9597	-9735	7711	-11537
ENSMUST00000213324	CAAAAGATGATAACTCCAACCTAGGAGGAAAGACAGATGAAGCCACAGGGAAGACAGAAGCC	75661352	75661252	100	75661390	-38	75663192	-1840	75663276	-1924	75651711	9641	75665653	-4301	75651655	-9597	-9735	-11537	-11621	-56	-13998
ENSMUST00000213324	CAAAAGATGATAACTCCAACCTAGGAGGAAAGACAGATGAAGCCACAGGGAAGACAGAAGCC	75661352	75663192	-1840	75663276	-1924	75665653	-4301	75665770	-4418	75661390	-38	75669214	-7862	75651655	-11537	-11621	-13998	-14115	-9735	-17559
ENSMUST00000213324	CAAAAGATGATAACTCCAACCTAGGAGGAAAGACAGATGAAGCCACAGGGAAGACAGAAGCC	75661352	75682273	-20921	75682319	-20967	75682937	-21585	75682990	-21638	75682179	-20827	75683634	-22282	75651655	-30618	-30664	-31282	-31335	-30524	-31979
ENSMUST00000238504	ATTATAGCGTATGGACTGTTGCTGCATCCTAATGCTTACGTTAGGAATGGATGGAATTTACT	30196781	30048970	147811	30049120	147661	30050233	146548	30050260	146521	30047371	149410	30051369	145412	30196843	147873	147723	146610	146583	149472	145474
ENSMUST00000112904	ATCCTACGTATTCAAAATTAGGATCCTTGTGTAGCACTGAACCTGGGAAAGAGATTTAGACT	142318998	142351378	-32380	142351908	-32910	142360386	-41388	142360436	-41438	142351137	-32139	142390304	-71306	142319060	-32318	-32848	-41326	-41376	-32077	-71244
ENSMUST00000085913	TTTGGCTGCCTTTCTGTCTTACTGCCCGGGCATGGGGGTTGCCCTCCGGATGTACCCACTCAA	172276180	172291192	-15012	172291396	-15216	172293326	-17146	172293386	-17206	172290724	-14544	172293571	-17391	172275939	-15253	-15457	-17387	-17447	-14785	-17632
ENSMUST00000085913	TTTGGCTGCCTTTCTGTCTTACTGCCCGGGCATGGGGGTTGCCCTCCGGATGTACCCACTCAA	172276180	172293326	-17146	172293386	-17206	172293571	-17391	172293676	-17496	172291396	-15216	172297880	-21700	172275939	-17387	-17447	-17632	-17737	-15457	-21941
ENSMUST00000199708	ATCCTTAAGAAACTGTCCAGAACTGTAAAGTTCACCTATGACCTCTACCTGGTGACCAATGGG	9663503	9585025	78478	9585264	78239	9612569	50934	9612757	50746	9579626	83877	9644098	19405	9663566	78541	78302	50997	50809	83940	19468
ENSMUST00000110516	CAAGTTTGCCAAGAGTCGTCCCATCATCAAGCGTTTCTTGGGAAAGCTGTCAATGCCTGTTCA	14322538	14285547	36991	14285682	36856	14297269	25269	14297455	25083	14280521	42017	14300325	22213	14322601	37054	36919	25332	25146	42080	22276
ENSMUST00000110516	CAAGTTTGCCAAGAGTCGTCCCATCATCAAGCGTTTCTTGGGAAAGCTGTCAATGCCTGTTCA	14322538	14297269	25269	14297455	25083	14300325	22213	14300447	22091	14285682	36856	14305975	16563	14322601	25332	25146	22276	22154	36919	16626
ENSMUST00000192314	CCTGTCATCAGCTGCTGCACCGTTCTCTTCAGACTCCCCACGCCCAACTCACCCATCCCCACA	136281868	136297741	-15873	136297825	-15957	136304294	-22426	136304456	-22588	136293421	-11553	136324736	-42868	136281931	-15810	-15894	-22363	-22525	-11490	-42805
ENSMUST00000192314	CCTGTCATCAGCTGCTGCACCGTTCTCTTCAGACTCCCCACGCCCAACTCACCCATCCCCACA	136281868	136297741	-15873	136297825	-15957	136324736	-42868	136324996	-43128	136293421	-11553	136345298	-63430	136281931	-15810	-15894	-42805	-43065	-11490	-63367
ENSMUST00000192314	CCTGTCATCAGCTGCTGCACCGTTCTCTTCAGACTCCCCACGCCCAACTCACCCATCCCCACA	136281868	136304294	-22426	136304456	-22588	136324736	-42868	136324996	-43128	136297825	-15957	136345298	-63430	136281931	-22363	-22525	-42805	-43065	-15894	-63367
ENSMUST00000115050	TGCGGCTGCCTTCCAAGCCATACTCTACTCTACCTATCTTCTCTTTGGGACCTTCTGCCTTGC	67495156	67519803	-24647	67519890	-24734	67530406	-35250	67530484	-35328	67519420	-24264	67545614	-50458	67495219	-24584	-24671	-35187	-35265	-24201	-50395
ENSMUST00000147563	TTTTTTGATGACTGGAGCTGCTCTTTTCCCTTTTAAAATCACTTCTCTGGCCTCTGTTTCCTCT	123072650	123080350	-7700	123080481	-7831	123084213	-11563	123084310	-11660	123070618	2032	123089031	-16381	123072714	-7636	-7767	-11499	-11596	2096	-16317
ENSMUST00000147563	TTTTTTGATGACTGGAGCTGCTCTTTTCCCTTTTAAAATCACTTCTCTGGCCTCTGTTTCCTCT	123072650	123080350	-7700	123080481	-7831	123089031	-16381	123089156	-16506	123078321	-5671	123100262	-27612	123072714	-7636	-7767	-16317	-16442	-5607	-27548
ENSMUST00000147563	TTTTTTGATGACTGGAGCTGCTCTTTTCCCTTTTAAAATCACTTCTCTGGCCTCTGTTTCCTCT	123072650	123084213	-11563	123084310	-11660	123089031	-16381	123089156	-16506	123080481	-7831	123100262	-27612	123072714	-11499	-11596	-16317	-16442	-7767	-27548
ENSMUST00000147563	TTTTTTGATGACTGGAGCTGCTCTTTTCCCTTTTAAAATCACTTCTCTGGCCTCTGTTTCCTCT	123072650	123089031	-16381	123089156	-16506	123098922	-26272	123098974	-26324	123084310	-11660	123100262	-27612	123072714	-16317	-16442	-26208	-26260	-11596	-27548
ENSMUST00000147563	TTTTTTGATGACTGGAGCTGCTCTTTTCCCTTTTAAAATCACTTCTCTGGCCTCTGTTTCCTCT	123072650	123089031	-16381	123089156	-16506	123100258	-27608	123100592	-27942	123084310	-11660	123112995	-40345	123072714	-16317	-16442	-27544	-27878	-11596	-40281
ENSMUST00000147563	TTTTTTGATGACTGGAGCTGCTCTTTTCCCTTTTAAAATCACTTCTCTGGCCTCTGTTTCCTCT	123072650	123090635	-17985	123091132	-18482	123098922	-26272	123098974	-26324	123089156	-16506	123100262	-27612	123072714	-17921	-18418	-26208	-26260	-16442	-27548
ENSMUST00000174064	CCCTGGAGGCTAAGGACTTGTTTCGGAAGGAGCTGACTGGCCAATCACAATTGCGAAGATGAAG	19699154	19697478	1676	19697647	1507	19698187	967	19698253	901	19697103	2051	19699010	144	19698218	740	571	31	-35	1115	-792
ENSMUST00000174064	CCCTGGAGGCTAAGGACTTGTTTCGGAAGGAGCTGACTGGCCAATCACAATTGCGAAGATGAAG	19699154	19697478	1676	19697647	1507	19698187	967	19698272	882	19697103	2051	19699010	144	19698218	740	571	31	-54	1115	-792
ENSMUST00000081982	AAGGTCTGGAGGACCAACTTTCTCCACCTGGGAACCGCATCCTAGGTGACAGTTAGATCTGAGG	144470687	144476072	-5385	144476147	-5460	144479014	-8327	144479142	-8455	144475089	-4402	144479604	-8917	144470751	-5321	-5396	-8263	-8391	-4338	-8853
ENSMUST00000081982	AAGGTCTGGAGGACCAACTTTCTCCACCTGGGAACCGCATCCTAGGTGACAGTTAGATCTGAGG	144470687	144490112	-19425	144490277	-19590	144491771	-21084	144491897	-21210	144488828	-18141	144501426	-30739	144470751	-19361	-19526	-21020	-21146	-18077	-30675
ENSMUST00000081982	AAGGTCTGGAGGACCAACTTTCTCCACCTGGGAACCGCATCCTAGGTGACAGTTAGATCTGAGG	144470687	144491771	-21084	144491897	-21210	144501426	-30739	144501519	-30832	144490277	-19590	144502917	-32230	144470751	-21020	-21146	-30675	-30768	-19526	-32166
ENSMUST00000081982	AAGGTCTGGAGGACCAACTTTCTCCACCTGGGAACCGCATCCTAGGTGACAGTTAGATCTGAGG	144470687	144491771	-21084	144491897	-21210	144502917	-32230	144503031	-32344	144490277	-19590	144504339	-33652	144470751	-21020	-21146	-32166	-32280	-19526	-33588
ENSMUST00000081982	AAGGTCTGGAGGACCAACTTTCTCCACCTGGGAACCGCATCCTAGGTGACAGTTAGATCTGAGG	144470687	144491771	-21084	144491897	-21210	144502917	-32230	144503034	-32347	144490277	-19590	144504339	-33652	144470751	-21020	-21146	-32166	-32283	-19526	-33588
ENSMUST00000081982	AAGGTCTGGAGGACCAACTTTCTCCACCTGGGAACCGCATCCTAGGTGACAGTTAGATCTGAGG	144470687	144501426	-30739	144501519	-30832	144502917	-32230	144503031	-32344	144491897	-21210	144504339	-33652	144470751	-30675	-30768	-32166	-32280	-21146	-33588
ENSMUST00000081982	AAGGTCTGGAGGACCAACTTTCTCCACCTGGGAACCGCATCCTAGGTGACAGTTAGATCTGAGG	144470687	144501426	-30739	144501519	-30832	144502917	-32230	144503034	-32347	144491897	-21210	144504339	-33652	144470751	-30675	-30768	-32166	-32283	-21146	-33588
ENSMUST00000178730	GGATGGACAGCCAAGGGCCATAGTCCAGGAGCAAACCAATCCAGTCACAGGACTCTGTGTTTTTA	66154001	66163024	-9023	66163150	-9149	66165263	-11262	66165329	-11328	66158677	-4676	66166666	-12665	66154066	-8958	-9084	-11197	-11263	-4611	-12600
ENSMUST00000003726	AACCTCCACCCCCACCACCTCCGCCCTCCATGCCACAGCAGACTGCCCCAGCGATGAAGTCCTCGC	32202302	32229416	-27114	32229735	-27433	32253040	-50738	32253200	-50898	32225713	-23411	32284062	-81760	32202368	-27048	-27367	-50672	-50832	-23345	-81694
ENSMUST00000048043	CTAAAGCGAGTTCTCCTCCCCACCACCACAGCTAGACTGTCAGCTCTCATCTCCCCTCCACACTTC	62421260	62432356	-11096	62432506	-11246	62454528	-33268	62454645	-33385	62431466	-10206	62489240	-67980	62421326	-11030	-11180	-33202	-33319	-10140	-67914
ENSMUST00000048043	CTAAAGCGAGTTCTCCTCCCCACCACCACAGCTAGACTGTCAGCTCTCATCTCCCCTCCACACTTC	62421260	62454528	-33268	62454645	-33385	62489240	-67980	62489441	-68181	62432506	-11246	62536652	-115392	62421326	-33202	-33319	-67914	-68115	-11180	-115326
ENSMUST00000070330	CTACCTGGAATAACGAAAGTGCCCGTGGGAGACCAGCCGCCAGATATCGAGTATCAGATCAGAGAT	162353546	162019827	333719	162019992	333554	162045385	308161	162045397	308149	162011927	341619	162084032	269514	162353612	333785	333620	308227	308215	341685	269580
ENSMUST00000070330	CTACCTGGAATAACGAAAGTGCCCGTGGGAGACCAGCCGCCAGATATCGAGTATCAGATCAGAGAT	162353546	162355359	-1813	162355509	-1963	162407334	-53788	162407408	-53862	162353723	-177	162477662	-124116	162353612	-1747	-1897	-53722	-53796	-111	-124050
ENSMUST00000071135	AGTTCACCGCCATGTTCAGACGCAAGGCCTTCCTGCACTGGTACACGGGCGAAGGCATGGACGAGAT	57080942	57085991	-5049	57086102	-5160	57086230	-5288	57086339	-5397	57081747	-805	57087456	-6514	57081009	-4982	-5093	-5221	-5330	-738	-6447
ENSMUST00000044009	TATTTTATACTGCAATTCTGATGTGTTCATTTCTCACAAACTGTACTGACTGACTCAAGGGGAGCTG	5293727	5445069	-151342	5445144	-151417	5565648	-271921	5565780	-272053	5362127	-68400	5714145	-420418	5293794	-151275	-151350	-271854	-271986	-68333	-420351
ENSMUST00000060043	AGCCGCCGCAGCAGCCGGACTCAGTGTCCCGCGTCGCCCTCGGGGCGCCTTGTCAGTGCTGAGTGGG	120037719	119952684	85035	119952969	84750	119953770	83949	119954232	83487	119951995	85724	119956070	81649	120037786	85102	84817	84016	83554	85791	81716
ENSMUST00000039438	TTTGGATCCAGGGATGCTAAGTAGAAACTGCATGAGCCACCAGTGCTCCCACACCTTTTACCACCACT	78300926	78204102	96824	78204144	96782	78229486	71440	78229561	71365	78198951	101975	78247154	53772	78300994	96892	96850	71508	71433	102043	53840
ENSMUST00000061506	TCCAAGACCGATCACATCCCTGCTCATCTCACCTACGGGAAGCTGCTCGCCTTAACAGGTCGTAAGAG	105303666	105369949	-66283	105370778	-67112	105413216	-109550	105413787	-110121	105348549	-44883	105573666	-270000	105271518	-98431	-99260	-141698	-142269	-77031	-302148
ENSMUST00000085814	TTTTGAAAATGGTGGAAGGGCTCATGTGGTAGCAACTATGAACCAGAAATAGGACCCTCAGTTACAGA	4249251	4315685	-66434	4315865	-66614	4322867	-73616	4323045	-73794	4313121	-63870	4335780	-86529	4249319	-66366	-66546	-73548	-73726	-63802	-86461
ENSMUST00000085814	TTTTGAAAATGGTGGAAGGGCTCATGTGGTAGCAACTATGAACCAGAAATAGGACCCTCAGTTACAGA	4249251	4315685	-66434	4315865	-66614	4322867	-73616	4323045	-73794	4313121	-63870	4335780	-86529	4249319	-66366	-66546	-73548	-73726	-63802	-86461
ENSMUST00000031249	CCAGCCACCTCTCCGCAGATCTAGCCAGCATGAAGGCTGTGCTTCTCCTCCTGTGCGCCTTGGGAACC	104113716	104092377	21339	104093373	20343	104094638	19078	104094767	18949	104090461	23255	104097708	16008	104097760	5383	4387	3122	2993	7299	52
ENSMUST00000031249	CCAGCCACCTCTCCGCAGATCTAGCCAGCATGAAGGCTGTGCTTCTCCTCCTGTGCGCCTTGGGAACC	104113716	104094638	19078	104094767	18949	104097708	16008	104097773	15943	104093373	20343	104113376	340	104097760	3122	2993	52	-13	4387	-15616
ENSMUST00000036161	GAAGATATAAGCATAATGATTAAGTTTTGGACTGCCATGTTCTCAGATAAGAAGTACCTGACTGCCAG	17299520	17281848	17672	17282008	17512	17282285	17235	17282406	17114	17281109	18411	17282616	16904	17297570	15722	15562	15285	15164	16461	14954
ENSMUST00000036161	GAAGATATAAGCATAATGATTAAGTTTTGGACTGCCATGTTCTCAGATAAGAAGTACCTGACTGCCAG	17299520	17299441	79	17299569	-49	17300992	-1472	17301100	-1580	17297670	1850	17302990	-3470	17297570	-1871	-1999	-3422	-3530	-100	-5420
ENSMUST00000036161	GAAGATATAAGCATAATGATTAAGTTTTGGACTGCCATGTTCTCAGATAAGAAGTACCTGACTGCCAG	17299520	17307702	-8182	17307830	-8310	17308065	-8545	17308222	-8702	17303443	-3923	17309305	-9785	17297570	-10132	-10260	-10495	-10652	-5873	-11735
ENSMUST00000036161	GAAGATATAAGCATAATGATTAAGTTTTGGACTGCCATGTTCTCAGATAAGAAGTACCTGACTGCCAG	17299520	17312351	-12831	17312471	-12951	17315548	-16028	17315638	-16118	17309398	-9878	17316961	-17441	17297570	-14781	-14901	-17978	-18068	-11828	-19391
ENSMUST00000036161	GAAGATATAAGCATAATGATTAAGTTTTGGACTGCCATGTTCTCAGATAAGAAGTACCTGACTGCCAG	17299520	17318482	-18962	17318553	-19033	17323036	-23516	17323070	-23550	17318404	-18884	17325112	-25592	17297570	-20912	-20983	-25466	-25500	-20834	-27542
ENSMUST00000036161	GAAGATATAAGCATAATGATTAAGTTTTGGACTGCCATGTTCTCAGATAAGAAGTACCTGACTGCCAG	17299520	17360496	-60976	17360593	-61073	17363946	-64426	17364012	-64492	17359086	-59566	17367403	-67883	17297570	-62926	-63023	-66376	-66442	-61516	-69833
ENSMUST00000036161	GAAGATATAAGCATAATGATTAAGTTTTGGACTGCCATGTTCTCAGATAAGAAGTACCTGACTGCCAG	17299520	17381800	-82280	17381889	-82369	17386235	-86715	17386329	-86809	17378514	-78994	17389340	-89820	17297570	-84230	-84319	-88665	-88759	-80944	-91770
ENSMUST00000036161	GAAGATATAAGCATAATGATTAAGTTTTGGACTGCCATGTTCTCAGATAAGAAGTACCTGACTGCCAG	17299520	17381800	-82280	17381889	-82369	17389340	-89820	17389457	-89937	17378514	-78994	17405633	-106113	17297570	-84230	-84319	-91770	-91887	-80944	-108063
ENSMUST00000036161	GAAGATATAAGCATAATGATTAAGTTTTGGACTGCCATGTTCTCAGATAAGAAGTACCTGACTGCCAG	17299520	17386235	-86715	17386329	-86809	17389340	-89820	17389457	-89937	17381889	-82369	17405633	-106113	17297570	-88665	-88759	-91770	-91887	-84319	-108063
ENSMUST00000114102	TCAAGGAGGAGAGTGACTTCCATGACCTCGAGTCAGTAGTCCAGCAAGTCGAACAGAACCTTGAACTGA	26385542	26384681	861	26384821	721	26385082	460	26385145	397	26383694	1848	26385497	45	26385085	404	264	3	-60	1391	-412
ENSMUST00000114102	TCAAGGAGGAGAGTGACTTCCATGACCTCGAGTCAGTAGTCCAGCAAGTCGAACAGAACCTTGAACTGA	26385542	26384681	861	26384821	721	26385082	460	26385145	397	26383694	1848	26385540	2	26385085	404	264	3	-60	1391	-455
ENSMUST00000114102	TCAAGGAGGAGAGTGACTTCCATGACCTCGAGTCAGTAGTCCAGCAAGTCGAACAGAACCTTGAACTGA	26385542	26385082	460	26385145	397	26385497	45	26385609	-67	26384821	721	26385989	-447	26385085	3	-60	-412	-524	264	-904
ENSMUST00000114102	TCAAGGAGGAGAGTGACTTCCATGACCTCGAGTCAGTAGTCCAGCAAGTCGAACAGAACCTTGAACTGA	26385542	26385082	460	26385145	397	26385497	45	26386063	-521	26384821	721	26386903	-1361	26385085	3	-60	-412	-978	264	-1818
ENSMUST00000114102	TCAAGGAGGAGAGTGACTTCCATGACCTCGAGTCAGTAGTCCAGCAAGTCGAACAGAACCTTGAACTGA	26385542	26385082	460	26385145	397	26385989	-447	26386063	-521	26384821	721	26386903	-1361	26385085	3	-60	-904	-978	264	-1818
ENSMUST00000114102	TCAAGGAGGAGAGTGACTTCCATGACCTCGAGTCAGTAGTCCAGCAAGTCGAACAGAACCTTGAACTGA	26385542	26385082	460	26385145	397	26386903	-1361	26387311	-1769	26384821	721	26387555	-2013	26385085	3	-60	-1818	-2226	264	-2470
ENSMUST00000114102	TCAAGGAGGAGAGTGACTTCCATGACCTCGAGTCAGTAGTCCAGCAAGTCGAACAGAACCTTGAACTGA	26385542	26385497	45	26385609	-67	26385989	-447	26386063	-521	26385145	397	26386903	-1361	26385085	-412	-524	-904	-978	-60	-1818
ENSMUST00000043169	TGGAGTATTCTGTCATCTGCAAGCCCTGTTCTTACCTCACCTGTCCACGTTCACCACAGGCCACTTGAG	84918395	84930348	-11953	84930490	-12095	84931698	-13303	84931776	-13381	84930239	-11844	84934151	-15756	84918464	-11884	-12026	-13234	-13312	-11775	-15687
ENSMUST00000043169	TGGAGTATTCTGTCATCTGCAAGCCCTGTTCTTACCTCACCTGTCCACGTTCACCACAGGCCACTTGAG	84918395	84934953	-16558	84935123	-16728	84940159	-21764	84940397	-22002	84934750	-16355	84941730	-23335	84918464	-16489	-16659	-21695	-21933	-16286	-23266
ENSMUST00000043169	TGGAGTATTCTGTCATCTGCAAGCCCTGTTCTTACCTCACCTGTCCACGTTCACCACAGGCCACTTGAG	84918395	84940159	-21764	84940397	-22002	84943331	-24936	84943392	-24997	84935123	-16728	84951052	-32657	84918464	-21695	-21933	-24867	-24928	-16659	-32588
ENSMUST00000106224	TGACACGGAGGCCCTACAATCTCTCATTGACACCCATAAGGAATTCATGAAGAAAGTAGAAGAAAAGCG	123372395	123395912	-23517	123395997	-23602	123397747	-25352	123397907	-25512	123395247	-22852	123399342	-26947	123372464	-23448	-23533	-25283	-25443	-22783	-26878
ENSMUST00000106224	TGACACGGAGGCCCTACAATCTCTCATTGACACCCATAAGGAATTCATGAAGAAAGTAGAAGAAAAGCG	123372395	123397093	-24698	123397420	-25025	123397747	-25352	123397907	-25512	123395997	-23602	123399342	-26947	123372464	-24629	-24956	-25283	-25443	-23533	-26878
ENSMUST00000106224	TGACACGGAGGCCCTACAATCTCTCATTGACACCCATAAGGAATTCATGAAGAAAGTAGAAGAAAAGCG	123372395	123499872	-127477	123500025	-127630	123502163	-129768	123502289	-129894	123497882	-125487	123503183	-130788	123372464	-127408	-127561	-129699	-129825	-125418	-130719
ENSMUST00000106224	TGACACGGAGGCCCTACAATCTCTCATTGACACCCATAAGGAATTCATGAAGAAAGTAGAAGAAAAGCG	123372395	123395912	-23517	123395997	-23602	123397747	-25352	123397907	-25512	123395247	-22852	123399342	-26947	123372464	-23448	-23533	-25283	-25443	-22783	-26878
ENSMUST00000106224	TGACACGGAGGCCCTACAATCTCTCATTGACACCCATAAGGAATTCATGAAGAAAGTAGAAGAAAAGCG	123372395	123397093	-24698	123397420	-25025	123397747	-25352	123397907	-25512	123395997	-23602	123399342	-26947	123372464	-24629	-24956	-25283	-25443	-23533	-26878
ENSMUST00000106224	TGACACGGAGGCCCTACAATCTCTCATTGACACCCATAAGGAATTCATGAAGAAAGTAGAAGAAAAGCG	123372395	123499872	-127477	123500025	-127630	123502163	-129768	123502289	-129894	123497882	-125487	123503183	-130788	123372464	-127408	-127561	-129699	-129825	-125418	-130719
ENSMUST00000106224	TGACACGGAGGCCCTACAATCTCTCATTGACACCCATAAGGAATTCATGAAGAAAGTAGAAGAAAAGCG	123372395	123395912	-23517	123395997	-23602	123397747	-25352	123397907	-25512	123395247	-22852	123399342	-26947	123372464	-23448	-23533	-25283	-25443	-22783	-26878
ENSMUST00000106224	TGACACGGAGGCCCTACAATCTCTCATTGACACCCATAAGGAATTCATGAAGAAAGTAGAAGAAAAGCG	123372395	123397093	-24698	123397420	-25025	123397747	-25352	123397907	-25512	123395997	-23602	123399342	-26947	123372464	-24629	-24956	-25283	-25443	-23533	-26878
ENSMUST00000106224	TGACACGGAGGCCCTACAATCTCTCATTGACACCCATAAGGAATTCATGAAGAAAGTAGAAGAAAAGCG	123372395	123499872	-127477	123500025	-127630	123502163	-129768	123502289	-129894	123497882	-125487	123503183	-130788	123372464	-127408	-127561	-129699	-129825	-125418	-130719
ENSMUST00000034699	GCCTACCGCACCTGCTCACCTGCTCTGGGCGCCAGAAGAGCCTGCATCCTCCTTCCAGCCCGGAGCAACT	75683746	75651630	32116	75651711	32035	75661252	22494	75661390	22356	75643944	39802	75663192	20554	75683816	32186	32105	22564	22426	39872	20624
ENSMUST00000034699	GCCTACCGCACCTGCTCACCTGCTCTGGGCGCCAGAAGAGCCTGCATCCTCCTTCCAGCCCGGAGCAACT	75683746	75661252	22494	75661390	22356	75663192	20554	75663276	20470	75651711	32035	75665653	18093	75683816	22564	22426	20624	20540	32105	18163
ENSMUST00000034699	GCCTACCGCACCTGCTCACCTGCTCTGGGCGCCAGAAGAGCCTGCATCCTCCTTCCAGCCCGGAGCAACT	75683746	75663192	20554	75663276	20470	75665653	18093	75665770	17976	75661390	22356	75669214	14532	75683816	20624	20540	18163	18046	22426	14602
ENSMUST00000034699	GCCTACCGCACCTGCTCACCTGCTCTGGGCGCCAGAAGAGCCTGCATCCTCCTTCCAGCCCGGAGCAACT	75683746	75682273	1473	75682319	1427	75682937	809	75682990	756	75682179	1567	75683634	112	75683816	1543	1497	879	826	1637	182
ENSMUST00000238317	ACCCATGTTGGATGACGAGATGCTCATGTATGGAAGTAGTAAAGGCCCACCCCAACAAAAAGCGTCTATG	158161078	158104427	56651	158104502	56576	158127214	33864	158127307	33771	158084546	76532	158135187	25891	158161148	56721	56646	33934	33841	76602	25961
ENSMUST00000238317	ACCCATGTTGGATGACGAGATGCTCATGTATGGAAGTAGTAAAGGCCCACCCCAACAAAAAGCGTCTATG	158161078	158127214	33864	158127307	33771	158135187	25891	158135409	25669	158104502	56576	158148579	12499	158161148	33934	33841	25961	25739	56646	12569
ENSMUST00000238317	ACCCATGTTGGATGACGAGATGCTCATGTATGGAAGTAGTAAAGGCCCACCCCAACAAAAAGCGTCTATG	158161078	158135187	25891	158135409	25669	158148579	12499	158148699	12379	158127307	33771	158156787	4291	158161148	25961	25739	12569	12449	33841	4361
ENSMUST00000238317	ACCCATGTTGGATGACGAGATGCTCATGTATGGAAGTAGTAAAGGCCCACCCCAACAAAAAGCGTCTATG	158161078	158135187	25891	158135409	25669	158148579	12499	158148699	12379	158127307	33771	158160232	846	158161148	25961	25739	12569	12449	33841	916
ENSMUST00000238317	ACCCATGTTGGATGACGAGATGCTCATGTATGGAAGTAGTAAAGGCCCACCCCAACAAAAAGCGTCTATG	158161078	158148579	12499	158148699	12379	158156787	4291	158156928	4150	158135409	25669	158160232	846	158161148	12569	12449	4361	4220	25739	916
ENSMUST00000238317	ACCCATGTTGGATGACGAGATGCTCATGTATGGAAGTAGTAAAGGCCCACCCCAACAAAAAGCGTCTATG	158161078	158164274	-3196	158164386	-3308	158170555	-9477	158170756	-9678	158164072	-2994	158175102	-14024	158161148	-3126	-3238	-9407	-9608	-2924	-13954
ENSMUST00000238317	ACCCATGTTGGATGACGAGATGCTCATGTATGGAAGTAGTAAAGGCCCACCCCAACAAAAAGCGTCTATG	158161078	158170555	-9477	158170756	-9678	158175102	-14024	158175351	-14273	158164386	-3308	158177208	-16130	158161148	-9407	-9608	-13954	-14203	-3238	-16060
ENSMUST00000238317	ACCCATGTTGGATGACGAGATGCTCATGTATGGAAGTAGTAAAGGCCCACCCCAACAAAAAGCGTCTATG	158161078	158170555	-9477	158170756	-9678	158177208	-16130	158177333	-16255	158164386	-3308	158179764	-18686	158161148	-9407	-9608	-16060	-16185	-3238	-18616
ENSMUST00000238317	ACCCATGTTGGATGACGAGATGCTCATGTATGGAAGTAGTAAAGGCCCACCCCAACAAAAAGCGTCTATG	158161078	158209689	-48611	158209764	-48686	158240448	-79370	158240512	-79434	158202494	-41416	158288979	-127901	158161148	-48541	-48616	-79300	-79364	-41346	-127831
ENSMUST00000238317	ACCCATGTTGGATGACGAGATGCTCATGTATGGAAGTAGTAAAGGCCCACCCCAACAAAAAGCGTCTATG	158161078	158291932	-130854	158292022	-130944	158303336	-142258	158303415	-142337	158289036	-127958	158318434	-157356	158161148	-130784	-130874	-142188	-142267	-127888	-157286
ENSMUST00000238317	ACCCATGTTGGATGACGAGATGCTCATGTATGGAAGTAGTAAAGGCCCACCCCAACAAAAAGCGTCTATG	158161078	158303336	-142258	158303415	-142337	158318434	-157356	158318552	-157474	158292022	-130944	158353264	-192186	158161148	-142188	-142267	-157286	-157404	-130874	-192116
ENSMUST00000238317	ACCCATGTTGGATGACGAGATGCTCATGTATGGAAGTAGTAAAGGCCCACCCCAACAAAAAGCGTCTATG	158161078	158318434	-157356	158318552	-157474	158353264	-192186	158353467	-192389	158303415	-142337	158413129	-252051	158161148	-157286	-157404	-192116	-192319	-142267	-251981
ENSMUST00000238317	ACCCATGTTGGATGACGAGATGCTCATGTATGGAAGTAGTAAAGGCCCACCCCAACAAAAAGCGTCTATG	158161078	158353264	-192186	158353467	-192389	158413129	-252051	158413205	-252127	158318552	-157474	158452691	-291613	158161148	-192116	-192319	-251981	-252057	-157404	-291543
ENSMUST00000238317	ACCCATGTTGGATGACGAGATGCTCATGTATGGAAGTAGTAAAGGCCCACCCCAACAAAAAGCGTCTATG	158161078	158104427	56651	158104502	56576	158127214	33864	158127307	33771	158084546	76532	158135187	25891	158161148	56721	56646	33934	33841	76602	25961
ENSMUST00000238317	ACCCATGTTGGATGACGAGATGCTCATGTATGGAAGTAGTAAAGGCCCACCCCAACAAAAAGCGTCTATG	158161078	158127214	33864	158127307	33771	158135187	25891	158135409	25669	158104502	56576	158148579	12499	158161148	33934	33841	25961	25739	56646	12569
ENSMUST00000238317	ACCCATGTTGGATGACGAGATGCTCATGTATGGAAGTAGTAAAGGCCCACCCCAACAAAAAGCGTCTATG	158161078	158135187	25891	158135409	25669	158148579	12499	158148699	12379	158127307	33771	158156787	4291	158161148	25961	25739	12569	12449	33841	4361
ENSMUST00000238317	ACCCATGTTGGATGACGAGATGCTCATGTATGGAAGTAGTAAAGGCCCACCCCAACAAAAAGCGTCTATG	158161078	158135187	25891	158135409	25669	158148579	12499	158148699	12379	158127307	33771	158160232	846	158161148	25961	25739	12569	12449	33841	916
ENSMUST00000238317	ACCCATGTTGGATGACGAGATGCTCATGTATGGAAGTAGTAAAGGCCCACCCCAACAAAAAGCGTCTATG	158161078	158148579	12499	158148699	12379	158156787	4291	158156928	4150	158135409	25669	158160232	846	158161148	12569	12449	4361	4220	25739	916
ENSMUST00000238317	ACCCATGTTGGATGACGAGATGCTCATGTATGGAAGTAGTAAAGGCCCACCCCAACAAAAAGCGTCTATG	158161078	158164274	-3196	158164386	-3308	158170555	-9477	158170756	-9678	158164072	-2994	158175102	-14024	158161148	-3126	-3238	-9407	-9608	-2924	-13954
ENSMUST00000238317	ACCCATGTTGGATGACGAGATGCTCATGTATGGAAGTAGTAAAGGCCCACCCCAACAAAAAGCGTCTATG	158161078	158170555	-9477	158170756	-9678	158175102	-14024	158175351	-14273	158164386	-3308	158177208	-16130	158161148	-9407	-9608	-13954	-14203	-3238	-16060
ENSMUST00000238317	ACCCATGTTGGATGACGAGATGCTCATGTATGGAAGTAGTAAAGGCCCACCCCAACAAAAAGCGTCTATG	158161078	158170555	-9477	158170756	-9678	158177208	-16130	158177333	-16255	158164386	-3308	158179764	-18686	158161148	-9407	-9608	-16060	-16185	-3238	-18616
ENSMUST00000238317	ACCCATGTTGGATGACGAGATGCTCATGTATGGAAGTAGTAAAGGCCCACCCCAACAAAAAGCGTCTATG	158161078	158209689	-48611	158209764	-48686	158240448	-79370	158240512	-79434	158202494	-41416	158288979	-127901	158161148	-48541	-48616	-79300	-79364	-41346	-127831
ENSMUST00000238317	ACCCATGTTGGATGACGAGATGCTCATGTATGGAAGTAGTAAAGGCCCACCCCAACAAAAAGCGTCTATG	158161078	158291932	-130854	158292022	-130944	158303336	-142258	158303415	-142337	158289036	-127958	158318434	-157356	158161148	-130784	-130874	-142188	-142267	-127888	-157286
ENSMUST00000238317	ACCCATGTTGGATGACGAGATGCTCATGTATGGAAGTAGTAAAGGCCCACCCCAACAAAAAGCGTCTATG	158161078	158303336	-142258	158303415	-142337	158318434	-157356	158318552	-157474	158292022	-130944	158353264	-192186	158161148	-142188	-142267	-157286	-157404	-130874	-192116
ENSMUST00000238317	ACCCATGTTGGATGACGAGATGCTCATGTATGGAAGTAGTAAAGGCCCACCCCAACAAAAAGCGTCTATG	158161078	158318434	-157356	158318552	-157474	158353264	-192186	158353467	-192389	158303415	-142337	158413129	-252051	158161148	-157286	-157404	-192116	-192319	-142267	-251981
ENSMUST00000238317	ACCCATGTTGGATGACGAGATGCTCATGTATGGAAGTAGTAAAGGCCCACCCCAACAAAAAGCGTCTATG	158161078	158353264	-192186	158353467	-192389	158413129	-252051	158413205	-252127	158318552	-157474	158452691	-291613	158161148	-192116	-192319	-251981	-252057	-157404	-291543
ENSMUST00000082057	TCAGAACGAGTCTGAAGGCCCTGTGATACAAGAATCAGCCGAGGCAAGCCAGTTGGAAGTCCCAGTAACA	134240243	134240242	1	134240284	-41	134240872	-629	134240914	-671	134239571	672	134242130	-1887	134239525	-717	-759	-1347	-1389	-46	-2605
ENSMUST00000082057	TCAGAACGAGTCTGAAGGCCCTGTGATACAAGAATCAGCCGAGGCAAGCCAGTTGGAAGTCCCAGTAACA	134240243	134272523	-32280	134272586	-32343	134274538	-34295	134274595	-34352	134266656	-26413	134279436	-39193	134239525	-32998	-33061	-35013	-35070	-27131	-39911
ENSMUST00000082057	TCAGAACGAGTCTGAAGGCCCTGTGATACAAGAATCAGCCGAGGCAAGCCAGTTGGAAGTCCCAGTAACA	134240243	134272523	-32280	134272586	-32343	134274538	-34295	134274595	-34352	134266656	-26413	134282786	-42543	134239525	-32998	-33061	-35013	-35070	-27131	-43261
ENSMUST00000082057	TCAGAACGAGTCTGAAGGCCCTGTGATACAAGAATCAGCCGAGGCAAGCCAGTTGGAAGTCCCAGTAACA	134240243	134272523	-32280	134272586	-32343	134279436	-39193	134279514	-39271	134266656	-26413	134282786	-42543	134239525	-32998	-33061	-39911	-39989	-27131	-43261
ENSMUST00000082057	TCAGAACGAGTCTGAAGGCCCTGTGATACAAGAATCAGCCGAGGCAAGCCAGTTGGAAGTCCCAGTAACA	134240243	134274538	-34295	134274595	-34352	134279436	-39193	134279514	-39271	134266656	-26413	134282786	-42543	134239525	-35013	-35070	-39911	-39989	-27131	-43261
ENSMUST00000082057	TCAGAACGAGTCTGAAGGCCCTGTGATACAAGAATCAGCCGAGGCAAGCCAGTTGGAAGTCCCAGTAACA	134240243	134276371	-36128	134276428	-36185	134279436	-39193	134279514	-39271	134274595	-34352	134282786	-42543	134239525	-36846	-36903	-39911	-39989	-35070	-43261
ENSMUST00000082057	TCAGAACGAGTCTGAAGGCCCTGTGATACAAGAATCAGCCGAGGCAAGCCAGTTGGAAGTCCCAGTAACA	134240243	134289286	-49043	134289421	-49178	134293746	-53503	134293885	-53642	134287043	-46800	134295509	-55266	134239525	-49761	-49896	-54221	-54360	-47518	-55984
ENSMUST00000035840	TCCCATTTTCTTGTCTGTTCTGCCGCTGTGTGGGCCTGGGCTATGCGGCAGGGCACATCTTTCATCAGAGC	84711293	84702332	8961	84702454	8839	84710317	976	84711472	-179	84696400	14893	84714982	-3689	84711364	9032	8910	1047	-108	14964	-3618
ENSMUST00000070143	AGCAGAGAGTGTCTCCAGCGATGAAGAAGTTCACGGATCTGTGGATTCTGACAATCAGCAAAATAAGAAAG	58052585	58052223	362	58055082	-2497	58069318	-16733	58069429	-16844	58048785	3800	58076156	-23571	58052656	433	-2426	-16662	-16773	3871	-23500
ENSMUST00000112658	TGTAATCAATGCATGTCTTTAGTCTGTTAGTTAACCCCATTAGGTAATTTTCTGTCAACCACCATCCCCAT	12372814	12411553	-38739	12411661	-38847	12418004	-45190	12418037	-45223	12376709	-3895	12439870	-67056	12372885	-38668	-38776	-45119	-45152	-3824	-66985
ENSMUST00000112658	TGTAATCAATGCATGTCTTTAGTCTGTTAGTTAACCCCATTAGGTAATTTTCTGTCAACCACCATCCCCAT	12372814	12418004	-45190	12418037	-45223	12449721	-76907	12449869	-77055	12411661	-38847	12454163	-81349	12372885	-45119	-45152	-76836	-76984	-38776	-81278
ENSMUST00000112658	TGTAATCAATGCATGTCTTTAGTCTGTTAGTTAACCCCATTAGGTAATTTTCTGTCAACCACCATCCCCAT	12372814	12457682	-84868	12457829	-85015	12465858	-93044	12466000	-93186	12454319	-81505	12467022	-94208	12372885	-84797	-84944	-92973	-93115	-81434	-94137
ENSMUST00000112658	TGTAATCAATGCATGTCTTTAGTCTGTTAGTTAACCCCATTAGGTAATTTTCTGTCAACCACCATCCCCAT	12372814	12485640	-112826	12485658	-112844	12486524	-113710	12486593	-113779	12473515	-100701	12488980	-116166	12372885	-112755	-112773	-113639	-113708	-100630	-116095
ENSMUST00000039438	CATCTCAAGGAATATCACTTCCATACACATAGAGAACTGGCGAGGCCTGCACACACTCAATGCTGTGGACAT	78577959	78204102	373857	78204144	373815	78229486	348473	78229561	348398	78198951	379008	78247154	330805	78517468	313366	313324	287982	287907	318517	270314
ENSMUST00000052011	TTAAGAACCTGTGATACCAAATCTTCAGCTATCGTCTTGGAAGAACATGGAATACCTAACAGTGAATGGAAT	14448451	14544787	-96336	14544862	-96411	14564388	-115937	14564451	-116000	14517973	-69522	14594383	-145932	14448523	-96264	-96339	-115865	-115928	-69450	-145860
ENSMUST00000145596	CGTCAGCGTCCTGGACTCACTCATGAGCGCGACATACTTCAATGACAATATCCTCACCCTAATACGGACCCT	23330965	23306724	24241	23306753	24212	23309039	21926	23309264	21701	23300045	30920	23311648	19317	23314190	7466	7437	5151	4926	14145	2542
ENSMUST00000145596	CGTCAGCGTCCTGGACTCACTCATGAGCGCGACATACTTCAATGACAATATCCTCACCCTAATACGGACCCT	23330965	23386259	-55294	23386353	-55388	23435949	-104984	23436026	-105061	23373261	-42296	23441992	-111027	23314190	-72069	-72163	-121759	-121836	-59071	-127802
ENSMUST00000145596	CGTCAGCGTCCTGGACTCACTCATGAGCGCGACATACTTCAATGACAATATCCTCACCCTAATACGGACCCT	23330965	23387091	-56126	23387100	-56135	23390920	-59955	23391007	-60042	23386353	-55388	23435949	-104984	23314190	-72901	-72910	-76730	-76817	-72163	-121759
ENSMUST00000145596	CGTCAGCGTCCTGGACTCACTCATGAGCGCGACATACTTCAATGACAATATCCTCACCCTAATACGGACCCT	23330965	23387091	-56126	23387100	-56135	23402869	-71904	23402878	-71913	23386353	-55388	23435949	-104984	23314190	-72901	-72910	-88679	-88688	-72163	-121759
ENSMUST00000145596	CGTCAGCGTCCTGGACTCACTCATGAGCGCGACATACTTCAATGACAATATCCTCACCCTAATACGGACCCT	23330965	23387091	-56126	23387100	-56135	23425566	-94601	23425740	-94775	23386353	-55388	23435949	-104984	23314190	-72901	-72910	-111376	-111550	-72163	-121759
ENSMUST00000145596	CGTCAGCGTCCTGGACTCACTCATGAGCGCGACATACTTCAATGACAATATCCTCACCCTAATACGGACCCT	23330965	23387091	-56126	23387100	-56135	23425566	-94601	23425749	-94784	23386353	-55388	23435949	-104984	23314190	-72901	-72910	-111376	-111559	-72163	-121759
ENSMUST00000145596	CGTCAGCGTCCTGGACTCACTCATGAGCGCGACATACTTCAATGACAATATCCTCACCCTAATACGGACCCT	23330965	23390920	-59955	23391007	-60042	23402869	-71904	23402878	-71913	23386353	-55388	23435949	-104984	23314190	-76730	-76817	-88679	-88688	-72163	-121759
ENSMUST00000145596	CGTCAGCGTCCTGGACTCACTCATGAGCGCGACATACTTCAATGACAATATCCTCACCCTAATACGGACCCT	23330965	23390920	-59955	23391007	-60042	23425566	-94601	23425740	-94775	23386353	-55388	23435949	-104984	23314190	-76730	-76817	-111376	-111550	-72163	-121759
ENSMUST00000145596	CGTCAGCGTCCTGGACTCACTCATGAGCGCGACATACTTCAATGACAATATCCTCACCCTAATACGGACCCT	23330965	23390920	-59955	23391007	-60042	23425566	-94601	23425749	-94784	23386353	-55388	23435949	-104984	23314190	-76730	-76817	-111376	-111559	-72163	-121759
ENSMUST00000145596	CGTCAGCGTCCTGGACTCACTCATGAGCGCGACATACTTCAATGACAATATCCTCACCCTAATACGGACCCT	23330965	23402869	-71904	23402878	-71913	23425566	-94601	23425740	-94775	23386353	-55388	23435949	-104984	23314190	-88679	-88688	-111376	-111550	-72163	-121759
ENSMUST00000145596	CGTCAGCGTCCTGGACTCACTCATGAGCGCGACATACTTCAATGACAATATCCTCACCCTAATACGGACCCT	23330965	23402869	-71904	23402878	-71913	23425566	-94601	23425749	-94784	23386353	-55388	23435949	-104984	23314190	-88679	-88688	-111376	-111559	-72163	-121759
ENSMUST00000145596	CGTCAGCGTCCTGGACTCACTCATGAGCGCGACATACTTCAATGACAATATCCTCACCCTAATACGGACCCT	23330965	23526535	-195570	23526627	-195662	23526724	-195759	23526816	-195851	23509900	-178935	23528349	-197384	23314190	-212345	-212437	-212534	-212626	-195710	-214159
ENSMUST00000145596	CGTCAGCGTCCTGGACTCACTCATGAGCGCGACATACTTCAATGACAATATCCTCACCCTAATACGGACCCT	23330965	23306724	24241	23306753	24212	23309039	21926	23309264	21701	23300045	30920	23311648	19317	23314190	7466	7437	5151	4926	14145	2542
ENSMUST00000145596	CGTCAGCGTCCTGGACTCACTCATGAGCGCGACATACTTCAATGACAATATCCTCACCCTAATACGGACCCT	23330965	23386259	-55294	23386353	-55388	23435949	-104984	23436026	-105061	23373261	-42296	23441992	-111027	23314190	-72069	-72163	-121759	-121836	-59071	-127802
ENSMUST00000145596	CGTCAGCGTCCTGGACTCACTCATGAGCGCGACATACTTCAATGACAATATCCTCACCCTAATACGGACCCT	23330965	23387091	-56126	23387100	-56135	23390920	-59955	23391007	-60042	23386353	-55388	23435949	-104984	23314190	-72901	-72910	-76730	-76817	-72163	-121759
ENSMUST00000145596	CGTCAGCGTCCTGGACTCACTCATGAGCGCGACATACTTCAATGACAATATCCTCACCCTAATACGGACCCT	23330965	23387091	-56126	23387100	-56135	23402869	-71904	23402878	-71913	23386353	-55388	23435949	-104984	23314190	-72901	-72910	-88679	-88688	-72163	-121759
ENSMUST00000145596	CGTCAGCGTCCTGGACTCACTCATGAGCGCGACATACTTCAATGACAATATCCTCACCCTAATACGGACCCT	23330965	23387091	-56126	23387100	-56135	23425566	-94601	23425740	-94775	23386353	-55388	23435949	-104984	23314190	-72901	-72910	-111376	-111550	-72163	-121759
ENSMUST00000145596	CGTCAGCGTCCTGGACTCACTCATGAGCGCGACATACTTCAATGACAATATCCTCACCCTAATACGGACCCT	23330965	23387091	-56126	23387100	-56135	23425566	-94601	23425749	-94784	23386353	-55388	23435949	-104984	23314190	-72901	-72910	-111376	-111559	-72163	-121759
ENSMUST00000145596	CGTCAGCGTCCTGGACTCACTCATGAGCGCGACATACTTCAATGACAATATCCTCACCCTAATACGGACCCT	23330965	23390920	-59955	23391007	-60042	23402869	-71904	23402878	-71913	23386353	-55388	23435949	-104984	23314190	-76730	-76817	-88679	-88688	-72163	-121759
ENSMUST00000145596	CGTCAGCGTCCTGGACTCACTCATGAGCGCGACATACTTCAATGACAATATCCTCACCCTAATACGGACCCT	23330965	23390920	-59955	23391007	-60042	23425566	-94601	23425740	-94775	23386353	-55388	23435949	-104984	23314190	-76730	-76817	-111376	-111550	-72163	-121759
ENSMUST00000145596	CGTCAGCGTCCTGGACTCACTCATGAGCGCGACATACTTCAATGACAATATCCTCACCCTAATACGGACCCT	23330965	23390920	-59955	23391007	-60042	23425566	-94601	23425749	-94784	23386353	-55388	23435949	-104984	23314190	-76730	-76817	-111376	-111559	-72163	-121759
ENSMUST00000145596	CGTCAGCGTCCTGGACTCACTCATGAGCGCGACATACTTCAATGACAATATCCTCACCCTAATACGGACCCT	23330965	23402869	-71904	23402878	-71913	23425566	-94601	23425740	-94775	23386353	-55388	23435949	-104984	23314190	-88679	-88688	-111376	-111550	-72163	-121759
ENSMUST00000145596	CGTCAGCGTCCTGGACTCACTCATGAGCGCGACATACTTCAATGACAATATCCTCACCCTAATACGGACCCT	23330965	23402869	-71904	23402878	-71913	23425566	-94601	23425749	-94784	23386353	-55388	23435949	-104984	23314190	-88679	-88688	-111376	-111559	-72163	-121759
ENSMUST00000145596	CGTCAGCGTCCTGGACTCACTCATGAGCGCGACATACTTCAATGACAATATCCTCACCCTAATACGGACCCT	23330965	23526535	-195570	23526627	-195662	23526724	-195759	23526816	-195851	23509900	-178935	23528349	-197384	23314190	-212345	-212437	-212534	-212626	-195710	-214159
ENSMUST00000154230	AGGATGATAGACGCGGTATTCACGAAAGACCCAGGCAGCAAGAAATGCACAAGCCTTTCCGAGGCTCAAATTT	20881040	20854934	26106	20855040	26000	20855353	25687	20855395	25645	20853069	27971	20855580	25460	20881113	26179	26073	25760	25718	28044	25533
ENSMUST00000154230	AGGATGATAGACGCGGTATTCACGAAAGACCCAGGCAGCAAGAAATGCACAAGCCTTTCCGAGGCTCAAATTT	20881040	20892084	-11044	20892177	-11137	20912276	-31236	20912301	-31261	20889953	-8913	20914631	-33591	20881113	-10971	-11064	-31163	-31188	-8840	-33518
ENSMUST00000057207	AACCCTCCAAATACTGCAGTTGGAAATGCGCTGCCCTGTCTGCCATCGCCGCCGCCCTCCTCTTGGCCATTTT	36273384	36300195	-26811	36300430	-27046	36385118	-111734	36385328	-111944	36273469	-85	36677468	-404084	36273457	-26738	-26973	-111661	-111871	-12	-404011
ENSMUST00000057207	AACCCTCCAAATACTGCAGTTGGAAATGCGCTGCCCTGTCTGCCATCGCCGCCGCCCTCCTCTTGGCCATTTT	36273384	36300195	-26811	36300430	-27046	36385118	-111734	36385328	-111944	36273469	-85	36864667	-591283	36273457	-26738	-26973	-111661	-111871	-12	-591210
ENSMUST00000057207	AACCCTCCAAATACTGCAGTTGGAAATGCGCTGCCCTGTCTGCCATCGCCGCCGCCCTCCTCTTGGCCATTTT	36273384	36385118	-111734	36385328	-111944	36864667	-591283	36864943	-591559	36300430	-27046	36943940	-670556	36273457	-111661	-111871	-591210	-591486	-26973	-670483
ENSMUST00000057207	AACCCTCCAAATACTGCAGTTGGAAATGCGCTGCCCTGTCTGCCATCGCCGCCGCCCTCCTCTTGGCCATTTT	36273384	36864667	-591283	36864943	-591559	36943940	-670556	36944241	-670857	36385328	-111944	37145527	-872143	36273457	-591210	-591486	-670483	-670784	-111871	-872070
ENSMUST00000047037	ATGCAAGTGTAATTACTTTCTAAGGCCCTTCTAGCTATGATTTTTTTGGAACTGTGTGAATGTAGTATATTCATT	41796270	41881908	-85638	41882000	-85730	41897791	-101521	41897850	-101580	41879937	-83667	41911800	-115530	41796345	-85563	-85655	-101446	-101505	-83592	-115455
ENSMUST00000140485	CTGCTCTTCCAGAGGACCAGAGTTCAATTCCCAGCACCCTCGTCGGGCAACTCAAAACCACCTATAACTCCAGCT	60489274	60510416	-21142	60510491	-21217	60518979	-29705	60519060	-29786	60503595	-14321	60525591	-36317	60489349	-21067	-21142	-29630	-29711	-14246	-36242
ENSMUST00000176922	TCTTTCCTTTCTTTCCTTTCTTTCCTTTCTTTCCTTTCTTTCCTTTCTTTCCTTTCTTTCCTTTCTTTCCTTTCT	8852585	8835296	17289	8835438	17147	8836782	15803	8837023	15562	8820545	32040	8842729	9856	8852660	17364	17222	15878	15637	32115	9931
ENSMUST00000176922	TCTTTCCTTTCTTTCCTTTCTTTCCTTTCTTTCCTTTCTTTCCTTTCTTTCCTTTCTTTCCTTTCTTTCCTTTCT	8852585	8836782	15803	8837023	15562	8842729	9856	8842806	9779	8835438	17147	8847614	4971	8852660	15878	15637	9931	9854	17222	5046
ENSMUST00000176922	TCTTTCCTTTCTTTCCTTTCTTTCCTTTCTTTCCTTTCTTTCCTTTCTTTCCTTTCTTTCCTTTCTTTCCTTTCT	8852585	8844786	7799	8844831	7754	8847614	4971	8847686	4899	8842806	9779	8849533	3052	8852660	7874	7829	5046	4974	9854	3127
ENSMUST00000165566	ATTTCCCCTTTGGATTTACCAAGTTACTAAGAACTTCGGGACTTGCGTCCAAATCTTGACTGTATGACTCTTACT	27765284	27806792	-41508	27806908	-41624	27813577	-48293	27813690	-48406	27802479	-37195	27815484	-50200	27765359	-41433	-41549	-48218	-48331	-37120	-50125
ENSMUST00000165566	ATTTCCCCTTTGGATTTACCAAGTTACTAAGAACTTCGGGACTTGCGTCCAAATCTTGACTGTATGACTCTTACT	27765284	27813577	-48293	27813690	-48406	27815484	-50200	27815606	-50322	27806908	-41624	27826032	-60748	27765359	-48218	-48331	-50125	-50247	-41549	-60673
ENSMUST00000165566	ATTTCCCCTTTGGATTTACCAAGTTACTAAGAACTTCGGGACTTGCGTCCAAATCTTGACTGTATGACTCTTACT	27765284	27867512	-102228	27867610	-102326	27900778	-135494	27900903	-135619	27849969	-84685	28010971	-245687	27765359	-102153	-102251	-135419	-135544	-84610	-245612
ENSMUST00000154230	ATGACCCACATGGTCACGCACATGCCTGACCAGTATAAGATCGTAGAGACTCTCATCCAGCATCATGACTGGTTTT	20855664	20854934	730	20855040	624	20855353	311	20855395	269	20853069	2595	20855580	84	20855388	454	348	35	-7	2319	-192
ENSMUST00000154230	ATGACCCACATGGTCACGCACATGCCTGACCAGTATAAGATCGTAGAGACTCTCATCCAGCATCATGACTGGTTTT	20855664	20892084	-36420	20892177	-36513	20912276	-56612	20912301	-56637	20889953	-34289	20914631	-58967	20855388	-36696	-36789	-56888	-56913	-34565	-59243
ENSMUST00000161051	ATGTGGGTGTAGAGTCTAAACTCATCCTTAAAGGGGTCATACTGCTGATTGTGGACAAAGCCTTAGAAGAGCCAAA	111079354	111075586	3768	111075712	3642	111076695	2659	111076856	2498	111075441	3913	111076937	2417	111078457	2871	2745	1762	1601	3016	1520
ENSMUST00000161051	ATGTGGGTGTAGAGTCTAAACTCATCCTTAAAGGGGTCATACTGCTGATTGTGGACAAAGCCTTAGAAGAGCCAAA	111079354	111076279	3075	111076393	2961	111076937	2417	111077076	2278	111075712	3642	111077224	2130	111078457	2178	2064	1520	1381	2745	1233
ENSMUST00000161051	ATGTGGGTGTAGAGTCTAAACTCATCCTTAAAGGGGTCATACTGCTGATTGTGGACAAAGCCTTAGAAGAGCCAAA	111079354	111077408	1946	111077492	1862	111077636	1718	111077747	1607	111077323	2031	111078024	1330	111078457	1049	965	821	710	1134	433
ENSMUST00000161051	ATGTGGGTGTAGAGTCTAAACTCATCCTTAAAGGGGTCATACTGCTGATTGTGGACAAAGCCTTAGAAGAGCCAAA	111079354	111075586	3768	111075712	3642	111076695	2659	111076856	2498	111075441	3913	111076937	2417	111078457	2871	2745	1762	1601	3016	1520
ENSMUST00000161051	ATGTGGGTGTAGAGTCTAAACTCATCCTTAAAGGGGTCATACTGCTGATTGTGGACAAAGCCTTAGAAGAGCCAAA	111079354	111076279	3075	111076393	2961	111076937	2417	111077076	2278	111075712	3642	111077224	2130	111078457	2178	2064	1520	1381	2745	1233
ENSMUST00000161051	ATGTGGGTGTAGAGTCTAAACTCATCCTTAAAGGGGTCATACTGCTGATTGTGGACAAAGCCTTAGAAGAGCCAAA	111079354	111077408	1946	111077492	1862	111077636	1718	111077747	1607	111077323	2031	111078024	1330	111078457	1049	965	821	710	1134	433
ENSMUST00000114292	ACCTTCCCCGACACCCCGGCATCTCCGCATCACCTGCCTGAGCAACCTCCGGGCGGGCTCTGGGACTTGCCTCGAG	67620468	66882732	737736	66882882	737586	66953273	667195	66953300	667168	66815461	805007	67620170	298	67620544	737812	737662	667271	667244	805083	374
ENSMUST00000151937	TCCGGCTGCACTTTGGGCACAACCGCAAGAAGCACCTGAACTATGTGGAATTCACTCAGTTCCTCCAGGAATTGCAA	71324052	71333604	-9552	71333720	-9668	71343889	-19837	71344032	-19980	71324115	-63	71366526	-42474	71314997	-18607	-18723	-28892	-29035	-9118	-51529
ENSMUST00000079746	TTTTCCTTTTCTACGTTGGAACGTGCCCCGGAATGTGGCCGTCGGCACACTTCTCAGGACAATGAATCCTTCCTGTT	33248277	33259137	-10860	33259344	-11067	33261008	-12731	33261153	-12876	33251072	-2795	33266882	-18605	33248354	-10783	-10990	-12654	-12799	-2718	-18528
ENSMUST00000079746	TTTTCCTTTTCTACGTTGGAACGTGCCCCGGAATGTGGCCGTCGGCACACTTCTCAGGACAATGAATCCTTCCTGTT	33248277	33261008	-12731	33261153	-12876	33269441	-21164	33269634	-21357	33251072	-2795	33274778	-26501	33248354	-12654	-12799	-21087	-21280	-2718	-26424
ENSMUST00000075845	AACTCTGTTTTACTTGAACTTCCAATTGGACTACACAAGAAGCGCATTGAGCTGTCTGTTCTTTCATACCATTCCTC	16564101	16549062	15039	16549207	14894	16561457	2644	16565329	-1228	16512485	51616	16614471	-50370	16564178	15116	14971	2721	-1151	51693	-50293
ENSMUST00000154230	ATTGAGGCCAATCGCAAAGAGGACCCACTGGATCGGCTACGAACATTAAAGAGACTAATTCATGACCTGCCTGAGCA	20859102	20854934	4168	20855040	4062	20855353	3749	20855395	3707	20853069	6033	20855580	3522	20858940	4006	3900	3587	3545	5871	3360
ENSMUST00000154230	ATTGAGGCCAATCGCAAAGAGGACCCACTGGATCGGCTACGAACATTAAAGAGACTAATTCATGACCTGCCTGAGCA	20859102	20892084	-32982	20892177	-33075	20912276	-53174	20912301	-53199	20889953	-30851	20914631	-55529	20858940	-33144	-33237	-53336	-53361	-31013	-55691
ENSMUST00000106224	AAAAACCTCCAGGCCCACTATGAAGACTTTCTACAGGACAGCCATGACTCTGCCCTCTTCTCTGTGGCCGATCGCTT	123493997	123395912	98085	123395997	98000	123397747	96250	123397907	96090	123395247	98750	123399342	94655	123494074	98162	98077	96327	96167	98827	94732
ENSMUST00000106224	AAAAACCTCCAGGCCCACTATGAAGACTTTCTACAGGACAGCCATGACTCTGCCCTCTTCTCTGTGGCCGATCGCTT	123493997	123397093	96904	123397420	96577	123397747	96250	123397907	96090	123395997	98000	123399342	94655	123494074	96981	96654	96327	96167	98077	94732
ENSMUST00000106224	AAAAACCTCCAGGCCCACTATGAAGACTTTCTACAGGACAGCCATGACTCTGCCCTCTTCTCTGTGGCCGATCGCTT	123493997	123499872	-5875	123500025	-6028	123502163	-8166	123502289	-8292	123497882	-3885	123503183	-9186	123494074	-5798	-5951	-8089	-8215	-3808	-9109
ENSMUST00000106224	AAAAACCTCCAGGCCCACTATGAAGACTTTCTACAGGACAGCCATGACTCTGCCCTCTTCTCTGTGGCCGATCGCTT	123493997	123395912	98085	123395997	98000	123397747	96250	123397907	96090	123395247	98750	123399342	94655	123494074	98162	98077	96327	96167	98827	94732
ENSMUST00000106224	AAAAACCTCCAGGCCCACTATGAAGACTTTCTACAGGACAGCCATGACTCTGCCCTCTTCTCTGTGGCCGATCGCTT	123493997	123397093	96904	123397420	96577	123397747	96250	123397907	96090	123395997	98000	123399342	94655	123494074	96981	96654	96327	96167	98077	94732
ENSMUST00000106224	AAAAACCTCCAGGCCCACTATGAAGACTTTCTACAGGACAGCCATGACTCTGCCCTCTTCTCTGTGGCCGATCGCTT	123493997	123499872	-5875	123500025	-6028	123502163	-8166	123502289	-8292	123497882	-3885	123503183	-9186	123494074	-5798	-5951	-8089	-8215	-3808	-9109
ENSMUST00000106224	AAAAACCTCCAGGCCCACTATGAAGACTTTCTACAGGACAGCCATGACTCTGCCCTCTTCTCTGTGGCCGATCGCTT	123493997	123395912	98085	123395997	98000	123397747	96250	123397907	96090	123395247	98750	123399342	94655	123494074	98162	98077	96327	96167	98827	94732
ENSMUST00000106224	AAAAACCTCCAGGCCCACTATGAAGACTTTCTACAGGACAGCCATGACTCTGCCCTCTTCTCTGTGGCCGATCGCTT	123493997	123397093	96904	123397420	96577	123397747	96250	123397907	96090	123395997	98000	123399342	94655	123494074	96981	96654	96327	96167	98077	94732
ENSMUST00000106224	AAAAACCTCCAGGCCCACTATGAAGACTTTCTACAGGACAGCCATGACTCTGCCCTCTTCTCTGTGGCCGATCGCTT	123493997	123499872	-5875	123500025	-6028	123502163	-8166	123502289	-8292	123497882	-3885	123503183	-9186	123494074	-5798	-5951	-8089	-8215	-3808	-9109
ENSMUST00000183703	AATTGCCGGCCTGATGATGACATCACAAAGATGTGTTCTGTTCAACTTTGCCTTGGTAATTATTGTAAACACTTTGT	119575637	119796906	-221269	119797323	-221686	119824385	-248748	119825209	-249572	119783463	-207826	119847876	-272239	119575714	-221192	-221609	-248671	-249495	-207749	-272162
ENSMUST00000183703	AATTGCCGGCCTGATGATGACATCACAAAGATGTGTTCTGTTCAACTTTGCCTTGGTAATTATTGTAAACACTTTGT	119575637	119796906	-221269	119797323	-221686	119824385	-248748	119824619	-248982	119783463	-207826	119847876	-272239	119575714	-221192	-221609	-248671	-248905	-207749	-272162
ENSMUST00000064054	AAATTCTGTTTCACTTTGTGTAGTGAACCCCATGGTAGTTTTCTGATCGTTGTTAAAAAAAATGACTTAACATATTA	108500645	108583873	-83228	108583991	-83346	108627252	-126607	108627420	-126775	108504530	-3885	108631795	-131150	108500722	-83151	-83269	-126530	-126698	-3808	-131073
ENSMUST00000064054	AAATTCTGTTTCACTTTGTGTAGTGAACCCCATGGTAGTTTTCTGATCGTTGTTAAAAAAAATGACTTAACATATTA	108500645	108583873	-83228	108583991	-83346	108831105	-330460	108831171	-330526	108504530	-3885	108902214	-401569	108500722	-83151	-83269	-330383	-330449	-3808	-401492
ENSMUST00000064054	AAATTCTGTTTCACTTTGTGTAGTGAACCCCATGGTAGTTTTCTGATCGTTGTTAAAAAAAATGACTTAACATATTA	108500645	108583873	-83228	108583991	-83346	108902214	-401569	108902315	-401670	108504530	-3885	109010575	-509930	108500722	-83151	-83269	-401492	-401593	-3808	-509853
ENSMUST00000064054	AAATTCTGTTTCACTTTGTGTAGTGAACCCCATGGTAGTTTTCTGATCGTTGTTAAAAAAAATGACTTAACATATTA	108500645	108642213	-141568	108642398	-141753	108690883	-190238	108691063	-190418	108636673	-136028	108831105	-330460	108500722	-141491	-141676	-190161	-190341	-135951	-330383
ENSMUST00000064054	AAATTCTGTTTCACTTTGTGTAGTGAACCCCATGGTAGTTTTCTGATCGTTGTTAAAAAAAATGACTTAACATATTA	108500645	108690883	-190238	108691063	-190418	108831105	-330460	108831171	-330526	108642398	-141753	108902214	-401569	108500722	-190161	-190341	-330383	-330449	-141676	-401492
ENSMUST00000064054	AAATTCTGTTTCACTTTGTGTAGTGAACCCCATGGTAGTTTTCTGATCGTTGTTAAAAAAAATGACTTAACATATTA	108500645	108690883	-190238	108691063	-190418	108902214	-401569	108902315	-401670	108642398	-141753	109008891	-508246	108500722	-190161	-190341	-401492	-401593	-141676	-508169
ENSMUST00000064054	AAATTCTGTTTCACTTTGTGTAGTGAACCCCATGGTAGTTTTCTGATCGTTGTTAAAAAAAATGACTTAACATATTA	108500645	108690883	-190238	108691063	-190418	108902214	-401569	108902315	-401670	108642398	-141753	109010575	-509930	108500722	-190161	-190341	-401492	-401593	-141676	-509853
ENSMUST00000064054	AAATTCTGTTTCACTTTGTGTAGTGAACCCCATGGTAGTTTTCTGATCGTTGTTAAAAAAAATGACTTAACATATTA	108500645	108831105	-330460	108831171	-330526	108902214	-401569	108902315	-401670	108691063	-190418	108993837	-493192	108500722	-330383	-330449	-401492	-401593	-190341	-493115
ENSMUST00000064054	AAATTCTGTTTCACTTTGTGTAGTGAACCCCATGGTAGTTTTCTGATCGTTGTTAAAAAAAATGACTTAACATATTA	108500645	108831105	-330460	108831171	-330526	108902214	-401569	108902315	-401670	108691063	-190418	109010575	-509930	108500722	-330383	-330449	-401492	-401593	-190341	-509853
ENSMUST00000114292	TGCCAGCTTGCTGCCCCTGTCCCCCACCCCTCCCTTCCGTGACCTACCCACTCCTTGCAGCCCTCGCCTGCACCTTCC	67620397	66882732	737665	66882882	737515	66953273	667124	66953300	667097	66815461	804936	67620170	227	67620475	737743	737593	667202	667175	805014	305
ENSMUST00000107157	TCCGTGTCATTTACTCTGTGACTCTGTCTGTACATAACTGGAATTCGGATGGCAAACTGTACATAGGCTGTTTGGAGT	86991363	87076118	-84755	87076157	-84794	87176161	-184798	87176347	-184984	87032291	-40928	87226882	-235519	86991441	-84677	-84716	-184720	-184906	-40850	-235441
ENSMUST00000075845	ATACAGCATGCAGATTGACTTGGTGGAAGCTCACAAAATCAACGACAGGGAACAGAAGCTGCATGCTCTGAAGGAAGTG	16511294	16549062	-37768	16549207	-37913	16561457	-50163	16565329	-54035	16512485	-1191	16614471	-103177	16498633	-50429	-50574	-62824	-66696	-13852	-115838
ENSMUST00000075845	ATACAGCATGCAGATTGACTTGGTGGAAGCTCACAAAATCAACGACAGGGAACAGAAGCTGCATGCTCTGAAGGAAGTG	16511294	16549062	-37768	16549207	-37913	16561457	-50163	16565329	-54035	16512485	-1191	16614471	-103177	16498633	-50429	-50574	-62824	-66696	-13852	-115838
ENSMUST00000115386	ACTTCTACTTTTATAGAAACCCAACCACCCGCAACCACTGCAAATCTATCTGCTCTCTGGACGATTTCAAGACCCTCTGA	8072439	8086593	-14154	8086623	-14184	8087981	-15542	8088068	-15629	8082269	-9830	8090141	-17702	8072519	-14074	-14104	-15462	-15549	-9750	-17622
ENSMUST00000115386	ACTTCTACTTTTATAGAAACCCAACCACCCGCAACCACTGCAAATCTATCTGCTCTCTGGACGATTTCAAGACCCTCTGA	8072439	8086593	-14154	8086623	-14184	8087981	-15542	8088068	-15629	8082269	-9830	8092339	-19900	8072519	-14074	-14104	-15462	-15549	-9750	-19820
ENSMUST00000115386	ACTTCTACTTTTATAGAAACCCAACCACCCGCAACCACTGCAAATCTATCTGCTCTCTGGACGATTTCAAGACCCTCTGA	8072439	8086593	-14154	8086623	-14184	8090141	-17702	8090252	-17813	8082269	-9830	8092339	-19900	8072519	-14074	-14104	-17622	-17733	-9750	-19820
ENSMUST00000115386	ACTTCTACTTTTATAGAAACCCAACCACCCGCAACCACTGCAAATCTATCTGCTCTCTGGACGATTTCAAGACCCTCTGA	8072439	8087981	-15542	8088068	-15629	8090141	-17702	8090252	-17813	8082269	-9830	8092339	-19900	8072519	-15462	-15549	-17622	-17733	-9750	-19820
ENSMUST00000115386	ACTTCTACTTTTATAGAAACCCAACCACCCGCAACCACTGCAAATCTATCTGCTCTCTGGACGATTTCAAGACCCTCTGA	8072439	8087981	-15542	8088068	-15629	8091364	-18925	8091422	-18983	8082269	-9830	8092339	-19900	8072519	-15462	-15549	-18845	-18903	-9750	-19820
ENSMUST00000115386	ACTTCTACTTTTATAGAAACCCAACCACCCGCAACCACTGCAAATCTATCTGCTCTCTGGACGATTTCAAGACCCTCTGA	8072439	8087981	-15542	8088068	-15629	8090141	-17702	8090252	-17813	8086623	-14184	8092339	-19900	8072519	-15462	-15549	-17622	-17733	-14104	-19820
ENSMUST00000115386	ACTTCTACTTTTATAGAAACCCAACCACCCGCAACCACTGCAAATCTATCTGCTCTCTGGACGATTTCAAGACCCTCTGA	8072439	8090141	-17702	8090252	-17813	8091364	-18925	8091422	-18983	8082269	-9830	8092339	-19900	8072519	-17622	-17733	-18845	-18903	-9750	-19820
ENSMUST00000115386	ACTTCTACTTTTATAGAAACCCAACCACCCGCAACCACTGCAAATCTATCTGCTCTCTGGACGATTTCAAGACCCTCTGA	8072439	8094985	-22546	8095047	-22608	8095072	-22633	8095180	-22741	8092831	-20392	8107001	-34562	8072519	-22466	-22528	-22553	-22661	-20312	-34482
ENSMUST00000115386	ACTTCTACTTTTATAGAAACCCAACCACCCGCAACCACTGCAAATCTATCTGCTCTCTGGACGATTTCAAGACCCTCTGA	8072439	8094985	-22546	8095047	-22608	8095072	-22633	8095180	-22741	8092831	-20392	8111894	-39455	8072519	-22466	-22528	-22553	-22661	-20312	-39375
ENSMUST00000115386	ACTTCTACTTTTATAGAAACCCAACCACCCGCAACCACTGCAAATCTATCTGCTCTCTGGACGATTTCAAGACCCTCTGA	8072439	8094985	-22546	8095047	-22608	8107001	-34562	8107019	-34580	8092831	-20392	8111894	-39455	8072519	-22466	-22528	-34482	-34500	-20312	-39375
ENSMUST00000115386	ACTTCTACTTTTATAGAAACCCAACCACCCGCAACCACTGCAAATCTATCTGCTCTCTGGACGATTTCAAGACCCTCTGA	8072439	8094985	-22546	8095180	-22741	8107001	-34562	8107019	-34580	8092831	-20392	8111894	-39455	8072519	-22466	-22661	-34482	-34500	-20312	-39375
ENSMUST00000115386	ACTTCTACTTTTATAGAAACCCAACCACCCGCAACCACTGCAAATCTATCTGCTCTCTGGACGATTTCAAGACCCTCTGA	8072439	8095072	-22633	8095180	-22741	8107001	-34562	8107019	-34580	8092831	-20392	8111894	-39455	8072519	-22553	-22661	-34482	-34500	-20312	-39375
ENSMUST00000115386	ACTTCTACTTTTATAGAAACCCAACCACCCGCAACCACTGCAAATCTATCTGCTCTCTGGACGATTTCAAGACCCTCTGA	8072439	8167326	-94887	8167409	-94970	8232609	-160170	8232676	-160237	8160799	-88360	8329979	-257540	8072519	-94807	-94890	-160090	-160157	-88280	-257460
ENSMUST00000115386	ACTTCTACTTTTATAGAAACCCAACCACCCGCAACCACTGCAAATCTATCTGCTCTCTGGACGATTTCAAGACCCTCTGA	8072439	8232609	-160170	8232676	-160237	8329979	-257540	8330056	-257617	8167409	-94970	8367200	-294761	8072519	-160090	-160157	-257460	-257537	-94890	-294681
ENSMUST00000076817	CAGCCAACATTTCCCGACCTTCAGTATTGCCCTCTTCTGCAAATGCCAATCCCAAGACCCATTCAACCCCAAAGCTCCGTG	12382283	12481223	-98940	12481370	-99087	12486385	-104102	12486654	-104371	12478491	-96208	12501377	-119094	12382364	-98859	-99006	-104021	-104290	-96127	-119013
ENSMUST00000113169	ATCCACCAGGCCCCATCAGCTCAGAGCCCGCCAGCCCCCTGCACACCATTGTCATCCGAGACCCTGATGCTGCTATGCGCC	112718107	112735833	-17726	112735913	-17806	112738882	-20775	112739110	-21003	112731509	-13402	112739318	-21211	112718188	-17645	-17725	-20694	-20922	-13321	-21130
ENSMUST00000113169	ATCCACCAGGCCCCATCAGCTCAGAGCCCGCCAGCCCCCTGCACACCATTGTCATCCGAGACCCTGATGCTGCTATGCGCC	112718107	112750380	-32273	112750411	-32304	112754570	-36463	112754673	-36566	112749422	-31315	112759748	-41641	112718188	-32192	-32223	-36382	-36485	-31234	-41560
ENSMUST00000113169	ATCCACCAGGCCCCATCAGCTCAGAGCCCGCCAGCCCCCTGCACACCATTGTCATCCGAGACCCTGATGCTGCTATGCGCC	112718107	112750380	-32273	112750411	-32304	112757153	-39046	112757430	-39323	112749422	-31315	112759748	-41641	112718188	-32192	-32223	-38965	-39242	-31234	-41560
ENSMUST00000113169	ATCCACCAGGCCCCATCAGCTCAGAGCCCGCCAGCCCCCTGCACACCATTGTCATCCGAGACCCTGATGCTGCTATGCGCC	112718107	112754570	-36463	112754673	-36566	112757153	-39046	112757430	-39323	112749422	-31315	112759748	-41641	112718188	-36382	-36485	-38965	-39242	-31234	-41560
ENSMUST00000109627	AACCCCTTCCGTTTTCTACCAAAGGTGCTGCAAGAACCTGCTGTAGGAACTTCTGGCTGTGCATGTGTGTTTGCCCCTTGGCT	79825534	79833701	-8167	79833767	-8233	79833914	-8380	79833958	-8424	79828978	-3444	79834142	-8608	79825617	-8084	-8150	-8297	-8341	-3361	-8525
ENSMUST00000109627	AACCCCTTCCGTTTTCTACCAAAGGTGCTGCAAGAACCTGCTGTAGGAACTTCTGGCTGTGCATGTGTGTTTGCCCCTTGGCT	79825534	79833701	-8167	79833767	-8233	79833914	-8380	79833958	-8424	79828978	-3444	79834142	-8608	79825617	-8084	-8150	-8297	-8341	-3361	-8525
ENSMUST00000109441	AGTAGCACCCCTAGGAACCCCTAGAGAATGCTCTCATCATATCCATTTGGTAATTGAAGAAACCTGAGCATCTTCTTCAGTGA	161528927	162253752	-724825	162253868	-724941	162267987	-739060	162268069	-739142	162238181	-709254	162278047	-749120	161529010	-724742	-724858	-738977	-739059	-709171	-749037
ENSMUST00000109441	AGTAGCACCCCTAGGAACCCCTAGAGAATGCTCTCATCATATCCATTTGGTAATTGAAGAAACCTGAGCATCTTCTTCAGTGA	161528927	162267987	-739060	162268069	-739142	162278047	-749120	162278319	-749392	162253868	-724941	162362900	-833973	161529010	-738977	-739059	-749037	-749309	-724858	-833890
ENSMUST00000159855	AGGCTGTGGTAGAACAAAACTGTTCTGGTTGATGGCATTAGCAGATTCTAAAACAATGAAGGCAATGGTGGAATTCCGAGAAC	103126743	103177255	-50512	103177330	-50587	103182353	-55610	103182494	-55751	103174990	-48247	103184831	-58088	103124471	-52784	-52859	-57882	-58023	-50519	-60360
ENSMUST00000159855	AGGCTGTGGTAGAACAAAACTGTTCTGGTTGATGGCATTAGCAGATTCTAAAACAATGAAGGCAATGGTGGAATTCCGAGAAC	103126743	103182353	-55610	103182494	-55751	103184831	-58088	103184948	-58205	103177330	-50587	103185583	-58840	103124471	-57882	-58023	-60360	-60477	-52859	-61112
ENSMUST00000159855	AGGCTGTGGTAGAACAAAACTGTTCTGGTTGATGGCATTAGCAGATTCTAAAACAATGAAGGCAATGGTGGAATTCCGAGAAC	103126743	103248361	-121618	103248566	-121823	103252408	-125665	103252526	-125783	103247900	-121157	103260195	-133452	103124471	-123890	-124095	-127937	-128055	-123429	-135724
ENSMUST00000182660	AAAAACGTATCCCAGTTTACTGTGTTGAGTTGGCATTGTACAGAAATTAACAGCCATATTGGTCTAGAAATGTTGAACTTAATT	162672446	162688115	-15669	162688217	-15771	162691140	-18694	162691233	-18787	162684256	-11810	162692372	-19926	162672530	-15585	-15687	-18610	-18703	-11726	-19842
ENSMUST00000113169	TCAAACCTTACACGTGCTGTAGGGACAAATCTGTGCTGACTGTACAAGTTTTACTTCTCTCATCTTCAAAATATTTAATGGTTTT	112719399	112735833	-16434	112735913	-16514	112738882	-19483	112739110	-19711	112731509	-12110	112739318	-19919	112719484	-16349	-16429	-19398	-19626	-12025	-19834
ENSMUST00000113169	TCAAACCTTACACGTGCTGTAGGGACAAATCTGTGCTGACTGTACAAGTTTTACTTCTCTCATCTTCAAAATATTTAATGGTTTT	112719399	112750380	-30981	112750411	-31012	112754570	-35171	112754673	-35274	112749422	-30023	112759748	-40349	112719484	-30896	-30927	-35086	-35189	-29938	-40264
ENSMUST00000113169	TCAAACCTTACACGTGCTGTAGGGACAAATCTGTGCTGACTGTACAAGTTTTACTTCTCTCATCTTCAAAATATTTAATGGTTTT	112719399	112750380	-30981	112750411	-31012	112757153	-37754	112757430	-38031	112749422	-30023	112759748	-40349	112719484	-30896	-30927	-37669	-37946	-29938	-40264
ENSMUST00000113169	TCAAACCTTACACGTGCTGTAGGGACAAATCTGTGCTGACTGTACAAGTTTTACTTCTCTCATCTTCAAAATATTTAATGGTTTT	112719399	112754570	-35171	112754673	-35274	112757153	-37754	112757430	-38031	112749422	-30023	112759748	-40349	112719484	-35086	-35189	-37669	-37946	-29938	-40264
ENSMUST00000111398	TGCTGACTCCCGAGACTGAGGAAGGAGCCCCTGAGTCTGCCTGCGCGTCCATCCGTCCGTCCGTCCACTCATCTGTCCATCCAGA	125017452	125019818	-2366	125020046	-2594	125022870	-5418	125022924	-5472	125018990	-1538	125023500	-6048	125017537	-2281	-2509	-5333	-5387	-1453	-5963
ENSMUST00000111398	TGCTGACTCCCGAGACTGAGGAAGGAGCCCCTGAGTCTGCCTGCGCGTCCATCCGTCCGTCCGTCCACTCATCTGTCCATCCAGA	125017452	125019959	-2507	125020046	-2594	125022870	-5418	125022924	-5472	125018990	-1538	125023500	-6048	125017537	-2422	-2509	-5333	-5387	-1453	-5963
ENSMUST00000088614	AAGTAGACTGTAAAGAGAGACTATCTTGCATTATGACTGTATGAATTTCTAAGTGCTGTTTGATTGGGTTTTGTTACAGGATGTA	90934310	90949005	-14695	90949044	-14734	90951245	-16935	90951374	-17064	90943901	-9591	90952710	-18400	90934395	-14610	-14649	-16850	-16979	-9506	-18315
ENSMUST00000088614	AAGTAGACTGTAAAGAGAGACTATCTTGCATTATGACTGTATGAATTTCTAAGTGCTGTTTGATTGGGTTTTGTTACAGGATGTA	90934310	90949005	-14695	90949044	-14734	90951245	-16935	90951374	-17064	90943901	-9591	90956294	-21984	90934395	-14610	-14649	-16850	-16979	-9506	-21899
ENSMUST00000088614	AAGTAGACTGTAAAGAGAGACTATCTTGCATTATGACTGTATGAATTTCTAAGTGCTGTTTGATTGGGTTTTGTTACAGGATGTA	90934310	90949005	-14695	90949044	-14734	90952710	-18400	90952818	-18508	90943901	-9591	90956294	-21984	90934395	-14610	-14649	-18315	-18423	-9506	-21899
ENSMUST00000088614	AAGTAGACTGTAAAGAGAGACTATCTTGCATTATGACTGTATGAATTTCTAAGTGCTGTTTGATTGGGTTTTGTTACAGGATGTA	90934310	90951245	-16935	90951374	-17064	90952710	-18400	90952818	-18508	90943901	-9591	90956294	-21984	90934395	-16850	-16979	-18315	-18423	-9506	-21899
ENSMUST00000088614	AAGTAGACTGTAAAGAGAGACTATCTTGCATTATGACTGTATGAATTTCTAAGTGCTGTTTGATTGGGTTTTGTTACAGGATGTA	90934310	90951245	-16935	90951374	-17064	90952710	-18400	90952818	-18508	90949044	-14734	90956294	-21984	90934395	-16850	-16979	-18315	-18423	-14649	-21899
ENSMUST00000151937	GCCAAAGCCTGTTTCCTCCGAGACATTCCCTTCTCCGCAATCTATTTTCCCGTGTACGCTCACTGCAAACTCCTCCTGGCTGATGAG	71279533	71333604	-54071	71333720	-54187	71343889	-64356	71344032	-64499	71324115	-44582	71366526	-86993	71279620	-53984	-54100	-64269	-64412	-44495	-86906
ENSMUST00000212510	AAGGTCGTGCCCCTGAACAACGGCCAGCTCCAAATGCAGCCCCCGTGGATCCTACATTGCGTACAAAACAGCCTATTCCAGCTGCTT	143671389	143609369	62020	143609511	61878	143615302	56087	143615403	55986	143608557	62832	143617278	54111	143670038	60669	60527	54736	54635	61481	52760
ENSMUST00000212510	AAGGTCGTGCCCCTGAACAACGGCCAGCTCCAAATGCAGCCCCCGTGGATCCTACATTGCGTACAAAACAGCCTATTCCAGCTGCTT	143671389	143609369	62020	143609511	61878	143615302	56087	143615403	55986	143608557	62832	143617278	54111	143670038	60669	60527	54736	54635	61481	52760
ENSMUST00000026494	GACATGTCGCTATTACTGAACTCGCACCAAATATTTCTCATTGAGTTTCTTGTTTTGGTGCCTGACCGAACCAACCAACCAACCAACC	77456721	77475473	-18752	77475584	-18863	77484148	-27427	77484464	-27743	77468370	-11649	77565041	-108320	77456809	-18664	-18775	-27339	-27655	-11561	-108232
ENSMUST00000026494	GACATGTCGCTATTACTGAACTCGCACCAAATATTTCTCATTGAGTTTCTTGTTTTGGTGCCTGACCGAACCAACCAACCAACCAACC	77456721	77475473	-18752	77475584	-18863	77484148	-27427	77484464	-27743	77468370	-11649	77565041	-108320	77456809	-18664	-18775	-27339	-27655	-11561	-108232
ENSMUST00000117509	AAGGCCAAAAACTATGCAGATCAGATTTCCCGACTGGAGGAACGAGAATCGGAGATGAAGAAGGAATACAATGCCCTGCACCAGCGGC	24927926	24900938	26988	24901019	26907	24901105	26821	24901225	26701	24900855	27071	24901339	26587	24924212	23274	23193	23107	22987	23357	22873
ENSMUST00000117509	AAGGCCAAAAACTATGCAGATCAGATTTCCCGACTGGAGGAACGAGAATCGGAGATGAAGAAGGAATACAATGCCCTGCACCAGCGGC	24927926	24903924	24002	24904051	23875	24904648	23278	24904819	23107	24903384	24542	24904906	23020	24924212	20288	20161	19564	19393	20828	19306
ENSMUST00000117509	AAGGCCAAAAACTATGCAGATCAGATTTCCCGACTGGAGGAACGAGAATCGGAGATGAAGAAGGAATACAATGCCCTGCACCAGCGGC	24927926	24908410	19516	24908428	19498	24909149	18777	24909161	18765	24907386	20540	24912747	15179	24924212	15802	15784	15063	15051	16826	11465
ENSMUST00000097588	AAGCCTACGTCTGTCCCTTCAGACCATAGAGGACACCTTGACCAGATGTTTGGCTGCAGCTCTCAGTGACATCTTGTTTTTCAGTACT	131285967	131292520	-6553	131292845	-6878	131296319	-10352	131296466	-10499	131289740	-3773	131298331	-12364	131286055	-6465	-6790	-10264	-10411	-3685	-12276
ENSMUST00000097588	AAGCCTACGTCTGTCCCTTCAGACCATAGAGGACACCTTGACCAGATGTTTGGCTGCAGCTCTCAGTGACATCTTGTTTTTCAGTACT	131285967	131345761	-59794	131345863	-59896	131349451	-63484	131349676	-63709	131344546	-58579	131355510	-69543	131286055	-59706	-59808	-63396	-63621	-58491	-69455
ENSMUST00000097588	AAGCCTACGTCTGTCCCTTCAGACCATAGAGGACACCTTGACCAGATGTTTGGCTGCAGCTCTCAGTGACATCTTGTTTTTCAGTACT	131285967	131411799	-125832	131411962	-125995	131436674	-150707	131436867	-150900	131364064	-78097	131524937	-238970	131286055	-125744	-125907	-150619	-150812	-78009	-238882
ENSMUST00000154230	CTGGAAGATTCTGTGCTGATGAAGTATTGCCCAAGGAGCGCGTCTCAAGGAGCGCTGACCTCACCGCCTGTTAGCTTCAATAATCATA	20880826	20854934	25892	20855040	25786	20855353	25473	20855395	25431	20853069	27757	20855580	25246	20880914	25980	25874	25561	25519	27845	25334
ENSMUST00000154230	CTGGAAGATTCTGTGCTGATGAAGTATTGCCCAAGGAGCGCGTCTCAAGGAGCGCTGACCTCACCGCCTGTTAGCTTCAATAATCATA	20880826	20892084	-11258	20892177	-11351	20912276	-31450	20912301	-31475	20889953	-9127	20914631	-33805	20880914	-11170	-11263	-31362	-31387	-9039	-33717
ENSMUST00000052011	ATTGAATTGTGAATACTCATTAAGAACCTGTGATACCAAATCTTCAGCTATCGTCTTGGAAGAACATGGAATACCTAACAGTGAATGGA	14448432	14544787	-96355	14544862	-96430	14564388	-115956	14564451	-116019	14517973	-69541	14594383	-145951	14448521	-96266	-96341	-115867	-115930	-69452	-145862
ENSMUST00000097368	TTTATTGAGCATATCCTGTGGCATGTGGGACTCTCAGCCTGCCTTGGACTGACTGTTGCTCTGTCCATCTTTTCGGATATCATCGCCCT	25931703	25928790	2913	25928852	2851	25930520	1183	25930635	1068	25927756	3947	25934757	-3054	25931792	3002	2940	1272	1157	4036	-2965
ENSMUST00000097368	TTTATTGAGCATATCCTGTGGCATGTGGGACTCTCAGCCTGCCTTGGACTGACTGTTGCTCTGTCCATCTTTTCGGATATCATCGCCCT	25931703	25931461	242	25931573	130	25931673	30	25931827	-124	25931038	665	25932104	-401	25931792	331	219	119	-35	754	-312
ENSMUST00000097368	TTTATTGAGCATATCCTGTGGCATGTGGGACTCTCAGCCTGCCTTGGACTGACTGTTGCTCTGTCCATCTTTTCGGATATCATCGCCCT	25931703	25931461	242	25931573	130	25931673	30	25932231	-528	25931038	665	25934757	-3054	25931792	331	219	119	-439	754	-2965
ENSMUST00000097368	TTTATTGAGCATATCCTGTGGCATGTGGGACTCTCAGCCTGCCTTGGACTGACTGTTGCTCTGTCCATCTTTTCGGATATCATCGCCCT	25931703	25931461	242	25931573	130	25932104	-401	25932231	-528	25931038	665	25934757	-3054	25931792	331	219	-312	-439	754	-2965
ENSMUST00000097368	TTTATTGAGCATATCCTGTGGCATGTGGGACTCTCAGCCTGCCTTGGACTGACTGTTGCTCTGTCCATCTTTTCGGATATCATCGCCCT	25931703	25931673	30	25931827	-124	25932104	-401	25932231	-528	25931573	130	25934757	-3054	25931792	119	-35	-312	-439	219	-2965
ENSMUST00000097368	TTTATTGAGCATATCCTGTGGCATGTGGGACTCTCAGCCTGCCTTGGACTGACTGTTGCTCTGTCCATCTTTTCGGATATCATCGCCCT	25931703	25931673	30	25932231	-528	25934757	-3054	25934878	-3175	25931573	130	25935002	-3299	25931792	119	-439	-2965	-3086	219	-3210
ENSMUST00000097368	TTTATTGAGCATATCCTGTGGCATGTGGGACTCTCAGCCTGCCTTGGACTGACTGTTGCTCTGTCCATCTTTTCGGATATCATCGCCCT	25931703	25932104	-401	25932231	-528	25934757	-3054	25934878	-3175	25931827	-124	25935002	-3299	25931792	-312	-439	-2965	-3086	-35	-3210
ENSMUST00000026494	ATTTTGGCGTCGTTTCTGGGAGTGGAATGCTTTGCATGCGTTGGTACGATGACAACTGCGAAACAAACAAACAAACAAACAAACCATTTT	77460107	77475473	-15366	77475584	-15477	77484148	-24041	77484464	-24357	77468370	-8263	77565041	-104934	77460197	-15276	-15387	-23951	-24267	-8173	-104844
ENSMUST00000026494	ATTTTGGCGTCGTTTCTGGGAGTGGAATGCTTTGCATGCGTTGGTACGATGACAACTGCGAAACAAACAAACAAACAAACAAACCATTTT	77460107	77475473	-15366	77475584	-15477	77484148	-24041	77484464	-24357	77468370	-8263	77565041	-104934	77460197	-15276	-15387	-23951	-24267	-8173	-104844
ENSMUST00000117945	GAAGGGGTCCTGTCATAGCCTGGACCCTACTCCACTGCCACATCCCCACCAGCTGCGGGTGTGTACATAGAAACTGAAATCAGGCACTCAG	17840699	17844982	-4283	17845135	-4436	17849590	-8891	17849794	-9095	17844208	-3509	17856751	-16052	17840790	-4192	-4345	-8800	-9004	-3418	-15961
ENSMUST00000151937	TGAATTACGTGTTCTAGACTCTGCTTCGCACAGCTTGTACCTACAGTGACTGTACATATTGTACATCTTTGTACAGAGACACCTCGGCACC	71271481	71333604	-62123	71333720	-62239	71343889	-72408	71344032	-72551	71324115	-52634	71366526	-95045	71271572	-62032	-62148	-72317	-72460	-52543	-94954
ENSMUST00000114438	CCCTTAGAATCTAGTGTGTGTCGATGTGTGTGCTTGCACGATGTGCTCATGCACACTCCTTACCTGTATGTTATGTGTGCACAGGACCTTG	73794954	73796829	-1875	73796892	-1938	73798193	-3239	73798292	-3338	73796477	-1523	73798757	-3803	73795045	-1784	-1847	-3148	-3247	-1432	-3712
ENSMUST00000114438	CCCTTAGAATCTAGTGTGTGTCGATGTGTGTGCTTGCACGATGTGCTCATGCACACTCCTTACCTGTATGTTATGTGTGCACAGGACCTTG	73794954	73796829	-1875	73796892	-1938	73798757	-3803	73798848	-3894	73796477	-1523	73799833	-4879	73795045	-1784	-1847	-3712	-3803	-1432	-4788
ENSMUST00000114438	CCCTTAGAATCTAGTGTGTGTCGATGTGTGTGCTTGCACGATGTGCTCATGCACACTCCTTACCTGTATGTTATGTGTGCACAGGACCTTG	73794954	73796829	-1875	73796892	-1938	73798193	-3239	73798292	-3338	73796477	-1523	73824281	-29327	73795045	-1784	-1847	-3148	-3247	-1432	-29236
ENSMUST00000114438	CCCTTAGAATCTAGTGTGTGTCGATGTGTGTGCTTGCACGATGTGCTCATGCACACTCCTTACCTGTATGTTATGTGTGCACAGGACCTTG	73794954	73796829	-1875	73796892	-1938	73799833	-4879	73800087	-5133	73796477	-1523	73824281	-29327	73795045	-1784	-1847	-4788	-5042	-1432	-29236
ENSMUST00000114438	CCCTTAGAATCTAGTGTGTGTCGATGTGTGTGCTTGCACGATGTGCTCATGCACACTCCTTACCTGTATGTTATGTGTGCACAGGACCTTG	73794954	73798193	-3239	73798292	-3338	73799833	-4879	73800087	-5133	73796477	-1523	73824281	-29327	73795045	-3148	-3247	-4788	-5042	-1432	-29236
ENSMUST00000114438	CCCTTAGAATCTAGTGTGTGTCGATGTGTGTGCTTGCACGATGTGCTCATGCACACTCCTTACCTGTATGTTATGTGTGCACAGGACCTTG	73794954	73798193	-3239	73798292	-3338	73798757	-3803	73798848	-3894	73796892	-1938	73799833	-4879	73795045	-3148	-3247	-3712	-3803	-1847	-4788
ENSMUST00000114438	CCCTTAGAATCTAGTGTGTGTCGATGTGTGTGCTTGCACGATGTGCTCATGCACACTCCTTACCTGTATGTTATGTGTGCACAGGACCTTG	73794954	73798193	-3239	73798292	-3338	73799833	-4879	73800087	-5133	73796892	-1938	73824281	-29327	73795045	-3148	-3247	-4788	-5042	-1847	-29236
ENSMUST00000114438	CCCTTAGAATCTAGTGTGTGTCGATGTGTGTGCTTGCACGATGTGCTCATGCACACTCCTTACCTGTATGTTATGTGTGCACAGGACCTTG	73794954	73798757	-3803	73798848	-3894	73799833	-4879	73800087	-5133	73798292	-3338	73824281	-29327	73795045	-3712	-3803	-4788	-5042	-3247	-29236
ENSMUST00000239177	CGGAATTTCTCTCCAAATGCTCCTGCTCACTTTTCCTTCGTTCCTGCCCGTAGCCATGGCCACAGAACAGACAGGACTGATGGACGGCGCTG	116337448	116316976	20472	116317038	20410	116317708	19740	116317841	19607	116316548	20900	116319758	17690	116330414	13438	13376	12706	12573	13866	10656
ENSMUST00000239177	CGGAATTTCTCTCCAAATGCTCCTGCTCACTTTTCCTTCGTTCCTGCCCGTAGCCATGGCCACAGAACAGACAGGACTGATGGACGGCGCTG	116337448	116337421	27	116337497	-49	116352972	-15524	116353064	-15616	116330469	6979	116391602	-54154	116330414	-7007	-7083	-22558	-22650	-55	-61188
ENSMUST00000239177	CGGAATTTCTCTCCAAATGCTCCTGCTCACTTTTCCTTCGTTCCTGCCCGTAGCCATGGCCACAGAACAGACAGGACTGATGGACGGCGCTG	116337448	116352972	-15524	116353064	-15616	116391602	-54154	116391634	-54186	116337497	-49	116430405	-92957	116330414	-22558	-22650	-61188	-61220	-7083	-99991
ENSMUST00000041391	AGGCCATGGCCAGCGAGCTGAGAGAGCACCGGGCTGCACATCTGGGAAAGAAGGCCCGAGGCAAGGAGGCGGATGAGCAGCGGCAGAAGGAGG	46313352	46314175	-823	46314333	-981	46314462	-1110	46314533	-1181	46313798	-446	46314612	-1260	46312087	-2088	-2246	-2375	-2446	-1711	-2525
ENSMUST00000108407	CCAGTTCCAGAAGATCTCTGAGGAACTCAAAGTGAAAGGGCCCAAGGACTCTAAGGACAGCCATACATCAGTCACCATGGAAGCTCTGCTGTA	76472578	76486437	-13859	76486536	-13958	76508887	-36309	76509072	-36494	76479180	-6602	76571030	-98452	76464253	-22184	-22283	-44634	-44819	-14927	-106777
ENSMUST00000108407	CCAGTTCCAGAAGATCTCTGAGGAACTCAAAGTGAAAGGGCCCAAGGACTCTAAGGACAGCCATACATCAGTCACCATGGAAGCTCTGCTGTA	76472578	76486437	-13859	76486536	-13958	76508887	-36309	76509072	-36494	76479180	-6602	76571030	-98452	76464253	-22184	-22283	-44634	-44819	-14927	-106777
ENSMUST00000168621	ACAACATCACAGTTCATCCTTTCCTGGGTCAGACGGAGGGCACACCAGGCTTCCTCCAAGTGTACACTTCCCCCGATCAGGTCTCTGACTTCC	90464664	90464463	201	90464727	-63	90468249	-3585	90468462	-3798	90463338	1326	90469533	-4869	90463111	-1352	-1616	-5138	-5351	-227	-6422
ENSMUST00000089003	ACACACACACCTACACAGGAGATGGTTGGTTTGTCAGAACTCACTGTAATACACAAGCTTGCACTTCTGCGTCCTATATCTAGCAGCATGGGATA	113748651	113789752	-41101	113789995	-41344	113793665	-45014	113793880	-45229	113774446	-25795	113796238	-47587	113748746	-41006	-41249	-44919	-45134	-25700	-47492
ENSMUST00000089003	ACACACACACCTACACAGGAGATGGTTGGTTTGTCAGAACTCACTGTAATACACAAGCTTGCACTTCTGCGTCCTATATCTAGCAGCATGGGATA	113748651	113797109	-48458	113797151	-48500	113802485	-53834	113802545	-53894	113796397	-47746	113803746	-55095	113748746	-48363	-48405	-53739	-53799	-47651	-55000
ENSMUST00000089003	ACACACACACCTACACAGGAGATGGTTGGTTTGTCAGAACTCACTGTAATACACAAGCTTGCACTTCTGCGTCCTATATCTAGCAGCATGGGATA	113748651	113797109	-48458	113797151	-48500	113803746	-55095	113803779	-55128	113796397	-47746	113805460	-56809	113748746	-48363	-48405	-55000	-55033	-47651	-56714
ENSMUST00000089003	ACACACACACCTACACAGGAGATGGTTGGTTTGTCAGAACTCACTGTAATACACAAGCTTGCACTTCTGCGTCCTATATCTAGCAGCATGGGATA	113748651	113802485	-53834	113802545	-53894	113803746	-55095	113803779	-55128	113797151	-48500	113805460	-56809	113748746	-53739	-53799	-55000	-55033	-48405	-56714
ENSMUST00000089003	ACACACACACCTACACAGGAGATGGTTGGTTTGTCAGAACTCACTGTAATACACAAGCTTGCACTTCTGCGTCCTATATCTAGCAGCATGGGATA	113748651	113817147	-68496	113817345	-68694	113842131	-93480	113842645	-93994	113814044	-65393	113891252	-142601	113748746	-68401	-68599	-93385	-93899	-65298	-142506
ENSMUST00000030381	CTCCCCCGACTCGGAAATCACTGAACTCAAGTTTCCATCAATAAGTCAGGACTGATCTGGATGAGTCTTCAACTTCAGCTTTGACAGTTTACAACT	120541340	120541292	48	120541381	-41	120541862	-522	120542007	-667	120540654	686	120542530	-1190	120539923	-1369	-1458	-1939	-2084	-731	-2607
ENSMUST00000045243	AGCACCTCCAAGGAGAACTGCACAGCAAGAGCCAGCAGCTCCATGTTCTGGAGGCGGAAAAATACAATGAGATTCGAACCCAGGGACAAAACATCC	97755463	97706871	48592	97707057	48406	97709481	45982	97709634	45829	97703418	52045	97710220	45243	97755559	48688	48502	46078	45925	52141	45339
ENSMUST00000086854	CCACAGTCAGAAACTACGTGGAGAATCGGCCCAAGTACGCAGGACTCACCTTCCCCAAGCTCTTTCCAGATTCCCTCTTCCCAGCGGATTCTGAGC	102966525	102976354	-9829	102976426	-9901	102987202	-20677	102987274	-20749	102966628	-103	102989619	-23094	102966621	-9733	-9805	-20581	-20653	-7	-22998
ENSMUST00000086854	CCACAGTCAGAAACTACGTGGAGAATCGGCCCAAGTACGCAGGACTCACCTTCCCCAAGCTCTTTCCAGATTCCCTCTTCCCAGCGGATTCTGAGC	102966525	102991868	-25343	102991927	-25402	102996583	-30058	102996713	-30188	102990642	-24117	103038518	-71993	102966621	-25247	-25306	-29962	-30092	-24021	-71897
ENSMUST00000086854	CCACAGTCAGAAACTACGTGGAGAATCGGCCCAAGTACGCAGGACTCACCTTCCCCAAGCTCTTTCCAGATTCCCTCTTCCCAGCGGATTCTGAGC	102966525	103058320	-91795	103058392	-91867	103205825	-239300	103205940	-239415	103038688	-72163	103210889	-244364	102966621	-91699	-91771	-239204	-239319	-72067	-244268
ENSMUST00000065304	GTTCTGTGACTGTAAAAGTAGGAATTAGTCGTCTTTCCAGTCCTTTTGGGAAACGACTCACAGACTGCGATAGGTAGAATGCCTTACTCCATCTTCT	7427391	7429750	-2359	7429809	-2418	7430985	-3594	7431032	-3641	7427875	-484	7431965	-4574	7427488	-2262	-2321	-3497	-3544	-387	-4477
ENSMUST00000065304	GTTCTGTGACTGTAAAAGTAGGAATTAGTCGTCTTTCCAGTCCTTTTGGGAAACGACTCACAGACTGCGATAGGTAGAATGCCTTACTCCATCTTCT	7427391	7430985	-3594	7431032	-3641	7431965	-4574	7432035	-4644	7429809	-2418	7432451	-5060	7427488	-3497	-3544	-4477	-4547	-2321	-4963
ENSMUST00000065304	GTTCTGTGACTGTAAAAGTAGGAATTAGTCGTCTTTCCAGTCCTTTTGGGAAACGACTCACAGACTGCGATAGGTAGAATGCCTTACTCCATCTTCT	7427391	7434930	-7539	7435138	-7747	7456299	-28908	7458423	-31032	7432590	-5199	7467810	-40419	7427488	-7442	-7650	-28811	-30935	-5102	-40322
ENSMUST00000174331	AGATTATGAGGAGTTGGTCAGCTGGCACAACTGGAGCAGGGGTTGGAACTTGCATTTGAGACAAAGTGCTGGCTTTTTTTTTCTTTTTTTCTTTTCT	90036272	90059475	-23203	90059563	-23291	90162113	-125841	90162433	-126161	90037384	-1112	90208322	-172050	90036369	-23106	-23194	-125744	-126064	-1015	-171953
ENSMUST00000174331	AGATTATGAGGAGTTGGTCAGCTGGCACAACTGGAGCAGGGGTTGGAACTTGCATTTGAGACAAAGTGCTGGCTTTTTTTTTCTTTTTTTCTTTTCT	90036272	90059484	-23212	90059563	-23291	90162113	-125841	90162433	-126161	90037384	-1112	90208322	-172050	90036369	-23115	-23194	-125744	-126064	-1015	-171953
ENSMUST00000174331	AGATTATGAGGAGTTGGTCAGCTGGCACAACTGGAGCAGGGGTTGGAACTTGCATTTGAGACAAAGTGCTGGCTTTTTTTTTCTTTTTTTCTTTTCT	90036272	90162113	-125841	90162433	-126161	90208322	-172050	90208494	-172222	90059563	-23291	90362759	-326487	90036369	-125744	-126064	-171953	-172125	-23194	-326390
ENSMUST00000174331	AGATTATGAGGAGTTGGTCAGCTGGCACAACTGGAGCAGGGGTTGGAACTTGCATTTGAGACAAAGTGCTGGCTTTTTTTTTCTTTTTTTCTTTTCT	90036272	90163791	-127519	90163881	-127609	90208322	-172050	90208494	-172222	90162433	-126161	90362759	-326487	90036369	-127422	-127512	-171953	-172125	-126064	-326390
ENSMUST00000174331	AGATTATGAGGAGTTGGTCAGCTGGCACAACTGGAGCAGGGGTTGGAACTTGCATTTGAGACAAAGTGCTGGCTTTTTTTTTCTTTTTTTCTTTTCT	90036272	90163791	-127519	90163881	-127609	90362759	-326487	90362941	-326669	90162433	-126161	90560740	-524468	90036369	-127422	-127512	-326390	-326572	-126064	-524371
ENSMUST00000174331	AGATTATGAGGAGTTGGTCAGCTGGCACAACTGGAGCAGGGGTTGGAACTTGCATTTGAGACAAAGTGCTGGCTTTTTTTTTCTTTTTTTCTTTTCT	90036272	90642990	-606718	90643429	-607157	90700743	-664471	90700905	-664633	90630268	-593996	90701966	-665694	90036369	-606621	-607060	-664374	-664536	-593899	-665597
ENSMUST00000174331	AGATTATGAGGAGTTGGTCAGCTGGCACAACTGGAGCAGGGGTTGGAACTTGCATTTGAGACAAAGTGCTGGCTTTTTTTTTCTTTTTTTCTTTTCT	90036272	90642990	-606718	90643429	-607157	90700743	-664471	90700905	-664633	90630268	-593996	90704065	-667793	90036369	-606621	-607060	-664374	-664536	-593899	-667696
ENSMUST00000174331	AGATTATGAGGAGTTGGTCAGCTGGCACAACTGGAGCAGGGGTTGGAACTTGCATTTGAGACAAAGTGCTGGCTTTTTTTTTCTTTTTTTCTTTTCT	90036272	90700743	-664471	90700905	-664633	90701966	-665694	90702011	-665739	90643429	-607157	90704065	-667793	90036369	-664374	-664536	-665597	-665642	-607060	-667696
ENSMUST00000174331	AGATTATGAGGAGTTGGTCAGCTGGCACAACTGGAGCAGGGGTTGGAACTTGCATTTGAGACAAAGTGCTGGCTTTTTTTTTCTTTTTTTCTTTTCT	90036272	90704065	-667793	90704367	-668095	90991366	-955094	90991378	-955106	90643429	-607157	90992114	-955842	90036369	-667696	-667998	-954997	-955009	-607060	-955745
ENSMUST00000174331	AGATTATGAGGAGTTGGTCAGCTGGCACAACTGGAGCAGGGGTTGGAACTTGCATTTGAGACAAAGTGCTGGCTTTTTTTTTCTTTTTTTCTTTTCT	90036272	90991366	-955094	90991378	-955106	90992114	-955842	90992144	-955872	90704367	-668095	90995460	-959188	90036369	-954997	-955009	-955745	-955775	-667998	-959091
ENSMUST00000174331	AGATTATGAGGAGTTGGTCAGCTGGCACAACTGGAGCAGGGGTTGGAACTTGCATTTGAGACAAAGTGCTGGCTTTTTTTTTCTTTTTTTCTTTTCT	90036272	90992114	-955842	90992144	-955872	90995460	-959188	90995478	-959206	90991378	-955106	91087954	-1051682	90036369	-955745	-955775	-959091	-959109	-955009	-1051585
ENSMUST00000089003	TAATGTGTACATTGAGATGTATTCAGTGTGATTTTTAAACCAAATTGTCTTCCTGTAGTTACAATATATACTGTAGCCTTTTAACAGCAAGTCCTGCT	113747463	113789752	-42289	113789995	-42532	113793665	-46202	113793880	-46417	113774446	-26983	113796238	-48775	113747561	-42191	-42434	-46104	-46319	-26885	-48677
ENSMUST00000089003	TAATGTGTACATTGAGATGTATTCAGTGTGATTTTTAAACCAAATTGTCTTCCTGTAGTTACAATATATACTGTAGCCTTTTAACAGCAAGTCCTGCT	113747463	113797109	-49646	113797151	-49688	113802485	-55022	113802545	-55082	113796397	-48934	113803746	-56283	113747561	-49548	-49590	-54924	-54984	-48836	-56185
ENSMUST00000089003	TAATGTGTACATTGAGATGTATTCAGTGTGATTTTTAAACCAAATTGTCTTCCTGTAGTTACAATATATACTGTAGCCTTTTAACAGCAAGTCCTGCT	113747463	113797109	-49646	113797151	-49688	113803746	-56283	113803779	-56316	113796397	-48934	113805460	-57997	113747561	-49548	-49590	-56185	-56218	-48836	-57899
ENSMUST00000089003	TAATGTGTACATTGAGATGTATTCAGTGTGATTTTTAAACCAAATTGTCTTCCTGTAGTTACAATATATACTGTAGCCTTTTAACAGCAAGTCCTGCT	113747463	113802485	-55022	113802545	-55082	113803746	-56283	113803779	-56316	113797151	-49688	113805460	-57997	113747561	-54924	-54984	-56185	-56218	-49590	-57899
ENSMUST00000089003	TAATGTGTACATTGAGATGTATTCAGTGTGATTTTTAAACCAAATTGTCTTCCTGTAGTTACAATATATACTGTAGCCTTTTAACAGCAAGTCCTGCT	113747463	113817147	-69684	113817345	-69882	113842131	-94668	113842645	-95182	113814044	-66581	113891252	-143789	113747561	-69586	-69784	-94570	-95084	-66483	-143691
ENSMUST00000161051	CTTCTTCCTGGAGGGACCGTTCATGCCGCCAAGGATGAAAATGGATAGGGACCCACTTGGGGGACTTGCTGATATGTTTGGACAAATGCCAGGTAGTG	111076997	111075586	1411	111075712	1285	111076695	302	111076856	141	111075441	1556	111076937	60	111076715	1129	1003	20	-141	1274	-222
ENSMUST00000161051	CTTCTTCCTGGAGGGACCGTTCATGCCGCCAAGGATGAAAATGGATAGGGACCCACTTGGGGGACTTGCTGATATGTTTGGACAAATGCCAGGTAGTG	111076997	111076279	718	111076393	604	111076937	60	111077076	-79	111075712	1285	111077224	-227	111076715	436	322	-222	-361	1003	-509
ENSMUST00000161051	CTTCTTCCTGGAGGGACCGTTCATGCCGCCAAGGATGAAAATGGATAGGGACCCACTTGGGGGACTTGCTGATATGTTTGGACAAATGCCAGGTAGTG	111076997	111077408	-411	111077492	-495	111077636	-639	111077747	-750	111077323	-326	111078024	-1027	111076715	-693	-777	-921	-1032	-608	-1309
ENSMUST00000161051	CTTCTTCCTGGAGGGACCGTTCATGCCGCCAAGGATGAAAATGGATAGGGACCCACTTGGGGGACTTGCTGATATGTTTGGACAAATGCCAGGTAGTG	111076997	111075586	1411	111075712	1285	111076695	302	111076856	141	111075441	1556	111076937	60	111076715	1129	1003	20	-141	1274	-222
ENSMUST00000161051	CTTCTTCCTGGAGGGACCGTTCATGCCGCCAAGGATGAAAATGGATAGGGACCCACTTGGGGGACTTGCTGATATGTTTGGACAAATGCCAGGTAGTG	111076997	111076279	718	111076393	604	111076937	60	111077076	-79	111075712	1285	111077224	-227	111076715	436	322	-222	-361	1003	-509
ENSMUST00000161051	CTTCTTCCTGGAGGGACCGTTCATGCCGCCAAGGATGAAAATGGATAGGGACCCACTTGGGGGACTTGCTGATATGTTTGGACAAATGCCAGGTAGTG	111076997	111077408	-411	111077492	-495	111077636	-639	111077747	-750	111077323	-326	111078024	-1027	111076715	-693	-777	-921	-1032	-608	-1309
ENSMUST00000177302	ACAAAAGACTCTTTGTTACCCAGGTCTCCTGTAAAACCTATGGACTCCATCACATCGCCATCTATAGCAGAACTCCACAACAGTGTTACGAGTTGTGAT	44997282	45110015	-112733	45110157	-112875	45112822	-115540	45113092	-115810	45023104	-25822	45117199	-119917	44997381	-112634	-112776	-115441	-115711	-25723	-119818
ENSMUST00000097414	ACCCTCATCAGATCTGAATTTAACAAATGCTTAGTCTCAGCAGCCTCCGGGAAAAACCTTAGCCTAGCAGTCAGTGACTTACTTGCACTTTTTGCACATA	10213415	10238892	-25477	10239036	-25621	10273946	-60531	10274063	-60648	10217803	-4388	10282838	-69423	10213515	-25377	-25521	-60431	-60548	-4288	-69323
ENSMUST00000097414	ACCCTCATCAGATCTGAATTTAACAAATGCTTAGTCTCAGCAGCCTCCGGGAAAAACCTTAGCCTAGCAGTCAGTGACTTACTTGCACTTTTTGCACATA	10213415	10273946	-60531	10274063	-60648	10282838	-69423	10282981	-69566	10239036	-25621	10318731	-105316	10213515	-60431	-60548	-69323	-69466	-25521	-105216
ENSMUST00000093165	GGCCAATCACAACAGGATCACCCAGTGTCTTCACCAGCAACTGGAAGTGATCCCGGGCTATGAGGAGCTGCTGGCAGACATTGTCAACATCTGTGTTGATT	46278137	46272608	5529	46272700	5437	46274637	3500	46274742	3395	46270669	7468	46276778	1359	46276862	4254	4162	2225	2120	6193	84
ENSMUST00000093165	GGCCAATCACAACAGGATCACCCAGTGTCTTCACCAGCAACTGGAAGTGATCCCGGGCTATGAGGAGCTGCTGGCAGACATTGTCAACATCTGTGTTGATT	46278137	46274637	3500	46274742	3395	46276778	1359	46276907	1230	46272700	5437	46278058	79	46276862	2225	2120	84	-45	4162	-1196
ENSMUST00000110333	TCCTAAATTGAATCTGACAGGGCGAGCCCCTCCACGAAACACAACTGTAGATCTTAATAGCGGAAACATCGACGTGCCTCCCAACATGGCCAGCTGGGCCAGC	128642084	128650195	-8111	128650374	-8290	128652695	-10611	128652766	-10682	128648519	-6435	128652851	-10767	128642187	-8008	-8187	-10508	-10579	-6332	-10664
ENSMUST00000110333	TCCTAAATTGAATCTGACAGGGCGAGCCCCTCCACGAAACACAACTGTAGATCTTAATAGCGGAAACATCGACGTGCCTCCCAACATGGCCAGCTGGGCCAGC	128642084	128680108	-38024	128680209	-38125	128680393	-38309	128680445	-38361	128679602	-37518	128684501	-42417	128642187	-37921	-38022	-38206	-38258	-37415	-42314
ENSMUST00000110333	TCCTAAATTGAATCTGACAGGGCGAGCCCCTCCACGAAACACAACTGTAGATCTTAATAGCGGAAACATCGACGTGCCTCCCAACATGGCCAGCTGGGCCAGC	128642084	128650195	-8111	128650374	-8290	128652695	-10611	128652766	-10682	128648519	-6435	128652851	-10767	128642187	-8008	-8187	-10508	-10579	-6332	-10664
ENSMUST00000110333	TCCTAAATTGAATCTGACAGGGCGAGCCCCTCCACGAAACACAACTGTAGATCTTAATAGCGGAAACATCGACGTGCCTCCCAACATGGCCAGCTGGGCCAGC	128642084	128680108	-38024	128680209	-38125	128680393	-38309	128680445	-38361	128679602	-37518	128684501	-42417	128642187	-37921	-38022	-38206	-38258	-37415	-42314
ENSMUST00000077458	GCCACCTCGGTTACTCTGCTGCCTCCCCAGCCCTGCACGCCCTGGCCACCCCGTTGCCGTGCTGAGTTCTTCTCCTGTGCGATGACACCCCATCTTGTCCTCT	32788125	32800579	-12454	32800681	-12556	32802753	-14628	32802892	-14767	32798190	-10065	32806068	-17943	32788228	-12351	-12453	-14525	-14664	-9962	-17840
ENSMUST00000077458	GCCACCTCGGTTACTCTGCTGCCTCCCCAGCCCTGCACGCCCTGGCCACCCCGTTGCCGTGCTGAGTTCTTCTCCTGTGCGATGACACCCCATCTTGTCCTCT	32788125	32819833	-31708	32819910	-31785	32821834	-33709	32821916	-33791	32818505	-30380	32823535	-35410	32788228	-31605	-31682	-33606	-33688	-30277	-35307
ENSMUST00000077458	GCCACCTCGGTTACTCTGCTGCCTCCCCAGCCCTGCACGCCCTGGCCACCCCGTTGCCGTGCTGAGTTCTTCTCCTGTGCGATGACACCCCATCTTGTCCTCT	32788125	32800579	-12454	32800681	-12556	32802753	-14628	32802892	-14767	32798190	-10065	32806068	-17943	32788228	-12351	-12453	-14525	-14664	-9962	-17840
ENSMUST00000077458	GCCACCTCGGTTACTCTGCTGCCTCCCCAGCCCTGCACGCCCTGGCCACCCCGTTGCCGTGCTGAGTTCTTCTCCTGTGCGATGACACCCCATCTTGTCCTCT	32788125	32819833	-31708	32819910	-31785	32821834	-33709	32821916	-33791	32818505	-30380	32823535	-35410	32788228	-31605	-31682	-33606	-33688	-30277	-35307
ENSMUST00000107158	GTTTTCTCTGGCTGGCTAGACGTACAGCGACTCCGTGTCATTTACTCTGTGACTCTGTCTGTACATAACTGGAATTCGGATGGCAAACTGTACATAGGCTGTT	86991336	87076118	-84782	87076157	-84821	87176161	-184825	87176347	-185011	87032291	-40955	87226882	-235546	86991439	-84679	-84718	-184722	-184908	-40852	-235443
ENSMUST00000210166	TGGCTGGGCTGGTCTTTGCTGTTGGTGGCTTCAATGGCTCACTAAGAGTTCGCACTGTAGATTCCTATGACCCCGTGAAAGACCAGTGGACCAGCGTGGCGAAC	64752670	64749694	2976	64749823	2847	64751728	942	64751830	840	64749172	3498	64752648	22	64752774	3080	2951	1046	944	3602	126
ENSMUST00000210166	TGGCTGGGCTGGTCTTTGCTGTTGGTGGCTTCAATGGCTCACTAAGAGTTCGCACTGTAGATTCCTATGACCCCGTGAAAGACCAGTGGACCAGCGTGGCGAAC	64752670	64764122	-11452	64764232	-11562	64779697	-27027	64779860	-27190	64759849	-7179	64811679	-59009	64752774	-11348	-11458	-26923	-27086	-7075	-58905
ENSMUST00000210166	TGGCTGGGCTGGTCTTTGCTGTTGGTGGCTTCAATGGCTCACTAAGAGTTCGCACTGTAGATTCCTATGACCCCGTGAAAGACCAGTGGACCAGCGTGGCGAAC	64752670	64779697	-27027	64779860	-27190	64811679	-59009	64811801	-59131	64764232	-11562	64822990	-70320	64752774	-26923	-27086	-58905	-59027	-11458	-70216
ENSMUST00000210166	TGGCTGGGCTGGTCTTTGCTGTTGGTGGCTTCAATGGCTCACTAAGAGTTCGCACTGTAGATTCCTATGACCCCGTGAAAGACCAGTGGACCAGCGTGGCGAAC	64752670	64811679	-59009	64811801	-59131	64822990	-70320	64823097	-70427	64779860	-27190	64834442	-81772	64752774	-58905	-59027	-70216	-70323	-27086	-81668
ENSMUST00000210166	TGGCTGGGCTGGTCTTTGCTGTTGGTGGCTTCAATGGCTCACTAAGAGTTCGCACTGTAGATTCCTATGACCCCGTGAAAGACCAGTGGACCAGCGTGGCGAAC	64752670	64822990	-70320	64823097	-70427	64834442	-81772	64834568	-81898	64811801	-59131	64849632	-96962	64752774	-70216	-70323	-81668	-81794	-59027	-96858
ENSMUST00000152831	AAGTCTGTGGATAAGGACCCCATGTTGCTGTCAGGAACCCATGTGATGGAGGGCTCAGGACGGATGGTGGTTACTGCTGTGGGTGTGAACTCTCAGACTGGCATC	113812883	113789752	23131	113789995	22888	113793665	19218	113793880	19003	113774446	38437	113796238	16645	113805539	15787	15544	11874	11659	31093	9301
ENSMUST00000152831	AAGTCTGTGGATAAGGACCCCATGTTGCTGTCAGGAACCCATGTGATGGAGGGCTCAGGACGGATGGTGGTTACTGCTGTGGGTGTGAACTCTCAGACTGGCATC	113812883	113797109	15774	113797151	15732	113802485	10398	113802545	10338	113796397	16486	113803746	9137	113805539	8430	8388	3054	2994	9142	1793
ENSMUST00000152831	AAGTCTGTGGATAAGGACCCCATGTTGCTGTCAGGAACCCATGTGATGGAGGGCTCAGGACGGATGGTGGTTACTGCTGTGGGTGTGAACTCTCAGACTGGCATC	113812883	113797109	15774	113797151	15732	113803746	9137	113803779	9104	113796397	16486	113805460	7423	113805539	8430	8388	1793	1760	9142	79
ENSMUST00000152831	AAGTCTGTGGATAAGGACCCCATGTTGCTGTCAGGAACCCATGTGATGGAGGGCTCAGGACGGATGGTGGTTACTGCTGTGGGTGTGAACTCTCAGACTGGCATC	113812883	113802485	10398	113802545	10338	113803746	9137	113803779	9104	113797151	15732	113805460	7423	113805539	3054	2994	1793	1760	8388	79
ENSMUST00000152831	AAGTCTGTGGATAAGGACCCCATGTTGCTGTCAGGAACCCATGTGATGGAGGGCTCAGGACGGATGGTGGTTACTGCTGTGGGTGTGAACTCTCAGACTGGCATC	113812883	113817147	-4264	113817345	-4462	113842131	-29248	113842645	-29762	113814044	-1161	113891252	-78369	113805539	-11608	-11806	-36592	-37106	-8505	-85713
ENSMUST00000102573	TATATCATTTTCATACTGTAAATTATTTTGTAAGAGAGATTTACTGCTATCCCAGGATGTTCGGACTTGGCGCCCCTGTGCATTTGGAAATCAATAAACTATTAC	102304393	102346963	-42570	102346983	-42590	102357416	-53023	102357656	-53263	102304504	-111	102380863	-76470	102304498	-42465	-42485	-52918	-53158	-6	-76365
ENSMUST00000102573	TATATCATTTTCATACTGTAAATTATTTTGTAAGAGAGATTTACTGCTATCCCAGGATGTTCGGACTTGGCGCCCCTGTGCATTTGGAAATCAATAAACTATTAC	102304393	102346963	-42570	102346983	-42590	102380863	-76470	102380941	-76548	102304504	-111	102400012	-95619	102304498	-42465	-42485	-76365	-76443	-6	-95514
ENSMUST00000102573	TATATCATTTTCATACTGTAAATTATTTTGTAAGAGAGATTTACTGCTATCCCAGGATGTTCGGACTTGGCGCCCCTGTGCATTTGGAAATCAATAAACTATTAC	102304393	102346963	-42570	102346983	-42590	102357416	-53023	102357656	-53263	102304504	-111	102400012	-95619	102304498	-42465	-42485	-52918	-53158	-6	-95514
ENSMUST00000088169	GGCGTCGCCGGGAACTTCGGAGAGCCAGCTGCTGGATTATTCTGTGTCCCCTCCCACTCTCCCGCCCTACGTCTCTCTTCACCCTTCTCCCGCCCTTGCTCGTACA	7482949	7429750	53199	7429809	53140	7430985	51964	7431032	51917	7427875	55074	7431965	50984	7483055	53305	53246	52070	52023	55180	51090
ENSMUST00000088169	GGCGTCGCCGGGAACTTCGGAGAGCCAGCTGCTGGATTATTCTGTGTCCCCTCCCACTCTCCCGCCCTACGTCTCTCTTCACCCTTCTCCCGCCCTTGCTCGTACA	7482949	7430985	51964	7431032	51917	7431965	50984	7432035	50914	7429809	53140	7432451	50498	7483055	52070	52023	51090	51020	53246	50604
ENSMUST00000088169	GGCGTCGCCGGGAACTTCGGAGAGCCAGCTGCTGGATTATTCTGTGTCCCCTCCCACTCTCCCGCCCTACGTCTCTCTTCACCCTTCTCCCGCCCTTGCTCGTACA	7482949	7434930	48019	7435138	47811	7456299	26650	7458423	24526	7432590	50359	7467810	15139	7483055	48125	47917	26756	24632	50465	15245
ENSMUST00000163779	GGAAGGCTACCAAGACTATGAGCCTGAAGCCTAAGAATGTCATTGCACCCAATCTCCTAAGATCTGCCGGCTGCTCTTCCATGGCGTACAAGTGCTCAGTTCCAATG	60731579	60818323	-86744	60818365	-86786	60827480	-95901	60827627	-96048	60815759	-84180	60828723	-97144	60731686	-86637	-86679	-95794	-95941	-84073	-97037
ENSMUST00000163779	GGAAGGCTACCAAGACTATGAGCCTGAAGCCTAAGAATGTCATTGCACCCAATCTCCTAAGATCTGCCGGCTGCTCTTCCATGGCGTACAAGTGCTCAGTTCCAATG	60731579	60818323	-86744	60818365	-86786	60827480	-95901	60827627	-96048	60815759	-84180	60829670	-98091	60731686	-86637	-86679	-95794	-95941	-84073	-97984
ENSMUST00000078226	CAGACAGGTCTGGGAGTTCTGTTCCACCTGAGTGGAGAGTTCAATAGAGCAATCGATGCATTTAATGCTGCCTTAACAGTTCGGCCAGAGGATTACTCACTGTGGAACCGT	32953124	32958745	-5621	32958862	-5738	32992905	-39781	32993001	-39877	32956816	-3692	33004303	-51179	32952505	-6240	-6357	-40400	-40496	-4311	-51798
ENSMUST00000078226	CAGACAGGTCTGGGAGTTCTGTTCCACCTGAGTGGAGAGTTCAATAGAGCAATCGATGCATTTAATGCTGCCTTAACAGTTCGGCCAGAGGATTACTCACTGTGGAACCGT	32953124	32992905	-39781	32993001	-39877	33004303	-51179	33004400	-51276	32958862	-5738	33005919	-52795	32952505	-40400	-40496	-51798	-51895	-6357	-53414
ENSMUST00000078226	CAGACAGGTCTGGGAGTTCTGTTCCACCTGAGTGGAGAGTTCAATAGAGCAATCGATGCATTTAATGCTGCCTTAACAGTTCGGCCAGAGGATTACTCACTGTGGAACCGT	32953124	33007121	-53997	33007316	-54192	33014964	-61840	33015076	-61952	33006043	-52919	33080464	-127340	32952505	-54616	-54811	-62459	-62571	-53538	-127959
ENSMUST00000078226	CAGACAGGTCTGGGAGTTCTGTTCCACCTGAGTGGAGAGTTCAATAGAGCAATCGATGCATTTAATGCTGCCTTAACAGTTCGGCCAGAGGATTACTCACTGTGGAACCGT	32953124	33007121	-53997	33007316	-54192	33014964	-61840	33015076	-61952	33006043	-52919	33142848	-189724	32952505	-54616	-54811	-62459	-62571	-53538	-190343
ENSMUST00000078226	CAGACAGGTCTGGGAGTTCTGTTCCACCTGAGTGGAGAGTTCAATAGAGCAATCGATGCATTTAATGCTGCCTTAACAGTTCGGCCAGAGGATTACTCACTGTGGAACCGT	32953124	33007121	-53997	33007316	-54192	33014964	-61840	33015076	-61952	33006046	-52922	33080464	-127340	32952505	-54616	-54811	-62459	-62571	-53541	-127959
ENSMUST00000065304	CTTCCGAACAGGCGTCGCCGGGAACTTCGGAGAGCCAGCTGCTGGATTATTCTGTGTCCCCTCCCACTCTCCCGCCCTACGTCTCTCTTCACCCTTCTCCCGCCCTTGCTC	7483009	7429750	53259	7429809	53200	7430985	52024	7431032	51977	7427875	55134	7431965	51044	7483120	53370	53311	52135	52088	55245	51155
ENSMUST00000065304	CTTCCGAACAGGCGTCGCCGGGAACTTCGGAGAGCCAGCTGCTGGATTATTCTGTGTCCCCTCCCACTCTCCCGCCCTACGTCTCTCTTCACCCTTCTCCCGCCCTTGCTC	7483009	7430985	52024	7431032	51977	7431965	51044	7432035	50974	7429809	53200	7432451	50558	7483120	52135	52088	51155	51085	53311	50669
ENSMUST00000065304	CTTCCGAACAGGCGTCGCCGGGAACTTCGGAGAGCCAGCTGCTGGATTATTCTGTGTCCCCTCCCACTCTCCCGCCCTACGTCTCTCTTCACCCTTCTCCCGCCCTTGCTC	7483009	7434930	48079	7435138	47871	7456299	26710	7458423	24586	7432590	50419	7467810	15199	7483120	48190	47982	26821	24697	50530	15310
ENSMUST00000217841	AATTACTTTTAGATGTTTAACTGCTAAACTTAGTTATGTAAGGTTTGTAAATGTACGTGTAGATAACAAAAGTGACCGAGAATCGCGTCCCTGATGTCAGCAGCAACACTG	67011891	67035884	-23993	67036005	-24114	67039500	-27609	67039577	-27686	67034712	-22821	67062998	-51107	67012002	-23882	-24003	-27498	-27575	-22710	-50996
ENSMUST00000044443	CCAAGATGAGCAGGAGCGGATGGAAGAAAGGCTGGCTTACATCGCTGATCACCTTGGCTTCAGCTGGACAGAATTAGCAAGAGAACTGGATTTCACTGAGGAGCAAATTCA	126940092	126950734	-10642	126950756	-10664	126952488	-12396	126952521	-12429	126947807	-7715	126953176	-13084	126937795	-12939	-12961	-14693	-14726	-10012	-15381
ENSMUST00000044443	CCAAGATGAGCAGGAGCGGATGGAAGAAAGGCTGGCTTACATCGCTGATCACCTTGGCTTCAGCTGGACAGAATTAGCAAGAGAACTGGATTTCACTGAGGAGCAAATTCA	126940092	127010853	-70761	127011051	-70959	127012672	-72580	127012771	-72679	127004043	-63951	127013238	-73146	126937795	-73058	-73256	-74877	-74976	-66248	-75443
ENSMUST00000123853	GAAAAAGAAATGGCAGCCATCTTTGCAAATACCAGACATGTGAAAGGACACAGGATCCGTGTAGAAATGAACTTTCTGAACTGTACAGTTTTTCAGCCTCTCTTGCTAGCAG	78513495	78502938	10557	78503022	10473	78507724	5771	78507880	5615	78502236	11259	78509879	3616	78513607	10669	10585	5883	5727	11371	3728
ENSMUST00000090945	ATGGAGAGGGTTGGTGACAATGCCTTTGGTGGTTCCCCTCGTGCTTGTAGATCTGAATCCACTCTGCCCCCCTGCAACCTTTCATTTGCTTTTTGTTTGGTTGGTTTTGCTT	88746589	88748778	-2189	88748902	-2313	88761725	-15136	88762549	-15960	88748010	-1421	88772290	-25701	88746701	-2077	-2201	-15024	-15848	-1309	-25589
ENSMUST00000161051	GTTCATGCCGCCAAGGATGAAAATGGATAGGGACCCACTTGGGGGACTTGCTGATATGTTTGGACAAATGCCAGGTAGTGGAATTGGTACTGGTCCAGGAGTTATCCAGGATA	111077015	111075586	1429	111075712	1303	111076695	320	111076856	159	111075441	1574	111076937	78	111076748	1162	1036	53	-108	1307	-189
ENSMUST00000161051	GTTCATGCCGCCAAGGATGAAAATGGATAGGGACCCACTTGGGGGACTTGCTGATATGTTTGGACAAATGCCAGGTAGTGGAATTGGTACTGGTCCAGGAGTTATCCAGGATA	111077015	111076279	736	111076393	622	111076937	78	111077076	-61	111075712	1303	111077224	-209	111076748	469	355	-189	-328	1036	-476
ENSMUST00000161051	GTTCATGCCGCCAAGGATGAAAATGGATAGGGACCCACTTGGGGGACTTGCTGATATGTTTGGACAAATGCCAGGTAGTGGAATTGGTACTGGTCCAGGAGTTATCCAGGATA	111077015	111077408	-393	111077492	-477	111077636	-621	111077747	-732	111077323	-308	111078024	-1009	111076748	-660	-744	-888	-999	-575	-1276
ENSMUST00000161051	GTTCATGCCGCCAAGGATGAAAATGGATAGGGACCCACTTGGGGGACTTGCTGATATGTTTGGACAAATGCCAGGTAGTGGAATTGGTACTGGTCCAGGAGTTATCCAGGATA	111077015	111075586	1429	111075712	1303	111076695	320	111076856	159	111075441	1574	111076937	78	111076748	1162	1036	53	-108	1307	-189
ENSMUST00000161051	GTTCATGCCGCCAAGGATGAAAATGGATAGGGACCCACTTGGGGGACTTGCTGATATGTTTGGACAAATGCCAGGTAGTGGAATTGGTACTGGTCCAGGAGTTATCCAGGATA	111077015	111076279	736	111076393	622	111076937	78	111077076	-61	111075712	1303	111077224	-209	111076748	469	355	-189	-328	1036	-476
ENSMUST00000161051	GTTCATGCCGCCAAGGATGAAAATGGATAGGGACCCACTTGGGGGACTTGCTGATATGTTTGGACAAATGCCAGGTAGTGGAATTGGTACTGGTCCAGGAGTTATCCAGGATA	111077015	111077408	-393	111077492	-477	111077636	-621	111077747	-732	111077323	-308	111078024	-1009	111076748	-660	-744	-888	-999	-575	-1276
ENSMUST00000164205	CAGGCCACGAGAACTTTGTGCAGTGGGAGATGGAGGTGTGCAAACTGCCCCGGCTGTCTCTCAACGGTGTTCGGTTTAAGCGGATATCGGGCACTTCCATGGCCTTCAAAAAC	7276961	7280997	-4036	7281255	-4294	7281797	-4836	7281959	-4998	7278086	-1125	7282725	-5764	7277074	-3923	-4181	-4723	-4885	-1012	-5651
ENSMUST00000164205	CAGGCCACGAGAACTTTGTGCAGTGGGAGATGGAGGTGTGCAAACTGCCCCGGCTGTCTCTCAACGGTGTTCGGTTTAAGCGGATATCGGGCACTTCCATGGCCTTCAAAAAC	7276961	7290602	-13641	7290782	-13821	7341167	-64206	7341254	-64293	7290369	-13408	7341498	-64537	7277074	-13528	-13708	-64093	-64180	-13295	-64424
ENSMUST00000040992	TGTGTCATTTTTGAACTGCTTACTCTGAAAAGAACATTTGATGCTACAAACCCACTCAACCTATGTGTGAAGATCGTGCAGGGAATCCGGGCCATGGAAGTTGACTCGAGTCAGT	85329933	85308818	21115	85308989	20944	85310386	19547	85310548	19385	85307989	21944	85311337	18596	85327462	18644	18473	17076	16914	19473	16125
ENSMUST00000040992	TGTGTCATTTTTGAACTGCTTACTCTGAAAAGAACATTTGATGCTACAAACCCACTCAACCTATGTGTGAAGATCGTGCAGGGAATCCGGGCCATGGAAGTTGACTCGAGTCAGT	85329933	85310386	19547	85310548	19385	85311337	18596	85311446	18487	85308989	20944	85312945	16988	85327462	17076	16914	16125	16016	18473	14517
ENSMUST00000142817	CGTGCACTACAGAAGAGGCATGATGACTTTGAAGAAGTGGCACAGAATACATACACCAATGCGGACAAGCTCCTAGAAGCAGCGGAGCAGCTGGCTCAGACTGGGGAATGTGACCC	34294204	33993635	300569	33993663	300541	34009269	284935	34009329	284875	33993030	301174	34010521	283683	34262708	269073	269045	253439	253379	269678	252187
ENSMUST00000142817	CGTGCACTACAGAAGAGGCATGATGACTTTGAAGAAGTGGCACAGAATACATACACCAATGCGGACAAGCTCCTAGAAGCAGCGGAGCAGCTGGCTCAGACTGGGGAATGTGACCC	34294204	34182657	111547	34182750	111454	34187414	106790	34187504	106700	34178407	115797	34189667	104537	34262708	80051	79958	75294	75204	84301	73041
ENSMUST00000109830	AACAAGAAGGGAAATGACAACCAAAGGTTCTACAGGCATGGAAGTTCTGTTGTCAACATTGGAGAACACGAAAGATCTTCAGACTGTACTTAATATCCTAAGCATTCTCATTGAGC	59533179	59460468	72711	59460629	72550	59465984	67195	59466116	67063	59450314	82865	59473687	59492	59532069	71601	71440	66085	65953	81755	58382
ENSMUST00000109830	AACAAGAAGGGAAATGACAACCAAAGGTTCTACAGGCATGGAAGTTCTGTTGTCAACATTGGAGAACACGAAAGATCTTCAGACTGTACTTAATATCCTAAGCATTCTCATTGAGC	59533179	59460468	72711	59460629	72550	59461996	71183	59462173	71006	59450314	82865	59465984	67195	59532069	71601	71440	70073	69896	81755	66085
ENSMUST00000109830	AACAAGAAGGGAAATGACAACCAAAGGTTCTACAGGCATGGAAGTTCTGTTGTCAACATTGGAGAACACGAAAGATCTTCAGACTGTACTTAATATCCTAAGCATTCTCATTGAGC	59533179	59460468	72711	59460629	72550	59461996	71183	59462173	71006	59454680	78499	59465984	67195	59532069	71601	71440	70073	69896	77389	66085
ENSMUST00000109830	AACAAGAAGGGAAATGACAACCAAAGGTTCTACAGGCATGGAAGTTCTGTTGTCAACATTGGAGAACACGAAAGATCTTCAGACTGTACTTAATATCCTAAGCATTCTCATTGAGC	59533179	59460468	72711	59460629	72550	59465984	67195	59466116	67063	59454680	78499	59473687	59492	59532069	71601	71440	66085	65953	77389	58382
ENSMUST00000109830	AACAAGAAGGGAAATGACAACCAAAGGTTCTACAGGCATGGAAGTTCTGTTGTCAACATTGGAGAACACGAAAGATCTTCAGACTGTACTTAATATCCTAAGCATTCTCATTGAGC	59533179	59461996	71183	59462173	71006	59465984	67195	59466116	67063	59450314	82865	59473687	59492	59532069	70073	69896	66085	65953	81755	58382
ENSMUST00000109830	AACAAGAAGGGAAATGACAACCAAAGGTTCTACAGGCATGGAAGTTCTGTTGTCAACATTGGAGAACACGAAAGATCTTCAGACTGTACTTAATATCCTAAGCATTCTCATTGAGC	59533179	59461996	71183	59462173	71006	59465984	67195	59466116	67063	59460629	72550	59473687	59492	59532069	70073	69896	66085	65953	71440	58382
ENSMUST00000109830	AACAAGAAGGGAAATGACAACCAAAGGTTCTACAGGCATGGAAGTTCTGTTGTCAACATTGGAGAACACGAAAGATCTTCAGACTGTACTTAATATCCTAAGCATTCTCATTGAGC	59533179	59495562	37617	59495649	37530	59496975	36204	59497059	36120	59495481	37698	59500013	33166	59532069	36507	36420	35094	35010	36588	32056
ENSMUST00000109830	AACAAGAAGGGAAATGACAACCAAAGGTTCTACAGGCATGGAAGTTCTGTTGTCAACATTGGAGAACACGAAAGATCTTCAGACTGTACTTAATATCCTAAGCATTCTCATTGAGC	59533179	59528386	4793	59528518	4661	59531056	2123	59531203	1976	59525239	7940	59532012	1167	59532069	3683	3551	1013	866	6830	57
ENSMUST00000161132	TTTCATAAAGAACTGCTTTTACACAAACAAAAGAGCCAAAACAAAAGTGAATCTTCTGAGCATTCCCTCCCTCCTTTGTTTCTGTCCAAGGAAATAGAGCATCCATTCATTTCACT	15334906	15340873	-5967	15340981	-6075	15341440	-6534	15341624	-6718	15338419	-3513	15344123	-9217	15335022	-5851	-5959	-6418	-6602	-3397	-9101
ENSMUST00000006027	TAGGGACAGTGGCACAGTCGTTGGATAATGTTGCCTTGGAAACTTCCCGCTGTATTAAAAATGGAATGTGTTGTAAGCTGCTTTGCCTTTGTTGTCGTATATGTAGAAAGCATTTTC	34344990	34349634	-4644	34349803	-4813	34357091	-12101	34357230	-12240	34347168	-2178	34372404	-27414	34345107	-4527	-4696	-11984	-12123	-2061	-27297
ENSMUST00000190723	GACGAATTGTGCTCCCCCCAGAGGTTGTGCGTGTTGTGGTTTCTTCCAAAATTGCTCTGGTGGGAAGTTCGGAATGCCAGGAAGGTCAGAGGGCCCGAGACCCAGGGTATTGCCGCT	93018188	93026831	-8643	93026855	-8667	93034545	-16357	93034572	-16384	93025735	-7547	93036845	-18657	93018305	-8526	-8550	-16240	-16267	-7430	-18540
ENSMUST00000190723	GACGAATTGTGCTCCCCCCAGAGGTTGTGCGTGTTGTGGTTTCTTCCAAAATTGCTCTGGTGGGAAGTTCGGAATGCCAGGAAGGTCAGAGGGCCCGAGACCCAGGGTATTGCCGCT	93018188	93072307	-54119	93072325	-54137	93073038	-54850	93073104	-54916	93068560	-50372	93073807	-55619	93018305	-54002	-54020	-54733	-54799	-50255	-55502
ENSMUST00000190723	GACGAATTGTGCTCCCCCCAGAGGTTGTGCGTGTTGTGGTTTCTTCCAAAATTGCTCTGGTGGGAAGTTCGGAATGCCAGGAAGGTCAGAGGGCCCGAGACCCAGGGTATTGCCGCT	93018188	93026831	-8643	93026855	-8667	93034545	-16357	93034572	-16384	93025735	-7547	93036845	-18657	93018305	-8526	-8550	-16240	-16267	-7430	-18540
ENSMUST00000190723	GACGAATTGTGCTCCCCCCAGAGGTTGTGCGTGTTGTGGTTTCTTCCAAAATTGCTCTGGTGGGAAGTTCGGAATGCCAGGAAGGTCAGAGGGCCCGAGACCCAGGGTATTGCCGCT	93018188	93072307	-54119	93072325	-54137	93073038	-54850	93073104	-54916	93068560	-50372	93073807	-55619	93018305	-54002	-54020	-54733	-54799	-50255	-55502
ENSMUST00000072971	AAATGACTGGTTATCCAAGAAAGGCTTGCTTCCCTTGGCCCCGCCATCAGAGGTATCTGTCTCCAGATTCCTCGCCTCAGAACATTGTCAATGAGAATGGGATCTTCTGACCTCTGCC	67621282	67702979	-81697	67703044	-81762	67705905	-84623	67706044	-84762	67682930	-61648	67729791	-108509	67621400	-81579	-81644	-84505	-84644	-61530	-108391
ENSMUST00000072971	AAATGACTGGTTATCCAAGAAAGGCTTGCTTCCCTTGGCCCCGCCATCAGAGGTATCTGTCTCCAGATTCCTCGCCTCAGAACATTGTCAATGAGAATGGGATCTTCTGACCTCTGCC	67621282	67705905	-84623	67706044	-84762	67729791	-108509	67729931	-108649	67703044	-81762	67732168	-110886	67621400	-84505	-84644	-108391	-108531	-81644	-110768
ENSMUST00000072971	AAATGACTGGTTATCCAAGAAAGGCTTGCTTCCCTTGGCCCCGCCATCAGAGGTATCTGTCTCCAGATTCCTCGCCTCAGAACATTGTCAATGAGAATGGGATCTTCTGACCTCTGCC	67621282	67738412	-117130	67738482	-117200	67745579	-124297	67745629	-124347	67732253	-110971	67747277	-125995	67621400	-117012	-117082	-124179	-124229	-110853	-125877
ENSMUST00000072971	AAATGACTGGTTATCCAAGAAAGGCTTGCTTCCCTTGGCCCCGCCATCAGAGGTATCTGTCTCCAGATTCCTCGCCTCAGAACATTGTCAATGAGAATGGGATCTTCTGACCTCTGCC	67621282	67738412	-117130	67738482	-117200	67747277	-125995	67747355	-126073	67732253	-110971	67761113	-139831	67621400	-117012	-117082	-125877	-125955	-110853	-139713
ENSMUST00000072971	AAATGACTGGTTATCCAAGAAAGGCTTGCTTCCCTTGGCCCCGCCATCAGAGGTATCTGTCTCCAGATTCCTCGCCTCAGAACATTGTCAATGAGAATGGGATCTTCTGACCTCTGCC	67621282	67778959	-157677	67779033	-157751	67780987	-159705	67781061	-159779	67776198	-154916	67786625	-165343	67621400	-157559	-157633	-159587	-159661	-154798	-165225
ENSMUST00000170219	ACCCTCCACTCGTGAGCACTGGCAGGCAGTAACACTGCCTGCCACTGTGTGAGCGAACCTACTGGAGGTGAAGTGACTGTGGGGCACTGAGGATCAGAGAGGAGCTCGCCGCCCCATAT	80131752	80136349	-4597	80136494	-4742	80136689	-4937	80136743	-4991	80135546	-3794	80136873	-5121	80131871	-4478	-4623	-4818	-4872	-3675	-5002
ENSMUST00000088644	CTCCTCTGGAACAGCTGTGTCTACTTCTGTTTCTCAGCCTGGTATGGTTCATCCTTTGGTCATCTCATCAGCTGTAGTTTCTACACCTGGCCTCCCCCAACCAGTAGTACCTACTTCTAC	119948798	119952684	-3886	119952969	-4171	119953770	-4972	119954232	-5434	119951995	-3197	119956070	-7272	119948918	-3766	-4051	-4852	-5314	-3077	-7152
ENSMUST00000227021	TAAAATAACGTGGAAAGAAACAAACCCTTCCGTTTATTTACTCACCCTCGGCTTTTGACAGCTGTGCTGTAACACAAGTAGATGCCTGAACTTGAATTAATATACAAATCAGTAATGTATTCT	84954645	84971407	-16762	84971461	-16816	84978063	-23418	84978285	-23640	84965770	-11125	85013626	-58981	84954768	-16639	-16693	-23295	-23517	-11002	-58858
ENSMUST00000001480	ATGGAGAACTGGGGCCTTGTTACTTATAGGGAAACGGCCTTGCTTATTGATCCAAAAAACTCGTGTTCTTCATCACGCCAGTGGGTTGCTCTGGTTGTGGGACATGAACTCGCCCATCAATGGTT	97241816	97238093	3723	97238258	3558	97240928	888	97241043	773	97236169	5647	97241803	13	97241033	2940	2775	105	-10	4864	-770
ENSMUST00000001480	ATGGAGAACTGGGGCCTTGTTACTTATAGGGAAACGGCCTTGCTTATTGATCCAAAAAACTCGTGTTCTTCATCACGCCAGTGGGTTGCTCTGGTTGTGGGACATGAACTCGCCCATCAATGGTT	97241816	97240928	888	97241043	773	97241803	13	97241837	-21	97238258	3558	97241950	-134	97241033	105	-10	-770	-804	2775	-917
ENSMUST00000001480	ATGGAGAACTGGGGCCTTGTTACTTATAGGGAAACGGCCTTGCTTATTGATCCAAAAAACTCGTGTTCTTCATCACGCCAGTGGGTTGCTCTGGTTGTGGGACATGAACTCGCCCATCAATGGTT	97241816	97242602	-786	97242803	-987	97244427	-2611	97244535	-2719	97242047	-231	97248201	-6385	97241033	-1569	-1770	-3394	-3502	-1014	-7168
ENSMUST00000001480	ATGGAGAACTGGGGCCTTGTTACTTATAGGGAAACGGCCTTGCTTATTGATCCAAAAAACTCGTGTTCTTCATCACGCCAGTGGGTTGCTCTGGTTGTGGGACATGAACTCGCCCATCAATGGTT	97241816	97244427	-2611	97244535	-2719	97248201	-6385	97248323	-6507	97242803	-987	97258273	-16457	97241033	-3394	-3502	-7168	-7290	-1770	-17240
ENSMUST00000168099	GAGGATTTTGCCAAGAATGCATGAAGATATTAATGAAGAATGGATCTCTGATAAAACCAGGTTTGCTTATGATGGACTAAAACGTCAAAGACTTACTGAACCAATGGTCAGAAACGAAAAAGGGCT	63160963	63166290	-5327	63166367	-5404	63169228	-8265	63169336	-8373	63165030	-4067	63170049	-9086	63159825	-6465	-6542	-9403	-9511	-5205	-10224
ENSMUST00000168099	GAGGATTTTGCCAAGAATGCATGAAGATATTAATGAAGAATGGATCTCTGATAAAACCAGGTTTGCTTATGATGGACTAAAACGTCAAAGACTTACTGAACCAATGGTCAGAAACGAAAAAGGGCT	63160963	63169228	-8265	63169336	-8373	63170049	-9086	63170141	-9178	63166367	-5404	63170848	-9885	63159825	-9403	-9511	-10224	-10316	-6542	-11023
ENSMUST00000168099	GAGGATTTTGCCAAGAATGCATGAAGATATTAATGAAGAATGGATCTCTGATAAAACCAGGTTTGCTTATGATGGACTAAAACGTCAAAGACTTACTGAACCAATGGTCAGAAACGAAAAAGGGCT	63160963	63169228	-8265	63169336	-8373	63170848	-9885	63170914	-9951	63166367	-5404	63176427	-15464	63159825	-9403	-9511	-11023	-11089	-6542	-16602
ENSMUST00000168099	GAGGATTTTGCCAAGAATGCATGAAGATATTAATGAAGAATGGATCTCTGATAAAACCAGGTTTGCTTATGATGGACTAAAACGTCAAAGACTTACTGAACCAATGGTCAGAAACGAAAAAGGGCT	63160963	63169228	-8265	63169336	-8373	63170848	-9885	63170914	-9951	63166367	-5404	63176585	-15622	63159825	-9403	-9511	-11023	-11089	-6542	-16760
ENSMUST00000168099	GAGGATTTTGCCAAGAATGCATGAAGATATTAATGAAGAATGGATCTCTGATAAAACCAGGTTTGCTTATGATGGACTAAAACGTCAAAGACTTACTGAACCAATGGTCAGAAACGAAAAAGGGCT	63160963	63170049	-9086	63170141	-9178	63170848	-9885	63170914	-9951	63169336	-8373	63176427	-15464	63159825	-10224	-10316	-11023	-11089	-9511	-16602
ENSMUST00000154230	ACATATTCCTGCATCTGCTGTCATCTCCGCCTCTACTGCCCACGTCCCCTCCATTGCAACTGTTCCCCCCAGCCTCACGACCTCTGCTCCTTTGATTCGACGTCAGCTCTCCCACGACCAAGAATCT	20871655	20854934	16721	20855040	16615	20855353	16302	20855395	16260	20853069	18586	20855580	16075	20871406	16472	16366	16053	16011	18337	15826
ENSMUST00000154230	ACATATTCCTGCATCTGCTGTCATCTCCGCCTCTACTGCCCACGTCCCCTCCATTGCAACTGTTCCCCCCAGCCTCACGACCTCTGCTCCTTTGATTCGACGTCAGCTCTCCCACGACCAAGAATCT	20871655	20892084	-20429	20892177	-20522	20912276	-40621	20912301	-40646	20889953	-18298	20914631	-42976	20871406	-20678	-20771	-40870	-40895	-18547	-43225
ENSMUST00000154230	ACATATTCCTGCATCTGCTGTCATCTCCGCCTCTACTGCCCACGTCCCCTCCATTGCAACTGTTCCCCCCAGCCTCACGACCTCTGCTCCTTTGATTCGACGTCAGCTCTCCCACGACCAAGAATCT	20871655	20854934	16721	20855040	16615	20855353	16302	20855395	16260	20853069	18586	20855580	16075	20871406	16472	16366	16053	16011	18337	15826
ENSMUST00000154230	ACATATTCCTGCATCTGCTGTCATCTCCGCCTCTACTGCCCACGTCCCCTCCATTGCAACTGTTCCCCCCAGCCTCACGACCTCTGCTCCTTTGATTCGACGTCAGCTCTCCCACGACCAAGAATCT	20871655	20892084	-20429	20892177	-20522	20912276	-40621	20912301	-40646	20889953	-18298	20914631	-42976	20871406	-20678	-20771	-40870	-40895	-18547	-43225
ENSMUST00000109627	AAGGGAAATGTGGGACTCTTGACTGGCCATGGCAGAAACAAGGTCAGTCAAGGATGGACTGGCCTCTGGGGACCTAAGAGGGCACCCCCACCTTTTCTCCTTACTTTTCTGGTTGGTTCGGGTTTTCGGG	79827907	79833701	-5794	79833767	-5860	79833914	-6007	79833958	-6051	79828978	-1071	79834142	-6235	79828037	-5664	-5730	-5877	-5921	-941	-6105
ENSMUST00000109627	AAGGGAAATGTGGGACTCTTGACTGGCCATGGCAGAAACAAGGTCAGTCAAGGATGGACTGGCCTCTGGGGACCTAAGAGGGCACCCCCACCTTTTCTCCTTACTTTTCTGGTTGGTTCGGGTTTTCGGG	79827907	79833701	-5794	79833767	-5860	79833914	-6007	79833958	-6051	79828978	-1071	79834142	-6235	79828037	-5664	-5730	-5877	-5921	-941	-6105
ENSMUST00000234480	ACCTTCTTCTCCGAAAACGGGCTCCGTGAACACATGCAGACCCACTTAGGCCCGGTCAAACACTACATGTGCCCTATCTGTGGAGAGCGCTTCCCTTCCCTGTTAACTCTCACAGAGCACAAAGTCACACACA	13844282	13843781	501	13847134	-2852	13938961	-94679	13939141	-94859	13817322	26960	13971363	-127081	13844415	634	-2719	-94546	-94726	27093	-126948
ENSMUST00000234480	ACCTTCTTCTCCGAAAACGGGCTCCGTGAACACATGCAGACCCACTTAGGCCCGGTCAAACACTACATGTGCCCTATCTGTGGAGAGCGCTTCCCTTCCCTGTTAACTCTCACAGAGCACAAAGTCACACACA	13844282	13938961	-94679	13939141	-94859	13971363	-127081	13971404	-127122	13847134	-2852	13972500	-128218	13844415	-94546	-94726	-126948	-126989	-2719	-128085
ENSMUST00000074352	ATCTGGTACAGTGGGGATGACCTGAAAGAGAAGAGGCAGTGCTGTGCCACAGCTGCCCCCTTGGAGCCCTGCTCATGGCCAGTGAGAAGCTGTTGGCTGCAGCTCCTATCCCCACACTGTAATACTCAGCTCTA	12755561	12788319	-32758	12788395	-32834	12819504	-63943	12819661	-64100	12771433	-15872	12841183	-85622	12755695	-32624	-32700	-63809	-63966	-15738	-85488
ENSMUST00000074352	ATCTGGTACAGTGGGGATGACCTGAAAGAGAAGAGGCAGTGCTGTGCCACAGCTGCCCCCTTGGAGCCCTGCTCATGGCCAGTGAGAAGCTGTTGGCTGCAGCTCCTATCCCCACACTGTAATACTCAGCTCTA	12755561	12819504	-63943	12819661	-64100	12841183	-85622	12841346	-85785	12788395	-32834	12871077	-115516	12755695	-63809	-63966	-85488	-85651	-32700	-115382
ENSMUST00000074352	ATCTGGTACAGTGGGGATGACCTGAAAGAGAAGAGGCAGTGCTGTGCCACAGCTGCCCCCTTGGAGCCCTGCTCATGGCCAGTGAGAAGCTGTTGGCTGCAGCTCCTATCCCCACACTGTAATACTCAGCTCTA	12755561	12841183	-85622	12841346	-85785	12871077	-115516	12871184	-115623	12819661	-64100	12882195	-126634	12755695	-85488	-85651	-115382	-115489	-63966	-126500
ENSMUST00000074352	ATCTGGTACAGTGGGGATGACCTGAAAGAGAAGAGGCAGTGCTGTGCCACAGCTGCCCCCTTGGAGCCCTGCTCATGGCCAGTGAGAAGCTGTTGGCTGCAGCTCCTATCCCCACACTGTAATACTCAGCTCTA	12755561	12871077	-115516	12871184	-115623	12892166	-136605	12892289	-136728	12841346	-85785	12898202	-142641	12755695	-115382	-115489	-136471	-136594	-85651	-142507
ENSMUST00000107505	AAGGTGAACGTCTACTACGGCAGAAAACGCATTGCCAAGAAGAAAACCCATGTAAAGAAGTGCACTTTGAACCCCGTCTTCAATGAGTCGTTCATCTATGACATCCCCACCGACCTTCTGCCTGATATCAGCATC	88744715	88748778	-4063	88748902	-4187	88761725	-17010	88762549	-17834	88748010	-3295	88772290	-27575	88744850	-3928	-4052	-16875	-17699	-3160	-27440
ENSMUST00000111760	CTGTGAAATTCATAGTCAGAAAATTTCCTGCTGTAGAAACGCGCAACAACAATCAACAGCTGGCACAGCTACAGAAAGAAAAATCAGAGATTCTGAAAAATCTGGCGTTGTATTACTTTACATTTGTAGATGTTAT	80570179	80502224	67955	80502314	67865	80506172	64007	80506282	63897	80501411	68768	80506820	63359	80554784	52560	52470	48612	48502	53373	47964
ENSMUST00000111760	CTGTGAAATTCATAGTCAGAAAATTTCCTGCTGTAGAAACGCGCAACAACAATCAACAGCTGGCACAGCTACAGAAAGAAAAATCAGAGATTCTGAAAAATCTGGCGTTGTATTACTTTACATTTGTAGATGTTAT	80570179	80506172	64007	80506282	63897	80506820	63359	80506937	63242	80502314	67865	80508711	61468	80554784	48612	48502	47964	47847	52470	46073
ENSMUST00000111760	CTGTGAAATTCATAGTCAGAAAATTTCCTGCTGTAGAAACGCGCAACAACAATCAACAGCTGGCACAGCTACAGAAAGAAAAATCAGAGATTCTGAAAAATCTGGCGTTGTATTACTTTACATTTGTAGATGTTAT	80570179	80524537	45642	80524677	45502	80525558	44621	80525678	44501	80523507	46672	80528534	41645	80554784	30247	30107	29226	29106	31277	26250
ENSMUST00000111760	CTGTGAAATTCATAGTCAGAAAATTTCCTGCTGTAGAAACGCGCAACAACAATCAACAGCTGGCACAGCTACAGAAAGAAAAATCAGAGATTCTGAAAAATCTGGCGTTGTATTACTTTACATTTGTAGATGTTAT	80570179	80525558	44621	80525678	44501	80528534	41645	80528667	41512	80524677	45502	80530157	40022	80554784	29226	29106	26250	26117	30107	24627
ENSMUST00000111760	CTGTGAAATTCATAGTCAGAAAATTTCCTGCTGTAGAAACGCGCAACAACAATCAACAGCTGGCACAGCTACAGAAAGAAAAATCAGAGATTCTGAAAAATCTGGCGTTGTATTACTTTACATTTGTAGATGTTAT	80570179	80540509	29670	80540606	29573	80541462	28717	80541519	28660	80540225	29954	80544989	25190	80554784	14275	14178	13322	13265	14559	9795
ENSMUST00000111760	CTGTGAAATTCATAGTCAGAAAATTTCCTGCTGTAGAAACGCGCAACAACAATCAACAGCTGGCACAGCTACAGAAAGAAAAATCAGAGATTCTGAAAAATCTGGCGTTGTATTACTTTACATTTGTAGATGTTAT	80570179	80547900	22279	80547949	22230	80548829	21350	80548967	21212	80545146	25033	80553136	17043	80554784	6884	6835	5955	5817	9638	1648
ENSMUST00000111760	CTGTGAAATTCATAGTCAGAAAATTTCCTGCTGTAGAAACGCGCAACAACAATCAACAGCTGGCACAGCTACAGAAAGAAAAATCAGAGATTCTGAAAAATCTGGCGTTGTATTACTTTACATTTGTAGATGTTAT	80570179	80548829	21350	80548967	21212	80553136	17043	80553227	16952	80547949	22230	80553306	16873	80554784	5955	5817	1648	1557	6835	1478
ENSMUST00000075845	GTTATGGACGCAACATTAATGAGAAGCAGATCAGTCAAGTTCTGAAAGGACTCCTGGACTCCAAGCGCAACTTAAACCTGGTTAGCTCCACTGCAAGTATCAAAGATTTGGCTGATGTGGACCTTCGAATTGTCATG	16563871	16549062	14809	16549207	14664	16561457	2414	16565329	-1458	16512485	51386	16614471	-50600	16564008	14946	14801	2551	-1321	51523	-50463
ENSMUST00000075845	GTTATGGACGCAACATTAATGAGAAGCAGATCAGTCAAGTTCTGAAAGGACTCCTGGACTCCAAGCGCAACTTAAACCTGGTTAGCTCCACTGCAAGTATCAAAGATTTGGCTGATGTGGACCTTCGAATTGTCATG	16563871	16549062	14809	16549207	14664	16561457	2414	16565329	-1458	16512485	51386	16614471	-50600	16564008	14946	14801	2551	-1321	51523	-50463
ENSMUST00000162415	AAGGACAGCTTAATGCAGATGAGATTAGTTTGAGGCCTGCTCAGTCGTTTCTAATGAATAAAAATCAGGTGCCAAAGCTTCAGCCCCAGATAACTATGATTCCTCCCAGTGCACAGCCACCACGCACTCAAACACCGC	111076384	111075586	798	111075712	672	111076695	-311	111076856	-472	111075441	943	111076937	-553	111075341	-245	-371	-1354	-1515	-100	-1596
ENSMUST00000162415	AAGGACAGCTTAATGCAGATGAGATTAGTTTGAGGCCTGCTCAGTCGTTTCTAATGAATAAAAATCAGGTGCCAAAGCTTCAGCCCCAGATAACTATGATTCCTCCCAGTGCACAGCCACCACGCACTCAAACACCGC	111076384	111076279	105	111076393	-9	111076937	-553	111077076	-692	111075712	672	111077224	-840	111075341	-938	-1052	-1596	-1735	-371	-1883
ENSMUST00000162415	AAGGACAGCTTAATGCAGATGAGATTAGTTTGAGGCCTGCTCAGTCGTTTCTAATGAATAAAAATCAGGTGCCAAAGCTTCAGCCCCAGATAACTATGATTCCTCCCAGTGCACAGCCACCACGCACTCAAACACCGC	111076384	111077408	-1024	111077492	-1108	111077636	-1252	111077747	-1363	111077323	-939	111078024	-1640	111075341	-2067	-2151	-2295	-2406	-1982	-2683
ENSMUST00000168890	CTGAGACGCTGCCACAGGGCCTGAGACACTGATGAATGGTGCTATTTTGGACTTTCAACATGCTCCTTGGCGAGGTAGCTCTGGTGGAGTTGTTTTTATTTCCATGTTCTAAGAAGGTGTCGGTACTTTGTTTCCTGGA	33437674	33442815	-5141	33442893	-5219	33462020	-24346	33462087	-24413	33438839	-1165	33463377	-25703	33437813	-5002	-5080	-24207	-24274	-1026	-25564
ENSMUST00000168890	CTGAGACGCTGCCACAGGGCCTGAGACACTGATGAATGGTGCTATTTTGGACTTTCAACATGCTCCTTGGCGAGGTAGCTCTGGTGGAGTTGTTTTTATTTCCATGTTCTAAGAAGGTGTCGGTACTTTGTTTCCTGGA	33437674	33462020	-24346	33462087	-24413	33463377	-25703	33463419	-25745	33442893	-5219	33463599	-25925	33437813	-24207	-24274	-25564	-25606	-5080	-25786
ENSMUST00000168890	CTGAGACGCTGCCACAGGGCCTGAGACACTGATGAATGGTGCTATTTTGGACTTTCAACATGCTCCTTGGCGAGGTAGCTCTGGTGGAGTTGTTTTTATTTCCATGTTCTAAGAAGGTGTCGGTACTTTGTTTCCTGGA	33437674	33462020	-24346	33462087	-24413	33463377	-25703	33463419	-25745	33442893	-5219	33463852	-26178	33437813	-24207	-24274	-25564	-25606	-5080	-26039
ENSMUST00000091628	AGGTTACTTGCGTTGGCTTCCAAGAAGGAAAATGCAAGCCCCGCTTCCCGCGAGAGCCAGCTTCTCCCAGCTGTGCCGGCAGCATCTTTTCTGTATTTTAGGTCTAGTACTGTTCATGACTATGGACAACTCGGGTGCC	45551216	45566572	-15356	45568580	-17364	45697820	-146604	45697945	-146729	45557585	-6369	45735114	-183898	45551355	-15217	-17225	-146465	-146590	-6230	-183759
ENSMUST00000091628	AGGTTACTTGCGTTGGCTTCCAAGAAGGAAAATGCAAGCCCCGCTTCCCGCGAGAGCCAGCTTCTCCCAGCTGTGCCGGCAGCATCTTTTCTGTATTTTAGGTCTAGTACTGTTCATGACTATGGACAACTCGGGTGCC	45551216	45697820	-146604	45697945	-146729	45735114	-183898	45735178	-183962	45568580	-17364	45795508	-244292	45551355	-146465	-146590	-183759	-183823	-17225	-244153
ENSMUST00000091628	AGGTTACTTGCGTTGGCTTCCAAGAAGGAAAATGCAAGCCCCGCTTCCCGCGAGAGCCAGCTTCTCCCAGCTGTGCCGGCAGCATCTTTTCTGTATTTTAGGTCTAGTACTGTTCATGACTATGGACAACTCGGGTGCC	45551216	45735114	-183898	45735178	-183962	45795508	-244292	45795637	-244421	45697945	-146729	45852327	-301111	45551355	-183759	-183823	-244153	-244282	-146590	-300972
ENSMUST00000091628	AGGTTACTTGCGTTGGCTTCCAAGAAGGAAAATGCAAGCCCCGCTTCCCGCGAGAGCCAGCTTCTCCCAGCTGTGCCGGCAGCATCTTTTCTGTATTTTAGGTCTAGTACTGTTCATGACTATGGACAACTCGGGTGCC	45551216	45795508	-244292	45795637	-244421	45852327	-301111	45852456	-301240	45735178	-183962	45956454	-405238	45551355	-244153	-244282	-300972	-301101	-183823	-405099
ENSMUST00000091628	AGGTTACTTGCGTTGGCTTCCAAGAAGGAAAATGCAAGCCCCGCTTCCCGCGAGAGCCAGCTTCTCCCAGCTGTGCCGGCAGCATCTTTTCTGTATTTTAGGTCTAGTACTGTTCATGACTATGGACAACTCGGGTGCC	45551216	45852327	-301111	45852456	-301240	45956454	-405238	45956575	-405359	45795637	-244421	45964814	-413598	45551355	-300972	-301101	-405099	-405220	-244282	-413459
ENSMUST00000044443	GATCCCCAGCCACCAGGTGTCTGCGCTAGCCAAGGAGGCAGAAAGGAATTCTTATCGTCTGAGCTGGGGCACTGAGAACTTAGACAACGTGGCTCTTTCTTCCAGTCCTATTCATTCAGGTTTCCTAGTCAGTTTTATGG	126976936	126950734	26202	126950756	26180	126952488	24448	126952521	24415	126947807	29129	126953176	23760	126964964	14230	14208	12476	12443	17157	11788
ENSMUST00000044443	GATCCCCAGCCACCAGGTGTCTGCGCTAGCCAAGGAGGCAGAAAGGAATTCTTATCGTCTGAGCTGGGGCACTGAGAACTTAGACAACGTGGCTCTTTCTTCCAGTCCTATTCATTCAGGTTTCCTAGTCAGTTTTATGG	126976936	127010853	-33917	127011051	-34115	127012672	-35736	127012771	-35835	127004043	-27107	127013238	-36302	126964964	-45889	-46087	-47708	-47807	-39079	-48274
ENSMUST00000109627	CAGGACCCCACTTCCCAACCTACAGTTCCCACTGTCCTTAAAAGAGTCGGGGCTCTGTTCCAGCCATGTGCAGTGCACCGGCTGTGTGATGGACCAGAGGGTCTGAAGGGGCCGAGTGGCGGGGTCAGACGTTGGGCATACCT	79828297	79833701	-5404	79833767	-5470	79833914	-5617	79833958	-5661	79828978	-681	79834142	-5845	79828440	-5261	-5327	-5474	-5518	-538	-5702
ENSMUST00000109627	CAGGACCCCACTTCCCAACCTACAGTTCCCACTGTCCTTAAAAGAGTCGGGGCTCTGTTCCAGCCATGTGCAGTGCACCGGCTGTGTGATGGACCAGAGGGTCTGAAGGGGCCGAGTGGCGGGGTCAGACGTTGGGCATACCT	79828297	79833701	-5404	79833767	-5470	79833914	-5617	79833958	-5661	79828978	-681	79834142	-5845	79828440	-5261	-5327	-5474	-5518	-538	-5702
ENSMUST00000045846	AAGGTCACAGGTTCCCTGCCAGCATCTTAAGGCAGGTGTAGCTGTAGCAAGATGGGCTGAGCATGGGTATTGGGCTCCAGGCCTTGGCTGGACACTAGATCTGTTTGCTGAAGCCTCTTTTGAAAAGTTCATTCTCAGCTTTTTT	85214737	85236839	-22102	85236955	-22218	85256342	-41605	85256433	-41696	85234848	-20111	85267871	-53134	85214882	-21957	-22073	-41460	-41551	-19966	-52989
ENSMUST00000045846	AAGGTCACAGGTTCCCTGCCAGCATCTTAAGGCAGGTGTAGCTGTAGCAAGATGGGCTGAGCATGGGTATTGGGCTCCAGGCCTTGGCTGGACACTAGATCTGTTTGCTGAAGCCTCTTTTGAAAAGTTCATTCTCAGCTTTTTT	85214737	85256342	-41605	85256433	-41696	85267871	-53134	85267937	-53200	85236955	-22218	85269097	-54360	85214882	-41460	-41551	-52989	-53055	-22073	-54215
ENSMUST00000045846	AAGGTCACAGGTTCCCTGCCAGCATCTTAAGGCAGGTGTAGCTGTAGCAAGATGGGCTGAGCATGGGTATTGGGCTCCAGGCCTTGGCTGGACACTAGATCTGTTTGCTGAAGCCTCTTTTGAAAAGTTCATTCTCAGCTTTTTT	85214737	85299539	-84802	85299617	-84880	85319521	-104784	85319590	-104853	85289788	-75051	85333307	-118570	85214882	-84657	-84735	-104639	-104708	-74906	-118425
ENSMUST00000108407	AAGTGCTACGACAAGACCAAGGTCAACAAAGACAACAATGAGATTGTGGACAAGATCATGGGCAAGGGGCAGATCCAGCTGGATCCACAGACAGTAGAAAGCAAGAACTGGCATACGGACGTGATTGAAATGAATGGGATCAAAG	76451921	76486437	-34516	76486536	-34615	76508887	-56966	76509072	-57151	76479180	-27259	76571030	-119109	76424937	-61500	-61599	-83950	-84135	-54243	-146093
ENSMUST00000108407	AAGTGCTACGACAAGACCAAGGTCAACAAAGACAACAATGAGATTGTGGACAAGATCATGGGCAAGGGGCAGATCCAGCTGGATCCACAGACAGTAGAAAGCAAGAACTGGCATACGGACGTGATTGAAATGAATGGGATCAAAG	76451921	76486437	-34516	76486536	-34615	76508887	-56966	76509072	-57151	76479180	-27259	76571030	-119109	76424937	-61500	-61599	-83950	-84135	-54243	-146093
ENSMUST00000057610	AAGAACATCGTTAACATGCTCATCAATGAGAATGAGGTGAAGCAGTGGAGGGACCAGGCAGAGAAGTTTCGGAAAGAACACATGGAACTCATGAGCCGGCTGGAGAGAAAAGAGCGGGAATGTGAGACAAAGACACTGGAGAAGGAGG	49483059	49462140	20919	49462201	20858	49463925	19134	49464033	19026	49460738	22321	49464462	18597	49480514	18374	18313	16589	16481	19776	16052
ENSMUST00000057610	AAGAACATCGTTAACATGCTCATCAATGAGAATGAGGTGAAGCAGTGGAGGGACCAGGCAGAGAAGTTTCGGAAAGAACACATGGAACTCATGAGCCGGCTGGAGAGAAAAGAGCGGGAATGTGAGACAAAGACACTGGAGAAGGAGG	49483059	49496124	-13065	49496214	-13155	49498705	-15646	49498931	-15872	49494449	-11390	49564202	-81143	49480514	-15610	-15700	-18191	-18417	-13935	-83688
ENSMUST00000053699	AGGAGACTGTCTCCCAGGAAGATGCTGGACTGAGCATGCCCAGTGATGCTTCACTTTCTCCAGCAAGTCAGAACTCTCCATACTGTATGACACCTGTGTCGCAAGGCTCACCCGCTAGTTCTGGCATAGGCAGCCCAATGGCATCGTCAAC	125751853	125773175	-21322	125773500	-21647	125775552	-23699	125775731	-23878	125771544	-19691	125782598	-30745	125750422	-22753	-23078	-25130	-25309	-21122	-32176
ENSMUST00000120898	CTGCCACCGCTACCAAGCGCTGCTACCACTGCTGCCCACCTCTTCTCCCAGGACTCTGACACCCGAGCGCGAGCGGCGGTGCTGCCAGCTTGCTGCCCCTGTCCCCCACCCCTCCCTTCCGTGACCTACCCACTCCTTGCAGCCCTCGCCT	67620315	66882732	737583	66882882	737433	66953273	667042	66953300	667015	66815461	804854	67620170	145	67620466	737734	737584	667193	667166	805005	296
ENSMUST00000009344	TGCAGGCTTTTGGACAGTCCTTTCTTCAGCCTGACATCCACCTGTTCAAACAAAATCTCTTCTACTTGGAGACTCTGAACACGAAGCAGAAACTATACCACAAAAAGATCTTCCGGACCACCATGCTGTTCCAGTTCGTGAACGTGCTGCT	126105117	126115807	-10690	126115952	-10835	126120356	-15239	126120449	-15332	126113803	-8686	126124371	-19254	126104773	-11034	-11179	-15583	-15676	-9030	-19598
ENSMUST00000009344	TGCAGGCTTTTGGACAGTCCTTTCTTCAGCCTGACATCCACCTGTTCAAACAAAATCTCTTCTACTTGGAGACTCTGAACACGAAGCAGAAACTATACCACAAAAAGATCTTCCGGACCACCATGCTGTTCCAGTTCGTGAACGTGCTGCT	126105117	126149233	-44116	126149360	-44243	126152825	-47708	126153279	-48162	126140674	-35557	126156723	-51606	126104773	-44460	-44587	-48052	-48506	-35901	-51950
ENSMUST00000009344	TGCAGGCTTTTGGACAGTCCTTTCTTCAGCCTGACATCCACCTGTTCAAACAAAATCTCTTCTACTTGGAGACTCTGAACACGAAGCAGAAACTATACCACAAAAAGATCTTCCGGACCACCATGCTGTTCCAGTTCGTGAACGTGCTGCT	126105117	126149503	-44386	126149537	-44420	126151223	-46106	126153279	-48162	126149360	-44243	126156723	-51606	126104773	-44730	-44764	-46450	-48506	-44587	-51950
ENSMUST00000009344	TGCAGGCTTTTGGACAGTCCTTTCTTCAGCCTGACATCCACCTGTTCAAACAAAATCTCTTCTACTTGGAGACTCTGAACACGAAGCAGAAACTATACCACAAAAAGATCTTCCGGACCACCATGCTGTTCCAGTTCGTGAACGTGCTGCT	126105117	126149503	-44386	126149537	-44420	126152825	-47708	126153279	-48162	126149360	-44243	126156723	-51606	126104773	-44730	-44764	-48052	-48506	-44587	-51950
ENSMUST00000093165	ATAACGTGTCTGCCCCTTACGGCCGCATCACCCTGCATGTCTTCTGGGAGCTGAACTTTGACTTTCTCCCCAACTACTGCTATAATGGATCCACAAACCGTTTTGTCCGAACTGCCATCCCTTTCACCCAAGAACCACAACGGGATAAGCCCG	46242408	46272608	-30200	46272700	-30292	46274637	-32229	46274742	-32334	46270669	-28261	46276778	-34370	46240079	-32529	-32621	-34558	-34663	-30590	-36699
ENSMUST00000093165	ATAACGTGTCTGCCCCTTACGGCCGCATCACCCTGCATGTCTTCTGGGAGCTGAACTTTGACTTTCTCCCCAACTACTGCTATAATGGATCCACAAACCGTTTTGTCCGAACTGCCATCCCTTTCACCCAAGAACCACAACGGGATAAGCCCG	46242408	46274637	-32229	46274742	-32334	46276778	-34370	46276907	-34499	46272700	-30292	46278058	-35650	46240079	-34558	-34663	-36699	-36828	-32621	-37979
ENSMUST00000011877	ATAAGTTTTACCATGATGCCAAGGAGATCTTTGGCCGAATCCAGGACAAACACAAGAAACTCCCTGAGGAGCTTGGAAGAGATCAAAACACTGTGGAAACTTTACAGAGAATGCACACCACCTTTGAGCACGACATCCAAGCTCTGGGCACTC	30117880	30159293	-41413	30159445	-41565	30219578	-101698	30219772	-101892	30154402	-36522	30267947	-150067	30114699	-44594	-44746	-104879	-105073	-39703	-153248
ENSMUST00000163779	CATGACCTTTTCTCAAAGCTGTACAGTGTGTTTCAAAGTCTTCCATCAGCAGTGATCGGCGTCCTGTACCTGCCCCTCAGCATCCCGGTGCTCCCCTCTCACTACAGTGAAAACCTGGTAGCAGGGTCTTGTGTGCTGTGGATATTGTTGTGGC	60731694	60818323	-86629	60818365	-86671	60827480	-95786	60827627	-95933	60815759	-84065	60828723	-97029	60731848	-86475	-86517	-95632	-95779	-83911	-96875
ENSMUST00000163779	CATGACCTTTTCTCAAAGCTGTACAGTGTGTTTCAAAGTCTTCCATCAGCAGTGATCGGCGTCCTGTACCTGCCCCTCAGCATCCCGGTGCTCCCCTCTCACTACAGTGAAAACCTGGTAGCAGGGTCTTGTGTGCTGTGGATATTGTTGTGGC	60731694	60818323	-86629	60818365	-86671	60827480	-95786	60827627	-95933	60815759	-84065	60829670	-97976	60731848	-86475	-86517	-95632	-95779	-83911	-97822
ENSMUST00000109627	AGAAACAAGGTCAGTCAAGGATGGACTGGCCTCTGGGGACCTAAGAGGGCACCCCCACCTTTTCTCCTTACTTTTCTGGTTGGTTCGGGTTTTCGGGGTTTTTTTGTTTGTTTGTTTTATTCTTGTTTTTTGCACTTAATGGATGGTGGAACCCAGCC	79827940	79833701	-5761	79833767	-5827	79833914	-5974	79833958	-6018	79828978	-1038	79834142	-6202	79828098	-5603	-5669	-5816	-5860	-880	-6044
ENSMUST00000109627	AGAAACAAGGTCAGTCAAGGATGGACTGGCCTCTGGGGACCTAAGAGGGCACCCCCACCTTTTCTCCTTACTTTTCTGGTTGGTTCGGGTTTTCGGGGTTTTTTTGTTTGTTTGTTTTATTCTTGTTTTTTGCACTTAATGGATGGTGGAACCCAGCC	79827940	79833701	-5761	79833767	-5827	79833914	-5974	79833958	-6018	79828978	-1038	79834142	-6202	79828098	-5603	-5669	-5816	-5860	-880	-6044
ENSMUST00000239056	CATTTGGTGAAGACTGGCAGCGAGCACCCACCAGGCAAGGCTCCTTGGACATCTATAGCACAGCAGAAGGGAAAACTCACATGGTTCCTGTAGGAGAAACACCAACCTATGTCAACACCCAGCCAGTCCCACCACAGGTGTGGCCAGCAGCAACCAGCAGC	51449284	51442689	6595	51442985	6299	51447889	1395	51448048	1236	51431281	18003	51449226	58	51448021	5332	5036	132	-27	16740	-1205
ENSMUST00000119730	ATACCTCGCTTAGGATGGAGGAGGGGATGCTGTGGGTACCACCCCACCCCAGCAGTACTCCCTGGGGACTTTCTACAGATGAATTTAATAATATATATGTCATACTATGTGGAATGGTCCCGTTATCAGTTGGTTGTGTAGCTCTTGCCTGGCATTAAAGCA	37368755	37397056	-28301	37397453	-28698	37563390	-194635	37563464	-194709	37372221	-3466	37584455	-215700	37368917	-28139	-28536	-194473	-194547	-3304	-215538
ENSMUST00000119730	ATACCTCGCTTAGGATGGAGGAGGGGATGCTGTGGGTACCACCCCACCCCAGCAGTACTCCCTGGGGACTTTCTACAGATGAATTTAATAATATATATGTCATACTATGTGGAATGGTCCCGTTATCAGTTGGTTGTGTAGCTCTTGCCTGGCATTAAAGCA	37368755	37397056	-28301	37397453	-28698	37563390	-194635	37563464	-194709	37372221	-3466	37661031	-292276	37368917	-28139	-28536	-194473	-194547	-3304	-292114
ENSMUST00000119730	ATACCTCGCTTAGGATGGAGGAGGGGATGCTGTGGGTACCACCCCACCCCAGCAGTACTCCCTGGGGACTTTCTACAGATGAATTTAATAATATATATGTCATACTATGTGGAATGGTCCCGTTATCAGTTGGTTGTGTAGCTCTTGCCTGGCATTAAAGCA	37368755	37563390	-194635	37563464	-194709	37584455	-215700	37584505	-215750	37397453	-28698	37661031	-292276	37368917	-194473	-194547	-215538	-215588	-28536	-292114
ENSMUST00000119730	ATACCTCGCTTAGGATGGAGGAGGGGATGCTGTGGGTACCACCCCACCCCAGCAGTACTCCCTGGGGACTTTCTACAGATGAATTTAATAATATATATGTCATACTATGTGGAATGGTCCCGTTATCAGTTGGTTGTGTAGCTCTTGCCTGGCATTAAAGCA	37368755	37563390	-194635	37563464	-194709	37661031	-292276	37661086	-292331	37397453	-28698	37734280	-365525	37368917	-194473	-194547	-292114	-292169	-28536	-365363
ENSMUST00000119730	ATACCTCGCTTAGGATGGAGGAGGGGATGCTGTGGGTACCACCCCACCCCAGCAGTACTCCCTGGGGACTTTCTACAGATGAATTTAATAATATATATGTCATACTATGTGGAATGGTCCCGTTATCAGTTGGTTGTGTAGCTCTTGCCTGGCATTAAAGCA	37368755	37563390	-194635	37563464	-194709	37661031	-292276	37661086	-292331	37397453	-28698	37791895	-423140	37368917	-194473	-194547	-292114	-292169	-28536	-422978
ENSMUST00000119730	ATACCTCGCTTAGGATGGAGGAGGGGATGCTGTGGGTACCACCCCACCCCAGCAGTACTCCCTGGGGACTTTCTACAGATGAATTTAATAATATATATGTCATACTATGTGGAATGGTCCCGTTATCAGTTGGTTGTGTAGCTCTTGCCTGGCATTAAAGCA	37368755	37563390	-194635	37563464	-194709	37661031	-292276	37661086	-292331	37397453	-28698	37792133	-423378	37368917	-194473	-194547	-292114	-292169	-28536	-423216
ENSMUST00000119730	ATACCTCGCTTAGGATGGAGGAGGGGATGCTGTGGGTACCACCCCACCCCAGCAGTACTCCCTGGGGACTTTCTACAGATGAATTTAATAATATATATGTCATACTATGTGGAATGGTCCCGTTATCAGTTGGTTGTGTAGCTCTTGCCTGGCATTAAAGCA	37368755	37563390	-194635	37563464	-194709	37661031	-292276	37661086	-292331	37448279	-79524	37725083	-356328	37368917	-194473	-194547	-292114	-292169	-79362	-356166
ENSMUST00000119730	ATACCTCGCTTAGGATGGAGGAGGGGATGCTGTGGGTACCACCCCACCCCAGCAGTACTCCCTGGGGACTTTCTACAGATGAATTTAATAATATATATGTCATACTATGTGGAATGGTCCCGTTATCAGTTGGTTGTGTAGCTCTTGCCTGGCATTAAAGCA	37368755	37661031	-292276	37661086	-292331	37725083	-356328	37725161	-356406	37584505	-215750	37730778	-362023	37368917	-292114	-292169	-356166	-356244	-215588	-361861
ENSMUST00000119730	ATACCTCGCTTAGGATGGAGGAGGGGATGCTGTGGGTACCACCCCACCCCAGCAGTACTCCCTGGGGACTTTCTACAGATGAATTTAATAATATATATGTCATACTATGTGGAATGGTCCCGTTATCAGTTGGTTGTGTAGCTCTTGCCTGGCATTAAAGCA	37368755	37725083	-356328	37725161	-356406	37730778	-362023	37730919	-362164	37661086	-292331	37734280	-365525	37368917	-356166	-356244	-361861	-362002	-292169	-365363
ENSMUST00000121759	TAGAGCAGATCTGTTAGGACAGAGCACCTTTGCAAATGCTCAGTGTTATCACAATCCTGTGTTTATAGAAGTAACTCTGCTGCAGCCATCACTCGCTGTTAGCAATAACTCTTGTGAGTTTTAGATCGTGCTTGTTGGGGTTCTAATCATTTCAACAGTAGTA	90938373	90947014	-8641	90947053	-8680	90948065	-9692	90948113	-9740	90946862	-8489	90949698	-11325	90938536	-8478	-8517	-9529	-9577	-8326	-11162
ENSMUST00000121759	TAGAGCAGATCTGTTAGGACAGAGCACCTTTGCAAATGCTCAGTGTTATCACAATCCTGTGTTTATAGAAGTAACTCTGCTGCAGCCATCACTCGCTGTTAGCAATAACTCTTGTGAGTTTTAGATCGTGCTTGTTGGGGTTCTAATCATTTCAACAGTAGTA	90938373	90947014	-8641	90947053	-8680	90949698	-11325	90949737	-11364	90946862	-8489	90950350	-11977	90938536	-8478	-8517	-11162	-11201	-8326	-11814
ENSMUST00000121759	TAGAGCAGATCTGTTAGGACAGAGCACCTTTGCAAATGCTCAGTGTTATCACAATCCTGTGTTTATAGAAGTAACTCTGCTGCAGCCATCACTCGCTGTTAGCAATAACTCTTGTGAGTTTTAGATCGTGCTTGTTGGGGTTCTAATCATTTCAACAGTAGTA	90938373	90964212	-25839	90964405	-26032	90964504	-26131	90964645	-26272	90963976	-25603	90967299	-28926	90938536	-25676	-25869	-25968	-26109	-25440	-28763
ENSMUST00000121759	TAGAGCAGATCTGTTAGGACAGAGCACCTTTGCAAATGCTCAGTGTTATCACAATCCTGTGTTTATAGAAGTAACTCTGCTGCAGCCATCACTCGCTGTTAGCAATAACTCTTGTGAGTTTTAGATCGTGCTTGTTGGGGTTCTAATCATTTCAACAGTAGTA	90938373	90978688	-40315	90978770	-40397	90979750	-41377	90979920	-41547	90976751	-38378	90980948	-42575	90938536	-40152	-40234	-41214	-41384	-38215	-42412
ENSMUST00000106267	CATCCTCGGAGGATCCAGAGAGGCCCAGCGACCATGCTGCACATCTTATGTGATGTAGAACAAACTCTCCTGACTTGCTTACTGCCAGGGGTCGGTCGCATCATGTCCTGGGGACTCTCTCTCTCTCTCTCAATCTCTCTCCCAATCTCTCTCTCTCTCTCTGTGTG	127804553	127814912	-10359	127814987	-10434	127815063	-10510	127815163	-10610	127811236	-6683	127815345	-10792	127804720	-10192	-10267	-10343	-10443	-6516	-10625
ENSMUST00000170219	CTCCACTCGTGAGCACTGGCAGGCAGTAACACTGCCTGCCACTGTGTGAGCGAACCTACTGGAGGTGAAGTGACTGTGGGGCACTGAGGATCAGAGAGGAGCTCGCCGCCCCATATTCTGAGTTGATTTACCCTGTCCATGGTATGCGCTCTACCTTTCCTCTCTGAGC	80131755	80136349	-4594	80136494	-4739	80136689	-4934	80136743	-4988	80135546	-3791	80136873	-5118	80131924	-4425	-4570	-4765	-4819	-3622	-4949
ENSMUST00000170883	GTAGCCCAAGAACAGATTGAAGGAATGGTCAAAGACCTGATTAATAGGATGGACTATGTAGAGATCAACATTGACCATAAATTCCACAGACACCTCATTGGAAAGAGCGGAGCCAACATCAACAGAATCAAAGACCAGTACAAAGTGTCTGTGCGCATCCCCCCTGACAGTGA	93428223	93429377	-1154	93429485	-1262	93430097	-1874	93430304	-2081	93428252	-29	93430954	-2731	93425333	-4044	-4152	-4764	-4971	-2919	-5621
ENSMUST00000078352	AAGACTGTGCGGGACCTCATGCCCAAGACCATCATGCACCTCATGATCAACAACACCAAGGAGTTTATCTTCTCTGAGCTGCTGGCCAACCTGTACTCTTGCGGGGACCAGAACACACTGATGGAAGAATCGGCCGAGCAGGCTCAGCGGCGCGACGAGATGCTGCGCATGTACCACGCAC	32315025	32309892	5133	32310027	4998	32310450	4575	32310487	4538	32309064	5961	32312126	2899	32312830	2938	2803	2380	2343	3766	704
ENSMUST00000078352	AAGACTGTGCGGGACCTCATGCCCAAGACCATCATGCACCTCATGATCAACAACACCAAGGAGTTTATCTTCTCTGAGCTGCTGGCCAACCTGTACTCTTGCGGGGACCAGAACACACTGATGGAAGAATCGGCCGAGCAGGCTCAGCGGCGCGACGAGATGCTGCGCATGTACCACGCAC	32315025	32310450	4575	32310487	4538	32312126	2899	32312342	2683	32309064	5961	32312683	2342	32312830	2380	2343	704	488	3766	147
ENSMUST00000078352	AAGACTGTGCGGGACCTCATGCCCAAGACCATCATGCACCTCATGATCAACAACACCAAGGAGTTTATCTTCTCTGAGCTGCTGGCCAACCTGTACTCTTGCGGGGACCAGAACACACTGATGGAAGAATCGGCCGAGCAGGCTCAGCGGCGCGACGAGATGCTGCGCATGTACCACGCAC	32315025	32310450	4575	32310487	4538	32312126	2899	32312342	2683	32309634	5391	32312683	2342	32312830	2380	2343	704	488	3196	147
ENSMUST00000078352	AAGACTGTGCGGGACCTCATGCCCAAGACCATCATGCACCTCATGATCAACAACACCAAGGAGTTTATCTTCTCTGAGCTGCTGGCCAACCTGTACTCTTGCGGGGACCAGAACACACTGATGGAAGAATCGGCCGAGCAGGCTCAGCGGCGCGACGAGATGCTGCGCATGTACCACGCAC	32315025	32323659	-8634	32323730	-8705	32327960	-12935	32328047	-13022	32323473	-8448	32333065	-18040	32312830	-10829	-10900	-15130	-15217	-10643	-20235
ENSMUST00000078352	AAGACTGTGCGGGACCTCATGCCCAAGACCATCATGCACCTCATGATCAACAACACCAAGGAGTTTATCTTCTCTGAGCTGCTGGCCAACCTGTACTCTTGCGGGGACCAGAACACACTGATGGAAGAATCGGCCGAGCAGGCTCAGCGGCGCGACGAGATGCTGCGCATGTACCACGCAC	32315025	32327960	-12935	32328047	-13022	32333065	-18040	32333204	-18179	32323730	-8705	32335775	-20750	32312830	-15130	-15217	-20235	-20374	-10900	-22945
ENSMUST00000078352	AAGACTGTGCGGGACCTCATGCCCAAGACCATCATGCACCTCATGATCAACAACACCAAGGAGTTTATCTTCTCTGAGCTGCTGGCCAACCTGTACTCTTGCGGGGACCAGAACACACTGATGGAAGAATCGGCCGAGCAGGCTCAGCGGCGCGACGAGATGCTGCGCATGTACCACGCAC	32315025	32333065	-18040	32333204	-18179	32334681	-19656	32334820	-19795	32328047	-13022	32335775	-20750	32312830	-20235	-20374	-21851	-21990	-15217	-22945
ENSMUST00000078352	AAGACTGTGCGGGACCTCATGCCCAAGACCATCATGCACCTCATGATCAACAACACCAAGGAGTTTATCTTCTCTGAGCTGCTGGCCAACCTGTACTCTTGCGGGGACCAGAACACACTGATGGAAGAATCGGCCGAGCAGGCTCAGCGGCGCGACGAGATGCTGCGCATGTACCACGCAC	32315025	32333152	-18127	32333204	-18179	32334681	-19656	32334820	-19795	32328047	-13022	32335775	-20750	32312830	-20322	-20374	-21851	-21990	-15217	-22945
ENSMUST00000078352	AAGACTGTGCGGGACCTCATGCCCAAGACCATCATGCACCTCATGATCAACAACACCAAGGAGTTTATCTTCTCTGAGCTGCTGGCCAACCTGTACTCTTGCGGGGACCAGAACACACTGATGGAAGAATCGGCCGAGCAGGCTCAGCGGCGCGACGAGATGCTGCGCATGTACCACGCAC	32315025	32338000	-22975	32338099	-23074	32339920	-24895	32340124	-25099	32337894	-22869	32340415	-25390	32312830	-25170	-25269	-27090	-27294	-25064	-27585
ENSMUST00000141722	TTCTCCTGGAAAAGGACTTAGTGCTGATAGACCTTGCACAAAATGGATACCCTATATTTGAGAATCCCTACCCTTTGAGTATACACGAGTCCCCTGTTACATGTTGTGAATATTTTGCTGATTGTCCTGTGGATCTTATTCCTGCACTTTACTCTGTTGGAGCTAGACAGAAGCGTCAAGGTT	9816288	9784187	32101	9784235	32053	9784340	31948	9784400	31888	9778071	38217	9789362	26926	9811966	27779	27731	27626	27566	33895	22604
ENSMUST00000190723	TGGAGGACCTCTCCAAGCTGGCTGTAACCTCCTACAATGACATCCAGGACCTCATGGACTCAGGGAACAAGGCCAGGACTGTGGCGGCCACAAACATGAATGAGACCAGCAGCCGTTCTCACGCAGTCTTCAACATCATCTTTACCCAGAAGCGCCATGATGCAGAGACCAACATCACCACAGAGA	93076259	93026831	49428	93026855	49404	93034545	41714	93034572	41687	93025735	50524	93036845	39414	93073813	46982	46958	39268	39241	48078	36968
ENSMUST00000190723	TGGAGGACCTCTCCAAGCTGGCTGTAACCTCCTACAATGACATCCAGGACCTCATGGACTCAGGGAACAAGGCCAGGACTGTGGCGGCCACAAACATGAATGAGACCAGCAGCCGTTCTCACGCAGTCTTCAACATCATCTTTACCCAGAAGCGCCATGATGCAGAGACCAACATCACCACAGAGA	93076259	93072307	3952	93072325	3934	93073038	3221	93073104	3155	93068560	7699	93073807	2452	93073813	1506	1488	775	709	5253	6
ENSMUST00000190723	TGGAGGACCTCTCCAAGCTGGCTGTAACCTCCTACAATGACATCCAGGACCTCATGGACTCAGGGAACAAGGCCAGGACTGTGGCGGCCACAAACATGAATGAGACCAGCAGCCGTTCTCACGCAGTCTTCAACATCATCTTTACCCAGAAGCGCCATGATGCAGAGACCAACATCACCACAGAGA	93076259	93026831	49428	93026855	49404	93034545	41714	93034572	41687	93025735	50524	93036845	39414	93073813	46982	46958	39268	39241	48078	36968
ENSMUST00000190723	TGGAGGACCTCTCCAAGCTGGCTGTAACCTCCTACAATGACATCCAGGACCTCATGGACTCAGGGAACAAGGCCAGGACTGTGGCGGCCACAAACATGAATGAGACCAGCAGCCGTTCTCACGCAGTCTTCAACATCATCTTTACCCAGAAGCGCCATGATGCAGAGACCAACATCACCACAGAGA	93076259	93072307	3952	93072325	3934	93073038	3221	93073104	3155	93068560	7699	93073807	2452	93073813	1506	1488	775	709	5253	6
ENSMUST00000086819	GAAGCAGCCTGGGACAGTTCCATGCATAACTCTCTCCTGCTGAATCGTGTCACCCCTTACCGGGAGAAAATCTACATGACGCTCTCTGCCTACATTGAGATGGAGAACTGTACCCAGCCAGCTGTCATCACCAAGGACTTCTGCATGGTTTTCTACTCTCGGGACGCCAAGCTACCCGCCTCACGCTCCATTCGCAACCTGTTT	93025673	93026831	-1158	93026855	-1182	93034545	-8872	93034572	-8899	93025735	-62	93036845	-11172	93023468	-3363	-3387	-11077	-11104	-2267	-13377
ENSMUST00000086819	GAAGCAGCCTGGGACAGTTCCATGCATAACTCTCTCCTGCTGAATCGTGTCACCCCTTACCGGGAGAAAATCTACATGACGCTCTCTGCCTACATTGAGATGGAGAACTGTACCCAGCCAGCTGTCATCACCAAGGACTTCTGCATGGTTTTCTACTCTCGGGACGCCAAGCTACCCGCCTCACGCTCCATTCGCAACCTGTTT	93025673	93072307	-46634	93072325	-46652	93073038	-47365	93073104	-47431	93068560	-42887	93073807	-48134	93023468	-48839	-48857	-49570	-49636	-45092	-50339
ENSMUST00000107788	GGGGAACGCTTACGAGCCTGGGTCCGAGCCCGGCTCCCTGCCTGTTGCCGAGAGCGAGATTCCTGGTCTGCCTATATCTTCCCTCCCCAGTCAAGGTTTCGTCTCCTGTGTCACCGGATCATCACCCACAAGATGTTTGACCATGTGGTCCTCGTCATCATCTTCCTCAACTGTATCACCATCGCTATGGAGCGCCCCAAAATT	94432717	94413089	19628	94413224	19493	94414930	17787	94415074	17643	94411616	21101	94415742	16975	94430450	17361	17226	15520	15376	18834	14708
ENSMUST00000107788	GGGGAACGCTTACGAGCCTGGGTCCGAGCCCGGCTCCCTGCCTGTTGCCGAGAGCGAGATTCCTGGTCTGCCTATATCTTCCCTCCCCAGTCAAGGTTTCGTCTCCTGTGTCACCGGATCATCACCCACAAGATGTTTGACCATGTGGTCCTCGTCATCATCTTCCTCAACTGTATCACCATCGCTATGGAGCGCCCCAAAATT	94432717	94465398	-32681	94465496	-32779	94465820	-33103	94465954	-33237	94463501	-30784	94466115	-33398	94430450	-34948	-35046	-35370	-35504	-33051	-35665
ENSMUST00000085814	TTAAGCTCCCCAGTTGGCATTACTAGTGGTGCCTGTAATAATAATAATCGATCCTATTCAAATATCCCAGTAACATCTTTACAAGGTATGAATGAAGGACCCAATAACTCTGTTGGCTTCTCTGCTGGGTCTCCAGTCCTTCGGCAGATGAGCTCACAGAATTCACCTAGCAGATTAAGTATGCAACCAGCAAAGGCTGAGTCCAAAGAC	4295369	4315685	-20316	4315865	-20496	4322867	-27498	4323045	-27676	4313121	-17752	4335780	-40411	4295579	-20106	-20286	-27288	-27466	-17542	-40201
ENSMUST00000085814	TTAAGCTCCCCAGTTGGCATTACTAGTGGTGCCTGTAATAATAATAATCGATCCTATTCAAATATCCCAGTAACATCTTTACAAGGTATGAATGAAGGACCCAATAACTCTGTTGGCTTCTCTGCTGGGTCTCCAGTCCTTCGGCAGATGAGCTCACAGAATTCACCTAGCAGATTAAGTATGCAACCAGCAAAGGCTGAGTCCAAAGAC	4295369	4315685	-20316	4315865	-20496	4322867	-27498	4323045	-27676	4313121	-17752	4335780	-40411	4295579	-20106	-20286	-27288	-27466	-17542	-40201
ENSMUST00000112958	ACCTCTTCTCTCGAATCAACGACACCACCAACGACAACATGTCCTACTCTGTGGAGGTCAGCTACATGGAGATTTACTGTGAGCGAGTCCGTGACCTCCTGAACCCCAAGAACAAAGGCAACCTGCGTGTGAGGGAGCACCCTCTGCTGGGGCCTTATGTGGAGGACCTCTCCAAGCTGGCTGTAACCTCCTACAATGACATCCAGGACCTCA	93077056	93026831	50225	93026855	50201	93034545	42511	93034572	42484	93025735	51321	93036845	40211	93076313	49482	49458	41768	41741	50578	39468
ENSMUST00000112958	ACCTCTTCTCTCGAATCAACGACACCACCAACGACAACATGTCCTACTCTGTGGAGGTCAGCTACATGGAGATTTACTGTGAGCGAGTCCGTGACCTCCTGAACCCCAAGAACAAAGGCAACCTGCGTGTGAGGGAGCACCCTCTGCTGGGGCCTTATGTGGAGGACCTCTCCAAGCTGGCTGTAACCTCCTACAATGACATCCAGGACCTCA	93077056	93072307	4749	93072325	4731	93073038	4018	93073104	3952	93068560	8496	93073807	3249	93076313	4006	3988	3275	3209	7753	2506
ENSMUST00000102838	CAAGGCCTGGGAAAGACTGGAAAAAGCAGAACATGAGAGAGAACTGGCTCTGCGGAATGAGCTCATACGGCAGGAAAAACTGGAACAACTCGCCCGAAGATTTGATCGCAAGGCAGCTATGAGGGAGACATGGCTGAGTGAAAACCAGCGTCTTGTGTCTCAGGACAACTTTGGATTTGACCTTCCCGCTGTTGAGGCTGCTACCAAAAAACA	30143024	30159293	-16269	30159445	-16421	30219578	-76554	30219772	-76748	30154402	-11378	30267947	-124923	30142180	-17113	-17265	-77398	-77592	-12222	-125767
ENSMUST00000190723	ATAACTCTCTCCTGCTGAATCGTGTCACCCCTTACCGGGAGAAAATCTACATGACGCTCTCTGCCTACATTGAGATGGAGAACTGTACCCAGCCAGCTGTCATCACCAAGGACTTCTGCATGGTTTTCTACTCTCGGGACGCCAAGCTACCCGCCTCACGCTCCATTCGCAACCTGTTTGGCAGTGGCAGCCTGCGGGCCACAGAAGGCAACCGTGTGACTGG	93025700	93026831	-1131	93026855	-1155	93034545	-8845	93034572	-8872	93025735	-35	93036845	-11145	93023514	-3317	-3341	-11031	-11058	-2221	-13331
ENSMUST00000190723	ATAACTCTCTCCTGCTGAATCGTGTCACCCCTTACCGGGAGAAAATCTACATGACGCTCTCTGCCTACATTGAGATGGAGAACTGTACCCAGCCAGCTGTCATCACCAAGGACTTCTGCATGGTTTTCTACTCTCGGGACGCCAAGCTACCCGCCTCACGCTCCATTCGCAACCTGTTTGGCAGTGGCAGCCTGCGGGCCACAGAAGGCAACCGTGTGACTGG	93025700	93072307	-46607	93072325	-46625	93073038	-47338	93073104	-47404	93068560	-42860	93073807	-48107	93023514	-48793	-48811	-49524	-49590	-45046	-50293
ENSMUST00000190723	ATAACTCTCTCCTGCTGAATCGTGTCACCCCTTACCGGGAGAAAATCTACATGACGCTCTCTGCCTACATTGAGATGGAGAACTGTACCCAGCCAGCTGTCATCACCAAGGACTTCTGCATGGTTTTCTACTCTCGGGACGCCAAGCTACCCGCCTCACGCTCCATTCGCAACCTGTTTGGCAGTGGCAGCCTGCGGGCCACAGAAGGCAACCGTGTGACTGG	93025700	93026831	-1131	93026855	-1155	93034545	-8845	93034572	-8872	93025735	-35	93036845	-11145	93023514	-3317	-3341	-11031	-11058	-2221	-13331
ENSMUST00000190723	ATAACTCTCTCCTGCTGAATCGTGTCACCCCTTACCGGGAGAAAATCTACATGACGCTCTCTGCCTACATTGAGATGGAGAACTGTACCCAGCCAGCTGTCATCACCAAGGACTTCTGCATGGTTTTCTACTCTCGGGACGCCAAGCTACCCGCCTCACGCTCCATTCGCAACCTGTTTGGCAGTGGCAGCCTGCGGGCCACAGAAGGCAACCGTGTGACTGG	93025700	93072307	-46607	93072325	-46625	93073038	-47338	93073104	-47404	93068560	-42860	93073807	-48107	93023514	-48793	-48811	-49524	-49590	-45046	-50293
ENSMUST00000086819	GAGAGCAAGCTCTCTGAGATGTCTGTCACCCTGATGCGGGACCCATCCATGTCCCCTCTGGGTGCTGCTACACTCACTCCCTCCTCCACTTGCCCCTCTCTGATCGAAGGACGATACGGTGCCACTGACGTGAGGACCCCCCAGCCCTGCTCCCGGCCCGCCAGCCCAGAGCCCGAGCTCCTGCCAGAACTTGACTCTAAGAAGACTCCCTCCCCTGTTCGGGCAACA	93021246	93026831	-5585	93026855	-5609	93034545	-13299	93034572	-13326	93025735	-4489	93036845	-15599	93020595	-6236	-6260	-13950	-13977	-5140	-16250
ENSMUST00000086819	GAGAGCAAGCTCTCTGAGATGTCTGTCACCCTGATGCGGGACCCATCCATGTCCCCTCTGGGTGCTGCTACACTCACTCCCTCCTCCACTTGCCCCTCTCTGATCGAAGGACGATACGGTGCCACTGACGTGAGGACCCCCCAGCCCTGCTCCCGGCCCGCCAGCCCAGAGCCCGAGCTCCTGCCAGAACTTGACTCTAAGAAGACTCCCTCCCCTGTTCGGGCAACA	93021246	93072307	-51061	93072325	-51079	93073038	-51792	93073104	-51858	93068560	-47314	93073807	-52561	93020595	-51712	-51730	-52443	-52509	-47965	-53212
ENSMUST00000078505	ATATGGTGATCCATTTTGTATAACTTAGAATGATCGAATTAAAGAATAAATCCAAAATGAACGCACAGTACTTTTCTCCTATGGGATGCCTGGGCTGATTTACATGTATGGTAACTAAAGGTGCCAGCATGTTGACTTTATTACAATTTGTATTACTTCCTCTGTAGTTCCTAATGGACTCAATCACAGACTCTGGATATTTGCACTTATGTACTTGATACTGAATGCATC	72212335	72303656	-91321	72304418	-92083	72308155	-95820	72308929	-96594	72223539	-11204	72408310	-195975	72212566	-91090	-91852	-95589	-96363	-10973	-195744
ENSMUST00000097414	CCAGGCTGCTCCAAGGATCATCACTGGGCCTGCGCCTGTCCTCCCACCAGCTGCTCTGCGTACACCTACGCCAGCTGGCCCTACCATAATGCCTTTGATCAGACAAATACAGACCGCTGTCATGCCAAACGGAACTCCTCACCCAACTGCTGCAATAGTCCCTCCAGGGCCTGAAGCTGGGTTAATCTACACACCCTATGAATACCCCTACACATTGGCACCAGCTACATCAATCCTT	10216196	10238892	-22696	10239036	-22840	10273946	-57750	10274063	-57867	10217803	-1607	10282838	-66642	10216434	-22458	-22602	-57512	-57629	-1369	-66404
ENSMUST00000097414	CCAGGCTGCTCCAAGGATCATCACTGGGCCTGCGCCTGTCCTCCCACCAGCTGCTCTGCGTACACCTACGCCAGCTGGCCCTACCATAATGCCTTTGATCAGACAAATACAGACCGCTGTCATGCCAAACGGAACTCCTCACCCAACTGCTGCAATAGTCCCTCCAGGGCCTGAAGCTGGGTTAATCTACACACCCTATGAATACCCCTACACATTGGCACCAGCTACATCAATCCTT	10216196	10273946	-57750	10274063	-57867	10282838	-66642	10282981	-66785	10239036	-22840	10318731	-102535	10216434	-57512	-57629	-66404	-66547	-22602	-102297
ENSMUST00000102838	TGAGGAGCGCTGCAAGGAGATGGCAGAGTTAACACGGCTAAGGAAGCAGGCTCTGCAGGACACCCTGGCCCTGTACAAGATGTTCAGTGAGGCTGATGCCTGTGAGCTCTGGATTGACGAGAAGGAGCAGTGGCTCAACAACATGCAGATCCCAGAGAAGCTGGAGGACCTGGAAGTCATCCAGCACAGATTTGAGAGCCTAGAACCAGAAATGAACAACCAGGCTTCCCGGGTTGCT	30139286	30159293	-20007	30159445	-20159	30219578	-80292	30219772	-80486	30154402	-15116	30267947	-128661	30138426	-20867	-21019	-81152	-81346	-15976	-129521
ENSMUST00000102838	TGCTGTTGTGGAGACTGGCCGAAGACTGGTGAGCGATGGGAACATCAACTCCGACCGCATCCAGGAGAAGGTGGACTCTATTGACGACAGACACAGGAAGAATCGAGAAGCAGCCAGTGAACTTCTGATGAGGTTAAAGGACAACCGTGATCTACAGAAGTTCCTGCAAGATTGTCAAGAGCTGTCCCTCTGGATCAATGAAAAGATGCTTACAGCTCAAGACATGTCTTATGATGAAGCCAGAAATCTGCACAGTAAATGGTTAAAGCATCAAGCATTTATGGCGGAACTTGCATCCAACAAAGAATGGCTTGAC	30136068	30159293	-23225	30159445	-23377	30219578	-83510	30219772	-83704	30154402	-18334	30267947	-131879	30123805	-35488	-35640	-95773	-95967	-30597	-144142
ENSMUST00000011877	AAGTGATGGAAACGAGTACCTCTTCCAAGCCAAAGATGATGAGGAAATGAACACATGGATCCAGGCTATCTCCTCTGCCATCTCCTCTGACAAACACGACACATCTGCCAGCACCCAGAGTACGCCAGCATCCAGTCGGGCGCAGACCTTACCCACCAGCGTCGTCACCATCACCAGCGAGTCCAGTCCTGGCAAGAGGGAGAAGGATAAAGAGAAAGACAAAGAGAAGAGGTTCAGCCTTTTCGGCAAGAAGAAGTGAACTTCCCTGTTGTCCCGCCCTTCTCTTACCTTTAGTAAGAGTCCAGCATGCAAGTTCCGACCAACACATTACTCTGTGCCTAATGTTCCTCCATGTAGTTGATTTTTTTTCTTTT	30101649	30159293	-57644	30159445	-57796	30219578	-117929	30219772	-118123	30154402	-52753	30267947	-166298	30099764	-59529	-59681	-119814	-120008	-54638	-168183
ENSMUST00000011877	AGTGATGTGTGGGAGGAAATGAAGACAACCCTGAAGAACCGAGAGGCCTCCCTGGGAGAGGCCAGCAAGCTGCAGCAGTTTCTGCGGGACTTGGACGACTTCCAGTCTTGGCTCTCCAGGACCCAGACTGCTATCGCCTCAGAGGACATGCCCAATACCCTCACTGAGGCAGAGAAGCTTCTCACACAGCACGAGAATATCAAAAATGAGATCGACAATTATGAGGAAGACTACCAGAAGATGCGGGACATGGGCGAGATGGTCACCCAGGGGCAGACTGATGCCCAGTATATGTTTCTGCGGCAGCGGCTGCAGGCCTTAGACACTGGCTGGAATGAGCTCCACAAAATGTGGGAGAACAGGCAAAACCTCCTCTCCCAGTCCCATGCCTACCAGC	30137201	30159293	-22092	30159445	-22244	30219578	-82377	30219772	-82571	30154402	-17201	30267947	-130746	30137598	-21695	-21847	-81980	-82174	-16804	-130349
ENSMUST00000190723	ACGAGCCGACTCCACAGGAGCCAAGGGCACGCGACTCAAGGAGGGGGCCAACATCAACAAGTCTTTGACCACCCTGGGAAAGGTCATCTCTGCTCTGGCTGAAATGGACTCTGGACCCAACAAGAACAAGAAAAAGAAGAAGACAGATTTCATCCCTTACCGAGACTCCGTATTGACATGGCTTCTCCGGGAAAACCTCGGTGGCAACTCAAGGACAGCCATGGTGGCAGCCCTGAGCCCTGCGGACATCAACTATGATGAGACCCTCAGCACACTGAGATATGCAGATCGGGCCAAACAAATCCGCTGCAATGCCATCATCAATGAAGACCCCAACAACAAGCTGATTAGAGAACTGAAGGATGAGGTGACCAGGCTGAGAGACCTGCTGTATGCCCAAGGTCTTGGCGATATC	93073853	93026831	47022	93026855	46998	93034545	39308	93034572	39281	93025735	48118	93036845	37008	93065558	38727	38703	31013	30986	39823	28713
ENSMUST00000190723	ACGAGCCGACTCCACAGGAGCCAAGGGCACGCGACTCAAGGAGGGGGCCAACATCAACAAGTCTTTGACCACCCTGGGAAAGGTCATCTCTGCTCTGGCTGAAATGGACTCTGGACCCAACAAGAACAAGAAAAAGAAGAAGACAGATTTCATCCCTTACCGAGACTCCGTATTGACATGGCTTCTCCGGGAAAACCTCGGTGGCAACTCAAGGACAGCCATGGTGGCAGCCCTGAGCCCTGCGGACATCAACTATGATGAGACCCTCAGCACACTGAGATATGCAGATCGGGCCAAACAAATCCGCTGCAATGCCATCATCAATGAAGACCCCAACAACAAGCTGATTAGAGAACTGAAGGATGAGGTGACCAGGCTGAGAGACCTGCTGTATGCCCAAGGTCTTGGCGATATC	93073853	93072307	1546	93072325	1528	93073038	815	93073104	749	93068560	5293	93073807	46	93065558	-6749	-6767	-7480	-7546	-3002	-8249
ENSMUST00000028386	ATTTCCTGCTGTAGAAACGCGCAACAACAATCAACAGCTGGCACAGCTACAGAAAGAAAAATCAGAGATTCTGAAAAATCTGGCGTTGTATTACTTTACATTTGTAGATGTTATGGAATTTAAGGACCATGTCTGTGACTTGCTGAATACTATTGACGTTTGCCAAGTCTTCTTTGATATTACTGTGAACTTTGATTTAACAAAGAACTACTTAGACTTGACTGTAACCTATACAACATTAATGATACTGCTGTCCCGGATTGAAGAACGGAAGGCAATCATTGGACTATACAATTATGCACATGAAATGACCCATGGAGCAAGTGACCGAGAATATCCACGCCTTGGTCAGATGATTGTGGACTATGAAAACCCTTTAAAAAAGATGATGGAAGAATTTGTACCCCATAGCAAGTCTCTTTCAGATGCGCTAATTTCTCTT	80570200	80502224	67976	80502314	67886	80506172	64028	80506282	63918	80501411	68789	80506820	63380	80548863	46639	46549	42691	42581	47452	42043
ENSMUST00000028386	ATTTCCTGCTGTAGAAACGCGCAACAACAATCAACAGCTGGCACAGCTACAGAAAGAAAAATCAGAGATTCTGAAAAATCTGGCGTTGTATTACTTTACATTTGTAGATGTTATGGAATTTAAGGACCATGTCTGTGACTTGCTGAATACTATTGACGTTTGCCAAGTCTTCTTTGATATTACTGTGAACTTTGATTTAACAAAGAACTACTTAGACTTGACTGTAACCTATACAACATTAATGATACTGCTGTCCCGGATTGAAGAACGGAAGGCAATCATTGGACTATACAATTATGCACATGAAATGACCCATGGAGCAAGTGACCGAGAATATCCACGCCTTGGTCAGATGATTGTGGACTATGAAAACCCTTTAAAAAAGATGATGGAAGAATTTGTACCCCATAGCAAGTCTCTTTCAGATGCGCTAATTTCTCTT	80570200	80506172	64028	80506282	63918	80506820	63380	80506937	63263	80502314	67886	80508711	61489	80548863	42691	42581	42043	41926	46549	40152
ENSMUST00000028386	ATTTCCTGCTGTAGAAACGCGCAACAACAATCAACAGCTGGCACAGCTACAGAAAGAAAAATCAGAGATTCTGAAAAATCTGGCGTTGTATTACTTTACATTTGTAGATGTTATGGAATTTAAGGACCATGTCTGTGACTTGCTGAATACTATTGACGTTTGCCAAGTCTTCTTTGATATTACTGTGAACTTTGATTTAACAAAGAACTACTTAGACTTGACTGTAACCTATACAACATTAATGATACTGCTGTCCCGGATTGAAGAACGGAAGGCAATCATTGGACTATACAATTATGCACATGAAATGACCCATGGAGCAAGTGACCGAGAATATCCACGCCTTGGTCAGATGATTGTGGACTATGAAAACCCTTTAAAAAAGATGATGGAAGAATTTGTACCCCATAGCAAGTCTCTTTCAGATGCGCTAATTTCTCTT	80570200	80524537	45663	80524677	45523	80525558	44642	80525678	44522	80523507	46693	80528534	41666	80548863	24326	24186	23305	23185	25356	20329
ENSMUST00000028386	ATTTCCTGCTGTAGAAACGCGCAACAACAATCAACAGCTGGCACAGCTACAGAAAGAAAAATCAGAGATTCTGAAAAATCTGGCGTTGTATTACTTTACATTTGTAGATGTTATGGAATTTAAGGACCATGTCTGTGACTTGCTGAATACTATTGACGTTTGCCAAGTCTTCTTTGATATTACTGTGAACTTTGATTTAACAAAGAACTACTTAGACTTGACTGTAACCTATACAACATTAATGATACTGCTGTCCCGGATTGAAGAACGGAAGGCAATCATTGGACTATACAATTATGCACATGAAATGACCCATGGAGCAAGTGACCGAGAATATCCACGCCTTGGTCAGATGATTGTGGACTATGAAAACCCTTTAAAAAAGATGATGGAAGAATTTGTACCCCATAGCAAGTCTCTTTCAGATGCGCTAATTTCTCTT	80570200	80525558	44642	80525678	44522	80528534	41666	80528667	41533	80524677	45523	80530157	40043	80548863	23305	23185	20329	20196	24186	18706
ENSMUST00000028386	ATTTCCTGCTGTAGAAACGCGCAACAACAATCAACAGCTGGCACAGCTACAGAAAGAAAAATCAGAGATTCTGAAAAATCTGGCGTTGTATTACTTTACATTTGTAGATGTTATGGAATTTAAGGACCATGTCTGTGACTTGCTGAATACTATTGACGTTTGCCAAGTCTTCTTTGATATTACTGTGAACTTTGATTTAACAAAGAACTACTTAGACTTGACTGTAACCTATACAACATTAATGATACTGCTGTCCCGGATTGAAGAACGGAAGGCAATCATTGGACTATACAATTATGCACATGAAATGACCCATGGAGCAAGTGACCGAGAATATCCACGCCTTGGTCAGATGATTGTGGACTATGAAAACCCTTTAAAAAAGATGATGGAAGAATTTGTACCCCATAGCAAGTCTCTTTCAGATGCGCTAATTTCTCTT	80570200	80540509	29691	80540606	29594	80541462	28738	80541519	28681	80540225	29975	80544989	25211	80548863	8354	8257	7401	7344	8638	3874
ENSMUST00000028386	ATTTCCTGCTGTAGAAACGCGCAACAACAATCAACAGCTGGCACAGCTACAGAAAGAAAAATCAGAGATTCTGAAAAATCTGGCGTTGTATTACTTTACATTTGTAGATGTTATGGAATTTAAGGACCATGTCTGTGACTTGCTGAATACTATTGACGTTTGCCAAGTCTTCTTTGATATTACTGTGAACTTTGATTTAACAAAGAACTACTTAGACTTGACTGTAACCTATACAACATTAATGATACTGCTGTCCCGGATTGAAGAACGGAAGGCAATCATTGGACTATACAATTATGCACATGAAATGACCCATGGAGCAAGTGACCGAGAATATCCACGCCTTGGTCAGATGATTGTGGACTATGAAAACCCTTTAAAAAAGATGATGGAAGAATTTGTACCCCATAGCAAGTCTCTTTCAGATGCGCTAATTTCTCTT	80570200	80547900	22300	80547949	22251	80548829	21371	80548967	21233	80545146	25054	80553136	17064	80548863	963	914	34	-104	3717	-4273
ENSMUST00000028386	ATTTCCTGCTGTAGAAACGCGCAACAACAATCAACAGCTGGCACAGCTACAGAAAGAAAAATCAGAGATTCTGAAAAATCTGGCGTTGTATTACTTTACATTTGTAGATGTTATGGAATTTAAGGACCATGTCTGTGACTTGCTGAATACTATTGACGTTTGCCAAGTCTTCTTTGATATTACTGTGAACTTTGATTTAACAAAGAACTACTTAGACTTGACTGTAACCTATACAACATTAATGATACTGCTGTCCCGGATTGAAGAACGGAAGGCAATCATTGGACTATACAATTATGCACATGAAATGACCCATGGAGCAAGTGACCGAGAATATCCACGCCTTGGTCAGATGATTGTGGACTATGAAAACCCTTTAAAAAAGATGATGGAAGAATTTGTACCCCATAGCAAGTCTCTTTCAGATGCGCTAATTTCTCTT	80570200	80548829	21371	80548967	21233	80553136	17064	80553227	16973	80547949	22251	80553306	16894	80548863	34	-104	-4273	-4364	914	-4443
