transcript_ID	prot_seq	coord_start_genomic	coord_1stExonStart	start_genomic-1stExonStart	coord_1stExonEnd	start_genomic-1stExonEnd	coord_2ndExonStart	start_genomic-2ndExonStart	coord_2ndExonEnd	start_genomic-2ndExonEnd	coord_upstreamEE	start_genomic-upstreamEE	coord_downstreamES	start_genomic-downstreamES	coord_end_genomic	end_genomic-1stExonStart	end_genomic-1stExonEnd	end_genomic-2ndExonStart	end_genomic-2ndExonEnd	end_genomic-upstreamEE	end_genomic-downstreamES
ENSMUST00000025137	TGGGAGATGTCTTAGACTG	9962410	9959254	3156	9959315	3095	9960485	1925	9960552	1858	9959171	3239	9962372	38	9962429	3175	3114	1944	1877	3258	57
ENSMUST00000025137	TGGGAGATGTCTTAGACTG	9962410	9960485	1925	9960552	1858	9962372	38	9962491	-81	9959315	3095	9963262	-852	9962429	1944	1877	57	-62	3114	-833
ENSMUST00000197977	TCTGCAGTGCTTGATGGTG	34677227	34611698	65529	34611892	65335	34630062	47165	34630231	46996	34560569	116658	34638357	38870	34677246	65548	65354	47184	47015	116677	38889
ENSMUST00000197977	TCTGCAGTGCTTGATGGTG	34677227	34615587	61640	34615711	61516	34630062	47165	34630231	46996	34611892	65335	34638357	38870	34677246	61659	61535	47184	47015	65354	38889
ENSMUST00000066055	TCTGAGAACATGCAGTATC	37543810	37561368	-17558	37561452	-17642	37561891	-18081	37561963	-18153	37560579	-16769	37563435	-19625	37543829	-17539	-17623	-18062	-18134	-16750	-19606
ENSMUST00000037763	CACCTATTATATGTAAATG	44888930	44833021	55909	44833218	55712	44834458	54472	44834658	54272	44830242	58688	44837340	51590	44888949	55928	55731	54491	54291	58707	51609
ENSMUST00000050949	TACTGCAGGGGAGACTGGC	139053907	138983620	70287	138983765	70142	138985131	68776	138985250	68657	138972989	80918	138990541	63366	139053926	70306	70161	68795	68676	80937	63385
ENSMUST00000050949	TACTGCAGGGGAGACTGGC	139053907	138983620	70287	138983765	70142	138985131	68776	138985250	68657	138977322	76585	138990541	63366	139053926	70306	70161	68795	68676	76604	63385
ENSMUST00000077730	GAGCTGAGGGAAGTGGACG	133071659	133070317	1342	133070418	1241	133071173	486	133071328	331	133067229	4430	133071601	58	133071678	1361	1260	505	350	4449	77
ENSMUST00000026975	AGCCTCGCATGGCGAGTGG	139170279	139161700	8579	139161933	8346	139163198	7081	139163411	6868	139153476	16803	139166059	4220	139170298	8598	8365	7100	6887	16822	4239
ENSMUST00000020549	AAATCCTGATATATCTGTT	79695240	79692820	2420	79692980	2260	79694123	1117	79694262	978	79689465	5775	79694350	890	79695259	2439	2279	1136	997	5794	909
ENSMUST00000113409	GGACTTATTATTTCTAAAT	112635010	112624738	10272	112624876	10134	112628103	6907	112628148	6862	112624107	10903	112631825	3185	112635029	10291	10153	6926	6881	10922	3204
ENSMUST00000103239	AGCCTTGCCAGCTTAAGAA	124666250	124298574	367676	124298655	367595	124489984	176266	124490012	176238	124143055	523195	124653580	12670	124666269	367695	367614	176285	176257	523214	12689
ENSMUST00000103239	AGCCTTGCCAGCTTAAGAA	124666250	124659567	6683	124659708	6542	124659806	6444	124659884	6366	124658819	7431	124660282	5968	124666269	6702	6561	6463	6385	7450	5987
ENSMUST00000103239	AGCCTTGCCAGCTTAAGAA	124666250	124659806	6444	124659884	6366	124660282	5968	124660344	5906	124659708	6542	124664020	2230	124666269	6463	6385	5987	5925	6561	2249
ENSMUST00000081028	CGGCACTCGCACTCGGTGG	134248637	134066306	182331	134066465	182172	134137284	111353	134137417	111220	134036138	212499	134222864	25773	134248656	182350	182191	111372	111239	212518	25792
ENSMUST00000200048	TTGAATGCTGTGGAGAAGG	54194792	54266083	-71291	54266420	-71628	54279862	-85070	54280002	-85210	54222711	-27919	54291030	-96238	54194811	-71272	-71609	-85051	-85191	-27900	-96219
ENSMUST00000087264	ATAAGACAATTAGCCAGAG	65806755	65786105	20650	65786361	20394	65788052	18703	65788141	18614	65775663	31092	65790017	16738	65806774	20669	20413	18722	18633	31111	16757
ENSMUST00000176912	ACCCGAAGCGAGGGCGTGG	115092689	115428138	-335449	115428264	-335575	115552214	-459525	115552335	-459646	115399279	-306590	115788172	-695483	115092708	-335430	-335556	-459506	-459627	-306571	-695464
ENSMUST00000001583	AAGAGTACCAGAATGTTCAT	75770546	75724952	45594	75725000	45546	75746291	24255	75746413	24133	75707797	62749	75749924	20622	75770565	45613	45565	24274	24152	62768	20641
ENSMUST00000001583	AAGAGTACCAGAATGTTCAT	75770546	75746291	24255	75746413	24133	75749924	20622	75750088	20458	75725000	45546	75756274	14272	75770565	24274	24152	20641	20477	45565	14291
ENSMUST00000039577	AGTATACGATGACTATTTCA	21463698	21456296	7402	21456388	7310	21461660	2038	21461787	1911	21452527	11171	21463371	327	21463718	7422	7330	2058	1931	11191	347
ENSMUST00000169310	AGATAGGTCAGCGCACCAGG	114860193	114684400	175793	114684517	175676	114686069	174124	114686219	173974	114680239	179954	114695622	164571	114860213	175813	175696	174144	173994	179974	164591
ENSMUST00000179769	GTCCAAGCCTAGGTCCTCAG	3641594	3630557	11037	3630742	10852	3630844	10750	3630905	10689	3630056	11538	3632667	8927	3641614	11057	10872	10770	10709	11558	8947
ENSMUST00000002044	GCCTGAGAGATGGAGCTGCC	106154821	106117489	37332	106117603	37218	106123785	31036	106123906	30915	106114283	40538	106142424	12397	106154841	37352	37238	31056	30935	40558	12417
ENSMUST00000002044	GCCTGAGAGATGGAGCTGCC	106154821	106151008	3813	106151140	3681	106151617	3204	106151747	3074	106150418	4403	106152216	2605	106154841	3833	3701	3224	3094	4423	2625
ENSMUST00000002044	GCCTGAGAGATGGAGCTGCC	106154821	106151008	3813	106151140	3681	106152216	2605	106152394	2427	106150418	4403	106153965	856	106154841	3833	3701	2625	2447	4423	876
ENSMUST00000003717	TCATCCTGTCTGAGATGATA	8935316	8905974	29342	8906032	29284	8907207	28109	8907399	27917	8899718	35598	8909101	26215	8936799	30825	30767	29592	29400	37081	27698
ENSMUST00000080067	AACTCTGGTGGAGGAGATGG	24431214	24438694	-7480	24438949	-7735	24439055	-7841	24439145	-7931	24436271	-5057	24439231	-8017	24431234	-7460	-7715	-7821	-7911	-5037	-7997
ENSMUST00000069747	TGTGCTTGAATCTTGAAACC	112469056	112459459	9597	112459579	9477	112462800	6256	112462939	6117	112455300	13756	112464736	4320	112469076	9617	9497	6276	6137	13776	4340
ENSMUST00000080283	CCACCGCCAACTCCTGCTTG	6027270	5985971	41299	5986242	41028	5990135	37135	5990361	36909	5975881	51389	5996877	30393	6027290	41319	41048	37155	36929	51409	30413
ENSMUST00000043111	CGCGCACCCCAGCTCAGGCG	88821751	88944819	-123068	88944948	-123197	89042431	-220680	89042560	-220809	88822048	-297	89094550	-272799	88821771	-123048	-123177	-220660	-220789	-277	-272779
ENSMUST00000043111	CGCGCACCCCAGCTCAGGCG	88821751	88977754	-156003	88977784	-156033	89042431	-220680	89042560	-220809	88944948	-123197	89094550	-272799	88821771	-155983	-156013	-220660	-220789	-123177	-272779
ENSMUST00000043111	CGCGCACCCCAGCTCAGGCG	88821751	88977754	-156003	88977784	-156033	89042431	-220680	89042560	-220809	88944948	-123197	89131673	-309922	88821771	-155983	-156013	-220660	-220789	-123177	-309902
ENSMUST00000043111	CGCGCACCCCAGCTCAGGCG	88821751	88977754	-156003	88977784	-156033	89094550	-272799	89094664	-272913	88944948	-123197	89131673	-309922	88821771	-155983	-156013	-272779	-272893	-123177	-309902
ENSMUST00000043111	CGCGCACCCCAGCTCAGGCG	88821751	89042431	-220680	89042560	-220809	89094550	-272799	89094664	-272913	88944948	-123197	89131673	-309922	88821771	-220660	-220789	-272779	-272893	-123177	-309902
ENSMUST00000043111	CGCGCACCCCAGCTCAGGCG	88821751	89042431	-220680	89042560	-220809	89094550	-272799	89094664	-272913	88977784	-156033	89131673	-309922	88821771	-220660	-220789	-272779	-272893	-156013	-309902
ENSMUST00000102560	ACGCCGCCACTCCCTGGAGA	115938697	115952451	-13754	115952649	-13952	115961143	-22446	115961197	-22500	115948081	-9384	115967887	-29190	115938717	-13734	-13932	-22426	-22480	-9364	-29170
ENSMUST00000098614	TTAGCACTTTGGAAAGAGTC	79193149	79091832	101317	79092066	101083	79118174	74975	79118414	74735	79076538	116611	79120482	72667	79193169	101337	101103	74995	74755	116631	72687
ENSMUST00000100167	GTCAGTGTCATCCGTGCTTT	14465159	14411448	53711	14411626	53533	14413220	51939	14413382	51777	14410933	54226	14419699	45460	14465179	53731	53553	51959	51797	54246	45480
ENSMUST00000100167	GTCAGTGTCATCCGTGCTTT	14465159	14443347	21812	14443474	21685	14445292	19867	14445469	19690	14440059	25100	14448399	16760	14465179	21832	21705	19887	19710	25120	16780
ENSMUST00000100167	GTCAGTGTCATCCGTGCTTT	14465159	14445292	19867	14445469	19690	14448399	16760	14448583	16576	14443474	21685	14457887	7272	14465179	19887	19710	16780	16596	21705	7292
ENSMUST00000100167	GTCAGTGTCATCCGTGCTTT	14465159	14445292	19867	14445469	19690	14448399	16760	14448592	16567	14443474	21685	14457887	7272	14465179	19887	19710	16780	16587	21705	7292
ENSMUST00000117377	TTAGTGGTATTGAAATTAGA	63356268	63113542	242726	63113588	242680	63143898	212370	63144013	212255	62951988	404280	63220639	135629	63356288	242746	242700	212390	212275	404300	135649
ENSMUST00000117377	TTAGTGGTATTGAAATTAGA	63356268	63345664	10604	63345886	10382	63348919	7349	63348982	7286	63328983	27285	63352180	4088	63356288	10624	10402	7369	7306	27305	4108
ENSMUST00000095737	CAAAAGATCAAGCGGAGTGT	53140746	53025720	115026	53025841	114905	53069106	71640	53069253	71493	53010622	130124	53072289	68457	53140766	115046	114925	71660	71513	130144	68477
ENSMUST00000095737	CAAAAGATCAAGCGGAGTGT	53140746	53104514	36232	53104730	36016	53139380	1366	53142768	-2022	53072511	68235	53147810	-7064	53140766	36252	36036	1386	-2002	68255	-7044
ENSMUST00000021130	TGACGGCCATGTCCCCGAAG	116204936	116204844	92	116204979	-43	116205610	-674	116205768	-832	116198983	5953	116214838	-9902	116204956	112	-23	-654	-812	5973	-9882
ENSMUST00000182061	TCTCGGCAGAGTCATTCCCG	52005001	52003653	1348	52003758	1243	52003972	1029	52004116	885	52002462	2539	52004611	390	52005021	1368	1263	1049	905	2559	410
ENSMUST00000108372	TTGATCACATTGTCATGTAG	14181400	14081207	100193	14081240	100160	14107218	74182	14107266	74134	14039789	141611	14115692	65708	14181420	100213	100180	74202	74154	141631	65728
ENSMUST00000033040	TCCTGACATGGGAGAACGAC	97911728	97871574	40154	97871612	40116	97883471	28257	97883588	28140	97866209	45519	97886297	25431	97911748	40174	40136	28277	28160	45539	25451
ENSMUST00000033040	TCCTGACATGGGAGAACGAC	97911728	97871574	40154	97871612	40116	97888956	22772	97889020	22708	97866209	45519	97893964	17764	97911748	40174	40136	22792	22728	45539	17784
ENSMUST00000033040	TCCTGACATGGGAGAACGAC	97911728	97883471	28257	97883588	28140	97893964	17764	97894013	17715	97871612	40116	97898524	13204	97911748	28277	28160	17784	17735	40136	13224
ENSMUST00000033040	TCCTGACATGGGAGAACGAC	97911728	97888956	22772	97889020	22708	97893964	17764	97894013	17715	97886472	25256	97898524	13204	97911748	22792	22728	17784	17735	25276	13224
ENSMUST00000033040	TCCTGACATGGGAGAACGAC	97911728	97893964	17764	97894013	17715	97898524	13204	97898637	13091	97871612	40116	97900339	11389	97911748	17784	17735	13224	13111	40136	11409
ENSMUST00000033040	TCCTGACATGGGAGAACGAC	97911728	97893964	17764	97894013	17715	97898524	13204	97898637	13091	97889020	22708	97900339	11389	97911748	17784	17735	13224	13111	22728	11409
ENSMUST00000033040	TCCTGACATGGGAGAACGAC	97911728	97893964	17764	97894013	17715	97900339	11389	97900457	11271	97889020	22708	97903636	8092	97911748	17784	17735	11409	11291	22728	8112
ENSMUST00000195860	CTGACTCTAAGTCGGAGGTG	40003927	40001429	2498	40001591	2336	40003756	171	40003987	-60	40000749	3178	40004806	-879	40003947	2518	2356	191	-40	3198	-859
ENSMUST00000219478	GGAATGTAACTGGATTCACT	28263695	28580392	-316697	28580547	-316852	28585559	-321864	28585695	-322000	28575706	-312011	28585922	-322227	28263715	-316677	-316832	-321844	-321980	-311991	-322207
ENSMUST00000066905	CAGAAGGAGTACCTGAACAA	103709135	103708707	428	103708912	223	103709122	13	103709245	-110	103708537	598	103711066	-1931	103709155	448	243	33	-90	618	-1911
ENSMUST00000032192	CAAGAGAAGTTTCTCACCTG	108356430	108236977	119453	108237085	119345	108241263	115167	108241334	115096	108214278	142152	108339506	16924	108356450	119473	119365	115187	115116	142172	16944
ENSMUST00000032192	CAAGAGAAGTTTCTCACCTG	108356430	108523287	-166857	108523448	-167018	108541902	-185472	108542064	-185634	108519450	-163020	108549752	-193322	108356450	-166837	-166998	-185452	-185614	-163000	-193302
ENSMUST00000045281	GTCATGGGCCTAAGGGAAGGG	75163625	74946006	217619	74946219	217406	74981851	181774	74981913	181712	74945632	217993	74990069	173556	75163646	217640	217427	181795	181733	218014	173577
ENSMUST00000045281	GTCATGGGCCTAAGGGAAGGG	75163625	74981851	181774	74981913	181712	74990069	173556	74990215	173410	74946219	217406	75038612	125013	75163646	181795	181733	173577	173431	217427	125034
ENSMUST00000045281	GTCATGGGCCTAAGGGAAGGG	75163625	75041867	121758	75042036	121589	75053761	109864	75053963	109662	75038729	124896	75139192	24433	75163646	121779	121610	109885	109683	124917	24454
ENSMUST00000041865	GAGAAGAAGAGAAAGTCGCTT	69156441	69152334	4107	69152418	4023	69158768	-2327	69158831	-2390	69144855	11586	69161069	-4628	69158777	6443	6359	9	-54	13922	-2292
ENSMUST00000150602	TGCCAACCTCATGCACAACTT	155247819	155242730	5089	155242806	5013	155247770	49	155247938	-119	155236617	11202	155249920	-2101	155247840	5110	5034	70	-98	11223	-2080
ENSMUST00000150602	TGCCAACCTCATGCACAACTT	155247819	155242730	5089	155242806	5013	155247770	49	155247938	-119	155236936	10883	155249920	-2101	155247840	5110	5034	70	-98	10904	-2080
ENSMUST00000150602	TGCCAACCTCATGCACAACTT	155247819	155242734	5085	155242806	5013	155247770	49	155247938	-119	155236617	11202	155249920	-2101	155247840	5106	5034	70	-98	11223	-2080
ENSMUST00000150602	TGCCAACCTCATGCACAACTT	155247819	155242730	5089	155242806	5013	155247770	49	155247938	-119	155236617	11202	155249920	-2101	155247840	5110	5034	70	-98	11223	-2080
ENSMUST00000150602	TGCCAACCTCATGCACAACTT	155247819	155242730	5089	155242806	5013	155247770	49	155247938	-119	155236936	10883	155249920	-2101	155247840	5110	5034	70	-98	10904	-2080
ENSMUST00000150602	TGCCAACCTCATGCACAACTT	155247819	155242734	5085	155242806	5013	155247770	49	155247938	-119	155236617	11202	155249920	-2101	155247840	5106	5034	70	-98	11223	-2080
ENSMUST00000184146	GACAGAGCACCAAACCGGATT	73044994	73075392	-30398	73075567	-30573	73082401	-37407	73082487	-37493	73045011	-17	73084930	-39936	73060980	-14412	-14587	-21421	-21507	15969	-23950
ENSMUST00000031817	ATGTGTCTAAGTATGTTGATT	57662094	57647064	15030	57647172	14922	57652031	10063	57652169	9925	57646231	15863	57654388	7706	57662115	15051	14943	10084	9946	15884	7727
ENSMUST00000115839	CATCTCCAGGGTCTCTGACTT	8619418	8602285	17133	8602378	17040	8603469	15949	8603532	15886	8600990	18428	8603688	15730	8619439	17154	17061	15970	15907	18449	15751
ENSMUST00000182964	CAAAGAGGCATGAACATGAGT	21670551	21621954	48597	21622087	48464	21624832	45719	21624888	45663	21619299	51252	21626718	43833	21670572	48618	48485	45740	45684	51273	43854
ENSMUST00000182964	CAAAGAGGCATGAACATGAGT	21670551	21621954	48597	21622087	48464	21624832	45719	21625215	45336	21619299	51252	21626718	43833	21670572	48618	48485	45740	45357	51273	43854
ENSMUST00000182964	CAAAGAGGCATGAACATGAGT	21670551	21662157	8394	21662466	8085	21664456	6095	21664748	5803	21661587	8964	21668330	2221	21670572	8415	8106	6116	5824	8985	2242
ENSMUST00000081769	GCGCACCCCAGCTCAGGCGAA	88821752	88944819	-123067	88944948	-123196	89042431	-220679	89042560	-220808	88822048	-296	89094550	-272798	88821773	-123046	-123175	-220658	-220787	-275	-272777
ENSMUST00000081769	GCGCACCCCAGCTCAGGCGAA	88821752	88977754	-156002	88977784	-156032	89042431	-220679	89042560	-220808	88944948	-123196	89094550	-272798	88821773	-155981	-156011	-220658	-220787	-123175	-272777
ENSMUST00000081769	GCGCACCCCAGCTCAGGCGAA	88821752	88977754	-156002	88977784	-156032	89042431	-220679	89042560	-220808	88944948	-123196	89131673	-309921	88821773	-155981	-156011	-220658	-220787	-123175	-309900
ENSMUST00000081769	GCGCACCCCAGCTCAGGCGAA	88821752	88977754	-156002	88977784	-156032	89094550	-272798	89094664	-272912	88944948	-123196	89131673	-309921	88821773	-155981	-156011	-272777	-272891	-123175	-309900
ENSMUST00000081769	GCGCACCCCAGCTCAGGCGAA	88821752	89042431	-220679	89042560	-220808	89094550	-272798	89094664	-272912	88944948	-123196	89131673	-309921	88821773	-220658	-220787	-272777	-272891	-123175	-309900
ENSMUST00000081769	GCGCACCCCAGCTCAGGCGAA	88821752	89042431	-220679	89042560	-220808	89094550	-272798	89094664	-272912	88977784	-156032	89131673	-309921	88821773	-220658	-220787	-272777	-272891	-156011	-309900
ENSMUST00000048359	CCTGATGACGTCGCCAAGCTG	106850256	106781693	68563	106781834	68422	106807040	43216	106807192	43064	106747351	102905	106818455	31801	106850277	68584	68443	43237	43085	102926	31822
ENSMUST00000029180	CCCGTCTCATCGGGCGGCCCG	158028851	158058651	-29800	158058827	-29976	158070560	-41709	158070656	-41805	158050213	-21362	158074929	-46078	158028872	-29779	-29955	-41688	-41784	-21341	-46057
ENSMUST00000166411	ATCTCTCAGGCTGACTTTATA	69871633	69863223	8410	69863315	8318	69866189	5444	69866293	5340	69861712	9921	69866487	5146	69871654	8431	8339	5465	5361	9942	5167
ENSMUST00000108680	GGAGCGGCTGGAGGTGGAGAG	67682652	67629609	53043	67629690	52962	67643280	39372	67643366	39286	67603228	79424	67652858	29794	67682673	53064	52983	39393	39307	79445	29815
ENSMUST00000108680	GGAGCGGCTGGAGGTGGAGAG	67682652	67629609	53043	67629690	52962	67652858	29794	67652912	29740	67603228	79424	67660018	22634	67682673	53064	52983	29815	29761	79445	22655
ENSMUST00000227662	CATCCGAAAGAGCAAGAAGAA	77579096	77268806	310290	77268877	310219	77312058	267038	77312128	266968	77157042	422054	77380578	198518	77579117	310311	310240	267059	266989	422075	198539
ENSMUST00000227662	CATCCGAAAGAGCAAGAAGAA	77579096	77312058	267038	77312128	266968	77380578	198518	77380688	198408	77268877	310219	77441757	137339	77579117	267059	266989	198539	198429	310240	137360
ENSMUST00000075132	GGCCATTTAAGGATACTGCTA	21537508	21358722	178786	21359017	178491	21480225	57283	21480345	57163	21237911	299597	21492542	44966	21537529	178807	178512	57304	57184	299618	44987
ENSMUST00000075132	GGCCATTTAAGGATACTGCTA	21537508	21480225	57283	21480345	57163	21492542	44966	21492710	44798	21359017	178491	21520264	17244	21537529	57304	57184	44987	44819	178512	17265
ENSMUST00000075132	GGCCATTTAAGGATACTGCTA	21537508	21492542	44966	21492710	44798	21520264	17244	21520452	17056	21480345	57163	21537416	92	21537529	44987	44819	17265	17077	57184	113
ENSMUST00000113712	TCCCTTTGGAATTTTTAAATG	86430896	86419100	11796	86419133	11763	86419693	11203	86419812	11084	86418932	11964	86420323	10573	86430917	11817	11784	11224	11105	11985	10594
ENSMUST00000113712	TCCCTTTGGAATTTTTAAATG	86430896	86426566	4330	86426690	4206	86427672	3224	86427818	3078	86425745	5151	86430240	656	86430917	4351	4227	3245	3099	5172	677
ENSMUST00000052837	AAAAATTCTTTGATGAACTTCG	98315882	98251685	64197	98251837	64045	98286588	29294	98286705	29177	98151334	164548	98305236	10646	98315904	64219	64067	29316	29199	164570	10668
ENSMUST00000060918	CAACAAGCCAGGGGATGCCTTG	140748172	140741064	7108	140741587	6585	140744016	4156	140744184	3988	140724471	23701	140748142	30	140748194	7130	6607	4178	4010	23723	52
ENSMUST00000060918	CAACAAGCCAGGGGATGCCTTG	140748172	140741064	7108	140741587	6585	140744016	4156	140744184	3988	140735638	12534	140748142	30	140748194	7130	6607	4178	4010	12556	52
ENSMUST00000183156	TTTAGGTTCTATGCTGATAAAA	90923553	90577088	346465	90577195	346358	90644457	279096	90644556	278997	90512875	410678	90680766	242787	90923575	346487	346380	279118	279019	410700	242809
ENSMUST00000183156	TTTAGGTTCTATGCTGATAAAA	90923553	90644457	279096	90644556	278997	90680766	242787	90680919	242634	90577195	346358	90895098	28455	90923575	279118	279019	242809	242656	346380	28477
ENSMUST00000183156	TTTAGGTTCTATGCTGATAAAA	90923553	90680766	242787	90680919	242634	90895098	28455	90895206	28347	90644556	278997	90914692	8861	90923575	242809	242656	28477	28369	279019	8883
ENSMUST00000183156	TTTAGGTTCTATGCTGATAAAA	90923553	90680766	242787	90680919	242634	90895098	28455	90895206	28347	90644556	278997	90914695	8858	90923575	242809	242656	28477	28369	279019	8880
ENSMUST00000183156	TTTAGGTTCTATGCTGATAAAA	90923553	90680766	242787	90680919	242634	90895098	28455	90895206	28347	90644556	278997	90921295	2258	90923575	242809	242656	28477	28369	279019	2280
ENSMUST00000183156	TTTAGGTTCTATGCTGATAAAA	90923553	90895098	28455	90895206	28347	90914692	8861	90914767	8786	90680919	242634	90921295	2258	90923575	28477	28369	8883	8808	242656	2280
ENSMUST00000183156	TTTAGGTTCTATGCTGATAAAA	90923553	90895098	28455	90895206	28347	90914695	8858	90914767	8786	90680919	242634	90921295	2258	90923575	28477	28369	8880	8808	242656	2280
ENSMUST00000183156	TTTAGGTTCTATGCTGATAAAA	90923553	90897246	26307	90897426	26127	90914692	8861	90914767	8786	90895206	28347	90921295	2258	90923575	26329	26149	8883	8808	28369	2280
ENSMUST00000183156	TTTAGGTTCTATGCTGATAAAA	90923553	90897246	26307	90897426	26127	90914695	8858	90914767	8786	90895206	28347	90921295	2258	90923575	26329	26149	8880	8808	28369	2280
ENSMUST00000183156	TTTAGGTTCTATGCTGATAAAA	90923553	90897246	26307	90897426	26127	90921295	2258	90921424	2129	90895206	28347	90940563	-17010	90923575	26329	26149	2280	2151	28369	-16988
ENSMUST00000183156	TTTAGGTTCTATGCTGATAAAA	90923553	90897348	26205	90897426	26127	90921295	2258	90921424	2129	90895206	28347	90940563	-17010	90923575	26227	26149	2280	2151	28369	-16988
ENSMUST00000183156	TTTAGGTTCTATGCTGATAAAA	90923553	90923530	23	90923602	-49	90940563	-17010	90940575	-17022	90921424	2129	90941425	-17872	90923575	45	-27	-16988	-17000	2151	-17850
ENSMUST00000108076	GGGGTGGAGGGAGGGTGACAGG	84965952	84964092	1860	84964238	1714	84964347	1605	84964428	1524	84963493	2459	84964534	1418	84965974	1882	1736	1627	1546	2481	1440
ENSMUST00000022458	CCTTTCAGTTCCTCTGTCCATC	31257424	31251899	5525	31251954	5470	31252927	4497	31253060	4364	31251779	5645	31253455	3969	31257446	5547	5492	4519	4386	5667	3991
ENSMUST00000022458	CCTTTCAGTTCCTCTGTCCATC	31257424	31251899	5525	31251954	5470	31253455	3969	31253575	3849	31251779	5645	31254032	3392	31257446	5547	5492	3991	3871	5667	3414
ENSMUST00000022458	CCTTTCAGTTCCTCTGTCCATC	31257424	31251899	5525	31251954	5470	31253455	3969	31253640	3784	31251779	5645	31254032	3392	31257446	5547	5492	3991	3806	5667	3414
ENSMUST00000022458	CCTTTCAGTTCCTCTGTCCATC	31257424	31251899	5525	31251954	5470	31252927	4497	31253060	4364	31251779	5645	31253455	3969	31257446	5547	5492	4519	4386	5667	3991
ENSMUST00000022458	CCTTTCAGTTCCTCTGTCCATC	31257424	31251899	5525	31251954	5470	31253455	3969	31253575	3849	31251779	5645	31254032	3392	31257446	5547	5492	3991	3871	5667	3414
ENSMUST00000022458	CCTTTCAGTTCCTCTGTCCATC	31257424	31251899	5525	31251954	5470	31253455	3969	31253640	3784	31251779	5645	31254032	3392	31257446	5547	5492	3991	3806	5667	3414
ENSMUST00000171265	AAGTTTTGAACTGAAATTTGTA	9899084	9885988	13096	9886142	12942	9888869	10215	9889025	10059	9885753	13331	9891360	7724	9899106	13118	12964	10237	10081	13353	7746
ENSMUST00000171265	AAGTTTTGAACTGAAATTTGTA	9899084	9886046	13038	9886142	12942	9888869	10215	9889025	10059	9885753	13331	9891360	7724	9899106	13060	12964	10237	10081	13353	7746
ENSMUST00000081125	GTAACTGAAGAATTTTGATAAT	181827404	181801814	25590	181801905	25499	181802915	24489	181803029	24375	181801151	26253	181804926	22478	181827426	25612	25521	24511	24397	26275	22500
ENSMUST00000114015	TGAAAATTGAGAGTGTAAAACT	66438278	66251661	186617	66251712	186566	66322403	115875	66322468	115810	66175495	262783	66362202	76076	66438300	186639	186588	115897	115832	262805	76098
ENSMUST00000114015	TGAAAATTGAGAGTGTAAAACT	66438278	66251661	186617	66251712	186566	66362202	76076	66362280	75998	66175495	262783	66380488	57790	66438300	186639	186588	76098	76020	262805	57812
ENSMUST00000114015	TGAAAATTGAGAGTGTAAAACT	66438278	66322403	115875	66322468	115810	66362202	76076	66362280	75998	66251712	186566	66380488	57790	66438300	115897	115832	76098	76020	186588	57812
ENSMUST00000114015	TGAAAATTGAGAGTGTAAAACT	66438278	66322403	115875	66322468	115810	66380488	57790	66380773	57505	66251712	186566	66399388	38890	66438300	115897	115832	57812	57527	186588	38912
ENSMUST00000114015	TGAAAATTGAGAGTGTAAAACT	66438278	66362202	76076	66362280	75998	66380488	57790	66380773	57505	66322468	115810	66399388	38890	66438300	76098	76020	57812	57527	115832	38912
ENSMUST00000114015	TGAAAATTGAGAGTGTAAAACT	66438278	66412406	25872	66416147	22131	66416343	21935	66416550	21728	66401521	36757	66416731	21547	66438300	25894	22153	21957	21750	36779	21569
ENSMUST00000114015	TGAAAATTGAGAGTGTAAAACT	66438278	66416343	21935	66416550	21728	66416731	21547	66416866	21412	66416147	22131	66420134	18144	66438300	21957	21750	21569	21434	22153	18166
ENSMUST00000114015	TGAAAATTGAGAGTGTAAAACT	66438278	66251661	186617	66251712	186566	66322403	115875	66322468	115810	66175495	262783	66362202	76076	66438300	186639	186588	115897	115832	262805	76098
ENSMUST00000114015	TGAAAATTGAGAGTGTAAAACT	66438278	66251661	186617	66251712	186566	66362202	76076	66362280	75998	66175495	262783	66380488	57790	66438300	186639	186588	76098	76020	262805	57812
ENSMUST00000114015	TGAAAATTGAGAGTGTAAAACT	66438278	66322403	115875	66322468	115810	66362202	76076	66362280	75998	66251712	186566	66380488	57790	66438300	115897	115832	76098	76020	186588	57812
ENSMUST00000114015	TGAAAATTGAGAGTGTAAAACT	66438278	66322403	115875	66322468	115810	66380488	57790	66380773	57505	66251712	186566	66399388	38890	66438300	115897	115832	57812	57527	186588	38912
ENSMUST00000114015	TGAAAATTGAGAGTGTAAAACT	66438278	66362202	76076	66362280	75998	66380488	57790	66380773	57505	66322468	115810	66399388	38890	66438300	76098	76020	57812	57527	115832	38912
ENSMUST00000114015	TGAAAATTGAGAGTGTAAAACT	66438278	66412406	25872	66416147	22131	66416343	21935	66416550	21728	66401521	36757	66416731	21547	66438300	25894	22153	21957	21750	36779	21569
ENSMUST00000114015	TGAAAATTGAGAGTGTAAAACT	66438278	66416343	21935	66416550	21728	66416731	21547	66416866	21412	66416147	22131	66420134	18144	66438300	21957	21750	21569	21434	22153	18166
ENSMUST00000112304	AGACAATGATGGGGGCGCTGGC	85005558	85005508	50	85005566	-8	85023031	-17473	85023079	-17521	85005023	535	85023695	-18137	85015423	9915	9857	-7608	-7656	10400	-8272
ENSMUST00000021030	ATAAATACTGGGATGACTTCTA	105128764	105132440	-3676	105132580	-3816	105135337	-6573	105135444	-6680	105131633	-2869	105137718	-8954	105128786	-3654	-3794	-6551	-6658	-2847	-8932
ENSMUST00000021030	ATAAATACTGGGATGACTTCTA	105128764	105135337	-6573	105135444	-6680	105137718	-8954	105137784	-9020	105132580	-3816	105139560	-10796	105128786	-6551	-6658	-8932	-8998	-3794	-10774
ENSMUST00000050709	TGAAGCTGAGTCTTGACCTCCT	35087250	35057091	30159	35057137	30113	35064333	22917	35064564	22686	35056988	30262	35066449	20801	35087272	30181	30135	22939	22708	30284	20823
ENSMUST00000050709	TGAAGCTGAGTCTTGACCTCCT	35087250	35077147	10103	35077267	9983	35079030	8220	35079755	7495	35075422	11828	35083163	4087	35087272	10125	10005	8242	7517	11850	4109
ENSMUST00000191774	CAAAGCAACCTTATGCTCTATT	16214520	16183921	30599	16183946	30574	16189477	25043	16189563	24957	16183520	31000	16203825	10695	16214542	30621	30596	25065	24979	31022	10717
ENSMUST00000191774	CAAAGCAACCTTATGCTCTATT	16214520	16189477	25043	16189563	24957	16203825	10695	16205424	9096	16183946	30574	16213954	566	16214542	25065	24979	10717	9118	30596	588
ENSMUST00000165607	GAATGGGAGGTGAAAAAAGGAA	80142280	80089848	52432	80089906	52374	80092266	50014	80092412	49868	80087523	54757	80093536	48744	80142302	52454	52396	50036	49890	54779	48766
ENSMUST00000165607	GAATGGGAGGTGAAAAAAGGAA	80142280	80098885	43395	80098906	43374	80103693	38587	80103764	38516	80093641	48639	80111310	30970	80142302	43417	43396	38609	38538	48661	30992
ENSMUST00000124226	GAACGGAGGCTGAAGCTGAGAC	134694724	134687147	7577	134687225	7499	134688016	6708	134688106	6618	134686637	8087	134688449	6275	134694746	7599	7521	6730	6640	8109	6297
ENSMUST00000124226	GAACGGAGGCTGAAGCTGAGAC	134694724	134688016	6708	134688106	6618	134688449	6275	134688532	6192	134687225	7499	134688819	5905	134694746	6730	6640	6297	6214	7521	5927
ENSMUST00000035055	GGCGGCGGCGGCGGGCAGTCGC	109931927	109978849	-46922	109979091	-47164	109999771	-67844	109999840	-67913	109931940	-13	110026100	-94173	109978859	10	-232	-20912	-20981	46919	-47241
ENSMUST00000035055	GGCGGCGGCGGCGGGCAGTCGC	109931927	109999771	-67844	109999840	-67913	110026100	-94173	110026223	-94296	109979091	-47164	110027678	-95751	109978859	-20912	-20981	-47241	-47364	-232	-48819
ENSMUST00000035055	GGCGGCGGCGGCGGGCAGTCGC	109931927	110032098	-100171	110032233	-100306	110034372	-102445	110035506	-103579	110027792	-95865	110036741	-104814	109978859	-53239	-53374	-55513	-56647	-48933	-57882
ENSMUST00000035055	GGCGGCGGCGGCGGGCAGTCGC	109931927	110071025	-139098	110071139	-139212	110072612	-140685	110072705	-140778	110068985	-137058	110078002	-146075	109978859	-92166	-92280	-93753	-93846	-90126	-99143
ENSMUST00000035055	GGCGGCGGCGGCGGGCAGTCGC	109931927	110072612	-140685	110072705	-140778	110078002	-146075	110078084	-146157	110068985	-137058	110081420	-149493	109978859	-93753	-93846	-99143	-99225	-90126	-102561
ENSMUST00000035055	GGCGGCGGCGGCGGGCAGTCGC	109931927	110079780	-147853	110079893	-147966	110081420	-149493	110081610	-149683	110078084	-146157	110081734	-149807	109978859	-100921	-101034	-102561	-102751	-99225	-102875
ENSMUST00000107720	CCTGAAATATTGCCAAACACAC	48183195	48140419	42776	48140485	42710	48158810	24385	48159033	24162	48131949	51246	48166927	16268	48183217	42798	42732	24407	24184	51268	16290
ENSMUST00000024880	GCAGGGAGATCCAAACTGCAAA	78601901	78534614	67287	78534684	67217	78546378	55523	78546444	55457	78508325	93576	78566014	35887	78605438	70824	70754	59060	58994	97113	39424
ENSMUST00000024880	GCAGGGAGATCCAAACTGCAAA	78601901	78574084	27817	78574218	27683	78579353	22548	78579431	22470	78566171	35730	78586657	15244	78605438	31354	31220	26085	26007	39267	18781
ENSMUST00000224503	GAAACGTGATGTATAGGGGCTG	64808965	64708491	100474	64708504	100461	64714073	94892	64714134	94831	64669717	139248	64715387	93578	64808987	100496	100483	94914	94853	139270	93600
ENSMUST00000061656	TGGAAATTCTGGGATACAGTCT	6768086	6745448	22638	6745580	22506	6750657	17429	6750721	17365	6744392	23694	6756460	11626	6768108	22660	22528	17451	17387	23716	11648
ENSMUST00000098519	CTGACTGGGACTGGAGACACGG	88745288	88719288	26000	88719396	25892	88723098	22190	88723212	22076	88709996	35292	88729458	15830	88745310	26022	25914	22212	22098	35314	15852
ENSMUST00000098519	CTGACTGGGACTGGAGACACGG	88745288	88719297	25991	88719396	25892	88723098	22190	88723212	22076	88709996	35292	88729458	15830	88745310	26013	25914	22212	22098	35314	15852
ENSMUST00000107178	TAACCATCCTCTCGACTACACA	86427301	86243716	183585	86243767	183534	86247970	179331	86248175	179126	86232691	194610	86249762	177539	86427323	183607	183556	179353	179148	194632	177561
ENSMUST00000080461	CTACTGGAGGCAGCAGTGGCGA	82799506	82789546	9960	82789713	9793	82789816	9690	82789894	9612	82788915	10591	82790472	9034	82799528	9982	9815	9712	9634	10613	9056
ENSMUST00000107777	TGACCCTGACCTTGTGAAGGCG	46013094	46018529	-5435	46018616	-5522	46020804	-7710	46020939	-7845	46017003	-3909	46023394	-10300	46013116	-5413	-5500	-7688	-7823	-3887	-10278
ENSMUST00000114399	GAGAACCAAGAAGGTGATCCTG	33855557	33843111	12446	33843737	11820	33854609	948	33854776	781	33821728	33829	33855253	304	33855579	12468	11842	970	803	33851	326
ENSMUST00000114399	GAGAACCAAGAAGGTGATCCTG	33855557	33864659	-9102	33864778	-9221	33867573	-12016	33867658	-12101	33861178	-5621	33868753	-13196	33855579	-9080	-9199	-11994	-12079	-5599	-13174
ENSMUST00000111288	AGGGGGGGGGGGCGGATGACTTG	130843841	130506063	337778	130506188	337653	130617842	225999	130617986	225855	130449458	394383	130669526	174315	130843864	337801	337676	226022	225878	394406	174338
ENSMUST00000111288	AGGGGGGGGGGGCGGATGACTTG	130843841	130617842	225999	130617986	225855	130669526	174315	130669639	174202	130506188	337653	130822872	20969	130843864	226022	225878	174338	174225	337676	20992
ENSMUST00000111288	AGGGGGGGGGGGCGGATGACTTG	130843841	130669526	174315	130669639	174202	130822872	20969	130823029	20812	130617986	225855	130839282	4559	130843864	174338	174225	20992	20835	225878	4582
ENSMUST00000095909	AAATCCGCGACCTTCACCCTTCA	91831089	91850805	-19716	91850965	-19876	91853694	-22605	91853900	-22811	91848969	-17880	91854572	-23483	91831112	-19693	-19853	-22582	-22788	-17857	-23460
ENSMUST00000095909	AAATCCGCGACCTTCACCCTTCA	91831089	91858208	-27119	91858375	-27286	91863256	-32167	91863378	-32289	91854655	-23566	91868019	-36930	91831112	-27096	-27263	-32144	-32266	-23543	-36907
ENSMUST00000179074	AGACTCTAACTTATTGTGATGGG	74423529	74401911	21618	74401998	21531	74404003	19526	74404088	19441	74395668	27861	74405684	17845	74423552	21641	21554	19549	19464	27884	17868
ENSMUST00000071442	GAGCCCGGGCTCCCCTCTACTCA	25407882	25407462	420	25407542	340	25407595	287	25407736	146	25406361	1521	25407840	42	25407905	443	363	310	169	1544	65
ENSMUST00000035606	CCAAAGCTGAAGAATTTGATCAA	50713252	50607919	105333	50608070	105182	50617711	95541	50618271	94981	50604882	108370	50637907	75345	50714279	106360	106209	96568	96008	109397	76372
ENSMUST00000199856	AGAGTCCCCTGAAGGGGGTCGAT	24476709	24492957	-16248	24493126	-16417	24496732	-20023	24496903	-20194	24487893	-11184	24498069	-21360	24476916	-16041	-16210	-19816	-19987	-10977	-21153
ENSMUST00000199856	AGAGTCCCCTGAAGGGGGTCGAT	24476709	24496732	-20023	24496903	-20194	24498069	-21360	24498207	-21498	24493126	-16417	24499657	-22948	24476916	-19816	-19987	-21153	-21291	-16210	-22741
ENSMUST00000199856	AGAGTCCCCTGAAGGGGGTCGAT	24476709	24492957	-16248	24493126	-16417	24496732	-20023	24496903	-20194	24487893	-11184	24498069	-21360	24476916	-16041	-16210	-19816	-19987	-10977	-21153
ENSMUST00000199856	AGAGTCCCCTGAAGGGGGTCGAT	24476709	24496732	-20023	24496903	-20194	24498069	-21360	24498207	-21498	24493126	-16417	24499657	-22948	24476916	-19816	-19987	-21153	-21291	-16210	-22741
ENSMUST00000171474	TGAAGGTCGCAAGTTCAAATCCC	32299841	32282310	17531	32282387	17454	32285369	14472	32285549	14292	32278415	21426	32289118	10723	32299864	17554	17477	14495	14315	21449	10746
ENSMUST00000171474	TGAAGGTCGCAAGTTCAAATCCC	32299841	32285369	14472	32285549	14292	32289118	10723	32289240	10601	32282387	17454	32291902	7939	32299864	14495	14315	10746	10624	17477	7962
ENSMUST00000171474	TGAAGGTCGCAAGTTCAAATCCC	32299841	32289118	10723	32289240	10601	32291902	7939	32291981	7860	32285549	14292	32298387	1454	32299864	10746	10624	7962	7883	14315	1477
ENSMUST00000109514	CCAAGCGCATCAAGCTGGAGAAG	24164559	24085320	79239	24085650	78909	24158252	6307	24158354	6205	24078445	86114	24163145	1414	24164582	79262	78932	6330	6228	86137	1437
ENSMUST00000109514	CCAAGCGCATCAAGCTGGAGAAG	24164559	24158252	6307	24158354	6205	24163145	1414	24164888	-329	24085650	78909	24172698	-8139	24164582	6330	6228	1437	-306	78932	-8116
ENSMUST00000109514	CCAAGCGCATCAAGCTGGAGAAG	24164559	24158252	6307	24158354	6205	24163145	1414	24163288	1271	24085650	78909	24172698	-8139	24164582	6330	6228	1437	1294	78932	-8116
ENSMUST00000070801	TGGGATTACAGGCACATGCCACC	144324794	144319898	4896	144320002	4792	144320002	4792	144320061	4733	144318121	6673	144322011	2783	144324817	4919	4815	4815	4756	6696	2806
ENSMUST00000070801	TGGGATTACAGGCACATGCCACC	144324794	144363864	-39070	144364107	-39313	144367898	-43104	144367939	-43145	144356961	-32167	144369560	-44766	144324817	-39047	-39290	-43081	-43122	-32144	-44743
ENSMUST00000067458	ATCTTAAGATTAAAACTTCAAAG	32695512	32347219	348293	32347316	348196	32417311	278201	32417509	278003	32245299	450213	32460218	235294	32695535	348316	348219	278224	278026	450236	235317
ENSMUST00000067458	ATCTTAAGATTAAAACTTCAAAG	32695512	32417311	278201	32417509	278003	32460218	235294	32460318	235194	32347316	348196	32474377	221135	32695535	278224	278026	235317	235217	348219	221158
ENSMUST00000067458	ATCTTAAGATTAAAACTTCAAAG	32695512	32460218	235294	32460318	235194	32474377	221135	32474423	221089	32417509	278003	32538664	156848	32695535	235317	235217	221158	221112	278026	156871
ENSMUST00000067458	ATCTTAAGATTAAAACTTCAAAG	32695512	32474377	221135	32474423	221089	32538664	156848	32538727	156785	32460318	235194	32548714	146798	32695535	221158	221112	156871	156808	235217	146821
ENSMUST00000047247	GACTGTCACCCAGAAGAAGGAAG	36569427	36595208	-25781	36595254	-25827	36597076	-27649	36597186	-27759	36587430	-18003	36598886	-29459	36569450	-25758	-25804	-27626	-27736	-17980	-29436
ENSMUST00000029875	AGATGCCCTGAATACATTAGTAG	14915067	14886533	28534	14886682	28385	14892392	22675	14892499	22568	14864437	50630	14893500	21567	14915090	28557	28408	22698	22591	50653	21590
ENSMUST00000089185	GGTTTCCACACGTACCTGATCAG	5725287	5647902	77385	5648063	77224	5685654	39633	5685813	39474	5493691	231596	5712387	12900	5725310	77408	77247	39656	39497	231619	12923
ENSMUST00000089185	GGTTTCCACACGTACCTGATCAG	5725287	5685654	39633	5685813	39474	5712387	12900	5712525	12762	5648063	77224	5714968	10319	5725310	39656	39497	12923	12785	77247	10342
ENSMUST00000089185	GGTTTCCACACGTACCTGATCAG	5725287	5685654	39633	5685813	39474	5726824	-1537	5726934	-1647	5648063	77224	5731471	-6184	5725310	39656	39497	-1514	-1624	77247	-6161
ENSMUST00000089185	GGTTTCCACACGTACCTGATCAG	5725287	5685654	39633	5685813	39474	5731471	-6184	5731574	-6287	5648063	77224	5752691	-27404	5725310	39656	39497	-6161	-6264	77247	-27381
ENSMUST00000029707	CAGCAAGAAGCGAGGGACGTGTG	88055466	88043466	12000	88043601	11865	88051161	4305	88051289	4177	88043179	12287	88051672	3794	88055489	12023	11888	4328	4200	12310	3817
ENSMUST00000100330	GTGTTAAATGGTAATCTTTGAAA	105925042	105673419	251623	105673491	251551	105713381	211661	105713564	211478	105625124	299918	105776805	148237	105925065	251646	251574	211684	211501	299941	148260
ENSMUST00000100330	GTGTTAAATGGTAATCTTTGAAA	105925042	105673419	251623	105673491	251551	105713381	211661	105713453	211589	105625124	299918	105776805	148237	105925065	251646	251574	211684	211612	299941	148260
ENSMUST00000173727	CACTACTGGAGGCAGCAGTGGCG	82799504	82789546	9958	82789713	9791	82789816	9688	82789894	9610	82788915	10589	82790472	9032	82799527	9981	9814	9711	9633	10612	9055
ENSMUST00000122120	ACCTGGGAAAGTGGCTGGGACAA	96523428	96115633	407795	96115754	407674	96523334	94	96523475	-47	96113586	409842	96649061	-125633	96523451	407818	407697	117	-24	409865	-125610
ENSMUST00000122120	ACCTGGGAAAGTGGCTGGGACAA	96523428	96523334	94	96523475	-47	96649061	-125633	96649186	-125758	96115754	407674	96654766	-131338	96523451	117	-24	-125610	-125735	407697	-131315
ENSMUST00000087228	TACTTCCAGGGTCTTCAACTATG	69571811	69560431	11380	69560515	11296	69561134	10677	69561199	10612	69559627	12184	69561653	10158	69571834	11403	11319	10700	10635	12207	10181
ENSMUST00000087228	TACTTCCAGGGTCTTCAACTATG	69571811	69564523	7288	69564647	7164	69565429	6382	69565562	6249	69561857	9954	69566360	5451	69571834	7311	7187	6405	6272	9977	5474
ENSMUST00000087228	TACTTCCAGGGTCTTCAACTATG	69571811	69565429	6382	69565562	6249	69566360	5451	69566504	5307	69564647	7164	69567127	4684	69571834	6405	6272	5474	5330	7187	4707
ENSMUST00000087228	TACTTCCAGGGTCTTCAACTATG	69571811	69566360	5451	69566504	5307	69567127	4684	69567261	4550	69565562	6249	69568395	3416	69571834	5474	5330	4707	4573	6272	3439
ENSMUST00000027512	TGGGGAGTTAGCTCAGTTGGTGA	87765439	87774812	-9373	87774869	-9430	87775080	-9641	87775128	-9689	87774231	-8792	87775756	-10317	87766128	-8684	-8741	-8952	-9000	-8103	-9628
ENSMUST00000017799	CTGAACCCTGGAACTGCTTTGGA	165070918	165066502	4416	165066564	4354	165069628	1290	165069715	1203	165063561	7357	165069816	1102	165070941	4439	4377	1313	1226	7380	1125
ENSMUST00000061318	TCAACTGGGAATTTCTTTCCAACG	11071695	11317202	-245507	11317355	-245660	11327678	-255983	11327858	-256163	11311645	-239950	11331717	-260022	11071719	-245483	-245636	-255959	-256139	-239926	-259998
ENSMUST00000112480	GGATTCCTATTGTCCGATCTTTTG	62234503	62158205	76298	62158287	76216	62190739	43764	62190886	43617	62046692	187811	62211354	23149	62234527	76322	76240	43788	43641	187835	23173
ENSMUST00000112480	GGATTCCTATTGTCCGATCTTTTG	62234503	62190739	43764	62190886	43617	62211354	23149	62211493	23010	62158287	76216	62228566	5937	62234527	43788	43641	23173	23034	76240	5961
ENSMUST00000174817	ACGAGAGGACGGAGAAAAGTTCAG	3907859	3835026	72833	3835260	72599	3849634	58225	3849739	58120	3806602	101257	3865984	41875	3907883	72857	72623	58249	58144	101281	41899
ENSMUST00000174817	ACGAGAGGACGGAGAAAAGTTCAG	3907859	3902665	5194	3902814	5045	3904139	3720	3904225	3634	3902471	5388	3905592	2267	3907883	5218	5069	3744	3658	5412	2291
ENSMUST00000042561	GTGGATGTAGCTCAGTTGGTAGCA	75574975	75543157	31818	75543365	31610	75544681	30294	75544737	30238	75532788	42187	75545753	29222	75574999	31842	31634	30318	30262	42211	29246
ENSMUST00000028683	GTACATTTGGAACAGTGACAATAA	121437955	121429453	8502	121429583	8372	121431651	6304	121431768	6187	121426702	11253	121432273	5682	121437979	8526	8396	6328	6211	11277	5706
ENSMUST00000102478	CCTTATGCTCTGAGTACATAGCAA	78326722	78325048	1674	78325209	1513	78325328	1394	78325412	1310	78324963	1759	78325641	1081	78326746	1698	1537	1418	1334	1783	1105
ENSMUST00000070257	ATTCCGGAATTGGAGTCTGCAATT	4664262	4658214	6048	4658325	5937	4664228	34	4664303	-41	4656336	7926	4668314	-4052	4664286	6072	5961	58	-17	7950	-4028
ENSMUST00000028162	TCACAGAGGGCAGAGTCATTTTGT	32402375	32400877	1498	32401078	1297	32401486	889	32401604	771	32400552	1823	32402175	200	32402399	1522	1321	913	795	1847	224
ENSMUST00000163979	CCATTACACCTCCTTCCACCCCTT	110082087	109978849	103238	109979091	102996	109999771	82316	109999840	82247	109931940	150147	110026100	55987	110082111	103262	103020	82340	82271	150171	56011
ENSMUST00000163979	CCATTACACCTCCTTCCACCCCTT	110082087	109999771	82316	109999840	82247	110026100	55987	110026223	55864	109979091	102996	110027678	54409	110082111	82340	82271	56011	55888	103020	54433
ENSMUST00000163979	CCATTACACCTCCTTCCACCCCTT	110082087	110032098	49989	110032233	49854	110034372	47715	110035506	46581	110027792	54295	110036741	45346	110082111	50013	49878	47739	46605	54319	45370
ENSMUST00000163979	CCATTACACCTCCTTCCACCCCTT	110082087	110071025	11062	110071139	10948	110072612	9475	110072705	9382	110068985	13102	110078002	4085	110082111	11086	10972	9499	9406	13126	4109
ENSMUST00000163979	CCATTACACCTCCTTCCACCCCTT	110082087	110072612	9475	110072705	9382	110078002	4085	110078084	4003	110068985	13102	110081420	667	110082111	9499	9406	4109	4027	13126	691
ENSMUST00000163979	CCATTACACCTCCTTCCACCCCTT	110082087	110079780	2307	110079893	2194	110081420	667	110081610	477	110078084	4003	110081734	353	110082111	2331	2218	691	501	4027	377
ENSMUST00000163979	CCATTACACCTCCTTCCACCCCTT	110082087	109978849	103238	109979091	102996	109999771	82316	109999840	82247	109931940	150147	110026100	55987	110082111	103262	103020	82340	82271	150171	56011
ENSMUST00000163979	CCATTACACCTCCTTCCACCCCTT	110082087	109999771	82316	109999840	82247	110026100	55987	110026223	55864	109979091	102996	110027678	54409	110082111	82340	82271	56011	55888	103020	54433
ENSMUST00000163979	CCATTACACCTCCTTCCACCCCTT	110082087	110032098	49989	110032233	49854	110034372	47715	110035506	46581	110027792	54295	110036741	45346	110082111	50013	49878	47739	46605	54319	45370
ENSMUST00000163979	CCATTACACCTCCTTCCACCCCTT	110082087	110071025	11062	110071139	10948	110072612	9475	110072705	9382	110068985	13102	110078002	4085	110082111	11086	10972	9499	9406	13126	4109
ENSMUST00000163979	CCATTACACCTCCTTCCACCCCTT	110082087	110072612	9475	110072705	9382	110078002	4085	110078084	4003	110068985	13102	110081420	667	110082111	9499	9406	4109	4027	13126	691
ENSMUST00000163979	CCATTACACCTCCTTCCACCCCTT	110082087	110079780	2307	110079893	2194	110081420	667	110081610	477	110078084	4003	110081734	353	110082111	2331	2218	691	501	4027	377
ENSMUST00000066427	CGAAACCCAAGGCAAACAAGGAGA	85701433	85681085	20348	85681139	20294	85691974	9459	85692049	9384	85679109	22324	85694258	7175	85707241	26156	26102	15267	15192	28132	12983
ENSMUST00000066427	CGAAACCCAAGGCAAACAAGGAGA	85701433	85707226	-5793	85707298	-5865	85707981	-6548	85708125	-6692	85706954	-5521	85708992	-7559	85707241	15	-57	-740	-884	287	-1751
ENSMUST00000115675	CTTAGAGAGCTCAAAGCAAGCTGA	7800536	7792275	8261	7792337	8199	7794991	5545	7795099	5437	7792136	8400	7799289	1247	7800560	8285	8223	5569	5461	8424	1271
ENSMUST00000115675	CTTAGAGAGCTCAAAGCAAGCTGA	7800536	7794259	6277	7794286	6250	7794991	5545	7795099	5437	7792337	8199	7799289	1247	7800560	6301	6274	5569	5461	8223	1271
ENSMUST00000110186	GGCCCCGAGTGCAACAGCCTGCAG	131520938	131516216	4722	131516443	4495	131520094	844	131520268	670	131512217	8721	131524742	-3804	131520962	4746	4519	868	694	8745	-3780
ENSMUST00000110186	GGCCCCGAGTGCAACAGCCTGCAG	131520938	131520411	527	131520646	292	131520921	17	131521171	-233	131520268	670	131522058	-1120	131520962	551	316	41	-209	694	-1096
ENSMUST00000110186	GGCCCCGAGTGCAACAGCCTGCAG	131520938	131520411	527	131520646	292	131521054	-116	131521171	-233	131520268	670	131522058	-1120	131520962	551	316	-92	-209	694	-1096
ENSMUST00000110186	GGCCCCGAGTGCAACAGCCTGCAG	131520938	131520411	527	131521171	-233	131522058	-1120	131522219	-1281	131520268	670	131524742	-3804	131520962	551	-209	-1096	-1257	694	-3780
ENSMUST00000110186	GGCCCCGAGTGCAACAGCCTGCAG	131520938	131520411	527	131521171	-233	131522147	-1209	131522219	-1281	131520268	670	131524742	-3804	131520962	551	-209	-1185	-1257	694	-3780
ENSMUST00000110186	GGCCCCGAGTGCAACAGCCTGCAG	131520938	131520411	527	131521171	-233	131524243	-3305	131524333	-3395	131520268	670	131524742	-3804	131520962	551	-209	-3281	-3371	694	-3780
ENSMUST00000110186	GGCCCCGAGTGCAACAGCCTGCAG	131520938	131522058	-1120	131522219	-1281	131524243	-3305	131524333	-3395	131520268	670	131524742	-3804	131520962	-1096	-1257	-3281	-3371	694	-3780
ENSMUST00000110186	GGCCCCGAGTGCAACAGCCTGCAG	131520938	131522147	-1209	131522219	-1281	131524243	-3305	131524333	-3395	131520268	670	131524742	-3804	131520962	-1185	-1257	-3281	-3371	694	-3780
ENSMUST00000097288	CCAGTTCGAATCCGTGTGCGAGTC	70662595	70308046	354549	70308170	354425	70424795	237800	70424888	237707	70078423	584172	70515953	146642	70662619	354573	354449	237824	237731	584196	146666
ENSMUST00000097288	CCAGTTCGAATCCGTGTGCGAGTC	70662595	70424795	237800	70424888	237707	70515953	146642	70516996	145599	70308170	354425	70593166	69429	70662619	237824	237731	146666	145623	354449	69453
ENSMUST00000042125	ACTGACTGAGTGAACTGTGCATTC	74698548	74687203	11345	74687395	11153	74687477	11071	74687560	10988	74686393	12155	74687722	10826	74698572	11369	11177	11095	11012	12179	10850
ENSMUST00000062519	TTGTATTTTGGGGAAACTCTAAAAC	26772014	26739542	32472	26739668	32346	26742041	29973	26743131	28883	26736983	35031	26757804	14210	26772039	32497	32371	29998	28908	35056	14235
ENSMUST00000062519	TTGTATTTTGGGGAAACTCTAAAAC	26772014	26762237	9777	26762311	9703	26763325	8689	26763448	8566	26759949	12065	26771291	723	26772039	9802	9728	8714	8591	12090	748
ENSMUST00000168527	TATTCTGAGTGTGTCCCCTGCAGGC	139171653	139101967	69686	139102093	69560	139133670	37983	139133761	37892	139081273	90380	139139380	32273	139171678	69711	69585	38008	37917	90405	32298
ENSMUST00000034703	CCTCACTATCGGCGACGCGAACGGC	21547121	21586444	-39323	21586534	-39413	21586900	-39779	21587038	-39917	21586252	-39131	21587124	-40003	21547146	-39298	-39388	-39754	-39892	-39106	-39978
ENSMUST00000034703	CCTCACTATCGGCGACGCGAACGGC	21547121	21586900	-39779	21587038	-39917	21587124	-40003	21587214	-40093	21586534	-39413	21587290	-40169	21547146	-39754	-39892	-39978	-40068	-39388	-40144
ENSMUST00000004222	AGAAAGAATCTTTTGAAGAAACAAG	18927444	18925647	1797	18925863	1581	18927437	7	18927523	-79	18922959	4485	18932867	-5423	18927469	1822	1606	32	-54	4510	-5398
ENSMUST00000169547	GTGTGGATGTAGCTCAGTTGGTAGC	75574973	75543157	31816	75543365	31608	75544681	30292	75544737	30236	75532788	42185	75545753	29220	75574998	31841	31633	30317	30261	42210	29245
ENSMUST00000019931	CCGCACCCAGGATTCCATCGCGGCG	7590324	7596103	-5779	7596264	-5940	7602828	-12504	7602954	-12630	7590613	-289	7604173	-13849	7590349	-5754	-5915	-12479	-12605	-264	-13824
ENSMUST00000019931	CCGCACCCAGGATTCCATCGCGGCG	7590324	7598691	-8367	7598848	-8524	7604173	-13849	7604383	-14059	7596264	-5940	7608543	-18219	7590349	-8342	-8499	-13824	-14034	-5915	-18194
ENSMUST00000019931	CCGCACCCAGGATTCCATCGCGGCG	7590324	7598706	-8382	7598848	-8524	7604173	-13849	7604383	-14059	7596264	-5940	7608543	-18219	7590349	-8357	-8499	-13824	-14034	-5915	-18194
ENSMUST00000019931	CCGCACCCAGGATTCCATCGCGGCG	7590324	7598706	-8382	7598848	-8524	7608543	-18219	7608639	-18315	7596264	-5940	7623629	-33305	7590349	-8357	-8499	-18194	-18290	-5915	-33280
ENSMUST00000019931	CCGCACCCAGGATTCCATCGCGGCG	7590324	7598706	-8382	7598848	-8524	7608547	-18223	7608639	-18315	7596264	-5940	7623629	-33305	7590349	-8357	-8499	-18198	-18290	-5915	-33280
ENSMUST00000019931	CCGCACCCAGGATTCCATCGCGGCG	7590324	7602828	-12504	7602954	-12630	7604173	-13849	7604383	-14059	7598848	-8524	7608543	-18219	7590349	-12479	-12605	-13824	-14034	-8499	-18194
ENSMUST00000019931	CCGCACCCAGGATTCCATCGCGGCG	7590324	7604173	-13849	7604383	-14059	7608543	-18219	7608639	-18315	7598848	-8524	7623629	-33305	7590349	-13824	-14034	-18194	-18290	-8499	-33280
ENSMUST00000019931	CCGCACCCAGGATTCCATCGCGGCG	7590324	7604173	-13849	7604383	-14059	7608543	-18219	7608639	-18315	7602954	-12630	7623629	-33305	7590349	-13824	-14034	-18194	-18290	-12605	-33280
ENSMUST00000233283	AACGGCCAGTTCGAATCCGTGTGCG	70662590	70308046	354544	70308170	354420	70424795	237795	70424888	237702	70078423	584167	70515953	146637	70662615	354569	354445	237820	237727	584192	146662
ENSMUST00000233283	AACGGCCAGTTCGAATCCGTGTGCG	70662590	70424795	237795	70424888	237702	70515953	146637	70516996	145594	70308170	354420	70593166	69424	70662615	237820	237727	146662	145619	354445	69449
ENSMUST00000097543	GAGGGGCTGGAGTCGCTGTGCTTGA	151361621	151349375	12246	151349603	12018	151350980	10641	151351109	10512	151344755	16866	151351553	10068	151363123	13748	13520	12143	12014	18368	11570
ENSMUST00000097543	GAGGGGCTGGAGTCGCTGTGCTTGA	151361621	151350980	10641	151351109	10512	151351553	10068	151351723	9898	151349603	12018	151351829	9792	151363123	12143	12014	11570	11400	13520	11294
ENSMUST00000097543	GAGGGGCTGGAGTCGCTGTGCTTGA	151361621	151350980	10641	151351109	10512	151351829	9792	151351905	9716	151349603	12018	151353919	7702	151363123	12143	12014	11294	11218	13520	9204
ENSMUST00000029382	TCCTCATCTGGACGGGAAACATGTGG	79597771	79599051	-1280	79599158	-1387	79600257	-2486	79600399	-2628	79598914	-1143	79602271	-4500	79597797	-1254	-1361	-2460	-2602	-1117	-4474
ENSMUST00000096753	GTTTTTATTATGAAAAGAAATGTTAT	8833788	8825270	8518	8825393	8395	8825971	7817	8826100	7688	8825123	8665	8826643	7145	8833814	8544	8421	7843	7714	8691	7171
ENSMUST00000089185	TTTCCACACGTACCTGATCAGCTCCA	5725289	5647902	77387	5648063	77226	5685654	39635	5685813	39476	5493691	231598	5712387	12902	5725315	77413	77252	39661	39502	231624	12928
ENSMUST00000089185	TTTCCACACGTACCTGATCAGCTCCA	5725289	5685654	39635	5685813	39476	5712387	12902	5712525	12764	5648063	77226	5714968	10321	5725315	39661	39502	12928	12790	77252	10347
ENSMUST00000089185	TTTCCACACGTACCTGATCAGCTCCA	5725289	5685654	39635	5685813	39476	5726824	-1535	5726934	-1645	5648063	77226	5731471	-6182	5725315	39661	39502	-1509	-1619	77252	-6156
ENSMUST00000089185	TTTCCACACGTACCTGATCAGCTCCA	5725289	5685654	39635	5685813	39476	5731471	-6182	5731574	-6285	5648063	77226	5752691	-27402	5725315	39661	39502	-6156	-6259	77252	-27376
ENSMUST00000030691	AGGGCCATATGGTTACAGAGGGATTGG	14679857	14668964	10893	14669675	10182	14674954	4903	14682387	-2530	14540801	139056	14712416	-32559	14679884	10920	10209	4930	-2503	139083	-32532
ENSMUST00000025932	TACAATAGGAAACCTGTCCAGTTTAAA	54003141	53987453	15688	53988383	14758	54003008	133	54003146	-5	53945013	58128	54017548	-14407	54017571	30118	29188	14563	14425	72558	23
ENSMUST00000025932	TACAATAGGAAACCTGTCCAGTTTAAA	54003141	54003008	133	54003146	-5	54017548	-14407	54017679	-14538	53988383	14758	54026349	-23208	54017571	14563	14425	23	-108	29188	-8778
ENSMUST00000038361	TTGGGGTTGGATTTTGAAGGCTGGGTG	127485889	127390743	95146	127390878	95011	127397506	88383	127397640	88249	127387512	98377	127412126	73763	127485916	95173	95038	88410	88276	98404	73790
ENSMUST00000075695	GAATTGGATATGGACAAAGACCTCAGT	94068995	94036599	32396	94036670	32325	94043571	25424	94043666	25329	94013743	55252	94048407	20588	94069022	32423	32352	25451	25356	55279	20615
ENSMUST00000075695	GAATTGGATATGGACAAAGACCTCAGT	94068995	94079198	-10203	94079210	-10215	94080739	-11744	94080754	-11759	94071686	-2691	94081339	-12344	94069022	-10176	-10188	-11717	-11732	-2664	-12317
ENSMUST00000075695	GAATTGGATATGGACAAAGACCTCAGT	94068995	94106633	-37638	94106782	-37787	94108454	-39459	94108626	-39631	94102158	-33163	94112032	-43037	94069022	-37611	-37760	-39432	-39604	-33136	-43010
ENSMUST00000239014	TAGGATTACAGGCCTGAGCCACCGTGCC	44791701	44789566	2135	44789627	2074	44789890	1811	44789976	1725	44786904	4797	44790484	1217	44791729	2163	2102	1839	1753	4825	1245
ENSMUST00000199100	TACCAGACACTTTCAAGGTTCTCCAAAT	47300236	47095509	204727	47095749	204487	47107856	192380	47107990	192246	47049428	250808	47192985	107251	47300264	204755	204515	192408	192274	250836	107279
ENSMUST00000199100	TACCAGACACTTTCAAGGTTCTCCAAAT	47300236	47107856	192380	47107990	192246	47192985	107251	47193079	107157	47095749	204487	47271139	29097	47300264	192408	192274	107279	107185	204515	29125
ENSMUST00000199100	TACCAGACACTTTCAAGGTTCTCCAAAT	47300236	47192985	107251	47193079	107157	47271139	29097	47271379	28857	47107990	192246	47296718	3518	47300264	107279	107185	29125	28885	192274	3546
ENSMUST00000199100	TACCAGACACTTTCAAGGTTCTCCAAAT	47300236	47271139	29097	47271379	28857	47296718	3518	47296799	3437	47193079	107157	47298414	1822	47300264	29125	28885	3546	3465	107185	1850
ENSMUST00000089027	GGCTTCTACGCAGCCTACATGTTTGTCC	153208714	153178885	29829	153179002	29712	153182387	26327	153182487	26227	153161571	47143	153187262	21452	153208742	29857	29740	26355	26255	47171	21480
ENSMUST00000089027	GGCTTCTACGCAGCCTACATGTTTGTCC	153208714	153178888	29826	153179002	29712	153182387	26327	153182487	26227	153161571	47143	153187262	21452	153208742	29854	29740	26355	26255	47171	21480
ENSMUST00000089027	GGCTTCTACGCAGCCTACATGTTTGTCC	153208714	153198349	10365	153198433	10281	153203781	4933	153203901	4813	153195565	13149	153204534	4180	153208742	10393	10309	4961	4841	13177	4208
ENSMUST00000089027	GGCTTCTACGCAGCCTACATGTTTGTCC	153208714	153200642	8072	153200818	7896	153204534	4180	153204624	4090	153198433	10281	153208606	108	153208742	8100	7924	4208	4118	10309	136
ENSMUST00000114840	ACTCTGTATTTATTCCAGGGCTGCTTCT	44047688	44045956	1732	44046018	1670	44046613	1075	44046952	736	44043476	4212	44047338	350	44047716	1760	1698	1103	764	4240	378
ENSMUST00000190997	AGAGGTTTCGATTCCCTTCACCCATCTT	132489677	132484745	4932	132484801	4876	132484801	4876	132484918	4759	132484077	5600	132489587	90	132489705	4960	4904	4904	4787	5628	118
ENSMUST00000190997	AGAGGTTTCGATTCCCTTCACCCATCTT	132489677	132484745	4932	132484801	4876	132484801	4876	132484918	4759	132484077	5600	132492552	-2875	132489705	4960	4904	4904	4787	5628	-2847
ENSMUST00000001202	TCATGATTATCTTTAATACCCTAGGCCT	47963912	47943505	20407	47943641	20271	47947002	16910	47947113	16799	47941218	22694	47947706	16206	47963940	20435	20299	16938	16827	22722	16234
ENSMUST00000001202	TCATGATTATCTTTAATACCCTAGGCCT	47963912	47947002	16910	47947113	16799	47947706	16206	47947872	16040	47943641	20271	47948124	15788	47963940	16938	16827	16234	16068	20299	15816
ENSMUST00000164095	GTGGGGAACTGTACACTTGGGGCCTTGG	56184461	56067983	116478	56068098	116363	56072292	112169	56072430	112031	56050948	133513	56084988	99473	56184632	116649	116534	112340	112202	133684	99644
ENSMUST00000112637	AGTTGTCACCAAATCCCCCAAAACTAAC	26751969	26759877	-7908	26759931	-7962	26770937	-18968	26771043	-19074	26752041	-72	26771507	-19538	26751997	-7880	-7934	-18940	-19046	-44	-19510
ENSMUST00000026671	TTCACATCCTGCCTCACCACTCCCATCAA	119756376	119671277	85099	119671360	85016	119725009	31367	119725168	31208	119657766	98610	119743866	12510	119756405	85128	85045	31396	31237	98639	12539
ENSMUST00000026671	TTCACATCCTGCCTCACCACTCCCATCAA	119756376	119725009	31367	119725168	31208	119743866	12510	119744013	12363	119671360	85016	119756238	138	119756405	31396	31237	12539	12392	85045	167
ENSMUST00000026671	TTCACATCCTGCCTCACCACTCCCATCAA	119756376	119743866	12510	119744013	12363	119756238	138	119756414	-38	119725168	31208	119780542	-24166	119756405	12539	12392	167	-9	31237	-24137
ENSMUST00000026671	TTCACATCCTGCCTCACCACTCCCATCAA	119756376	119756238	138	119756414	-38	119780542	-24166	119780602	-24226	119744013	12363	119798768	-42392	119756405	167	-9	-24137	-24197	12392	-42363
ENSMUST00000026671	TTCACATCCTGCCTCACCACTCCCATCAA	119756376	119780542	-24166	119780602	-24226	119799321	-42945	119799466	-43090	119756414	-38	119811944	-55568	119756405	-24137	-24197	-42916	-43061	-9	-55539
ENSMUST00000026671	TTCACATCCTGCCTCACCACTCCCATCAA	119756376	119780542	-24166	119780602	-24226	119799321	-42945	119799466	-43090	119756414	-38	119817077	-60701	119756405	-24137	-24197	-42916	-43061	-9	-60672
ENSMUST00000026671	TTCACATCCTGCCTCACCACTCCCATCAA	119756376	119780542	-24166	119780602	-24226	119811944	-55568	119812020	-55644	119756414	-38	119817077	-60701	119756405	-24137	-24197	-55539	-55615	-9	-60672
ENSMUST00000026671	TTCACATCCTGCCTCACCACTCCCATCAA	119756376	119799321	-42945	119799466	-43090	119811944	-55568	119812020	-55644	119756414	-38	119817077	-60701	119756405	-42916	-43061	-55539	-55615	-9	-60672
ENSMUST00000026671	TTCACATCCTGCCTCACCACTCCCATCAA	119756376	119811944	-55568	119812020	-55644	119817077	-60701	119817179	-60803	119799466	-43090	119821660	-65284	119756405	-55539	-55615	-60672	-60774	-43061	-65255
ENSMUST00000026671	TTCACATCCTGCCTCACCACTCCCATCAA	119756376	119822910	-66534	119823021	-66645	119843681	-87305	119843756	-87380	119821744	-65368	119846357	-89981	119756405	-66505	-66616	-87276	-87351	-65339	-89952
ENSMUST00000102842	ATTGTGTTTAAGCTGTATTGAATTATCTG	29742843	29706409	36434	29708770	34073	29733632	9211	29733840	9003	29705591	37252	29736359	6484	29742872	36463	34102	9240	9032	37281	6513
ENSMUST00000133670	GAAACAGCTTCGCGCTGCCAATATGGAGC	108606337	108664495	-58158	108664726	-58389	108752577	-146240	108752640	-146303	108606395	-58	108757669	-151332	108606366	-58129	-58360	-146211	-146274	-29	-151303
ENSMUST00000101432	AGTGCCACCATAGCTATTAATGCGAAGAAT	54062069	53354344	707725	53354434	707635	53501033	561036	53501278	560791	53248747	813322	53640459	421610	54062099	707755	707665	561066	560821	813352	421640
ENSMUST00000101432	AGTGCCACCATAGCTATTAATGCGAAGAAT	54062069	53501033	561036	53501278	560791	53640459	421610	53640536	421533	53354434	707635	53831695	230374	54062099	561066	560821	421640	421563	707665	230404
ENSMUST00000101432	AGTGCCACCATAGCTATTAATGCGAAGAAT	54062069	53354344	707725	53354434	707635	53501033	561036	53501278	560791	53248747	813322	53640459	421610	54062099	707755	707665	561066	560821	813352	421640
ENSMUST00000101432	AGTGCCACCATAGCTATTAATGCGAAGAAT	54062069	53501033	561036	53501278	560791	53640459	421610	53640536	421533	53354434	707635	53831695	230374	54062099	561066	560821	421640	421563	707665	230404
ENSMUST00000092433	CTGGAAGCCTCGGGAAAGTACTCCCCAACC	69926133	69904447	21686	69904510	21623	69920437	5696	69920491	5642	69904270	21863	69927694	-1561	69926163	21716	21653	5726	5672	21893	-1531
ENSMUST00000092433	CTGGAAGCCTCGGGAAAGTACTCCCCAACC	69926133	69982115	-55982	69982161	-56028	69986082	-59949	69988632	-62499	69980394	-54261	69994371	-68238	69926163	-55952	-55998	-59919	-62469	-54231	-68208
ENSMUST00000092433	CTGGAAGCCTCGGGAAAGTACTCCCCAACC	69926133	69982115	-55982	69982197	-56064	69986082	-59949	69988632	-62499	69980394	-54261	69994371	-68238	69926163	-55952	-56034	-59919	-62469	-54231	-68208
ENSMUST00000199300	TCGCGTGTCGCCCGTCGCACTGTCCAGACC	126597405	126684659	-87254	126684719	-87314	126729406	-132001	126729461	-132056	126599160	-1755	126767513	-170108	126597435	-87224	-87284	-131971	-132026	-1725	-170078
ENSMUST00000199300	TCGCGTGTCGCCCGTCGCACTGTCCAGACC	126597405	126770784	-173379	126770857	-173452	126771773	-174368	126771846	-174441	126767579	-170174	126780359	-182954	126597435	-173349	-173422	-174338	-174411	-170144	-182924
ENSMUST00000199300	TCGCGTGTCGCCCGTCGCACTGTCCAGACC	126597405	126802936	-205531	126802969	-205564	126805856	-208451	126805916	-208511	126801761	-204356	126810638	-213233	126597435	-205501	-205534	-208421	-208481	-204326	-213203
ENSMUST00000039734	TGTGAAGCACGGTGACGAGTGGGGCGAGCC	25208112	25199766	8346	25199943	8169	25201041	7071	25201175	6937	25189675	18437	25205598	2514	25208142	8376	8199	7101	6967	18467	2544
ENSMUST00000039734	TGTGAAGCACGGTGACGAGTGGGGCGAGCC	25208112	25218577	-10465	25218755	-10643	25228582	-20470	25228666	-20554	25213106	-4994	25229238	-21126	25208142	-10435	-10613	-20440	-20524	-4964	-21096
ENSMUST00000109689	CCCCCGGGCCACTTCGCCACCTCGTCACAC	78967868	78976466	-8598	78976544	-8676	78978613	-10745	78978751	-10883	78974292	-6424	78987891	-20023	78967898	-8568	-8646	-10715	-10853	-6394	-19993
ENSMUST00000224622	AATGTTGCTTTTCTTGCTCAGTGATTTTAA	46790190	46754370	35820	46754462	35728	46779187	11003	46779259	10931	46742081	48109	46780660	9530	46790220	35850	35758	11033	10961	48139	9560
ENSMUST00000224622	AATGTTGCTTTTCTTGCTCAGTGATTTTAA	46790190	46758002	32188	46758114	32076	46779187	11003	46779259	10931	46754462	35728	46780660	9530	46790220	32218	32106	11033	10961	35758	9560
ENSMUST00000224622	AATGTTGCTTTTCTTGCTCAGTGATTTTAA	46790190	46758002	32188	46758114	32076	46780660	9530	46780768	9422	46754462	35728	46789896	294	46790220	32218	32106	9560	9452	35758	324
ENSMUST00000196060	GATATAATTGACATTGATTACTTTGAAGGAT	110246817	110250958	-4141	110251147	-4330	110256144	-9327	110256220	-9403	110247390	-573	110262059	-15242	110246848	-4110	-4299	-9296	-9372	-542	-15211
ENSMUST00000196060	GATATAATTGACATTGATTACTTTGAAGGAT	110246817	110250958	-4141	110251147	-4330	110256144	-9327	110256301	-9484	110247390	-573	110262059	-15242	110246848	-4110	-4299	-9296	-9453	-542	-15211
ENSMUST00000112232	TATGAATGTGCGGCGAGGCCTTGCTGGAGCC	134485877	134463826	22051	134463980	21897	134467650	18227	134467868	18009	134458666	27211	134472393	13484	134485908	22082	21928	18258	18040	27242	13515
ENSMUST00000112232	TATGAATGTGCGGCGAGGCCTTGCTGGAGCC	134485877	134467650	18227	134467868	18009	134472393	13484	134472543	13334	134463980	21897	134475787	10090	134485908	18258	18040	13515	13365	21928	10121
ENSMUST00000126977	GAAATACCAGTGGTCGAGGATGAAGAAAAGG	5058150	5055979	2171	5056849	1301	5057274	876	5057439	711	5049494	8656	5058124	26	5058735	2756	1886	1461	1296	9241	611
ENSMUST00000023206	TCGGAGCGAGCTCCCATCTCTGATCCATCGGCG	13147591	13123333	24258	13123541	24050	13125250	22341	13125431	22160	13122191	25400	13126394	21197	13147624	24291	24083	22374	22193	25433	21230
ENSMUST00000009256	AGCTCTCCTAGTCATCTTCACACAGCCCTCCTC	120891655	120848455	43200	120848616	43039	120862854	28801	120862962	28693	120836357	55298	120865567	26088	120891688	43233	43072	28834	28726	55331	26121
ENSMUST00000009256	AGCTCTCCTAGTCATCTTCACACAGCCCTCCTC	120891655	120862854	28801	120862962	28693	120865567	26088	120865724	25931	120848616	43039	120870765	20890	120891688	28834	28726	26121	25964	43072	20923
ENSMUST00000009256	AGCTCTCCTAGTCATCTTCACACAGCCCTCCTC	120891655	120865567	26088	120865724	25931	120870765	20890	120870835	20820	120862962	28693	120876202	15453	120891688	26121	25964	20923	20853	28726	15486
ENSMUST00000009256	AGCTCTCCTAGTCATCTTCACACAGCCCTCCTC	120891655	120870765	20890	120870835	20820	120876202	15453	120876346	15309	120865724	25931	120886677	4978	120891688	20923	20853	15486	15342	25964	5011
ENSMUST00000150602	GCCAACCTCATGCACAACTTCATCTTGAAGGCG	155247820	155242730	5090	155242806	5014	155247770	50	155247938	-118	155236617	11203	155249920	-2100	155247853	5123	5047	83	-85	11236	-2067
ENSMUST00000150602	GCCAACCTCATGCACAACTTCATCTTGAAGGCG	155247820	155242730	5090	155242806	5014	155247770	50	155247938	-118	155236936	10884	155249920	-2100	155247853	5123	5047	83	-85	10917	-2067
ENSMUST00000150602	GCCAACCTCATGCACAACTTCATCTTGAAGGCG	155247820	155242734	5086	155242806	5014	155247770	50	155247938	-118	155236617	11203	155249920	-2100	155247853	5119	5047	83	-85	11236	-2067
ENSMUST00000150602	GCCAACCTCATGCACAACTTCATCTTGAAGGCG	155247820	155242730	5090	155242806	5014	155247770	50	155247938	-118	155236617	11203	155249920	-2100	155247853	5123	5047	83	-85	11236	-2067
ENSMUST00000150602	GCCAACCTCATGCACAACTTCATCTTGAAGGCG	155247820	155242730	5090	155242806	5014	155247770	50	155247938	-118	155236936	10884	155249920	-2100	155247853	5123	5047	83	-85	10917	-2067
ENSMUST00000150602	GCCAACCTCATGCACAACTTCATCTTGAAGGCG	155247820	155242734	5086	155242806	5014	155247770	50	155247938	-118	155236617	11203	155249920	-2100	155247853	5119	5047	83	-85	11236	-2067
ENSMUST00000032710	AACAAAAAAATCTGAATTCAAAACAGACCATGA	51669503	51646186	23317	51646274	23229	51649151	20352	51649238	20265	51645119	24384	51658677	10826	51669536	23350	23262	20385	20298	24417	10859
ENSMUST00000210135	TGGACTTTCCCACACGGATGTCCTTTCCTATAC	27653148	27652686	462	27653483	-335	27776825	-123677	27777242	-124094	27622614	30534	27876586	-223438	27653181	495	-302	-123644	-124061	30567	-223405
ENSMUST00000210135	TGGACTTTCCCACACGGATGTCCTTTCCTATAC	27653148	27776825	-123677	27777242	-124094	27876586	-223438	27876661	-223513	27653483	-335	27898565	-245417	27653181	-123644	-124061	-223405	-223480	-302	-245384
ENSMUST00000210135	TGGACTTTCCCACACGGATGTCCTTTCCTATAC	27653148	27876586	-223438	27876661	-223513	27898565	-245417	27898721	-245573	27777242	-124094	27912812	-259664	27653181	-223405	-223480	-245384	-245540	-124061	-259631
ENSMUST00000210135	TGGACTTTCCCACACGGATGTCCTTTCCTATAC	27653148	27898565	-245417	27898721	-245573	27912812	-259664	27912980	-259832	27876661	-223513	27966395	-313247	27653181	-245384	-245540	-259631	-259799	-223480	-313214
ENSMUST00000210135	TGGACTTTCCCACACGGATGTCCTTTCCTATAC	27653148	27912812	-259664	27912980	-259832	27966395	-313247	27966563	-313415	27898721	-245573	28011635	-358487	27653181	-259631	-259799	-313214	-313382	-245540	-358454
ENSMUST00000210135	TGGACTTTCCCACACGGATGTCCTTTCCTATAC	27653148	27966395	-313247	27966563	-313415	28011635	-358487	28011773	-358625	27912980	-259832	28021961	-368813	27653181	-313214	-313382	-358454	-358592	-259799	-368780
ENSMUST00000210135	TGGACTTTCCCACACGGATGTCCTTTCCTATAC	27653148	28040342	-387194	28040536	-387388	28080131	-426983	28080267	-427119	28025173	-372025	28141220	-488072	27653181	-387161	-387355	-426950	-427086	-371992	-488039
ENSMUST00000210135	TGGACTTTCCCACACGGATGTCCTTTCCTATAC	27653148	28040342	-387194	28040536	-387388	28141220	-488072	28141381	-488233	28025173	-372025	28271577	-618429	27653181	-387161	-387355	-488039	-488200	-371992	-618396
ENSMUST00000023132	GAACAAACAGAAGTGGAAGGAACGGGCAGCAAG	103527654	103521652	6002	103521719	5935	103522044	5610	103522161	5493	103521488	6166	103524307	3347	103528234	6582	6515	6190	6073	6746	3927
ENSMUST00000024575	GGAGAATGGGCTGCTCATGACCCCCTGCTATACT	7292869	7227912	64957	7228029	64840	7236045	56824	7236127	56742	7170443	122426	7246701	46168	7292903	64991	64874	56858	56776	122460	46202
ENSMUST00000080067	CTTTGCCTTCCTCATATCACTCATCTTCATCTAC	24436229	24438694	-2465	24438949	-2720	24439055	-2826	24439145	-2916	24436271	-42	24439231	-3002	24436263	-2431	-2686	-2792	-2882	-8	-2968
ENSMUST00000035813	GGTGCTGGGTGCTGGGTGCTGGGTGCTGGGTGCT	5161604	4905225	256379	4906844	254760	5045935	115669	5046068	115536	4903031	258573	5057457	104147	5161638	256413	254794	115703	115570	258607	104181
ENSMUST00000035813	GGTGCTGGGTGCTGGGTGCTGGGTGCTGGGTGCT	5161604	4905225	256379	4906844	254760	5045935	115669	5046068	115536	4903448	258156	5057457	104147	5161638	256413	254794	115703	115570	258190	104181
ENSMUST00000035813	GGTGCTGGGTGCTGGGTGCTGGGTGCTGGGTGCT	5161604	5100431	61173	5100587	61017	5110999	50605	5111053	50551	5077615	83989	5113600	48004	5161638	61207	61051	50639	50585	84023	48038
ENSMUST00000108251	CTCTGCAGTCTATATCTATAACTGTAACTCCTGG	79535824	79463232	72592	79463295	72529	79468113	67711	79468154	67670	79458906	76918	79468716	67108	79535858	72626	72563	67745	67704	76952	67142
ENSMUST00000108909	CAAGGAGCACCCAGGAAGTGGCTTCAAAGGGGACT	101039943	100959339	80604	100959431	80512	100959602	80341	100959694	80249	100957589	82354	100969020	70923	101039978	80639	80547	80376	80284	82389	70958
ENSMUST00000038900	ATAAAATCTGATATATACACGTTAGGAAAGTTCTC	150808801	150716402	92399	150716529	92272	150719822	88979	150720026	88775	150673953	134848	150722294	86507	150808836	92434	92307	89014	88810	134883	86542
ENSMUST00000111338	CCTAAGATCCGGGCTGTTTCTCCACATTTTGATGA	91601035	91579422	21613	91579536	21499	91581109	19926	91581238	19797	91578209	22826	91585721	15314	91601070	21648	21534	19961	19832	22861	15349
ENSMUST00000111338	CCTAAGATCCGGGCTGTTTCTCCACATTTTGATGA	91601035	91601005	30	91601126	-91	91606245	-5210	91606425	-5390	91600814	221	91607444	-6409	91601070	65	-56	-5175	-5355	256	-6374
ENSMUST00000194959	CCCATTTTGCTATCTAACTCTCCCACTGCCTTTGAA	108372699	108356410	16289	108356541	16158	108360094	12605	108360221	12478	108351037	21662	108362560	10139	108372735	16325	16194	12641	12514	21698	10175
ENSMUST00000194959	CCCATTTTGCTATCTAACTCTCCCACTGCCTTTGAA	108372699	108374223	-1524	108374318	-1619	108378435	-5736	108378627	-5928	108373690	-991	108379264	-6565	108372735	-1488	-1583	-5700	-5892	-955	-6529
ENSMUST00000030691	TATTGACATCAATGCCAGCCTGCAAACTATTACTAT	14680751	14668964	11787	14669675	11076	14674954	5797	14682387	-1636	14540801	139950	14712416	-31665	14680787	11823	11112	5833	-1600	139986	-31629
ENSMUST00000087181	TGCCTCTGTCTCCATCCTAACCATACTTTTGAAGTT	73560345	73510885	49460	73510956	49389	73531503	28842	73531574	28771	73491191	69154	73534605	25740	73560381	49496	49425	28878	28807	69190	25776
ENSMUST00000087181	TGCCTCTGTCTCCATCCTAACCATACTTTTGAAGTT	73560345	73531503	28842	73531574	28771	73555358	4987	73555463	4882	73522744	37601	73557253	3092	73560381	28878	28807	5023	4918	37637	3128
ENSMUST00000100301	CACACACACACACACACAGCCCTTGTCCTCCGCAGT	3330978	3305343	25635	3305426	25552	3310563	20415	3310675	20303	3304337	26641	3310835	20143	3331014	25671	25588	20451	20339	26677	20179
ENSMUST00000100301	CACACACACACACACACAGCCCTTGTCCTCCGCAGT	3330978	3322339	8639	3322431	8547	3322516	8462	3322579	8399	3319719	11259	3323455	7523	3331014	8675	8583	8498	8435	11295	7559
ENSMUST00000072031	GAGCGGCTCTCCACACATGAGCTCACCTCTCTGCTA	59753029	59727551	25478	59727703	25326	59731507	21522	59731592	21437	59697023	56006	59735829	17200	59754998	27447	27295	23491	23406	57975	19169
ENSMUST00000072031	GAGCGGCTCTCCACACATGAGCTCACCTCTCTGCTA	59753029	59744751	8278	59744820	8209	59748546	4483	59748636	4393	59743827	9202	59749518	3511	59754998	10247	10178	6452	6362	11171	5480
ENSMUST00000120544	ATGTGTCTTTCTAACTTCTAATAAACTCACTCCAACT	111794872	111775923	18949	111776002	18870	111778019	16853	111778107	16765	111774583	20289	111778598	16274	111794894	18971	18892	16875	16787	20311	16296
ENSMUST00000120544	ATGTGTCTTTCTAACTTCTAATAAACTCACTCCAACT	111794872	111789324	5548	111789459	5413	111795547	-675	111795678	-806	111787596	7276	111806007	-11135	111794894	5570	5435	-653	-784	7298	-11113
ENSMUST00000120544	ATGTGTCTTTCTAACTTCTAATAAACTCACTCCAACT	111794872	111789324	5548	111789486	5386	111795547	-675	111795678	-806	111787596	7276	111806007	-11135	111794894	5570	5408	-653	-784	7298	-11113
ENSMUST00000120544	ATGTGTCTTTCTAACTTCTAATAAACTCACTCCAACT	111794872	111789348	5524	111789486	5386	111795547	-675	111795678	-806	111787596	7276	111806007	-11135	111794894	5546	5408	-653	-784	7298	-11113
ENSMUST00000120544	ATGTGTCTTTCTAACTTCTAATAAACTCACTCCAACT	111794872	111775923	18949	111776002	18870	111778019	16853	111778107	16765	111774583	20289	111778598	16274	111794894	18971	18892	16875	16787	20311	16296
ENSMUST00000120544	ATGTGTCTTTCTAACTTCTAATAAACTCACTCCAACT	111794872	111789324	5548	111789459	5413	111795547	-675	111795678	-806	111787596	7276	111806007	-11135	111794894	5570	5435	-653	-784	7298	-11113
ENSMUST00000120544	ATGTGTCTTTCTAACTTCTAATAAACTCACTCCAACT	111794872	111789324	5548	111789486	5386	111795547	-675	111795678	-806	111787596	7276	111806007	-11135	111794894	5570	5408	-653	-784	7298	-11113
ENSMUST00000120544	ATGTGTCTTTCTAACTTCTAATAAACTCACTCCAACT	111794872	111789348	5524	111789486	5386	111795547	-675	111795678	-806	111787596	7276	111806007	-11135	111794894	5546	5408	-653	-784	7298	-11113
ENSMUST00000238701	GATCCCTCTGCTGCAGATCGGCCTCCTCCTGTTTTTT	84518654	84614694	-96040	84614791	-96137	84615573	-96919	84615670	-97016	84612412	-93758	84617791	-99137	84518691	-96003	-96100	-96882	-96979	-93721	-99100
ENSMUST00000091497	CTTTTCTCTCCCATTCAAGGCTGGGTACCCCAGAGCT	4612809	4431198	181611	4431264	181545	4473120	139689	4473215	139594	4153110	459699	4484039	128770	4612846	181648	181582	139726	139631	459736	128807
ENSMUST00000091497	CTTTTCTCTCCCATTCAAGGCTGGGTACCCCAGAGCT	4612809	4497988	114821	4498073	114736	4513788	99021	4513845	98964	4484132	128677	4514996	97813	4612846	114858	114773	99058	99001	128714	97850
ENSMUST00000091497	CTTTTCTCTCCCATTCAAGGCTGGGTACCCCAGAGCT	4612809	4535172	77637	4535230	77579	4537238	75571	4537325	75484	4534611	78198	4560213	52596	4612846	77674	77616	75608	75521	78235	52633
ENSMUST00000091497	CTTTTCTCTCCCATTCAAGGCTGGGTACCCCAGAGCT	4612809	4537238	75571	4537325	75484	4560213	52596	4560290	52519	4535230	77579	4566051	46758	4612846	75608	75521	52633	52556	77616	46795
ENSMUST00000091497	CTTTTCTCTCCCATTCAAGGCTGGGTACCCCAGAGCT	4612809	4594538	18271	4594767	18042	4597337	15472	4597394	15415	4590742	22067	4601114	11695	4612846	18308	18079	15509	15452	22104	11732
ENSMUST00000022458	GTCATCATGGAGCGAATCGGTCTTGCTACTGCAGGGGA	31254612	31251899	2713	31251954	2658	31252927	1685	31253060	1552	31251779	2833	31253455	1157	31255097	3198	3143	2170	2037	3318	1642
ENSMUST00000022458	GTCATCATGGAGCGAATCGGTCTTGCTACTGCAGGGGA	31254612	31251899	2713	31251954	2658	31253455	1157	31253575	1037	31251779	2833	31254032	580	31255097	3198	3143	1642	1522	3318	1065
ENSMUST00000022458	GTCATCATGGAGCGAATCGGTCTTGCTACTGCAGGGGA	31254612	31251899	2713	31251954	2658	31253455	1157	31253640	972	31251779	2833	31254032	580	31255097	3198	3143	1642	1457	3318	1065
ENSMUST00000022458	GTCATCATGGAGCGAATCGGTCTTGCTACTGCAGGGGA	31254612	31251899	2713	31251954	2658	31252927	1685	31253060	1552	31251779	2833	31253455	1157	31255097	3198	3143	2170	2037	3318	1642
ENSMUST00000022458	GTCATCATGGAGCGAATCGGTCTTGCTACTGCAGGGGA	31254612	31251899	2713	31251954	2658	31253455	1157	31253575	1037	31251779	2833	31254032	580	31255097	3198	3143	1642	1522	3318	1065
ENSMUST00000022458	GTCATCATGGAGCGAATCGGTCTTGCTACTGCAGGGGA	31254612	31251899	2713	31251954	2658	31253455	1157	31253640	972	31251779	2833	31254032	580	31255097	3198	3143	1642	1457	3318	1065
ENSMUST00000111416	TGGGATGTGGCTCAGTTGGTAGAGCGCTTGATTAGCAT	166314796	166270498	44298	166270618	44178	166291415	23381	166291472	23324	166269637	45159	166294590	20206	166314834	44336	44216	23419	23362	45197	20244
ENSMUST00000111416	TGGGATGTGGCTCAGTTGGTAGAGCGCTTGATTAGCAT	166314796	166270498	44298	166270618	44178	166294590	20206	166294737	20059	166269637	45159	166295751	19045	166314834	44336	44216	20244	20097	45197	19083
ENSMUST00000111416	TGGGATGTGGCTCAGTTGGTAGAGCGCTTGATTAGCAT	166314796	166270498	44298	166270618	44178	166291415	23381	166291472	23324	166269637	45159	166303501	11295	166314834	44336	44216	23419	23362	45197	11333
ENSMUST00000111416	TGGGATGTGGCTCAGTTGGTAGAGCGCTTGATTAGCAT	166314796	166270498	44298	166270618	44178	166294590	20206	166294737	20059	166269637	45159	166303501	11295	166314834	44336	44216	20244	20097	45197	11333
ENSMUST00000111416	TGGGATGTGGCTCAGTTGGTAGAGCGCTTGATTAGCAT	166314796	166270498	44298	166270618	44178	166303501	11295	166303615	11181	166269637	45159	166307719	7077	166314834	44336	44216	11333	11219	45197	7115
ENSMUST00000111416	TGGGATGTGGCTCAGTTGGTAGAGCGCTTGATTAGCAT	166314796	166291415	23381	166291472	23324	166294590	20206	166294737	20059	166269637	45159	166303501	11295	166314834	23419	23362	20244	20097	45197	11333
ENSMUST00000111416	TGGGATGTGGCTCAGTTGGTAGAGCGCTTGATTAGCAT	166314796	166291415	23381	166291472	23324	166294590	20206	166294737	20059	166270618	44178	166295751	19045	166314834	23419	23362	20244	20097	44216	19083
ENSMUST00000111416	TGGGATGTGGCTCAGTTGGTAGAGCGCTTGATTAGCAT	166314796	166291415	23381	166291472	23324	166295751	19045	166295928	18868	166270618	44178	166303501	11295	166314834	23419	23362	19083	18906	44216	11333
ENSMUST00000111416	TGGGATGTGGCTCAGTTGGTAGAGCGCTTGATTAGCAT	166314796	166294590	20206	166294737	20059	166303501	11295	166303615	11181	166270618	44178	166307719	7077	166314834	20244	20097	11333	11219	44216	7115
ENSMUST00000111416	TGGGATGTGGCTCAGTTGGTAGAGCGCTTGATTAGCAT	166314796	166294590	20206	166294737	20059	166295751	19045	166295928	18868	166291472	23324	166303501	11295	166314834	20244	20097	19083	18906	23362	11333
ENSMUST00000111416	TGGGATGTGGCTCAGTTGGTAGAGCGCTTGATTAGCAT	166314796	166294590	20206	166294737	20059	166303501	11295	166303615	11181	166291472	23324	166307719	7077	166314834	20244	20097	11333	11219	23362	7115
ENSMUST00000036315	TAACGCTGCAGTTTAACTGCTCGGCTCCCCTTCCAAGA	57011831	57201125	-189294	57201179	-189348	57217771	-205940	57217933	-206102	57189837	-178006	57221017	-209186	57011869	-189256	-189310	-205902	-206064	-177968	-209148
ENSMUST00000036315	TAACGCTGCAGTTTAACTGCTCGGCTCCCCTTCCAAGA	57011831	57217771	-205940	57217933	-206102	57221017	-209186	57221185	-209354	57201179	-189348	57228920	-217089	57011869	-205902	-206064	-209148	-209316	-189310	-217051
ENSMUST00000036315	TAACGCTGCAGTTTAACTGCTCGGCTCCCCTTCCAAGA	57011831	57221017	-209186	57221185	-209354	57228920	-217089	57229025	-217194	57217933	-206102	57236893	-225062	57011869	-209148	-209316	-217051	-217156	-206064	-225024
ENSMUST00000036315	TAACGCTGCAGTTTAACTGCTCGGCTCCCCTTCCAAGA	57011831	57309768	-297937	57309883	-298052	57310607	-298776	57310722	-298891	57289495	-277664	57317665	-305834	57011869	-297899	-298014	-298738	-298853	-277626	-305796
ENSMUST00000036315	TAACGCTGCAGTTTAACTGCTCGGCTCCCCTTCCAAGA	57011831	57309768	-297937	57309883	-298052	57317665	-305834	57317800	-305969	57289495	-277664	57327442	-315611	57011869	-297899	-298014	-305796	-305931	-277626	-315573
ENSMUST00000036315	TAACGCTGCAGTTTAACTGCTCGGCTCCCCTTCCAAGA	57011831	57310607	-298776	57310722	-298891	57317665	-305834	57317800	-305969	57289495	-277664	57327442	-315611	57011869	-298738	-298853	-305796	-305931	-277626	-315573
ENSMUST00000183034	GATTAGAGTCGGGAGTCCAGTTTCAGAATGAAGCAGAG	34161029	34296741	-135712	34296759	-135730	34299720	-138691	34299838	-138809	34295536	-134507	34302829	-141800	34161067	-135674	-135692	-138653	-138771	-134469	-141762
ENSMUST00000024575	CAAGGGGTTGTCCATCGGGACCTGAAACCAAGTAACAT	7292756	7227912	64844	7228029	64727	7236045	56711	7236127	56629	7170443	122313	7246701	46055	7292794	64882	64765	56749	56667	122351	46093
ENSMUST00000036288	CAAATAACCCACAGTCTCGGACCCACTCACCCCCACAG	128223545	128153188	70357	128153399	70146	128167892	55653	128168007	55538	128151952	71593	128174948	48597	128223583	70395	70184	55691	55576	71631	48635
ENSMUST00000036288	CAAATAACCCACAGTCTCGGACCCACTCACCCCCACAG	128223545	128162201	61344	128162243	61302	128162768	60777	128162858	60687	128153399	70146	128167892	55653	128223583	61382	61340	60815	60725	70184	55691
ENSMUST00000036288	CAAATAACCCACAGTCTCGGACCCACTCACCCCCACAG	128223545	128167892	55653	128168007	55538	128174948	48597	128175008	48537	128153399	70146	128175091	48454	128223583	55691	55576	48635	48575	70184	48492
ENSMUST00000036288	CAAATAACCCACAGTCTCGGACCCACTCACCCCCACAG	128223545	128168978	54567	128169057	54488	128174948	48597	128175008	48537	128168007	55538	128175091	48454	128223583	54605	54526	48635	48575	55576	48492
ENSMUST00000036288	CAAATAACCCACAGTCTCGGACCCACTCACCCCCACAG	128223545	128193459	30086	128193756	29789	128196973	26572	128197097	26448	128186909	36636	128211204	12341	128223583	30124	29827	26610	26486	36674	12379
ENSMUST00000036288	CAAATAACCCACAGTCTCGGACCCACTCACCCCCACAG	128223545	128196973	26572	128197097	26448	128211204	12341	128211359	12186	128193756	29789	128216400	7145	128223583	26610	26486	12379	12224	29827	7183
ENSMUST00000036288	CAAATAACCCACAGTCTCGGACCCACTCACCCCCACAG	128223545	128211204	12341	128211359	12186	128216400	7145	128216552	6993	128197097	26448	128221599	1946	128223583	12379	12224	7183	7031	26486	1984
ENSMUST00000036288	CAAATAACCCACAGTCTCGGACCCACTCACCCCCACAG	128223545	128216400	7145	128216552	6993	128221599	1946	128221703	1842	128211359	12186	128223468	77	128223583	7183	7031	1984	1880	12224	115
ENSMUST00000036288	CAAATAACCCACAGTCTCGGACCCACTCACCCCCACAG	128223545	128221599	1946	128221703	1842	128223468	77	128223641	-96	128216552	6993	128231322	-7777	128223583	1984	1880	115	-58	7031	-7739
ENSMUST00000055946	TATCACCAAAAGAAATTGAACTCTGTCATTCTGGAAGCT	21830001	21576822	253179	21577046	252955	21648956	181045	21649025	180976	21553401	276600	21746675	83326	21830040	253218	252994	181084	181015	276639	83365
ENSMUST00000055946	TATCACCAAAAGAAATTGAACTCTGTCATTCTGGAAGCT	21830001	21648956	181045	21649025	180976	21746675	83326	21746785	83216	21577046	252955	21783063	46938	21830040	181084	181015	83365	83255	252994	46977
ENSMUST00000084513	GGAAGGAAGCCCTTTCCGTCCTTCCCACTCCTCCTCGGC	130728587	130663015	65572	130663141	65446	130674601	53986	130674739	53848	130601937	126650	130716702	11885	130728626	65611	65485	54025	53887	126689	11924
ENSMUST00000084513	GGAAGGAAGCCCTTTCCGTCCTTCCCACTCCTCCTCGGC	130728587	130743543	-14956	130743684	-15097	130751189	-22602	130751333	-22746	130742301	-13714	130751833	-23246	130728626	-14917	-15058	-22563	-22707	-13675	-23207
ENSMUST00000099490	CAAGCTGTTAAATCGCTCACCCATGCCAGATTTCTTTCT	55313259	55233894	79365	55234030	79229	55238689	74570	55238862	74397	55214150	99109	55245517	67742	55313298	79404	79268	74609	74436	99148	67781
ENSMUST00000099490	CAAGCTGTTAAATCGCTCACCCATGCCAGATTTCTTTCT	55313259	55238689	74570	55238862	74397	55245517	67742	55248077	65182	55234030	79229	55260343	52916	55313298	74609	74436	67781	65221	79268	52955
ENSMUST00000239447	AAGCTTGAAAAGGAGGCAGTGGTCCCCAGGAATGTGGAT	32305619	32293314	12305	32293395	12224	32296625	8994	32296721	8898	32292215	13404	32296964	8655	32305658	12344	12263	9033	8937	13443	8694
ENSMUST00000034388	CATGTAGGACACTTGAGACTGGCTCTGCATACTTCACTAC	107045323	107036842	8481	107036990	8333	107038927	6396	107038989	6334	107036748	8575	107039089	6234	107045363	8521	8373	6436	6374	8615	6274
ENSMUST00000180611	CTCTGTCCCCCCGCTTCCTTTGTACGCCTTACTTGCAGCA	49878991	49939548	-60557	49939609	-60618	49951195	-72204	49951323	-72332	49935333	-56342	49955816	-76825	49879031	-60517	-60578	-72164	-72292	-56302	-76785
ENSMUST00000071325	TAACTTCTTCCTGCGACTGCGTTCCATCATTTAAAGAAAA	79581361	79463232	118129	79463295	118066	79468113	113248	79468154	113207	79458906	122455	79468716	112645	79581401	118169	118106	113288	113247	122495	112685
ENSMUST00000071325	TAACTTCTTCCTGCGACTGCGTTCCATCATTTAAAGAAAA	79581361	79463232	118129	79463295	118066	79468113	113248	79468154	113207	79458906	122455	79468716	112645	79581401	118169	118106	113288	113247	122495	112685
ENSMUST00000103221	ATCTTCCGAGATCAATCCCTCTCTCACCACCACACCATGG	148472024	148471913	111	148472164	-140	148480864	-8840	148480951	-8927	148470701	1323	148483554	-11530	148472064	151	-100	-8800	-8887	1363	-11490
ENSMUST00000001202	TGCCAGTGAGGTGAAAAGTCTTATTAATAAAAATGAGCTT	47938359	47943505	-5146	47943641	-5282	47947002	-8643	47947113	-8754	47941218	-2859	47947706	-9347	47938399	-5106	-5242	-8603	-8714	-2819	-9307
ENSMUST00000001202	TGCCAGTGAGGTGAAAAGTCTTATTAATAAAAATGAGCTT	47938359	47947002	-8643	47947113	-8754	47947706	-9347	47947872	-9513	47943641	-5282	47948124	-9765	47938399	-8603	-8714	-9307	-9473	-5242	-9725
ENSMUST00000033876	GCTGGGAGCCAGGGGACTACTCGCACTGTCTGTACACCAA	27113419	27112342	1077	27112507	912	27113285	134	27113484	-65	27111265	2154	27114079	-660	27113459	1117	952	174	-25	2194	-620
ENSMUST00000230414	GCAAATCTATTTTAACGTGGACACATCCCTGCTGCCAAGA	87757762	87681479	76283	87681629	76133	87720501	37261	87720629	37133	87625486	132276	87757296	466	87757802	76323	76173	37301	37173	132316	506
ENSMUST00000025729	ATTTTGCTGAGAACTCTTCCAAAAGCAATCAATATGTGTA	36888817	36873796	15021	36874016	14801	36876184	12633	36876373	12444	36872588	16229	36879234	9583	36888857	15061	14841	12673	12484	16269	9623
ENSMUST00000084513	TTCCCCAACTCCATGTTCAGGGTCGAGTTTTGAGGACACC	130740946	130663015	77931	130663141	77805	130674601	66345	130674739	66207	130601937	139009	130716702	24244	130742161	79146	79020	67560	67422	140224	25459
ENSMUST00000084513	TTCCCCAACTCCATGTTCAGGGTCGAGTTTTGAGGACACC	130740946	130743543	-2597	130743684	-2738	130751189	-10243	130751333	-10387	130742301	-1355	130751833	-10887	130742161	-1382	-1523	-9028	-9172	-140	-9672
ENSMUST00000003044	TGTTCAAGGGCAAGGTGGAAGCTGTATTGGAGAAGTTAGG	44860137	44858452	1685	44858749	1388	44859722	415	44859802	335	44858209	1928	44859887	250	44860177	1725	1428	455	375	1968	290
ENSMUST00000003044	TGTTCAAGGGCAAGGTGGAAGCTGTATTGGAGAAGTTAGG	44860137	44860359	-222	44860431	-294	44860862	-725	44860911	-774	44859945	192	44860988	-851	44860177	-182	-254	-685	-734	232	-811
ENSMUST00000182597	GTATTTCAGGAGTTGAGTTATTGGTGGACCAGCCTTTCAC	74589596	74660381	-70785	74660682	-71086	74662600	-73004	74662818	-73222	74659355	-69759	74668758	-79162	74589636	-70745	-71046	-72964	-73182	-69719	-79122
ENSMUST00000168361	ATTTAATGAAATTCTACAGGCAGCCTATCAATTAATGACA	8744402	8744614	-212	8744743	-341	8747156	-2754	8747294	-2892	8744466	-64	8748110	-3708	8744442	-172	-301	-2714	-2852	-24	-3668
ENSMUST00000115243	TATAAAAGTGACTTCCTCACAGCAAATGTGCCCCAGCTCTT	28923056	28404327	518729	28404412	518644	28675133	247923	28675366	247690	27791446	1131610	28813286	109770	28923097	518770	518685	247964	247731	1131651	109811
ENSMUST00000115243	TATAAAAGTGACTTCCTCACAGCAAATGTGCCCCAGCTCTT	28923056	28675133	247923	28675366	247690	28813286	109770	28813412	109644	28404412	518644	28901515	21541	28923097	247964	247731	109811	109685	518685	21582
ENSMUST00000067924	ACTTTCTGCCTGGTGAATAAAACAACCCACTGTGTACATAA	105609884	105544199	65685	105544270	65614	105579467	30417	105579609	30275	105519630	90254	105606498	3386	105609925	65726	65655	30458	30316	90295	3427
ENSMUST00000073822	AAGTAAAAATCACTGTAAACTACCCTCCCTATATATCTAAA	28901636	28404327	497309	28404412	497224	28675133	226503	28675366	226270	27791446	1110190	28813286	88350	28902079	497752	497667	226946	226713	1110633	88793
ENSMUST00000073822	AAGTAAAAATCACTGTAAACTACCCTCCCTATATATCTAAA	28901636	28675133	226503	28675366	226270	28813286	88350	28813412	88224	28404412	497224	28901515	121	28902079	226946	226713	88793	88667	497667	564
ENSMUST00000090569	GAATGCAACCAACATCGAGCTAGCCACGGTGCAGCCTGGTC	108272366	108261685	10681	108261752	10614	108265065	7301	108265192	7174	108257305	15061	108266432	5934	108279765	18080	18013	14700	14573	22460	13333
ENSMUST00000090569	GAATGCAACCAACATCGAGCTAGCCACGGTGCAGCCTGGTC	108272366	108268827	3539	108268930	3436	108272290	76	108272377	-11	108268091	4275	108279734	-7368	108279765	10938	10835	7475	7388	11674	31
ENSMUST00000100244	CCCAGTGACTGTCAAGACCTCTGGCTCAAGGTTCGGGTCCT	28222583	28208077	14506	28208227	14356	28212531	10052	28212687	9896	28193462	29121	28214608	7975	28222624	14547	14397	10093	9937	29162	8016
ENSMUST00000100244	CCCAGTGACTGTCAAGACCTCTGGCTCAAGGTTCGGGTCCT	28222583	28212531	10052	28212687	9896	28214608	7975	28214828	7755	28208227	14356	28222550	33	28222624	10093	9937	8016	7796	14397	74
ENSMUST00000100244	CCCAGTGACTGTCAAGACCTCTGGCTCAAGGTTCGGGTCCT	28222583	28214608	7975	28214828	7755	28222550	33	28222657	-74	28212687	9896	28229053	-6470	28222624	8016	7796	74	-33	9937	-6429
ENSMUST00000067689	GGGGCCTTCTGGAACTGACACAGTCTCTGGACAAAGCAATTC	80879703	80902519	-22816	80902712	-23009	80913304	-33601	80913442	-33739	80902386	-22683	80916683	-36980	80879745	-22774	-22967	-33559	-33697	-22641	-36938
ENSMUST00000002790	CATCATCCCCTATATCCCCACTCTCATCACGCAGCTCACACA	166937392	166915169	22223	166915264	22128	166919612	17780	166919755	17637	166906177	31215	166921969	15423	166937434	22265	22170	17822	17679	31257	15465
ENSMUST00000077182	GGCCAAGAAGAACAAAGACAAAGAGTATTACGTCTGAGCACC	6532133	6443630	88503	6443648	88485	6448254	83879	6448284	83849	6428778	103355	6454978	77155	6532175	88545	88527	83921	83891	103397	77197
ENSMUST00000077182	GGCCAAGAAGAACAAAGACAAAGAGTATTACGTCTGAGCACC	6532133	6448254	83879	6448284	83849	6450527	81606	6450599	81534	6443648	88485	6454978	77155	6532175	83921	83891	81648	81576	88527	77197
ENSMUST00000077182	GGCCAAGAAGAACAAAGACAAAGAGTATTACGTCTGAGCACC	6532133	6448254	83879	6448284	83849	6463823	68310	6463847	68286	6443648	88485	6472257	59876	6532175	83921	83891	68352	68328	88527	59918
ENSMUST00000077182	GGCCAAGAAGAACAAAGACAAAGAGTATTACGTCTGAGCACC	6532133	6448254	83879	6448284	83849	6463823	68310	6463868	68265	6443648	88485	6472257	59876	6532175	83921	83891	68352	68307	88527	59918
ENSMUST00000077182	GGCCAAGAAGAACAAAGACAAAGAGTATTACGTCTGAGCACC	6532133	6454978	77155	6455280	76853	6472257	59876	6472419	59714	6448284	83849	6473317	58816	6532175	77197	76895	59918	59756	83891	58858
ENSMUST00000077182	GGCCAAGAAGAACAAAGACAAAGAGTATTACGTCTGAGCACC	6532133	6516922	15211	6517248	14885	6519248	12885	6519327	12806	6509949	22184	6531267	866	6532175	15253	14927	12927	12848	22226	908
ENSMUST00000077182	GGCCAAGAAGAACAAAGACAAAGAGTATTACGTCTGAGCACC	6532133	6516922	15211	6517248	14885	6519248	12885	6519327	12806	6509949	22184	6542340	-10207	6532175	15253	14927	12927	12848	22226	-10165
ENSMUST00000122941	CCAGCTACCACTACTTTCTCCATTTATCCTGTGTCCTCCACT	12140530	12118238	22292	12118338	22192	12140433	97	12140652	-122	12117947	22583	12146148	-5618	12140572	22334	22234	139	-80	22625	-5576
ENSMUST00000122941	CCAGCTACCACTACTTTCTCCATTTATCCTGTGTCCTCCACT	12140530	12146148	-5618	12146396	-5866	12149527	-8997	12149719	-9189	12140652	-122	12150172	-9642	12140572	-5576	-5824	-8955	-9147	-80	-9600
ENSMUST00000068387	GCTTGCGGACTGCAGTCTATCATGAAATTCTAATTGGATATT	81640515	81616725	23790	81616863	23652	81619999	20516	81620117	20398	81616125	24390	81621061	19454	81641264	24539	24401	21265	21147	25139	20203
ENSMUST00000042824	ATAGTTGACCTTCTCATACCCTCTCCTAATGCTACTGCAGAA	66501188	66460407	40781	66460532	40656	66461699	39489	66461899	39289	66458425	42763	66462828	38360	66501230	40823	40698	39531	39331	42805	38402
ENSMUST00000042824	ATAGTTGACCTTCTCATACCCTCTCCTAATGCTACTGCAGAA	66501188	66460407	40781	66460532	40656	66461699	39489	66461920	39268	66458425	42763	66462828	38360	66501230	40823	40698	39531	39310	42805	38402
ENSMUST00000079618	TTGTTGGGGAATCGAACTTTGCTCTTTATCTTCATCTGCGCCT	77186128	77232792	-46664	77232885	-46757	77242103	-55975	77242190	-56062	77186225	-97	77246066	-59938	77186171	-46621	-46714	-55932	-56019	-54	-59895
ENSMUST00000079618	TTGTTGGGGAATCGAACTTTGCTCTTTATCTTCATCTGCGCCT	77186128	77232792	-46664	77232885	-46757	77242103	-55975	77242190	-56062	77211763	-25635	77246066	-59938	77186171	-46621	-46714	-55932	-56019	-25592	-59895
ENSMUST00000100244	ACACGGACAACTTTACCTCTCACCGTCTCCCACACCCCTGGTC	28229129	28208077	21052	28208227	20902	28212531	16598	28212687	16442	28193462	35667	28214608	14521	28229172	21095	20945	16641	16485	35710	14564
ENSMUST00000100244	ACACGGACAACTTTACCTCTCACCGTCTCCCACACCCCTGGTC	28229129	28212531	16598	28212687	16442	28214608	14521	28214828	14301	28208227	20902	28222550	6579	28229172	16641	16485	14564	14344	20945	6622
ENSMUST00000100244	ACACGGACAACTTTACCTCTCACCGTCTCCCACACCCCTGGTC	28229129	28214608	14521	28214828	14301	28222550	6579	28222657	6472	28212687	16442	28229053	76	28229172	14564	14344	6622	6515	16485	119
ENSMUST00000108909	AAACTTTTACATGGTCCCTGGCATGCTAGAACCCTTGCTCTGC	100970212	100959339	10873	100959431	10781	100959602	10610	100959694	10518	100957589	12623	100969020	1192	100970255	10916	10824	10653	10561	12666	1235
ENSMUST00000114018	AGGAAAAAGTGGCACCTCCACACCTACTACCCCTGGATCAACT	66425227	66251661	173566	66251712	173515	66322403	102824	66322468	102759	66175495	249732	66362202	63025	66425270	173609	173558	102867	102802	249775	63068
ENSMUST00000114018	AGGAAAAAGTGGCACCTCCACACCTACTACCCCTGGATCAACT	66425227	66251661	173566	66251712	173515	66362202	63025	66362280	62947	66175495	249732	66380488	44739	66425270	173609	173558	63068	62990	249775	44782
ENSMUST00000114018	AGGAAAAAGTGGCACCTCCACACCTACTACCCCTGGATCAACT	66425227	66322403	102824	66322468	102759	66362202	63025	66362280	62947	66251712	173515	66380488	44739	66425270	102867	102802	63068	62990	173558	44782
ENSMUST00000114018	AGGAAAAAGTGGCACCTCCACACCTACTACCCCTGGATCAACT	66425227	66322403	102824	66322468	102759	66380488	44739	66380773	44454	66251712	173515	66399388	25839	66425270	102867	102802	44782	44497	173558	25882
ENSMUST00000114018	AGGAAAAAGTGGCACCTCCACACCTACTACCCCTGGATCAACT	66425227	66362202	63025	66362280	62947	66380488	44739	66380773	44454	66322468	102759	66399388	25839	66425270	63068	62990	44782	44497	102802	25882
ENSMUST00000114018	AGGAAAAAGTGGCACCTCCACACCTACTACCCCTGGATCAACT	66425227	66412406	12821	66416147	9080	66416343	8884	66416550	8677	66401521	23706	66416731	8496	66425270	12864	9123	8927	8720	23749	8539
ENSMUST00000114018	AGGAAAAAGTGGCACCTCCACACCTACTACCCCTGGATCAACT	66425227	66416343	8884	66416550	8677	66416731	8496	66416866	8361	66416147	9080	66420134	5093	66425270	8927	8720	8539	8404	9123	5136
ENSMUST00000114018	AGGAAAAAGTGGCACCTCCACACCTACTACCCCTGGATCAACT	66425227	66251661	173566	66251712	173515	66322403	102824	66322468	102759	66175495	249732	66362202	63025	66425270	173609	173558	102867	102802	249775	63068
ENSMUST00000114018	AGGAAAAAGTGGCACCTCCACACCTACTACCCCTGGATCAACT	66425227	66251661	173566	66251712	173515	66362202	63025	66362280	62947	66175495	249732	66380488	44739	66425270	173609	173558	63068	62990	249775	44782
ENSMUST00000114018	AGGAAAAAGTGGCACCTCCACACCTACTACCCCTGGATCAACT	66425227	66322403	102824	66322468	102759	66362202	63025	66362280	62947	66251712	173515	66380488	44739	66425270	102867	102802	63068	62990	173558	44782
ENSMUST00000114018	AGGAAAAAGTGGCACCTCCACACCTACTACCCCTGGATCAACT	66425227	66322403	102824	66322468	102759	66380488	44739	66380773	44454	66251712	173515	66399388	25839	66425270	102867	102802	44782	44497	173558	25882
ENSMUST00000114018	AGGAAAAAGTGGCACCTCCACACCTACTACCCCTGGATCAACT	66425227	66362202	63025	66362280	62947	66380488	44739	66380773	44454	66322468	102759	66399388	25839	66425270	63068	62990	44782	44497	102802	25882
ENSMUST00000114018	AGGAAAAAGTGGCACCTCCACACCTACTACCCCTGGATCAACT	66425227	66412406	12821	66416147	9080	66416343	8884	66416550	8677	66401521	23706	66416731	8496	66425270	12864	9123	8927	8720	23749	8539
ENSMUST00000114018	AGGAAAAAGTGGCACCTCCACACCTACTACCCCTGGATCAACT	66425227	66416343	8884	66416550	8677	66416731	8496	66416866	8361	66416147	9080	66420134	5093	66425270	8927	8720	8539	8404	9123	5136
ENSMUST00000238701	AAAACGTGGGCTTGGGACTGTGAAATATTGCATGACATTAAAAA	84640214	84614694	25520	84614791	25423	84615573	24641	84615670	24544	84612412	27802	84617791	22423	84640245	25551	25454	24672	24575	27833	22454
ENSMUST00000238701	AAAACGTGGGCTTGGGACTGTGAAATATTGCATGACATTAAAAA	84640214	84614694	25520	84614791	25423	84615573	24641	84615670	24544	84612412	27802	84617791	22423	84640245	25551	25454	24672	24575	27833	22454
ENSMUST00000038890	ACACTAGCCCATTCATCACCTTCATTTAACTTAGACACACTGCT	64897297	64835953	61344	64836081	61216	64838812	58485	64839144	58153	64835352	61945	64842439	54858	64897341	61388	61260	58529	58197	61989	54902
ENSMUST00000038890	ACACTAGCCCATTCATCACCTTCATTTAACTTAGACACACTGCT	64897297	64838812	58485	64839144	58153	64842439	54858	64842689	54608	64836081	61216	64849125	48172	64897341	58529	58197	54902	54652	61260	48216
ENSMUST00000038890	ACACTAGCCCATTCATCACCTTCATTTAACTTAGACACACTGCT	64897297	64859298	37999	64859357	37940	64862326	34971	64862502	34795	64857733	39564	64867761	29536	64897341	38043	37984	35015	34839	39608	29580
ENSMUST00000182597	AAATAAATTAAACTCTGCACTATGTAATAGACGTAAAGGTGATC	74580002	74660381	-80379	74660682	-80680	74662600	-82598	74662818	-82816	74659355	-79353	74668758	-88756	74580046	-80335	-80636	-82554	-82772	-79309	-88712
ENSMUST00000131942	CAGCAGGCCGTGGCCCAGCACCACCACACCGTCCTACCATCCCA	43077797	42956616	121181	42956781	121016	43037449	40348	43037530	40267	42709850	367947	43057178	20619	43077841	121225	121060	40392	40311	367991	20663
ENSMUST00000131942	CAGCAGGCCGTGGCCCAGCACCACCACACCGTCCTACCATCCCA	43077797	43037449	40348	43037530	40267	43057178	20619	43057346	20451	42956781	121016	43077654	143	43077841	40392	40311	20663	20495	121060	187
ENSMUST00000022875	GGACAACAACTGTCGTCTCTTTCCTCCTCCTCCTCCCATCAAGTT	27593264	27590917	2347	27591041	2223	27591436	1828	27591536	1728	27590472	2792	27593103	161	27593309	2392	2268	1873	1773	2837	206
ENSMUST00000114913	TGAAGAGGATGGGCTTTGAGGACCCCAAGGACAAGAATGCCCAGG	35274562	35293017	-18455	35293047	-18485	35293961	-19399	35294094	-19532	35291677	-17115	35298346	-23784	35279216	-13801	-13831	-14745	-14878	-12461	-19130
ENSMUST00000099513	GTCTTCAACGTGGTCTCGGACACTTTCTTCCTCATGGACTTGGTG	79724492	79726146	-1654	79726308	-1816	79728892	-4400	79729111	-4619	79724811	-319	79730846	-6354	79724537	-1609	-1771	-4355	-4574	-274	-6309
ENSMUST00000099513	GTCTTCAACGTGGTCTCGGACACTTTCTTCCTCATGGACTTGGTG	79724492	79728892	-4400	79729111	-4619	79730846	-6354	79730993	-6501	79726308	-1816	79733670	-9178	79724537	-4355	-4574	-6309	-6456	-1771	-9133
ENSMUST00000119299	CTGCCTTCTGTCCATCCTCACCATAGCATGCTGTACCCTCTTTCC	101668073	101673042	-4969	101673213	-5140	101673322	-5249	101673439	-5366	101672573	-4500	101673541	-5468	101668118	-4924	-5095	-5204	-5321	-4455	-5423
ENSMUST00000055483	GTTTTAGATGCTCACTTCTGTGTTTTAGGATTCTGCCCATTTACT	42105428	42068356	37072	42068482	36946	42094366	11062	42095272	10156	42068056	37372	42096612	8816	42105473	37117	36991	11107	10201	37417	8861
ENSMUST00000084513	AAAAGACCCCCGAGAAACTTGACAACACTCCTGCCTCACCTCCAA	130729474	130663015	66459	130663141	66333	130674601	54873	130674739	54735	130601937	127537	130716702	12772	130729519	66504	66378	54918	54780	127582	12817
ENSMUST00000084513	AAAAGACCCCCGAGAAACTTGACAACACTCCTGCCTCACCTCCAA	130729474	130743543	-14069	130743684	-14210	130751189	-21715	130751333	-21859	130742301	-12827	130751833	-22359	130729519	-14024	-14165	-21670	-21814	-12782	-22314
ENSMUST00000044783	GACTATTGATCAAATTCACAAGGAGGCTGAGATGGAAGAGCACCG	20684079	20673598	10481	20673655	10424	20673867	10212	20673961	10118	20672876	11203	20674227	9852	20684124	10526	10469	10257	10163	11248	9897
ENSMUST00000099490	GAAGGGGATGTAAGCAGCAAGGATAAGATGGGAAAAGGAGTTGAT	55296147	55233894	62253	55234030	62117	55238689	57458	55238862	57285	55214150	81997	55245517	50630	55298564	64670	64534	59875	59702	84414	53047
ENSMUST00000099490	GAAGGGGATGTAAGCAGCAAGGATAAGATGGGAAAAGGAGTTGAT	55296147	55238689	57458	55238862	57285	55245517	50630	55248077	48070	55234030	62117	55260343	35804	55298564	59875	59702	53047	50487	64534	38221
ENSMUST00000109567	TGGTTCCTGGTCCACTCTGACCCTCAGTCATGCCCATGAGGTCTG	156701550	156748022	-46472	156748102	-46552	156748331	-46781	156748403	-46853	156746196	-44646	156748943	-47393	156701595	-46427	-46507	-46736	-46808	-44601	-47348
ENSMUST00000109567	TGGTTCCTGGTCCACTCTGACCCTCAGTCATGCCCATGAGGTCTG	156701550	156748022	-46472	156748102	-46552	156748331	-46781	156748420	-46870	156746196	-44646	156748943	-47393	156701595	-46427	-46507	-46736	-46825	-44601	-47348
ENSMUST00000040787	CTTTGCTTTCCCGAATTCTGCCTTCTGATGCCTGTAAAATATACAA	157975236	157972231	3005	157972317	2919	157972999	2237	157973045	2191	157962382	12854	157975227	9	157975282	3051	2965	2283	2237	12900	55
ENSMUST00000040787	CTTTGCTTTCCCGAATTCTGCCTTCTGATGCCTGTAAAATATACAA	157975236	157972231	3005	157972317	2919	157972999	2237	157975294	-58	157962382	12854	157988639	-13403	157975282	3051	2965	2283	-12	12900	-13357
ENSMUST00000040787	CTTTGCTTTCCCGAATTCTGCCTTCTGATGCCTGTAAAATATACAA	157975236	157972231	3005	157972317	2919	157975227	9	157975294	-58	157962382	12854	157988639	-13403	157975282	3051	2965	55	-12	12900	-13357
ENSMUST00000040787	CTTTGCTTTCCCGAATTCTGCCTTCTGATGCCTGTAAAATATACAA	157975236	157972999	2237	157973045	2191	157975227	9	157975294	-58	157972317	2919	157988639	-13403	157975282	2283	2237	55	-12	2965	-13357
ENSMUST00000040787	CTTTGCTTTCCCGAATTCTGCCTTCTGATGCCTGTAAAATATACAA	157975236	157972999	2237	157975294	-58	157988639	-13403	157988784	-13548	157972317	2919	157991680	-16444	157975282	2283	-12	-13357	-13502	2965	-16398
ENSMUST00000040787	CTTTGCTTTCCCGAATTCTGCCTTCTGATGCCTGTAAAATATACAA	157975236	157975227	9	157975294	-58	157988639	-13403	157988784	-13548	157972317	2919	157991680	-16444	157975282	55	-12	-13357	-13502	2965	-16398
ENSMUST00000040787	CTTTGCTTTCCCGAATTCTGCCTTCTGATGCCTGTAAAATATACAA	157975236	157975227	9	157975294	-58	157988639	-13403	157988784	-13548	157973045	2191	157991680	-16444	157975282	55	-12	-13357	-13502	2237	-16398
ENSMUST00000040787	CTTTGCTTTCCCGAATTCTGCCTTCTGATGCCTGTAAAATATACAA	157975236	157994596	-19360	157994758	-19522	157999656	-24420	157999736	-24500	157991812	-16576	158001073	-25837	157975282	-19314	-19476	-24374	-24454	-16530	-25791
ENSMUST00000022458	GGCTGCCAGCCTTCCTAGACAATCACAATTATGCCAAATCCCCTAT	31256256	31251899	4357	31251954	4302	31252927	3329	31253060	3196	31251779	4477	31253455	2801	31256668	4769	4714	3741	3608	4889	3213
ENSMUST00000022458	GGCTGCCAGCCTTCCTAGACAATCACAATTATGCCAAATCCCCTAT	31256256	31251899	4357	31251954	4302	31253455	2801	31253575	2681	31251779	4477	31254032	2224	31256668	4769	4714	3213	3093	4889	2636
ENSMUST00000022458	GGCTGCCAGCCTTCCTAGACAATCACAATTATGCCAAATCCCCTAT	31256256	31251899	4357	31251954	4302	31253455	2801	31253640	2616	31251779	4477	31254032	2224	31256668	4769	4714	3213	3028	4889	2636
ENSMUST00000022458	GGCTGCCAGCCTTCCTAGACAATCACAATTATGCCAAATCCCCTAT	31256256	31251899	4357	31251954	4302	31252927	3329	31253060	3196	31251779	4477	31253455	2801	31256668	4769	4714	3741	3608	4889	3213
ENSMUST00000022458	GGCTGCCAGCCTTCCTAGACAATCACAATTATGCCAAATCCCCTAT	31256256	31251899	4357	31251954	4302	31253455	2801	31253575	2681	31251779	4477	31254032	2224	31256668	4769	4714	3213	3093	4889	2636
ENSMUST00000022458	GGCTGCCAGCCTTCCTAGACAATCACAATTATGCCAAATCCCCTAT	31256256	31251899	4357	31251954	4302	31253455	2801	31253640	2616	31251779	4477	31254032	2224	31256668	4769	4714	3213	3028	4889	2636
ENSMUST00000148486	CACGGATTTTGACCCCTCTATCCTGCCTCCTCCGGACCCCTGGATT	70787010	70308046	478964	70308170	478840	70424795	362215	70424888	362122	70078423	708587	70515953	271057	70787056	479010	478886	362261	362168	708633	271103
ENSMUST00000148486	CACGGATTTTGACCCCTCTATCCTGCCTCCTCCGGACCCCTGGATT	70787010	70424795	362215	70424888	362122	70515953	271057	70516996	270014	70308170	478840	70593166	193844	70787056	362261	362168	271103	270060	478886	193890
ENSMUST00000110559	CCATTCACCAGGATGTTCACATAAACACCATAAACCTCTTCCTCTGT	13637669	13687618	-49949	13687810	-50141	13696609	-58940	13696788	-59119	13684101	-46432	13698326	-60657	13637716	-49902	-50094	-58893	-59072	-46385	-60610
ENSMUST00000105902	GACTTGGATGAGGACTTTCTTTTCACAGAACCGTTGCCTCCCCCCCT	144411108	144186819	224289	144186989	224119	144192416	218692	144192530	218578	144180073	231035	144259064	152044	144411155	224336	224166	218739	218625	231082	152091
ENSMUST00000105902	GACTTGGATGAGGACTTTCTTTTCACAGAACCGTTGCCTCCCCCCCT	144411108	144396637	14471	144396646	14462	144398240	12868	144398261	12847	144396431	14677	144405329	5779	144411155	14518	14509	12915	12894	14724	5826
ENSMUST00000105902	GACTTGGATGAGGACTTTCTTTTCACAGAACCGTTGCCTCCCCCCCT	144411108	144405329	5779	144405460	5648	144409461	1647	144411868	-760	144396431	14677	144420558	-9450	144411155	5826	5695	1694	-713	14724	-9403
ENSMUST00000105902	GACTTGGATGAGGACTTTCTTTTCACAGAACCGTTGCCTCCCCCCCT	144411108	144407120	3988	144407232	3876	144408055	3053	144408076	3032	144405460	5648	144409461	1647	144411155	4035	3923	3100	3079	5695	1694
ENSMUST00000034960	TTTCCTGGAAGCCCCTTTTGGATCTTTTTCAGGCGACACTAGACTAT	65042348	65053044	-10696	65053173	-10825	65053768	-11420	65053830	-11482	65051500	-9152	65054418	-12070	65043705	-9339	-9468	-10063	-10125	-7795	-10713
ENSMUST00000034960	TTTCCTGGAAGCCCCTTTTGGATCTTTTTCAGGCGACACTAGACTAT	65042348	65066350	-24002	65066496	-24148	65074438	-32090	65074585	-32237	65063954	-21606	65075735	-33387	65043705	-22645	-22791	-30733	-30880	-20249	-32030
ENSMUST00000113918	GCTGACAAACCAGCAGGAAGCGTCTGTAGAGAGGCAGCAGCAGCCGCC	83191273	83183935	7338	83183956	7317	83186427	4846	83186445	4828	83183333	7940	83187763	3510	83191321	7386	7365	4894	4876	7988	3558
ENSMUST00000113918	GCTGACAAACCAGCAGGAAGCGTCTGTAGAGAGGCAGCAGCAGCCGCC	83191273	83183935	7338	83183956	7317	83187763	3510	83187784	3489	83183333	7940	83189076	2197	83191321	7386	7365	3558	3537	7988	2245
ENSMUST00000033018	AGAACTGCAGTAGTCACTCAAATTATGATTCAACATTTTAATCCTTGG	113568471	113553641	14830	113553813	14658	113554116	14355	113554288	14183	113552002	16469	113561375	7096	113568519	14878	14706	14403	14231	16517	7144
ENSMUST00000032192	AACTGAAGAACAATGCTTCGAAGCTGCTACTGGCCATCATGGAAAGCA	108485283	108236977	248306	108237085	248198	108241263	244020	108241334	243949	108214278	271005	108339506	145777	108485331	248354	248246	244068	243997	271053	145825
ENSMUST00000032192	AACTGAAGAACAATGCTTCGAAGCTGCTACTGGCCATCATGGAAAGCA	108485283	108523287	-38004	108523448	-38165	108541902	-56619	108542064	-56781	108519450	-34167	108549752	-64469	108485331	-37956	-38117	-56571	-56733	-34119	-64421
ENSMUST00000032192	AACTGAAGAACAATGCTTCGAAGCTGCTACTGGCCATCATGGAAAGCA	108485283	108236977	248306	108237085	248198	108241263	244020	108241334	243949	108214278	271005	108339506	145777	108485331	248354	248246	244068	243997	271053	145825
ENSMUST00000032192	AACTGAAGAACAATGCTTCGAAGCTGCTACTGGCCATCATGGAAAGCA	108485283	108523287	-38004	108523448	-38165	108541902	-56619	108542064	-56781	108519450	-34167	108549752	-64469	108485331	-37956	-38117	-56571	-56733	-34119	-64421
ENSMUST00000032192	AACTGAAGAACAATGCTTCGAAGCTGCTACTGGCCATCATGGAAAGCA	108485283	108236977	248306	108237085	248198	108241263	244020	108241334	243949	108214278	271005	108339506	145777	108485331	248354	248246	244068	243997	271053	145825
ENSMUST00000032192	AACTGAAGAACAATGCTTCGAAGCTGCTACTGGCCATCATGGAAAGCA	108485283	108523287	-38004	108523448	-38165	108541902	-56619	108542064	-56781	108519450	-34167	108549752	-64469	108485331	-37956	-38117	-56571	-56733	-34119	-64421
ENSMUST00000038207	CAAAGTGATCGACTTAACTCCACCATGGGAACACTACTGCACAAAAGA	101616579	101597800	18779	101597951	18628	101606588	9991	101606711	9868	101508182	108397	101611224	5355	101616627	18827	18676	10039	9916	108445	5403
ENSMUST00000038207	CAAAGTGATCGACTTAACTCCACCATGGGAACACTACTGCACAAAAGA	101616579	101597800	18779	101597951	18628	101606588	9991	101606711	9868	101532062	84517	101611224	5355	101616627	18827	18676	10039	9916	84565	5403
ENSMUST00000038207	CAAAGTGATCGACTTAACTCCACCATGGGAACACTACTGCACAAAAGA	101616579	101598950	17629	101599000	17579	101599094	17485	101599243	17336	101597951	18628	101606588	9991	101616627	17677	17627	17533	17384	18676	10039
ENSMUST00000038207	CAAAGTGATCGACTTAACTCCACCATGGGAACACTACTGCACAAAAGA	101616579	101625692	-9113	101625761	-9182	101628036	-11457	101628156	-11577	101623795	-7216	101634990	-18411	101616627	-9065	-9134	-11409	-11529	-7168	-18363
ENSMUST00000159050	CGAGATGAATGGCTCCCTCACCAGCCCAAGCGCCTATGCTGGCCTACA	61410018	61373952	36066	61374053	35965	61374514	35504	61374578	35440	61373461	36557	61375528	34490	61410066	36114	36013	35552	35488	36605	34538
ENSMUST00000164930	CAAGAAGCCCACTTCCACTAAGCCTAGCTCCTCTGCTCCCAGGGTGAG	110068846	109978849	89997	109979091	89755	109999771	69075	109999840	69006	109931940	136906	110026100	42746	110068894	90045	89803	69123	69054	136954	42794
ENSMUST00000164930	CAAGAAGCCCACTTCCACTAAGCCTAGCTCCTCTGCTCCCAGGGTGAG	110068846	109999771	69075	109999840	69006	110026100	42746	110026223	42623	109979091	89755	110027678	41168	110068894	69123	69054	42794	42671	89803	41216
ENSMUST00000164930	CAAGAAGCCCACTTCCACTAAGCCTAGCTCCTCTGCTCCCAGGGTGAG	110068846	110032098	36748	110032233	36613	110034372	34474	110035506	33340	110027792	41054	110036741	32105	110068894	36796	36661	34522	33388	41102	32153
ENSMUST00000164930	CAAGAAGCCCACTTCCACTAAGCCTAGCTCCTCTGCTCCCAGGGTGAG	110068846	110071025	-2179	110071139	-2293	110072612	-3766	110072705	-3859	110068985	-139	110078002	-9156	110068894	-2131	-2245	-3718	-3811	-91	-9108
ENSMUST00000164930	CAAGAAGCCCACTTCCACTAAGCCTAGCTCCTCTGCTCCCAGGGTGAG	110068846	110072612	-3766	110072705	-3859	110078002	-9156	110078084	-9238	110068985	-139	110081420	-12574	110068894	-3718	-3811	-9108	-9190	-91	-12526
ENSMUST00000164930	CAAGAAGCCCACTTCCACTAAGCCTAGCTCCTCTGCTCCCAGGGTGAG	110068846	110079780	-10934	110079893	-11047	110081420	-12574	110081610	-12764	110078084	-9238	110081734	-12888	110068894	-10886	-10999	-12526	-12716	-9190	-12840
ENSMUST00000112008	ACGACCATTCCTTGGCACCTGCTGTGTTCGCCTCCTCGTCCAACAGCT	115994267	115952451	41816	115952649	41618	115961143	33124	115961197	33070	115948081	46186	115967887	26380	115994315	41864	41666	33172	33118	46234	26428
ENSMUST00000168361	TAAACAAGATGATGAGGACTCTAAAATAAATGGCAGAGGTTTGCCAAA	8710252	8744614	-34362	8744743	-34491	8747156	-36904	8747294	-37042	8744466	-34214	8748110	-37858	8710300	-34314	-34443	-36856	-36994	-34166	-37810
ENSMUST00000115731	CTTGACAGAGTACGTAGCCACACGTTGGTACAGAGCTCCAGAAATTATG	17023511	17026357	-2846	17026489	-2978	17035441	-11930	17035551	-12040	17026140	-2629	17038313	-14802	17023560	-2797	-2929	-11881	-11991	-2580	-14753
ENSMUST00000115731	CTTGACAGAGTACGTAGCCACACGTTGGTACAGAGCTCCAGAAATTATG	17023511	17035441	-11930	17035551	-12040	17038313	-14802	17038434	-14923	17026489	-2978	17043685	-20174	17023560	-11881	-11991	-14753	-14874	-2929	-20125
ENSMUST00000115731	CTTGACAGAGTACGTAGCCACACGTTGGTACAGAGCTCCAGAAATTATG	17023511	17035441	-11930	17035551	-12040	17038313	-14802	17038439	-14928	17026489	-2978	17043685	-20174	17023560	-11881	-11991	-14753	-14879	-2929	-20125
ENSMUST00000079258	TTTCACTGCCGGACTTAGGCTGGTGATGCCCCTTCCCCAGCCCCAGTCA	27281642	27266726	14916	27266801	14841	27268778	12864	27268919	12723	27266629	15013	27273954	7688	27281691	14965	14890	12913	12772	15062	7737
ENSMUST00000079258	TTTCACTGCCGGACTTAGGCTGGTGATGCCCCTTCCCCAGCCCCAGTCA	27281642	27268778	12864	27268919	12723	27273954	7688	27274144	7498	27266801	14841	27276626	5016	27281691	12913	12772	7737	7547	14890	5065
ENSMUST00000025729	AAAAATTGTACAACTGTTACTGCACCATGGGGCTGATGTCCATGCTAAA	36852845	36873796	-20951	36874016	-21171	36876184	-23339	36876373	-23528	36872588	-19743	36879234	-26389	36852894	-20902	-21122	-23290	-23479	-19694	-26340
ENSMUST00000192069	TGGTGTCAGACACAAACATAAATTCCCATCCCAGGGCCTAGGCAGTACA	159930307	159849985	80322	159850545	79762	159858176	72131	159858440	71867	159737611	192696	159861209	69098	159930356	80371	79811	72180	71916	192745	69147
ENSMUST00000162372	AAATCTGTTCAAACACCAGATCCTTCTCACCCGTACGGCTTTTCAAATA	67339984	67326852	13132	67326952	13032	67327697	12287	67327790	12194	67315845	24139	67328441	11543	67342121	15269	15169	14424	14331	26276	13680
ENSMUST00000162372	AAATCTGTTCAAACACCAGATCCTTCTCACCCGTACGGCTTTTCAAATA	67339984	67349781	-9797	67349911	-9927	67352651	-12667	67352765	-12781	67348085	-8101	67354531	-14547	67342121	-7660	-7790	-10530	-10644	-5964	-12410
ENSMUST00000009099	TATTTTTATTACTTTTTTGTAGATGAACTTGAGCTCTGTAACTTACACC	113137050	113133540	3510	113133576	3474	113135796	1254	113135828	1222	113133337	3713	113136280	770	113137099	3559	3523	1303	1271	3762	819
ENSMUST00000212571	ATCCCAAGTGTACATGGCTGACGACCCCTAAGAGCACCTGGCCCCGGTA	123388593	123381399	7194	123381561	7032	123382526	6067	123382601	5992	123374064	14529	123383324	5269	123388642	7243	7081	6116	6041	14578	5318
ENSMUST00000080210	TATCAGCCTACGCCTGCATCATTCCCACTCAGTGCACCAGTGGAACTTGT	102789536	102748468	41068	102748595	40941	102755906	33630	102756140	33396	102743973	45563	102761014	28522	102789586	41118	40991	33680	33446	45613	28572
ENSMUST00000111807	CATCATCAAGACCTACCGCAGCTCCTAGCCCACTGCAGAGCCCCACCTGC	47257633	47253118	4515	47253808	3825	47256711	922	47256858	775	47240671	16962	47257416	217	47257683	4565	3875	972	825	17012	267
ENSMUST00000020706	ATCCTTTTCCTGGCGCTGTTCGTGGTCACCAATGTCCGATCCCTGCAGGT	7063894	7130275	-66381	7130403	-66509	7137272	-73378	7137431	-73537	7109112	-45218	7138286	-74392	7063944	-66331	-66459	-73328	-73487	-45168	-74342
ENSMUST00000020706	ATCCTTTTCCTGGCGCTGTTCGTGGTCACCAATGTCCGATCCCTGCAGGT	7063894	7130275	-66381	7130403	-66509	7137272	-73378	7137431	-73537	7109112	-45218	7138286	-74392	7063944	-66331	-66459	-73328	-73487	-45168	-74342
ENSMUST00000108344	ATACCAGGCACCCCTTCCTTACAGCCCTCAAGTATGCCTTCCAGACCCAT	27632467	27629295	3172	27629427	3040	27632417	50	27632483	-16	27628990	3477	27633198	-731	27633233	3938	3806	816	750	4243	35
ENSMUST00000108344	ATACCAGGCACCCCTTCCTTACAGCCCTCAAGTATGCCTTCCAGACCCAT	27632467	27629334	3133	27629427	3040	27632417	50	27632483	-16	27628990	3477	27633198	-731	27633233	3899	3806	816	750	4243	35
ENSMUST00000108344	ATACCAGGCACCCCTTCCTTACAGCCCTCAAGTATGCCTTCCAGACCCAT	27632467	27632417	50	27632483	-16	27633198	-731	27633267	-800	27629427	3040	27634561	-2094	27633233	816	750	35	-34	3806	-1328
ENSMUST00000114018	AAAGTTGCCATCATCCGCACTCCTCCAAAGTCCCCAGCTACTCCTAAGCA	66425390	66251661	173729	66251712	173678	66322403	102987	66322468	102922	66175495	249895	66362202	63188	66425440	173779	173728	103037	102972	249945	63238
ENSMUST00000114018	AAAGTTGCCATCATCCGCACTCCTCCAAAGTCCCCAGCTACTCCTAAGCA	66425390	66251661	173729	66251712	173678	66362202	63188	66362280	63110	66175495	249895	66380488	44902	66425440	173779	173728	63238	63160	249945	44952
ENSMUST00000114018	AAAGTTGCCATCATCCGCACTCCTCCAAAGTCCCCAGCTACTCCTAAGCA	66425390	66322403	102987	66322468	102922	66362202	63188	66362280	63110	66251712	173678	66380488	44902	66425440	103037	102972	63238	63160	173728	44952
ENSMUST00000114018	AAAGTTGCCATCATCCGCACTCCTCCAAAGTCCCCAGCTACTCCTAAGCA	66425390	66322403	102987	66322468	102922	66380488	44902	66380773	44617	66251712	173678	66399388	26002	66425440	103037	102972	44952	44667	173728	26052
ENSMUST00000114018	AAAGTTGCCATCATCCGCACTCCTCCAAAGTCCCCAGCTACTCCTAAGCA	66425390	66362202	63188	66362280	63110	66380488	44902	66380773	44617	66322468	102922	66399388	26002	66425440	63238	63160	44952	44667	102972	26052
ENSMUST00000114018	AAAGTTGCCATCATCCGCACTCCTCCAAAGTCCCCAGCTACTCCTAAGCA	66425390	66412406	12984	66416147	9243	66416343	9047	66416550	8840	66401521	23869	66416731	8659	66425440	13034	9293	9097	8890	23919	8709
ENSMUST00000114018	AAAGTTGCCATCATCCGCACTCCTCCAAAGTCCCCAGCTACTCCTAAGCA	66425390	66416343	9047	66416550	8840	66416731	8659	66416866	8524	66416147	9243	66420134	5256	66425440	9097	8890	8709	8574	9293	5306
ENSMUST00000037526	TAAACAATGCCCCCATCCTGTGCGTCCAGTCTCACCTTGGCCATGAAGAA	59815389	59724660	90729	59724849	90540	59758464	56925	59758569	56820	59699427	115962	59771131	44258	59815439	90779	90590	56975	56870	116012	44308
ENSMUST00000110082	ATGTCAGAAGCCCCTCTGTCCACACACAAAGTCTGCATGTATTGGTCGGT	100206563	100203574	2989	100203718	2845	100205612	951	100205719	844	100202423	4140	100206097	466	100206613	3039	2895	1001	894	4190	516
ENSMUST00000110082	ATGTCAGAAGCCCCTCTGTCCACACACAAAGTCTGCATGTATTGGTCGGT	100206563	100203574	2989	100203718	2845	100205612	951	100205719	844	100202423	4140	100206097	466	100206613	3039	2895	1001	894	4190	516
ENSMUST00000238701	GACAAGACACCCATGTCTGAGCGGCTGGATGACACGGAACCATACTTCAT	84461572	84614694	-153122	84614791	-153219	84615573	-154001	84615670	-154098	84612412	-150840	84617791	-156219	84462713	-151981	-152078	-152860	-152957	-149699	-155078
ENSMUST00000102888	TCTCTCTTTCTTTTTTAATCTGTGGCTGTGAACTTGAATGACCACTGCTC	60987871	60955536	32335	60955639	32232	60957103	30768	60957187	30684	60952357	35514	60957299	30572	60987921	32385	32282	30818	30734	35564	30622
ENSMUST00000102888	TCTCTCTTTCTTTTTTAATCTGTGGCTGTGAACTTGAATGACCACTGCTC	60987871	60977939	9932	60978015	9856	60980059	7812	60980154	7717	60970042	17829	60984325	3546	60987921	9982	9906	7862	7767	17879	3596
ENSMUST00000098070	TTTTTTGCCAGCACTGTGATTATGGGAACCGGACGGTCAAAGGCGTCCTC	55011585	55060013	-48428	55060237	-48652	55072972	-61387	55073105	-61520	55051327	-39742	55079263	-67678	55011635	-48378	-48602	-61337	-61470	-39692	-67628
ENSMUST00000097785	AATCATGTTCAGCACCTCCAGTCAGCCTGTGCGAGCTCACACCAGTTTCA	34227833	34296741	-68908	34296759	-68926	34299720	-71887	34299838	-72005	34295536	-67703	34302829	-74996	34227883	-68858	-68876	-71837	-71955	-67653	-74946
ENSMUST00000097785	AATCATGTTCAGCACCTCCAGTCAGCCTGTGCGAGCTCACACCAGTTTCA	34227833	34296741	-68908	34296759	-68926	34299720	-71887	34299838	-72005	34295536	-67703	34302829	-74996	34227883	-68858	-68876	-71837	-71955	-67653	-74946
ENSMUST00000027521	AAAGGAGACAGAGAAGCGTGTAAAGTAACGGAGAGAGGTGCCTATAATGGA	89895210	89743727	151483	89743896	151314	89766305	128905	89766464	128746	89726065	169145	89789162	106048	89895261	151534	151365	128956	128797	169196	106099
ENSMUST00000027521	AAAGGAGACAGAGAAGCGTGTAAAGTAACGGAGAGAGGTGCCTATAATGGA	89895210	89766305	128905	89766464	128746	89789162	106048	89789324	105886	89743896	151314	89834433	60777	89895261	128956	128797	106099	105937	151365	60828
ENSMUST00000167020	AGCATCTACTTTATCCAAACTGCCTACACCCACAGCTTCTCTCCCTGCACA	7910763	7901495	9268	7901602	9161	7910515	248	7910824	-61	7871744	39019	7916051	-5288	7910814	9319	9212	299	-10	39070	-5237
ENSMUST00000167020	AGCATCTACTTTATCCAAACTGCCTACACCCACAGCTTCTCTCCCTGCACA	7910763	7910515	248	7910824	-61	7916051	-5288	7916297	-5534	7906044	4719	7917552	-6789	7910814	299	-10	-5237	-5483	4770	-6738
ENSMUST00000003123	TGAAAGAATGACAAATCCGTGGAGCTGACATGTCTGGAATAAAGTGAATAC	72222970	72219940	3030	72220082	2888	72221927	1043	72221981	989	72219860	3110	72222181	789	72223021	3081	2939	1094	1040	3161	840
ENSMUST00000201702	ACCCAGATGAGCAGACCTCACGAACCCTCACCCTCATCGCCAAGGTCATCCA	26959783	26944632	15151	26944754	15029	26946632	13151	26946738	13045	26941518	18265	26952561	7222	26959835	15203	15081	13203	13097	18317	7274
ENSMUST00000025729	GTTTATATTTACGTACTTTTCAAAGTTTGGCCTATGTTACTCTGTGTGGATC	36892535	36873796	18739	36874016	18519	36876184	16351	36876373	16162	36872588	19947	36879234	13301	36892587	18791	18571	16403	16214	19999	13353
ENSMUST00000004172	ATCCTACCCCAAGTGACCTGTTCTATCCCCATCTCCACCTCTGCCTAAAACT	4766132	4762558	3574	4762677	3455	4763728	2404	4763846	2286	4726471	39661	4764605	1527	4766184	3626	3507	2456	2338	39713	1579
ENSMUST00000004172	ATCCTACCCCAAGTGACCTGTTCTATCCCCATCTCCACCTCTGCCTAAAACT	4766132	4762558	3574	4762677	3455	4763728	2404	4763846	2286	4757112	9020	4764605	1527	4766184	3626	3507	2456	2338	9072	1579
ENSMUST00000004172	ATCCTACCCCAAGTGACCTGTTCTATCCCCATCTCCACCTCTGCCTAAAACT	4766132	4762558	3574	4762677	3455	4763728	2404	4763846	2286	4757170	8962	4764605	1527	4766184	3626	3507	2456	2338	9014	1579
ENSMUST00000149756	TGGCCCAGTGGTGTACGCAGGGAGACTTACTGGCAGTTGCTGGGATGGAGCA	6206902	6176828	30074	6176957	29945	6185136	21766	6185298	21604	6139156	67746	6198671	8231	6206954	30126	29997	21818	21656	67798	8283
ENSMUST00000149756	TGGCCCAGTGGTGTACGCAGGGAGACTTACTGGCAGTTGCTGGGATGGAGCA	6206902	6185136	21766	6185298	21604	6198671	8231	6198852	8050	6176957	29945	6201699	5203	6206954	21818	21656	8283	8102	29997	5255
ENSMUST00000149756	TGGCCCAGTGGTGTACGCAGGGAGACTTACTGGCAGTTGCTGGGATGGAGCA	6206902	6198671	8231	6198852	8050	6206890	12	6207057	-155	6185298	21604	6213383	-6481	6206954	8283	8102	64	-103	21656	-6429
ENSMUST00000026292	GGATGATGAAGGTGAAGAAGGAGATGAAGATGATGACGACGATGGTTCTGAGA	151907331	151806719	100612	151806860	100471	151835223	72108	151835292	72039	151803569	103762	151840055	67276	151907384	100665	100524	72161	72092	103815	67329
ENSMUST00000026292	GGATGATGAAGGTGAAGAAGGAGATGAAGATGATGACGACGATGGTTCTGAGA	151907331	151806719	100612	151806860	100471	151835223	72108	151835292	72039	151803569	103762	151840055	67276	151907384	100665	100524	72161	72092	103815	67329
ENSMUST00000168361	TTTTAATCGCACTCCTGGAAGTCGCCAAGCCTCTCCAACTGAAGTAGTTGAGC	8713360	8744614	-31254	8744743	-31383	8747156	-33796	8747294	-33934	8744466	-31106	8748110	-34750	8713412	-31202	-31331	-33744	-33882	-31054	-34698
ENSMUST00000030039	GTGCATCACAACTACCACCACCTCCTCCTCTCCTTGGGTCTGATAGTCAGGGA	174608843	174581915	26928	174582063	26780	174593060	15783	174593116	15727	174537211	71632	174608381	462	174608896	26981	26833	15836	15780	71685	515
ENSMUST00000030039	GTGCATCACAACTACCACCACCTCCTCCTCTCCTTGGGTCTGATAGTCAGGGA	174608843	174647105	-38262	174647193	-38350	174666642	-57799	174666704	-57861	174612651	-3808	174694186	-85343	174608896	-38209	-38297	-57746	-57808	-3755	-85290
ENSMUST00000074622	ATGGCCTTCTGGGAAGCTTCTCCGAGGAAACCCACTCCTGCACATGCCCCAAC	146901061	146514667	386394	146514953	386108	146682575	218486	146682766	218295	146496077	404984	146701655	199406	146901114	386447	386161	218539	218348	405037	199459
ENSMUST00000074622	ATGGCCTTCTGGGAAGCTTCTCCGAGGAAACCCACTCCTGCACATGCCCCAAC	146901061	146514667	386394	146514953	386108	146682575	218486	146682766	218295	146497740	403321	146701655	199406	146901114	386447	386161	218539	218348	403374	199459
ENSMUST00000074622	ATGGCCTTCTGGGAAGCTTCTCCGAGGAAACCCACTCCTGCACATGCCCCAAC	146901061	146682575	218486	146682766	218295	146701655	199406	146701846	199215	146514953	386108	146746479	154582	146901114	218539	218348	199459	199268	386161	154635
ENSMUST00000074622	ATGGCCTTCTGGGAAGCTTCTCCGAGGAAACCCACTCCTGCACATGCCCCAAC	146901061	146751754	149307	146751991	149070	146831560	69501	146831783	69278	146746585	154476	146901000	61	146901114	149360	149123	69554	69331	154529	114
ENSMUST00000114015	ACTCAGTCAGAAAATTAAAAGAAAGAAGCCAGAACATACCACCAGCCGTTTGA	66322451	66251661	70790	66251712	70739	66322403	48	66322468	-17	66175495	146956	66362202	-39751	66362239	110578	110527	39836	39771	186744	37
ENSMUST00000114015	ACTCAGTCAGAAAATTAAAAGAAAGAAGCCAGAACATACCACCAGCCGTTTGA	66322451	66251661	70790	66251712	70739	66362202	-39751	66362280	-39829	66175495	146956	66380488	-58037	66362239	110578	110527	37	-41	186744	-18249
ENSMUST00000114015	ACTCAGTCAGAAAATTAAAAGAAAGAAGCCAGAACATACCACCAGCCGTTTGA	66322451	66322403	48	66322468	-17	66362202	-39751	66362280	-39829	66251712	70739	66380488	-58037	66362239	39836	39771	37	-41	110527	-18249
ENSMUST00000114015	ACTCAGTCAGAAAATTAAAAGAAAGAAGCCAGAACATACCACCAGCCGTTTGA	66322451	66322403	48	66322468	-17	66380488	-58037	66380773	-58322	66251712	70739	66399388	-76937	66362239	39836	39771	-18249	-18534	110527	-37149
ENSMUST00000114015	ACTCAGTCAGAAAATTAAAAGAAAGAAGCCAGAACATACCACCAGCCGTTTGA	66322451	66362202	-39751	66362280	-39829	66380488	-58037	66380773	-58322	66322468	-17	66399388	-76937	66362239	37	-41	-18249	-18534	39771	-37149
ENSMUST00000114015	ACTCAGTCAGAAAATTAAAAGAAAGAAGCCAGAACATACCACCAGCCGTTTGA	66322451	66412406	-89955	66416147	-93696	66416343	-93892	66416550	-94099	66401521	-79070	66416731	-94280	66362239	-50167	-53908	-54104	-54311	-39282	-54492
ENSMUST00000114015	ACTCAGTCAGAAAATTAAAAGAAAGAAGCCAGAACATACCACCAGCCGTTTGA	66322451	66416343	-93892	66416550	-94099	66416731	-94280	66416866	-94415	66416147	-93696	66420134	-97683	66362239	-54104	-54311	-54492	-54627	-53908	-57895
ENSMUST00000114015	ACTCAGTCAGAAAATTAAAAGAAAGAAGCCAGAACATACCACCAGCCGTTTGA	66322451	66251661	70790	66251712	70739	66322403	48	66322468	-17	66175495	146956	66362202	-39751	66362239	110578	110527	39836	39771	186744	37
ENSMUST00000114015	ACTCAGTCAGAAAATTAAAAGAAAGAAGCCAGAACATACCACCAGCCGTTTGA	66322451	66251661	70790	66251712	70739	66362202	-39751	66362280	-39829	66175495	146956	66380488	-58037	66362239	110578	110527	37	-41	186744	-18249
ENSMUST00000114015	ACTCAGTCAGAAAATTAAAAGAAAGAAGCCAGAACATACCACCAGCCGTTTGA	66322451	66322403	48	66322468	-17	66362202	-39751	66362280	-39829	66251712	70739	66380488	-58037	66362239	39836	39771	37	-41	110527	-18249
ENSMUST00000114015	ACTCAGTCAGAAAATTAAAAGAAAGAAGCCAGAACATACCACCAGCCGTTTGA	66322451	66322403	48	66322468	-17	66380488	-58037	66380773	-58322	66251712	70739	66399388	-76937	66362239	39836	39771	-18249	-18534	110527	-37149
ENSMUST00000114015	ACTCAGTCAGAAAATTAAAAGAAAGAAGCCAGAACATACCACCAGCCGTTTGA	66322451	66362202	-39751	66362280	-39829	66380488	-58037	66380773	-58322	66322468	-17	66399388	-76937	66362239	37	-41	-18249	-18534	39771	-37149
ENSMUST00000114015	ACTCAGTCAGAAAATTAAAAGAAAGAAGCCAGAACATACCACCAGCCGTTTGA	66322451	66412406	-89955	66416147	-93696	66416343	-93892	66416550	-94099	66401521	-79070	66416731	-94280	66362239	-50167	-53908	-54104	-54311	-39282	-54492
ENSMUST00000114015	ACTCAGTCAGAAAATTAAAAGAAAGAAGCCAGAACATACCACCAGCCGTTTGA	66322451	66416343	-93892	66416550	-94099	66416731	-94280	66416866	-94415	66416147	-93696	66420134	-97683	66362239	-54104	-54311	-54492	-54627	-53908	-57895
ENSMUST00000040179	ATACCAATTGCTCTTCTTTCTGCAGTCCTGCTGCTGTTCTTCTGCAGAGACTCC	85933347	85933281	66	85933674	-327	85939325	-5978	85939510	-6163	85932808	539	85956565	-23218	85933401	120	-273	-5924	-6109	593	-23164
ENSMUST00000040179	ATACCAATTGCTCTTCTTTCTGCAGTCCTGCTGCTGTTCTTCTGCAGAGACTCC	85933347	85939325	-5978	85939510	-6163	85956565	-23218	85956720	-23373	85933674	-327	85996000	-62653	85933401	-5924	-6109	-23164	-23319	-273	-62599
ENSMUST00000040179	ATACCAATTGCTCTTCTTTCTGCAGTCCTGCTGCTGTTCTTCTGCAGAGACTCC	85933347	85939328	-5981	85939510	-6163	85956565	-23218	85956720	-23373	85933674	-327	85996000	-62653	85933401	-5927	-6109	-23164	-23319	-273	-62599
ENSMUST00000106113	CATTCTGGACTGAGCTGAGCAACAGGCAGAGGGCGTTAGCCTCATTGTGAGGTT	121308316	121290743	17573	121290890	17426	121296028	12288	121296222	12094	121288078	20238	121296913	11403	121308370	17627	17480	12342	12148	20292	11457
ENSMUST00000106113	CATTCTGGACTGAGCTGAGCAACAGGCAGAGGGCGTTAGCCTCATTGTGAGGTT	121308316	121296028	12288	121296222	12094	121296222	12094	121296351	11965	121290890	17426	121296913	11403	121308370	12342	12148	12148	12019	17480	11457
ENSMUST00000106113	CATTCTGGACTGAGCTGAGCAACAGGCAGAGGGCGTTAGCCTCATTGTGAGGTT	121308316	121296028	12288	121296222	12094	121296913	11403	121297089	11227	121290890	17426	121298558	9758	121308370	12342	12148	11457	11281	17480	9812
ENSMUST00000020608	GCTCCAAACTATTGCTATCGTTGTGGTAACCAAGCTGCAATCATGGAACTTGAC	52120983	52118668	2315	52118758	2225	52119142	1841	52119304	1679	52118160	2823	52120932	51	52121037	2369	2279	1895	1733	2877	105
ENSMUST00000095797	CTGCTCACCATGTGAACATAGTACCTCAGTTCTGTCCTTGGCTGCAATCGTTGT	51150897	51127924	22973	51127973	22924	51139356	11541	51139610	11287	51123288	27609	51144301	6596	51150951	23027	22978	11595	11341	27663	6650
ENSMUST00000095797	CTGCTCACCATGTGAACATAGTACCTCAGTTCTGTCCTTGGCTGCAATCGTTGT	51150897	51139356	11541	51139610	11287	51144301	6596	51144535	6362	51127973	22924	51148961	1936	51150951	11595	11341	6650	6416	22978	1990
ENSMUST00000097785	ATCCTGACAACCCACTCAAGACGTCCATCCCCATCAAAGCCATCTGCGACTACA	34167047	34296741	-129694	34296759	-129712	34299720	-132673	34299838	-132791	34295536	-128489	34302829	-135782	34167286	-129455	-129473	-132434	-132552	-128250	-135543
ENSMUST00000097785	ATCCTGACAACCCACTCAAGACGTCCATCCCCATCAAAGCCATCTGCGACTACA	34167047	34296741	-129694	34296759	-129712	34299720	-132673	34299838	-132791	34295536	-128489	34302829	-135782	34167286	-129455	-129473	-132434	-132552	-128250	-135543
ENSMUST00000094639	AGAGGAACATGTGTCCTCAGCCACATCAATCACGGAGTGTGACAAACTCTCCTCC	121301885	121298596	3289	121298679	3206	121298905	2980	121299046	2839	121295542	6343	121299268	2617	121301940	3344	3261	3035	2894	6398	2672
ENSMUST00000094639	AGAGGAACATGTGTCCTCAGCCACATCAATCACGGAGTGTGACAAACTCTCCTCC	121301885	121298596	3289	121298679	3206	121298905	2980	121299046	2839	121295542	6343	121299268	2617	121301940	3344	3261	3035	2894	6398	2672
ENSMUST00000098266	ATGACCAGATTGAAGGTGGGAGAGGGCAGGACTGTGAATAGATTCTCAATGCTTT	99601633	99596022	5611	99596106	5527	99597035	4598	99597059	4574	99594758	6875	99598490	3143	99601688	5666	5582	4653	4629	6930	3198
ENSMUST00000098266	ATGACCAGATTGAAGGTGGGAGAGGGCAGGACTGTGAATAGATTCTCAATGCTTT	99601633	99597035	4598	99597059	4574	99598490	3143	99598561	3072	99596106	5527	99599800	1833	99601688	4653	4629	3198	3127	5582	1888
ENSMUST00000098266	ATGACCAGATTGAAGGTGGGAGAGGGCAGGACTGTGAATAGATTCTCAATGCTTT	99601633	99598490	3143	99598561	3072	99599800	1833	99599852	1781	99597059	4574	99601097	536	99601688	3198	3127	1888	1836	4629	591
ENSMUST00000032451	CTGGTTTTATCTCTGAACTTCCCTGGCCACCCTCCTCTGTGCCCTGGGACCAGTT	114248100	114134598	113502	114134733	113367	114134849	113251	114134990	113110	114131517	116583	114138900	109200	114248155	113557	113422	113306	113165	116638	109255
ENSMUST00000032451	CTGGTTTTATCTCTGAACTTCCCTGGCCACCCTCCTCTGTGCCCTGGGACCAGTT	114248100	114134849	113251	114134990	113110	114138900	109200	114138991	109109	114134733	113367	114162040	86060	114248155	113306	113165	109255	109164	113422	86115
ENSMUST00000032451	CTGGTTTTATCTCTGAACTTCCCTGGCCACCCTCCTCTGTGCCCTGGGACCAGTT	114248100	114138900	109200	114138991	109109	114162040	86060	114162173	85927	114134990	113110	114194610	53490	114248155	109255	109164	86115	85982	113165	53545
ENSMUST00000032451	CTGGTTTTATCTCTGAACTTCCCTGGCCACCCTCCTCTGTGCCCTGGGACCAGTT	114248100	114162040	86060	114162173	85927	114194610	53490	114194745	53355	114138991	109109	114225822	22278	114248155	86115	85982	53545	53410	109164	22333
ENSMUST00000032451	CTGGTTTTATCTCTGAACTTCCCTGGCCACCCTCCTCTGTGCCCTGGGACCAGTT	114248100	114243865	4235	114243968	4132	114245605	2495	114245776	2324	114238496	9604	114247587	513	114248155	4290	4187	2550	2379	9659	568
ENSMUST00000032451	CTGGTTTTATCTCTGAACTTCCCTGGCCACCCTCCTCTGTGCCCTGGGACCAGTT	114248100	114244809	3291	114244910	3190	114245605	2495	114245776	2324	114243968	4132	114247587	513	114248155	3346	3245	2550	2379	4187	568
ENSMUST00000074015	ATTTTTTCCCAATGATCTTATTCTACACCTAAGTCCTGCTATACCCTGTGGTCCT	157315755	156859436	456319	156859669	456086	157069165	246590	157069297	246458	156562352	753403	157146211	169544	157315810	456374	456141	246645	246513	753458	169599
ENSMUST00000074015	ATTTTTTCCCAATGATCTTATTCTACACCTAAGTCCTGCTATACCCTGTGGTCCT	157315755	157016181	299574	157016307	299448	157069165	246590	157069297	246458	156859669	456086	157146211	169544	157315810	299629	299503	246645	246513	456141	169599
ENSMUST00000074015	ATTTTTTCCCAATGATCTTATTCTACACCTAAGTCCTGCTATACCCTGTGGTCCT	157315755	157016181	299574	157016307	299448	157146211	169544	157146332	169423	156859669	456086	157160585	155170	157315810	299629	299503	169599	169478	456141	155225
ENSMUST00000074015	ATTTTTTCCCAATGATCTTATTCTACACCTAAGTCCTGCTATACCCTGTGGTCCT	157315755	157069165	246590	157069297	246458	157146211	169544	157146332	169423	157016307	299448	157160585	155170	157315810	246645	246513	169599	169478	299503	155225
ENSMUST00000074015	ATTTTTTCCCAATGATCTTATTCTACACCTAAGTCCTGCTATACCCTGTGGTCCT	157315755	157146211	169544	157146332	169423	157160585	155170	157160737	155018	157069297	246458	157312785	2970	157315810	169599	169478	155225	155073	246513	3025
ENSMUST00000182356	ACCAAGTATGAAACCACGATTTTCTGATACCCGCCGCCCCGTCCTCGCGGTGCCT	90969900	90577088	392812	90577195	392705	90644457	325443	90644556	325344	90512875	457025	90680766	289134	90969955	392867	392760	325498	325399	457080	289189
ENSMUST00000182356	ACCAAGTATGAAACCACGATTTTCTGATACCCGCCGCCCCGTCCTCGCGGTGCCT	90969900	90644457	325443	90644556	325344	90680766	289134	90680919	288981	90577195	392705	90895098	74802	90969955	325498	325399	289189	289036	392760	74857
ENSMUST00000182356	ACCAAGTATGAAACCACGATTTTCTGATACCCGCCGCCCCGTCCTCGCGGTGCCT	90969900	90680766	289134	90680919	288981	90895098	74802	90895206	74694	90644556	325344	90914692	55208	90969955	289189	289036	74857	74749	325399	55263
ENSMUST00000182356	ACCAAGTATGAAACCACGATTTTCTGATACCCGCCGCCCCGTCCTCGCGGTGCCT	90969900	90680766	289134	90680919	288981	90895098	74802	90895206	74694	90644556	325344	90914695	55205	90969955	289189	289036	74857	74749	325399	55260
ENSMUST00000182356	ACCAAGTATGAAACCACGATTTTCTGATACCCGCCGCCCCGTCCTCGCGGTGCCT	90969900	90680766	289134	90680919	288981	90895098	74802	90895206	74694	90644556	325344	90921295	48605	90969955	289189	289036	74857	74749	325399	48660
ENSMUST00000182356	ACCAAGTATGAAACCACGATTTTCTGATACCCGCCGCCCCGTCCTCGCGGTGCCT	90969900	90895098	74802	90895206	74694	90914692	55208	90914767	55133	90680919	288981	90921295	48605	90969955	74857	74749	55263	55188	289036	48660
ENSMUST00000182356	ACCAAGTATGAAACCACGATTTTCTGATACCCGCCGCCCCGTCCTCGCGGTGCCT	90969900	90895098	74802	90895206	74694	90914695	55205	90914767	55133	90680919	288981	90921295	48605	90969955	74857	74749	55260	55188	289036	48660
ENSMUST00000182356	ACCAAGTATGAAACCACGATTTTCTGATACCCGCCGCCCCGTCCTCGCGGTGCCT	90969900	90897246	72654	90897426	72474	90914692	55208	90914767	55133	90895206	74694	90921295	48605	90969955	72709	72529	55263	55188	74749	48660
ENSMUST00000182356	ACCAAGTATGAAACCACGATTTTCTGATACCCGCCGCCCCGTCCTCGCGGTGCCT	90969900	90897246	72654	90897426	72474	90914695	55205	90914767	55133	90895206	74694	90921295	48605	90969955	72709	72529	55260	55188	74749	48660
ENSMUST00000182356	ACCAAGTATGAAACCACGATTTTCTGATACCCGCCGCCCCGTCCTCGCGGTGCCT	90969900	90897246	72654	90897426	72474	90921295	48605	90921424	48476	90895206	74694	90940563	29337	90969955	72709	72529	48660	48531	74749	29392
ENSMUST00000182356	ACCAAGTATGAAACCACGATTTTCTGATACCCGCCGCCCCGTCCTCGCGGTGCCT	90969900	90897348	72552	90897426	72474	90921295	48605	90921424	48476	90895206	74694	90940563	29337	90969955	72607	72529	48660	48531	74749	29392
ENSMUST00000182356	ACCAAGTATGAAACCACGATTTTCTGATACCCGCCGCCCCGTCCTCGCGGTGCCT	90969900	90923530	46370	90923602	46298	90940563	29337	90940575	29325	90921424	48476	90941425	28475	90969955	46425	46353	29392	29380	48531	28530
ENSMUST00000232395	CATCTGAGGCTCATTCGGCTGCCTCTGTGGCCAAGTCCTCCCAGAGTCCACCCTT	94462564	94385335	77229	94385423	77141	94387336	75228	94387390	75174	94384934	77630	94388264	74300	94462619	77284	77196	75283	75229	77685	74355
ENSMUST00000232395	CATCTGAGGCTCATTCGGCTGCCTCTGTGGCCAAGTCCTCCCAGAGTCCACCCTT	94462564	94390201	72363	94390287	72277	94392014	70550	94392109	70455	94388385	74179	94393111	69453	94462619	72418	72332	70605	70510	74234	69508
ENSMUST00000232395	CATCTGAGGCTCATTCGGCTGCCTCTGTGGCCAAGTCCTCCCAGAGTCCACCCTT	94462564	94408553	54011	94408716	53848	94409683	52881	94409729	52835	94403368	59196	94410832	51732	94462619	54066	53903	52936	52890	59251	51787
ENSMUST00000232395	CATCTGAGGCTCATTCGGCTGCCTCTGTGGCCAAGTCCTCCCAGAGTCCACCCTT	94462564	94408553	54011	94408716	53848	94412059	50505	94412123	50441	94403368	59196	94415948	46616	94462619	54066	53903	50560	50496	59251	46671
ENSMUST00000232395	CATCTGAGGCTCATTCGGCTGCCTCTGTGGCCAAGTCCTCCCAGAGTCCACCCTT	94462564	94408553	54011	94408716	53848	94410832	51732	94410956	51608	94403368	59196	94415948	46616	94462619	54066	53903	51787	51663	59251	46671
ENSMUST00000232395	CATCTGAGGCTCATTCGGCTGCCTCTGTGGCCAAGTCCTCCCAGAGTCCACCCTT	94462564	94410832	51732	94410956	51608	94412059	50505	94412123	50441	94403368	59196	94415948	46616	94462619	51787	51663	50560	50496	59251	46671
ENSMUST00000232395	CATCTGAGGCTCATTCGGCTGCCTCTGTGGCCAAGTCCTCCCAGAGTCCACCCTT	94462564	94412059	50505	94412123	50441	94415948	46616	94416009	46555	94410956	51608	94416281	46283	94462619	50560	50496	46671	46610	51663	46338
ENSMUST00000232395	CATCTGAGGCTCATTCGGCTGCCTCTGTGGCCAAGTCCTCCCAGAGTCCACCCTT	94462564	94415948	46616	94416009	46555	94416281	46283	94416366	46198	94403368	59196	94418606	43958	94462619	46671	46610	46338	46253	59251	44013
ENSMUST00000232395	CATCTGAGGCTCATTCGGCTGCCTCTGTGGCCAAGTCCTCCCAGAGTCCACCCTT	94462564	94415948	46616	94416009	46555	94416281	46283	94416366	46198	94412123	50441	94418606	43958	94462619	46671	46610	46338	46253	50496	44013
ENSMUST00000232395	CATCTGAGGCTCATTCGGCTGCCTCTGTGGCCAAGTCCTCCCAGAGTCCACCCTT	94462564	94416281	46283	94416366	46198	94418606	43958	94418741	43823	94416009	46555	94419397	43167	94462619	46338	46253	44013	43878	46610	43222
ENSMUST00000232395	CATCTGAGGCTCATTCGGCTGCCTCTGTGGCCAAGTCCTCCCAGAGTCCACCCTT	94462564	94425086	37478	94425188	37376	94426150	36414	94426243	36321	94424187	38377	94426765	35799	94462619	37533	37431	36469	36376	38432	35854
ENSMUST00000232395	CATCTGAGGCTCATTCGGCTGCCTCTGTGGCCAAGTCCTCCCAGAGTCCACCCTT	94462564	94385335	77229	94385423	77141	94387336	75228	94387390	75174	94384934	77630	94388264	74300	94462619	77284	77196	75283	75229	77685	74355
ENSMUST00000232395	CATCTGAGGCTCATTCGGCTGCCTCTGTGGCCAAGTCCTCCCAGAGTCCACCCTT	94462564	94390201	72363	94390287	72277	94392014	70550	94392109	70455	94388385	74179	94393111	69453	94462619	72418	72332	70605	70510	74234	69508
ENSMUST00000232395	CATCTGAGGCTCATTCGGCTGCCTCTGTGGCCAAGTCCTCCCAGAGTCCACCCTT	94462564	94408553	54011	94408716	53848	94409683	52881	94409729	52835	94403368	59196	94410832	51732	94462619	54066	53903	52936	52890	59251	51787
ENSMUST00000232395	CATCTGAGGCTCATTCGGCTGCCTCTGTGGCCAAGTCCTCCCAGAGTCCACCCTT	94462564	94408553	54011	94408716	53848	94412059	50505	94412123	50441	94403368	59196	94415948	46616	94462619	54066	53903	50560	50496	59251	46671
ENSMUST00000232395	CATCTGAGGCTCATTCGGCTGCCTCTGTGGCCAAGTCCTCCCAGAGTCCACCCTT	94462564	94408553	54011	94408716	53848	94410832	51732	94410956	51608	94403368	59196	94415948	46616	94462619	54066	53903	51787	51663	59251	46671
ENSMUST00000232395	CATCTGAGGCTCATTCGGCTGCCTCTGTGGCCAAGTCCTCCCAGAGTCCACCCTT	94462564	94410832	51732	94410956	51608	94412059	50505	94412123	50441	94403368	59196	94415948	46616	94462619	51787	51663	50560	50496	59251	46671
ENSMUST00000232395	CATCTGAGGCTCATTCGGCTGCCTCTGTGGCCAAGTCCTCCCAGAGTCCACCCTT	94462564	94412059	50505	94412123	50441	94415948	46616	94416009	46555	94410956	51608	94416281	46283	94462619	50560	50496	46671	46610	51663	46338
ENSMUST00000232395	CATCTGAGGCTCATTCGGCTGCCTCTGTGGCCAAGTCCTCCCAGAGTCCACCCTT	94462564	94415948	46616	94416009	46555	94416281	46283	94416366	46198	94403368	59196	94418606	43958	94462619	46671	46610	46338	46253	59251	44013
ENSMUST00000232395	CATCTGAGGCTCATTCGGCTGCCTCTGTGGCCAAGTCCTCCCAGAGTCCACCCTT	94462564	94415948	46616	94416009	46555	94416281	46283	94416366	46198	94412123	50441	94418606	43958	94462619	46671	46610	46338	46253	50496	44013
ENSMUST00000232395	CATCTGAGGCTCATTCGGCTGCCTCTGTGGCCAAGTCCTCCCAGAGTCCACCCTT	94462564	94416281	46283	94416366	46198	94418606	43958	94418741	43823	94416009	46555	94419397	43167	94462619	46338	46253	44013	43878	46610	43222
ENSMUST00000232395	CATCTGAGGCTCATTCGGCTGCCTCTGTGGCCAAGTCCTCCCAGAGTCCACCCTT	94462564	94425086	37478	94425188	37376	94426150	36414	94426243	36321	94424187	38377	94426765	35799	94462619	37533	37431	36469	36376	38432	35854
ENSMUST00000232395	CATCTGAGGCTCATTCGGCTGCCTCTGTGGCCAAGTCCTCCCAGAGTCCACCCTT	94462564	94385335	77229	94385423	77141	94387336	75228	94387390	75174	94384934	77630	94388264	74300	94462619	77284	77196	75283	75229	77685	74355
ENSMUST00000232395	CATCTGAGGCTCATTCGGCTGCCTCTGTGGCCAAGTCCTCCCAGAGTCCACCCTT	94462564	94390201	72363	94390287	72277	94392014	70550	94392109	70455	94388385	74179	94393111	69453	94462619	72418	72332	70605	70510	74234	69508
ENSMUST00000232395	CATCTGAGGCTCATTCGGCTGCCTCTGTGGCCAAGTCCTCCCAGAGTCCACCCTT	94462564	94408553	54011	94408716	53848	94409683	52881	94409729	52835	94403368	59196	94410832	51732	94462619	54066	53903	52936	52890	59251	51787
ENSMUST00000232395	CATCTGAGGCTCATTCGGCTGCCTCTGTGGCCAAGTCCTCCCAGAGTCCACCCTT	94462564	94408553	54011	94408716	53848	94412059	50505	94412123	50441	94403368	59196	94415948	46616	94462619	54066	53903	50560	50496	59251	46671
ENSMUST00000232395	CATCTGAGGCTCATTCGGCTGCCTCTGTGGCCAAGTCCTCCCAGAGTCCACCCTT	94462564	94408553	54011	94408716	53848	94410832	51732	94410956	51608	94403368	59196	94415948	46616	94462619	54066	53903	51787	51663	59251	46671
ENSMUST00000232395	CATCTGAGGCTCATTCGGCTGCCTCTGTGGCCAAGTCCTCCCAGAGTCCACCCTT	94462564	94410832	51732	94410956	51608	94412059	50505	94412123	50441	94403368	59196	94415948	46616	94462619	51787	51663	50560	50496	59251	46671
ENSMUST00000232395	CATCTGAGGCTCATTCGGCTGCCTCTGTGGCCAAGTCCTCCCAGAGTCCACCCTT	94462564	94412059	50505	94412123	50441	94415948	46616	94416009	46555	94410956	51608	94416281	46283	94462619	50560	50496	46671	46610	51663	46338
ENSMUST00000232395	CATCTGAGGCTCATTCGGCTGCCTCTGTGGCCAAGTCCTCCCAGAGTCCACCCTT	94462564	94415948	46616	94416009	46555	94416281	46283	94416366	46198	94403368	59196	94418606	43958	94462619	46671	46610	46338	46253	59251	44013
ENSMUST00000232395	CATCTGAGGCTCATTCGGCTGCCTCTGTGGCCAAGTCCTCCCAGAGTCCACCCTT	94462564	94415948	46616	94416009	46555	94416281	46283	94416366	46198	94412123	50441	94418606	43958	94462619	46671	46610	46338	46253	50496	44013
ENSMUST00000232395	CATCTGAGGCTCATTCGGCTGCCTCTGTGGCCAAGTCCTCCCAGAGTCCACCCTT	94462564	94416281	46283	94416366	46198	94418606	43958	94418741	43823	94416009	46555	94419397	43167	94462619	46338	46253	44013	43878	46610	43222
ENSMUST00000232395	CATCTGAGGCTCATTCGGCTGCCTCTGTGGCCAAGTCCTCCCAGAGTCCACCCTT	94462564	94425086	37478	94425188	37376	94426150	36414	94426243	36321	94424187	38377	94426765	35799	94462619	37533	37431	36469	36376	38432	35854
ENSMUST00000021631	AGCTGCTGCAGAAGTACACCTGTCTGCCTCATATCATATCGAGTGACCAGATTTA	103593094	103586950	6144	103587120	5974	103587436	5658	103587556	5538	103585829	7265	103590778	2316	103593149	6199	6029	5713	5593	7320	2371
ENSMUST00000095737	GTTTACATTTTATGACTACTCGTACCTCCAAGGCTCAAAACTCAAATTCCCAATG	53140196	53025720	114476	53025841	114355	53069106	71090	53069253	70943	53010622	129574	53072289	67907	53140251	114531	114410	71145	70998	129629	67962
ENSMUST00000095737	GTTTACATTTTATGACTACTCGTACCTCCAAGGCTCAAAACTCAAATTCCCAATG	53140196	53104514	35682	53104730	35466	53139380	816	53142768	-2572	53072511	67685	53147810	-7614	53140251	35737	35521	871	-2517	67740	-7559
ENSMUST00000047865	AAGGACTCATTCTTAGCTTTAGGGGGGTTCCTGTCACTGAATCGAGTCGCTGCCCT	82585113	82554319	30794	82554750	30363	82572824	12289	82572926	12187	82522137	62976	82575171	9942	82585169	30850	30419	12345	12243	63032	9998
ENSMUST00000047865	AAGGACTCATTCTTAGCTTTAGGGGGGTTCCTGTCACTGAATCGAGTCGCTGCCCT	82585113	82561777	23336	82561855	23258	82572824	12289	82572926	12187	82554750	30363	82575171	9942	82585169	23392	23314	12345	12243	30419	9998
ENSMUST00000047865	AAGGACTCATTCTTAGCTTTAGGGGGGTTCCTGTCACTGAATCGAGTCGCTGCCCT	82585113	82561777	23336	82561855	23258	82578935	6178	82579058	6055	82554750	30363	82584111	1002	82585169	23392	23314	6234	6111	30419	1058
ENSMUST00000047865	AAGGACTCATTCTTAGCTTTAGGGGGGTTCCTGTCACTGAATCGAGTCGCTGCCCT	82585113	82572824	12289	82572926	12187	82575171	9942	82575207	9906	82554750	30363	82575600	9513	82585169	12345	12243	9998	9962	30419	9569
ENSMUST00000047865	AAGGACTCATTCTTAGCTTTAGGGGGGTTCCTGTCACTGAATCGAGTCGCTGCCCT	82585113	82572824	12289	82572926	12187	82575171	9942	82575207	9906	82561855	23258	82575600	9513	82585169	12345	12243	9998	9962	23314	9569
ENSMUST00000047865	AAGGACTCATTCTTAGCTTTAGGGGGGTTCCTGTCACTGAATCGAGTCGCTGCCCT	82585113	82575171	9942	82575207	9906	82575600	9513	82575633	9480	82572926	12187	82578935	6178	82585169	9998	9962	9569	9536	12243	6234
ENSMUST00000047865	AAGGACTCATTCTTAGCTTTAGGGGGGTTCCTGTCACTGAATCGAGTCGCTGCCCT	82585113	82575171	9942	82575207	9906	82575600	9513	82575633	9480	82572926	12187	82584111	1002	82585169	9998	9962	9569	9536	12243	1058
ENSMUST00000047865	AAGGACTCATTCTTAGCTTTAGGGGGGTTCCTGTCACTGAATCGAGTCGCTGCCCT	82585113	82575600	9513	82575633	9480	82578935	6178	82579058	6055	82575207	9906	82584111	1002	82585169	9569	9536	6234	6111	9962	1058
ENSMUST00000111467	AACTCACTGGCCTATCTCATCAATACCTATGCACTGGACAGTGGGGTTTCTACCAT	90859532	90852815	6717	90852866	6666	90853050	6482	90853113	6419	90849704	9828	90856805	2727	90860482	7667	7616	7432	7369	10778	3677
ENSMUST00000111467	AACTCACTGGCCTATCTCATCAATACCTATGCACTGGACAGTGGGGTTTCTACCAT	90859532	90852839	6693	90852866	6666	90853050	6482	90853113	6419	90849704	9828	90856805	2727	90860482	7643	7616	7432	7369	10778	3677
ENSMUST00000113462	GGCATCGTGGCGGCGGCGGCGCTCTGCATCCTCATTCTCCTCTACGCCATGTACAA	6531952	6443630	88322	6443648	88304	6448254	83698	6448284	83668	6428778	103174	6454978	76974	6532008	88378	88360	83754	83724	103230	77030
ENSMUST00000113462	GGCATCGTGGCGGCGGCGGCGCTCTGCATCCTCATTCTCCTCTACGCCATGTACAA	6531952	6448254	83698	6448284	83668	6450527	81425	6450599	81353	6443648	88304	6454978	76974	6532008	83754	83724	81481	81409	88360	77030
ENSMUST00000113462	GGCATCGTGGCGGCGGCGGCGCTCTGCATCCTCATTCTCCTCTACGCCATGTACAA	6531952	6448254	83698	6448284	83668	6463823	68129	6463847	68105	6443648	88304	6472257	59695	6532008	83754	83724	68185	68161	88360	59751
ENSMUST00000113462	GGCATCGTGGCGGCGGCGGCGCTCTGCATCCTCATTCTCCTCTACGCCATGTACAA	6531952	6448254	83698	6448284	83668	6463823	68129	6463868	68084	6443648	88304	6472257	59695	6532008	83754	83724	68185	68140	88360	59751
ENSMUST00000113462	GGCATCGTGGCGGCGGCGGCGCTCTGCATCCTCATTCTCCTCTACGCCATGTACAA	6531952	6454978	76974	6455280	76672	6472257	59695	6472419	59533	6448284	83668	6473317	58635	6532008	77030	76728	59751	59589	83724	58691
ENSMUST00000113462	GGCATCGTGGCGGCGGCGGCGCTCTGCATCCTCATTCTCCTCTACGCCATGTACAA	6531952	6516922	15030	6517248	14704	6519248	12704	6519327	12625	6509949	22003	6531267	685	6532008	15086	14760	12760	12681	22059	741
ENSMUST00000113462	GGCATCGTGGCGGCGGCGGCGCTCTGCATCCTCATTCTCCTCTACGCCATGTACAA	6531952	6516922	15030	6517248	14704	6519248	12704	6519327	12625	6509949	22003	6542340	-10388	6532008	15086	14760	12760	12681	22059	-10332
ENSMUST00000113462	GGCATCGTGGCGGCGGCGGCGCTCTGCATCCTCATTCTCCTCTACGCCATGTACAA	6531952	6443630	88322	6443648	88304	6448254	83698	6448284	83668	6428778	103174	6454978	76974	6532008	88378	88360	83754	83724	103230	77030
ENSMUST00000113462	GGCATCGTGGCGGCGGCGGCGCTCTGCATCCTCATTCTCCTCTACGCCATGTACAA	6531952	6448254	83698	6448284	83668	6450527	81425	6450599	81353	6443648	88304	6454978	76974	6532008	83754	83724	81481	81409	88360	77030
ENSMUST00000113462	GGCATCGTGGCGGCGGCGGCGCTCTGCATCCTCATTCTCCTCTACGCCATGTACAA	6531952	6448254	83698	6448284	83668	6463823	68129	6463847	68105	6443648	88304	6472257	59695	6532008	83754	83724	68185	68161	88360	59751
ENSMUST00000113462	GGCATCGTGGCGGCGGCGGCGCTCTGCATCCTCATTCTCCTCTACGCCATGTACAA	6531952	6448254	83698	6448284	83668	6463823	68129	6463868	68084	6443648	88304	6472257	59695	6532008	83754	83724	68185	68140	88360	59751
ENSMUST00000113462	GGCATCGTGGCGGCGGCGGCGCTCTGCATCCTCATTCTCCTCTACGCCATGTACAA	6531952	6454978	76974	6455280	76672	6472257	59695	6472419	59533	6448284	83668	6473317	58635	6532008	77030	76728	59751	59589	83724	58691
ENSMUST00000113462	GGCATCGTGGCGGCGGCGGCGCTCTGCATCCTCATTCTCCTCTACGCCATGTACAA	6531952	6516922	15030	6517248	14704	6519248	12704	6519327	12625	6509949	22003	6531267	685	6532008	15086	14760	12760	12681	22059	741
ENSMUST00000113462	GGCATCGTGGCGGCGGCGGCGCTCTGCATCCTCATTCTCCTCTACGCCATGTACAA	6531952	6516922	15030	6517248	14704	6519248	12704	6519327	12625	6509949	22003	6542340	-10388	6532008	15086	14760	12760	12681	22059	-10332
ENSMUST00000040182	ACTACAGCCATCAACTTTTCAACTGTCAACTCTTCTGCAGCCTTCCGATCCAAGCA	29498565	29374506	124059	29374607	123958	29400183	98382	29400292	98273	29374410	124155	29422539	76026	29499344	124838	124737	99161	99052	124934	76805
ENSMUST00000040182	ACTACAGCCATCAACTTTTCAACTGTCAACTCTTCTGCAGCCTTCCGATCCAAGCA	29498565	29400183	98382	29400292	98273	29430111	68454	29430252	68313	29374607	123958	29447895	50670	29499344	99161	99052	69233	69092	124737	51449
ENSMUST00000040182	ACTACAGCCATCAACTTTTCAACTGTCAACTCTTCTGCAGCCTTCCGATCCAAGCA	29498565	29453118	45447	29453277	45288	29455369	43196	29455516	43049	29451103	47462	29456457	42108	29499344	46226	46067	43975	43828	48241	42887
ENSMUST00000040182	ACTACAGCCATCAACTTTTCAACTGTCAACTCTTCTGCAGCCTTCCGATCCAAGCA	29498565	29497342	1223	29497426	1139	29498408	157	29498612	-47	29494093	4472	29499334	-769	29499344	2002	1918	936	732	5251	10
ENSMUST00000040182	ACTACAGCCATCAACTTTTCAACTGTCAACTCTTCTGCAGCCTTCCGATCCAAGCA	29498565	29500975	-2410	29501056	-2491	29503382	-4817	29503651	-5086	29499406	-841	29503851	-5286	29499344	-1631	-1712	-4038	-4307	-62	-4507
ENSMUST00000071325	CTGGCCTCAAGGGCAGCAAAAGGCTCATTTTCATCGACTGTCCTGGGAAGCTGGCT	79535896	79463232	72664	79463295	72601	79468113	67783	79468154	67742	79458906	76990	79468716	67180	79535952	72720	72657	67839	67798	77046	67236
ENSMUST00000097822	ACAGAAGTCAAGATTGACCTGCCTCTGCCCATCGTGGCCTCTAACCTGATGATCGA	139457654	139397293	60361	139397484	60170	139399561	58093	139399661	57993	139397212	60442	139399796	57858	139457710	60417	60226	58149	58049	60498	57914
ENSMUST00000097822	ACAGAAGTCAAGATTGACCTGCCTCTGCCCATCGTGGCCTCTAACCTGATGATCGA	139457654	139399561	58093	139399661	57993	139399796	57858	139399934	57720	139397484	60170	139400324	57330	139457710	58149	58049	57914	57776	60226	57386
ENSMUST00000199300	AGCCTGCATCGCATACATTCGGCTCACACAGTACATGGACGGAAGCGGGATGCCAAA	126840226	126684659	155567	126684719	155507	126729406	110820	126729461	110765	126599160	241066	126767513	72713	126840283	155624	155564	110877	110822	241123	72770
ENSMUST00000199300	AGCCTGCATCGCATACATTCGGCTCACACAGTACATGGACGGAAGCGGGATGCCAAA	126840226	126770784	69442	126770857	69369	126771773	68453	126771846	68380	126767579	72647	126780359	59867	126840283	69499	69426	68510	68437	72704	59924
ENSMUST00000199300	AGCCTGCATCGCATACATTCGGCTCACACAGTACATGGACGGAAGCGGGATGCCAAA	126840226	126802936	37290	126802969	37257	126805856	34370	126805916	34310	126801761	38465	126810638	29588	126840283	37347	37314	34427	34367	38522	29645
ENSMUST00000112224	TATCAACTATCTAAAACCTAACTGCAAATTGACCACAGACCTCTGACCTTCTACTTT	166387998	166353564	34434	166353684	34314	166367027	20971	166367174	20824	166345081	42917	166372637	15361	166388055	34491	34371	21028	20881	42974	15418
ENSMUST00000112224	TATCAACTATCTAAAACCTAACTGCAAATTGACCACAGACCTCTGACCTTCTACTTT	166387998	166379987	8011	166380159	7839	166382448	5550	166382522	5476	166375789	12209	166383934	4064	166388055	8068	7896	5607	5533	12266	4121
ENSMUST00000112224	TATCAACTATCTAAAACCTAACTGCAAATTGACCACAGACCTCTGACCTTCTACTTT	166387998	166382448	5550	166382522	5476	166383934	4064	166384000	3998	166380159	7839	166385390	2608	166388055	5607	5533	4121	4055	7896	2665
ENSMUST00000112224	TATCAACTATCTAAAACCTAACTGCAAATTGACCACAGACCTCTGACCTTCTACTTT	166387998	166382448	5550	166382522	5476	166383934	4064	166384000	3998	166380159	7839	166386951	1047	166388055	5607	5533	4121	4055	7896	1104
ENSMUST00000112224	TATCAACTATCTAAAACCTAACTGCAAATTGACCACAGACCTCTGACCTTCTACTTT	166387998	166383934	4064	166384000	3998	166385390	2608	166385481	2517	166382522	5476	166386951	1047	166388055	4121	4055	2665	2574	5533	1104
ENSMUST00000027521	CTTTCGTGAACAGCCAGGAATGGACACTCAGCCGATCGGTACCGGAGCTCAAAGTGG	89604602	89743727	-139125	89743896	-139294	89766305	-161703	89766464	-161862	89726065	-121463	89789162	-184560	89609499	-134228	-134397	-156806	-156965	-116566	-179663
ENSMUST00000027521	CTTTCGTGAACAGCCAGGAATGGACACTCAGCCGATCGGTACCGGAGCTCAAAGTGG	89604602	89766305	-161703	89766464	-161862	89789162	-184560	89789324	-184722	89743896	-139294	89834433	-229831	89609499	-156806	-156965	-179663	-179825	-134397	-224934
ENSMUST00000220055	CGCTGAGGAGCTGAGGGCTGTTTCTGTCGCCAGGGAGCAGGAATACCAGGCCTTCCTT	127166821	127167501	-680	127167542	-721	127167700	-879	127167881	-1060	127167105	-284	127169743	-2922	127166879	-622	-663	-821	-1002	-226	-2864
ENSMUST00000220055	CGCTGAGGAGCTGAGGGCTGTTTCTGTCGCCAGGGAGCAGGAATACCAGGCCTTCCTT	127166821	127167501	-680	127167542	-721	127169743	-2922	127169842	-3021	127167105	-284	127169977	-3156	127166879	-622	-663	-2864	-2963	-226	-3098
ENSMUST00000220055	CGCTGAGGAGCTGAGGGCTGTTTCTGTCGCCAGGGAGCAGGAATACCAGGCCTTCCTT	127166821	127167700	-879	127167881	-1060	127169743	-2922	127169842	-3021	127167542	-721	127169977	-3156	127166879	-821	-1002	-2864	-2963	-663	-3098
ENSMUST00000220055	CGCTGAGGAGCTGAGGGCTGTTTCTGTCGCCAGGGAGCAGGAATACCAGGCCTTCCTT	127166821	127167700	-879	127167881	-1060	127169977	-3156	127170168	-3347	127167542	-721	127170590	-3769	127166879	-821	-1002	-3098	-3289	-663	-3711
ENSMUST00000142890	ATTAATTAAACACTCCCTCACCCCACCGCACCAAACCAGTTGGGTTCTTCTGATATTC	138903117	138868345	34772	138868396	34721	138890734	12383	138890881	12236	138742660	160457	138894347	8770	138903175	34830	34779	12441	12294	160515	8828
ENSMUST00000142890	ATTAATTAAACACTCCCTCACCCCACCGCACCAAACCAGTTGGGTTCTTCTGATATTC	138903117	138890734	12383	138890881	12236	138894347	8770	138894518	8599	138868396	34721	138896788	6329	138903175	12441	12294	8828	8657	34779	6387
ENSMUST00000142890	ATTAATTAAACACTCCCTCACCCCACCGCACCAAACCAGTTGGGTTCTTCTGATATTC	138903117	138890734	12383	138890881	12236	138894347	8770	138894518	8599	138868396	34721	138896852	6265	138903175	12441	12294	8828	8657	34779	6323
ENSMUST00000142890	ATTAATTAAACACTCCCTCACCCCACCGCACCAAACCAGTTGGGTTCTTCTGATATTC	138903117	138894347	8770	138894518	8599	138896788	6329	138896914	6203	138890881	12236	138898112	5005	138903175	8828	8657	6387	6261	12294	5063
ENSMUST00000142890	ATTAATTAAACACTCCCTCACCCCACCGCACCAAACCAGTTGGGTTCTTCTGATATTC	138903117	138894347	8770	138894518	8599	138896852	6265	138896914	6203	138890881	12236	138898112	5005	138903175	8828	8657	6323	6261	12294	5063
ENSMUST00000028081	AGCTGGTGCATTCCCGGCTCTACTCTCCGGAGCTGCCCATCCCTCCGGCTGCGGGCGA	16356486	16548116	-191630	16548263	-191777	16565335	-208849	16565405	-208919	16512233	-155747	16638586	-282100	16356544	-191572	-191719	-208791	-208861	-155689	-282042
ENSMUST00000186360	TATCCTGGTGGGCCACTGCCTGACTTCCCTAATCACTCACTCACCCTCAAAAAGGACA	74586950	74582891	4059	74582987	3963	74584377	2573	74584417	2533	74580736	6214	74586756	194	74587008	4117	4021	2631	2591	6272	252
ENSMUST00000186360	TATCCTGGTGGGCCACTGCCTGACTTCCCTAATCACTCACTCACCCTCAAAAAGGACA	74586950	74582891	4059	74582987	3963	74584377	2573	74584432	2518	74580736	6214	74586756	194	74587008	4117	4021	2631	2576	6272	252
ENSMUST00000114013	ATATTACAAAAATGGTACTGTCATGGCCCCTGACCTGCCCGAGATGCTAGATCTGGCA	66414346	66251661	162685	66251712	162634	66322403	91943	66322468	91878	66175495	238851	66362202	52144	66414404	162743	162692	92001	91936	238909	52202
ENSMUST00000114013	ATATTACAAAAATGGTACTGTCATGGCCCCTGACCTGCCCGAGATGCTAGATCTGGCA	66414346	66251661	162685	66251712	162634	66362202	52144	66362280	52066	66175495	238851	66380488	33858	66414404	162743	162692	52202	52124	238909	33916
ENSMUST00000114013	ATATTACAAAAATGGTACTGTCATGGCCCCTGACCTGCCCGAGATGCTAGATCTGGCA	66414346	66322403	91943	66322468	91878	66362202	52144	66362280	52066	66251712	162634	66380488	33858	66414404	92001	91936	52202	52124	162692	33916
ENSMUST00000114013	ATATTACAAAAATGGTACTGTCATGGCCCCTGACCTGCCCGAGATGCTAGATCTGGCA	66414346	66322403	91943	66322468	91878	66380488	33858	66380773	33573	66251712	162634	66399388	14958	66414404	92001	91936	33916	33631	162692	15016
ENSMUST00000114013	ATATTACAAAAATGGTACTGTCATGGCCCCTGACCTGCCCGAGATGCTAGATCTGGCA	66414346	66362202	52144	66362280	52066	66380488	33858	66380773	33573	66322468	91878	66399388	14958	66414404	52202	52124	33916	33631	91936	15016
ENSMUST00000114013	ATATTACAAAAATGGTACTGTCATGGCCCCTGACCTGCCCGAGATGCTAGATCTGGCA	66414346	66412406	1940	66416147	-1801	66416343	-1997	66416550	-2204	66401521	12825	66416731	-2385	66414404	1998	-1743	-1939	-2146	12883	-2327
ENSMUST00000114013	ATATTACAAAAATGGTACTGTCATGGCCCCTGACCTGCCCGAGATGCTAGATCTGGCA	66414346	66416343	-1997	66416550	-2204	66416731	-2385	66416866	-2520	66416147	-1801	66420134	-5788	66414404	-1939	-2146	-2327	-2462	-1743	-5730
ENSMUST00000109485	TTCCCTGACCCTGTTACGGACTGTAAGCCTCCACCTCCTGCCCAGGAATTTCAGACAGC	158466860	158477640	-10780	158477763	-10903	158482364	-15504	158482501	-15641	158476270	-9410	158492363	-25503	158466919	-10721	-10844	-15445	-15582	-9351	-25444
ENSMUST00000027521	TTACATGATTACATGCAGAATGTCCACGGCAAAGAGATAGACCTCTTGAGGACCACTGT	89743732	89743727	5	89743896	-164	89766305	-22573	89766464	-22732	89726065	17667	89789162	-45430	89743791	64	-105	-22514	-22673	17726	-45371
ENSMUST00000027521	TTACATGATTACATGCAGAATGTCCACGGCAAAGAGATAGACCTCTTGAGGACCACTGT	89743732	89766305	-22573	89766464	-22732	89789162	-45430	89789324	-45592	89743896	-164	89834433	-90701	89743791	-22514	-22673	-45371	-45533	-105	-90642
ENSMUST00000123128	TCGAAACTCCCTTCACCTGCTTATGGAAACCCTTAATGCCACTACTCCTCACTATGTAC	75161449	75120672	40777	75120844	40605	75122910	38539	75123055	38394	75116296	45153	75129971	31478	75161508	40836	40664	38598	38453	45212	31537
ENSMUST00000123128	TCGAAACTCCCTTCACCTGCTTATGGAAACCCTTAATGCCACTACTCCTCACTATGTAC	75161449	75122910	38539	75123055	38394	75129971	31478	75130128	31321	75120844	40605	75136342	25107	75161508	38598	38453	31537	31380	40664	25166
ENSMUST00000105616	GTACTGCAAGGAGGCTGGATGCAAGATAGATACTATATTAAACTGTACTGTTATTTAAG	155559193	155527412	31781	155527509	31684	155533696	25497	155533735	25458	155491580	67613	155535357	23836	155559252	31840	31743	25556	25517	67672	23895
ENSMUST00000105616	GTACTGCAAGGAGGCTGGATGCAAGATAGATACTATATTAAACTGTACTGTTATTTAAG	155559193	155527412	31781	155527509	31684	155533696	25497	155533735	25458	155515679	43514	155535357	23836	155559252	31840	31743	25556	25517	43573	23895
ENSMUST00000105616	GTACTGCAAGGAGGCTGGATGCAAGATAGATACTATATTAAACTGTACTGTTATTTAAG	155559193	155533696	25497	155533735	25458	155535357	23836	155535464	23729	155527509	31684	155540555	18638	155559252	25556	25517	23895	23788	31743	18697
ENSMUST00000113913	ATTGCCCCCTTGGCAGAGAACGAGGGGCTGCCTGTGGCTGCACTGGAGGAGCTGGCCTT	83194538	83183935	10603	83183956	10582	83186427	8111	83186445	8093	83183333	11205	83187763	6775	83194680	10745	10724	8253	8235	11347	6917
ENSMUST00000113913	ATTGCCCCCTTGGCAGAGAACGAGGGGCTGCCTGTGGCTGCACTGGAGGAGCTGGCCTT	83194538	83183935	10603	83183956	10582	83187763	6775	83187784	6754	83183333	11205	83189076	5462	83194680	10745	10724	6917	6896	11347	5604
ENSMUST00000179721	CTTTAGCTTGACTGTAGCCAATGTTGGCATGTGCCAAGCTGTCCTGTGCCGAGGTGGGAA	109937113	109876802	60311	109877083	60030	109895507	41606	109895641	41472	109868717	68396	109904239	32874	109937173	60371	60090	41666	41532	68456	32934
ENSMUST00000081285	TTCATGGAGCGGGAACACCTCATATTCCGAGAGAACACGCTCGCCACTAAAGCCATAGAA	26957778	26944632	13146	26944754	13024	26946632	11146	26946738	11040	26941518	16260	26952561	5217	26957838	13206	13084	11206	11100	16320	5277
ENSMUST00000131552	ATTTAAAAGCAAGTTCAGGGATACATGGACAGAGAAGAAATGGGTCAAATATATGTTATA	135473333	134813600	659733	134813678	659655	134988123	485210	134988192	485141	134786631	686702	135220717	252616	135473393	659793	659715	485270	485201	686762	252676
ENSMUST00000131552	ATTTAAAAGCAAGTTCAGGGATACATGGACAGAGAAGAAATGGGTCAAATATATGTTATA	135473333	134988123	485210	134988192	485141	135220717	252616	135220855	252478	134813678	659655	135249970	223363	135473393	485270	485201	252676	252538	659715	223423
ENSMUST00000132846	ATCAAACCATTCCTTCTGTAGCTCAGGAGAGCGTCCCTACCCCATCTGCTCGCAATGTCCT	6419643	6418100	1543	6418314	1329	6419112	531	6419285	358	6415979	3664	6419477	166	6419704	1604	1390	592	419	3725	227
ENSMUST00000097822	GTCTATTGATGCCTTGAGTCCAACCTTCTACTTCCTCCTGCCGAGCTCAAAGATAAGAGAC	139425752	139397293	28459	139397484	28268	139399561	26191	139399661	26091	139397212	28540	139399796	25956	139425813	28520	28329	26252	26152	28601	26017
ENSMUST00000097822	GTCTATTGATGCCTTGAGTCCAACCTTCTACTTCCTCCTGCCGAGCTCAAAGATAAGAGAC	139425752	139399561	26191	139399661	26091	139399796	25956	139399934	25818	139397484	28268	139400324	25428	139425813	26252	26152	26017	25879	28329	25489
ENSMUST00000029355	TCTGGACGACTGTTCCGAGCGGCCGTGGGTTCGTTCACCCTGTCGGCCCGGGCTGCCTCTC	69317411	69497770	-180359	69497945	-180534	69549325	-231914	69549487	-232076	69317965	-554	69552827	-235416	69317472	-180298	-180473	-231853	-232015	-493	-235355
ENSMUST00000032192	GGAGCTCATCTGTAAAGCTGTGCTCAATCCCACCAATGCTGACATCCTGATTGAGACCAAG	108382183	108236977	145206	108237085	145098	108241263	140920	108241334	140849	108214278	167905	108339506	42677	108383641	146664	146556	142378	142307	169363	44135
ENSMUST00000032192	GGAGCTCATCTGTAAAGCTGTGCTCAATCCCACCAATGCTGACATCCTGATTGAGACCAAG	108382183	108523287	-141104	108523448	-141265	108541902	-159719	108542064	-159881	108519450	-137267	108549752	-167569	108383641	-139646	-139807	-158261	-158423	-135809	-166111
ENSMUST00000032192	GGAGCTCATCTGTAAAGCTGTGCTCAATCCCACCAATGCTGACATCCTGATTGAGACCAAG	108382183	108236977	145206	108237085	145098	108241263	140920	108241334	140849	108214278	167905	108339506	42677	108383641	146664	146556	142378	142307	169363	44135
ENSMUST00000032192	GGAGCTCATCTGTAAAGCTGTGCTCAATCCCACCAATGCTGACATCCTGATTGAGACCAAG	108382183	108523287	-141104	108523448	-141265	108541902	-159719	108542064	-159881	108519450	-137267	108549752	-167569	108383641	-139646	-139807	-158261	-158423	-135809	-166111
ENSMUST00000032192	GGAGCTCATCTGTAAAGCTGTGCTCAATCCCACCAATGCTGACATCCTGATTGAGACCAAG	108382183	108236977	145206	108237085	145098	108241263	140920	108241334	140849	108214278	167905	108339506	42677	108383641	146664	146556	142378	142307	169363	44135
ENSMUST00000032192	GGAGCTCATCTGTAAAGCTGTGCTCAATCCCACCAATGCTGACATCCTGATTGAGACCAAG	108382183	108523287	-141104	108523448	-141265	108541902	-159719	108542064	-159881	108519450	-137267	108549752	-167569	108383641	-139646	-139807	-158261	-158423	-135809	-166111
ENSMUST00000100330	ATGCTGAGGTGGTCCAGTTCCTGGTAGATCATGGGGCCATGATTGAGCATGTTGACTACAG	105913367	105673419	239948	105673491	239876	105713381	199986	105713564	199803	105625124	288243	105776805	136562	105913428	240009	239937	200047	199864	288304	136623
ENSMUST00000100330	ATGCTGAGGTGGTCCAGTTCCTGGTAGATCATGGGGCCATGATTGAGCATGTTGACTACAG	105913367	105673419	239948	105673491	239876	105713381	199986	105713453	199914	105625124	288243	105776805	136562	105913428	240009	239937	200047	199975	288304	136623
ENSMUST00000218359	GATTTTTGGAGGATGGTGTGGCAAGAGCAGTCTGCCTGTATTGTGATGGTCACTAATTTAG	28574862	28580392	-5530	28580547	-5685	28585559	-10697	28585695	-10833	28575706	-844	28585922	-11060	28575597	-4795	-4950	-9962	-10098	-109	-10325
ENSMUST00000110049	AGATCCATTCCAAGGCATGCGCAAGCCCATGAGTCCTGTCTCAGCCCAGATGAGCCAGCTA	3235624	3221092	14532	3221294	14330	3224631	10993	3224807	10817	3220530	15094	3227394	8230	3236239	15147	14945	11608	11432	15709	8845
ENSMUST00000110049	AGATCCATTCCAAGGCATGCGCAAGCCCATGAGTCCTGTCTCAGCCCAGATGAGCCAGCTA	3235624	3227705	7919	3227885	7739	3229868	5756	3230065	5559	3227530	8094	3233987	1637	3236239	8534	8354	6371	6174	8709	2252
ENSMUST00000110049	AGATCCATTCCAAGGCATGCGCAAGCCCATGAGTCCTGTCTCAGCCCAGATGAGCCAGCTA	3235624	3227705	7919	3227885	7739	3229868	5756	3230101	5523	3227530	8094	3233987	1637	3236239	8534	8354	6371	6138	8709	2252
ENSMUST00000110049	AGATCCATTCCAAGGCATGCGCAAGCCCATGAGTCCTGTCTCAGCCCAGATGAGCCAGCTA	3235624	3229868	5756	3230101	5523	3233987	1637	3234059	1565	3227885	7739	3234461	1163	3236239	6371	6138	2252	2180	8354	1778
ENSMUST00000110049	AGATCCATTCCAAGGCATGCGCAAGCCCATGAGTCCTGTCTCAGCCCAGATGAGCCAGCTA	3235624	3229868	5756	3230101	5523	3233987	1637	3234059	1565	3227885	7739	3234584	1040	3236239	6371	6138	2252	2180	8354	1655
ENSMUST00000101432	GTCCCGTTGCTACAGTCAGTCTCCTTGGTTAGTTAAGACAAAGCCCTCATTAACATTTGCTG	54069877	53354344	715533	53354434	715443	53501033	568844	53501278	568599	53248747	821130	53640459	429418	54069939	715595	715505	568906	568661	821192	429480
ENSMUST00000101432	GTCCCGTTGCTACAGTCAGTCTCCTTGGTTAGTTAAGACAAAGCCCTCATTAACATTTGCTG	54069877	53501033	568844	53501278	568599	53640459	429418	53640536	429341	53354434	715443	53831695	238182	54069939	568906	568661	429480	429403	715505	238244
ENSMUST00000101432	GTCCCGTTGCTACAGTCAGTCTCCTTGGTTAGTTAAGACAAAGCCCTCATTAACATTTGCTG	54069877	53354344	715533	53354434	715443	53501033	568844	53501278	568599	53248747	821130	53640459	429418	54069939	715595	715505	568906	568661	821192	429480
ENSMUST00000101432	GTCCCGTTGCTACAGTCAGTCTCCTTGGTTAGTTAAGACAAAGCCCTCATTAACATTTGCTG	54069877	53501033	568844	53501278	568599	53640459	429418	53640536	429341	53354434	715443	53831695	238182	54069939	568906	568661	429480	429403	715505	238244
ENSMUST00000163979	TAAGGTTGCCGAAAAGCGGACCTCTCCATCCAAGCCTTCATCTGCCCCAGCCCTCAAACCTG	110067501	109978849	88652	109979091	88410	109999771	67730	109999840	67661	109931940	135561	110026100	41401	110067563	88714	88472	67792	67723	135623	41463
ENSMUST00000163979	TAAGGTTGCCGAAAAGCGGACCTCTCCATCCAAGCCTTCATCTGCCCCAGCCCTCAAACCTG	110067501	109999771	67730	109999840	67661	110026100	41401	110026223	41278	109979091	88410	110027678	39823	110067563	67792	67723	41463	41340	88472	39885
ENSMUST00000163979	TAAGGTTGCCGAAAAGCGGACCTCTCCATCCAAGCCTTCATCTGCCCCAGCCCTCAAACCTG	110067501	110032098	35403	110032233	35268	110034372	33129	110035506	31995	110027792	39709	110036741	30760	110067563	35465	35330	33191	32057	39771	30822
ENSMUST00000163979	TAAGGTTGCCGAAAAGCGGACCTCTCCATCCAAGCCTTCATCTGCCCCAGCCCTCAAACCTG	110067501	110071025	-3524	110071139	-3638	110072612	-5111	110072705	-5204	110068985	-1484	110078002	-10501	110067563	-3462	-3576	-5049	-5142	-1422	-10439
ENSMUST00000163979	TAAGGTTGCCGAAAAGCGGACCTCTCCATCCAAGCCTTCATCTGCCCCAGCCCTCAAACCTG	110067501	110072612	-5111	110072705	-5204	110078002	-10501	110078084	-10583	110068985	-1484	110081420	-13919	110067563	-5049	-5142	-10439	-10521	-1422	-13857
ENSMUST00000163979	TAAGGTTGCCGAAAAGCGGACCTCTCCATCCAAGCCTTCATCTGCCCCAGCCCTCAAACCTG	110067501	110079780	-12279	110079893	-12392	110081420	-13919	110081610	-14109	110078084	-10583	110081734	-14233	110067563	-12217	-12330	-13857	-14047	-10521	-14171
ENSMUST00000163979	TAAGGTTGCCGAAAAGCGGACCTCTCCATCCAAGCCTTCATCTGCCCCAGCCCTCAAACCTG	110067501	109978849	88652	109979091	88410	109999771	67730	109999840	67661	109931940	135561	110026100	41401	110067563	88714	88472	67792	67723	135623	41463
ENSMUST00000163979	TAAGGTTGCCGAAAAGCGGACCTCTCCATCCAAGCCTTCATCTGCCCCAGCCCTCAAACCTG	110067501	109999771	67730	109999840	67661	110026100	41401	110026223	41278	109979091	88410	110027678	39823	110067563	67792	67723	41463	41340	88472	39885
ENSMUST00000163979	TAAGGTTGCCGAAAAGCGGACCTCTCCATCCAAGCCTTCATCTGCCCCAGCCCTCAAACCTG	110067501	110032098	35403	110032233	35268	110034372	33129	110035506	31995	110027792	39709	110036741	30760	110067563	35465	35330	33191	32057	39771	30822
ENSMUST00000163979	TAAGGTTGCCGAAAAGCGGACCTCTCCATCCAAGCCTTCATCTGCCCCAGCCCTCAAACCTG	110067501	110071025	-3524	110071139	-3638	110072612	-5111	110072705	-5204	110068985	-1484	110078002	-10501	110067563	-3462	-3576	-5049	-5142	-1422	-10439
ENSMUST00000163979	TAAGGTTGCCGAAAAGCGGACCTCTCCATCCAAGCCTTCATCTGCCCCAGCCCTCAAACCTG	110067501	110072612	-5111	110072705	-5204	110078002	-10501	110078084	-10583	110068985	-1484	110081420	-13919	110067563	-5049	-5142	-10439	-10521	-1422	-13857
ENSMUST00000163979	TAAGGTTGCCGAAAAGCGGACCTCTCCATCCAAGCCTTCATCTGCCCCAGCCCTCAAACCTG	110067501	110079780	-12279	110079893	-12392	110081420	-13919	110081610	-14109	110078084	-10583	110081734	-14233	110067563	-12217	-12330	-13857	-14047	-10521	-14171
ENSMUST00000099295	CTTTCAGAGAACTTTGCTGAAGAAAGTCTGGAAGGGCTGGCGCTCTGTGGTACAGAGGCAGT	96401613	96393226	8387	96393344	8269	96394491	7122	96394569	7044	96391675	9938	96396639	4974	96401675	8449	8331	7184	7106	10000	5036
ENSMUST00000098070	ATTTTGGGGACTCTGGAAGGCTTTACTATTGTAAACACTGTGACTTTAATAATAAATCTGCC	55010517	55060013	-49496	55060237	-49720	55072972	-62455	55073105	-62588	55051327	-40810	55079263	-68746	55010579	-49434	-49658	-62393	-62526	-40748	-68684
ENSMUST00000084513	CAAAAATGCAAGAGTCTCCCAAACTGTCCCAACAATCGTACAACTTTGACCCTGACGCCTGT	130729621	130663015	66606	130663141	66480	130674601	55020	130674739	54882	130601937	127684	130716702	12919	130729683	66668	66542	55082	54944	127746	12981
ENSMUST00000084513	CAAAAATGCAAGAGTCTCCCAAACTGTCCCAACAATCGTACAACTTTGACCCTGACGCCTGT	130729621	130743543	-13922	130743684	-14063	130751189	-21568	130751333	-21712	130742301	-12680	130751833	-22212	130729683	-13860	-14001	-21506	-21650	-12618	-22150
ENSMUST00000022977	CTTGCTTGAGGAGGAATCTCCAAGGGAGGGCTGAGCTGCCAGGCTGCCGCCGCGCTTCGGGAC	59315259	59323806	-8547	59323978	-8719	59324461	-9202	59324557	-9298	59323727	-8468	59326034	-10775	59315322	-8484	-8656	-9139	-9235	-8405	-10712
ENSMUST00000112223	GGTAAGCATCCTTTGAAAAATAATTTTCTTGAACTTAAACTCTGAGCAGTCAGTATCTCTCAA	166385717	166353564	32153	166353684	32033	166367027	18690	166367174	18543	166345081	40636	166372637	13080	166385780	32216	32096	18753	18606	40699	13143
ENSMUST00000112223	GGTAAGCATCCTTTGAAAAATAATTTTCTTGAACTTAAACTCTGAGCAGTCAGTATCTCTCAA	166385717	166379987	5730	166380159	5558	166382448	3269	166382522	3195	166375789	9928	166383934	1783	166385780	5793	5621	3332	3258	9991	1846
ENSMUST00000112223	GGTAAGCATCCTTTGAAAAATAATTTTCTTGAACTTAAACTCTGAGCAGTCAGTATCTCTCAA	166385717	166382448	3269	166382522	3195	166383934	1783	166384000	1717	166380159	5558	166385390	327	166385780	3332	3258	1846	1780	5621	390
ENSMUST00000112223	GGTAAGCATCCTTTGAAAAATAATTTTCTTGAACTTAAACTCTGAGCAGTCAGTATCTCTCAA	166385717	166382448	3269	166382522	3195	166383934	1783	166384000	1717	166380159	5558	166386951	-1234	166385780	3332	3258	1846	1780	5621	-1171
ENSMUST00000112223	GGTAAGCATCCTTTGAAAAATAATTTTCTTGAACTTAAACTCTGAGCAGTCAGTATCTCTCAA	166385717	166383934	1783	166384000	1717	166385390	327	166385481	236	166382522	3195	166386951	-1234	166385780	1846	1780	390	299	3258	-1171
ENSMUST00000106933	CGTCAATCCTGGTTGGTGCTATGTTCATTTTCTGTAATCTCTACTCCACGCCTGGCCCTGCTG	101611246	101597800	13446	101597951	13295	101606588	4658	101606711	4535	101508182	103064	101611224	22	101611309	13509	13358	4721	4598	103127	85
ENSMUST00000106933	CGTCAATCCTGGTTGGTGCTATGTTCATTTTCTGTAATCTCTACTCCACGCCTGGCCCTGCTG	101611246	101597800	13446	101597951	13295	101606588	4658	101606711	4535	101532062	79184	101611224	22	101611309	13509	13358	4721	4598	79247	85
ENSMUST00000106933	CGTCAATCCTGGTTGGTGCTATGTTCATTTTCTGTAATCTCTACTCCACGCCTGGCCCTGCTG	101611246	101598950	12296	101599000	12246	101599094	12152	101599243	12003	101597951	13295	101606588	4658	101611309	12359	12309	12215	12066	13358	4721
ENSMUST00000106933	CGTCAATCCTGGTTGGTGCTATGTTCATTTTCTGTAATCTCTACTCCACGCCTGGCCCTGCTG	101611246	101625692	-14446	101625761	-14515	101628036	-16790	101628156	-16910	101623795	-12549	101634990	-23744	101611309	-14383	-14452	-16727	-16847	-12486	-23681
ENSMUST00000195636	GCGGCTCCGGTGAACGCTTCAGAGTGAGATCATCATCCAAGTCTGAAGGTTCTCCATCGCCAC	40006810	40001429	5381	40001591	5219	40003756	3054	40003987	2823	40000749	6061	40004806	2004	40007484	6055	5893	3728	3497	6735	2678
ENSMUST00000237430	CATGAGTTCCGACACCAGCCCAGCTGTGGTTACCACGCCTCCTCCTCCCAGCATGCCTCACAAA	53216821	53242503	-25682	53242627	-25806	53244309	-27488	53244405	-27584	53239493	-22672	53244997	-28176	53216885	-25618	-25742	-27424	-27520	-22608	-28112
ENSMUST00000003710	ATAAATCTAAGTCTGCAACCACCACTCCCTCAGGCTCTCCACGGACTTCACAGCAGAATGTCTC	86965479	86946860	18619	86946993	18486	86949541	15938	86949645	15834	86946185	19294	86950780	14699	86965543	18683	18550	16002	15898	19358	14763
ENSMUST00000003710	ATAAATCTAAGTCTGCAACCACCACTCCCTCAGGCTCTCCACGGACTTCACAGCAGAATGTCTC	86965479	86967268	-1789	86967373	-1894	86970990	-5511	86971086	-5607	86965634	-155	86981295	-15816	86965543	-1725	-1830	-5447	-5543	-91	-15752
ENSMUST00000003710	ATAAATCTAAGTCTGCAACCACCACTCCCTCAGGCTCTCCACGGACTTCACAGCAGAATGTCTC	86965479	86967268	-1789	86967373	-1894	86981295	-15816	86981397	-15918	86965634	-155	86982541	-17062	86965543	-1725	-1830	-15752	-15854	-91	-16998
ENSMUST00000003710	ATAAATCTAAGTCTGCAACCACCACTCCCTCAGGCTCTCCACGGACTTCACAGCAGAATGTCTC	86965479	86970990	-5511	86971086	-5607	86981295	-15816	86981397	-15918	86967373	-1894	86982541	-17062	86965543	-5447	-5543	-15752	-15854	-1830	-16998
ENSMUST00000003710	ATAAATCTAAGTCTGCAACCACCACTCCCTCAGGCTCTCCACGGACTTCACAGCAGAATGTCTC	86965479	86946860	18619	86946993	18486	86949541	15938	86949645	15834	86946185	19294	86950780	14699	86965543	18683	18550	16002	15898	19358	14763
ENSMUST00000003710	ATAAATCTAAGTCTGCAACCACCACTCCCTCAGGCTCTCCACGGACTTCACAGCAGAATGTCTC	86965479	86967268	-1789	86967373	-1894	86970990	-5511	86971086	-5607	86965634	-155	86981295	-15816	86965543	-1725	-1830	-5447	-5543	-91	-15752
ENSMUST00000003710	ATAAATCTAAGTCTGCAACCACCACTCCCTCAGGCTCTCCACGGACTTCACAGCAGAATGTCTC	86965479	86967268	-1789	86967373	-1894	86981295	-15816	86981397	-15918	86965634	-155	86982541	-17062	86965543	-1725	-1830	-15752	-15854	-91	-16998
ENSMUST00000003710	ATAAATCTAAGTCTGCAACCACCACTCCCTCAGGCTCTCCACGGACTTCACAGCAGAATGTCTC	86965479	86970990	-5511	86971086	-5607	86981295	-15816	86981397	-15918	86967373	-1894	86982541	-17062	86965543	-5447	-5543	-15752	-15854	-1830	-16998
ENSMUST00000109485	CGAGTACAGTTACTACTGCTCACACCTCAAAAGTCCAGCACCAGGCATCCTCCACCTCTCCTCT	158437260	158477640	-40380	158477763	-40503	158482364	-45104	158482501	-45241	158476270	-39010	158492363	-55103	158437324	-40316	-40439	-45040	-45177	-38946	-55039
ENSMUST00000121401	GGCTTATCATGGCATCCTCGACACACCCTATACCCATATCAAGACACTCTGGGCCTACCTCAAG	54524694	54523969	725	54526672	-1978	54528303	-3609	54528536	-3842	54504004	20690	54529153	-4459	54524758	789	-1914	-3545	-3778	20754	-4395
ENSMUST00000112987	AGAAGTATCTATGTGAACTGTGCCTGGACGATGTGCTGTATGCCCGTACCACAAGCAAGCTCAAG	35709893	35643887	66006	35643991	65902	35661491	48402	35661625	48268	35558612	151281	35707647	2246	35709958	66071	65967	48467	48333	151346	2311
ENSMUST00000112987	AGAAGTATCTATGTGAACTGTGCCTGGACGATGTGCTGTATGCCCGTACCACAAGCAAGCTCAAG	35709893	35661491	48402	35661625	48268	35707647	2246	35707801	2092	35643991	65902	35708813	1080	35709958	48467	48333	2311	2157	65967	1145
ENSMUST00000112987	AGAAGTATCTATGTGAACTGTGCCTGGACGATGTGCTGTATGCCCGTACCACAAGCAAGCTCAAG	35709893	35661491	48402	35661625	48268	35707647	2246	35707801	2092	35644124	65769	35708813	1080	35709958	48467	48333	2311	2157	65834	1145
ENSMUST00000199659	AGGAAAAACCTAGAGCTCTTTGCCCTGCGCGTTACAAGGAAAGCAACTGGAATTTTAAATTTAGT	59316893	59297789	19104	59297946	18947	59301279	15614	59301375	15518	59296234	20659	59312852	4041	59316958	19169	19012	15679	15583	20724	4106
ENSMUST00000199659	AGGAAAAACCTAGAGCTCTTTGCCCTGCGCGTTACAAGGAAAGCAACTGGAATTTTAAATTTAGT	59316893	59301279	15614	59301375	15518	59312852	4041	59312934	3959	59297946	18947	59314696	2197	59316958	15679	15583	4106	4024	19012	2262
ENSMUST00000113144	CTTTTGTTCCTGAGTCATCTGACCCTCAAATACTGCTTTGCTTTCCCAGCTGCTTCCTTGTTTCA	135803168	135743441	59727	135743522	59646	135743562	59606	135743614	59554	135742978	60190	135744498	58670	135803233	59792	59711	59671	59619	60255	58735
ENSMUST00000113144	CTTTTGTTCCTGAGTCATCTGACCCTCAAATACTGCTTTGCTTTCCCAGCTGCTTCCTTGTTTCA	135803168	135796141	7027	135796336	6832	135796948	6220	135797037	6131	135752017	51151	135797552	5616	135803233	7092	6897	6285	6196	51216	5681
ENSMUST00000113144	CTTTTGTTCCTGAGTCATCTGACCCTCAAATACTGCTTTGCTTTCCCAGCTGCTTCCTTGTTTCA	135803168	135796141	7027	135796336	6832	135797552	5616	135797629	5539	135752017	51151	135797787	5381	135803233	7092	6897	5681	5604	51216	5446
ENSMUST00000113144	CTTTTGTTCCTGAGTCATCTGACCCTCAAATACTGCTTTGCTTTCCCAGCTGCTTCCTTGTTTCA	135803168	135796948	6220	135797037	6131	135797552	5616	135797629	5539	135796336	6832	135797787	5381	135803233	6285	6196	5681	5604	6897	5446
ENSMUST00000113144	CTTTTGTTCCTGAGTCATCTGACCCTCAAATACTGCTTTGCTTTCCCAGCTGCTTCCTTGTTTCA	135803168	135797552	5616	135797629	5539	135797787	5381	135797864	5304	135752017	51151	135798022	5146	135803233	5681	5604	5446	5369	51216	5211
ENSMUST00000113144	CTTTTGTTCCTGAGTCATCTGACCCTCAAATACTGCTTTGCTTTCCCAGCTGCTTCCTTGTTTCA	135803168	135797552	5616	135797629	5539	135797787	5381	135797864	5304	135797037	6131	135798022	5146	135803233	5681	5604	5446	5369	6196	5211
ENSMUST00000113144	CTTTTGTTCCTGAGTCATCTGACCCTCAAATACTGCTTTGCTTTCCCAGCTGCTTCCTTGTTTCA	135803168	135797787	5381	135797864	5304	135798022	5146	135798094	5074	135797629	5539	135798390	4778	135803233	5446	5369	5211	5139	5604	4843
ENSMUST00000097275	TCCAAAAAAACGGACGTCTCCAGCTCTCCCCCCTCCCTGTTTTCCGTTAGGAATCCGGCGAGGAA	86168359	86619891	-451532	86620030	-451671	86625324	-456965	86625513	-457154	86559305	-390946	86630060	-461701	86168424	-451467	-451606	-456900	-457089	-390881	-461636
ENSMUST00000066928	CTGCCAGTGAAACTGTCGCCTCCGCTACCTCCAAAGAAAGTCCTGATCTGTATGCCTGTAGGGGG	43077688	42956616	121072	42956781	120907	43037449	40239	43037530	40158	42709850	367838	43057178	20510	43077753	121137	120972	40304	40223	367903	20575
ENSMUST00000066928	CTGCCAGTGAAACTGTCGCCTCCGCTACCTCCAAAGAAAGTCCTGATCTGTATGCCTGTAGGGGG	43077688	43037449	40239	43037530	40158	43057178	20510	43057346	20342	42956781	120907	43077654	34	43077753	40304	40223	20575	20407	120972	99
ENSMUST00000066652	TCAACATAGGAGGCCTTGCGTATCCCCCGCTCCCTCTGCACGAAGCCCCTCCTCGGCCTCCTTCT	25038371	25040455	-2084	25040569	-2198	25047893	-9522	25047926	-9555	25038550	-179	25051094	-12723	25038436	-2019	-2133	-9457	-9490	-114	-12658
ENSMUST00000066652	TCAACATAGGAGGCCTTGCGTATCCCCCGCTCCCTCTGCACGAAGCCCCTCCTCGGCCTCCTTCT	25038371	25041245	-2874	25041302	-2931	25046202	-7831	25046235	-7864	25040569	-2198	25047893	-9522	25038436	-2809	-2866	-7766	-7799	-2133	-9457
ENSMUST00000066652	TCAACATAGGAGGCCTTGCGTATCCCCCGCTCCCTCTGCACGAAGCCCCTCCTCGGCCTCCTTCT	25038371	25041245	-2874	25041302	-2931	25047893	-9522	25047926	-9555	25040569	-2198	25051094	-12723	25038436	-2809	-2866	-9457	-9490	-2133	-12658
ENSMUST00000066652	TCAACATAGGAGGCCTTGCGTATCCCCCGCTCCCTCTGCACGAAGCCCCTCCTCGGCCTCCTTCT	25038371	25046202	-7831	25046235	-7864	25047893	-9522	25047926	-9555	25041302	-2931	25051094	-12723	25038436	-7766	-7799	-9457	-9490	-2866	-12658
ENSMUST00000111416	TACTTCTACTTATTGATCTACATGTAGTCTCTGATTCACTGGTCAGTATTTCCATGGCCACGTGAC	166312469	166270498	41971	166270618	41851	166291415	21054	166291472	20997	166269637	42832	166294590	17879	166312535	42037	41917	21120	21063	42898	17945
ENSMUST00000111416	TACTTCTACTTATTGATCTACATGTAGTCTCTGATTCACTGGTCAGTATTTCCATGGCCACGTGAC	166312469	166270498	41971	166270618	41851	166294590	17879	166294737	17732	166269637	42832	166295751	16718	166312535	42037	41917	17945	17798	42898	16784
ENSMUST00000111416	TACTTCTACTTATTGATCTACATGTAGTCTCTGATTCACTGGTCAGTATTTCCATGGCCACGTGAC	166312469	166270498	41971	166270618	41851	166291415	21054	166291472	20997	166269637	42832	166303501	8968	166312535	42037	41917	21120	21063	42898	9034
ENSMUST00000111416	TACTTCTACTTATTGATCTACATGTAGTCTCTGATTCACTGGTCAGTATTTCCATGGCCACGTGAC	166312469	166270498	41971	166270618	41851	166294590	17879	166294737	17732	166269637	42832	166303501	8968	166312535	42037	41917	17945	17798	42898	9034
ENSMUST00000111416	TACTTCTACTTATTGATCTACATGTAGTCTCTGATTCACTGGTCAGTATTTCCATGGCCACGTGAC	166312469	166270498	41971	166270618	41851	166303501	8968	166303615	8854	166269637	42832	166307719	4750	166312535	42037	41917	9034	8920	42898	4816
ENSMUST00000111416	TACTTCTACTTATTGATCTACATGTAGTCTCTGATTCACTGGTCAGTATTTCCATGGCCACGTGAC	166312469	166291415	21054	166291472	20997	166294590	17879	166294737	17732	166269637	42832	166303501	8968	166312535	21120	21063	17945	17798	42898	9034
ENSMUST00000111416	TACTTCTACTTATTGATCTACATGTAGTCTCTGATTCACTGGTCAGTATTTCCATGGCCACGTGAC	166312469	166291415	21054	166291472	20997	166294590	17879	166294737	17732	166270618	41851	166295751	16718	166312535	21120	21063	17945	17798	41917	16784
ENSMUST00000111416	TACTTCTACTTATTGATCTACATGTAGTCTCTGATTCACTGGTCAGTATTTCCATGGCCACGTGAC	166312469	166291415	21054	166291472	20997	166295751	16718	166295928	16541	166270618	41851	166303501	8968	166312535	21120	21063	16784	16607	41917	9034
ENSMUST00000111416	TACTTCTACTTATTGATCTACATGTAGTCTCTGATTCACTGGTCAGTATTTCCATGGCCACGTGAC	166312469	166294590	17879	166294737	17732	166303501	8968	166303615	8854	166270618	41851	166307719	4750	166312535	17945	17798	9034	8920	41917	4816
ENSMUST00000111416	TACTTCTACTTATTGATCTACATGTAGTCTCTGATTCACTGGTCAGTATTTCCATGGCCACGTGAC	166312469	166294590	17879	166294737	17732	166295751	16718	166295928	16541	166291472	20997	166303501	8968	166312535	17945	17798	16784	16607	21063	9034
ENSMUST00000111416	TACTTCTACTTATTGATCTACATGTAGTCTCTGATTCACTGGTCAGTATTTCCATGGCCACGTGAC	166312469	166294590	17879	166294737	17732	166303501	8968	166303615	8854	166291472	20997	166307719	4750	166312535	17945	17798	9034	8920	21063	4816
ENSMUST00000037991	AAAAATTTTGAGCAGTACACATTGGACCCAGCCACGCGGTACCCAAACCTCAACCTGCACTGCGTC	112320664	112333828	-13164	112333954	-13290	112336848	-16184	112336974	-16310	112332039	-11375	112345245	-24581	112320730	-13098	-13224	-16118	-16244	-11309	-24515
ENSMUST00000037991	AAAAATTTTGAGCAGTACACATTGGACCCAGCCACGCGGTACCCAAACCTCAACCTGCACTGCGTC	112320664	112334937	-14273	112335156	-14492	112335328	-14664	112335430	-14766	112333954	-13290	112336848	-16184	112320730	-14207	-14426	-14598	-14700	-13224	-16118
ENSMUST00000037991	AAAAATTTTGAGCAGTACACATTGGACCCAGCCACGCGGTACCCAAACCTCAACCTGCACTGCGTC	112320664	112334937	-14273	112335156	-14492	112336848	-16184	112336974	-16310	112333954	-13290	112345245	-24581	112320730	-14207	-14426	-16118	-16244	-13224	-24515
ENSMUST00000037991	AAAAATTTTGAGCAGTACACATTGGACCCAGCCACGCGGTACCCAAACCTCAACCTGCACTGCGTC	112320664	112335328	-14664	112335430	-14766	112336848	-16184	112336974	-16310	112335156	-14492	112345245	-24581	112320730	-14598	-14700	-16118	-16244	-14426	-24515
ENSMUST00000037991	AAAAATTTTGAGCAGTACACATTGGACCCAGCCACGCGGTACCCAAACCTCAACCTGCACTGCGTC	112320664	112335328	-14664	112335430	-14766	112345245	-24581	112345353	-24689	112335156	-14492	112346721	-26057	112320730	-14598	-14700	-24515	-24623	-14426	-25991
ENSMUST00000037991	AAAAATTTTGAGCAGTACACATTGGACCCAGCCACGCGGTACCCAAACCTCAACCTGCACTGCGTC	112320664	112336848	-16184	112336974	-16310	112345245	-24581	112345353	-24689	112335430	-14766	112346721	-26057	112320730	-16118	-16244	-24515	-24623	-14700	-25991
ENSMUST00000037991	AAAAATTTTGAGCAGTACACATTGGACCCAGCCACGCGGTACCCAAACCTCAACCTGCACTGCGTC	112320664	112349393	-28729	112349482	-28818	112351324	-30660	112351427	-30763	112346908	-26244	112353898	-33234	112320730	-28663	-28752	-30594	-30697	-26178	-33168
ENSMUST00000033933	CATGCACAGAAGGCTTGGAACCGCTAGACGTCAGTTTTCAGGTGGTAGCATTCAGACGCAAAAGCA	34170667	34161194	9473	34161373	9294	34165140	5527	34165540	5127	34154836	15831	34167718	2949	34170733	9539	9360	5593	5193	15897	3015
ENSMUST00000105525	TTCCGTGGACACAGAACCTGGACTAGAAGATTCAAAGGAGGAAGTGAAGTGGAAACGTCTGCCTGG	20970939	20963064	7875	20963234	7705	20963672	7267	20963892	7047	20960080	10859	20965516	5423	20972028	8964	8794	8356	8136	11948	6512
ENSMUST00000105525	TTCCGTGGACACAGAACCTGGACTAGAAGATTCAAAGGAGGAAGTGAAGTGGAAACGTCTGCCTGG	20970939	21007751	-36812	21007778	-36839	21017912	-46973	21018033	-47094	21000705	-29766	21041185	-70246	20972028	-35723	-35750	-45884	-46005	-28677	-69157
ENSMUST00000105525	TTCCGTGGACACAGAACCTGGACTAGAAGATTCAAAGGAGGAAGTGAAGTGGAAACGTCTGCCTGG	20970939	21017912	-46973	21018033	-47094	21041185	-70246	21041241	-70302	21007778	-36839	21054980	-84041	20972028	-45884	-46005	-69157	-69213	-35750	-82952
ENSMUST00000043610	CCATTCCCGACCCGCTGCTGCCCACCGTGGCCAAGTTCATCACCGAGTTCCCCCTCTTCCTTCAGA	29595809	29584174	11635	29584213	11596	29584466	11343	29584577	11232	29579968	15841	29585780	10029	29595875	11701	11662	11409	11298	15907	10095
ENSMUST00000068088	AAGGTCCGGGGACTGTCAGGTGCAGAAGCCACCACCCCCTCTGTCCCAGACTGTCTGAATCGCTTTT	87757657	87681479	76178	87681629	76028	87720501	37156	87720629	37028	87625486	132171	87757296	361	87757724	76245	76095	37223	37095	132238	428
ENSMUST00000016569	CATTTGCTAGGGTGGATCTTAAGCAGTACGTAGTCTGTCAGTGTTTGTATTTGAATTCTCTGCAATT	150808238	150716402	91836	150716529	91709	150719822	88416	150720026	88212	150673953	134285	150722294	85944	150808305	91903	91776	88483	88279	134352	86011
ENSMUST00000059049	CTTTCTTGTTCTTAACCACCTGGATTTCCCTCGGGATGTAGCTGTGCTGAAATACAGTTGGCAAACA	97468365	96568569	899796	96568750	899615	96830680	637685	96830769	637596	96318583	1149782	97094613	373752	97603501	1034932	1034751	772821	772732	1284918	508888
ENSMUST00000059049	CTTTCTTGTTCTTAACCACCTGGATTTCCCTCGGGATGTAGCTGTGCTGAAATACAGTTGGCAAACA	97468365	96830680	637685	96830769	637596	97094613	373752	97094750	373615	96568750	899615	97231536	236829	97603501	772821	772732	508888	508751	1034751	371965
ENSMUST00000059049	CTTTCTTGTTCTTAACCACCTGGATTTCCCTCGGGATGTAGCTGTGCTGAAATACAGTTGGCAAACA	97468365	96830680	637685	96830769	637596	97094613	373752	97094750	373615	96568750	899615	97426610	41755	97603501	772821	772732	508888	508751	1034751	176891
ENSMUST00000059049	CTTTCTTGTTCTTAACCACCTGGATTTCCCTCGGGATGTAGCTGTGCTGAAATACAGTTGGCAAACA	97468365	97094613	373752	97094750	373615	97231536	236829	97231752	236613	96830769	637596	97426610	41755	97603501	508888	508751	371965	371749	772732	176891
ENSMUST00000059049	CTTTCTTGTTCTTAACCACCTGGATTTCCCTCGGGATGTAGCTGTGCTGAAATACAGTTGGCAAACA	97468365	96568569	899796	96568750	899615	96830680	637685	96830769	637596	96318583	1149782	97094613	373752	97603501	1034932	1034751	772821	772732	1284918	508888
ENSMUST00000059049	CTTTCTTGTTCTTAACCACCTGGATTTCCCTCGGGATGTAGCTGTGCTGAAATACAGTTGGCAAACA	97468365	96830680	637685	96830769	637596	97094613	373752	97094750	373615	96568750	899615	97231536	236829	97603501	772821	772732	508888	508751	1034751	371965
ENSMUST00000059049	CTTTCTTGTTCTTAACCACCTGGATTTCCCTCGGGATGTAGCTGTGCTGAAATACAGTTGGCAAACA	97468365	96830680	637685	96830769	637596	97094613	373752	97094750	373615	96568750	899615	97426610	41755	97603501	772821	772732	508888	508751	1034751	176891
ENSMUST00000059049	CTTTCTTGTTCTTAACCACCTGGATTTCCCTCGGGATGTAGCTGTGCTGAAATACAGTTGGCAAACA	97468365	97094613	373752	97094750	373615	97231536	236829	97231752	236613	96830769	637596	97426610	41755	97603501	508888	508751	371965	371749	772732	176891
ENSMUST00000101270	AGCCCTCCGAGTTTCAGTACCCAGGAGATTCCTACTACTTCCCAGGGCCTGCTCAAAGTCTTCCAGAA	50151386	50164161	-12775	50164212	-12826	50168168	-16782	50168225	-16839	50163896	-12510	50168695	-17309	50151454	-12707	-12758	-16714	-16771	-12442	-17241
ENSMUST00000160027	CAAAAATAATTTACATAGTACACGATGAAGTTAAGGATAAAGCTTTTGAACTGGAGCTCAGCTGGGTT	70993014	70978732	14282	70978815	14199	70993012	2	70993080	-66	70974767	18247	70993505	-491	70993508	14776	14693	496	428	18741	3
ENSMUST00000160027	CAAAAATAATTTACATAGTACACGATGAAGTTAAGGATAAAGCTTTTGAACTGGAGCTCAGCTGGGTT	70993014	70978732	14282	70978815	14199	70983323	9691	70983442	9572	70974767	18247	70984492	8522	70993508	14776	14693	10185	10066	18741	9016
ENSMUST00000160027	CAAAAATAATTTACATAGTACACGATGAAGTTAAGGATAAAGCTTTTGAACTGGAGCTCAGCTGGGTT	70993014	70983318	9696	70983442	9572	70984492	8522	70984594	8420	70978815	14199	70984671	8343	70993508	10190	10066	9016	8914	14693	8837
ENSMUST00000160027	CAAAAATAATTTACATAGTACACGATGAAGTTAAGGATAAAGCTTTTGAACTGGAGCTCAGCTGGGTT	70993014	70983323	9691	70983442	9572	70984492	8522	70984594	8420	70978815	14199	70984671	8343	70993508	10185	10066	9016	8914	14693	8837
ENSMUST00000160027	CAAAAATAATTTACATAGTACACGATGAAGTTAAGGATAAAGCTTTTGAACTGGAGCTCAGCTGGGTT	70993014	70988423	4591	70988489	4525	70993012	2	70993080	-66	70978815	14199	70993505	-491	70993508	5085	5019	496	428	14693	3
ENSMUST00000160027	CAAAAATAATTTACATAGTACACGATGAAGTTAAGGATAAAGCTTTTGAACTGGAGCTCAGCTGGGTT	70993014	70990484	2530	70990531	2483	70993505	-491	70993570	-556	70988489	4525	70994350	-1336	70993508	3024	2977	3	-62	5019	-842
ENSMUST00000160027	CAAAAATAATTTACATAGTACACGATGAAGTTAAGGATAAAGCTTTTGAACTGGAGCTCAGCTGGGTT	70993014	70993012	2	70993080	-66	70993505	-491	70993570	-556	70990531	2483	70994350	-1336	70993508	496	428	3	-62	2977	-842
ENSMUST00000213013	TACCGGAGCTTGACCCTGAACGTCGTGAACCGGCTCACCTCCGTTACTCGCCTCTTCCCAAATTCCTT	144806157	144810150	-3993	144810204	-4047	144810331	-4174	144810352	-4195	144807391	-1234	144811894	-5737	144806223	-3927	-3981	-4108	-4129	-1168	-5671
ENSMUST00000042035	ATGGTCCTGACCCAGCCCCCCCGGGACAGGACTGAGATCACTCTGGAAAGAAGCGGGGTGGGGAATCT	74589380	74582891	6489	74582987	6393	74584377	5003	74584417	4963	74580736	8644	74586756	2624	74589448	6557	6461	5071	5031	8712	2692
ENSMUST00000042035	ATGGTCCTGACCCAGCCCCCCCGGGACAGGACTGAGATCACTCTGGAAAGAAGCGGGGTGGGGAATCT	74589380	74582891	6489	74582987	6393	74584377	5003	74584432	4948	74580736	8644	74586756	2624	74589448	6557	6461	5071	5016	8712	2692
ENSMUST00000064139	GCGGAGGATCGTGGCGGGACGCCGACGCTGCCCACTCGCAAACTCCAGCACGCAGACGCACGCCAGCCG	105157511	105194802	-37291	105194960	-37449	105219327	-61816	105219504	-61993	105157963	-452	105230896	-73385	105157580	-37222	-37380	-61747	-61924	-383	-73316
ENSMUST00000064139	GCGGAGGATCGTGGCGGGACGCCGACGCTGCCCACTCGCAAACTCCAGCACGCAGACGCACGCCAGCCG	105157511	105194802	-37291	105194960	-37449	105219327	-61816	105219504	-61993	105157963	-452	105230896	-73385	105157580	-37222	-37380	-61747	-61924	-383	-73316
ENSMUST00000119705	TCTAACATCGTCTTCTACCCTGGTGGAGATTCTGGAAGCCATGAAGCATCCCTCGACAGGAGTCCAGCT	32967789	32886978	80811	32887048	80741	32893374	74415	32893453	74336	32878677	89112	32895879	71910	32968689	81711	81641	75315	75236	90012	72810
ENSMUST00000119705	TCTAACATCGTCTTCTACCCTGGTGGAGATTCTGGAAGCCATGAAGCATCCCTCGACAGGAGTCCAGCT	32967789	32983858	-16069	32984030	-16241	32986935	-19146	32986996	-19207	32979554	-11765	32990741	-22952	32968689	-15169	-15341	-18246	-18307	-10865	-22052
ENSMUST00000085374	GTCGTGTCTTGGTGTCTGTCTCTGTGACGTAAATCCTGCCCTGCCCCACCCCACTCCCAATAAACGCTCT	45176071	45172891	3180	45173002	3069	45173361	2710	45173489	2582	45172190	3881	45174750	1321	45176141	3250	3139	2780	2652	3951	1391
ENSMUST00000055946	AAGCTGTAAGTCTCTTCACTTAACCTGTGGTTCTTCTAAAACTATTATCTAAATCTACAGCATCCCACCA	21830401	21576822	253579	21577046	253355	21648956	181445	21649025	181376	21553401	277000	21746675	83726	21830471	253649	253425	181515	181446	277070	83796
ENSMUST00000055946	AAGCTGTAAGTCTCTTCACTTAACCTGTGGTTCTTCTAAAACTATTATCTAAATCTACAGCATCCCACCA	21830401	21648956	181445	21649025	181376	21746675	83726	21746785	83616	21577046	253355	21783063	47338	21830471	181515	181446	83796	83686	253425	47408
ENSMUST00000070733	TGAGGATGGCTTGTGTGGATCACTGGAGACCTGTGTGAACGATGGTGTGTTTGGAAGATGTCAAAAGGTT	116580410	116580398	12	116580449	-39	116722082	-141672	116722196	-141786	116485973	94437	116824316	-243906	116722114	141716	141665	32	-82	236141	-102202
ENSMUST00000070733	TGAGGATGGCTTGTGTGGATCACTGGAGACCTGTGTGAACGATGGTGTGTTTGGAAGATGTCAAAAGGTT	116580410	116722082	-141672	116722196	-141786	116824316	-243906	116824419	-244009	116580449	-39	116841243	-260833	116722114	32	-82	-102202	-102305	141665	-119129
ENSMUST00000070733	TGAGGATGGCTTGTGTGGATCACTGGAGACCTGTGTGAACGATGGTGTGTTTGGAAGATGTCAAAAGGTT	116580410	116824316	-243906	116824419	-244009	116841243	-260833	116841406	-260996	116722196	-141786	116858842	-278432	116722114	-102202	-102305	-119129	-119292	-82	-136728
ENSMUST00000070733	TGAGGATGGCTTGTGTGGATCACTGGAGACCTGTGTGAACGATGGTGTGTTTGGAAGATGTCAAAAGGTT	116580410	117161593	-581183	117161806	-581396	117184580	-604170	117184775	-604365	117022868	-442458	117211855	-631445	116722114	-439479	-439692	-462466	-462661	-300754	-489741
ENSMUST00000070733	TGAGGATGGCTTGTGTGGATCACTGGAGACCTGTGTGAACGATGGTGTGTTTGGAAGATGTCAAAAGGTT	116580410	117233283	-652873	117233361	-652951	117247656	-667246	117247776	-667366	117227220	-646810	117248533	-668123	116722114	-511169	-511247	-525542	-525662	-505106	-526419
ENSMUST00000070733	TGAGGATGGCTTGTGTGGATCACTGGAGACCTGTGTGAACGATGGTGTGTTTGGAAGATGTCAAAAGGTT	116580410	117255448	-675038	117255610	-675200	117269576	-689166	117269650	-689240	117253656	-673246	117276558	-696148	116722114	-533334	-533496	-547462	-547536	-531542	-554444
ENSMUST00000070733	TGAGGATGGCTTGTGTGGATCACTGGAGACCTGTGTGAACGATGGTGTGTTTGGAAGATGTCAAAAGGTT	116580410	117255545	-675135	117255610	-675200	117269576	-689166	117269650	-689240	117253656	-673246	117276558	-696148	116722114	-533431	-533496	-547462	-547536	-531542	-554444
ENSMUST00000174641	CAGGACTTTGTTTTGAAAGTTGCATTCCTTACTGGGTTTGGGATGTGGCACCTCTGGCCCAGCTTCCCTC	32262335	32152667	109668	32152709	109626	32153039	109296	32153124	109211	32152013	110322	32170089	92246	32262405	109738	109696	109366	109281	110392	92316
ENSMUST00000174641	CAGGACTTTGTTTTGAAAGTTGCATTCCTTACTGGGTTTGGGATGTGGCACCTCTGGCCCAGCTTCCCTC	32262335	32189983	72352	32190061	72274	32208183	54152	32208265	54070	32187756	74579	32239261	23074	32262405	72422	72344	54222	54140	74649	23144
ENSMUST00000174641	CAGGACTTTGTTTTGAAAGTTGCATTCCTTACTGGGTTTGGGATGTGGCACCTCTGGCCCAGCTTCCCTC	32262335	32208183	54152	32208265	54070	32239261	23074	32239411	22924	32190061	72274	32245151	17184	32262405	54222	54140	23144	22994	72344	17254
ENSMUST00000172689	CAACCCTGCCCGCAAGGGACTTTATGAGGGTACTGGCCGCCTCTTCTTTGAGTTCTACCGCCTCCTGCAT	3902458	3835026	67432	3835260	67198	3849634	52824	3849739	52719	3806602	95856	3865984	36474	3902723	67697	67463	53089	52984	96121	36739
ENSMUST00000172689	CAACCCTGCCCGCAAGGGACTTTATGAGGGTACTGGCCGCCTCTTCTTTGAGTTCTACCGCCTCCTGCAT	3902458	3902665	-207	3902814	-356	3904139	-1681	3904225	-1767	3902471	-13	3905592	-3134	3902723	58	-91	-1416	-1502	252	-2869
ENSMUST00000202937	ATGAGGACCTGACCCCAGAGCAGAAGGCTGAGCGCGAGAAGGAACGGAGGATGGCCAATAATGCCCGTGA	69681592	69349071	332521	69349144	332448	69519964	161628	69520026	161566	69345025	336567	69564033	117559	69681662	332591	332518	161698	161636	336637	117629
ENSMUST00000202937	ATGAGGACCTGACCCCAGAGCAGAAGGCTGAGCGCGAGAAGGAACGGAGGATGGCCAATAATGCCCGTGA	69681592	69465350	216242	69465447	216145	69519964	161628	69520026	161566	69461923	219669	69564033	117559	69681662	216312	216215	161698	161636	219739	117629
ENSMUST00000202937	ATGAGGACCTGACCCCAGAGCAGAAGGCTGAGCGCGAGAAGGAACGGAGGATGGCCAATAATGCCCGTGA	69681592	69465350	216242	69465447	216145	69519964	161628	69520026	161566	69461923	219669	69564036	117556	69681662	216312	216215	161698	161636	219739	117626
ENSMUST00000202937	ATGAGGACCTGACCCCAGAGCAGAAGGCTGAGCGCGAGAAGGAACGGAGGATGGCCAATAATGCCCGTGA	69681592	69465350	216242	69465447	216145	69519964	161628	69520026	161566	69461923	219669	69633576	48016	69681662	216312	216215	161698	161636	219739	48086
ENSMUST00000105900	AGAGAAGCCCGTGGTCAGGACCTGGTGGAGGACAGAAAGTGGGGCACAGGCTGTGGCAAAGTTTAGGTGTG	144422257	144186819	235438	144186989	235268	144192416	229841	144192530	229727	144180073	242184	144259064	163193	144422328	235509	235339	229912	229798	242255	163264
ENSMUST00000105900	AGAGAAGCCCGTGGTCAGGACCTGGTGGAGGACAGAAAGTGGGGCACAGGCTGTGGCAAAGTTTAGGTGTG	144422257	144396637	25620	144396646	25611	144398240	24017	144398261	23996	144396431	25826	144405329	16928	144422328	25691	25682	24088	24067	25897	16999
ENSMUST00000105900	AGAGAAGCCCGTGGTCAGGACCTGGTGGAGGACAGAAAGTGGGGCACAGGCTGTGGCAAAGTTTAGGTGTG	144422257	144405329	16928	144405460	16797	144409461	12796	144411868	10389	144396431	25826	144420558	1699	144422328	16999	16868	12867	10460	25897	1770
ENSMUST00000105900	AGAGAAGCCCGTGGTCAGGACCTGGTGGAGGACAGAAAGTGGGGCACAGGCTGTGGCAAAGTTTAGGTGTG	144422257	144407120	15137	144407232	15025	144408055	14202	144408076	14181	144405460	16797	144409461	12796	144422328	15208	15096	14273	14252	16868	12867
ENSMUST00000226059	AAACGCTACCTCTCTGTCCCTTGCTGTGTGCTGATCATCGCCAGAGGTGCTTCACTCTGACTTGTTGGTTT	60762499	60696230	66269	60696452	66047	60716677	45822	60716816	45683	60602596	159903	60718013	44486	60762570	66340	66118	45893	45754	159974	44557
ENSMUST00000226059	AAACGCTACCTCTCTGTCCCTTGCTGTGTGCTGATCATCGCCAGAGGTGCTTCACTCTGACTTGTTGGTTT	60762499	60716677	45822	60716816	45683	60718013	44486	60718143	44356	60696452	66047	60718301	44198	60762570	45893	45754	44557	44427	66118	44269
ENSMUST00000226059	AAACGCTACCTCTCTGTCCCTTGCTGTGTGCTGATCATCGCCAGAGGTGCTTCACTCTGACTTGTTGGTTT	60762499	60721773	40726	60721863	40636	60723019	39480	60723112	39387	60720156	42343	60725296	37203	60762570	40797	40707	39551	39458	42414	37274
ENSMUST00000019986	TTACAAGGAAAATGCTTGCTTATGATCGGCGCTCTGAGCCTCGAGTTGGAGAACGAGTGCCATATGTCATC	39864616	39854698	9918	39854808	9808	39859106	5510	39859221	5395	39852073	12543	39862693	1923	39864687	9989	9879	5581	5466	12614	1994
ENSMUST00000019986	TTACAAGGAAAATGCTTGCTTATGATCGGCGCTCTGAGCCTCGAGTTGGAGAACGAGTGCCATATGTCATC	39864616	39859106	5510	39859221	5395	39862693	1923	39862831	1785	39854808	9808	39863737	879	39864687	5581	5466	1994	1856	9879	950
ENSMUST00000019986	TTACAAGGAAAATGCTTGCTTATGATCGGCGCTCTGAGCCTCGAGTTGGAGAACGAGTGCCATATGTCATC	39864616	39862693	1923	39862831	1785	39863737	879	39863928	688	39859221	5395	39864593	23	39864687	1994	1856	950	759	5466	94
ENSMUST00000183302	CCACGTACATAGAGAAATTGAAGACTGTGAATTTGGTTTTAAAAAACACTCAAGCTGCAGAAGCCCTTGTC	34170360	34296741	-126381	34296759	-126399	34299720	-129360	34299838	-129478	34295536	-125176	34302829	-132469	34170431	-126310	-126328	-129289	-129407	-125105	-132398
ENSMUST00000149756	AAACAACCCGCCCTGTACAGTGAACATCCCTATTGCACCAATCCACAGCTCTGCTCAAGCTCTGTCTCCCA	6231749	6176828	54921	6176957	54792	6185136	46613	6185298	46451	6139156	92593	6198671	33078	6231820	54992	54863	46684	46522	92664	33149
ENSMUST00000149756	AAACAACCCGCCCTGTACAGTGAACATCCCTATTGCACCAATCCACAGCTCTGCTCAAGCTCTGTCTCCCA	6231749	6185136	46613	6185298	46451	6198671	33078	6198852	32897	6176957	54792	6201699	30050	6231820	46684	46522	33149	32968	54863	30121
ENSMUST00000149756	AAACAACCCGCCCTGTACAGTGAACATCCCTATTGCACCAATCCACAGCTCTGCTCAAGCTCTGTCTCCCA	6231749	6198671	33078	6198852	32897	6206890	24859	6207057	24692	6185298	46451	6213383	18366	6231820	33149	32968	24930	24763	46522	18437
ENSMUST00000095737	ATTGCTCCTCTTAGGTGATCGTCTTAGTTCCTCAAAGCTGCTTGTTCTCCCGTGGATTCCTGTCCCAAGCTA	53147983	53025720	122263	53025841	122142	53069106	78877	53069253	78730	53010622	137361	53072289	75694	53148055	122335	122214	78949	78802	137433	75766
ENSMUST00000095737	ATTGCTCCTCTTAGGTGATCGTCTTAGTTCCTCAAAGCTGCTTGTTCTCCCGTGGATTCCTGTCCCAAGCTA	53147983	53104514	43469	53104730	43253	53139380	8603	53142768	5215	53072511	75472	53147810	173	53148055	43541	43325	8675	5287	75544	245
ENSMUST00000095737	ATTGCTCCTCTTAGGTGATCGTCTTAGTTCCTCAAAGCTGCTTGTTCTCCCGTGGATTCCTGTCCCAAGCTA	53147983	53025720	122263	53025841	122142	53069106	78877	53069253	78730	53010622	137361	53072289	75694	53148055	122335	122214	78949	78802	137433	75766
ENSMUST00000095737	ATTGCTCCTCTTAGGTGATCGTCTTAGTTCCTCAAAGCTGCTTGTTCTCCCGTGGATTCCTGTCCCAAGCTA	53147983	53104514	43469	53104730	43253	53139380	8603	53142768	5215	53072511	75472	53147810	173	53148055	43541	43325	8675	5287	75544	245
ENSMUST00000113462	GGAAGGAAGGCTGGGGTTTTGTAAAGTGTCCACTGCGCCGTTCGTTTATTTCCCTCGATTTTCTTCTTCCTC	6532493	6443630	88863	6443648	88845	6448254	84239	6448284	84209	6428778	103715	6454978	77515	6532565	88935	88917	84311	84281	103787	77587
ENSMUST00000113462	GGAAGGAAGGCTGGGGTTTTGTAAAGTGTCCACTGCGCCGTTCGTTTATTTCCCTCGATTTTCTTCTTCCTC	6532493	6448254	84239	6448284	84209	6450527	81966	6450599	81894	6443648	88845	6454978	77515	6532565	84311	84281	82038	81966	88917	77587
ENSMUST00000113462	GGAAGGAAGGCTGGGGTTTTGTAAAGTGTCCACTGCGCCGTTCGTTTATTTCCCTCGATTTTCTTCTTCCTC	6532493	6448254	84239	6448284	84209	6463823	68670	6463847	68646	6443648	88845	6472257	60236	6532565	84311	84281	68742	68718	88917	60308
ENSMUST00000113462	GGAAGGAAGGCTGGGGTTTTGTAAAGTGTCCACTGCGCCGTTCGTTTATTTCCCTCGATTTTCTTCTTCCTC	6532493	6448254	84239	6448284	84209	6463823	68670	6463868	68625	6443648	88845	6472257	60236	6532565	84311	84281	68742	68697	88917	60308
ENSMUST00000113462	GGAAGGAAGGCTGGGGTTTTGTAAAGTGTCCACTGCGCCGTTCGTTTATTTCCCTCGATTTTCTTCTTCCTC	6532493	6454978	77515	6455280	77213	6472257	60236	6472419	60074	6448284	84209	6473317	59176	6532565	77587	77285	60308	60146	84281	59248
ENSMUST00000113462	GGAAGGAAGGCTGGGGTTTTGTAAAGTGTCCACTGCGCCGTTCGTTTATTTCCCTCGATTTTCTTCTTCCTC	6532493	6516922	15571	6517248	15245	6519248	13245	6519327	13166	6509949	22544	6531267	1226	6532565	15643	15317	13317	13238	22616	1298
ENSMUST00000113462	GGAAGGAAGGCTGGGGTTTTGTAAAGTGTCCACTGCGCCGTTCGTTTATTTCCCTCGATTTTCTTCTTCCTC	6532493	6516922	15571	6517248	15245	6519248	13245	6519327	13166	6509949	22544	6542340	-9847	6532565	15643	15317	13317	13238	22616	-9775
ENSMUST00000113462	GGAAGGAAGGCTGGGGTTTTGTAAAGTGTCCACTGCGCCGTTCGTTTATTTCCCTCGATTTTCTTCTTCCTC	6532493	6443630	88863	6443648	88845	6448254	84239	6448284	84209	6428778	103715	6454978	77515	6532565	88935	88917	84311	84281	103787	77587
ENSMUST00000113462	GGAAGGAAGGCTGGGGTTTTGTAAAGTGTCCACTGCGCCGTTCGTTTATTTCCCTCGATTTTCTTCTTCCTC	6532493	6448254	84239	6448284	84209	6450527	81966	6450599	81894	6443648	88845	6454978	77515	6532565	84311	84281	82038	81966	88917	77587
ENSMUST00000113462	GGAAGGAAGGCTGGGGTTTTGTAAAGTGTCCACTGCGCCGTTCGTTTATTTCCCTCGATTTTCTTCTTCCTC	6532493	6448254	84239	6448284	84209	6463823	68670	6463847	68646	6443648	88845	6472257	60236	6532565	84311	84281	68742	68718	88917	60308
ENSMUST00000113462	GGAAGGAAGGCTGGGGTTTTGTAAAGTGTCCACTGCGCCGTTCGTTTATTTCCCTCGATTTTCTTCTTCCTC	6532493	6448254	84239	6448284	84209	6463823	68670	6463868	68625	6443648	88845	6472257	60236	6532565	84311	84281	68742	68697	88917	60308
ENSMUST00000113462	GGAAGGAAGGCTGGGGTTTTGTAAAGTGTCCACTGCGCCGTTCGTTTATTTCCCTCGATTTTCTTCTTCCTC	6532493	6454978	77515	6455280	77213	6472257	60236	6472419	60074	6448284	84209	6473317	59176	6532565	77587	77285	60308	60146	84281	59248
ENSMUST00000113462	GGAAGGAAGGCTGGGGTTTTGTAAAGTGTCCACTGCGCCGTTCGTTTATTTCCCTCGATTTTCTTCTTCCTC	6532493	6516922	15571	6517248	15245	6519248	13245	6519327	13166	6509949	22544	6531267	1226	6532565	15643	15317	13317	13238	22616	1298
ENSMUST00000113462	GGAAGGAAGGCTGGGGTTTTGTAAAGTGTCCACTGCGCCGTTCGTTTATTTCCCTCGATTTTCTTCTTCCTC	6532493	6516922	15571	6517248	15245	6519248	13245	6519327	13166	6509949	22544	6542340	-9847	6532565	15643	15317	13317	13238	22616	-9775
ENSMUST00000041956	ACTCTAAAGTTTACGAAGCCTGCTTCTCTGAATATTCTCATATTTTAGATGAATTTCACCCATTTTCATACT	94123514	94036599	86915	94036670	86844	94043571	79943	94043666	79848	94013743	109771	94048407	75107	94123586	86987	86916	80015	79920	109843	75179
ENSMUST00000041956	ACTCTAAAGTTTACGAAGCCTGCTTCTCTGAATATTCTCATATTTTAGATGAATTTCACCCATTTTCATACT	94123514	94079198	44316	94079210	44304	94080739	42775	94080754	42760	94071686	51828	94081339	42175	94123586	44388	44376	42847	42832	51900	42247
ENSMUST00000041956	ACTCTAAAGTTTACGAAGCCTGCTTCTCTGAATATTCTCATATTTTAGATGAATTTCACCCATTTTCATACT	94123514	94106633	16881	94106782	16732	94108454	15060	94108626	14888	94102158	21356	94112032	11482	94123586	16953	16804	15132	14960	21428	11554
ENSMUST00000100334	AGAGATGACCCGTCCATCATTCCCATCCTCTACGACCACGAGCATGCAACCTTCGAGGACATCCTGGAGGAA	25060539	25057271	3268	25057277	3262	25057964	2575	25057970	2569	25057176	3363	25059020	1519	25060830	3559	3553	2866	2860	3654	1810
ENSMUST00000100334	AGAGATGACCCGTCCATCATTCCCATCCTCTACGACCACGAGCATGCAACCTTCGAGGACATCCTGGAGGAA	25060539	25057271	3268	25057277	3262	25058252	2287	25058321	2218	25057176	3363	25059020	1519	25060830	3559	3553	2578	2509	3654	1810
ENSMUST00000100334	AGAGATGACCCGTCCATCATTCCCATCCTCTACGACCACGAGCATGCAACCTTCGAGGACATCCTGGAGGAA	25060539	25057964	2575	25057970	2569	25058252	2287	25058321	2218	25057176	3363	25059020	1519	25060830	2866	2860	2578	2509	3654	1810
ENSMUST00000100334	AGAGATGACCCGTCCATCATTCCCATCCTCTACGACCACGAGCATGCAACCTTCGAGGACATCCTGGAGGAA	25060539	25059604	935	25059694	845	25060138	401	25060263	276	25059073	1466	25060478	61	25060830	1226	1136	692	567	1757	352
ENSMUST00000100334	AGAGATGACCCGTCCATCATTCCCATCCTCTACGACCACGAGCATGCAACCTTCGAGGACATCCTGGAGGAA	25060539	25060691	-152	25060725	-186	25060813	-274	25060884	-345	25060562	-23	25061058	-519	25060830	139	105	17	-54	268	-228
ENSMUST00000039655	TGGATACACTTGTACAGCGCCCTATCATCTCTATCTGTTGGGGCCATCGGGACTCTAGGCTGCTTATGGCTT	6207046	6176828	30218	6176957	30089	6185136	21910	6185298	21748	6139156	67890	6198671	8375	6213445	36617	36488	28309	28147	74289	14774
ENSMUST00000039655	TGGATACACTTGTACAGCGCCCTATCATCTCTATCTGTTGGGGCCATCGGGACTCTAGGCTGCTTATGGCTT	6207046	6185136	21910	6185298	21748	6198671	8375	6198852	8194	6176957	30089	6201699	5347	6213445	28309	28147	14774	14593	36488	11746
ENSMUST00000039655	TGGATACACTTGTACAGCGCCCTATCATCTCTATCTGTTGGGGCCATCGGGACTCTAGGCTGCTTATGGCTT	6207046	6198671	8375	6198852	8194	6206890	156	6207057	-11	6185298	21748	6213383	-6337	6213445	14774	14593	6555	6388	28147	62
ENSMUST00000060992	AAAATTACCTGTCTTGACTTCCTGTGTTTATCATCTTAAGTATTGTAAGCTGCTGTGTATGGATCTCATTGTA	29742164	29706409	35755	29708770	33394	29733632	8532	29733840	8324	29705591	36573	29736359	5805	29742237	35828	33467	8605	8397	36646	5878
ENSMUST00000221721	AGAAGAAGACGAAGGGTTTTGCTGTTGTGAGCCTGGCCATGTTCCGCACGTGCTGTCCTTTAACGCTGCGTTT	81981964	81894982	86982	81895191	86773	81906448	75516	81906554	75410	81860524	121440	81912664	69300	81982037	87055	86846	75589	75483	121513	69373
ENSMUST00000221721	AGAAGAAGACGAAGGGTTTTGCTGTTGTGAGCCTGGCCATGTTCCGCACGTGCTGTCCTTTAACGCTGCGTTT	81981964	81928241	53723	81928374	53590	81933530	48434	81933715	48249	81919380	62584	81946930	35034	81982037	53796	53663	48507	48322	62657	35107
ENSMUST00000069520	TTATATATAAATATCTATTTATCTGTCTGAGCCCTACCTTCACCCACTCCTCCATGCACTAGGGGCCCAGTCCT	7651978	7639857	12121	7639923	12055	7641096	10882	7641221	10757	7638728	13250	7644100	7878	7652052	12195	12129	10956	10831	13324	7952
ENSMUST00000069520	TTATATATAAATATCTATTTATCTGTCTGAGCCCTACCTTCACCCACTCCTCCATGCACTAGGGGCCCAGTCCT	7651978	7645007	6971	7645199	6779	7648556	3422	7648887	3091	7644299	7679	7651836	142	7652052	7045	6853	3496	3165	7753	216
ENSMUST00000122912	ATTTTTTGCACACAATAATGAAACTTGAACTGGAGAAGAACCGAGAGCAACAAACCCCCACGCTGAATGGCTGC	66022071	65877964	144107	65878052	144019	65948958	73113	65949129	72942	65845884	176187	66002302	19769	66022145	144181	144093	73187	73016	176261	19843
ENSMUST00000122912	ATTTTTTGCACACAATAATGAAACTTGAACTGGAGAAGAACCGAGAGCAACAAACCCCCACGCTGAATGGCTGC	66022071	65948958	73113	65949129	72942	66002302	19769	66002562	19509	65878052	144019	66019439	2632	66022145	73187	73016	19843	19583	144093	2706
ENSMUST00000071325	ATCACTGCCAACCTTAACCTCTCTAATTCCATGACCTCACTTGCAACTTCCCAGCATTCCCCAGGACTCGACAA	79570440	79463232	107208	79463295	107145	79468113	102327	79468154	102286	79458906	111534	79468716	101724	79578321	115089	115026	110208	110167	119415	109605
ENSMUST00000071325	ATCACTGCCAACCTTAACCTCTCTAATTCCATGACCTCACTTGCAACTTCCCAGCATTCCCCAGGACTCGACAA	79570440	79463232	107208	79463295	107145	79468113	102327	79468154	102286	79458906	111534	79468716	101724	79578321	115089	115026	110208	110167	119415	109605
ENSMUST00000192069	TTCTTCTCTCCTTCTACTGGTAGACCTACCAGCTGCTGTTTCGTTTCTTTCGTGAAGCCTTCTCTCTGCCTCTCA	159523997	159849985	-325988	159850545	-326548	159858176	-334179	159858440	-334443	159737611	-213614	159861209	-337212	159524072	-325913	-326473	-334104	-334368	-213539	-337137
ENSMUST00000097274	AAAAAAACAACTCGAAGACTCTGGCTCTGCCACTGGACGTGGACTCCTGATTTCTCCCTCCTCCCATTCCTCCTC	86655041	86619891	35150	86620030	35011	86625324	29717	86625513	29528	86559305	95736	86630060	24981	86655116	35225	35086	29792	29603	95811	25056
ENSMUST00000221721	CTTCTGTTTATGTTGTGGTCTCATTTGGCTCTTGGATTATGGCAGCAGAAACCTAACCACAAGCAAGTTCAAGTT	81958734	81894982	63752	81895191	63543	81906448	52286	81906554	52180	81860524	98210	81912664	46070	81958809	63827	63618	52361	52255	98285	46145
ENSMUST00000221721	CTTCTGTTTATGTTGTGGTCTCATTTGGCTCTTGGATTATGGCAGCAGAAACCTAACCACAAGCAAGTTCAAGTT	81958734	81928241	30493	81928374	30360	81933530	25204	81933715	25019	81919380	39354	81946930	11804	81958809	30568	30435	25279	25094	39429	11879
ENSMUST00000020251	CGTGACTGTGTCCAAAGAGAACCTTTCACCGCTGATCGTTCCCCCAGAAAGCCACTTGCCAAAAGAAGAGGAGAG	88433905	88414392	19513	88414598	19307	88419124	14781	88419189	14716	88412646	21259	88419425	14480	88433980	19588	19382	14856	14791	21334	14555
ENSMUST00000146701	GATGAATGGATGAGTGAATGAATGAATGAATGAGTGAGTGAATTAATGGATGGGTATATTCTCTGGTTGAGCTTCT	109565286	109544026	21260	109544742	20544	109546429	18857	109546542	18744	109543805	21481	109549478	15808	109565362	21336	20620	18933	18820	21557	15884
ENSMUST00000146701	GATGAATGGATGAGTGAATGAATGAATGAATGAGTGAGTGAATTAATGGATGGGTATATTCTCTGGTTGAGCTTCT	109565286	109546429	18857	109546542	18744	109549290	15996	109549371	15915	109544742	20544	109549478	15808	109565362	18933	18820	16072	15991	20620	15884
ENSMUST00000146701	GATGAATGGATGAGTGAATGAATGAATGAATGAGTGAGTGAATTAATGGATGGGTATATTCTCTGGTTGAGCTTCT	109565286	109546429	18857	109546542	18744	109549478	15808	109549552	15734	109544742	20544	109549652	15634	109565362	18933	18820	15884	15810	20620	15710
ENSMUST00000146701	GATGAATGGATGAGTGAATGAATGAATGAATGAGTGAGTGAATTAATGGATGGGTATATTCTCTGGTTGAGCTTCT	109565286	109546429	18857	109546542	18744	109549290	15996	109549371	15915	109545041	20245	109549478	15808	109565362	18933	18820	16072	15991	20321	15884
ENSMUST00000043610	TACTAGCCCAGTCGGTGGAAAATGTCTGGACTACCTGTCGAGCAAACAAACAAAAGCGTCACCTTCTGGAGGCCCT	29595311	29584174	11137	29584213	11098	29584466	10845	29584577	10734	29579968	15343	29585780	9531	29595387	11213	11174	10921	10810	15419	9607
ENSMUST00000214357	CTCTGGCAGGGCTCCTTACCTCTGCCTTGCTGACCAAATCGTGTAAACTGCTTTTGACTGGCCACTGGGTGACAGCT	27348459	27317808	30651	27317926	30533	27319205	29254	27319347	29112	27317506	30953	27319523	28936	27348536	30728	30610	29331	29189	31030	29013
ENSMUST00000064989	TTTTCCGGTATATTGACTGGGAGAAACTCGAACGCAAGGAGATTCAGCCACCTTATAAACCAAAAGCTTGTGGGCGA	122600778	122590044	10734	122590183	10595	122600689	89	122600830	-52	122584460	16318	122633744	-32966	122627681	37637	37498	26992	26851	43221	-6063
ENSMUST00000128646	AACTTAACAGATGACGGCCGTATGAAGAAGATACTGTACATAGACTATAAATGAAACTGGATCTCTGTGGCCTAGGT	43138353	42956616	181737	42956781	181572	43037449	100904	43037530	100823	42709850	428503	43057178	81175	43138430	181814	181649	100981	100900	428580	81252
ENSMUST00000128646	AACTTAACAGATGACGGCCGTATGAAGAAGATACTGTACATAGACTATAAATGAAACTGGATCTCTGTGGCCTAGGT	43138353	43037449	100904	43037530	100823	43057178	81175	43057346	81007	42956781	181572	43077654	60699	43138430	100981	100900	81252	81084	181649	60776
ENSMUST00000136740	CATTTGAAGAATGGGACTGCAAAGGAAAAGCTTGTCTGTAGTTCTGAACCTATCACCTGTAAACCCCAGCTGAGAGA	59871166	59832188	38978	59832308	38858	59843062	28104	59843138	28028	59827318	43848	59855365	15801	59871243	39055	38935	28181	28105	43925	15878
ENSMUST00000101270	AAAAGAAAGTAGAAAGGCAGTTTAGCACCTCCAGTGACCATGAGCCCCCTGGGGTCTTGGGCTGAACTGTGAAATGG	50171364	50164161	7203	50164212	7152	50168168	3196	50168225	3139	50163896	7468	50168695	2669	50171441	7280	7229	3273	3216	7545	2746
ENSMUST00000007961	CCCCACGTGCAGCTGGCGGCCAGTACCCATCAAGTCAGACCTCCACATCAAGGATGACCCCGATGGCATCCCCTCAAA	25656793	25502654	154139	25502759	154034	25536744	120049	25536824	119969	25459556	197237	25572019	84774	25656871	154217	154112	120127	120047	197315	84852
ENSMUST00000166734	GCATTTGATTACGATACAGAGAACATGAATTCTGAAGACATTTATAGCTCCCTTAGAGGCGTCACTGAGGCAATCCAGA	113903870	113847702	56168	113847838	56032	113848480	55390	113848551	55319	113844219	59651	113850122	53748	113903949	56247	56111	55469	55398	59730	53827
ENSMUST00000166734	GCATTTGATTACGATACAGAGAACATGAATTCTGAAGACATTTATAGCTCCCTTAGAGGCGTCACTGAGGCAATCCAGA	113903870	113853348	50522	113853404	50466	113854172	49698	113854346	49524	113852790	51080	113858580	45290	113903949	50601	50545	49777	49603	51159	45369
ENSMUST00000166734	GCATTTGATTACGATACAGAGAACATGAATTCTGAAGACATTTATAGCTCCCTTAGAGGCGTCACTGAGGCAATCCAGA	113903870	113854172	49698	113854346	49524	113858580	45290	113858604	45266	113853404	50466	113860119	43751	113903949	49777	49603	45369	45345	50545	43830
ENSMUST00000166734	GCATTTGATTACGATACAGAGAACATGAATTCTGAAGACATTTATAGCTCCCTTAGAGGCGTCACTGAGGCAATCCAGA	113903870	113858580	45290	113858604	45266	113860119	43751	113860137	43733	113854346	49524	113862185	41685	113903949	45369	45345	43830	43812	49603	41764
ENSMUST00000166734	GCATTTGATTACGATACAGAGAACATGAATTCTGAAGACATTTATAGCTCCCTTAGAGGCGTCACTGAGGCAATCCAGA	113903870	113896641	7229	113896785	7085	113899455	4415	113899599	4271	113892475	11395	113901490	2380	113903949	7308	7164	4494	4350	11474	2459
ENSMUST00000166734	GCATTTGATTACGATACAGAGAACATGAATTCTGAAGACATTTATAGCTCCCTTAGAGGCGTCACTGAGGCAATCCAGA	113903870	113903841	29	113903995	-125	113905996	-2126	113906225	-2355	113901597	2273	113908686	-4816	113903949	108	-46	-2047	-2276	2352	-4737
ENSMUST00000053748	GTTTGACCGAGTGTGCGAGCACCTGAACCTCTTGGAGAAGGACTACTTTGGACTTCTATTTCAGGATCATCCTGAGCAG	25460818	25501823	-41005	25502387	-41569	25504136	-43318	25504259	-43441	25495591	-34773	25506174	-45356	25460895	-40928	-41492	-43241	-43364	-34696	-45279
ENSMUST00000053748	GTTTGACCGAGTGTGCGAGCACCTGAACCTCTTGGAGAAGGACTACTTTGGACTTCTATTTCAGGATCATCCTGAGCAG	25460818	25501823	-41005	25502387	-41569	25506174	-45356	25506273	-45455	25495591	-34773	25507776	-46958	25460895	-40928	-41492	-45279	-45378	-34696	-46881
ENSMUST00000053748	GTTTGACCGAGTGTGCGAGCACCTGAACCTCTTGGAGAAGGACTACTTTGGACTTCTATTTCAGGATCATCCTGAGCAG	25460818	25504136	-43318	25504259	-43441	25506174	-45356	25506273	-45455	25502387	-41569	25507776	-46958	25460895	-43241	-43364	-45279	-45378	-41492	-46881
ENSMUST00000120544	TGGCCGGTGCCCTGCGCGGGGCCTCCCCAGGACACACTGACGTAGATTTGCTGTGTAGTCTTGGTGTGGAAATTTGAATT	111794751	111775923	18828	111776002	18749	111778019	16732	111778107	16644	111774583	20168	111778598	16153	111794831	18908	18829	16812	16724	20248	16233
ENSMUST00000120544	TGGCCGGTGCCCTGCGCGGGGCCTCCCCAGGACACACTGACGTAGATTTGCTGTGTAGTCTTGGTGTGGAAATTTGAATT	111794751	111789324	5427	111789459	5292	111795547	-796	111795678	-927	111787596	7155	111806007	-11256	111794831	5507	5372	-716	-847	7235	-11176
ENSMUST00000120544	TGGCCGGTGCCCTGCGCGGGGCCTCCCCAGGACACACTGACGTAGATTTGCTGTGTAGTCTTGGTGTGGAAATTTGAATT	111794751	111789324	5427	111789486	5265	111795547	-796	111795678	-927	111787596	7155	111806007	-11256	111794831	5507	5345	-716	-847	7235	-11176
ENSMUST00000120544	TGGCCGGTGCCCTGCGCGGGGCCTCCCCAGGACACACTGACGTAGATTTGCTGTGTAGTCTTGGTGTGGAAATTTGAATT	111794751	111789348	5403	111789486	5265	111795547	-796	111795678	-927	111787596	7155	111806007	-11256	111794831	5483	5345	-716	-847	7235	-11176
ENSMUST00000120544	TGGCCGGTGCCCTGCGCGGGGCCTCCCCAGGACACACTGACGTAGATTTGCTGTGTAGTCTTGGTGTGGAAATTTGAATT	111794751	111775923	18828	111776002	18749	111778019	16732	111778107	16644	111774583	20168	111778598	16153	111794831	18908	18829	16812	16724	20248	16233
ENSMUST00000120544	TGGCCGGTGCCCTGCGCGGGGCCTCCCCAGGACACACTGACGTAGATTTGCTGTGTAGTCTTGGTGTGGAAATTTGAATT	111794751	111789324	5427	111789459	5292	111795547	-796	111795678	-927	111787596	7155	111806007	-11256	111794831	5507	5372	-716	-847	7235	-11176
ENSMUST00000120544	TGGCCGGTGCCCTGCGCGGGGCCTCCCCAGGACACACTGACGTAGATTTGCTGTGTAGTCTTGGTGTGGAAATTTGAATT	111794751	111789324	5427	111789486	5265	111795547	-796	111795678	-927	111787596	7155	111806007	-11256	111794831	5507	5345	-716	-847	7235	-11176
ENSMUST00000120544	TGGCCGGTGCCCTGCGCGGGGCCTCCCCAGGACACACTGACGTAGATTTGCTGTGTAGTCTTGGTGTGGAAATTTGAATT	111794751	111789348	5403	111789486	5265	111795547	-796	111795678	-927	111787596	7155	111806007	-11256	111794831	5483	5345	-716	-847	7235	-11176
ENSMUST00000182597	GCTCGTTCTGCTGCTTGGTCCTACATCTTTCTGCCTGAGGAAGCCTGGTGTGACCTTACCATCCACCTTCCGTCAGCAGT	74643417	74660381	-16964	74660682	-17265	74662600	-19183	74662818	-19401	74659355	-15938	74668758	-25341	74646471	-13910	-14211	-16129	-16347	-12884	-22287
ENSMUST00000044083	GAGCTGCTGCAGATACTGGATGCCATGGACATCTGCGCCCGAGACCTGAGTAGTGGGACTATGGTGGATATCCCTGCTCT	60760837	60696230	64607	60696452	64385	60716677	44160	60716816	44021	60602596	158241	60718013	42824	60760917	64687	64465	44240	44101	158321	42904
ENSMUST00000044083	GAGCTGCTGCAGATACTGGATGCCATGGACATCTGCGCCCGAGACCTGAGTAGTGGGACTATGGTGGATATCCCTGCTCT	60760837	60716677	44160	60716816	44021	60718013	42824	60718143	42694	60696452	64385	60718301	42536	60760917	44240	44101	42904	42774	64465	42616
ENSMUST00000044083	GAGCTGCTGCAGATACTGGATGCCATGGACATCTGCGCCCGAGACCTGAGTAGTGGGACTATGGTGGATATCCCTGCTCT	60760837	60721773	39064	60721863	38974	60723019	37818	60723112	37725	60720156	40681	60725296	35541	60760917	39144	39054	37898	37805	40761	35621
ENSMUST00000110639	GAAAGGCAGAGACTTGGACAAAAAAGACACGGCTGTGGAGCTGGGCAAAGGCCCAGAACCCAAAGGCAAAGACTTATATC	121303606	121298596	5010	121298679	4927	121298905	4701	121299046	4560	121295542	8064	121299268	4338	121303686	5090	5007	4781	4640	8144	4418
ENSMUST00000105902	ATTCCGCATCCCCCCTCCCCCTCTGGCATCCGTGGACTTGGATGAGGACTTTCTTTTCACAGAACCGTTGCCTCCCCCCC	144411074	144186819	224255	144186989	224085	144192416	218658	144192530	218544	144180073	231001	144259064	152010	144411154	224335	224165	218738	218624	231081	152090
ENSMUST00000105902	ATTCCGCATCCCCCCTCCCCCTCTGGCATCCGTGGACTTGGATGAGGACTTTCTTTTCACAGAACCGTTGCCTCCCCCCC	144411074	144396637	14437	144396646	14428	144398240	12834	144398261	12813	144396431	14643	144405329	5745	144411154	14517	14508	12914	12893	14723	5825
ENSMUST00000105902	ATTCCGCATCCCCCCTCCCCCTCTGGCATCCGTGGACTTGGATGAGGACTTTCTTTTCACAGAACCGTTGCCTCCCCCCC	144411074	144405329	5745	144405460	5614	144409461	1613	144411868	-794	144396431	14643	144420558	-9484	144411154	5825	5694	1693	-714	14723	-9404
ENSMUST00000105902	ATTCCGCATCCCCCCTCCCCCTCTGGCATCCGTGGACTTGGATGAGGACTTTCTTTTCACAGAACCGTTGCCTCCCCCCC	144411074	144407120	3954	144407232	3842	144408055	3019	144408076	2998	144405460	5614	144409461	1613	144411154	4034	3922	3099	3078	5694	1693
ENSMUST00000214522	ATCGTTGCTCCACTCAATGCCACTCCACTCCTCTCCACGCTCCCGTGACTATAACCCATATAACTACTCAGATAGCATCA	113906109	113847702	58407	113847838	58271	113848480	57629	113848551	57558	113844219	61890	113850122	55987	113906189	58487	58351	57709	57638	61970	56067
ENSMUST00000214522	ATCGTTGCTCCACTCAATGCCACTCCACTCCTCTCCACGCTCCCGTGACTATAACCCATATAACTACTCAGATAGCATCA	113906109	113853348	52761	113853404	52705	113854172	51937	113854346	51763	113852790	53319	113858580	47529	113906189	52841	52785	52017	51843	53399	47609
ENSMUST00000214522	ATCGTTGCTCCACTCAATGCCACTCCACTCCTCTCCACGCTCCCGTGACTATAACCCATATAACTACTCAGATAGCATCA	113906109	113854172	51937	113854346	51763	113858580	47529	113858604	47505	113853404	52705	113860119	45990	113906189	52017	51843	47609	47585	52785	46070
ENSMUST00000214522	ATCGTTGCTCCACTCAATGCCACTCCACTCCTCTCCACGCTCCCGTGACTATAACCCATATAACTACTCAGATAGCATCA	113906109	113858580	47529	113858604	47505	113860119	45990	113860137	45972	113854346	51763	113862185	43924	113906189	47609	47585	46070	46052	51843	44004
ENSMUST00000214522	ATCGTTGCTCCACTCAATGCCACTCCACTCCTCTCCACGCTCCCGTGACTATAACCCATATAACTACTCAGATAGCATCA	113906109	113896641	9468	113896785	9324	113899455	6654	113899599	6510	113892475	13634	113901490	4619	113906189	9548	9404	6734	6590	13714	4699
ENSMUST00000214522	ATCGTTGCTCCACTCAATGCCACTCCACTCCTCTCCACGCTCCCGTGACTATAACCCATATAACTACTCAGATAGCATCA	113906109	113903841	2268	113903995	2114	113905996	113	113906225	-116	113901597	4512	113908686	-2577	113906189	2348	2194	193	-36	4592	-2497
ENSMUST00000030676	AACAGAGTCTCATCTATGTAAAAACAGGAGAAGCCATGTGGAGATGGGGCTCTGGTGAGTGTATAATGGATGCAAGCGTG	125710129	125659688	50441	125659802	50327	125670552	39577	125670756	39373	125656395	53734	125685993	24136	125710209	50521	50407	39657	39453	53814	24216
ENSMUST00000033915	CTCTGCTCCTAGAATCCAGACCCCTTTCCACTCCCCCTCCCAAAATTATCCGGCTGTTTGTTTGAGTACCTGCTTACTGTG	54954949	55037327	-82378	55037520	-82571	55047234	-92285	55047391	-92442	54955315	-366	55050104	-95155	54955030	-82297	-82490	-92204	-92361	-285	-95074
ENSMUST00000033915	ATTGTGACACCAGGCTTACCTTTTCAAGTTTAGTATAGAAACAATTATCATGGAAATAACTACTGTGGACTGTTGGAGAGTG	55059670	55037327	22343	55037520	22150	55047234	12436	55047391	12279	54955315	104355	55050104	9566	55059752	22425	22232	12518	12361	104437	9648
ENSMUST00000175903	TTTTACGGAGAAAACTTATCCATGAAGGCTGCCTGCTCTGGAAGACAGCCACAGGCCGCTTCAAAGATGTCCTGTTGCTGCT	88636052	88632912	3140	88633042	3010	88633257	2795	88633367	2685	88632339	3713	88633499	2553	88638302	5390	5260	5045	4935	5963	4803
ENSMUST00000094639	TCCGCTGTGTCGCCCCCAAACCTCCACTCTGACACTCCAACGTTTAGCTATGCATCTCTGGCAGGACCCACTATACCTCCCA	121305390	121298596	6794	121298679	6711	121298905	6485	121299046	6344	121295542	9848	121299268	6122	121305472	6876	6793	6567	6426	9930	6204
ENSMUST00000094639	TCCGCTGTGTCGCCCCCAAACCTCCACTCTGACACTCCAACGTTTAGCTATGCATCTCTGGCAGGACCCACTATACCTCCCA	121305390	121298596	6794	121298679	6711	121298905	6485	121299046	6344	121295542	9848	121299268	6122	121305472	6876	6793	6567	6426	9930	6204
ENSMUST00000072031	CCCCTGACCTCAAGACACAGAATGTCCACGTGGAAATTGAGCAGCGTTGGCATCAAGTGGAGACCACCCCTCTCAGGGAGGAG	59752898	59727551	25347	59727703	25195	59731507	21391	59731592	21306	59697023	55875	59735829	17069	59752981	25430	25278	21474	21389	55958	17152
ENSMUST00000072031	CCCCTGACCTCAAGACACAGAATGTCCACGTGGAAATTGAGCAGCGTTGGCATCAAGTGGAGACCACCCCTCTCAGGGAGGAG	59752898	59744751	8147	59744820	8078	59748546	4352	59748636	4262	59743827	9071	59749518	3380	59752981	8230	8161	4435	4345	9154	3463
ENSMUST00000051454	AACTAAAACAGAGACACCCGAATTTTGTAAAACAGTAGATAGATAAGACAATGGAATTCAGCAGCTTTTCTCCCCGAGACAAC	83881782	83858217	23565	83858373	23409	83860406	21376	83860577	21205	83855529	26253	83876670	5112	83881865	23648	23492	21459	21288	26336	5195
ENSMUST00000030676	AATCACCCCTACTGACAGGATCCTCATGAAACCATTGTCAACTCCGTTCTCATCCGCTGTAGTCTTTAACCACTGTCTTCTGTT	125710890	125659688	51202	125659802	51088	125670552	40338	125670756	40134	125656395	54495	125685993	24897	125710974	51286	51172	40422	40218	54579	24981
ENSMUST00000029116	GTTTGTCGTTTGCAGGTTGTTCTTGATGTTAACTCTGATTGTTAGCTAGACTTTTGTTACCTGGAAAATTTTGGACATAAAATT	181856749	181841154	15595	181841338	15411	181842374	14375	181842705	14044	181837984	18765	181844395	12354	181856833	15679	15495	14459	14128	18849	12438
ENSMUST00000146701	GAAAGGTAACAATACACTCACAAATAGGTAGATGAATGTAGCTGGAAGACGGGGCCTGGCTAGGGACGGGATGAGAGGCTGTGTC	109560104	109544026	16078	109544742	15362	109546429	13675	109546542	13562	109543805	16299	109549478	10626	109560189	16163	15447	13760	13647	16384	10711
ENSMUST00000146701	GAAAGGTAACAATACACTCACAAATAGGTAGATGAATGTAGCTGGAAGACGGGGCCTGGCTAGGGACGGGATGAGAGGCTGTGTC	109560104	109546429	13675	109546542	13562	109549290	10814	109549371	10733	109544742	15362	109549478	10626	109560189	13760	13647	10899	10818	15447	10711
ENSMUST00000146701	GAAAGGTAACAATACACTCACAAATAGGTAGATGAATGTAGCTGGAAGACGGGGCCTGGCTAGGGACGGGATGAGAGGCTGTGTC	109560104	109546429	13675	109546542	13562	109549478	10626	109549552	10552	109544742	15362	109549652	10452	109560189	13760	13647	10711	10637	15447	10537
ENSMUST00000146701	GAAAGGTAACAATACACTCACAAATAGGTAGATGAATGTAGCTGGAAGACGGGGCCTGGCTAGGGACGGGATGAGAGGCTGTGTC	109560104	109546429	13675	109546542	13562	109549290	10814	109549371	10733	109545041	15063	109549478	10626	109560189	13760	13647	10899	10818	15148	10711
ENSMUST00000232395	GGAGGACAGCAGACTGGAAGTGGCCTCTCCTGACTCTCCTACACCACTCTGTGAGGATGCTTCTCCTTCCCCCACGCCAGCTCCT	94442941	94385335	57606	94385423	57518	94387336	55605	94387390	55551	94384934	58007	94388264	54677	94443026	57691	57603	55690	55636	58092	54762
ENSMUST00000232395	GGAGGACAGCAGACTGGAAGTGGCCTCTCCTGACTCTCCTACACCACTCTGTGAGGATGCTTCTCCTTCCCCCACGCCAGCTCCT	94442941	94390201	52740	94390287	52654	94392014	50927	94392109	50832	94388385	54556	94393111	49830	94443026	52825	52739	51012	50917	54641	49915
ENSMUST00000232395	GGAGGACAGCAGACTGGAAGTGGCCTCTCCTGACTCTCCTACACCACTCTGTGAGGATGCTTCTCCTTCCCCCACGCCAGCTCCT	94442941	94408553	34388	94408716	34225	94409683	33258	94409729	33212	94403368	39573	94410832	32109	94443026	34473	34310	33343	33297	39658	32194
ENSMUST00000232395	GGAGGACAGCAGACTGGAAGTGGCCTCTCCTGACTCTCCTACACCACTCTGTGAGGATGCTTCTCCTTCCCCCACGCCAGCTCCT	94442941	94408553	34388	94408716	34225	94412059	30882	94412123	30818	94403368	39573	94415948	26993	94443026	34473	34310	30967	30903	39658	27078
ENSMUST00000232395	GGAGGACAGCAGACTGGAAGTGGCCTCTCCTGACTCTCCTACACCACTCTGTGAGGATGCTTCTCCTTCCCCCACGCCAGCTCCT	94442941	94408553	34388	94408716	34225	94410832	32109	94410956	31985	94403368	39573	94415948	26993	94443026	34473	34310	32194	32070	39658	27078
ENSMUST00000232395	GGAGGACAGCAGACTGGAAGTGGCCTCTCCTGACTCTCCTACACCACTCTGTGAGGATGCTTCTCCTTCCCCCACGCCAGCTCCT	94442941	94410832	32109	94410956	31985	94412059	30882	94412123	30818	94403368	39573	94415948	26993	94443026	32194	32070	30967	30903	39658	27078
ENSMUST00000232395	GGAGGACAGCAGACTGGAAGTGGCCTCTCCTGACTCTCCTACACCACTCTGTGAGGATGCTTCTCCTTCCCCCACGCCAGCTCCT	94442941	94412059	30882	94412123	30818	94415948	26993	94416009	26932	94410956	31985	94416281	26660	94443026	30967	30903	27078	27017	32070	26745
ENSMUST00000232395	GGAGGACAGCAGACTGGAAGTGGCCTCTCCTGACTCTCCTACACCACTCTGTGAGGATGCTTCTCCTTCCCCCACGCCAGCTCCT	94442941	94415948	26993	94416009	26932	94416281	26660	94416366	26575	94403368	39573	94418606	24335	94443026	27078	27017	26745	26660	39658	24420
ENSMUST00000232395	GGAGGACAGCAGACTGGAAGTGGCCTCTCCTGACTCTCCTACACCACTCTGTGAGGATGCTTCTCCTTCCCCCACGCCAGCTCCT	94442941	94415948	26993	94416009	26932	94416281	26660	94416366	26575	94412123	30818	94418606	24335	94443026	27078	27017	26745	26660	30903	24420
ENSMUST00000232395	GGAGGACAGCAGACTGGAAGTGGCCTCTCCTGACTCTCCTACACCACTCTGTGAGGATGCTTCTCCTTCCCCCACGCCAGCTCCT	94442941	94416281	26660	94416366	26575	94418606	24335	94418741	24200	94416009	26932	94419397	23544	94443026	26745	26660	24420	24285	27017	23629
ENSMUST00000232395	GGAGGACAGCAGACTGGAAGTGGCCTCTCCTGACTCTCCTACACCACTCTGTGAGGATGCTTCTCCTTCCCCCACGCCAGCTCCT	94442941	94425086	17855	94425188	17753	94426150	16791	94426243	16698	94424187	18754	94426765	16176	94443026	17940	17838	16876	16783	18839	16261
ENSMUST00000232395	GGAGGACAGCAGACTGGAAGTGGCCTCTCCTGACTCTCCTACACCACTCTGTGAGGATGCTTCTCCTTCCCCCACGCCAGCTCCT	94442941	94385335	57606	94385423	57518	94387336	55605	94387390	55551	94384934	58007	94388264	54677	94443026	57691	57603	55690	55636	58092	54762
ENSMUST00000232395	GGAGGACAGCAGACTGGAAGTGGCCTCTCCTGACTCTCCTACACCACTCTGTGAGGATGCTTCTCCTTCCCCCACGCCAGCTCCT	94442941	94390201	52740	94390287	52654	94392014	50927	94392109	50832	94388385	54556	94393111	49830	94443026	52825	52739	51012	50917	54641	49915
ENSMUST00000232395	GGAGGACAGCAGACTGGAAGTGGCCTCTCCTGACTCTCCTACACCACTCTGTGAGGATGCTTCTCCTTCCCCCACGCCAGCTCCT	94442941	94408553	34388	94408716	34225	94409683	33258	94409729	33212	94403368	39573	94410832	32109	94443026	34473	34310	33343	33297	39658	32194
ENSMUST00000232395	GGAGGACAGCAGACTGGAAGTGGCCTCTCCTGACTCTCCTACACCACTCTGTGAGGATGCTTCTCCTTCCCCCACGCCAGCTCCT	94442941	94408553	34388	94408716	34225	94412059	30882	94412123	30818	94403368	39573	94415948	26993	94443026	34473	34310	30967	30903	39658	27078
ENSMUST00000232395	GGAGGACAGCAGACTGGAAGTGGCCTCTCCTGACTCTCCTACACCACTCTGTGAGGATGCTTCTCCTTCCCCCACGCCAGCTCCT	94442941	94408553	34388	94408716	34225	94410832	32109	94410956	31985	94403368	39573	94415948	26993	94443026	34473	34310	32194	32070	39658	27078
ENSMUST00000232395	GGAGGACAGCAGACTGGAAGTGGCCTCTCCTGACTCTCCTACACCACTCTGTGAGGATGCTTCTCCTTCCCCCACGCCAGCTCCT	94442941	94410832	32109	94410956	31985	94412059	30882	94412123	30818	94403368	39573	94415948	26993	94443026	32194	32070	30967	30903	39658	27078
ENSMUST00000232395	GGAGGACAGCAGACTGGAAGTGGCCTCTCCTGACTCTCCTACACCACTCTGTGAGGATGCTTCTCCTTCCCCCACGCCAGCTCCT	94442941	94412059	30882	94412123	30818	94415948	26993	94416009	26932	94410956	31985	94416281	26660	94443026	30967	30903	27078	27017	32070	26745
ENSMUST00000232395	GGAGGACAGCAGACTGGAAGTGGCCTCTCCTGACTCTCCTACACCACTCTGTGAGGATGCTTCTCCTTCCCCCACGCCAGCTCCT	94442941	94415948	26993	94416009	26932	94416281	26660	94416366	26575	94403368	39573	94418606	24335	94443026	27078	27017	26745	26660	39658	24420
ENSMUST00000232395	GGAGGACAGCAGACTGGAAGTGGCCTCTCCTGACTCTCCTACACCACTCTGTGAGGATGCTTCTCCTTCCCCCACGCCAGCTCCT	94442941	94415948	26993	94416009	26932	94416281	26660	94416366	26575	94412123	30818	94418606	24335	94443026	27078	27017	26745	26660	30903	24420
ENSMUST00000232395	GGAGGACAGCAGACTGGAAGTGGCCTCTCCTGACTCTCCTACACCACTCTGTGAGGATGCTTCTCCTTCCCCCACGCCAGCTCCT	94442941	94416281	26660	94416366	26575	94418606	24335	94418741	24200	94416009	26932	94419397	23544	94443026	26745	26660	24420	24285	27017	23629
ENSMUST00000232395	GGAGGACAGCAGACTGGAAGTGGCCTCTCCTGACTCTCCTACACCACTCTGTGAGGATGCTTCTCCTTCCCCCACGCCAGCTCCT	94442941	94425086	17855	94425188	17753	94426150	16791	94426243	16698	94424187	18754	94426765	16176	94443026	17940	17838	16876	16783	18839	16261
ENSMUST00000232395	GGAGGACAGCAGACTGGAAGTGGCCTCTCCTGACTCTCCTACACCACTCTGTGAGGATGCTTCTCCTTCCCCCACGCCAGCTCCT	94442941	94385335	57606	94385423	57518	94387336	55605	94387390	55551	94384934	58007	94388264	54677	94443026	57691	57603	55690	55636	58092	54762
ENSMUST00000232395	GGAGGACAGCAGACTGGAAGTGGCCTCTCCTGACTCTCCTACACCACTCTGTGAGGATGCTTCTCCTTCCCCCACGCCAGCTCCT	94442941	94390201	52740	94390287	52654	94392014	50927	94392109	50832	94388385	54556	94393111	49830	94443026	52825	52739	51012	50917	54641	49915
ENSMUST00000232395	GGAGGACAGCAGACTGGAAGTGGCCTCTCCTGACTCTCCTACACCACTCTGTGAGGATGCTTCTCCTTCCCCCACGCCAGCTCCT	94442941	94408553	34388	94408716	34225	94409683	33258	94409729	33212	94403368	39573	94410832	32109	94443026	34473	34310	33343	33297	39658	32194
ENSMUST00000232395	GGAGGACAGCAGACTGGAAGTGGCCTCTCCTGACTCTCCTACACCACTCTGTGAGGATGCTTCTCCTTCCCCCACGCCAGCTCCT	94442941	94408553	34388	94408716	34225	94412059	30882	94412123	30818	94403368	39573	94415948	26993	94443026	34473	34310	30967	30903	39658	27078
ENSMUST00000232395	GGAGGACAGCAGACTGGAAGTGGCCTCTCCTGACTCTCCTACACCACTCTGTGAGGATGCTTCTCCTTCCCCCACGCCAGCTCCT	94442941	94408553	34388	94408716	34225	94410832	32109	94410956	31985	94403368	39573	94415948	26993	94443026	34473	34310	32194	32070	39658	27078
ENSMUST00000232395	GGAGGACAGCAGACTGGAAGTGGCCTCTCCTGACTCTCCTACACCACTCTGTGAGGATGCTTCTCCTTCCCCCACGCCAGCTCCT	94442941	94410832	32109	94410956	31985	94412059	30882	94412123	30818	94403368	39573	94415948	26993	94443026	32194	32070	30967	30903	39658	27078
ENSMUST00000232395	GGAGGACAGCAGACTGGAAGTGGCCTCTCCTGACTCTCCTACACCACTCTGTGAGGATGCTTCTCCTTCCCCCACGCCAGCTCCT	94442941	94412059	30882	94412123	30818	94415948	26993	94416009	26932	94410956	31985	94416281	26660	94443026	30967	30903	27078	27017	32070	26745
ENSMUST00000232395	GGAGGACAGCAGACTGGAAGTGGCCTCTCCTGACTCTCCTACACCACTCTGTGAGGATGCTTCTCCTTCCCCCACGCCAGCTCCT	94442941	94415948	26993	94416009	26932	94416281	26660	94416366	26575	94403368	39573	94418606	24335	94443026	27078	27017	26745	26660	39658	24420
ENSMUST00000232395	GGAGGACAGCAGACTGGAAGTGGCCTCTCCTGACTCTCCTACACCACTCTGTGAGGATGCTTCTCCTTCCCCCACGCCAGCTCCT	94442941	94415948	26993	94416009	26932	94416281	26660	94416366	26575	94412123	30818	94418606	24335	94443026	27078	27017	26745	26660	30903	24420
ENSMUST00000232395	GGAGGACAGCAGACTGGAAGTGGCCTCTCCTGACTCTCCTACACCACTCTGTGAGGATGCTTCTCCTTCCCCCACGCCAGCTCCT	94442941	94416281	26660	94416366	26575	94418606	24335	94418741	24200	94416009	26932	94419397	23544	94443026	26745	26660	24420	24285	27017	23629
ENSMUST00000232395	GGAGGACAGCAGACTGGAAGTGGCCTCTCCTGACTCTCCTACACCACTCTGTGAGGATGCTTCTCCTTCCCCCACGCCAGCTCCT	94442941	94425086	17855	94425188	17753	94426150	16791	94426243	16698	94424187	18754	94426765	16176	94443026	17940	17838	16876	16783	18839	16261
ENSMUST00000186360	TCTCAGACCCAGGCAGAGAGCATGGTCCTGACCCAGCCCCCCCGGGACAGGACTGAGATCACTCTGGAAAGAAGCGGGGTGGGGA	74589358	74582891	6467	74582987	6371	74584377	4981	74584417	4941	74580736	8622	74586756	2602	74589443	6552	6456	5066	5026	8707	2687
ENSMUST00000186360	TCTCAGACCCAGGCAGAGAGCATGGTCCTGACCCAGCCCCCCCGGGACAGGACTGAGATCACTCTGGAAAGAAGCGGGGTGGGGA	74589358	74582891	6467	74582987	6371	74584377	4981	74584432	4926	74580736	8622	74586756	2602	74589443	6552	6456	5066	5011	8707	2687
ENSMUST00000121390	GTTTGACTGCGTGGTGAACTCGCTCAAGAACGTCTTCAACATCCTCATTGTGTACATGCTGTTCATGTTCATCTTCGCTGTGGTA	84580093	84614694	-34601	84614791	-34698	84615573	-35480	84615670	-35577	84612412	-32319	84617791	-37698	84580178	-34516	-34613	-35395	-35492	-32234	-37613
ENSMUST00000232395	TACTCGGTCAAGCCAGTCTCCAAAAAAGCCTTCCAACAGTATTATTGAACACCTGTCAGTGATATTCCCATGTTATACCAGCACT	94460063	94385335	74728	94385423	74640	94387336	72727	94387390	72673	94384934	75129	94388264	71799	94462268	76933	76845	74932	74878	77334	74004
ENSMUST00000232395	TACTCGGTCAAGCCAGTCTCCAAAAAAGCCTTCCAACAGTATTATTGAACACCTGTCAGTGATATTCCCATGTTATACCAGCACT	94460063	94390201	69862	94390287	69776	94392014	68049	94392109	67954	94388385	71678	94393111	66952	94462268	72067	71981	70254	70159	73883	69157
ENSMUST00000232395	TACTCGGTCAAGCCAGTCTCCAAAAAAGCCTTCCAACAGTATTATTGAACACCTGTCAGTGATATTCCCATGTTATACCAGCACT	94460063	94408553	51510	94408716	51347	94409683	50380	94409729	50334	94403368	56695	94410832	49231	94462268	53715	53552	52585	52539	58900	51436
ENSMUST00000232395	TACTCGGTCAAGCCAGTCTCCAAAAAAGCCTTCCAACAGTATTATTGAACACCTGTCAGTGATATTCCCATGTTATACCAGCACT	94460063	94408553	51510	94408716	51347	94412059	48004	94412123	47940	94403368	56695	94415948	44115	94462268	53715	53552	50209	50145	58900	46320
ENSMUST00000232395	TACTCGGTCAAGCCAGTCTCCAAAAAAGCCTTCCAACAGTATTATTGAACACCTGTCAGTGATATTCCCATGTTATACCAGCACT	94460063	94408553	51510	94408716	51347	94410832	49231	94410956	49107	94403368	56695	94415948	44115	94462268	53715	53552	51436	51312	58900	46320
ENSMUST00000232395	TACTCGGTCAAGCCAGTCTCCAAAAAAGCCTTCCAACAGTATTATTGAACACCTGTCAGTGATATTCCCATGTTATACCAGCACT	94460063	94410832	49231	94410956	49107	94412059	48004	94412123	47940	94403368	56695	94415948	44115	94462268	51436	51312	50209	50145	58900	46320
ENSMUST00000232395	TACTCGGTCAAGCCAGTCTCCAAAAAAGCCTTCCAACAGTATTATTGAACACCTGTCAGTGATATTCCCATGTTATACCAGCACT	94460063	94412059	48004	94412123	47940	94415948	44115	94416009	44054	94410956	49107	94416281	43782	94462268	50209	50145	46320	46259	51312	45987
ENSMUST00000232395	TACTCGGTCAAGCCAGTCTCCAAAAAAGCCTTCCAACAGTATTATTGAACACCTGTCAGTGATATTCCCATGTTATACCAGCACT	94460063	94415948	44115	94416009	44054	94416281	43782	94416366	43697	94403368	56695	94418606	41457	94462268	46320	46259	45987	45902	58900	43662
ENSMUST00000232395	TACTCGGTCAAGCCAGTCTCCAAAAAAGCCTTCCAACAGTATTATTGAACACCTGTCAGTGATATTCCCATGTTATACCAGCACT	94460063	94415948	44115	94416009	44054	94416281	43782	94416366	43697	94412123	47940	94418606	41457	94462268	46320	46259	45987	45902	50145	43662
ENSMUST00000232395	TACTCGGTCAAGCCAGTCTCCAAAAAAGCCTTCCAACAGTATTATTGAACACCTGTCAGTGATATTCCCATGTTATACCAGCACT	94460063	94416281	43782	94416366	43697	94418606	41457	94418741	41322	94416009	44054	94419397	40666	94462268	45987	45902	43662	43527	46259	42871
ENSMUST00000232395	TACTCGGTCAAGCCAGTCTCCAAAAAAGCCTTCCAACAGTATTATTGAACACCTGTCAGTGATATTCCCATGTTATACCAGCACT	94460063	94425086	34977	94425188	34875	94426150	33913	94426243	33820	94424187	35876	94426765	33298	94462268	37182	37080	36118	36025	38081	35503
ENSMUST00000232395	TACTCGGTCAAGCCAGTCTCCAAAAAAGCCTTCCAACAGTATTATTGAACACCTGTCAGTGATATTCCCATGTTATACCAGCACT	94460063	94385335	74728	94385423	74640	94387336	72727	94387390	72673	94384934	75129	94388264	71799	94462268	76933	76845	74932	74878	77334	74004
ENSMUST00000232395	TACTCGGTCAAGCCAGTCTCCAAAAAAGCCTTCCAACAGTATTATTGAACACCTGTCAGTGATATTCCCATGTTATACCAGCACT	94460063	94390201	69862	94390287	69776	94392014	68049	94392109	67954	94388385	71678	94393111	66952	94462268	72067	71981	70254	70159	73883	69157
ENSMUST00000232395	TACTCGGTCAAGCCAGTCTCCAAAAAAGCCTTCCAACAGTATTATTGAACACCTGTCAGTGATATTCCCATGTTATACCAGCACT	94460063	94408553	51510	94408716	51347	94409683	50380	94409729	50334	94403368	56695	94410832	49231	94462268	53715	53552	52585	52539	58900	51436
ENSMUST00000232395	TACTCGGTCAAGCCAGTCTCCAAAAAAGCCTTCCAACAGTATTATTGAACACCTGTCAGTGATATTCCCATGTTATACCAGCACT	94460063	94408553	51510	94408716	51347	94412059	48004	94412123	47940	94403368	56695	94415948	44115	94462268	53715	53552	50209	50145	58900	46320
ENSMUST00000232395	TACTCGGTCAAGCCAGTCTCCAAAAAAGCCTTCCAACAGTATTATTGAACACCTGTCAGTGATATTCCCATGTTATACCAGCACT	94460063	94408553	51510	94408716	51347	94410832	49231	94410956	49107	94403368	56695	94415948	44115	94462268	53715	53552	51436	51312	58900	46320
ENSMUST00000232395	TACTCGGTCAAGCCAGTCTCCAAAAAAGCCTTCCAACAGTATTATTGAACACCTGTCAGTGATATTCCCATGTTATACCAGCACT	94460063	94410832	49231	94410956	49107	94412059	48004	94412123	47940	94403368	56695	94415948	44115	94462268	51436	51312	50209	50145	58900	46320
ENSMUST00000232395	TACTCGGTCAAGCCAGTCTCCAAAAAAGCCTTCCAACAGTATTATTGAACACCTGTCAGTGATATTCCCATGTTATACCAGCACT	94460063	94412059	48004	94412123	47940	94415948	44115	94416009	44054	94410956	49107	94416281	43782	94462268	50209	50145	46320	46259	51312	45987
ENSMUST00000232395	TACTCGGTCAAGCCAGTCTCCAAAAAAGCCTTCCAACAGTATTATTGAACACCTGTCAGTGATATTCCCATGTTATACCAGCACT	94460063	94415948	44115	94416009	44054	94416281	43782	94416366	43697	94403368	56695	94418606	41457	94462268	46320	46259	45987	45902	58900	43662
ENSMUST00000232395	TACTCGGTCAAGCCAGTCTCCAAAAAAGCCTTCCAACAGTATTATTGAACACCTGTCAGTGATATTCCCATGTTATACCAGCACT	94460063	94415948	44115	94416009	44054	94416281	43782	94416366	43697	94412123	47940	94418606	41457	94462268	46320	46259	45987	45902	50145	43662
ENSMUST00000232395	TACTCGGTCAAGCCAGTCTCCAAAAAAGCCTTCCAACAGTATTATTGAACACCTGTCAGTGATATTCCCATGTTATACCAGCACT	94460063	94416281	43782	94416366	43697	94418606	41457	94418741	41322	94416009	44054	94419397	40666	94462268	45987	45902	43662	43527	46259	42871
ENSMUST00000232395	TACTCGGTCAAGCCAGTCTCCAAAAAAGCCTTCCAACAGTATTATTGAACACCTGTCAGTGATATTCCCATGTTATACCAGCACT	94460063	94425086	34977	94425188	34875	94426150	33913	94426243	33820	94424187	35876	94426765	33298	94462268	37182	37080	36118	36025	38081	35503
ENSMUST00000232395	TACTCGGTCAAGCCAGTCTCCAAAAAAGCCTTCCAACAGTATTATTGAACACCTGTCAGTGATATTCCCATGTTATACCAGCACT	94460063	94385335	74728	94385423	74640	94387336	72727	94387390	72673	94384934	75129	94388264	71799	94462268	76933	76845	74932	74878	77334	74004
ENSMUST00000232395	TACTCGGTCAAGCCAGTCTCCAAAAAAGCCTTCCAACAGTATTATTGAACACCTGTCAGTGATATTCCCATGTTATACCAGCACT	94460063	94390201	69862	94390287	69776	94392014	68049	94392109	67954	94388385	71678	94393111	66952	94462268	72067	71981	70254	70159	73883	69157
ENSMUST00000232395	TACTCGGTCAAGCCAGTCTCCAAAAAAGCCTTCCAACAGTATTATTGAACACCTGTCAGTGATATTCCCATGTTATACCAGCACT	94460063	94408553	51510	94408716	51347	94409683	50380	94409729	50334	94403368	56695	94410832	49231	94462268	53715	53552	52585	52539	58900	51436
ENSMUST00000232395	TACTCGGTCAAGCCAGTCTCCAAAAAAGCCTTCCAACAGTATTATTGAACACCTGTCAGTGATATTCCCATGTTATACCAGCACT	94460063	94408553	51510	94408716	51347	94412059	48004	94412123	47940	94403368	56695	94415948	44115	94462268	53715	53552	50209	50145	58900	46320
ENSMUST00000232395	TACTCGGTCAAGCCAGTCTCCAAAAAAGCCTTCCAACAGTATTATTGAACACCTGTCAGTGATATTCCCATGTTATACCAGCACT	94460063	94408553	51510	94408716	51347	94410832	49231	94410956	49107	94403368	56695	94415948	44115	94462268	53715	53552	51436	51312	58900	46320
ENSMUST00000232395	TACTCGGTCAAGCCAGTCTCCAAAAAAGCCTTCCAACAGTATTATTGAACACCTGTCAGTGATATTCCCATGTTATACCAGCACT	94460063	94410832	49231	94410956	49107	94412059	48004	94412123	47940	94403368	56695	94415948	44115	94462268	51436	51312	50209	50145	58900	46320
ENSMUST00000232395	TACTCGGTCAAGCCAGTCTCCAAAAAAGCCTTCCAACAGTATTATTGAACACCTGTCAGTGATATTCCCATGTTATACCAGCACT	94460063	94412059	48004	94412123	47940	94415948	44115	94416009	44054	94410956	49107	94416281	43782	94462268	50209	50145	46320	46259	51312	45987
ENSMUST00000232395	TACTCGGTCAAGCCAGTCTCCAAAAAAGCCTTCCAACAGTATTATTGAACACCTGTCAGTGATATTCCCATGTTATACCAGCACT	94460063	94415948	44115	94416009	44054	94416281	43782	94416366	43697	94403368	56695	94418606	41457	94462268	46320	46259	45987	45902	58900	43662
ENSMUST00000232395	TACTCGGTCAAGCCAGTCTCCAAAAAAGCCTTCCAACAGTATTATTGAACACCTGTCAGTGATATTCCCATGTTATACCAGCACT	94460063	94415948	44115	94416009	44054	94416281	43782	94416366	43697	94412123	47940	94418606	41457	94462268	46320	46259	45987	45902	50145	43662
ENSMUST00000232395	TACTCGGTCAAGCCAGTCTCCAAAAAAGCCTTCCAACAGTATTATTGAACACCTGTCAGTGATATTCCCATGTTATACCAGCACT	94460063	94416281	43782	94416366	43697	94418606	41457	94418741	41322	94416009	44054	94419397	40666	94462268	45987	45902	43662	43527	46259	42871
ENSMUST00000232395	TACTCGGTCAAGCCAGTCTCCAAAAAAGCCTTCCAACAGTATTATTGAACACCTGTCAGTGATATTCCCATGTTATACCAGCACT	94460063	94425086	34977	94425188	34875	94426150	33913	94426243	33820	94424187	35876	94426765	33298	94462268	37182	37080	36118	36025	38081	35503
ENSMUST00000115366	TGGAGAGCAAGAAGCCCAAGGGTTTCTTTGGCTATAAATCTGAAATATTTAATGAGAACTTTGGGCCGGATTTTCGAGAAGAAGAG	57901432	57919455	-18023	57919567	-18135	57921745	-20313	57921886	-20454	57915508	-14076	57926406	-24974	57904178	-15277	-15389	-17567	-17708	-11330	-22228
ENSMUST00000113735	AGGGCCCTGTTTGATTATGATCGGACTCGTGACAGCTGTCTACCAAGCCAGGGACTCAGTTTCTCTTATGGTGACATTCTGCACGTC	100806514	100808052	-1538	100808152	-1638	100809861	-3347	100809907	-3393	100807255	-741	100811501	-4987	100806601	-1451	-1551	-3260	-3306	-654	-4900
ENSMUST00000113735	AGGGCCCTGTTTGATTATGATCGGACTCGTGACAGCTGTCTACCAAGCCAGGGACTCAGTTTCTCTTATGGTGACATTCTGCACGTC	100806514	100808052	-1538	100808152	-1638	100809861	-3347	100809907	-3393	100807255	-741	100812725	-6211	100806601	-1451	-1551	-3260	-3306	-654	-6124
ENSMUST00000113735	AGGGCCCTGTTTGATTATGATCGGACTCGTGACAGCTGTCTACCAAGCCAGGGACTCAGTTTCTCTTATGGTGACATTCTGCACGTC	100806514	100808052	-1538	100808152	-1638	100811501	-4987	100811543	-5029	100807255	-741	100812725	-6211	100806601	-1451	-1551	-4900	-4942	-654	-6124
ENSMUST00000113735	AGGGCCCTGTTTGATTATGATCGGACTCGTGACAGCTGTCTACCAAGCCAGGGACTCAGTTTCTCTTATGGTGACATTCTGCACGTC	100806514	100809861	-3347	100809907	-3393	100811501	-4987	100811543	-5029	100807255	-741	100812725	-6211	100806601	-3260	-3306	-4900	-4942	-654	-6124
ENSMUST00000113735	AGGGCCCTGTTTGATTATGATCGGACTCGTGACAGCTGTCTACCAAGCCAGGGACTCAGTTTCTCTTATGGTGACATTCTGCACGTC	100806514	100811501	-4987	100811543	-5029	100812725	-6211	100812776	-6262	100808152	-1638	100813336	-6822	100806601	-4900	-4942	-6124	-6175	-1551	-6735
ENSMUST00000113735	AGGGCCCTGTTTGATTATGATCGGACTCGTGACAGCTGTCTACCAAGCCAGGGACTCAGTTTCTCTTATGGTGACATTCTGCACGTC	100806514	100811501	-4987	100811543	-5029	100812725	-6211	100812776	-6262	100809907	-3393	100813336	-6822	100806601	-4900	-4942	-6124	-6175	-3306	-6735
ENSMUST00000200466	AGCAAATTAAGGAAAGAGTCCTTACTCTGTTTCCTGCGTTCATAGCGGTCTGTTTGTGCTTTGTCTAACAGTGAACACTGGTACTTG	19150036	19045952	104084	19046033	104003	19077330	72706	19077385	72651	18948501	201535	19084204	65832	19150123	104171	104090	72793	72738	201622	65919
ENSMUST00000200466	AGCAAATTAAGGAAAGAGTCCTTACTCTGTTTCCTGCGTTCATAGCGGTCTGTTTGTGCTTTGTCTAACAGTGAACACTGGTACTTG	19150036	19045952	104084	19046033	104003	19084204	65832	19084299	65737	18948501	201535	19086522	63514	19150123	104171	104090	65919	65824	201622	63601
ENSMUST00000200466	AGCAAATTAAGGAAAGAGTCCTTACTCTGTTTCCTGCGTTCATAGCGGTCTGTTTGTGCTTTGTCTAACAGTGAACACTGGTACTTG	19150036	19045952	104084	19046033	104003	19086522	63514	19086618	63418	18948501	201535	19094752	55284	19150123	104171	104090	63601	63505	201622	55371
ENSMUST00000200466	AGCAAATTAAGGAAAGAGTCCTTACTCTGTTTCCTGCGTTCATAGCGGTCTGTTTGTGCTTTGTCTAACAGTGAACACTGGTACTTG	19150036	19077330	72706	19077385	72651	19084204	65832	19084299	65737	19046033	104003	19086522	63514	19150123	72793	72738	65919	65824	104090	63601
ENSMUST00000067689	TATGAATCCAAAAAGAGAACATATCACTCTTGAAATACTTGAATCATGAACGCCAACCTAGAAAGACAATGTGAAGCAAGTACACAT	80929703	80902519	27184	80902712	26991	80913304	16399	80913442	16261	80902386	27317	80916683	13020	80929790	27271	27078	16486	16348	27404	13107
ENSMUST00000105991	AACAATCTGGCTTCCAGCTCTTTCTATGGCAACAACTCTCTGAGCAGTAACTCCCAGAGCAGCTCCCTCTTCTCTCAGGGCTCTGCA	130752706	130668924	83782	130669298	83408	130701041	51665	130701110	51596	130663467	89239	130718153	34553	130752793	83869	83495	51752	51683	89326	34640
ENSMUST00000105991	AACAATCTGGCTTCCAGCTCTTTCTATGGCAACAACTCTCTGAGCAGTAACTCCCAGAGCAGCTCCCTCTTCTCTCAGGGCTCTGCA	130752706	130668924	83782	130669298	83408	130701041	51665	130701110	51596	130663467	89239	130741462	11244	130752793	83869	83495	51752	51683	89326	11331
ENSMUST00000105991	AACAATCTGGCTTCCAGCTCTTTCTATGGCAACAACTCTCTGAGCAGTAACTCCCAGAGCAGCTCCCTCTTCTCTCAGGGCTCTGCA	130752706	130701041	51665	130701110	51596	130718153	34553	130718262	34444	130669298	83408	130719172	33534	130752793	51752	51683	34640	34531	83495	33621
ENSMUST00000105991	AACAATCTGGCTTCCAGCTCTTTCTATGGCAACAACTCTCTGAGCAGTAACTCCCAGAGCAGCTCCCTCTTCTCTCAGGGCTCTGCA	130752706	130718153	34553	130718262	34444	130719172	33534	130719351	33355	130701110	51596	130727997	24709	130752793	34640	34531	33621	33442	51683	24796
ENSMUST00000105991	AACAATCTGGCTTCCAGCTCTTTCTATGGCAACAACTCTCTGAGCAGTAACTCCCAGAGCAGCTCCCTCTTCTCTCAGGGCTCTGCA	130752706	130718153	34553	130718262	34444	130730277	22429	130730548	22158	130701110	51596	130741462	11244	130752793	34640	34531	22516	22245	51683	11331
ENSMUST00000105991	AACAATCTGGCTTCCAGCTCTTTCTATGGCAACAACTCTCTGAGCAGTAACTCCCAGAGCAGCTCCCTCTTCTCTCAGGGCTCTGCA	130752706	130719172	33534	130719351	33355	130727997	24709	130728164	24542	130718262	34444	130730277	22429	130752793	33621	33442	24796	24629	34531	22516
ENSMUST00000190166	AGATCCTTCGGGAATTGAGACTTCAGGTCAACTCCACGCGCTTGGACCTGTCGCTGACCAAAGGATTACCCAATTGGATCTCCTCAGC	83948806	84012508	-63702	84012619	-63813	84069104	-120298	84069191	-120385	84010351	-61545	84122233	-173427	83948894	-63614	-63725	-120210	-120297	-61457	-173339
ENSMUST00000032192	TGACATCGTTCGTGTGGTCACTCATGAAGACTGCATCCCCGAGGTTAAGATCGCTTACATTAACTTCCTGAATCACTGCTATGTGGAT	108403513	108236977	166536	108237085	166428	108241263	162250	108241334	162179	108214278	189235	108339506	64007	108405478	168501	168393	164215	164144	191200	65972
ENSMUST00000032192	TGACATCGTTCGTGTGGTCACTCATGAAGACTGCATCCCCGAGGTTAAGATCGCTTACATTAACTTCCTGAATCACTGCTATGTGGAT	108403513	108523287	-119774	108523448	-119935	108541902	-138389	108542064	-138551	108519450	-115937	108549752	-146239	108405478	-117809	-117970	-136424	-136586	-113972	-144274
ENSMUST00000032192	TGACATCGTTCGTGTGGTCACTCATGAAGACTGCATCCCCGAGGTTAAGATCGCTTACATTAACTTCCTGAATCACTGCTATGTGGAT	108403513	108236977	166536	108237085	166428	108241263	162250	108241334	162179	108214278	189235	108339506	64007	108405478	168501	168393	164215	164144	191200	65972
ENSMUST00000032192	TGACATCGTTCGTGTGGTCACTCATGAAGACTGCATCCCCGAGGTTAAGATCGCTTACATTAACTTCCTGAATCACTGCTATGTGGAT	108403513	108523287	-119774	108523448	-119935	108541902	-138389	108542064	-138551	108519450	-115937	108549752	-146239	108405478	-117809	-117970	-136424	-136586	-113972	-144274
ENSMUST00000032192	TGACATCGTTCGTGTGGTCACTCATGAAGACTGCATCCCCGAGGTTAAGATCGCTTACATTAACTTCCTGAATCACTGCTATGTGGAT	108403513	108236977	166536	108237085	166428	108241263	162250	108241334	162179	108214278	189235	108339506	64007	108405478	168501	168393	164215	164144	191200	65972
ENSMUST00000032192	TGACATCGTTCGTGTGGTCACTCATGAAGACTGCATCCCCGAGGTTAAGATCGCTTACATTAACTTCCTGAATCACTGCTATGTGGAT	108403513	108523287	-119774	108523448	-119935	108541902	-138389	108542064	-138551	108519450	-115937	108549752	-146239	108405478	-117809	-117970	-136424	-136586	-113972	-144274
ENSMUST00000037942	GTATTTGCTACCAGGAAGTACCCAATTTCTTATGAGATCACCACTGTACAACATGAAATATAATTCACCCGGAATGACTCGCTCCAAT	146979652	146945093	34559	146945228	34424	146947577	32075	146947658	31994	146944208	35444	146961603	18049	146979740	34647	34512	32163	32082	35532	18137
ENSMUST00000037942	GTATTTGCTACCAGGAAGTACCCAATTTCTTATGAGATCACCACTGTACAACATGAAATATAATTCACCCGGAATGACTCGCTCCAAT	146979652	146947577	32075	146947658	31994	146961603	18049	146961764	17888	146945228	34424	146967995	11657	146979740	32163	32082	18137	17976	34512	11745
ENSMUST00000019975	CACTTTGTGATTTTTTTTTTTTTTTTTAAATTTGAAGAACGCAACTGAGACTGGAATCTTGAAGGCAGCTGTGTCTGGGAACGAGCCT	40938174	40920247	17927	40920408	17766	40926483	11691	40926618	11556	40884070	54104	40930630	7544	40938262	18015	17854	11779	11644	54192	7632
ENSMUST00000231569	CAACATACTGGGCTCAATCACACTTGGTCACAGGATTCTGCACATACCTTCCTTTTCAAGGATTTGGCATCACCCAGCGACCAGCGTA	94443029	94385335	57694	94385423	57606	94387336	55693	94387390	55639	94384934	58095	94388264	54765	94443117	57782	57694	55781	55727	58183	54853
ENSMUST00000231569	CAACATACTGGGCTCAATCACACTTGGTCACAGGATTCTGCACATACCTTCCTTTTCAAGGATTTGGCATCACCCAGCGACCAGCGTA	94443029	94390201	52828	94390287	52742	94392014	51015	94392109	50920	94388385	54644	94393111	49918	94443117	52916	52830	51103	51008	54732	50006
ENSMUST00000231569	CAACATACTGGGCTCAATCACACTTGGTCACAGGATTCTGCACATACCTTCCTTTTCAAGGATTTGGCATCACCCAGCGACCAGCGTA	94443029	94408553	34476	94408716	34313	94409683	33346	94409729	33300	94403368	39661	94410832	32197	94443117	34564	34401	33434	33388	39749	32285
ENSMUST00000231569	CAACATACTGGGCTCAATCACACTTGGTCACAGGATTCTGCACATACCTTCCTTTTCAAGGATTTGGCATCACCCAGCGACCAGCGTA	94443029	94408553	34476	94408716	34313	94412059	30970	94412123	30906	94403368	39661	94415948	27081	94443117	34564	34401	31058	30994	39749	27169
ENSMUST00000231569	CAACATACTGGGCTCAATCACACTTGGTCACAGGATTCTGCACATACCTTCCTTTTCAAGGATTTGGCATCACCCAGCGACCAGCGTA	94443029	94408553	34476	94408716	34313	94410832	32197	94410956	32073	94403368	39661	94415948	27081	94443117	34564	34401	32285	32161	39749	27169
ENSMUST00000231569	CAACATACTGGGCTCAATCACACTTGGTCACAGGATTCTGCACATACCTTCCTTTTCAAGGATTTGGCATCACCCAGCGACCAGCGTA	94443029	94410832	32197	94410956	32073	94412059	30970	94412123	30906	94403368	39661	94415948	27081	94443117	32285	32161	31058	30994	39749	27169
ENSMUST00000231569	CAACATACTGGGCTCAATCACACTTGGTCACAGGATTCTGCACATACCTTCCTTTTCAAGGATTTGGCATCACCCAGCGACCAGCGTA	94443029	94412059	30970	94412123	30906	94415948	27081	94416009	27020	94410956	32073	94416281	26748	94443117	31058	30994	27169	27108	32161	26836
ENSMUST00000231569	CAACATACTGGGCTCAATCACACTTGGTCACAGGATTCTGCACATACCTTCCTTTTCAAGGATTTGGCATCACCCAGCGACCAGCGTA	94443029	94415948	27081	94416009	27020	94416281	26748	94416366	26663	94403368	39661	94418606	24423	94443117	27169	27108	26836	26751	39749	24511
ENSMUST00000231569	CAACATACTGGGCTCAATCACACTTGGTCACAGGATTCTGCACATACCTTCCTTTTCAAGGATTTGGCATCACCCAGCGACCAGCGTA	94443029	94415948	27081	94416009	27020	94416281	26748	94416366	26663	94412123	30906	94418606	24423	94443117	27169	27108	26836	26751	30994	24511
ENSMUST00000231569	CAACATACTGGGCTCAATCACACTTGGTCACAGGATTCTGCACATACCTTCCTTTTCAAGGATTTGGCATCACCCAGCGACCAGCGTA	94443029	94416281	26748	94416366	26663	94418606	24423	94418741	24288	94416009	27020	94419397	23632	94443117	26836	26751	24511	24376	27108	23720
ENSMUST00000231569	CAACATACTGGGCTCAATCACACTTGGTCACAGGATTCTGCACATACCTTCCTTTTCAAGGATTTGGCATCACCCAGCGACCAGCGTA	94443029	94425086	17943	94425188	17841	94426150	16879	94426243	16786	94424187	18842	94426765	16264	94443117	18031	17929	16967	16874	18930	16352
ENSMUST00000107938	CCCTCAACGGCAGGTGTGGCAGGGGGTCCCGTGGCGGTTGAGCCAGAAGTCCCGCCTGTACCTTTGCCCACTGCCTCATCCCTGCCTCG	44354315	44316343	37972	44316495	37820	44319076	35239	44319244	35071	44316141	38174	44319642	34673	44354404	38061	37909	35328	35160	38263	34762
ENSMUST00000107938	CCCTCAACGGCAGGTGTGGCAGGGGGTCCCGTGGCGGTTGAGCCAGAAGTCCCGCCTGTACCTTTGCCCACTGCCTCATCCCTGCCTCG	44354315	44343657	10658	44343738	10577	44344297	10018	44344321	9994	44343180	11135	44344505	9810	44354404	10747	10666	10107	10083	11224	9899
ENSMUST00000098266	AAGATGTCTGTAGTCCCAGTAGGTGACAGTTTTGGCAGCTAAATGATGACCAGATTGAAGGTGGGAGAGGGCAGGACTGTGAATAGATT	99601588	99596022	5566	99596106	5482	99597035	4553	99597059	4529	99594758	6830	99598490	3098	99601677	5655	5571	4642	4618	6919	3187
ENSMUST00000098266	AAGATGTCTGTAGTCCCAGTAGGTGACAGTTTTGGCAGCTAAATGATGACCAGATTGAAGGTGGGAGAGGGCAGGACTGTGAATAGATT	99601588	99597035	4553	99597059	4529	99598490	3098	99598561	3027	99596106	5482	99599800	1788	99601677	4642	4618	3187	3116	5571	1877
ENSMUST00000098266	AAGATGTCTGTAGTCCCAGTAGGTGACAGTTTTGGCAGCTAAATGATGACCAGATTGAAGGTGGGAGAGGGCAGGACTGTGAATAGATT	99601588	99598490	3098	99598561	3027	99599800	1788	99599852	1736	99597059	4529	99601097	491	99601677	3187	3116	1877	1825	4618	580
ENSMUST00000131671	AAAGAGCGCCAAGCTGCTAGACAGGCCTCCAGAAGCACTGCGTATGAAGATTATTATTATCACCCTCCTCCCCGAATGCCACCTCCAAT	136339265	136332397	6868	136332603	6662	136336297	2968	136336447	2818	136329501	9764	136339175	90	136339476	7079	6873	3179	3029	9975	301
ENSMUST00000131671	AAAGAGCGCCAAGCTGCTAGACAGGCCTCCAGAAGCACTGCGTATGAAGATTATTATTATCACCCTCCTCCCCGAATGCCACCTCCAAT	136339265	136336297	2968	136336447	2818	136339175	90	136339297	-32	136332603	6662	136339418	-153	136339476	3179	3029	301	179	6873	58
ENSMUST00000102560	AGCTCAAAGCCGAGAGCCTGTCGGACAAGCTCAACGACCTGGAGAAGAAGCACGCCATGCTGGAGATGAACGCCCGGAGCTTACAGCAGA	115971375	115952451	18924	115952649	18726	115961143	10232	115961197	10178	115948081	23294	115967887	3488	115973815	21364	21166	12672	12618	25734	5928
ENSMUST00000057934	ATCTTGAGGATGACCTTGTGGTAAATGGGGAGAGATCTGACTGTACCCTGCCGGACTCTGTGTCATCAGGGAACAAAGGAAGGGCTAAACA	123381414	123381399	15	123381561	-147	123382526	-1112	123382601	-1187	123374064	7350	123383324	-1910	123381505	106	-56	-1021	-1096	7441	-1819
ENSMUST00000166734	GTTATCTCCAAGTGCATTTGATTACGATACAGAGAACATGAATTCTGAAGACATTTATAGCTCCCTTAGAGGCGTCACTGAGGCAATCCAG	113903857	113847702	56155	113847838	56019	113848480	55377	113848551	55306	113844219	59638	113850122	53735	113903948	56246	56110	55468	55397	59729	53826
ENSMUST00000166734	GTTATCTCCAAGTGCATTTGATTACGATACAGAGAACATGAATTCTGAAGACATTTATAGCTCCCTTAGAGGCGTCACTGAGGCAATCCAG	113903857	113853348	50509	113853404	50453	113854172	49685	113854346	49511	113852790	51067	113858580	45277	113903948	50600	50544	49776	49602	51158	45368
ENSMUST00000166734	GTTATCTCCAAGTGCATTTGATTACGATACAGAGAACATGAATTCTGAAGACATTTATAGCTCCCTTAGAGGCGTCACTGAGGCAATCCAG	113903857	113854172	49685	113854346	49511	113858580	45277	113858604	45253	113853404	50453	113860119	43738	113903948	49776	49602	45368	45344	50544	43829
ENSMUST00000166734	GTTATCTCCAAGTGCATTTGATTACGATACAGAGAACATGAATTCTGAAGACATTTATAGCTCCCTTAGAGGCGTCACTGAGGCAATCCAG	113903857	113858580	45277	113858604	45253	113860119	43738	113860137	43720	113854346	49511	113862185	41672	113903948	45368	45344	43829	43811	49602	41763
ENSMUST00000166734	GTTATCTCCAAGTGCATTTGATTACGATACAGAGAACATGAATTCTGAAGACATTTATAGCTCCCTTAGAGGCGTCACTGAGGCAATCCAG	113903857	113896641	7216	113896785	7072	113899455	4402	113899599	4258	113892475	11382	113901490	2367	113903948	7307	7163	4493	4349	11473	2458
ENSMUST00000166734	GTTATCTCCAAGTGCATTTGATTACGATACAGAGAACATGAATTCTGAAGACATTTATAGCTCCCTTAGAGGCGTCACTGAGGCAATCCAG	113903857	113903841	16	113903995	-138	113905996	-2139	113906225	-2368	113901597	2260	113908686	-4829	113903948	107	-47	-2048	-2277	2351	-4738
ENSMUST00000106992	ATGGTCCTTTCTGATCACGACTTCAAATCCCACAGTAGCCCTGAAAGACATCTAAGAACTCCTGCATCACAAGAGAAAAGGACACCAGTACC	104330437	104287122	43315	104287209	43228	104289907	40530	104289994	40443	104282480	47957	104294858	35579	104330529	43407	43320	40622	40535	48049	35671
ENSMUST00000106992	ATGGTCCTTTCTGATCACGACTTCAAATCCCACAGTAGCCCTGAAAGACATCTAAGAACTCCTGCATCACAAGAGAAAAGGACACCAGTACC	104330437	104287122	43315	104287209	43228	104294858	35579	104294924	35513	104282480	47957	104302360	28077	104330529	43407	43320	35671	35605	48049	28169
ENSMUST00000110082	GGAGGCACCTCGGCGGTCACAGCCCCTGCGCTGGTGCAGCCACCCTCGCCTGCTCCGTTCTTCCTTCCTTCGCTCGCACCATGGCTGATCAGCT	100199634	100203574	-3940	100203718	-4084	100205612	-5978	100205719	-6085	100202423	-2789	100206097	-6463	100202405	-1169	-1313	-3207	-3314	-18	-3692
ENSMUST00000110082	GGAGGCACCTCGGCGGTCACAGCCCCTGCGCTGGTGCAGCCACCCTCGCCTGCTCCGTTCTTCCTTCCTTCGCTCGCACCATGGCTGATCAGCT	100199634	100203574	-3940	100203718	-4084	100205612	-5978	100205719	-6085	100202423	-2789	100206097	-6463	100202405	-1169	-1313	-3207	-3314	-18	-3692
ENSMUST00000059049	CCTCTTCACACCCTTGCATCATCTAGAGAGGATACACCTCCATCACAACCCGTGGAACTGTAACTGTGATATCCTGTGGCTCAGCTGGTGGATAA	97629887	96568569	1061318	96568750	1061137	96830680	799207	96830769	799118	96318583	1311304	97094613	535274	97629982	1061413	1061232	799302	799213	1311399	535369
ENSMUST00000059049	CCTCTTCACACCCTTGCATCATCTAGAGAGGATACACCTCCATCACAACCCGTGGAACTGTAACTGTGATATCCTGTGGCTCAGCTGGTGGATAA	97629887	96830680	799207	96830769	799118	97094613	535274	97094750	535137	96568750	1061137	97231536	398351	97629982	799302	799213	535369	535232	1061232	398446
ENSMUST00000059049	CCTCTTCACACCCTTGCATCATCTAGAGAGGATACACCTCCATCACAACCCGTGGAACTGTAACTGTGATATCCTGTGGCTCAGCTGGTGGATAA	97629887	96830680	799207	96830769	799118	97094613	535274	97094750	535137	96568750	1061137	97426610	203277	97629982	799302	799213	535369	535232	1061232	203372
ENSMUST00000059049	CCTCTTCACACCCTTGCATCATCTAGAGAGGATACACCTCCATCACAACCCGTGGAACTGTAACTGTGATATCCTGTGGCTCAGCTGGTGGATAA	97629887	97094613	535274	97094750	535137	97231536	398351	97231752	398135	96830769	799118	97426610	203277	97629982	535369	535232	398446	398230	799213	203372
ENSMUST00000071325	TTTATGGCGATCCGGAATCCTCTGGAATGGCACTGCAAGCAGATGGATCACTTTGTCGGACTCAACTTCAACTCTAACTTTAACTTTGCACTAGT	79553933	79463232	90701	79463295	90638	79468113	85820	79468154	85779	79458906	95027	79468716	85217	79555512	92280	92217	87399	87358	96606	86796
ENSMUST00000071325	TTTATGGCGATCCGGAATCCTCTGGAATGGCACTGCAAGCAGATGGATCACTTTGTCGGACTCAACTTCAACTCTAACTTTAACTTTGCACTAGT	79553933	79463232	90701	79463295	90638	79468113	85820	79468154	85779	79458906	95027	79468716	85217	79555512	92280	92217	87399	87358	96606	86796
ENSMUST00000059049	CCCAAGGATGTTTGGAAATGAAGAACTGAGGATCCACAAAGAAAAAGTGTGCTCATTTTTCTCTGTAAAAGAGAAAGTACGCCAAGGAGATATTTT	97467960	96568569	899391	96568750	899210	96830680	637280	96830769	637191	96318583	1149377	97094613	373347	97468056	899487	899306	637376	637287	1149473	373443
ENSMUST00000059049	CCCAAGGATGTTTGGAAATGAAGAACTGAGGATCCACAAAGAAAAAGTGTGCTCATTTTTCTCTGTAAAAGAGAAAGTACGCCAAGGAGATATTTT	97467960	96830680	637280	96830769	637191	97094613	373347	97094750	373210	96568750	899210	97231536	236424	97468056	637376	637287	373443	373306	899306	236520
ENSMUST00000059049	CCCAAGGATGTTTGGAAATGAAGAACTGAGGATCCACAAAGAAAAAGTGTGCTCATTTTTCTCTGTAAAAGAGAAAGTACGCCAAGGAGATATTTT	97467960	96830680	637280	96830769	637191	97094613	373347	97094750	373210	96568750	899210	97426610	41350	97468056	637376	637287	373443	373306	899306	41446
ENSMUST00000059049	CCCAAGGATGTTTGGAAATGAAGAACTGAGGATCCACAAAGAAAAAGTGTGCTCATTTTTCTCTGTAAAAGAGAAAGTACGCCAAGGAGATATTTT	97467960	97094613	373347	97094750	373210	97231536	236424	97231752	236208	96830769	637191	97426610	41350	97468056	373443	373306	236520	236304	637287	41446
ENSMUST00000059049	CCCAAGGATGTTTGGAAATGAAGAACTGAGGATCCACAAAGAAAAAGTGTGCTCATTTTTCTCTGTAAAAGAGAAAGTACGCCAAGGAGATATTTT	97467960	96568569	899391	96568750	899210	96830680	637280	96830769	637191	96318583	1149377	97094613	373347	97468056	899487	899306	637376	637287	1149473	373443
ENSMUST00000059049	CCCAAGGATGTTTGGAAATGAAGAACTGAGGATCCACAAAGAAAAAGTGTGCTCATTTTTCTCTGTAAAAGAGAAAGTACGCCAAGGAGATATTTT	97467960	96830680	637280	96830769	637191	97094613	373347	97094750	373210	96568750	899210	97231536	236424	97468056	637376	637287	373443	373306	899306	236520
ENSMUST00000059049	CCCAAGGATGTTTGGAAATGAAGAACTGAGGATCCACAAAGAAAAAGTGTGCTCATTTTTCTCTGTAAAAGAGAAAGTACGCCAAGGAGATATTTT	97467960	96830680	637280	96830769	637191	97094613	373347	97094750	373210	96568750	899210	97426610	41350	97468056	637376	637287	373443	373306	899306	41446
ENSMUST00000059049	CCCAAGGATGTTTGGAAATGAAGAACTGAGGATCCACAAAGAAAAAGTGTGCTCATTTTTCTCTGTAAAAGAGAAAGTACGCCAAGGAGATATTTT	97467960	97094613	373347	97094750	373210	97231536	236424	97231752	236208	96830769	637191	97426610	41350	97468056	373443	373306	236520	236304	637287	41446
ENSMUST00000098519	CAACTGTTACTGAACAGGTCTTCTGTAGGGGCTCCTAAGTATGAGACAACATGCAGTGGTTTCTGAAATGACTGAGCGATAAGTAAATTATATATT	88747734	88719288	28446	88719396	28338	88723098	24636	88723212	24522	88709996	37738	88729458	18276	88747830	28542	28434	24732	24618	37834	18372
ENSMUST00000098519	CAACTGTTACTGAACAGGTCTTCTGTAGGGGCTCCTAAGTATGAGACAACATGCAGTGGTTTCTGAAATGACTGAGCGATAAGTAAATTATATATT	88747734	88719297	28437	88719396	28338	88723098	24636	88723212	24522	88709996	37738	88729458	18276	88747830	28533	28434	24732	24618	37834	18372
ENSMUST00000030636	ACGTGGAAGAGGTGCGGAAGAACAAAGAATCCAAAGACCCCGCGGATGAGACTGAGGCTGACTAAGTTGTCCCGAGAACTGACTTTCTCCCCGACCC	134473343	134470020	3323	134470175	3168	134470666	2677	134470839	2504	134468429	4914	134472803	540	134473440	3420	3265	2774	2601	5011	637
ENSMUST00000030636	ACGTGGAAGAGGTGCGGAAGAACAAAGAATCCAAAGACCCCGCGGATGAGACTGAGGCTGACTAAGTTGTCCCGAGAACTGACTTTCTCCCCGACCC	134473343	134470102	3241	134470175	3168	134470666	2677	134470839	2504	134468429	4914	134472803	540	134473440	3338	3265	2774	2601	5011	637
ENSMUST00000232395	ACATTTCAAAAACAGGAGAATATTTACGAGTTAAACTACCACTAAATCCAACTGCTAGGGAATTTCAACCAGATGTAAAGTCTGAAGCACTGTCTGAG	94442745	94385335	57410	94385423	57322	94387336	55409	94387390	55355	94384934	57811	94388264	54481	94442843	57508	57420	55507	55453	57909	54579
ENSMUST00000232395	ACATTTCAAAAACAGGAGAATATTTACGAGTTAAACTACCACTAAATCCAACTGCTAGGGAATTTCAACCAGATGTAAAGTCTGAAGCACTGTCTGAG	94442745	94390201	52544	94390287	52458	94392014	50731	94392109	50636	94388385	54360	94393111	49634	94442843	52642	52556	50829	50734	54458	49732
ENSMUST00000232395	ACATTTCAAAAACAGGAGAATATTTACGAGTTAAACTACCACTAAATCCAACTGCTAGGGAATTTCAACCAGATGTAAAGTCTGAAGCACTGTCTGAG	94442745	94408553	34192	94408716	34029	94409683	33062	94409729	33016	94403368	39377	94410832	31913	94442843	34290	34127	33160	33114	39475	32011
ENSMUST00000232395	ACATTTCAAAAACAGGAGAATATTTACGAGTTAAACTACCACTAAATCCAACTGCTAGGGAATTTCAACCAGATGTAAAGTCTGAAGCACTGTCTGAG	94442745	94408553	34192	94408716	34029	94412059	30686	94412123	30622	94403368	39377	94415948	26797	94442843	34290	34127	30784	30720	39475	26895
ENSMUST00000232395	ACATTTCAAAAACAGGAGAATATTTACGAGTTAAACTACCACTAAATCCAACTGCTAGGGAATTTCAACCAGATGTAAAGTCTGAAGCACTGTCTGAG	94442745	94408553	34192	94408716	34029	94410832	31913	94410956	31789	94403368	39377	94415948	26797	94442843	34290	34127	32011	31887	39475	26895
ENSMUST00000232395	ACATTTCAAAAACAGGAGAATATTTACGAGTTAAACTACCACTAAATCCAACTGCTAGGGAATTTCAACCAGATGTAAAGTCTGAAGCACTGTCTGAG	94442745	94410832	31913	94410956	31789	94412059	30686	94412123	30622	94403368	39377	94415948	26797	94442843	32011	31887	30784	30720	39475	26895
ENSMUST00000232395	ACATTTCAAAAACAGGAGAATATTTACGAGTTAAACTACCACTAAATCCAACTGCTAGGGAATTTCAACCAGATGTAAAGTCTGAAGCACTGTCTGAG	94442745	94412059	30686	94412123	30622	94415948	26797	94416009	26736	94410956	31789	94416281	26464	94442843	30784	30720	26895	26834	31887	26562
ENSMUST00000232395	ACATTTCAAAAACAGGAGAATATTTACGAGTTAAACTACCACTAAATCCAACTGCTAGGGAATTTCAACCAGATGTAAAGTCTGAAGCACTGTCTGAG	94442745	94415948	26797	94416009	26736	94416281	26464	94416366	26379	94403368	39377	94418606	24139	94442843	26895	26834	26562	26477	39475	24237
ENSMUST00000232395	ACATTTCAAAAACAGGAGAATATTTACGAGTTAAACTACCACTAAATCCAACTGCTAGGGAATTTCAACCAGATGTAAAGTCTGAAGCACTGTCTGAG	94442745	94415948	26797	94416009	26736	94416281	26464	94416366	26379	94412123	30622	94418606	24139	94442843	26895	26834	26562	26477	30720	24237
ENSMUST00000232395	ACATTTCAAAAACAGGAGAATATTTACGAGTTAAACTACCACTAAATCCAACTGCTAGGGAATTTCAACCAGATGTAAAGTCTGAAGCACTGTCTGAG	94442745	94416281	26464	94416366	26379	94418606	24139	94418741	24004	94416009	26736	94419397	23348	94442843	26562	26477	24237	24102	26834	23446
ENSMUST00000232395	ACATTTCAAAAACAGGAGAATATTTACGAGTTAAACTACCACTAAATCCAACTGCTAGGGAATTTCAACCAGATGTAAAGTCTGAAGCACTGTCTGAG	94442745	94425086	17659	94425188	17557	94426150	16595	94426243	16502	94424187	18558	94426765	15980	94442843	17757	17655	16693	16600	18656	16078
ENSMUST00000232395	ACATTTCAAAAACAGGAGAATATTTACGAGTTAAACTACCACTAAATCCAACTGCTAGGGAATTTCAACCAGATGTAAAGTCTGAAGCACTGTCTGAG	94442745	94385335	57410	94385423	57322	94387336	55409	94387390	55355	94384934	57811	94388264	54481	94442843	57508	57420	55507	55453	57909	54579
ENSMUST00000232395	ACATTTCAAAAACAGGAGAATATTTACGAGTTAAACTACCACTAAATCCAACTGCTAGGGAATTTCAACCAGATGTAAAGTCTGAAGCACTGTCTGAG	94442745	94390201	52544	94390287	52458	94392014	50731	94392109	50636	94388385	54360	94393111	49634	94442843	52642	52556	50829	50734	54458	49732
ENSMUST00000232395	ACATTTCAAAAACAGGAGAATATTTACGAGTTAAACTACCACTAAATCCAACTGCTAGGGAATTTCAACCAGATGTAAAGTCTGAAGCACTGTCTGAG	94442745	94408553	34192	94408716	34029	94409683	33062	94409729	33016	94403368	39377	94410832	31913	94442843	34290	34127	33160	33114	39475	32011
ENSMUST00000232395	ACATTTCAAAAACAGGAGAATATTTACGAGTTAAACTACCACTAAATCCAACTGCTAGGGAATTTCAACCAGATGTAAAGTCTGAAGCACTGTCTGAG	94442745	94408553	34192	94408716	34029	94412059	30686	94412123	30622	94403368	39377	94415948	26797	94442843	34290	34127	30784	30720	39475	26895
ENSMUST00000232395	ACATTTCAAAAACAGGAGAATATTTACGAGTTAAACTACCACTAAATCCAACTGCTAGGGAATTTCAACCAGATGTAAAGTCTGAAGCACTGTCTGAG	94442745	94408553	34192	94408716	34029	94410832	31913	94410956	31789	94403368	39377	94415948	26797	94442843	34290	34127	32011	31887	39475	26895
ENSMUST00000232395	ACATTTCAAAAACAGGAGAATATTTACGAGTTAAACTACCACTAAATCCAACTGCTAGGGAATTTCAACCAGATGTAAAGTCTGAAGCACTGTCTGAG	94442745	94410832	31913	94410956	31789	94412059	30686	94412123	30622	94403368	39377	94415948	26797	94442843	32011	31887	30784	30720	39475	26895
ENSMUST00000232395	ACATTTCAAAAACAGGAGAATATTTACGAGTTAAACTACCACTAAATCCAACTGCTAGGGAATTTCAACCAGATGTAAAGTCTGAAGCACTGTCTGAG	94442745	94412059	30686	94412123	30622	94415948	26797	94416009	26736	94410956	31789	94416281	26464	94442843	30784	30720	26895	26834	31887	26562
ENSMUST00000232395	ACATTTCAAAAACAGGAGAATATTTACGAGTTAAACTACCACTAAATCCAACTGCTAGGGAATTTCAACCAGATGTAAAGTCTGAAGCACTGTCTGAG	94442745	94415948	26797	94416009	26736	94416281	26464	94416366	26379	94403368	39377	94418606	24139	94442843	26895	26834	26562	26477	39475	24237
ENSMUST00000232395	ACATTTCAAAAACAGGAGAATATTTACGAGTTAAACTACCACTAAATCCAACTGCTAGGGAATTTCAACCAGATGTAAAGTCTGAAGCACTGTCTGAG	94442745	94415948	26797	94416009	26736	94416281	26464	94416366	26379	94412123	30622	94418606	24139	94442843	26895	26834	26562	26477	30720	24237
ENSMUST00000232395	ACATTTCAAAAACAGGAGAATATTTACGAGTTAAACTACCACTAAATCCAACTGCTAGGGAATTTCAACCAGATGTAAAGTCTGAAGCACTGTCTGAG	94442745	94416281	26464	94416366	26379	94418606	24139	94418741	24004	94416009	26736	94419397	23348	94442843	26562	26477	24237	24102	26834	23446
ENSMUST00000232395	ACATTTCAAAAACAGGAGAATATTTACGAGTTAAACTACCACTAAATCCAACTGCTAGGGAATTTCAACCAGATGTAAAGTCTGAAGCACTGTCTGAG	94442745	94425086	17659	94425188	17557	94426150	16595	94426243	16502	94424187	18558	94426765	15980	94442843	17757	17655	16693	16600	18656	16078
ENSMUST00000232395	ACATTTCAAAAACAGGAGAATATTTACGAGTTAAACTACCACTAAATCCAACTGCTAGGGAATTTCAACCAGATGTAAAGTCTGAAGCACTGTCTGAG	94442745	94385335	57410	94385423	57322	94387336	55409	94387390	55355	94384934	57811	94388264	54481	94442843	57508	57420	55507	55453	57909	54579
ENSMUST00000232395	ACATTTCAAAAACAGGAGAATATTTACGAGTTAAACTACCACTAAATCCAACTGCTAGGGAATTTCAACCAGATGTAAAGTCTGAAGCACTGTCTGAG	94442745	94390201	52544	94390287	52458	94392014	50731	94392109	50636	94388385	54360	94393111	49634	94442843	52642	52556	50829	50734	54458	49732
ENSMUST00000232395	ACATTTCAAAAACAGGAGAATATTTACGAGTTAAACTACCACTAAATCCAACTGCTAGGGAATTTCAACCAGATGTAAAGTCTGAAGCACTGTCTGAG	94442745	94408553	34192	94408716	34029	94409683	33062	94409729	33016	94403368	39377	94410832	31913	94442843	34290	34127	33160	33114	39475	32011
ENSMUST00000232395	ACATTTCAAAAACAGGAGAATATTTACGAGTTAAACTACCACTAAATCCAACTGCTAGGGAATTTCAACCAGATGTAAAGTCTGAAGCACTGTCTGAG	94442745	94408553	34192	94408716	34029	94412059	30686	94412123	30622	94403368	39377	94415948	26797	94442843	34290	34127	30784	30720	39475	26895
ENSMUST00000232395	ACATTTCAAAAACAGGAGAATATTTACGAGTTAAACTACCACTAAATCCAACTGCTAGGGAATTTCAACCAGATGTAAAGTCTGAAGCACTGTCTGAG	94442745	94408553	34192	94408716	34029	94410832	31913	94410956	31789	94403368	39377	94415948	26797	94442843	34290	34127	32011	31887	39475	26895
ENSMUST00000232395	ACATTTCAAAAACAGGAGAATATTTACGAGTTAAACTACCACTAAATCCAACTGCTAGGGAATTTCAACCAGATGTAAAGTCTGAAGCACTGTCTGAG	94442745	94410832	31913	94410956	31789	94412059	30686	94412123	30622	94403368	39377	94415948	26797	94442843	32011	31887	30784	30720	39475	26895
ENSMUST00000232395	ACATTTCAAAAACAGGAGAATATTTACGAGTTAAACTACCACTAAATCCAACTGCTAGGGAATTTCAACCAGATGTAAAGTCTGAAGCACTGTCTGAG	94442745	94412059	30686	94412123	30622	94415948	26797	94416009	26736	94410956	31789	94416281	26464	94442843	30784	30720	26895	26834	31887	26562
ENSMUST00000232395	ACATTTCAAAAACAGGAGAATATTTACGAGTTAAACTACCACTAAATCCAACTGCTAGGGAATTTCAACCAGATGTAAAGTCTGAAGCACTGTCTGAG	94442745	94415948	26797	94416009	26736	94416281	26464	94416366	26379	94403368	39377	94418606	24139	94442843	26895	26834	26562	26477	39475	24237
ENSMUST00000232395	ACATTTCAAAAACAGGAGAATATTTACGAGTTAAACTACCACTAAATCCAACTGCTAGGGAATTTCAACCAGATGTAAAGTCTGAAGCACTGTCTGAG	94442745	94415948	26797	94416009	26736	94416281	26464	94416366	26379	94412123	30622	94418606	24139	94442843	26895	26834	26562	26477	30720	24237
ENSMUST00000232395	ACATTTCAAAAACAGGAGAATATTTACGAGTTAAACTACCACTAAATCCAACTGCTAGGGAATTTCAACCAGATGTAAAGTCTGAAGCACTGTCTGAG	94442745	94416281	26464	94416366	26379	94418606	24139	94418741	24004	94416009	26736	94419397	23348	94442843	26562	26477	24237	24102	26834	23446
ENSMUST00000232395	ACATTTCAAAAACAGGAGAATATTTACGAGTTAAACTACCACTAAATCCAACTGCTAGGGAATTTCAACCAGATGTAAAGTCTGAAGCACTGTCTGAG	94442745	94425086	17659	94425188	17557	94426150	16595	94426243	16502	94424187	18558	94426765	15980	94442843	17757	17655	16693	16600	18656	16078
ENSMUST00000042824	ACCGCGCTGGAGGGATATCAGATTGGACAGGTGGCCTGTGGGCTGAACCACACCTTGGCAGTGTCAGCAGATGGCTCCATGGTGTGGGCCTTTGGAGA	66487985	66460407	27578	66460532	27453	66461699	26286	66461899	26086	66458425	29560	66462828	25157	66489342	28935	28810	27643	27443	30917	26514
ENSMUST00000042824	ACCGCGCTGGAGGGATATCAGATTGGACAGGTGGCCTGTGGGCTGAACCACACCTTGGCAGTGTCAGCAGATGGCTCCATGGTGTGGGCCTTTGGAGA	66487985	66460407	27578	66460532	27453	66461699	26286	66461920	26065	66458425	29560	66462828	25157	66489342	28935	28810	27643	27422	30917	26514
ENSMUST00000111293	TTTTAAACGGAGGCTGAAGACACTGTAGAATTAGCAGACATAAGAGAGCGTGGAGAAGGCAGAGGATGGAGTTGCAGACTCTACAGGAGGCTCTTAAAG	92221500	92344543	-123043	92344642	-123142	92347995	-126495	92348047	-126547	92330808	-109308	92348877	-127377	92221599	-122944	-123043	-126396	-126448	-109209	-127278
ENSMUST00000111293	TTTTAAACGGAGGCTGAAGACACTGTAGAATTAGCAGACATAAGAGAGCGTGGAGAAGGCAGAGGATGGAGTTGCAGACTCTACAGGAGGCTCTTAAAG	92221500	92351608	-130108	92351631	-130131	92351700	-130200	92351864	-130364	92349448	-127948	92356863	-135363	92221599	-130009	-130032	-130101	-130265	-127849	-135264
ENSMUST00000171289	TAATTAAAATTACTGTTCTCTGAATGACAGTGTGTAAGGAAATCTTTCAAGAATGCTGTCATTATTCTCTTTGAGCTTTTTGTTGGGATTTGGGGTTTT	126843119	126684659	158460	126684719	158400	126729406	113713	126729461	113658	126599160	243959	126767513	75606	126843217	158558	158498	113811	113756	244057	75704
ENSMUST00000171289	TAATTAAAATTACTGTTCTCTGAATGACAGTGTGTAAGGAAATCTTTCAAGAATGCTGTCATTATTCTCTTTGAGCTTTTTGTTGGGATTTGGGGTTTT	126843119	126770784	72335	126770857	72262	126771773	71346	126771846	71273	126767579	75540	126780359	62760	126843217	72433	72360	71444	71371	75638	62858
ENSMUST00000171289	TAATTAAAATTACTGTTCTCTGAATGACAGTGTGTAAGGAAATCTTTCAAGAATGCTGTCATTATTCTCTTTGAGCTTTTTGTTGGGATTTGGGGTTTT	126843119	126802936	40183	126802969	40150	126805856	37263	126805916	37203	126801761	41358	126810638	32481	126843217	40281	40248	37361	37301	41456	32579
ENSMUST00000029800	TGGGAATAACGTTTCTTGGAATCGGACTGTGGGCGTGGAATGAAAAAGGTGTCCTCTCCAACATCTCGTCCATCACCGACCTCGGTGGCTTTGACCCAGT	138868351	138868345	6	138868396	-45	138890734	-22383	138890881	-22530	138742660	125691	138894347	-25996	138890790	22445	22394	56	-91	148130	-3557
ENSMUST00000029800	TGGGAATAACGTTTCTTGGAATCGGACTGTGGGCGTGGAATGAAAAAGGTGTCCTCTCCAACATCTCGTCCATCACCGACCTCGGTGGCTTTGACCCAGT	138868351	138890734	-22383	138890881	-22530	138894347	-25996	138894518	-26167	138868396	-45	138896788	-28437	138890790	56	-91	-3557	-3728	22394	-5998
ENSMUST00000029800	TGGGAATAACGTTTCTTGGAATCGGACTGTGGGCGTGGAATGAAAAAGGTGTCCTCTCCAACATCTCGTCCATCACCGACCTCGGTGGCTTTGACCCAGT	138868351	138890734	-22383	138890881	-22530	138894347	-25996	138894518	-26167	138868396	-45	138896852	-28501	138890790	56	-91	-3557	-3728	22394	-6062
ENSMUST00000029800	TGGGAATAACGTTTCTTGGAATCGGACTGTGGGCGTGGAATGAAAAAGGTGTCCTCTCCAACATCTCGTCCATCACCGACCTCGGTGGCTTTGACCCAGT	138868351	138894347	-25996	138894518	-26167	138896788	-28437	138896914	-28563	138890881	-22530	138898112	-29761	138890790	-3557	-3728	-5998	-6124	-91	-7322
ENSMUST00000029800	TGGGAATAACGTTTCTTGGAATCGGACTGTGGGCGTGGAATGAAAAAGGTGTCCTCTCCAACATCTCGTCCATCACCGACCTCGGTGGCTTTGACCCAGT	138868351	138894347	-25996	138894518	-26167	138896852	-28501	138896914	-28563	138890881	-22530	138898112	-29761	138890790	-3557	-3728	-6062	-6124	-91	-7322
ENSMUST00000071325	AATCGAAGAGATCTGCCTAGTTGATGAGAACCAGTTCACTCTAACCATTGCAAACCAAGGCACACCACTGACCTTCATGCACCAAGAATGTGAAGCCATT	79536922	79463232	73690	79463295	73627	79468113	68809	79468154	68768	79458906	78016	79468716	68206	79537022	73790	73727	68909	68868	78116	68306
ENSMUST00000071325	AATCGAAGAGATCTGCCTAGTTGATGAGAACCAGTTCACTCTAACCATTGCAAACCAAGGCACACCACTGACCTTCATGCACCAAGAATGTGAAGCCATT	79536922	79463232	73690	79463295	73627	79468113	68809	79468154	68768	79458906	78016	79468716	68206	79537022	73790	73727	68909	68868	78116	68306
ENSMUST00000113144	TATTTTTGGATCTTGGTTCTGGGGCACTGGTGAGAACAGCCTTAGATCTGTTGGAGTCAATTGTGAGAAGATGCCGAAGGCTGGAGAAAAAGAAGTTACT	135800611	135743441	57170	135743522	57089	135743562	57049	135743614	56997	135742978	57633	135744498	56113	135800711	57270	57189	57149	57097	57733	56213
ENSMUST00000113144	TATTTTTGGATCTTGGTTCTGGGGCACTGGTGAGAACAGCCTTAGATCTGTTGGAGTCAATTGTGAGAAGATGCCGAAGGCTGGAGAAAAAGAAGTTACT	135800611	135796141	4470	135796336	4275	135796948	3663	135797037	3574	135752017	48594	135797552	3059	135800711	4570	4375	3763	3674	48694	3159
ENSMUST00000113144	TATTTTTGGATCTTGGTTCTGGGGCACTGGTGAGAACAGCCTTAGATCTGTTGGAGTCAATTGTGAGAAGATGCCGAAGGCTGGAGAAAAAGAAGTTACT	135800611	135796141	4470	135796336	4275	135797552	3059	135797629	2982	135752017	48594	135797787	2824	135800711	4570	4375	3159	3082	48694	2924
ENSMUST00000113144	TATTTTTGGATCTTGGTTCTGGGGCACTGGTGAGAACAGCCTTAGATCTGTTGGAGTCAATTGTGAGAAGATGCCGAAGGCTGGAGAAAAAGAAGTTACT	135800611	135796948	3663	135797037	3574	135797552	3059	135797629	2982	135796336	4275	135797787	2824	135800711	3763	3674	3159	3082	4375	2924
ENSMUST00000113144	TATTTTTGGATCTTGGTTCTGGGGCACTGGTGAGAACAGCCTTAGATCTGTTGGAGTCAATTGTGAGAAGATGCCGAAGGCTGGAGAAAAAGAAGTTACT	135800611	135797552	3059	135797629	2982	135797787	2824	135797864	2747	135752017	48594	135798022	2589	135800711	3159	3082	2924	2847	48694	2689
ENSMUST00000113144	TATTTTTGGATCTTGGTTCTGGGGCACTGGTGAGAACAGCCTTAGATCTGTTGGAGTCAATTGTGAGAAGATGCCGAAGGCTGGAGAAAAAGAAGTTACT	135800611	135797552	3059	135797629	2982	135797787	2824	135797864	2747	135797037	3574	135798022	2589	135800711	3159	3082	2924	2847	3674	2689
ENSMUST00000113144	TATTTTTGGATCTTGGTTCTGGGGCACTGGTGAGAACAGCCTTAGATCTGTTGGAGTCAATTGTGAGAAGATGCCGAAGGCTGGAGAAAAAGAAGTTACT	135800611	135797787	2824	135797864	2747	135798022	2589	135798094	2517	135797629	2982	135798390	2221	135800711	2924	2847	2689	2617	3082	2321
ENSMUST00000220990	CCGAAGCAAGGAGTGAGCCTCCATCGGGAGAAATCTAAATAGCATACTTGGGCCATGGAACACTTTGAACCATTTCACGTCTCCTGCTCCTACAAAATCA	38630699	37981754	648945	37982010	648689	38084166	546533	38084243	546456	37880954	749745	38100363	530336	38630799	649045	648789	546633	546556	749845	530436
ENSMUST00000220990	CCGAAGCAAGGAGTGAGCCTCCATCGGGAGAAATCTAAATAGCATACTTGGGCCATGGAACACTTTGAACCATTTCACGTCTCCTGCTCCTACAAAATCA	38630699	38084166	546533	38084243	546456	38120605	510094	38120655	510044	37982010	648689	38124168	506531	38630799	546633	546556	510194	510144	648789	506631
ENSMUST00000220990	CCGAAGCAAGGAGTGAGCCTCCATCGGGAGAAATCTAAATAGCATACTTGGGCCATGGAACACTTTGAACCATTTCACGTCTCCTGCTCCTACAAAATCA	38630699	38190059	440640	38190134	440565	38214302	416397	38214388	416311	38184971	445728	38216018	414681	38630799	440740	440665	416497	416411	445828	414781
ENSMUST00000097785	CATGAGACCCTGGAGCCACTGAACGAGTGGCTCACAGCTGTAGAAAAGAAGCTGGCAAACTCGGAGCCCATAGGAACCCAGGCACCAAAGCTGGAGGAGC	34249582	34296741	-47159	34296759	-47177	34299720	-50138	34299838	-50256	34295536	-45954	34302829	-53247	34250654	-46087	-46105	-49066	-49184	-44882	-52175
ENSMUST00000105473	ACCCTGTACGGGATCTCAAATGTCTGGGAAGAATCCATTATCCGAACCCTGAGCCGTGTGGAGTTCCTGGGAATGATTGGTCTCTTTGGTGCATTTTTCAG	53073502	53021843	51659	53021971	51531	53073453	49	53073610	-108	52933267	140235	53077896	-4394	53073603	51760	51632	150	-7	140336	-4293
ENSMUST00000106017	AAGAAGCTTCGGTATTCGGACTTGGACTTTGAGAAGGTGATGCACACTCGGAAACGGCACTCGGAACTCTACCACGAACTCAACCAGAAGTTCCACACTTT	130021249	130005024	16225	130005108	16141	130005389	15860	130005554	15695	129992879	28370	130006751	14498	130021659	16635	16551	16270	16105	28780	14908
ENSMUST00000106017	AAGAAGCTTCGGTATTCGGACTTGGACTTTGAGAAGGTGATGCACACTCGGAAACGGCACTCGGAACTCTACCACGAACTCAACCAGAAGTTCCACACTTT	130021249	130005024	16225	130005108	16141	130005389	15860	130005554	15695	129992879	28370	130007561	13688	130021659	16635	16551	16270	16105	28780	14098
ENSMUST00000106017	AAGAAGCTTCGGTATTCGGACTTGGACTTTGAGAAGGTGATGCACACTCGGAAACGGCACTCGGAACTCTACCACGAACTCAACCAGAAGTTCCACACTTT	130021249	130005389	15860	130005554	15695	130006751	14498	130006916	14333	130005108	16141	130007561	13688	130021659	16270	16105	14908	14743	16551	14098
ENSMUST00000106017	AAGAAGCTTCGGTATTCGGACTTGGACTTTGAGAAGGTGATGCACACTCGGAAACGGCACTCGGAACTCTACCACGAACTCAACCAGAAGTTCCACACTTT	130021249	130014934	6315	130015033	6216	130016633	4616	130016696	4553	130014636	6613	130017061	4188	130021659	6725	6626	5026	4963	7023	4598
ENSMUST00000190096	TTAAGTGACTACTCATCCTCTGTTCCTTCGACCCCAAGCACCAGCCAGAAAGAGCTTCGGATCGACGTCCCTCCCACTGCCAACACTCCAACGCCTGTCCG	89665062	89743727	-78665	89743896	-78834	89766305	-101243	89766464	-101402	89726065	-61003	89789162	-124100	89665163	-78564	-78733	-101142	-101301	-60902	-123999
ENSMUST00000190096	TTAAGTGACTACTCATCCTCTGTTCCTTCGACCCCAAGCACCAGCCAGAAAGAGCTTCGGATCGACGTCCCTCCCACTGCCAACACTCCAACGCCTGTCCG	89665062	89766305	-101243	89766464	-101402	89789162	-124100	89789324	-124262	89743896	-78834	89834433	-169371	89665163	-101142	-101301	-123999	-124161	-78733	-169270
ENSMUST00000190096	TTAAGTGACTACTCATCCTCTGTTCCTTCGACCCCAAGCACCAGCCAGAAAGAGCTTCGGATCGACGTCCCTCCCACTGCCAACACTCCAACGCCTGTCCG	89665062	89743727	-78665	89743896	-78834	89766305	-101243	89766464	-101402	89726065	-61003	89789162	-124100	89665163	-78564	-78733	-101142	-101301	-60902	-123999
ENSMUST00000190096	TTAAGTGACTACTCATCCTCTGTTCCTTCGACCCCAAGCACCAGCCAGAAAGAGCTTCGGATCGACGTCCCTCCCACTGCCAACACTCCAACGCCTGTCCG	89665062	89766305	-101243	89766464	-101402	89789162	-124100	89789324	-124262	89743896	-78834	89834433	-169371	89665163	-101142	-101301	-123999	-124161	-78733	-169270
ENSMUST00000113462	AAAGAAAAGGAATATAACTACTACGTGCTCATCCCCTTCCCTCCCGCTGCCCTCGGCGCCGCACTGTCAGCTCTGGGGCTGGCTGTCCTCCGCTCTGCGCCT	6532311	6443630	88681	6443648	88663	6448254	84057	6448284	84027	6428778	103533	6454978	77333	6532413	88783	88765	84159	84129	103635	77435
ENSMUST00000113462	AAAGAAAAGGAATATAACTACTACGTGCTCATCCCCTTCCCTCCCGCTGCCCTCGGCGCCGCACTGTCAGCTCTGGGGCTGGCTGTCCTCCGCTCTGCGCCT	6532311	6448254	84057	6448284	84027	6450527	81784	6450599	81712	6443648	88663	6454978	77333	6532413	84159	84129	81886	81814	88765	77435
ENSMUST00000113462	AAAGAAAAGGAATATAACTACTACGTGCTCATCCCCTTCCCTCCCGCTGCCCTCGGCGCCGCACTGTCAGCTCTGGGGCTGGCTGTCCTCCGCTCTGCGCCT	6532311	6448254	84057	6448284	84027	6463823	68488	6463847	68464	6443648	88663	6472257	60054	6532413	84159	84129	68590	68566	88765	60156
ENSMUST00000113462	AAAGAAAAGGAATATAACTACTACGTGCTCATCCCCTTCCCTCCCGCTGCCCTCGGCGCCGCACTGTCAGCTCTGGGGCTGGCTGTCCTCCGCTCTGCGCCT	6532311	6448254	84057	6448284	84027	6463823	68488	6463868	68443	6443648	88663	6472257	60054	6532413	84159	84129	68590	68545	88765	60156
ENSMUST00000113462	AAAGAAAAGGAATATAACTACTACGTGCTCATCCCCTTCCCTCCCGCTGCCCTCGGCGCCGCACTGTCAGCTCTGGGGCTGGCTGTCCTCCGCTCTGCGCCT	6532311	6454978	77333	6455280	77031	6472257	60054	6472419	59892	6448284	84027	6473317	58994	6532413	77435	77133	60156	59994	84129	59096
ENSMUST00000113462	AAAGAAAAGGAATATAACTACTACGTGCTCATCCCCTTCCCTCCCGCTGCCCTCGGCGCCGCACTGTCAGCTCTGGGGCTGGCTGTCCTCCGCTCTGCGCCT	6532311	6516922	15389	6517248	15063	6519248	13063	6519327	12984	6509949	22362	6531267	1044	6532413	15491	15165	13165	13086	22464	1146
ENSMUST00000113462	AAAGAAAAGGAATATAACTACTACGTGCTCATCCCCTTCCCTCCCGCTGCCCTCGGCGCCGCACTGTCAGCTCTGGGGCTGGCTGTCCTCCGCTCTGCGCCT	6532311	6516922	15389	6517248	15063	6519248	13063	6519327	12984	6509949	22362	6542340	-10029	6532413	15491	15165	13165	13086	22464	-9927
ENSMUST00000113462	AAAGAAAAGGAATATAACTACTACGTGCTCATCCCCTTCCCTCCCGCTGCCCTCGGCGCCGCACTGTCAGCTCTGGGGCTGGCTGTCCTCCGCTCTGCGCCT	6532311	6443630	88681	6443648	88663	6448254	84057	6448284	84027	6428778	103533	6454978	77333	6532413	88783	88765	84159	84129	103635	77435
ENSMUST00000113462	AAAGAAAAGGAATATAACTACTACGTGCTCATCCCCTTCCCTCCCGCTGCCCTCGGCGCCGCACTGTCAGCTCTGGGGCTGGCTGTCCTCCGCTCTGCGCCT	6532311	6448254	84057	6448284	84027	6450527	81784	6450599	81712	6443648	88663	6454978	77333	6532413	84159	84129	81886	81814	88765	77435
ENSMUST00000113462	AAAGAAAAGGAATATAACTACTACGTGCTCATCCCCTTCCCTCCCGCTGCCCTCGGCGCCGCACTGTCAGCTCTGGGGCTGGCTGTCCTCCGCTCTGCGCCT	6532311	6448254	84057	6448284	84027	6463823	68488	6463847	68464	6443648	88663	6472257	60054	6532413	84159	84129	68590	68566	88765	60156
ENSMUST00000113462	AAAGAAAAGGAATATAACTACTACGTGCTCATCCCCTTCCCTCCCGCTGCCCTCGGCGCCGCACTGTCAGCTCTGGGGCTGGCTGTCCTCCGCTCTGCGCCT	6532311	6448254	84057	6448284	84027	6463823	68488	6463868	68443	6443648	88663	6472257	60054	6532413	84159	84129	68590	68545	88765	60156
ENSMUST00000113462	AAAGAAAAGGAATATAACTACTACGTGCTCATCCCCTTCCCTCCCGCTGCCCTCGGCGCCGCACTGTCAGCTCTGGGGCTGGCTGTCCTCCGCTCTGCGCCT	6532311	6454978	77333	6455280	77031	6472257	60054	6472419	59892	6448284	84027	6473317	58994	6532413	77435	77133	60156	59994	84129	59096
ENSMUST00000113462	AAAGAAAAGGAATATAACTACTACGTGCTCATCCCCTTCCCTCCCGCTGCCCTCGGCGCCGCACTGTCAGCTCTGGGGCTGGCTGTCCTCCGCTCTGCGCCT	6532311	6516922	15389	6517248	15063	6519248	13063	6519327	12984	6509949	22362	6531267	1044	6532413	15491	15165	13165	13086	22464	1146
ENSMUST00000113462	AAAGAAAAGGAATATAACTACTACGTGCTCATCCCCTTCCCTCCCGCTGCCCTCGGCGCCGCACTGTCAGCTCTGGGGCTGGCTGTCCTCCGCTCTGCGCCT	6532311	6516922	15389	6517248	15063	6519248	13063	6519327	12984	6509949	22362	6542340	-10029	6532413	15491	15165	13165	13086	22464	-9927
ENSMUST00000108251	TGCAAGCAGATGGATCACTTTGTCGGACTCAACTTCAACTCTAACTTTAACTTTGCACTAGTTGGACACCTCTTAAAAGGGTACAGGCATCCTTCACCTGCC	79553965	79463232	90733	79463295	90670	79468113	85852	79468154	85811	79458906	95059	79468716	85249	79555551	92319	92256	87438	87397	96645	86835
ENSMUST00000182597	TTGAGGCTACCAAAGTTTGCAGAGGAGGAGACTCTTTGTATAGACTCTATAACTCCTTGTGCTGATGGAATTCATTTGTTGGTAGGACTGCGGACATGCTCTG	74579853	74660381	-80528	74660682	-80829	74662600	-82747	74662818	-82965	74659355	-79502	74668758	-88905	74579956	-80425	-80726	-82644	-82862	-79399	-88802
ENSMUST00000112227	GCAGAAGCTGGATTCTGACCCGAGCTCTGCAAAATGAGCTTCCCAGTTGATCACATCGGAACAAAATGGGACTGAGGATTTGGTGATCACTATTGTTTGGAAAT	166387711	166353564	34147	166353684	34027	166367027	20684	166367174	20537	166345081	42630	166372637	15074	166387815	34251	34131	20788	20641	42734	15178
ENSMUST00000112227	GCAGAAGCTGGATTCTGACCCGAGCTCTGCAAAATGAGCTTCCCAGTTGATCACATCGGAACAAAATGGGACTGAGGATTTGGTGATCACTATTGTTTGGAAAT	166387711	166379987	7724	166380159	7552	166382448	5263	166382522	5189	166375789	11922	166383934	3777	166387815	7828	7656	5367	5293	12026	3881
ENSMUST00000112227	GCAGAAGCTGGATTCTGACCCGAGCTCTGCAAAATGAGCTTCCCAGTTGATCACATCGGAACAAAATGGGACTGAGGATTTGGTGATCACTATTGTTTGGAAAT	166387711	166382448	5263	166382522	5189	166383934	3777	166384000	3711	166380159	7552	166385390	2321	166387815	5367	5293	3881	3815	7656	2425
ENSMUST00000112227	GCAGAAGCTGGATTCTGACCCGAGCTCTGCAAAATGAGCTTCCCAGTTGATCACATCGGAACAAAATGGGACTGAGGATTTGGTGATCACTATTGTTTGGAAAT	166387711	166382448	5263	166382522	5189	166383934	3777	166384000	3711	166380159	7552	166386951	760	166387815	5367	5293	3881	3815	7656	864
ENSMUST00000112227	GCAGAAGCTGGATTCTGACCCGAGCTCTGCAAAATGAGCTTCCCAGTTGATCACATCGGAACAAAATGGGACTGAGGATTTGGTGATCACTATTGTTTGGAAAT	166387711	166383934	3777	166384000	3711	166385390	2321	166385481	2230	166382522	5189	166386951	760	166387815	3881	3815	2425	2334	5293	864
ENSMUST00000032192	ATATACGACAAAGTAGGAGCTGTCCCCTTAGGATGCATAGCTGCCCCTAGGGTACGTAGCTGAACACTGACAATGGCGTTCTTCTGAAAGAGCCACGTTTGGGT	108550856	108236977	313879	108237085	313771	108241263	309593	108241334	309522	108214278	336578	108339506	211350	108550960	313983	313875	309697	309626	336682	211454
ENSMUST00000032192	ATATACGACAAAGTAGGAGCTGTCCCCTTAGGATGCATAGCTGCCCCTAGGGTACGTAGCTGAACACTGACAATGGCGTTCTTCTGAAAGAGCCACGTTTGGGT	108550856	108523287	27569	108523448	27408	108541902	8954	108542064	8792	108519450	31406	108549752	1104	108550960	27673	27512	9058	8896	31510	1208
ENSMUST00000081728	CCACCATCTCCTCTTCGCCCATCCACCAGCTGAGCTCCACCATCGGCACCTACGCCACCCTGTCGCCCACCAAGCGCCTGGTCCACGCGTCTGAGCAGTACAGCA	30647169	30332009	315160	30332146	315023	30480781	166388	30480894	166275	30173163	474006	30619221	27948	30647274	315265	315128	166493	166380	474111	28053
ENSMUST00000081728	CCACCATCTCCTCTTCGCCCATCCACCAGCTGAGCTCCACCATCGGCACCTACGCCACCCTGTCGCCCACCAAGCGCCTGGTCCACGCGTCTGAGCAGTACAGCA	30647169	30480781	166388	30480894	166275	30619221	27948	30619253	27916	30332146	315023	30619822	27347	30647274	166493	166380	28053	28021	315128	27452
ENSMUST00000081728	CCACCATCTCCTCTTCGCCCATCCACCAGCTGAGCTCCACCATCGGCACCTACGCCACCCTGTCGCCCACCAAGCGCCTGGTCCACGCGTCTGAGCAGTACAGCA	30647169	30905659	-258490	30905833	-258664	30920711	-273542	30920786	-273617	30887279	-240110	30921854	-274685	30647274	-258385	-258559	-273437	-273512	-240005	-274580
ENSMUST00000097785	CATTCTCTCTGACAACCACAGCACTACATAGCTGACATTAAGGGATACCTCATGACACCTTTTATGGAGATTCTGAACAGCTGACAAACCAAGCAGGGAATTGTA	34307989	34296741	11248	34296759	11230	34299720	8269	34299838	8151	34295536	12453	34302829	5160	34308094	11353	11335	8374	8256	12558	5265
ENSMUST00000097785	CATTCTCTCTGACAACCACAGCACTACATAGCTGACATTAAGGGATACCTCATGACACCTTTTATGGAGATTCTGAACAGCTGACAAACCAAGCAGGGAATTGTA	34307989	34296741	11248	34296759	11230	34299720	8269	34299838	8151	34295536	12453	34302829	5160	34308094	11353	11335	8374	8256	12558	5265
ENSMUST00000110559	AAGGTGCTGCTTTGATGGCTTTGAAAACTATTGTGTAGGCTCAGAACTATATCACCGTGGGGGAGAAGCATGTGTTGCTGCCTATAATTGACTTGTGCATTTGTTA	13778159	13687618	90541	13687810	90349	13696609	81550	13696788	81371	13684101	94058	13698326	79833	13778265	90647	90455	81656	81477	94164	79939
ENSMUST00000107935	ATGGAATACGAACAACAGCCTGCAGCAGTGCCCAGCATGGAGAAAAAGCGGACTGTGTATCAGATGGCACTCAACAAACTGGATGAGATCTTGGCTGCAGCTCAGC	44344520	44316343	28177	44316495	28025	44319076	25444	44319244	25276	44316141	28379	44319642	24878	44344951	28608	28456	25875	25707	28810	25309
ENSMUST00000107935	ATGGAATACGAACAACAGCCTGCAGCAGTGCCCAGCATGGAGAAAAAGCGGACTGTGTATCAGATGGCACTCAACAAACTGGATGAGATCTTGGCTGCAGCTCAGC	44344520	44343657	863	44343738	782	44344297	223	44344321	199	44343180	1340	44344505	15	44344951	1294	1213	654	630	1771	446
ENSMUST00000107935	ATGGAATACGAACAACAGCCTGCAGCAGTGCCCAGCATGGAGAAAAAGCGGACTGTGTATCAGATGGCACTCAACAAACTGGATGAGATCTTGGCTGCAGCTCAGC	44344520	44316343	28177	44316495	28025	44319076	25444	44319244	25276	44316141	28379	44319642	24878	44344951	28608	28456	25875	25707	28810	25309
ENSMUST00000107935	ATGGAATACGAACAACAGCCTGCAGCAGTGCCCAGCATGGAGAAAAAGCGGACTGTGTATCAGATGGCACTCAACAAACTGGATGAGATCTTGGCTGCAGCTCAGC	44344520	44343657	863	44343738	782	44344297	223	44344321	199	44343180	1340	44344505	15	44344951	1294	1213	654	630	1771	446
ENSMUST00000113364	AACAGTGCAGCCAACTGTGGAAGAAGCCTCTGATACCTGTACTCAAGAATGCCTCATCTTGGGACACTCTGACTCCTGCTGGATGCCAGCTACTTTGACCAATCCT	120905715	120594704	311011	120594785	310930	120637594	268121	120637624	268091	120401897	503818	120726500	179215	120905821	311117	311036	268227	268197	503924	179321
ENSMUST00000113364	AACAGTGCAGCCAACTGTGGAAGAAGCCTCTGATACCTGTACTCAAGAATGCCTCATCTTGGGACACTCTGACTCCTGCTGGATGCCAGCTACTTTGACCAATCCT	120905715	120811139	94576	120811163	94552	120899554	6161	120899700	6015	120726699	179016	120905697	18	120905821	94682	94658	6267	6121	179122	124
ENSMUST00000003710	AATGAAGATGCTGACTAGTTGTGTTTCCACTTGGCATTTCAAGTCTGGCATCAGGTGCCTGTACAGGCTTTGATCTCTTTCCCGTGTGTACCCATATAGCAGTCCTG	86988269	86946860	41409	86946993	41276	86949541	38728	86949645	38624	86946185	42084	86950780	37489	86988376	41516	41383	38835	38731	42191	37596
ENSMUST00000003710	AATGAAGATGCTGACTAGTTGTGTTTCCACTTGGCATTTCAAGTCTGGCATCAGGTGCCTGTACAGGCTTTGATCTCTTTCCCGTGTGTACCCATATAGCAGTCCTG	86988269	86967268	21001	86967373	20896	86970990	17279	86971086	17183	86965634	22635	86981295	6974	86988376	21108	21003	17386	17290	22742	7081
ENSMUST00000003710	AATGAAGATGCTGACTAGTTGTGTTTCCACTTGGCATTTCAAGTCTGGCATCAGGTGCCTGTACAGGCTTTGATCTCTTTCCCGTGTGTACCCATATAGCAGTCCTG	86988269	86967268	21001	86967373	20896	86981295	6974	86981397	6872	86965634	22635	86982541	5728	86988376	21108	21003	7081	6979	22742	5835
ENSMUST00000003710	AATGAAGATGCTGACTAGTTGTGTTTCCACTTGGCATTTCAAGTCTGGCATCAGGTGCCTGTACAGGCTTTGATCTCTTTCCCGTGTGTACCCATATAGCAGTCCTG	86988269	86970990	17279	86971086	17183	86981295	6974	86981397	6872	86967373	20896	86982541	5728	86988376	17386	17290	7081	6979	21003	5835
ENSMUST00000003710	AATGAAGATGCTGACTAGTTGTGTTTCCACTTGGCATTTCAAGTCTGGCATCAGGTGCCTGTACAGGCTTTGATCTCTTTCCCGTGTGTACCCATATAGCAGTCCTG	86988269	86946860	41409	86946993	41276	86949541	38728	86949645	38624	86946185	42084	86950780	37489	86988376	41516	41383	38835	38731	42191	37596
ENSMUST00000003710	AATGAAGATGCTGACTAGTTGTGTTTCCACTTGGCATTTCAAGTCTGGCATCAGGTGCCTGTACAGGCTTTGATCTCTTTCCCGTGTGTACCCATATAGCAGTCCTG	86988269	86967268	21001	86967373	20896	86970990	17279	86971086	17183	86965634	22635	86981295	6974	86988376	21108	21003	17386	17290	22742	7081
ENSMUST00000003710	AATGAAGATGCTGACTAGTTGTGTTTCCACTTGGCATTTCAAGTCTGGCATCAGGTGCCTGTACAGGCTTTGATCTCTTTCCCGTGTGTACCCATATAGCAGTCCTG	86988269	86967268	21001	86967373	20896	86981295	6974	86981397	6872	86965634	22635	86982541	5728	86988376	21108	21003	7081	6979	22742	5835
ENSMUST00000003710	AATGAAGATGCTGACTAGTTGTGTTTCCACTTGGCATTTCAAGTCTGGCATCAGGTGCCTGTACAGGCTTTGATCTCTTTCCCGTGTGTACCCATATAGCAGTCCTG	86988269	86970990	17279	86971086	17183	86981295	6974	86981397	6872	86967373	20896	86982541	5728	86988376	17386	17290	7081	6979	21003	5835
ENSMUST00000095797	AAACGTTAAGCTAGTATCATAGTCATTTAAACCTGGATAGATTGTAACCATTTTCCCTTCACTCTGACACTGTCTTATTCTGCTGCCACAATGCAAGCATAGTTTGT	51149436	51127924	21512	51127973	21463	51139356	10080	51139610	9826	51123288	26148	51144301	5135	51149543	21619	21570	10187	9933	26255	5242
ENSMUST00000095797	AAACGTTAAGCTAGTATCATAGTCATTTAAACCTGGATAGATTGTAACCATTTTCCCTTCACTCTGACACTGTCTTATTCTGCTGCCACAATGCAAGCATAGTTTGT	51149436	51139356	10080	51139610	9826	51144301	5135	51144535	4901	51127973	21463	51148961	475	51149543	10187	9933	5242	5008	21570	582
ENSMUST00000107938	AGTACTCTGTGCCCTGAGCGAGAGTCTACAGGACGTGCTGAACTATGGACTGTTCCAGCCAGCCACCTCAGGCCGGGATGCCAACTTCTTGGAGGAGGAGAGGCTTCT	44313171	44316343	-3172	44316495	-3324	44319076	-5905	44319244	-6073	44316141	-2970	44319642	-6471	44313279	-3064	-3216	-5797	-5965	-2862	-6363
ENSMUST00000107938	AGTACTCTGTGCCCTGAGCGAGAGTCTACAGGACGTGCTGAACTATGGACTGTTCCAGCCAGCCACCTCAGGCCGGGATGCCAACTTCTTGGAGGAGGAGAGGCTTCT	44313171	44343657	-30486	44343738	-30567	44344297	-31126	44344321	-31150	44343180	-30009	44344505	-31334	44313279	-30378	-30459	-31018	-31042	-29901	-31226
ENSMUST00000028102	CATTCTGAACACTTTTCCAAAACCAACCCCAGAGAGCATTTTAAATATCCTGGTCATATCTTTGGATCTGTAAAATAGACCTTTTAGTATGGCACCTGTTAAAATGCA	49771639	49671751	99888	49671842	99797	49680164	91475	49680238	91401	49619787	151852	49688652	82987	49771747	99996	99905	91583	91509	151960	83095
ENSMUST00000028102	CATTCTGAACACTTTTCCAAAACCAACCCCAGAGAGCATTTTAAATATCCTGGTCATATCTTTGGATCTGTAAAATAGACCTTTTAGTATGGCACCTGTTAAAATGCA	49771639	49680164	91475	49680238	91401	49688652	82987	49688757	82882	49671842	99797	49693693	77946	49771747	91583	91509	83095	82990	99905	78054
ENSMUST00000028102	CATTCTGAACACTTTTCCAAAACCAACCCCAGAGAGCATTTTAAATATCCTGGTCATATCTTTGGATCTGTAAAATAGACCTTTTAGTATGGCACCTGTTAAAATGCA	49771639	49757338	14301	49757555	14084	49758809	12830	49758922	12717	49752353	19286	49771163	476	49771747	14409	14192	12938	12825	19394	584
ENSMUST00000117648	TTTGAAAAAGAACAGATTTCTCGAAGCTCTTAATCACTTTGAAAAGGCAAAGACTTTAATTAGTCGTCTCCCTGGAATTCTAACTTGGCCCACAAGTAATGTGATTAT	94422232	94385335	36897	94385423	36809	94387336	34896	94387390	34842	94384934	37298	94388264	33968	94422340	37005	36917	35004	34950	37406	34076
ENSMUST00000117648	TTTGAAAAAGAACAGATTTCTCGAAGCTCTTAATCACTTTGAAAAGGCAAAGACTTTAATTAGTCGTCTCCCTGGAATTCTAACTTGGCCCACAAGTAATGTGATTAT	94422232	94390201	32031	94390287	31945	94392014	30218	94392109	30123	94388385	33847	94393111	29121	94422340	32139	32053	30326	30231	33955	29229
ENSMUST00000117648	TTTGAAAAAGAACAGATTTCTCGAAGCTCTTAATCACTTTGAAAAGGCAAAGACTTTAATTAGTCGTCTCCCTGGAATTCTAACTTGGCCCACAAGTAATGTGATTAT	94422232	94408553	13679	94408716	13516	94409683	12549	94409729	12503	94403368	18864	94410832	11400	94422340	13787	13624	12657	12611	18972	11508
ENSMUST00000117648	TTTGAAAAAGAACAGATTTCTCGAAGCTCTTAATCACTTTGAAAAGGCAAAGACTTTAATTAGTCGTCTCCCTGGAATTCTAACTTGGCCCACAAGTAATGTGATTAT	94422232	94408553	13679	94408716	13516	94412059	10173	94412123	10109	94403368	18864	94415948	6284	94422340	13787	13624	10281	10217	18972	6392
ENSMUST00000117648	TTTGAAAAAGAACAGATTTCTCGAAGCTCTTAATCACTTTGAAAAGGCAAAGACTTTAATTAGTCGTCTCCCTGGAATTCTAACTTGGCCCACAAGTAATGTGATTAT	94422232	94408553	13679	94408716	13516	94410832	11400	94410956	11276	94403368	18864	94415948	6284	94422340	13787	13624	11508	11384	18972	6392
ENSMUST00000117648	TTTGAAAAAGAACAGATTTCTCGAAGCTCTTAATCACTTTGAAAAGGCAAAGACTTTAATTAGTCGTCTCCCTGGAATTCTAACTTGGCCCACAAGTAATGTGATTAT	94422232	94410832	11400	94410956	11276	94412059	10173	94412123	10109	94403368	18864	94415948	6284	94422340	11508	11384	10281	10217	18972	6392
ENSMUST00000117648	TTTGAAAAAGAACAGATTTCTCGAAGCTCTTAATCACTTTGAAAAGGCAAAGACTTTAATTAGTCGTCTCCCTGGAATTCTAACTTGGCCCACAAGTAATGTGATTAT	94422232	94412059	10173	94412123	10109	94415948	6284	94416009	6223	94410956	11276	94416281	5951	94422340	10281	10217	6392	6331	11384	6059
ENSMUST00000117648	TTTGAAAAAGAACAGATTTCTCGAAGCTCTTAATCACTTTGAAAAGGCAAAGACTTTAATTAGTCGTCTCCCTGGAATTCTAACTTGGCCCACAAGTAATGTGATTAT	94422232	94415948	6284	94416009	6223	94416281	5951	94416366	5866	94403368	18864	94418606	3626	94422340	6392	6331	6059	5974	18972	3734
ENSMUST00000117648	TTTGAAAAAGAACAGATTTCTCGAAGCTCTTAATCACTTTGAAAAGGCAAAGACTTTAATTAGTCGTCTCCCTGGAATTCTAACTTGGCCCACAAGTAATGTGATTAT	94422232	94415948	6284	94416009	6223	94416281	5951	94416366	5866	94412123	10109	94418606	3626	94422340	6392	6331	6059	5974	10217	3734
ENSMUST00000117648	TTTGAAAAAGAACAGATTTCTCGAAGCTCTTAATCACTTTGAAAAGGCAAAGACTTTAATTAGTCGTCTCCCTGGAATTCTAACTTGGCCCACAAGTAATGTGATTAT	94422232	94416281	5951	94416366	5866	94418606	3626	94418741	3491	94416009	6223	94419397	2835	94422340	6059	5974	3734	3599	6331	2943
ENSMUST00000117648	TTTGAAAAAGAACAGATTTCTCGAAGCTCTTAATCACTTTGAAAAGGCAAAGACTTTAATTAGTCGTCTCCCTGGAATTCTAACTTGGCCCACAAGTAATGTGATTAT	94422232	94425086	-2854	94425188	-2956	94426150	-3918	94426243	-4011	94424187	-1955	94426765	-4533	94422340	-2746	-2848	-3810	-3903	-1847	-4425
ENSMUST00000232395	AACTGTTGCACCATCGTCACAGACCCAGCCCAGGAGAAGATGGGAACCTCCTTCCTGTTGCTGTAGGTAGTCACTCCTCACTAATGCACCATGCACTTCATGAGTTAAA	94468044	94385335	82709	94385423	82621	94387336	80708	94387390	80654	94384934	83110	94388264	79780	94468153	82818	82730	80817	80763	83219	79889
ENSMUST00000232395	AACTGTTGCACCATCGTCACAGACCCAGCCCAGGAGAAGATGGGAACCTCCTTCCTGTTGCTGTAGGTAGTCACTCCTCACTAATGCACCATGCACTTCATGAGTTAAA	94468044	94390201	77843	94390287	77757	94392014	76030	94392109	75935	94388385	79659	94393111	74933	94468153	77952	77866	76139	76044	79768	75042
ENSMUST00000232395	AACTGTTGCACCATCGTCACAGACCCAGCCCAGGAGAAGATGGGAACCTCCTTCCTGTTGCTGTAGGTAGTCACTCCTCACTAATGCACCATGCACTTCATGAGTTAAA	94468044	94408553	59491	94408716	59328	94409683	58361	94409729	58315	94403368	64676	94410832	57212	94468153	59600	59437	58470	58424	64785	57321
ENSMUST00000232395	AACTGTTGCACCATCGTCACAGACCCAGCCCAGGAGAAGATGGGAACCTCCTTCCTGTTGCTGTAGGTAGTCACTCCTCACTAATGCACCATGCACTTCATGAGTTAAA	94468044	94408553	59491	94408716	59328	94412059	55985	94412123	55921	94403368	64676	94415948	52096	94468153	59600	59437	56094	56030	64785	52205
ENSMUST00000232395	AACTGTTGCACCATCGTCACAGACCCAGCCCAGGAGAAGATGGGAACCTCCTTCCTGTTGCTGTAGGTAGTCACTCCTCACTAATGCACCATGCACTTCATGAGTTAAA	94468044	94408553	59491	94408716	59328	94410832	57212	94410956	57088	94403368	64676	94415948	52096	94468153	59600	59437	57321	57197	64785	52205
ENSMUST00000232395	AACTGTTGCACCATCGTCACAGACCCAGCCCAGGAGAAGATGGGAACCTCCTTCCTGTTGCTGTAGGTAGTCACTCCTCACTAATGCACCATGCACTTCATGAGTTAAA	94468044	94410832	57212	94410956	57088	94412059	55985	94412123	55921	94403368	64676	94415948	52096	94468153	57321	57197	56094	56030	64785	52205
ENSMUST00000232395	AACTGTTGCACCATCGTCACAGACCCAGCCCAGGAGAAGATGGGAACCTCCTTCCTGTTGCTGTAGGTAGTCACTCCTCACTAATGCACCATGCACTTCATGAGTTAAA	94468044	94412059	55985	94412123	55921	94415948	52096	94416009	52035	94410956	57088	94416281	51763	94468153	56094	56030	52205	52144	57197	51872
ENSMUST00000232395	AACTGTTGCACCATCGTCACAGACCCAGCCCAGGAGAAGATGGGAACCTCCTTCCTGTTGCTGTAGGTAGTCACTCCTCACTAATGCACCATGCACTTCATGAGTTAAA	94468044	94415948	52096	94416009	52035	94416281	51763	94416366	51678	94403368	64676	94418606	49438	94468153	52205	52144	51872	51787	64785	49547
ENSMUST00000232395	AACTGTTGCACCATCGTCACAGACCCAGCCCAGGAGAAGATGGGAACCTCCTTCCTGTTGCTGTAGGTAGTCACTCCTCACTAATGCACCATGCACTTCATGAGTTAAA	94468044	94415948	52096	94416009	52035	94416281	51763	94416366	51678	94412123	55921	94418606	49438	94468153	52205	52144	51872	51787	56030	49547
ENSMUST00000232395	AACTGTTGCACCATCGTCACAGACCCAGCCCAGGAGAAGATGGGAACCTCCTTCCTGTTGCTGTAGGTAGTCACTCCTCACTAATGCACCATGCACTTCATGAGTTAAA	94468044	94416281	51763	94416366	51678	94418606	49438	94418741	49303	94416009	52035	94419397	48647	94468153	51872	51787	49547	49412	52144	48756
ENSMUST00000232395	AACTGTTGCACCATCGTCACAGACCCAGCCCAGGAGAAGATGGGAACCTCCTTCCTGTTGCTGTAGGTAGTCACTCCTCACTAATGCACCATGCACTTCATGAGTTAAA	94468044	94425086	42958	94425188	42856	94426150	41894	94426243	41801	94424187	43857	94426765	41279	94468153	43067	42965	42003	41910	43966	41388
ENSMUST00000232395	AACTGTTGCACCATCGTCACAGACCCAGCCCAGGAGAAGATGGGAACCTCCTTCCTGTTGCTGTAGGTAGTCACTCCTCACTAATGCACCATGCACTTCATGAGTTAAA	94468044	94385335	82709	94385423	82621	94387336	80708	94387390	80654	94384934	83110	94388264	79780	94468153	82818	82730	80817	80763	83219	79889
ENSMUST00000232395	AACTGTTGCACCATCGTCACAGACCCAGCCCAGGAGAAGATGGGAACCTCCTTCCTGTTGCTGTAGGTAGTCACTCCTCACTAATGCACCATGCACTTCATGAGTTAAA	94468044	94390201	77843	94390287	77757	94392014	76030	94392109	75935	94388385	79659	94393111	74933	94468153	77952	77866	76139	76044	79768	75042
ENSMUST00000232395	AACTGTTGCACCATCGTCACAGACCCAGCCCAGGAGAAGATGGGAACCTCCTTCCTGTTGCTGTAGGTAGTCACTCCTCACTAATGCACCATGCACTTCATGAGTTAAA	94468044	94408553	59491	94408716	59328	94409683	58361	94409729	58315	94403368	64676	94410832	57212	94468153	59600	59437	58470	58424	64785	57321
ENSMUST00000232395	AACTGTTGCACCATCGTCACAGACCCAGCCCAGGAGAAGATGGGAACCTCCTTCCTGTTGCTGTAGGTAGTCACTCCTCACTAATGCACCATGCACTTCATGAGTTAAA	94468044	94408553	59491	94408716	59328	94412059	55985	94412123	55921	94403368	64676	94415948	52096	94468153	59600	59437	56094	56030	64785	52205
ENSMUST00000232395	AACTGTTGCACCATCGTCACAGACCCAGCCCAGGAGAAGATGGGAACCTCCTTCCTGTTGCTGTAGGTAGTCACTCCTCACTAATGCACCATGCACTTCATGAGTTAAA	94468044	94408553	59491	94408716	59328	94410832	57212	94410956	57088	94403368	64676	94415948	52096	94468153	59600	59437	57321	57197	64785	52205
ENSMUST00000232395	AACTGTTGCACCATCGTCACAGACCCAGCCCAGGAGAAGATGGGAACCTCCTTCCTGTTGCTGTAGGTAGTCACTCCTCACTAATGCACCATGCACTTCATGAGTTAAA	94468044	94410832	57212	94410956	57088	94412059	55985	94412123	55921	94403368	64676	94415948	52096	94468153	57321	57197	56094	56030	64785	52205
ENSMUST00000232395	AACTGTTGCACCATCGTCACAGACCCAGCCCAGGAGAAGATGGGAACCTCCTTCCTGTTGCTGTAGGTAGTCACTCCTCACTAATGCACCATGCACTTCATGAGTTAAA	94468044	94412059	55985	94412123	55921	94415948	52096	94416009	52035	94410956	57088	94416281	51763	94468153	56094	56030	52205	52144	57197	51872
ENSMUST00000232395	AACTGTTGCACCATCGTCACAGACCCAGCCCAGGAGAAGATGGGAACCTCCTTCCTGTTGCTGTAGGTAGTCACTCCTCACTAATGCACCATGCACTTCATGAGTTAAA	94468044	94415948	52096	94416009	52035	94416281	51763	94416366	51678	94403368	64676	94418606	49438	94468153	52205	52144	51872	51787	64785	49547
ENSMUST00000232395	AACTGTTGCACCATCGTCACAGACCCAGCCCAGGAGAAGATGGGAACCTCCTTCCTGTTGCTGTAGGTAGTCACTCCTCACTAATGCACCATGCACTTCATGAGTTAAA	94468044	94415948	52096	94416009	52035	94416281	51763	94416366	51678	94412123	55921	94418606	49438	94468153	52205	52144	51872	51787	56030	49547
ENSMUST00000232395	AACTGTTGCACCATCGTCACAGACCCAGCCCAGGAGAAGATGGGAACCTCCTTCCTGTTGCTGTAGGTAGTCACTCCTCACTAATGCACCATGCACTTCATGAGTTAAA	94468044	94416281	51763	94416366	51678	94418606	49438	94418741	49303	94416009	52035	94419397	48647	94468153	51872	51787	49547	49412	52144	48756
ENSMUST00000232395	AACTGTTGCACCATCGTCACAGACCCAGCCCAGGAGAAGATGGGAACCTCCTTCCTGTTGCTGTAGGTAGTCACTCCTCACTAATGCACCATGCACTTCATGAGTTAAA	94468044	94425086	42958	94425188	42856	94426150	41894	94426243	41801	94424187	43857	94426765	41279	94468153	43067	42965	42003	41910	43966	41388
ENSMUST00000232395	AACTGTTGCACCATCGTCACAGACCCAGCCCAGGAGAAGATGGGAACCTCCTTCCTGTTGCTGTAGGTAGTCACTCCTCACTAATGCACCATGCACTTCATGAGTTAAA	94468044	94385335	82709	94385423	82621	94387336	80708	94387390	80654	94384934	83110	94388264	79780	94468153	82818	82730	80817	80763	83219	79889
ENSMUST00000232395	AACTGTTGCACCATCGTCACAGACCCAGCCCAGGAGAAGATGGGAACCTCCTTCCTGTTGCTGTAGGTAGTCACTCCTCACTAATGCACCATGCACTTCATGAGTTAAA	94468044	94390201	77843	94390287	77757	94392014	76030	94392109	75935	94388385	79659	94393111	74933	94468153	77952	77866	76139	76044	79768	75042
ENSMUST00000232395	AACTGTTGCACCATCGTCACAGACCCAGCCCAGGAGAAGATGGGAACCTCCTTCCTGTTGCTGTAGGTAGTCACTCCTCACTAATGCACCATGCACTTCATGAGTTAAA	94468044	94408553	59491	94408716	59328	94409683	58361	94409729	58315	94403368	64676	94410832	57212	94468153	59600	59437	58470	58424	64785	57321
ENSMUST00000232395	AACTGTTGCACCATCGTCACAGACCCAGCCCAGGAGAAGATGGGAACCTCCTTCCTGTTGCTGTAGGTAGTCACTCCTCACTAATGCACCATGCACTTCATGAGTTAAA	94468044	94408553	59491	94408716	59328	94412059	55985	94412123	55921	94403368	64676	94415948	52096	94468153	59600	59437	56094	56030	64785	52205
ENSMUST00000232395	AACTGTTGCACCATCGTCACAGACCCAGCCCAGGAGAAGATGGGAACCTCCTTCCTGTTGCTGTAGGTAGTCACTCCTCACTAATGCACCATGCACTTCATGAGTTAAA	94468044	94408553	59491	94408716	59328	94410832	57212	94410956	57088	94403368	64676	94415948	52096	94468153	59600	59437	57321	57197	64785	52205
ENSMUST00000232395	AACTGTTGCACCATCGTCACAGACCCAGCCCAGGAGAAGATGGGAACCTCCTTCCTGTTGCTGTAGGTAGTCACTCCTCACTAATGCACCATGCACTTCATGAGTTAAA	94468044	94410832	57212	94410956	57088	94412059	55985	94412123	55921	94403368	64676	94415948	52096	94468153	57321	57197	56094	56030	64785	52205
ENSMUST00000232395	AACTGTTGCACCATCGTCACAGACCCAGCCCAGGAGAAGATGGGAACCTCCTTCCTGTTGCTGTAGGTAGTCACTCCTCACTAATGCACCATGCACTTCATGAGTTAAA	94468044	94412059	55985	94412123	55921	94415948	52096	94416009	52035	94410956	57088	94416281	51763	94468153	56094	56030	52205	52144	57197	51872
ENSMUST00000232395	AACTGTTGCACCATCGTCACAGACCCAGCCCAGGAGAAGATGGGAACCTCCTTCCTGTTGCTGTAGGTAGTCACTCCTCACTAATGCACCATGCACTTCATGAGTTAAA	94468044	94415948	52096	94416009	52035	94416281	51763	94416366	51678	94403368	64676	94418606	49438	94468153	52205	52144	51872	51787	64785	49547
ENSMUST00000232395	AACTGTTGCACCATCGTCACAGACCCAGCCCAGGAGAAGATGGGAACCTCCTTCCTGTTGCTGTAGGTAGTCACTCCTCACTAATGCACCATGCACTTCATGAGTTAAA	94468044	94415948	52096	94416009	52035	94416281	51763	94416366	51678	94412123	55921	94418606	49438	94468153	52205	52144	51872	51787	56030	49547
ENSMUST00000232395	AACTGTTGCACCATCGTCACAGACCCAGCCCAGGAGAAGATGGGAACCTCCTTCCTGTTGCTGTAGGTAGTCACTCCTCACTAATGCACCATGCACTTCATGAGTTAAA	94468044	94416281	51763	94416366	51678	94418606	49438	94418741	49303	94416009	52035	94419397	48647	94468153	51872	51787	49547	49412	52144	48756
ENSMUST00000232395	AACTGTTGCACCATCGTCACAGACCCAGCCCAGGAGAAGATGGGAACCTCCTTCCTGTTGCTGTAGGTAGTCACTCCTCACTAATGCACCATGCACTTCATGAGTTAAA	94468044	94425086	42958	94425188	42856	94426150	41894	94426243	41801	94424187	43857	94426765	41279	94468153	43067	42965	42003	41910	43966	41388
ENSMUST00000238701	GCAGTCCTTCAAGGCCCTACCTTATGTCTGTCTGCTGATCGCCATGCTCTTCTTCATCTACGCCATCATCGGGATGCAGGTGTTTGGCAACATCGGCATTGACGGGGAA	84601777	84614694	-12917	84614791	-13014	84615573	-13796	84615670	-13893	84612412	-10635	84617791	-16014	84601989	-12705	-12802	-13584	-13681	-10423	-15802
ENSMUST00000103139	CTCTTGGCGTGCTGGAGAGCATCCTGGATGGAATTGAAGTGAATGGAACAGAAGCCAAGCAAGGTGGAGTGTGGGTCAGACCCAGAGGAGAACAGTGCCAGGTCACCAGA	98753545	98753289	256	98753638	-93	98756107	-2562	98756175	-2630	98742006	11539	98756922	-3377	98756125	2836	2487	18	-50	14119	-797
ENSMUST00000103139	CTCTTGGCGTGCTGGAGAGCATCCTGGATGGAATTGAAGTGAATGGAACAGAAGCCAAGCAAGGTGGAGTGTGGGTCAGACCCAGAGGAGAACAGTGCCAGGTCACCAGA	98753545	98753289	256	98753638	-93	98760875	-7330	98761023	-7478	98742006	11539	98761720	-8175	98756125	2836	2487	-4750	-4898	14119	-5595
ENSMUST00000103139	CTCTTGGCGTGCTGGAGAGCATCCTGGATGGAATTGAAGTGAATGGAACAGAAGCCAAGCAAGGTGGAGTGTGGGTCAGACCCAGAGGAGAACAGTGCCAGGTCACCAGA	98753545	98756107	-2562	98756175	-2630	98756922	-3377	98757023	-3478	98753638	-93	98760875	-7330	98756125	18	-50	-797	-898	2487	-4750
ENSMUST00000103139	CTCTTGGCGTGCTGGAGAGCATCCTGGATGGAATTGAAGTGAATGGAACAGAAGCCAAGCAAGGTGGAGTGTGGGTCAGACCCAGAGGAGAACAGTGCCAGGTCACCAGA	98753545	98756922	-3377	98757023	-3478	98760875	-7330	98761023	-7478	98756175	-2630	98761720	-8175	98756125	-797	-898	-4750	-4898	-50	-5595
ENSMUST00000109412	GTATTACTGTGAATATTGCTGGGCTGCTATTCACTCTCGTGCTGGCAGAGAATTCCACAAGCCCCTGGTGAAGGAAGGTGGTGACCGCCCTCGGCATATTTCATTCCGCT	31931423	31889857	41566	31889939	41484	31908824	22599	31908875	22548	31873412	58011	31920408	11015	31931533	41676	41594	22709	22658	58121	11125
ENSMUST00000109412	GTATTACTGTGAATATTGCTGGGCTGCTATTCACTCTCGTGCTGGCAGAGAATTCCACAAGCCCCTGGTGAAGGAAGGTGGTGACCGCCCTCGGCATATTTCATTCCGCT	31931423	31908824	22599	31908875	22548	31918800	12623	31918824	12599	31889939	41484	31920408	11015	31931533	22709	22658	12733	12709	41594	11125
ENSMUST00000025541	GTGGCATCCACGGCGATATTTAAAGAACACCTGGAACTTGGGGGCTTGGGGGCTTTGTTTTGTTTTGTTTTTGTTTAGATTACATTAGCAGGCCTAATCATTTTAAAGGGT	16387004	16316016	70988	16316171	70833	16378156	8848	16378310	8694	16219772	167232	16383203	3801	16387115	71099	70944	8959	8805	167343	3912
ENSMUST00000102879	GAAGGTGCAAAACATGTCTCAATCCATAGAAGTCTTGGACAGGCGAACTCAGAGAGACCTGCAGTACGTGGAGAAGATGGAGAACCAGATGAAAGGCCTGGAGACCAAGTT	28208225	28208077	148	28208227	-2	28212531	-4306	28212687	-4462	28193462	14763	28214608	-6383	28212641	4564	4414	110	-46	19179	-1967
ENSMUST00000102879	GAAGGTGCAAAACATGTCTCAATCCATAGAAGTCTTGGACAGGCGAACTCAGAGAGACCTGCAGTACGTGGAGAAGATGGAGAACCAGATGAAAGGCCTGGAGACCAAGTT	28208225	28212531	-4306	28212687	-4462	28214608	-6383	28214828	-6603	28208227	-2	28222550	-14325	28212641	110	-46	-1967	-2187	4414	-9909
ENSMUST00000102879	GAAGGTGCAAAACATGTCTCAATCCATAGAAGTCTTGGACAGGCGAACTCAGAGAGACCTGCAGTACGTGGAGAAGATGGAGAACCAGATGAAAGGCCTGGAGACCAAGTT	28208225	28214608	-6383	28214828	-6603	28222550	-14325	28222657	-14432	28212687	-4462	28229053	-20828	28212641	-1967	-2187	-9909	-10016	-46	-16412
ENSMUST00000106113	AATGGGATTTATACACACATCACTAAAAACTATCCATACTACAGGACTGCGGACAAGGGCTGGCAGAATTCAATTCGCCACAATCTCTCTCTGAACCGTTATTTCATCAAAG	121290828	121290743	85	121290890	-62	121296028	-5200	121296222	-5394	121288078	2750	121296913	-6085	121296079	5336	5189	51	-143	8001	-834
ENSMUST00000106113	AATGGGATTTATACACACATCACTAAAAACTATCCATACTACAGGACTGCGGACAAGGGCTGGCAGAATTCAATTCGCCACAATCTCTCTCTGAACCGTTATTTCATCAAAG	121290828	121296028	-5200	121296222	-5394	121296222	-5394	121296351	-5523	121290890	-62	121296913	-6085	121296079	51	-143	-143	-272	5189	-834
ENSMUST00000106113	AATGGGATTTATACACACATCACTAAAAACTATCCATACTACAGGACTGCGGACAAGGGCTGGCAGAATTCAATTCGCCACAATCTCTCTCTGAACCGTTATTTCATCAAAG	121290828	121296028	-5200	121296222	-5394	121296913	-6085	121297089	-6261	121290890	-62	121298558	-7730	121296079	51	-143	-834	-1010	5189	-2479
ENSMUST00000113144	TATCCAGACCTGAACATGATTGAGACATACGTGTGTCAGATTTGCGAGGACACCTTTGACTATGACTTGGATTCCCCTGATCAGTTGTCCGGATTGACAATGATTACACACCTC	135802598	135743441	59157	135743522	59076	135743562	59036	135743614	58984	135742978	59620	135744498	58100	135802712	59271	59190	59150	59098	59734	58214
ENSMUST00000113144	TATCCAGACCTGAACATGATTGAGACATACGTGTGTCAGATTTGCGAGGACACCTTTGACTATGACTTGGATTCCCCTGATCAGTTGTCCGGATTGACAATGATTACACACCTC	135802598	135796141	6457	135796336	6262	135796948	5650	135797037	5561	135752017	50581	135797552	5046	135802712	6571	6376	5764	5675	50695	5160
ENSMUST00000113144	TATCCAGACCTGAACATGATTGAGACATACGTGTGTCAGATTTGCGAGGACACCTTTGACTATGACTTGGATTCCCCTGATCAGTTGTCCGGATTGACAATGATTACACACCTC	135802598	135796141	6457	135796336	6262	135797552	5046	135797629	4969	135752017	50581	135797787	4811	135802712	6571	6376	5160	5083	50695	4925
ENSMUST00000113144	TATCCAGACCTGAACATGATTGAGACATACGTGTGTCAGATTTGCGAGGACACCTTTGACTATGACTTGGATTCCCCTGATCAGTTGTCCGGATTGACAATGATTACACACCTC	135802598	135796948	5650	135797037	5561	135797552	5046	135797629	4969	135796336	6262	135797787	4811	135802712	5764	5675	5160	5083	6376	4925
ENSMUST00000113144	TATCCAGACCTGAACATGATTGAGACATACGTGTGTCAGATTTGCGAGGACACCTTTGACTATGACTTGGATTCCCCTGATCAGTTGTCCGGATTGACAATGATTACACACCTC	135802598	135797552	5046	135797629	4969	135797787	4811	135797864	4734	135752017	50581	135798022	4576	135802712	5160	5083	4925	4848	50695	4690
ENSMUST00000113144	TATCCAGACCTGAACATGATTGAGACATACGTGTGTCAGATTTGCGAGGACACCTTTGACTATGACTTGGATTCCCCTGATCAGTTGTCCGGATTGACAATGATTACACACCTC	135802598	135797552	5046	135797629	4969	135797787	4811	135797864	4734	135797037	5561	135798022	4576	135802712	5160	5083	4925	4848	5675	4690
ENSMUST00000113144	TATCCAGACCTGAACATGATTGAGACATACGTGTGTCAGATTTGCGAGGACACCTTTGACTATGACTTGGATTCCCCTGATCAGTTGTCCGGATTGACAATGATTACACACCTC	135802598	135797787	4811	135797864	4734	135798022	4576	135798094	4504	135797629	4969	135798390	4208	135802712	4925	4848	4690	4618	5083	4322
ENSMUST00000238701	ATCCTGAACCTGCGCTACTTCGAGATGTGCATCCTCATGGTCATTGCCATGAGCAGCATCGCTCTGGCCGCCGAGGACCCGGTGCAGCCCAACGCACCCCGCAACAATGTGCTGC	84569948	84614694	-44746	84614791	-44843	84615573	-45625	84615670	-45722	84612412	-42464	84617791	-47843	84571228	-43466	-43563	-44345	-44442	-41184	-46563
ENSMUST00000238701	GTCCTCCGGGTGCTACGACCTCTAAAGACCATCAAGCGGCTGCCAAAGCTGAAGGCCGTGTTTGACTGCGTGGTGAACTCGCTCAAGAACGTCTTCAACATCCTCATTGTGTACA	84579542	84614694	-35152	84614791	-35249	84615573	-36031	84615670	-36128	84612412	-32870	84617791	-38249	84580151	-34543	-34640	-35422	-35519	-32261	-37640
ENSMUST00000221721	GCCCTGCCGGCGCTCCTCCACCAGCCAGATATCTCTTCGGAACTTGCCATCATCCATCCAGTCCCGCCTCTCCATGGTGAACCAGATGGAAGCTGCCAGCCAGGGGGGCATGGGCT	81995057	81894982	100075	81895191	99866	81906448	88609	81906554	88503	81860524	134533	81912664	82393	81995173	100191	99982	88725	88619	134649	82509
ENSMUST00000221721	GCCCTGCCGGCGCTCCTCCACCAGCCAGATATCTCTTCGGAACTTGCCATCATCCATCCAGTCCCGCCTCTCCATGGTGAACCAGATGGAAGCTGCCAGCCAGGGGGGCATGGGCT	81995057	81928241	66816	81928374	66683	81933530	61527	81933715	61342	81919380	75677	81946930	48127	81995173	66932	66799	61643	61458	75793	48243
ENSMUST00000153478	TTTCTCGGGGTCTTCTCAGCCCTGACTTGTTCCCCGTGCACCTTGTTCGACTCCGGAGGTTCAGGTGCACGGACACCCTTCCAAGTTCACCCCTACTCCATCCTCAGACTTTTCAC	82584363	82554319	30044	82554750	29613	82572824	11539	82572926	11437	82522137	62226	82575171	9192	82584479	30160	29729	11655	11553	62342	9308
ENSMUST00000153478	TTTCTCGGGGTCTTCTCAGCCCTGACTTGTTCCCCGTGCACCTTGTTCGACTCCGGAGGTTCAGGTGCACGGACACCCTTCCAAGTTCACCCCTACTCCATCCTCAGACTTTTCAC	82584363	82561777	22586	82561855	22508	82572824	11539	82572926	11437	82554750	29613	82575171	9192	82584479	22702	22624	11655	11553	29729	9308
ENSMUST00000153478	TTTCTCGGGGTCTTCTCAGCCCTGACTTGTTCCCCGTGCACCTTGTTCGACTCCGGAGGTTCAGGTGCACGGACACCCTTCCAAGTTCACCCCTACTCCATCCTCAGACTTTTCAC	82584363	82561777	22586	82561855	22508	82578935	5428	82579058	5305	82554750	29613	82584111	252	82584479	22702	22624	5544	5421	29729	368
ENSMUST00000153478	TTTCTCGGGGTCTTCTCAGCCCTGACTTGTTCCCCGTGCACCTTGTTCGACTCCGGAGGTTCAGGTGCACGGACACCCTTCCAAGTTCACCCCTACTCCATCCTCAGACTTTTCAC	82584363	82572824	11539	82572926	11437	82575171	9192	82575207	9156	82554750	29613	82575600	8763	82584479	11655	11553	9308	9272	29729	8879
ENSMUST00000153478	TTTCTCGGGGTCTTCTCAGCCCTGACTTGTTCCCCGTGCACCTTGTTCGACTCCGGAGGTTCAGGTGCACGGACACCCTTCCAAGTTCACCCCTACTCCATCCTCAGACTTTTCAC	82584363	82572824	11539	82572926	11437	82575171	9192	82575207	9156	82561855	22508	82575600	8763	82584479	11655	11553	9308	9272	22624	8879
ENSMUST00000153478	TTTCTCGGGGTCTTCTCAGCCCTGACTTGTTCCCCGTGCACCTTGTTCGACTCCGGAGGTTCAGGTGCACGGACACCCTTCCAAGTTCACCCCTACTCCATCCTCAGACTTTTCAC	82584363	82575171	9192	82575207	9156	82575600	8763	82575633	8730	82572926	11437	82578935	5428	82584479	9308	9272	8879	8846	11553	5544
ENSMUST00000153478	TTTCTCGGGGTCTTCTCAGCCCTGACTTGTTCCCCGTGCACCTTGTTCGACTCCGGAGGTTCAGGTGCACGGACACCCTTCCAAGTTCACCCCTACTCCATCCTCAGACTTTTCAC	82584363	82575171	9192	82575207	9156	82575600	8763	82575633	8730	82572926	11437	82584111	252	82584479	9308	9272	8879	8846	11553	368
ENSMUST00000153478	TTTCTCGGGGTCTTCTCAGCCCTGACTTGTTCCCCGTGCACCTTGTTCGACTCCGGAGGTTCAGGTGCACGGACACCCTTCCAAGTTCACCCCTACTCCATCCTCAGACTTTTCAC	82584363	82575600	8763	82575633	8730	82578935	5428	82579058	5305	82575207	9156	82584111	252	82584479	8879	8846	5544	5421	9272	368
ENSMUST00000060864	CCGCTACCTTTCCTGCTTCTGGCCATCCACTGCTGCAGCATGGAACCCAGCACCCGGGCCCCTTTTACTGAAATCACCCAGCACCTGGAACAGATCCTGGAGCAGCAGCCTGAGGCCA	43445787	43445040	747	43445123	664	43445283	504	43445374	413	43444719	1068	43445522	265	43446026	986	903	743	652	1307	504
ENSMUST00000110082	CTAGTGAACCATGACTCGGAGCCAGCAGAGTAGGCTGTGTCTGTGGACTTGAGCACACCATCAACATTGCTGTTCAGGAAATGATAATTTACGTCCATTCCAAGTTGTAAATGCTAGT	100207160	100203574	3586	100203718	3442	100205612	1548	100205719	1441	100202423	4737	100206097	1063	100207278	3704	3560	1666	1559	4855	1181
ENSMUST00000020706	CACAATAGATTTGTATAATCAATACGGGTCTATTTTTATGTCAACTCTGTAGAGCACCTTCCAGTCTTTTTCAAGATTGTTAAATCGAGATGAGTAATTGAATAATTTGTCCTATTTT	7178273	7130275	47998	7130403	47870	7137272	41001	7137431	40842	7109112	69161	7138286	39987	7178391	48116	47988	41119	40960	69279	40105
ENSMUST00000020706	CACAATAGATTTGTATAATCAATACGGGTCTATTTTTATGTCAACTCTGTAGAGCACCTTCCAGTCTTTTTCAAGATTGTTAAATCGAGATGAGTAATTGAATAATTTGTCCTATTTT	7178273	7130275	47998	7130403	47870	7137272	41001	7137431	40842	7109112	69161	7138286	39987	7178391	48116	47988	41119	40960	69279	40105
ENSMUST00000027056	CAGGGTGAGAAATTGTATAAAATGATGTGCAAACAGGGAAATCTGATCAAAGACAGAAAAAGAAAACTGACCACATTTCCTAAGTGCTTCCTGGGAAGTGAATTTGTCTCATGGCTAT	11110338	11208511	-98173	11208655	-98317	11231681	-121343	11231796	-121458	11204168	-93830	11265678	-155340	11112773	-95738	-95882	-118908	-119023	-91395	-152905
ENSMUST00000026292	CTTTACTGAGCAGGAATTAGAGCTGCTCATATCAGGGCTGCCTACCATCGACATTGATGATCTAAAATCTAACACTGAGTACCACAAGTACCAATCCAACTCTATTCAGATCCAGTGGTTTTG	151932702	151806719	125983	151806860	125842	151835223	97479	151835292	97410	151803569	129133	151840055	92647	151933035	126316	126175	97812	97743	129466	92980
ENSMUST00000026292	CTTTACTGAGCAGGAATTAGAGCTGCTCATATCAGGGCTGCCTACCATCGACATTGATGATCTAAAATCTAACACTGAGTACCACAAGTACCAATCCAACTCTATTCAGATCCAGTGGTTTTG	151932702	151806719	125983	151806860	125842	151835223	97479	151835292	97410	151803569	129133	151840055	92647	151933035	126316	126175	97812	97743	129466	92980
ENSMUST00000030691	AAAATAACCAGAGACTCTAAGGATCACACAGTTTCAGGTAATGGGCTAGGAATTAGAATTGTTGGTGGTAAAGAAATTCCTGGACATAGTGGAGAAATTGGAGCCTATATTGCTAAGATTCTTC	14723296	14668964	54332	14669675	53621	14674954	48342	14682387	40909	14540801	182495	14712416	10880	14750575	81611	80900	75621	68188	209774	38159
ENSMUST00000182597	CAAATAAAGCTGTTGACAGCACTTTGAAAACAAGGATCCTGGCCTCTGAGCCTGACAATGCAGAAGGAATCCATAACTTTGCACCACTTGGTACCATCACTTCTAGTAGTCCTACTGCCCAGCCA	74642644	74660381	-17737	74660682	-18038	74662600	-19956	74662818	-20174	74659355	-16711	74668758	-26114	74643378	-17003	-17304	-19222	-19440	-15977	-25380
ENSMUST00000026292	ACTACACTTTGAATTTTATGCAGATCCTGGAGCTGAGGTCAAAATTGAGAAGAGGACAACTAGTAATACACTACATTATATTCACATAGAACAACTTGACAAGATTTCAGAAAGTCCTTCTGAAATAA	151852505	151806719	45786	151806860	45645	151835223	17282	151835292	17213	151803569	48936	151840055	12450	151853558	46839	46698	18335	18266	49989	13503
ENSMUST00000171187	ATCTTTATGGTGACTATGCTTTTGACGCCAATCGACATGATGATAGTAGGTCAGACAATTTCAATACTGGAAACATGACTGTTCTTTCACCATATTTAAATACTACGGTATTGCCCAGCTCTTCTTCCTCAA	34312440	34279268	33172	34279352	33088	34289837	22603	34289942	22498	34276677	35763	34296030	16410	34312572	33304	33220	22735	22630	35895	16542
ENSMUST00000171187	ATCTTTATGGTGACTATGCTTTTGACGCCAATCGACATGATGATAGTAGGTCAGACAATTTCAATACTGGAAACATGACTGTTCTTTCACCATATTTAAATACTACGGTATTGCCCAGCTCTTCTTCCTCAA	34312440	34282006	30434	34282009	30431	34289837	22603	34289942	22498	34279352	33088	34296030	16410	34312572	30566	30563	22735	22630	33220	16542
ENSMUST00000171187	ATCTTTATGGTGACTATGCTTTTGACGCCAATCGACATGATGATAGTAGGTCAGACAATTTCAATACTGGAAACATGACTGTTCTTTCACCATATTTAAATACTACGGTATTGCCCAGCTCTTCTTCCTCAA	34312440	34289837	22603	34289942	22498	34296030	16410	34296129	16311	34279352	33088	34298422	14018	34312572	22735	22630	16542	16443	33220	14150
ENSMUST00000169061	CCCTGACCGGCTTCATGATGAACTCTGGTACAACGACCCAGGCCAGATGAACGATGGACCGCTTTGCAAATGCAGTGCAAAAGCCAGACGCACAGGAATCCGCCACAGCATTTATCCCGGAGAAGAGGCAATC	12848170	12890033	-41863	12890172	-42002	12890486	-42316	12890547	-42377	12889726	-41556	12901102	-52932	12859389	-30644	-30783	-31097	-31158	-30337	-41713
ENSMUST00000169061	CCCTGACCGGCTTCATGATGAACTCTGGTACAACGACCCAGGCCAGATGAACGATGGACCGCTTTGCAAATGCAGTGCAAAAGCCAGACGCACAGGAATCCGCCACAGCATTTATCCCGGAGAAGAGGCAATC	12848170	12905598	-57428	12905701	-57531	12912510	-64340	12912555	-64385	12902684	-54514	12913898	-65728	12859389	-46209	-46312	-53121	-53166	-43295	-54509
ENSMUST00000090302	GAACAACGGTATTATCAGTAGTTACCTCTGGGCCAGGTTGGAAATGAAATCAATTTTTTTAAACCACTAATAACTTGCCAAGAAATCGCCTTATGAGAACATGGTGTGTGTCTCTGACAGTGCATGGCACATC	28476202	27652686	823516	27653483	822719	27776825	699377	27777242	698960	27622614	853588	27876586	599616	28476335	823649	822852	699510	699093	853721	599749
ENSMUST00000090302	GAACAACGGTATTATCAGTAGTTACCTCTGGGCCAGGTTGGAAATGAAATCAATTTTTTTAAACCACTAATAACTTGCCAAGAAATCGCCTTATGAGAACATGGTGTGTGTCTCTGACAGTGCATGGCACATC	28476202	27776825	699377	27777242	698960	27876586	599616	27876661	599541	27653483	822719	27898565	577637	28476335	699510	699093	599749	599674	822852	577770
ENSMUST00000090302	GAACAACGGTATTATCAGTAGTTACCTCTGGGCCAGGTTGGAAATGAAATCAATTTTTTTAAACCACTAATAACTTGCCAAGAAATCGCCTTATGAGAACATGGTGTGTGTCTCTGACAGTGCATGGCACATC	28476202	27876586	599616	27876661	599541	27898565	577637	27898721	577481	27777242	698960	27912812	563390	28476335	599749	599674	577770	577614	699093	563523
ENSMUST00000090302	GAACAACGGTATTATCAGTAGTTACCTCTGGGCCAGGTTGGAAATGAAATCAATTTTTTTAAACCACTAATAACTTGCCAAGAAATCGCCTTATGAGAACATGGTGTGTGTCTCTGACAGTGCATGGCACATC	28476202	27898565	577637	27898721	577481	27912812	563390	27912980	563222	27876661	599541	27966395	509807	28476335	577770	577614	563523	563355	599674	509940
ENSMUST00000090302	GAACAACGGTATTATCAGTAGTTACCTCTGGGCCAGGTTGGAAATGAAATCAATTTTTTTAAACCACTAATAACTTGCCAAGAAATCGCCTTATGAGAACATGGTGTGTGTCTCTGACAGTGCATGGCACATC	28476202	27912812	563390	27912980	563222	27966395	509807	27966563	509639	27898721	577481	28011635	464567	28476335	563523	563355	509940	509772	577614	464700
ENSMUST00000090302	GAACAACGGTATTATCAGTAGTTACCTCTGGGCCAGGTTGGAAATGAAATCAATTTTTTTAAACCACTAATAACTTGCCAAGAAATCGCCTTATGAGAACATGGTGTGTGTCTCTGACAGTGCATGGCACATC	28476202	27966395	509807	27966563	509639	28011635	464567	28011773	464429	27912980	563222	28021961	454241	28476335	509940	509772	464700	464562	563355	454374
ENSMUST00000090302	GAACAACGGTATTATCAGTAGTTACCTCTGGGCCAGGTTGGAAATGAAATCAATTTTTTTAAACCACTAATAACTTGCCAAGAAATCGCCTTATGAGAACATGGTGTGTGTCTCTGACAGTGCATGGCACATC	28476202	28040342	435860	28040536	435666	28080131	396071	28080267	395935	28025173	451029	28141220	334982	28476335	435993	435799	396204	396068	451162	335115
ENSMUST00000090302	GAACAACGGTATTATCAGTAGTTACCTCTGGGCCAGGTTGGAAATGAAATCAATTTTTTTAAACCACTAATAACTTGCCAAGAAATCGCCTTATGAGAACATGGTGTGTGTCTCTGACAGTGCATGGCACATC	28476202	28040342	435860	28040536	435666	28141220	334982	28141381	334821	28025173	451029	28271577	204625	28476335	435993	435799	335115	334954	451162	204758
ENSMUST00000114018	ATCACACAGTCCCCAAGCAGGTCCAGCGTGGCATCACCCCGACGACTCAGCAACGTCTCATCTTCTGGAAGCATCAACCTGCTCGAATCCCCTCAGCTTGCCACTTTGGCTGAGGATGTCACTGCGGCGCTTGC	66438870	66251661	187209	66251712	187158	66322403	116467	66322468	116402	66175495	263375	66362202	76668	66439004	187343	187292	116601	116536	263509	76802
ENSMUST00000114018	ATCACACAGTCCCCAAGCAGGTCCAGCGTGGCATCACCCCGACGACTCAGCAACGTCTCATCTTCTGGAAGCATCAACCTGCTCGAATCCCCTCAGCTTGCCACTTTGGCTGAGGATGTCACTGCGGCGCTTGC	66438870	66251661	187209	66251712	187158	66362202	76668	66362280	76590	66175495	263375	66380488	58382	66439004	187343	187292	76802	76724	263509	58516
ENSMUST00000114018	ATCACACAGTCCCCAAGCAGGTCCAGCGTGGCATCACCCCGACGACTCAGCAACGTCTCATCTTCTGGAAGCATCAACCTGCTCGAATCCCCTCAGCTTGCCACTTTGGCTGAGGATGTCACTGCGGCGCTTGC	66438870	66322403	116467	66322468	116402	66362202	76668	66362280	76590	66251712	187158	66380488	58382	66439004	116601	116536	76802	76724	187292	58516
ENSMUST00000114018	ATCACACAGTCCCCAAGCAGGTCCAGCGTGGCATCACCCCGACGACTCAGCAACGTCTCATCTTCTGGAAGCATCAACCTGCTCGAATCCCCTCAGCTTGCCACTTTGGCTGAGGATGTCACTGCGGCGCTTGC	66438870	66322403	116467	66322468	116402	66380488	58382	66380773	58097	66251712	187158	66399388	39482	66439004	116601	116536	58516	58231	187292	39616
ENSMUST00000114018	ATCACACAGTCCCCAAGCAGGTCCAGCGTGGCATCACCCCGACGACTCAGCAACGTCTCATCTTCTGGAAGCATCAACCTGCTCGAATCCCCTCAGCTTGCCACTTTGGCTGAGGATGTCACTGCGGCGCTTGC	66438870	66362202	76668	66362280	76590	66380488	58382	66380773	58097	66322468	116402	66399388	39482	66439004	76802	76724	58516	58231	116536	39616
ENSMUST00000114018	ATCACACAGTCCCCAAGCAGGTCCAGCGTGGCATCACCCCGACGACTCAGCAACGTCTCATCTTCTGGAAGCATCAACCTGCTCGAATCCCCTCAGCTTGCCACTTTGGCTGAGGATGTCACTGCGGCGCTTGC	66438870	66412406	26464	66416147	22723	66416343	22527	66416550	22320	66401521	37349	66416731	22139	66439004	26598	22857	22661	22454	37483	22273
ENSMUST00000114018	ATCACACAGTCCCCAAGCAGGTCCAGCGTGGCATCACCCCGACGACTCAGCAACGTCTCATCTTCTGGAAGCATCAACCTGCTCGAATCCCCTCAGCTTGCCACTTTGGCTGAGGATGTCACTGCGGCGCTTGC	66438870	66416343	22527	66416550	22320	66416731	22139	66416866	22004	66416147	22723	66420134	18736	66439004	22661	22454	22273	22138	22857	18870
ENSMUST00000114018	ATCACACAGTCCCCAAGCAGGTCCAGCGTGGCATCACCCCGACGACTCAGCAACGTCTCATCTTCTGGAAGCATCAACCTGCTCGAATCCCCTCAGCTTGCCACTTTGGCTGAGGATGTCACTGCGGCGCTTGC	66438870	66251661	187209	66251712	187158	66322403	116467	66322468	116402	66175495	263375	66362202	76668	66439004	187343	187292	116601	116536	263509	76802
ENSMUST00000114018	ATCACACAGTCCCCAAGCAGGTCCAGCGTGGCATCACCCCGACGACTCAGCAACGTCTCATCTTCTGGAAGCATCAACCTGCTCGAATCCCCTCAGCTTGCCACTTTGGCTGAGGATGTCACTGCGGCGCTTGC	66438870	66251661	187209	66251712	187158	66362202	76668	66362280	76590	66175495	263375	66380488	58382	66439004	187343	187292	76802	76724	263509	58516
ENSMUST00000114018	ATCACACAGTCCCCAAGCAGGTCCAGCGTGGCATCACCCCGACGACTCAGCAACGTCTCATCTTCTGGAAGCATCAACCTGCTCGAATCCCCTCAGCTTGCCACTTTGGCTGAGGATGTCACTGCGGCGCTTGC	66438870	66322403	116467	66322468	116402	66362202	76668	66362280	76590	66251712	187158	66380488	58382	66439004	116601	116536	76802	76724	187292	58516
ENSMUST00000114018	ATCACACAGTCCCCAAGCAGGTCCAGCGTGGCATCACCCCGACGACTCAGCAACGTCTCATCTTCTGGAAGCATCAACCTGCTCGAATCCCCTCAGCTTGCCACTTTGGCTGAGGATGTCACTGCGGCGCTTGC	66438870	66322403	116467	66322468	116402	66380488	58382	66380773	58097	66251712	187158	66399388	39482	66439004	116601	116536	58516	58231	187292	39616
ENSMUST00000114018	ATCACACAGTCCCCAAGCAGGTCCAGCGTGGCATCACCCCGACGACTCAGCAACGTCTCATCTTCTGGAAGCATCAACCTGCTCGAATCCCCTCAGCTTGCCACTTTGGCTGAGGATGTCACTGCGGCGCTTGC	66438870	66362202	76668	66362280	76590	66380488	58382	66380773	58097	66322468	116402	66399388	39482	66439004	76802	76724	58516	58231	116536	39616
ENSMUST00000114018	ATCACACAGTCCCCAAGCAGGTCCAGCGTGGCATCACCCCGACGACTCAGCAACGTCTCATCTTCTGGAAGCATCAACCTGCTCGAATCCCCTCAGCTTGCCACTTTGGCTGAGGATGTCACTGCGGCGCTTGC	66438870	66412406	26464	66416147	22723	66416343	22527	66416550	22320	66401521	37349	66416731	22139	66439004	26598	22857	22661	22454	37483	22273
ENSMUST00000114018	ATCACACAGTCCCCAAGCAGGTCCAGCGTGGCATCACCCCGACGACTCAGCAACGTCTCATCTTCTGGAAGCATCAACCTGCTCGAATCCCCTCAGCTTGCCACTTTGGCTGAGGATGTCACTGCGGCGCTTGC	66438870	66416343	22527	66416550	22320	66416731	22139	66416866	22004	66416147	22723	66420134	18736	66439004	22661	22454	22273	22138	22857	18870
ENSMUST00000120204	CGGCCCCCGCTCCTGCTGCTGACGGCGCCCAGGGCAAGGGACATAGGATGACCCCAGCCTGTCCCCTCTTACTGTCTGTGATTCTGTCCCTGCGCCTGGCCACGGCCTTCGACCCTGCCCCCAGTGCCTGCTCT	129985276	130005024	-19748	130005108	-19832	130005389	-20113	130005554	-20278	129992879	-7603	130006751	-21475	129992157	-12867	-12951	-13232	-13397	-722	-14594
ENSMUST00000120204	CGGCCCCCGCTCCTGCTGCTGACGGCGCCCAGGGCAAGGGACATAGGATGACCCCAGCCTGTCCCCTCTTACTGTCTGTGATTCTGTCCCTGCGCCTGGCCACGGCCTTCGACCCTGCCCCCAGTGCCTGCTCT	129985276	130005024	-19748	130005108	-19832	130005389	-20113	130005554	-20278	129992879	-7603	130007561	-22285	129992157	-12867	-12951	-13232	-13397	-722	-15404
ENSMUST00000120204	CGGCCCCCGCTCCTGCTGCTGACGGCGCCCAGGGCAAGGGACATAGGATGACCCCAGCCTGTCCCCTCTTACTGTCTGTGATTCTGTCCCTGCGCCTGGCCACGGCCTTCGACCCTGCCCCCAGTGCCTGCTCT	129985276	130005389	-20113	130005554	-20278	130006751	-21475	130006916	-21640	130005108	-19832	130007561	-22285	129992157	-13232	-13397	-14594	-14759	-12951	-15404
ENSMUST00000120204	CGGCCCCCGCTCCTGCTGCTGACGGCGCCCAGGGCAAGGGACATAGGATGACCCCAGCCTGTCCCCTCTTACTGTCTGTGATTCTGTCCCTGCGCCTGGCCACGGCCTTCGACCCTGCCCCCAGTGCCTGCTCT	129985276	130014934	-29658	130015033	-29757	130016633	-31357	130016696	-31420	130014636	-29360	130017061	-31785	129992157	-22777	-22876	-24476	-24539	-22479	-24904
ENSMUST00000174641	CTTGAGTCCACCAGACATCGGAGTGGCCAGTCTGGACTTTGATCCCATGTCATTTCAATGTAGTCCTCCAAAAGCTGAGTCAGAGTGTCTGGAGAGTGGTGCTTCCTTTCTGGATTCATTAGGTTATACCAGGGAT	32255386	32152667	102719	32152709	102677	32153039	102347	32153124	102262	32152013	103373	32170089	85297	32255522	102855	102813	102483	102398	103509	85433
ENSMUST00000174641	CTTGAGTCCACCAGACATCGGAGTGGCCAGTCTGGACTTTGATCCCATGTCATTTCAATGTAGTCCTCCAAAAGCTGAGTCAGAGTGTCTGGAGAGTGGTGCTTCCTTTCTGGATTCATTAGGTTATACCAGGGAT	32255386	32189983	65403	32190061	65325	32208183	47203	32208265	47121	32187756	67630	32239261	16125	32255522	65539	65461	47339	47257	67766	16261
ENSMUST00000174641	CTTGAGTCCACCAGACATCGGAGTGGCCAGTCTGGACTTTGATCCCATGTCATTTCAATGTAGTCCTCCAAAAGCTGAGTCAGAGTGTCTGGAGAGTGGTGCTTCCTTTCTGGATTCATTAGGTTATACCAGGGAT	32255386	32208183	47203	32208265	47121	32239261	16125	32239411	15975	32190061	65325	32245151	10235	32255522	47339	47257	16261	16111	65461	10371
ENSMUST00000026292	AAACAGGAAACCGACGCCCTGTGATGCTGACTCTCCTCAGGGTGCCACGACTGAGTAAGAACTCAAAAAGCAGCAATGGACAGGAACTAGAGAAGACACTGGAAGAAAGCAAGGAGACCGATATCAAACATAAAGA	151891066	151806719	84347	151806860	84206	151835223	55843	151835292	55774	151803569	87497	151840055	51011	151891766	85047	84906	56543	56474	88197	51711
ENSMUST00000020706	CTGCCCTGCCCTGTGAGTCTGCACACCATGCCCTGCTCTGCTGCCTGGTGGGCACCCTCCCACTAGCCATATTCCTGCGGGTGTCCTCCTTGCCAAAGATGATCCTGCTGTCTGGGCTGACTACTTCCTACATCCTT	7150059	7130275	19784	7130403	19656	7137272	12787	7137431	12628	7109112	40947	7138286	11773	7150196	19921	19793	12924	12765	41084	11910
ENSMUST00000020706	CTGCCCTGCCCTGTGAGTCTGCACACCATGCCCTGCTCTGCTGCCTGGTGGGCACCCTCCCACTAGCCATATTCCTGCGGGTGTCCTCCTTGCCAAAGATGATCCTGCTGTCTGGGCTGACTACTTCCTACATCCTT	7150059	7130275	19784	7130403	19656	7137272	12787	7137431	12628	7109112	40947	7138286	11773	7150196	19921	19793	12924	12765	41084	11910
ENSMUST00000095087	CTGGACAGGGATAGTGGGCAGTGCTCACGGAACACAAGCTGTGAAACACTAGATCACTACGACCCCGACTATGAATTCCTCCAGCAAGATCTCTCCAATGCAGACCAGATCCCTCCACAGGCAGCCTGTAACCTCAG	29700808	29710152	-9344	29710308	-9500	29719592	-18784	29719850	-19042	29707400	-6592	29720642	-19834	29702287	-7865	-8021	-17305	-17563	-5113	-18355
ENSMUST00000095087	CTGGACAGGGATAGTGGGCAGTGCTCACGGAACACAAGCTGTGAAACACTAGATCACTACGACCCCGACTATGAATTCCTCCAGCAAGATCTCTCCAATGCAGACCAGATCCCTCCACAGGCAGCCTGTAACCTCAG	29700808	29710155	-9347	29710308	-9500	29719592	-18784	29719850	-19042	29707400	-6592	29722223	-21415	29702287	-7868	-8021	-17305	-17563	-5113	-19936
ENSMUST00000095087	CTGGACAGGGATAGTGGGCAGTGCTCACGGAACACAAGCTGTGAAACACTAGATCACTACGACCCCGACTATGAATTCCTCCAGCAAGATCTCTCCAATGCAGACCAGATCCCTCCACAGGCAGCCTGTAACCTCAG	29700808	29710155	-9347	29710308	-9500	29720642	-19834	29720738	-19930	29707400	-6592	29722223	-21415	29702287	-7868	-8021	-18355	-18451	-5113	-19936
ENSMUST00000095087	CTGGACAGGGATAGTGGGCAGTGCTCACGGAACACAAGCTGTGAAACACTAGATCACTACGACCCCGACTATGAATTCCTCCAGCAAGATCTCTCCAATGCAGACCAGATCCCTCCACAGGCAGCCTGTAACCTCAG	29700808	29719592	-18784	29719850	-19042	29720642	-19834	29720738	-19930	29707400	-6592	29722223	-21415	29702287	-17305	-17563	-18355	-18451	-5113	-19936
ENSMUST00000095087	CTGGACAGGGATAGTGGGCAGTGCTCACGGAACACAAGCTGTGAAACACTAGATCACTACGACCCCGACTATGAATTCCTCCAGCAAGATCTCTCCAATGCAGACCAGATCCCTCCACAGGCAGCCTGTAACCTCAG	29700808	29719592	-18784	29719850	-19042	29720642	-19834	29720738	-19930	29710308	-9500	29722223	-21415	29702287	-17305	-17563	-18355	-18451	-8021	-19936
ENSMUST00000102843	GTCCAGAGTTCTCTAATTATTCAGAAATAGCAAAATTTGAGAAGTCGGTGCCTGATCACTGTGAGCTCGTGGATGATTCCTCACCCGAATCTGAACCAGTTGACTTATTTAGTGATGATTCAATTCCTGAAGTCCCACA	29707918	29706409	1509	29708770	-852	29733632	-25714	29733840	-25922	29705591	2327	29736359	-28441	29708057	1648	-713	-25575	-25783	2466	-28302
ENSMUST00000187083	ATGACACCCAGTGACTCTTGTGATGACACTCAGATGACAGAATATCAGAGGCTGTTCCAGAGCAAAAGCACAGACTCTGAACCGGACAAAGACAGGTTAGACATCCCAAGCTCCATGGACGAAGAGGCCATGTTGTCTT	14143399	14004200	139199	14004275	139124	14066582	76817	14066684	76715	13966220	177179	14110664	32735	14143538	139338	139263	76956	76854	177318	32874
ENSMUST00000187083	ATGACACCCAGTGACTCTTGTGATGACACTCAGATGACAGAATATCAGAGGCTGTTCCAGAGCAAAAGCACAGACTCTGAACCGGACAAAGACAGGTTAGACATCCCAAGCTCCATGGACGAAGAGGCCATGTTGTCTT	14143399	14066582	76817	14066684	76715	14117518	25881	14117600	25799	13966697	176702	14126451	16948	14143538	76956	76854	26020	25938	176841	17087
ENSMUST00000187083	ATGACACCCAGTGACTCTTGTGATGACACTCAGATGACAGAATATCAGAGGCTGTTCCAGAGCAAAAGCACAGACTCTGAACCGGACAAAGACAGGTTAGACATCCCAAGCTCCATGGACGAAGAGGCCATGTTGTCTT	14143399	14066582	76817	14066684	76715	14126451	16948	14126496	16903	13966697	176702	14127292	16107	14143538	76956	76854	17087	17042	176841	16246
ENSMUST00000187083	ATGACACCCAGTGACTCTTGTGATGACACTCAGATGACAGAATATCAGAGGCTGTTCCAGAGCAAAAGCACAGACTCTGAACCGGACAAAGACAGGTTAGACATCCCAAGCTCCATGGACGAAGAGGCCATGTTGTCTT	14143399	14066582	76817	14066684	76715	14117518	25881	14117600	25799	14004275	139124	14123017	20382	14143538	76956	76854	26020	25938	139263	20521
ENSMUST00000187083	ATGACACCCAGTGACTCTTGTGATGACACTCAGATGACAGAATATCAGAGGCTGTTCCAGAGCAAAAGCACAGACTCTGAACCGGACAAAGACAGGTTAGACATCCCAAGCTCCATGGACGAAGAGGCCATGTTGTCTT	14143399	14066582	76817	14066684	76715	14126451	16948	14126496	16903	14004275	139124	14127292	16107	14143538	76956	76854	17087	17042	139263	16246
ENSMUST00000187083	ATGACACCCAGTGACTCTTGTGATGACACTCAGATGACAGAATATCAGAGGCTGTTCCAGAGCAAAAGCACAGACTCTGAACCGGACAAAGACAGGTTAGACATCCCAAGCTCCATGGACGAAGAGGCCATGTTGTCTT	14143399	14110664	32735	14110786	32613	14117518	25881	14117600	25799	14066684	76715	14126451	16948	14143538	32874	32752	26020	25938	76854	17087
ENSMUST00000187083	ATGACACCCAGTGACTCTTGTGATGACACTCAGATGACAGAATATCAGAGGCTGTTCCAGAGCAAAAGCACAGACTCTGAACCGGACAAAGACAGGTTAGACATCCCAAGCTCCATGGACGAAGAGGCCATGTTGTCTT	14143399	14110664	32735	14110786	32613	14123017	20382	14123200	20199	14066684	76715	14126451	16948	14143538	32874	32752	20521	20338	76854	17087
ENSMUST00000187083	ATGACACCCAGTGACTCTTGTGATGACACTCAGATGACAGAATATCAGAGGCTGTTCCAGAGCAAAAGCACAGACTCTGAACCGGACAAAGACAGGTTAGACATCCCAAGCTCCATGGACGAAGAGGCCATGTTGTCTT	14143399	14117518	25881	14117600	25799	14123017	20382	14123200	20199	14066684	76715	14126451	16948	14143538	26020	25938	20521	20338	76854	17087
ENSMUST00000165335	AGATCTTTTTTCCTTCACTTATTGCTGAAACCAAGAGCACAATTCCCATTAAGAGAAGGATCTCTGTGCTGTAAACTAAACAAATTGTGCATTTTTTCTGGGGCCATTGTTTTTGGTTTATTTTGTTATTTTGTTTTGTT	155557607	155527412	30195	155527509	30098	155533696	23911	155533735	23872	155491580	66027	155535357	22250	155557747	30335	30238	24051	24012	66167	22390
ENSMUST00000165335	AGATCTTTTTTCCTTCACTTATTGCTGAAACCAAGAGCACAATTCCCATTAAGAGAAGGATCTCTGTGCTGTAAACTAAACAAATTGTGCATTTTTTCTGGGGCCATTGTTTTTGGTTTATTTTGTTATTTTGTTTTGTT	155557607	155527412	30195	155527509	30098	155533696	23911	155533735	23872	155515679	41928	155535357	22250	155557747	30335	30238	24051	24012	42068	22390
ENSMUST00000165335	AGATCTTTTTTCCTTCACTTATTGCTGAAACCAAGAGCACAATTCCCATTAAGAGAAGGATCTCTGTGCTGTAAACTAAACAAATTGTGCATTTTTTCTGGGGCCATTGTTTTTGGTTTATTTTGTTATTTTGTTTTGTT	155557607	155533696	23911	155533735	23872	155535357	22250	155535464	22143	155527509	30098	155540555	17052	155557747	24051	24012	22390	22283	30238	17192
ENSMUST00000021567	AAAGCTGAAATATTTTTTTAAGTTAGCTGCATGAAAGGCAAACTCTGTTGGAGCCTCTCGATGGAAGGCGCTCTATGCATTTATGCTTTAACCCATGGACTCTTGTCTCTAACTCTAAACTCATATTTTTCTAATTTCTTTGCC	81996375	81894982	101393	81895191	101184	81906448	89927	81906554	89821	81860524	135851	81912664	83711	81996519	101537	101328	90071	89965	135995	83855
ENSMUST00000021567	AAAGCTGAAATATTTTTTTAAGTTAGCTGCATGAAAGGCAAACTCTGTTGGAGCCTCTCGATGGAAGGCGCTCTATGCATTTATGCTTTAACCCATGGACTCTTGTCTCTAACTCTAAACTCATATTTTTCTAATTTCTTTGCC	81996375	81928241	68134	81928374	68001	81933530	62845	81933715	62660	81919380	76995	81946930	49445	81996519	68278	68145	62989	62804	77139	49589
ENSMUST00000182407	GCCCATGAATCTCTGATATTGACCTACTCTGAGCCTTCAGAGAGTGCTACGTCTGTCCCACCTTCTGACACACCTTCTCTCACATCATCTATTTCTTCAGTTTGTACCACAGATAGCTCCTCACCTGTCACTACCCTCGATAGCC	14677410	14668964	8446	14669675	7735	14674954	2456	14682387	-4977	14540801	136609	14712416	-35006	14677555	8591	7880	2601	-4832	136754	-34861
ENSMUST00000098070	TGCTCCTTTTACACCGGCTTTAAATCTGCTTTTACTATGCACGTGGAAGCTGGGCATTCGGCGGTCCCGGAGGAAGGCCCCAAAGATCTCCGCTGTCCTCTCTGCCTCTATCACACCAAATACAAACGCAACATGATCGACCACA	55050438	55060013	-9575	55060237	-9799	55072972	-22534	55073105	-22667	55051327	-889	55079263	-28825	55051321	-8692	-8916	-21651	-21784	-6	-27942
ENSMUST00000020706	CGAAGCCCGCCAGACAGAGCTGGAGATGGCCGATCTGAACTTCTTTACTCTGAAGTACAAACATGTCGAACGAGAACAAAAATACCACCAGCTTCAGGACGAGTACTTCACCAGCGCCGTTGTCCTCGCCCTCATCCTGGCTGCCTT	7144799	7130275	14524	7130403	14396	7137272	7527	7137431	7368	7109112	35687	7138286	6513	7145115	14840	14712	7843	7684	36003	6829
ENSMUST00000020706	CGAAGCCCGCCAGACAGAGCTGGAGATGGCCGATCTGAACTTCTTTACTCTGAAGTACAAACATGTCGAACGAGAACAAAAATACCACCAGCTTCAGGACGAGTACTTCACCAGCGCCGTTGTCCTCGCCCTCATCCTGGCTGCCTT	7144799	7130275	14524	7130403	14396	7137272	7527	7137431	7368	7109112	35687	7138286	6513	7145115	14840	14712	7843	7684	36003	6829
ENSMUST00000099557	GATACTTCCCTGCCTCCTTGACCTCCCTCCCTTCCCACCTTCCTGGCTGTTGTGAGACAGGGAATGCCAAGGAAGAACTCTAGTGTCTGGACCCGATCCAGATAATATTTTTAGACTCCTCTGTTCCCTGATGACCTGCATTAGGGCA	118697747	118677722	20025	118677828	19919	118693226	4521	118693724	4023	118664866	32881	118693866	3881	118697895	20173	20067	4669	4171	33029	4029
ENSMUST00000238468	CAGTTGCAATTTTTTGCAAGGTTTTTCGACTCATAGTTCTTTGTCTGGGTACTTTTTCACCCTACAGAGAATTTCTGTATATATTATCGTTTCTGATTCTAGTGTTTTGAATTTTCGCTGGGTCTAAATATCTCTGTCTCAGTGTCAGTA	109661103	109606213	54890	109606341	54762	109617210	43893	109617349	43754	109604066	57037	109620312	40791	109661253	55040	54912	44043	43904	57187	40941
ENSMUST00000238468	CAGTTGCAATTTTTTGCAAGGTTTTTCGACTCATAGTTCTTTGTCTGGGTACTTTTTCACCCTACAGAGAATTTCTGTATATATTATCGTTTCTGATTCTAGTGTTTTGAATTTTCGCTGGGTCTAAATATCTCTGTCTCAGTGTCAGTA	109661103	109637838	23265	109637926	23177	109640266	20837	109640328	20775	109627153	33950	109643413	17690	109661253	23415	23327	20987	20925	34100	17840
ENSMUST00000238468	CAGTTGCAATTTTTTGCAAGGTTTTTCGACTCATAGTTCTTTGTCTGGGTACTTTTTCACCCTACAGAGAATTTCTGTATATATTATCGTTTCTGATTCTAGTGTTTTGAATTTTCGCTGGGTCTAAATATCTCTGTCTCAGTGTCAGTA	109661103	109637838	23265	109637926	23177	109640266	20837	109640328	20775	109635457	25646	109642564	18539	109661253	23415	23327	20987	20925	25796	18689
ENSMUST00000238468	CAGTTGCAATTTTTTGCAAGGTTTTTCGACTCATAGTTCTTTGTCTGGGTACTTTTTCACCCTACAGAGAATTTCTGTATATATTATCGTTTCTGATTCTAGTGTTTTGAATTTTCGCTGGGTCTAAATATCTCTGTCTCAGTGTCAGTA	109661103	109640266	20837	109640328	20775	109643413	17690	109643461	17642	109627153	33950	109645261	15842	109661253	20987	20925	17840	17792	34100	15992
ENSMUST00000238468	CAGTTGCAATTTTTTGCAAGGTTTTTCGACTCATAGTTCTTTGTCTGGGTACTTTTTCACCCTACAGAGAATTTCTGTATATATTATCGTTTCTGATTCTAGTGTTTTGAATTTTCGCTGGGTCTAAATATCTCTGTCTCAGTGTCAGTA	109661103	109640266	20837	109640328	20775	109643413	17690	109643461	17642	109637926	23177	109645261	15842	109661253	20987	20925	17840	17792	23327	15992
ENSMUST00000238468	CAGTTGCAATTTTTTGCAAGGTTTTTCGACTCATAGTTCTTTGTCTGGGTACTTTTTCACCCTACAGAGAATTTCTGTATATATTATCGTTTCTGATTCTAGTGTTTTGAATTTTCGCTGGGTCTAAATATCTCTGTCTCAGTGTCAGTA	109661103	109642564	18539	109642652	18451	109643413	17690	109643461	17642	109640328	20775	109645261	15842	109661253	18689	18601	17840	17792	20925	15992
ENSMUST00000238468	CAGTTGCAATTTTTTGCAAGGTTTTTCGACTCATAGTTCTTTGTCTGGGTACTTTTTCACCCTACAGAGAATTTCTGTATATATTATCGTTTCTGATTCTAGTGTTTTGAATTTTCGCTGGGTCTAAATATCTCTGTCTCAGTGTCAGTA	109661103	109650840	10263	109651099	10004	109651858	9245	109651938	9165	109650157	10946	109654285	6818	109661253	10413	10154	9395	9315	11096	6968
ENSMUST00000238468	CAGTTGCAATTTTTTGCAAGGTTTTTCGACTCATAGTTCTTTGTCTGGGTACTTTTTCACCCTACAGAGAATTTCTGTATATATTATCGTTTCTGATTCTAGTGTTTTGAATTTTCGCTGGGTCTAAATATCTCTGTCTCAGTGTCAGTA	109661103	109651012	10091	109651099	10004	109651858	9245	109651938	9165	109650157	10946	109654285	6818	109661253	10241	10154	9395	9315	11096	6968
ENSMUST00000238468	CAGTTGCAATTTTTTGCAAGGTTTTTCGACTCATAGTTCTTTGTCTGGGTACTTTTTCACCCTACAGAGAATTTCTGTATATATTATCGTTTCTGATTCTAGTGTTTTGAATTTTCGCTGGGTCTAAATATCTCTGTCTCAGTGTCAGTA	109661103	109655848	5255	109655934	5169	109656787	4316	109656831	4272	109654432	6671	109658052	3051	109661253	5405	5319	4466	4422	6821	3201
ENSMUST00000238468	CAGTTGCAATTTTTTGCAAGGTTTTTCGACTCATAGTTCTTTGTCTGGGTACTTTTTCACCCTACAGAGAATTTCTGTATATATTATCGTTTCTGATTCTAGTGTTTTGAATTTTCGCTGGGTCTAAATATCTCTGTCTCAGTGTCAGTA	109661103	109655848	5255	109655934	5169	109656787	4316	109656840	4263	109654432	6671	109658052	3051	109661253	5405	5319	4466	4413	6821	3201
ENSMUST00000238468	CAGTTGCAATTTTTTGCAAGGTTTTTCGACTCATAGTTCTTTGTCTGGGTACTTTTTCACCCTACAGAGAATTTCTGTATATATTATCGTTTCTGATTCTAGTGTTTTGAATTTTCGCTGGGTCTAAATATCTCTGTCTCAGTGTCAGTA	109661103	109656787	4316	109656831	4272	109658052	3051	109658121	2982	109655934	5169	109659722	1381	109661253	4466	4422	3201	3132	5319	1531
ENSMUST00000238468	CAGTTGCAATTTTTTGCAAGGTTTTTCGACTCATAGTTCTTTGTCTGGGTACTTTTTCACCCTACAGAGAATTTCTGTATATATTATCGTTTCTGATTCTAGTGTTTTGAATTTTCGCTGGGTCTAAATATCTCTGTCTCAGTGTCAGTA	109661103	109656787	4316	109656831	4272	109659722	1381	109659807	1296	109655934	5169	109660745	358	109661253	4466	4422	1531	1446	5319	508
ENSMUST00000238468	CAGTTGCAATTTTTTGCAAGGTTTTTCGACTCATAGTTCTTTGTCTGGGTACTTTTTCACCCTACAGAGAATTTCTGTATATATTATCGTTTCTGATTCTAGTGTTTTGAATTTTCGCTGGGTCTAAATATCTCTGTCTCAGTGTCAGTA	109661103	109656787	4316	109656840	4263	109658052	3051	109658121	2982	109655934	5169	109659722	1381	109661253	4466	4413	3201	3132	5319	1531
ENSMUST00000238468	CAGTTGCAATTTTTTGCAAGGTTTTTCGACTCATAGTTCTTTGTCTGGGTACTTTTTCACCCTACAGAGAATTTCTGTATATATTATCGTTTCTGATTCTAGTGTTTTGAATTTTCGCTGGGTCTAAATATCTCTGTCTCAGTGTCAGTA	109661103	109658052	3051	109658121	2982	109659722	1381	109659807	1296	109656831	4272	109660745	358	109661253	3201	3132	1531	1446	4422	508
ENSMUST00000238468	CAGTTGCAATTTTTTGCAAGGTTTTTCGACTCATAGTTCTTTGTCTGGGTACTTTTTCACCCTACAGAGAATTTCTGTATATATTATCGTTTCTGATTCTAGTGTTTTGAATTTTCGCTGGGTCTAAATATCTCTGTCTCAGTGTCAGTA	109661103	109658052	3051	109658121	2982	109659722	1381	109659807	1296	109656840	4263	109660745	358	109661253	3201	3132	1531	1446	4413	508
ENSMUST00000238748	GAAAACAAGACTGTGATTTCACATCAGGGGTCTTCCTAACAAGGGCTCACTGCTCATAAATGTCAAGAAAGTAAACGGCTGAACTTAAAACTGGCATTTCGAAGGGAAAGGCAAGACTGTGGGGTCAGTTTTGTCACCAGCCCTTTTTGTCTT	50122024	50052775	69249	50052970	69054	50071170	50854	50071421	50603	50025647	96377	50085740	36284	50122177	69402	69207	51007	50756	96530	36437
ENSMUST00000035058	GATCTCATGGCATGCTCTGATGTGTTTTGTAGGAGGGGAAACACTTAAAATAAGCAAAGAAACCGAGCAGGATTGCATATATCGGATGGTTCTTGTCTGTGCTCTCTGTACGTTGCTTCTGCAGCTGTGATTTCTAAACCTCTGCTGGCACTCA	110262331	110250958	11373	110251147	11184	110256144	6187	110256220	6111	110247390	14941	110262059	272	110262485	11527	11338	6341	6265	15095	426
ENSMUST00000035058	GATCTCATGGCATGCTCTGATGTGTTTTGTAGGAGGGGAAACACTTAAAATAAGCAAAGAAACCGAGCAGGATTGCATATATCGGATGGTTCTTGTCTGTGCTCTCTGTACGTTGCTTCTGCAGCTGTGATTTCTAAACCTCTGCTGGCACTCA	110262331	110250958	11373	110251147	11184	110256144	6187	110256301	6030	110247390	14941	110262059	272	110262485	11527	11338	6341	6184	15095	426
ENSMUST00000020706	CACAGCAAAGAGCTGGTCAGGTCTTGGTCAGGGCAGTATGGGAAGAATTGAAAAGACACCTCTTACTGCATGAAGAGCGGGGTTGCTGGCTTTCCCCAAGAGTAGGCTCTTGCTAACAGCCAGAGGCAGGTCTTCTGGAATTCTCGGGAGGCCC	7170305	7130275	40030	7130403	39902	7137272	33033	7137431	32874	7109112	61193	7138286	32019	7170459	40184	40056	33187	33028	61347	32173
ENSMUST00000020706	CACAGCAAAGAGCTGGTCAGGTCTTGGTCAGGGCAGTATGGGAAGAATTGAAAAGACACCTCTTACTGCATGAAGAGCGGGGTTGCTGGCTTTCCCCAAGAGTAGGCTCTTGCTAACAGCCAGAGGCAGGTCTTCTGGAATTCTCGGGAGGCCC	7170305	7130275	40030	7130403	39902	7137272	33033	7137431	32874	7109112	61193	7138286	32019	7170459	40184	40056	33187	33028	61347	32173
ENSMUST00000042035	CTTGCACTTCTTCTTCCTGTCCTCATTTTGCTGGGTGCTCACCGAGGCCTGGCAATCCTACATGGCCGTCACCGGCCGCCTCCGGAGCCGGCTCGTCCGCAAACGCTTTCTCTGCCTGGGCTGGGGGCTCCCTGCACTGGTGGTGGCCATTTCTG	74572121	74582891	-10770	74582987	-10866	74584377	-12256	74584417	-12296	74580736	-8615	74586756	-14635	74572858	-10033	-10129	-11519	-11559	-7878	-13898
ENSMUST00000042035	CTTGCACTTCTTCTTCCTGTCCTCATTTTGCTGGGTGCTCACCGAGGCCTGGCAATCCTACATGGCCGTCACCGGCCGCCTCCGGAGCCGGCTCGTCCGCAAACGCTTTCTCTGCCTGGGCTGGGGGCTCCCTGCACTGGTGGTGGCCATTTCTG	74572121	74582891	-10770	74582987	-10866	74584377	-12256	74584432	-12311	74580736	-8615	74586756	-14635	74572858	-10033	-10129	-11519	-11574	-7878	-13898
ENSMUST00000064139	TTCCCCTTGGACTAGCGAACAGTTTGGGGTTGAGAGGAAAGCAGAGGCGCCCAGAGGGGAAACCTACCCGCGTCTGCAGTTGGAACTACTCCGCCGGGCTGCACTCTCGCCGCCGCGTCCCGAGCCCGCATACCCGCTCCTGAGCAGCGGCGGCCC	105157635	105194802	-37167	105194960	-37325	105219327	-61692	105219504	-61869	105157963	-328	105230896	-73261	105157791	-37011	-37169	-61536	-61713	-172	-73105
ENSMUST00000064139	TTCCCCTTGGACTAGCGAACAGTTTGGGGTTGAGAGGAAAGCAGAGGCGCCCAGAGGGGAAACCTACCCGCGTCTGCAGTTGGAACTACTCCGCCGGGCTGCACTCTCGCCGCCGCGTCCCGAGCCCGCATACCCGCTCCTGAGCAGCGGCGGCCC	105157635	105194802	-37167	105194960	-37325	105219327	-61692	105219504	-61869	105157963	-328	105230896	-73261	105157791	-37011	-37169	-61536	-61713	-172	-73105
ENSMUST00000118955	CAAAAAAAACCAGACCCACATTGGAACAGTGAACCCGTCCCATCCAGAGGGCCCTAGGACTGCCGCAGTTGGAGCGACGTCCAACCCTTTTGAAACCAGCCAACCTAATTACCCGTACTGTGGAAATGAGCATGACCCCTGACCCCTTGTTTCTATA	24172981	24085320	87661	24085650	87331	24158252	14729	24158354	14627	24078445	94536	24163145	9836	24173138	87818	87488	14886	14784	94693	9993
ENSMUST00000118955	CAAAAAAAACCAGACCCACATTGGAACAGTGAACCCGTCCCATCCAGAGGGCCCTAGGACTGCCGCAGTTGGAGCGACGTCCAACCCTTTTGAAACCAGCCAACCTAATTACCCGTACTGTGGAAATGAGCATGACCCCTGACCCCTTGTTTCTATA	24172981	24158252	14729	24158354	14627	24163145	9836	24164888	8093	24085650	87331	24172698	283	24173138	14886	14784	9993	8250	87488	440
ENSMUST00000118955	CAAAAAAAACCAGACCCACATTGGAACAGTGAACCCGTCCCATCCAGAGGGCCCTAGGACTGCCGCAGTTGGAGCGACGTCCAACCCTTTTGAAACCAGCCAACCTAATTACCCGTACTGTGGAAATGAGCATGACCCCTGACCCCTTGTTTCTATA	24172981	24158252	14729	24158354	14627	24163145	9836	24163288	9693	24085650	87331	24172698	283	24173138	14886	14784	9993	9850	87488	440
ENSMUST00000102754	CTAAACGACCTTCTTATAGAGCCGAACAGTACCCTGGGTCCCCGGACTCCTGGGTGTAGCATCAAGACGGCTGCCTGCTGAGGGGCGCTTTCCTTCTGACTCTGTTTGGATTGAGGGGAAGTCCGTCTTGCTGATGATGGTGACCGTGAAAGTGAAA	59354411	59214677	139734	59214814	139597	59289217	65194	59289252	65159	59161128	193283	59305065	49346	59354568	139891	139754	65351	65316	193440	49503
ENSMUST00000102754	CTAAACGACCTTCTTATAGAGCCGAACAGTACCCTGGGTCCCCGGACTCCTGGGTGTAGCATCAAGACGGCTGCCTGCTGAGGGGCGCTTTCCTTCTGACTCTGTTTGGATTGAGGGGAAGTCCGTCTTGCTGATGATGGTGACCGTGAAAGTGAAA	59354411	59214677	139734	59214814	139597	59266387	88024	59266500	87911	59161128	193283	59305065	49346	59354568	139891	139754	88181	88068	193440	49503
ENSMUST00000047865	AGGGCTGGCCTGGGCGACGCTCCAGGGATGAGGAGCTGAGAACCCCAGTCTAATAATGTCCATCGACACCTCCTTATCCCTCTAACGTACTATGTCTTTTGATTTAGCATGCCTTCTGTAGACCTTCCAAAGAGCCCCACACTGGCACCGTCACCCCTA	82585175	82554319	30856	82554750	30425	82572824	12351	82572926	12249	82522137	63038	82575171	10004	82585334	31015	30584	12510	12408	63197	10163
ENSMUST00000047865	AGGGCTGGCCTGGGCGACGCTCCAGGGATGAGGAGCTGAGAACCCCAGTCTAATAATGTCCATCGACACCTCCTTATCCCTCTAACGTACTATGTCTTTTGATTTAGCATGCCTTCTGTAGACCTTCCAAAGAGCCCCACACTGGCACCGTCACCCCTA	82585175	82561777	23398	82561855	23320	82572824	12351	82572926	12249	82554750	30425	82575171	10004	82585334	23557	23479	12510	12408	30584	10163
ENSMUST00000047865	AGGGCTGGCCTGGGCGACGCTCCAGGGATGAGGAGCTGAGAACCCCAGTCTAATAATGTCCATCGACACCTCCTTATCCCTCTAACGTACTATGTCTTTTGATTTAGCATGCCTTCTGTAGACCTTCCAAAGAGCCCCACACTGGCACCGTCACCCCTA	82585175	82561777	23398	82561855	23320	82578935	6240	82579058	6117	82554750	30425	82584111	1064	82585334	23557	23479	6399	6276	30584	1223
ENSMUST00000047865	AGGGCTGGCCTGGGCGACGCTCCAGGGATGAGGAGCTGAGAACCCCAGTCTAATAATGTCCATCGACACCTCCTTATCCCTCTAACGTACTATGTCTTTTGATTTAGCATGCCTTCTGTAGACCTTCCAAAGAGCCCCACACTGGCACCGTCACCCCTA	82585175	82572824	12351	82572926	12249	82575171	10004	82575207	9968	82554750	30425	82575600	9575	82585334	12510	12408	10163	10127	30584	9734
ENSMUST00000047865	AGGGCTGGCCTGGGCGACGCTCCAGGGATGAGGAGCTGAGAACCCCAGTCTAATAATGTCCATCGACACCTCCTTATCCCTCTAACGTACTATGTCTTTTGATTTAGCATGCCTTCTGTAGACCTTCCAAAGAGCCCCACACTGGCACCGTCACCCCTA	82585175	82572824	12351	82572926	12249	82575171	10004	82575207	9968	82561855	23320	82575600	9575	82585334	12510	12408	10163	10127	23479	9734
ENSMUST00000047865	AGGGCTGGCCTGGGCGACGCTCCAGGGATGAGGAGCTGAGAACCCCAGTCTAATAATGTCCATCGACACCTCCTTATCCCTCTAACGTACTATGTCTTTTGATTTAGCATGCCTTCTGTAGACCTTCCAAAGAGCCCCACACTGGCACCGTCACCCCTA	82585175	82575171	10004	82575207	9968	82575600	9575	82575633	9542	82572926	12249	82578935	6240	82585334	10163	10127	9734	9701	12408	6399
ENSMUST00000047865	AGGGCTGGCCTGGGCGACGCTCCAGGGATGAGGAGCTGAGAACCCCAGTCTAATAATGTCCATCGACACCTCCTTATCCCTCTAACGTACTATGTCTTTTGATTTAGCATGCCTTCTGTAGACCTTCCAAAGAGCCCCACACTGGCACCGTCACCCCTA	82585175	82575171	10004	82575207	9968	82575600	9575	82575633	9542	82572926	12249	82584111	1064	82585334	10163	10127	9734	9701	12408	1223
ENSMUST00000047865	AGGGCTGGCCTGGGCGACGCTCCAGGGATGAGGAGCTGAGAACCCCAGTCTAATAATGTCCATCGACACCTCCTTATCCCTCTAACGTACTATGTCTTTTGATTTAGCATGCCTTCTGTAGACCTTCCAAAGAGCCCCACACTGGCACCGTCACCCCTA	82585175	82575600	9575	82575633	9542	82578935	6240	82579058	6117	82575207	9968	82584111	1064	82585334	9734	9701	6399	6276	10127	1223
ENSMUST00000098308	TTTACAACCAATGCAAGCTTGTTATTGAAGAGCAGTCTGGACCTTTCATCTGGATTCCCTCAAAGGAGAAGTTATAAATTAGCTACTGCACCTCTGACAACGACAGAAGAGCATTTAGAAGAACAAAATATATATAATCTAACACTTGGAGGCTTTTAT	92444555	91449753	994802	91449915	994640	91733090	711465	91733144	711411	91091048	1353507	91810478	634077	92444714	994961	994799	711624	711570	1353666	634236
ENSMUST00000098308	TTTACAACCAATGCAAGCTTGTTATTGAAGAGCAGTCTGGACCTTTCATCTGGATTCCCTCAAAGGAGAAGTTATAAATTAGCTACTGCACCTCTGACAACGACAGAAGAGCATTTAGAAGAACAAAATATATATAATCTAACACTTGGAGGCTTTTAT	92444555	91733090	711465	91733144	711411	91810478	634077	91810529	634026	91449915	994640	91872375	572180	92444714	711624	711570	634236	634185	994799	572339
ENSMUST00000098308	TTTACAACCAATGCAAGCTTGTTATTGAAGAGCAGTCTGGACCTTTCATCTGGATTCCCTCAAAGGAGAAGTTATAAATTAGCTACTGCACCTCTGACAACGACAGAAGAGCATTTAGAAGAACAAAATATATATAATCTAACACTTGGAGGCTTTTAT	92444555	91733090	711465	91733144	711411	91900734	543821	91900904	543651	91449915	994640	91939998	504557	92444714	711624	711570	543980	543810	994799	504716
ENSMUST00000098308	TTTACAACCAATGCAAGCTTGTTATTGAAGAGCAGTCTGGACCTTTCATCTGGATTCCCTCAAAGGAGAAGTTATAAATTAGCTACTGCACCTCTGACAACGACAGAAGAGCATTTAGAAGAACAAAATATATATAATCTAACACTTGGAGGCTTTTAT	92444555	91810478	634077	91810529	634026	91872375	572180	91872500	572055	91733144	711411	91900734	543821	92444714	634236	634185	572339	572214	711570	543980
ENSMUST00000098308	TTTACAACCAATGCAAGCTTGTTATTGAAGAGCAGTCTGGACCTTTCATCTGGATTCCCTCAAAGGAGAAGTTATAAATTAGCTACTGCACCTCTGACAACGACAGAAGAGCATTTAGAAGAACAAAATATATATAATCTAACACTTGGAGGCTTTTAT	92444555	91872375	572180	91872500	572055	91900734	543821	91900903	543652	91810529	634026	91939998	504557	92444714	572339	572214	543980	543811	634185	504716
ENSMUST00000098308	TTTACAACCAATGCAAGCTTGTTATTGAAGAGCAGTCTGGACCTTTCATCTGGATTCCCTCAAAGGAGAAGTTATAAATTAGCTACTGCACCTCTGACAACGACAGAAGAGCATTTAGAAGAACAAAATATATATAATCTAACACTTGGAGGCTTTTAT	92444555	91872375	572180	91872500	572055	91900734	543821	91900904	543651	91810529	634026	91939998	504557	92444714	572339	572214	543980	543810	634185	504716
ENSMUST00000098308	TTTACAACCAATGCAAGCTTGTTATTGAAGAGCAGTCTGGACCTTTCATCTGGATTCCCTCAAAGGAGAAGTTATAAATTAGCTACTGCACCTCTGACAACGACAGAAGAGCATTTAGAAGAACAAAATATATATAATCTAACACTTGGAGGCTTTTAT	92444555	91997165	447390	91997321	447234	92040797	403758	92040866	403689	91968256	476299	92088561	355994	92444714	447549	447393	403917	403848	476458	356153
ENSMUST00000098308	TTTACAACCAATGCAAGCTTGTTATTGAAGAGCAGTCTGGACCTTTCATCTGGATTCCCTCAAAGGAGAAGTTATAAATTAGCTACTGCACCTCTGACAACGACAGAAGAGCATTTAGAAGAACAAAATATATATAATCTAACACTTGGAGGCTTTTAT	92444555	92040797	403758	92040866	403689	92088561	355994	92088718	355837	91997321	447234	92126539	318016	92444714	403917	403848	356153	355996	447393	318175
ENSMUST00000098308	TTTACAACCAATGCAAGCTTGTTATTGAAGAGCAGTCTGGACCTTTCATCTGGATTCCCTCAAAGGAGAAGTTATAAATTAGCTACTGCACCTCTGACAACGACAGAAGAGCATTTAGAAGAACAAAATATATATAATCTAACACTTGGAGGCTTTTAT	92444555	92286490	158065	92286605	157950	92375553	69002	92375730	68825	92126642	317913	92386914	57641	92444714	158224	158109	69161	68984	318072	57800
ENSMUST00000098308	TTTACAACCAATGCAAGCTTGTTATTGAAGAGCAGTCTGGACCTTTCATCTGGATTCCCTCAAAGGAGAAGTTATAAATTAGCTACTGCACCTCTGACAACGACAGAAGAGCATTTAGAAGAACAAAATATATATAATCTAACACTTGGAGGCTTTTAT	92444555	92286490	158065	92286605	157950	92375553	69002	92375730	68825	92235224	209331	92386914	57641	92444714	158224	158109	69161	68984	209490	57800
ENSMUST00000098308	TTTACAACCAATGCAAGCTTGTTATTGAAGAGCAGTCTGGACCTTTCATCTGGATTCCCTCAAAGGAGAAGTTATAAATTAGCTACTGCACCTCTGACAACGACAGAAGAGCATTTAGAAGAACAAAATATATATAATCTAACACTTGGAGGCTTTTAT	92444555	92375553	69002	92375730	68825	92386914	57641	92386990	57565	92286605	157950	92417223	27332	92444714	69161	68984	57800	57724	158109	27491
ENSMUST00000098308	TTTACAACCAATGCAAGCTTGTTATTGAAGAGCAGTCTGGACCTTTCATCTGGATTCCCTCAAAGGAGAAGTTATAAATTAGCTACTGCACCTCTGACAACGACAGAAGAGCATTTAGAAGAACAAAATATATATAATCTAACACTTGGAGGCTTTTAT	92444555	92386914	57641	92386990	57565	92417223	27332	92417323	27232	92375730	68825	92427690	16865	92444714	57800	57724	27491	27391	68984	17024
ENSMUST00000098308	TTTACAACCAATGCAAGCTTGTTATTGAAGAGCAGTCTGGACCTTTCATCTGGATTCCCTCAAAGGAGAAGTTATAAATTAGCTACTGCACCTCTGACAACGACAGAAGAGCATTTAGAAGAACAAAATATATATAATCTAACACTTGGAGGCTTTTAT	92444555	92417223	27332	92417323	27232	92418087	26468	92418133	26422	92386990	57565	92420631	23924	92444714	27491	27391	26627	26581	57724	24083
ENSMUST00000098308	TTTACAACCAATGCAAGCTTGTTATTGAAGAGCAGTCTGGACCTTTCATCTGGATTCCCTCAAAGGAGAAGTTATAAATTAGCTACTGCACCTCTGACAACGACAGAAGAGCATTTAGAAGAACAAAATATATATAATCTAACACTTGGAGGCTTTTAT	92444555	92417223	27332	92417323	27232	92418087	26468	92418133	26422	92386990	57565	92427690	16865	92444714	27491	27391	26627	26581	57724	17024
ENSMUST00000108909	GAAGTACTTCGTCTCCCCGACCCTATTCCGCGTCATCCGATTGGCCCGCATCGGGCGCATCTTGCGTCTGATCAAGGGCGCCAAAGGGATCCGCACCCTGCTCTTTGCCTTAATGATGTCGCTGCCCGCCCTGTTCAACATCGGCCTCCTGCTCTTCCTG	101039592	100959339	80253	100959431	80161	100959602	79990	100959694	79898	100957589	82003	100969020	70572	101039752	80413	80321	80150	80058	82163	70732
ENSMUST00000046257	CCAGGCCTGGACCAGCCTAGGGAAGCGTGCAGACCAGCGCAAGGCCAAATTGGGTGACTCCCATGATCTGCAGCGCTTCCTTAGCGATTTCCGGGACCTCATGTCTTGGATCAATGGAATACGAGGGTTGGTATCTTCAGATGAACTAGCCAAGGACGTC	30008192	30014157	-5965	30014172	-5980	30015588	-7396	30015720	-7528	30013838	-5646	30015933	-7741	30010796	-3361	-3376	-4792	-4924	-3042	-5137
ENSMUST00000080210	ATGCCTTGTTGGCAAAGCACACCTTGGGTAGTTGAGATCTCCTGTGTTCGTCTTTAGCTTTCCTTGTGATGTAGACTCATGACTGTAACATTTCATGTGTAAAATAACTGGATATTCTTCATATGATGGAAATAACCTGTGAATTCAATCTTTCACTAAGT	102790573	102748468	42105	102748595	41978	102755906	34667	102756140	34433	102743973	46600	102761014	29559	102790734	42266	42139	34828	34594	46761	29720
ENSMUST00000071325	GTCACTCAGTTGAACTTCGCAATATGTTTGGTGAAACACTTCATAAAGCAGTGCAAGGCTGTGGAGCGCACCCAGCAATACGAATGGCACCAAGTCTCACCTTTAAAGAAAAGGTAACAAGCCTTAAATTTAAAGAAAAGCCTACAGACCTAGAGACAAGGAGCTAC	79418603	79463232	-44629	79463295	-44692	79468113	-49510	79468154	-49551	79458906	-40303	79468716	-50113	79425600	-37632	-37695	-42513	-42554	-33306	-43116
ENSMUST00000071325	GTCACTCAGTTGAACTTCGCAATATGTTTGGTGAAACACTTCATAAAGCAGTGCAAGGCTGTGGAGCGCACCCAGCAATACGAATGGCACCAAGTCTCACCTTTAAAGAAAAGGTAACAAGCCTTAAATTTAAAGAAAAGCCTACAGACCTAGAGACAAGGAGCTAC	79418603	79463232	-44629	79463295	-44692	79468113	-49510	79468154	-49551	79458906	-40303	79468716	-50113	79425600	-37632	-37695	-42513	-42554	-33306	-43116
ENSMUST00000094639	AGCCACCTGGGACTGTCTAGTTCCCAAGAGACCTTGCACCTCCGGCTAAATCCTGAGCCTGTGCTGCCCACCATGGATGGAGTGGCCGAGTTCTCCGAGTATGTCTCTGAGACGGTGGATGTGCCGTCCCCCTTTGACCTGCTTGAGCCCCCCACCTCAGGAGGCTTC	121299351	121298596	755	121298679	672	121298905	446	121299046	305	121295542	3809	121299268	83	121299519	923	840	614	473	3977	251
ENSMUST00000071325	CTTTTGGGTTGCTGTGGCTGTGCTGCAGCTGGACGAAGTCAACTTGTATTCAGCCGGCACTGCACTTCTGGAACAAAACCTGCACACCTTGGACAGTCTCCGGATATTCAATGACAAGAGTCCGGAAGAAGTATTTATGGCGATCCGGAATCCTCTGGAATGGCACTGC	79551063	79463232	87831	79463295	87768	79468113	82950	79468154	82909	79458906	92157	79468716	82347	79553969	90737	90674	85856	85815	95063	85253
ENSMUST00000071325	CTTTTGGGTTGCTGTGGCTGTGCTGCAGCTGGACGAAGTCAACTTGTATTCAGCCGGCACTGCACTTCTGGAACAAAACCTGCACACCTTGGACAGTCTCCGGATATTCAATGACAAGAGTCCGGAAGAAGTATTTATGGCGATCCGGAATCCTCTGGAATGGCACTGC	79551063	79463232	87831	79463295	87768	79468113	82950	79468154	82909	79458906	92157	79468716	82347	79553969	90737	90674	85856	85815	95063	85253
ENSMUST00000232395	CATACCTTCCTTTTCAAGGATTTGGCATCACCCAGCGACCAGCGTACATTAACATGGTACCTAGCCTGTCGCAGTTCACTAGCATTTACACACCTTTGGCCAACATTTCTTCTGAGTATCCAATGCAAAGATCCATGCCAGTGGTGCCATCTTTTGTAGCCAGCAACAGA	94443081	94385335	57746	94385423	57658	94387336	55745	94387390	55691	94384934	58147	94388264	54817	94443251	57916	57828	55915	55861	58317	54987
ENSMUST00000232395	CATACCTTCCTTTTCAAGGATTTGGCATCACCCAGCGACCAGCGTACATTAACATGGTACCTAGCCTGTCGCAGTTCACTAGCATTTACACACCTTTGGCCAACATTTCTTCTGAGTATCCAATGCAAAGATCCATGCCAGTGGTGCCATCTTTTGTAGCCAGCAACAGA	94443081	94390201	52880	94390287	52794	94392014	51067	94392109	50972	94388385	54696	94393111	49970	94443251	53050	52964	51237	51142	54866	50140
ENSMUST00000232395	CATACCTTCCTTTTCAAGGATTTGGCATCACCCAGCGACCAGCGTACATTAACATGGTACCTAGCCTGTCGCAGTTCACTAGCATTTACACACCTTTGGCCAACATTTCTTCTGAGTATCCAATGCAAAGATCCATGCCAGTGGTGCCATCTTTTGTAGCCAGCAACAGA	94443081	94408553	34528	94408716	34365	94409683	33398	94409729	33352	94403368	39713	94410832	32249	94443251	34698	34535	33568	33522	39883	32419
ENSMUST00000232395	CATACCTTCCTTTTCAAGGATTTGGCATCACCCAGCGACCAGCGTACATTAACATGGTACCTAGCCTGTCGCAGTTCACTAGCATTTACACACCTTTGGCCAACATTTCTTCTGAGTATCCAATGCAAAGATCCATGCCAGTGGTGCCATCTTTTGTAGCCAGCAACAGA	94443081	94408553	34528	94408716	34365	94412059	31022	94412123	30958	94403368	39713	94415948	27133	94443251	34698	34535	31192	31128	39883	27303
ENSMUST00000232395	CATACCTTCCTTTTCAAGGATTTGGCATCACCCAGCGACCAGCGTACATTAACATGGTACCTAGCCTGTCGCAGTTCACTAGCATTTACACACCTTTGGCCAACATTTCTTCTGAGTATCCAATGCAAAGATCCATGCCAGTGGTGCCATCTTTTGTAGCCAGCAACAGA	94443081	94408553	34528	94408716	34365	94410832	32249	94410956	32125	94403368	39713	94415948	27133	94443251	34698	34535	32419	32295	39883	27303
ENSMUST00000232395	CATACCTTCCTTTTCAAGGATTTGGCATCACCCAGCGACCAGCGTACATTAACATGGTACCTAGCCTGTCGCAGTTCACTAGCATTTACACACCTTTGGCCAACATTTCTTCTGAGTATCCAATGCAAAGATCCATGCCAGTGGTGCCATCTTTTGTAGCCAGCAACAGA	94443081	94410832	32249	94410956	32125	94412059	31022	94412123	30958	94403368	39713	94415948	27133	94443251	32419	32295	31192	31128	39883	27303
ENSMUST00000232395	CATACCTTCCTTTTCAAGGATTTGGCATCACCCAGCGACCAGCGTACATTAACATGGTACCTAGCCTGTCGCAGTTCACTAGCATTTACACACCTTTGGCCAACATTTCTTCTGAGTATCCAATGCAAAGATCCATGCCAGTGGTGCCATCTTTTGTAGCCAGCAACAGA	94443081	94412059	31022	94412123	30958	94415948	27133	94416009	27072	94410956	32125	94416281	26800	94443251	31192	31128	27303	27242	32295	26970
ENSMUST00000232395	CATACCTTCCTTTTCAAGGATTTGGCATCACCCAGCGACCAGCGTACATTAACATGGTACCTAGCCTGTCGCAGTTCACTAGCATTTACACACCTTTGGCCAACATTTCTTCTGAGTATCCAATGCAAAGATCCATGCCAGTGGTGCCATCTTTTGTAGCCAGCAACAGA	94443081	94415948	27133	94416009	27072	94416281	26800	94416366	26715	94403368	39713	94418606	24475	94443251	27303	27242	26970	26885	39883	24645
ENSMUST00000232395	CATACCTTCCTTTTCAAGGATTTGGCATCACCCAGCGACCAGCGTACATTAACATGGTACCTAGCCTGTCGCAGTTCACTAGCATTTACACACCTTTGGCCAACATTTCTTCTGAGTATCCAATGCAAAGATCCATGCCAGTGGTGCCATCTTTTGTAGCCAGCAACAGA	94443081	94415948	27133	94416009	27072	94416281	26800	94416366	26715	94412123	30958	94418606	24475	94443251	27303	27242	26970	26885	31128	24645
ENSMUST00000232395	CATACCTTCCTTTTCAAGGATTTGGCATCACCCAGCGACCAGCGTACATTAACATGGTACCTAGCCTGTCGCAGTTCACTAGCATTTACACACCTTTGGCCAACATTTCTTCTGAGTATCCAATGCAAAGATCCATGCCAGTGGTGCCATCTTTTGTAGCCAGCAACAGA	94443081	94416281	26800	94416366	26715	94418606	24475	94418741	24340	94416009	27072	94419397	23684	94443251	26970	26885	24645	24510	27242	23854
ENSMUST00000232395	CATACCTTCCTTTTCAAGGATTTGGCATCACCCAGCGACCAGCGTACATTAACATGGTACCTAGCCTGTCGCAGTTCACTAGCATTTACACACCTTTGGCCAACATTTCTTCTGAGTATCCAATGCAAAGATCCATGCCAGTGGTGCCATCTTTTGTAGCCAGCAACAGA	94443081	94425086	17995	94425188	17893	94426150	16931	94426243	16838	94424187	18894	94426765	16316	94443251	18165	18063	17101	17008	19064	16486
ENSMUST00000232395	CATACCTTCCTTTTCAAGGATTTGGCATCACCCAGCGACCAGCGTACATTAACATGGTACCTAGCCTGTCGCAGTTCACTAGCATTTACACACCTTTGGCCAACATTTCTTCTGAGTATCCAATGCAAAGATCCATGCCAGTGGTGCCATCTTTTGTAGCCAGCAACAGA	94443081	94385335	57746	94385423	57658	94387336	55745	94387390	55691	94384934	58147	94388264	54817	94443251	57916	57828	55915	55861	58317	54987
ENSMUST00000232395	CATACCTTCCTTTTCAAGGATTTGGCATCACCCAGCGACCAGCGTACATTAACATGGTACCTAGCCTGTCGCAGTTCACTAGCATTTACACACCTTTGGCCAACATTTCTTCTGAGTATCCAATGCAAAGATCCATGCCAGTGGTGCCATCTTTTGTAGCCAGCAACAGA	94443081	94390201	52880	94390287	52794	94392014	51067	94392109	50972	94388385	54696	94393111	49970	94443251	53050	52964	51237	51142	54866	50140
ENSMUST00000232395	CATACCTTCCTTTTCAAGGATTTGGCATCACCCAGCGACCAGCGTACATTAACATGGTACCTAGCCTGTCGCAGTTCACTAGCATTTACACACCTTTGGCCAACATTTCTTCTGAGTATCCAATGCAAAGATCCATGCCAGTGGTGCCATCTTTTGTAGCCAGCAACAGA	94443081	94408553	34528	94408716	34365	94409683	33398	94409729	33352	94403368	39713	94410832	32249	94443251	34698	34535	33568	33522	39883	32419
ENSMUST00000232395	CATACCTTCCTTTTCAAGGATTTGGCATCACCCAGCGACCAGCGTACATTAACATGGTACCTAGCCTGTCGCAGTTCACTAGCATTTACACACCTTTGGCCAACATTTCTTCTGAGTATCCAATGCAAAGATCCATGCCAGTGGTGCCATCTTTTGTAGCCAGCAACAGA	94443081	94408553	34528	94408716	34365	94412059	31022	94412123	30958	94403368	39713	94415948	27133	94443251	34698	34535	31192	31128	39883	27303
ENSMUST00000232395	CATACCTTCCTTTTCAAGGATTTGGCATCACCCAGCGACCAGCGTACATTAACATGGTACCTAGCCTGTCGCAGTTCACTAGCATTTACACACCTTTGGCCAACATTTCTTCTGAGTATCCAATGCAAAGATCCATGCCAGTGGTGCCATCTTTTGTAGCCAGCAACAGA	94443081	94408553	34528	94408716	34365	94410832	32249	94410956	32125	94403368	39713	94415948	27133	94443251	34698	34535	32419	32295	39883	27303
ENSMUST00000232395	CATACCTTCCTTTTCAAGGATTTGGCATCACCCAGCGACCAGCGTACATTAACATGGTACCTAGCCTGTCGCAGTTCACTAGCATTTACACACCTTTGGCCAACATTTCTTCTGAGTATCCAATGCAAAGATCCATGCCAGTGGTGCCATCTTTTGTAGCCAGCAACAGA	94443081	94410832	32249	94410956	32125	94412059	31022	94412123	30958	94403368	39713	94415948	27133	94443251	32419	32295	31192	31128	39883	27303
ENSMUST00000232395	CATACCTTCCTTTTCAAGGATTTGGCATCACCCAGCGACCAGCGTACATTAACATGGTACCTAGCCTGTCGCAGTTCACTAGCATTTACACACCTTTGGCCAACATTTCTTCTGAGTATCCAATGCAAAGATCCATGCCAGTGGTGCCATCTTTTGTAGCCAGCAACAGA	94443081	94412059	31022	94412123	30958	94415948	27133	94416009	27072	94410956	32125	94416281	26800	94443251	31192	31128	27303	27242	32295	26970
ENSMUST00000232395	CATACCTTCCTTTTCAAGGATTTGGCATCACCCAGCGACCAGCGTACATTAACATGGTACCTAGCCTGTCGCAGTTCACTAGCATTTACACACCTTTGGCCAACATTTCTTCTGAGTATCCAATGCAAAGATCCATGCCAGTGGTGCCATCTTTTGTAGCCAGCAACAGA	94443081	94415948	27133	94416009	27072	94416281	26800	94416366	26715	94403368	39713	94418606	24475	94443251	27303	27242	26970	26885	39883	24645
ENSMUST00000232395	CATACCTTCCTTTTCAAGGATTTGGCATCACCCAGCGACCAGCGTACATTAACATGGTACCTAGCCTGTCGCAGTTCACTAGCATTTACACACCTTTGGCCAACATTTCTTCTGAGTATCCAATGCAAAGATCCATGCCAGTGGTGCCATCTTTTGTAGCCAGCAACAGA	94443081	94415948	27133	94416009	27072	94416281	26800	94416366	26715	94412123	30958	94418606	24475	94443251	27303	27242	26970	26885	31128	24645
ENSMUST00000232395	CATACCTTCCTTTTCAAGGATTTGGCATCACCCAGCGACCAGCGTACATTAACATGGTACCTAGCCTGTCGCAGTTCACTAGCATTTACACACCTTTGGCCAACATTTCTTCTGAGTATCCAATGCAAAGATCCATGCCAGTGGTGCCATCTTTTGTAGCCAGCAACAGA	94443081	94416281	26800	94416366	26715	94418606	24475	94418741	24340	94416009	27072	94419397	23684	94443251	26970	26885	24645	24510	27242	23854
ENSMUST00000232395	CATACCTTCCTTTTCAAGGATTTGGCATCACCCAGCGACCAGCGTACATTAACATGGTACCTAGCCTGTCGCAGTTCACTAGCATTTACACACCTTTGGCCAACATTTCTTCTGAGTATCCAATGCAAAGATCCATGCCAGTGGTGCCATCTTTTGTAGCCAGCAACAGA	94443081	94425086	17995	94425188	17893	94426150	16931	94426243	16838	94424187	18894	94426765	16316	94443251	18165	18063	17101	17008	19064	16486
ENSMUST00000232395	CATACCTTCCTTTTCAAGGATTTGGCATCACCCAGCGACCAGCGTACATTAACATGGTACCTAGCCTGTCGCAGTTCACTAGCATTTACACACCTTTGGCCAACATTTCTTCTGAGTATCCAATGCAAAGATCCATGCCAGTGGTGCCATCTTTTGTAGCCAGCAACAGA	94443081	94385335	57746	94385423	57658	94387336	55745	94387390	55691	94384934	58147	94388264	54817	94443251	57916	57828	55915	55861	58317	54987
ENSMUST00000232395	CATACCTTCCTTTTCAAGGATTTGGCATCACCCAGCGACCAGCGTACATTAACATGGTACCTAGCCTGTCGCAGTTCACTAGCATTTACACACCTTTGGCCAACATTTCTTCTGAGTATCCAATGCAAAGATCCATGCCAGTGGTGCCATCTTTTGTAGCCAGCAACAGA	94443081	94390201	52880	94390287	52794	94392014	51067	94392109	50972	94388385	54696	94393111	49970	94443251	53050	52964	51237	51142	54866	50140
ENSMUST00000232395	CATACCTTCCTTTTCAAGGATTTGGCATCACCCAGCGACCAGCGTACATTAACATGGTACCTAGCCTGTCGCAGTTCACTAGCATTTACACACCTTTGGCCAACATTTCTTCTGAGTATCCAATGCAAAGATCCATGCCAGTGGTGCCATCTTTTGTAGCCAGCAACAGA	94443081	94408553	34528	94408716	34365	94409683	33398	94409729	33352	94403368	39713	94410832	32249	94443251	34698	34535	33568	33522	39883	32419
ENSMUST00000232395	CATACCTTCCTTTTCAAGGATTTGGCATCACCCAGCGACCAGCGTACATTAACATGGTACCTAGCCTGTCGCAGTTCACTAGCATTTACACACCTTTGGCCAACATTTCTTCTGAGTATCCAATGCAAAGATCCATGCCAGTGGTGCCATCTTTTGTAGCCAGCAACAGA	94443081	94408553	34528	94408716	34365	94412059	31022	94412123	30958	94403368	39713	94415948	27133	94443251	34698	34535	31192	31128	39883	27303
ENSMUST00000232395	CATACCTTCCTTTTCAAGGATTTGGCATCACCCAGCGACCAGCGTACATTAACATGGTACCTAGCCTGTCGCAGTTCACTAGCATTTACACACCTTTGGCCAACATTTCTTCTGAGTATCCAATGCAAAGATCCATGCCAGTGGTGCCATCTTTTGTAGCCAGCAACAGA	94443081	94408553	34528	94408716	34365	94410832	32249	94410956	32125	94403368	39713	94415948	27133	94443251	34698	34535	32419	32295	39883	27303
ENSMUST00000232395	CATACCTTCCTTTTCAAGGATTTGGCATCACCCAGCGACCAGCGTACATTAACATGGTACCTAGCCTGTCGCAGTTCACTAGCATTTACACACCTTTGGCCAACATTTCTTCTGAGTATCCAATGCAAAGATCCATGCCAGTGGTGCCATCTTTTGTAGCCAGCAACAGA	94443081	94410832	32249	94410956	32125	94412059	31022	94412123	30958	94403368	39713	94415948	27133	94443251	32419	32295	31192	31128	39883	27303
ENSMUST00000232395	CATACCTTCCTTTTCAAGGATTTGGCATCACCCAGCGACCAGCGTACATTAACATGGTACCTAGCCTGTCGCAGTTCACTAGCATTTACACACCTTTGGCCAACATTTCTTCTGAGTATCCAATGCAAAGATCCATGCCAGTGGTGCCATCTTTTGTAGCCAGCAACAGA	94443081	94412059	31022	94412123	30958	94415948	27133	94416009	27072	94410956	32125	94416281	26800	94443251	31192	31128	27303	27242	32295	26970
ENSMUST00000232395	CATACCTTCCTTTTCAAGGATTTGGCATCACCCAGCGACCAGCGTACATTAACATGGTACCTAGCCTGTCGCAGTTCACTAGCATTTACACACCTTTGGCCAACATTTCTTCTGAGTATCCAATGCAAAGATCCATGCCAGTGGTGCCATCTTTTGTAGCCAGCAACAGA	94443081	94415948	27133	94416009	27072	94416281	26800	94416366	26715	94403368	39713	94418606	24475	94443251	27303	27242	26970	26885	39883	24645
ENSMUST00000232395	CATACCTTCCTTTTCAAGGATTTGGCATCACCCAGCGACCAGCGTACATTAACATGGTACCTAGCCTGTCGCAGTTCACTAGCATTTACACACCTTTGGCCAACATTTCTTCTGAGTATCCAATGCAAAGATCCATGCCAGTGGTGCCATCTTTTGTAGCCAGCAACAGA	94443081	94415948	27133	94416009	27072	94416281	26800	94416366	26715	94412123	30958	94418606	24475	94443251	27303	27242	26970	26885	31128	24645
ENSMUST00000232395	CATACCTTCCTTTTCAAGGATTTGGCATCACCCAGCGACCAGCGTACATTAACATGGTACCTAGCCTGTCGCAGTTCACTAGCATTTACACACCTTTGGCCAACATTTCTTCTGAGTATCCAATGCAAAGATCCATGCCAGTGGTGCCATCTTTTGTAGCCAGCAACAGA	94443081	94416281	26800	94416366	26715	94418606	24475	94418741	24340	94416009	27072	94419397	23684	94443251	26970	26885	24645	24510	27242	23854
ENSMUST00000232395	CATACCTTCCTTTTCAAGGATTTGGCATCACCCAGCGACCAGCGTACATTAACATGGTACCTAGCCTGTCGCAGTTCACTAGCATTTACACACCTTTGGCCAACATTTCTTCTGAGTATCCAATGCAAAGATCCATGCCAGTGGTGCCATCTTTTGTAGCCAGCAACAGA	94443081	94425086	17995	94425188	17893	94426150	16931	94426243	16838	94424187	18894	94426765	16316	94443251	18165	18063	17101	17008	19064	16486
ENSMUST00000160518	AGACTAATACCCACCGGAGCTCCAGGGAACAATGAGCAGTACAACATGGGGATGGTCGGGACACATGGGCTGGAAACTTCGCATGCGGACACCTTTGGCGGCAGCATTTCAAGAGAAGGAACCTTGATGATCAGAGAGACGGCTGAAGAGAAGAAGCGATCTGGCCACAGTGACAGTAA	28638401	28493966	144435	28494023	144378	28505752	132649	28505878	132523	28359056	279345	28532887	105514	28646660	152694	152637	140908	140782	287604	113773
ENSMUST00000160518	AGACTAATACCCACCGGAGCTCCAGGGAACAATGAGCAGTACAACATGGGGATGGTCGGGACACATGGGCTGGAAACTTCGCATGCGGACACCTTTGGCGGCAGCATTTCAAGAGAAGGAACCTTGATGATCAGAGAGACGGCTGAAGAGAAGAAGCGATCTGGCCACAGTGACAGTAA	28638401	28604175	34226	28604340	34061	28607137	31264	28607377	31024	28596260	42141	28611862	26539	28646660	42485	42320	39523	39283	50400	34798
ENSMUST00000110082	AAGGATGGTGGTGGTCCTTCTGTTACCGAAGTCACCCTTCACTGTGGCTGTTTGACAAAGAGTTGTACTTGGACGTTGTGTAAATCTTGAGATAAACTGTTTTGGAGATTTAACCACCTCTCTGACGGGGGACCAACTCTATGGAAATTGTAAATAAGTTTTATTTATAAACCTGGCACTGTA	100209605	100203574	6031	100203718	5887	100205612	3993	100205719	3886	100202423	7182	100206097	3508	100209788	6214	6070	4176	4069	7365	3691
ENSMUST00000063091	CAATTCTGTAGCCAGCTGCCCCAGAGCAGCGAGAACCGTCCAGGATCAGATTGCATGTGACTCTGAAGCTGAACTTCCACGGCCCTCATTAATGACACTTGTCCCCCAGTCCGAACCTCCTCTGTGAACCATCTGAGACAGAAGCGTGTTATTTCTCAGACTTGGAAATGCATTGTATCGATGTT	39564043	39526780	37263	39526930	37113	39529436	34607	39529601	34442	39525504	38539	39532015	32028	39564228	37448	37298	34792	34627	38724	32213
ENSMUST00000063091	CAATTCTGTAGCCAGCTGCCCCAGAGCAGCGAGAACCGTCCAGGATCAGATTGCATGTGACTCTGAAGCTGAACTTCCACGGCCCTCATTAATGACACTTGTCCCCCAGTCCGAACCTCCTCTGTGAACCATCTGAGACAGAAGCGTGTTATTTCTCAGACTTGGAAATGCATTGTATCGATGTT	39564043	39529436	34607	39529601	34442	39529918	34125	39530074	33969	39526930	37113	39532015	32028	39564228	34792	34627	34310	34154	37298	32213
ENSMUST00000129241	AGTGAAGAGATCGAGAGTGCTTTCCGGGCCCTCAGCTCTGAGGGCAAGCCTTATGTGACCAAGGAGGAGCTCTACCAGAACCTGACCCGGGAACAAGCTGACTATTGTGTCTCCCACATGAAGCCCTATGTGGATGGCAAGGGCCGAGAACTTCCAACTGCCTTCGACTACGTCGAGTTCACCCGCTCACT	30030800	30014157	16643	30014172	16628	30015588	15212	30015720	15080	30013838	16962	30015933	14867	30031140	16983	16968	15552	15420	17302	15207
ENSMUST00000087871	AACCTGAAGGAGGCCATTGAAACCATTGTGGCCGCCATGAGCAACCTGGTGCCCCCTGTGGAGCTGGCCAACCCTGAGAACCAGTTCAGAGTGGACTACATTCTGAGCGTGATGAACGTGCCGAACTTTGACTTCCCACCTGAATTCTATGAGCATGCCAAGGCTCTGTGGGAGGATGAGGGAGTGCGTGCCTG	174341691	174334211	7480	174334284	7407	174343199	-1508	174343297	-1606	174330434	11257	174345074	-3383	174343259	9048	8975	60	-38	12825	-1815
ENSMUST00000107935	ATGTGCAGCTTGGGACGTCTGACAAGGTGGCAAGGCTGCTGGACAAGGGGCTGGACCCCAACTACCACGACTCAGATTCAGGAGAGACACCTTTGACCCTGGCGGCCCAGACTGAAGGCTCAGTAGAGGTGATTCGGACGCTGTGCCTGGGCGGGGCGCATATAGACTTCAGGGCCCGGGATGGCATGACAGCGCT	44316061	44316343	-282	44316495	-434	44319076	-3015	44319244	-3183	44316141	-80	44319642	-3581	44316460	117	-35	-2616	-2784	319	-3182
ENSMUST00000107935	ATGTGCAGCTTGGGACGTCTGACAAGGTGGCAAGGCTGCTGGACAAGGGGCTGGACCCCAACTACCACGACTCAGATTCAGGAGAGACACCTTTGACCCTGGCGGCCCAGACTGAAGGCTCAGTAGAGGTGATTCGGACGCTGTGCCTGGGCGGGGCGCATATAGACTTCAGGGCCCGGGATGGCATGACAGCGCT	44316061	44343657	-27596	44343738	-27677	44344297	-28236	44344321	-28260	44343180	-27119	44344505	-28444	44316460	-27197	-27278	-27837	-27861	-26720	-28045
ENSMUST00000107935	ATGTGCAGCTTGGGACGTCTGACAAGGTGGCAAGGCTGCTGGACAAGGGGCTGGACCCCAACTACCACGACTCAGATTCAGGAGAGACACCTTTGACCCTGGCGGCCCAGACTGAAGGCTCAGTAGAGGTGATTCGGACGCTGTGCCTGGGCGGGGCGCATATAGACTTCAGGGCCCGGGATGGCATGACAGCGCT	44316061	44316343	-282	44316495	-434	44319076	-3015	44319244	-3183	44316141	-80	44319642	-3581	44316460	117	-35	-2616	-2784	319	-3182
ENSMUST00000107935	ATGTGCAGCTTGGGACGTCTGACAAGGTGGCAAGGCTGCTGGACAAGGGGCTGGACCCCAACTACCACGACTCAGATTCAGGAGAGACACCTTTGACCCTGGCGGCCCAGACTGAAGGCTCAGTAGAGGTGATTCGGACGCTGTGCCTGGGCGGGGCGCATATAGACTTCAGGGCCCGGGATGGCATGACAGCGCT	44316061	44343657	-27596	44343738	-27677	44344297	-28236	44344321	-28260	44343180	-27119	44344505	-28444	44316460	-27197	-27278	-27837	-27861	-26720	-28045
ENSMUST00000080210	AAGACTAATGAATGCAAAGAGACTAATTTGGGGGCTGTTTCTTATATATGGTACTAGGAAATGCCTTGTTGGCAAAGCACACCTTGGGTAGTTGAGATCTCCTGTGTTCGTCTTTAGCTTTCCTTGTGATGTAGACTCATGACTGTAACATTTCATGTGTAAAATAACTGGATATTCTTCATATGATGGAAATAACC	102790513	102748468	42045	102748595	41918	102755906	34607	102756140	34373	102743973	46540	102761014	29499	102790710	42242	42115	34804	34570	46737	29696
ENSMUST00000095737	ATAAAGGTCAATAAAGATGGAGGAAGTACCGAGAGGGCCAATCCCTCGGACACCCTGGACATTGAGGCCCTTCTAAATTGCTCCATAAAACGTCTCTCTGAAAACAATGGGAATGGCAAGAACCCACCCAGAACTCATGACTTAGGAACCAAAGGTGAAAATAAGAAAAATACGTACGACGTTACTAAAGATCCACA	53141277	53025720	115557	53025841	115436	53069106	72171	53069253	72024	53010622	130655	53072289	68988	53141474	115754	115633	72368	72221	130852	69185
ENSMUST00000095737	ATAAAGGTCAATAAAGATGGAGGAAGTACCGAGAGGGCCAATCCCTCGGACACCCTGGACATTGAGGCCCTTCTAAATTGCTCCATAAAACGTCTCTCTGAAAACAATGGGAATGGCAAGAACCCACCCAGAACTCATGACTTAGGAACCAAAGGTGAAAATAAGAAAAATACGTACGACGTTACTAAAGATCCACA	53141277	53104514	36763	53104730	36547	53139380	1897	53142768	-1491	53072511	68766	53147810	-6533	53141474	36960	36744	2094	-1294	68963	-6336
ENSMUST00000026292	CGGGAACGGGGCAGTAAGCAGGCCTGCAGCCCATGCTCCTCACAGTCCTCCAGCAGTGGCATCTGTACAGACTTCTGGGACTTATTGGTAAAACTGGACAACATGAATGTTAGCCGAAAAGGCAAGAACTCCGTGAAGTCAGTACCAGTGAGCTCTGGTGGTGAAGGGGAAACTTCCCCACACAGCCTTGAAGCCTCT	151919699	151806719	112980	151806860	112839	151835223	84476	151835292	84407	151803569	116130	151840055	79644	151919897	113178	113037	84674	84605	116328	79842
ENSMUST00000110082	AAGGATGGGAATGGTTACATCAGTGCGGCAGAACTGCGCCACGTCATGACAAACTTAGGAGAAAAGCTAACAGATGAAGAAGTAGATGAAATGATCAGAGAAGCAGATATTGATGGCGACGGACAAGTCAACTATGAAGAATTCGTACAGATGATGACTGCAAAATGAAGACCTACTTTCAACTACTTTTCCCCCTCTA	100206099	100203574	2525	100203718	2381	100205612	487	100205719	380	100202423	3676	100206097	2	100206465	2891	2747	853	746	4042	368
ENSMUST00000110082	AAGGATGGGAATGGTTACATCAGTGCGGCAGAACTGCGCCACGTCATGACAAACTTAGGAGAAAAGCTAACAGATGAAGAAGTAGATGAAATGATCAGAGAAGCAGATATTGATGGCGACGGACAAGTCAACTATGAAGAATTCGTACAGATGATGACTGCAAAATGAAGACCTACTTTCAACTACTTTTCCCCCTCTA	100206099	100203574	2525	100203718	2381	100205612	487	100205719	380	100202423	3676	100206097	2	100206465	2891	2747	853	746	4042	368
ENSMUST00000079362	CAACTAAGTCCTCCGGTTCTGGGAAAATGTCATATACATCCCCAGGTAGACAGCTGAGCCAACAAAATCTTACCAAACAAGCAAGTTTATCCAAGAATGCCAGCAGTATCCCCAGAAGTGAGTCGGCATCTAAAGGACTGAATCAGATGAGTAACGGCAATGGGTCAAATAAAAAGGTAGAACTTTCTAGAATGTCTTC	34317131	34279268	37863	34279352	37779	34289837	27294	34289942	27189	34276677	40454	34296030	21101	34317330	38062	37978	27493	27388	40653	21300
ENSMUST00000079362	CAACTAAGTCCTCCGGTTCTGGGAAAATGTCATATACATCCCCAGGTAGACAGCTGAGCCAACAAAATCTTACCAAACAAGCAAGTTTATCCAAGAATGCCAGCAGTATCCCCAGAAGTGAGTCGGCATCTAAAGGACTGAATCAGATGAGTAACGGCAATGGGTCAAATAAAAAGGTAGAACTTTCTAGAATGTCTTC	34317131	34282006	35125	34282009	35122	34289837	27294	34289942	27189	34279352	37779	34296030	21101	34317330	35324	35321	27493	27388	37978	21300
ENSMUST00000079362	CAACTAAGTCCTCCGGTTCTGGGAAAATGTCATATACATCCCCAGGTAGACAGCTGAGCCAACAAAATCTTACCAAACAAGCAAGTTTATCCAAGAATGCCAGCAGTATCCCCAGAAGTGAGTCGGCATCTAAAGGACTGAATCAGATGAGTAACGGCAATGGGTCAAATAAAAAGGTAGAACTTTCTAGAATGTCTTC	34317131	34289837	27294	34289942	27189	34296030	21101	34296129	21002	34279352	37779	34298422	18709	34317330	27493	27388	21300	21201	37978	18908
ENSMUST00000110082	CATTGCATTGGAGTGACTGAACAACAAGGCTGTCACCAAATCCCACACATTTTATTAAGAAATGTTTCCTAAGGGAGCATTTTTGGACTGTGTTTTAAAACCTAGTGAACCATGACTCGGAGCCAGCAGAGTAGGCTGTGTCTGTGGACTTGAGCACACCATCAACATTGCTGTTCAGGAAATGATAATTTACGTCCATTCC	100207059	100203574	3485	100203718	3341	100205612	1447	100205719	1340	100202423	4636	100206097	962	100207261	3687	3543	1649	1542	4838	1164
ENSMUST00000081728	CAGCCAGCGAGTACACCATGCACCTGGGCCTCAAGTCCACTGGCAACTATGTCGACTTCTACTCTGCAGCCCGTCCTTACAGTGAACTGAACTATGAAACGAGCCACTACCCGGCCTCGCCCGACTCCTGGGTGTAAGGAGCCAGGACACGAGGCACTCCGGGGACAGTGCATGTGCATGCATACACCACAGGACATTTTGTT	31027558	30332009	695549	30332146	695412	30480781	546777	30480894	546664	30173163	854395	30619221	408337	31027761	695752	695615	546980	546867	854598	408540
ENSMUST00000081728	CAGCCAGCGAGTACACCATGCACCTGGGCCTCAAGTCCACTGGCAACTATGTCGACTTCTACTCTGCAGCCCGTCCTTACAGTGAACTGAACTATGAAACGAGCCACTACCCGGCCTCGCCCGACTCCTGGGTGTAAGGAGCCAGGACACGAGGCACTCCGGGGACAGTGCATGTGCATGCATACACCACAGGACATTTTGTT	31027558	30480781	546777	30480894	546664	30619221	408337	30619253	408305	30332146	695412	30619822	407736	31027761	546980	546867	408540	408508	695615	407939
ENSMUST00000081728	CAGCCAGCGAGTACACCATGCACCTGGGCCTCAAGTCCACTGGCAACTATGTCGACTTCTACTCTGCAGCCCGTCCTTACAGTGAACTGAACTATGAAACGAGCCACTACCCGGCCTCGCCCGACTCCTGGGTGTAAGGAGCCAGGACACGAGGCACTCCGGGGACAGTGCATGTGCATGCATACACCACAGGACATTTTGTT	31027558	30905659	121899	30905833	121725	30920711	106847	30920786	106772	30887279	140279	30921854	105704	31027761	122102	121928	107050	106975	140482	105907
ENSMUST00000238468	CTACCATGGAGTGACACTGGATATAGAAACTACCGTTAACAGCAGACTCCATGGCTCAGACTTCCAATACAATATGAACTCAGTTGCAATTTTTTGCAAGGTTTTTCGACTCATAGTTCTTTGTCTGGGTACTTTTTCACCCTACAGAGAATTTCTGTATATATTATCGTTTCTGATTCTAGTGTTTTGAATTTTCGCTGGGTCT	109661023	109606213	54810	109606341	54682	109617210	43813	109617349	43674	109604066	56957	109620312	40711	109661228	55015	54887	44018	43879	57162	40916
ENSMUST00000238468	CTACCATGGAGTGACACTGGATATAGAAACTACCGTTAACAGCAGACTCCATGGCTCAGACTTCCAATACAATATGAACTCAGTTGCAATTTTTTGCAAGGTTTTTCGACTCATAGTTCTTTGTCTGGGTACTTTTTCACCCTACAGAGAATTTCTGTATATATTATCGTTTCTGATTCTAGTGTTTTGAATTTTCGCTGGGTCT	109661023	109637838	23185	109637926	23097	109640266	20757	109640328	20695	109627153	33870	109643413	17610	109661228	23390	23302	20962	20900	34075	17815
ENSMUST00000238468	CTACCATGGAGTGACACTGGATATAGAAACTACCGTTAACAGCAGACTCCATGGCTCAGACTTCCAATACAATATGAACTCAGTTGCAATTTTTTGCAAGGTTTTTCGACTCATAGTTCTTTGTCTGGGTACTTTTTCACCCTACAGAGAATTTCTGTATATATTATCGTTTCTGATTCTAGTGTTTTGAATTTTCGCTGGGTCT	109661023	109637838	23185	109637926	23097	109640266	20757	109640328	20695	109635457	25566	109642564	18459	109661228	23390	23302	20962	20900	25771	18664
ENSMUST00000238468	CTACCATGGAGTGACACTGGATATAGAAACTACCGTTAACAGCAGACTCCATGGCTCAGACTTCCAATACAATATGAACTCAGTTGCAATTTTTTGCAAGGTTTTTCGACTCATAGTTCTTTGTCTGGGTACTTTTTCACCCTACAGAGAATTTCTGTATATATTATCGTTTCTGATTCTAGTGTTTTGAATTTTCGCTGGGTCT	109661023	109640266	20757	109640328	20695	109643413	17610	109643461	17562	109627153	33870	109645261	15762	109661228	20962	20900	17815	17767	34075	15967
ENSMUST00000238468	CTACCATGGAGTGACACTGGATATAGAAACTACCGTTAACAGCAGACTCCATGGCTCAGACTTCCAATACAATATGAACTCAGTTGCAATTTTTTGCAAGGTTTTTCGACTCATAGTTCTTTGTCTGGGTACTTTTTCACCCTACAGAGAATTTCTGTATATATTATCGTTTCTGATTCTAGTGTTTTGAATTTTCGCTGGGTCT	109661023	109640266	20757	109640328	20695	109643413	17610	109643461	17562	109637926	23097	109645261	15762	109661228	20962	20900	17815	17767	23302	15967
ENSMUST00000238468	CTACCATGGAGTGACACTGGATATAGAAACTACCGTTAACAGCAGACTCCATGGCTCAGACTTCCAATACAATATGAACTCAGTTGCAATTTTTTGCAAGGTTTTTCGACTCATAGTTCTTTGTCTGGGTACTTTTTCACCCTACAGAGAATTTCTGTATATATTATCGTTTCTGATTCTAGTGTTTTGAATTTTCGCTGGGTCT	109661023	109642564	18459	109642652	18371	109643413	17610	109643461	17562	109640328	20695	109645261	15762	109661228	18664	18576	17815	17767	20900	15967
ENSMUST00000238468	CTACCATGGAGTGACACTGGATATAGAAACTACCGTTAACAGCAGACTCCATGGCTCAGACTTCCAATACAATATGAACTCAGTTGCAATTTTTTGCAAGGTTTTTCGACTCATAGTTCTTTGTCTGGGTACTTTTTCACCCTACAGAGAATTTCTGTATATATTATCGTTTCTGATTCTAGTGTTTTGAATTTTCGCTGGGTCT	109661023	109650840	10183	109651099	9924	109651858	9165	109651938	9085	109650157	10866	109654285	6738	109661228	10388	10129	9370	9290	11071	6943
ENSMUST00000238468	CTACCATGGAGTGACACTGGATATAGAAACTACCGTTAACAGCAGACTCCATGGCTCAGACTTCCAATACAATATGAACTCAGTTGCAATTTTTTGCAAGGTTTTTCGACTCATAGTTCTTTGTCTGGGTACTTTTTCACCCTACAGAGAATTTCTGTATATATTATCGTTTCTGATTCTAGTGTTTTGAATTTTCGCTGGGTCT	109661023	109651012	10011	109651099	9924	109651858	9165	109651938	9085	109650157	10866	109654285	6738	109661228	10216	10129	9370	9290	11071	6943
ENSMUST00000238468	CTACCATGGAGTGACACTGGATATAGAAACTACCGTTAACAGCAGACTCCATGGCTCAGACTTCCAATACAATATGAACTCAGTTGCAATTTTTTGCAAGGTTTTTCGACTCATAGTTCTTTGTCTGGGTACTTTTTCACCCTACAGAGAATTTCTGTATATATTATCGTTTCTGATTCTAGTGTTTTGAATTTTCGCTGGGTCT	109661023	109655848	5175	109655934	5089	109656787	4236	109656831	4192	109654432	6591	109658052	2971	109661228	5380	5294	4441	4397	6796	3176
ENSMUST00000238468	CTACCATGGAGTGACACTGGATATAGAAACTACCGTTAACAGCAGACTCCATGGCTCAGACTTCCAATACAATATGAACTCAGTTGCAATTTTTTGCAAGGTTTTTCGACTCATAGTTCTTTGTCTGGGTACTTTTTCACCCTACAGAGAATTTCTGTATATATTATCGTTTCTGATTCTAGTGTTTTGAATTTTCGCTGGGTCT	109661023	109655848	5175	109655934	5089	109656787	4236	109656840	4183	109654432	6591	109658052	2971	109661228	5380	5294	4441	4388	6796	3176
ENSMUST00000238468	CTACCATGGAGTGACACTGGATATAGAAACTACCGTTAACAGCAGACTCCATGGCTCAGACTTCCAATACAATATGAACTCAGTTGCAATTTTTTGCAAGGTTTTTCGACTCATAGTTCTTTGTCTGGGTACTTTTTCACCCTACAGAGAATTTCTGTATATATTATCGTTTCTGATTCTAGTGTTTTGAATTTTCGCTGGGTCT	109661023	109656787	4236	109656831	4192	109658052	2971	109658121	2902	109655934	5089	109659722	1301	109661228	4441	4397	3176	3107	5294	1506
ENSMUST00000238468	CTACCATGGAGTGACACTGGATATAGAAACTACCGTTAACAGCAGACTCCATGGCTCAGACTTCCAATACAATATGAACTCAGTTGCAATTTTTTGCAAGGTTTTTCGACTCATAGTTCTTTGTCTGGGTACTTTTTCACCCTACAGAGAATTTCTGTATATATTATCGTTTCTGATTCTAGTGTTTTGAATTTTCGCTGGGTCT	109661023	109656787	4236	109656831	4192	109659722	1301	109659807	1216	109655934	5089	109660745	278	109661228	4441	4397	1506	1421	5294	483
ENSMUST00000238468	CTACCATGGAGTGACACTGGATATAGAAACTACCGTTAACAGCAGACTCCATGGCTCAGACTTCCAATACAATATGAACTCAGTTGCAATTTTTTGCAAGGTTTTTCGACTCATAGTTCTTTGTCTGGGTACTTTTTCACCCTACAGAGAATTTCTGTATATATTATCGTTTCTGATTCTAGTGTTTTGAATTTTCGCTGGGTCT	109661023	109656787	4236	109656840	4183	109658052	2971	109658121	2902	109655934	5089	109659722	1301	109661228	4441	4388	3176	3107	5294	1506
ENSMUST00000238468	CTACCATGGAGTGACACTGGATATAGAAACTACCGTTAACAGCAGACTCCATGGCTCAGACTTCCAATACAATATGAACTCAGTTGCAATTTTTTGCAAGGTTTTTCGACTCATAGTTCTTTGTCTGGGTACTTTTTCACCCTACAGAGAATTTCTGTATATATTATCGTTTCTGATTCTAGTGTTTTGAATTTTCGCTGGGTCT	109661023	109658052	2971	109658121	2902	109659722	1301	109659807	1216	109656831	4192	109660745	278	109661228	3176	3107	1506	1421	4397	483
ENSMUST00000238468	CTACCATGGAGTGACACTGGATATAGAAACTACCGTTAACAGCAGACTCCATGGCTCAGACTTCCAATACAATATGAACTCAGTTGCAATTTTTTGCAAGGTTTTTCGACTCATAGTTCTTTGTCTGGGTACTTTTTCACCCTACAGAGAATTTCTGTATATATTATCGTTTCTGATTCTAGTGTTTTGAATTTTCGCTGGGTCT	109661023	109658052	2971	109658121	2902	109659722	1301	109659807	1216	109656840	4183	109660745	278	109661228	3176	3107	1506	1421	4388	483
ENSMUST00000032192	CACTGCAGTTTCTGGACTGTATTTGTGGGAGCACAACCGGAGGCCTTGGTCTTCTTGGACTGTACATAAATGAAAAGAATGTAGCACTTATCAACCAAACCCTGGAGAGTCTGACGGAGTACTGTCAAGGGCCTTGCCATGAGAACCAGAACTGCATCGCCACCCACGAGTCCAATGGCATCGATATCATCACAGCCCTCATCCTCAAT	108481321	108236977	244344	108237085	244236	108241263	240058	108241334	239987	108214278	267043	108339506	141815	108483004	246027	245919	241741	241670	268726	143498
ENSMUST00000032192	CACTGCAGTTTCTGGACTGTATTTGTGGGAGCACAACCGGAGGCCTTGGTCTTCTTGGACTGTACATAAATGAAAAGAATGTAGCACTTATCAACCAAACCCTGGAGAGTCTGACGGAGTACTGTCAAGGGCCTTGCCATGAGAACCAGAACTGCATCGCCACCCACGAGTCCAATGGCATCGATATCATCACAGCCCTCATCCTCAAT	108481321	108523287	-41966	108523448	-42127	108541902	-60581	108542064	-60743	108519450	-38129	108549752	-68431	108483004	-40283	-40444	-58898	-59060	-36446	-66748
ENSMUST00000032192	CACTGCAGTTTCTGGACTGTATTTGTGGGAGCACAACCGGAGGCCTTGGTCTTCTTGGACTGTACATAAATGAAAAGAATGTAGCACTTATCAACCAAACCCTGGAGAGTCTGACGGAGTACTGTCAAGGGCCTTGCCATGAGAACCAGAACTGCATCGCCACCCACGAGTCCAATGGCATCGATATCATCACAGCCCTCATCCTCAAT	108481321	108236977	244344	108237085	244236	108241263	240058	108241334	239987	108214278	267043	108339506	141815	108483004	246027	245919	241741	241670	268726	143498
ENSMUST00000032192	CACTGCAGTTTCTGGACTGTATTTGTGGGAGCACAACCGGAGGCCTTGGTCTTCTTGGACTGTACATAAATGAAAAGAATGTAGCACTTATCAACCAAACCCTGGAGAGTCTGACGGAGTACTGTCAAGGGCCTTGCCATGAGAACCAGAACTGCATCGCCACCCACGAGTCCAATGGCATCGATATCATCACAGCCCTCATCCTCAAT	108481321	108523287	-41966	108523448	-42127	108541902	-60581	108542064	-60743	108519450	-38129	108549752	-68431	108483004	-40283	-40444	-58898	-59060	-36446	-66748
ENSMUST00000032192	CACTGCAGTTTCTGGACTGTATTTGTGGGAGCACAACCGGAGGCCTTGGTCTTCTTGGACTGTACATAAATGAAAAGAATGTAGCACTTATCAACCAAACCCTGGAGAGTCTGACGGAGTACTGTCAAGGGCCTTGCCATGAGAACCAGAACTGCATCGCCACCCACGAGTCCAATGGCATCGATATCATCACAGCCCTCATCCTCAAT	108481321	108236977	244344	108237085	244236	108241263	240058	108241334	239987	108214278	267043	108339506	141815	108483004	246027	245919	241741	241670	268726	143498
ENSMUST00000032192	CACTGCAGTTTCTGGACTGTATTTGTGGGAGCACAACCGGAGGCCTTGGTCTTCTTGGACTGTACATAAATGAAAAGAATGTAGCACTTATCAACCAAACCCTGGAGAGTCTGACGGAGTACTGTCAAGGGCCTTGCCATGAGAACCAGAACTGCATCGCCACCCACGAGTCCAATGGCATCGATATCATCACAGCCCTCATCCTCAAT	108481321	108523287	-41966	108523448	-42127	108541902	-60581	108542064	-60743	108519450	-38129	108549752	-68431	108483004	-40283	-40444	-58898	-59060	-36446	-66748
ENSMUST00000095737	CCTGGTACGGCTCTGATGAATACCTAGCGCTGCCATCTCACCTCAAACAAACGGAGGTGTTAGCTCTGAAACTGGAGAACCTAACCAAGCTTCTACCCCAGAAACCCAGAGGAGAGACTATCCAGGATATTGATGACTGGGAACTGTCTGAGATGAATTCAGACTCTGAAATCTATCCAACGTACCATATCAAGAAAAAACACACAAGGCTAGGC	52887588	53025720	-138132	53025841	-138253	53069106	-181518	53069253	-181665	53010622	-123034	53072289	-184701	52887803	-137917	-138038	-181303	-181450	-122819	-184486
ENSMUST00000095737	CCTGGTACGGCTCTGATGAATACCTAGCGCTGCCATCTCACCTCAAACAAACGGAGGTGTTAGCTCTGAAACTGGAGAACCTAACCAAGCTTCTACCCCAGAAACCCAGAGGAGAGACTATCCAGGATATTGATGACTGGGAACTGTCTGAGATGAATTCAGACTCTGAAATCTATCCAACGTACCATATCAAGAAAAAACACACAAGGCTAGGC	52887588	53104514	-216926	53104730	-217142	53139380	-251792	53142768	-255180	53072511	-184923	53147810	-260222	52887803	-216711	-216927	-251577	-254965	-184708	-260007
ENSMUST00000095737	CCTGGTACGGCTCTGATGAATACCTAGCGCTGCCATCTCACCTCAAACAAACGGAGGTGTTAGCTCTGAAACTGGAGAACCTAACCAAGCTTCTACCCCAGAAACCCAGAGGAGAGACTATCCAGGATATTGATGACTGGGAACTGTCTGAGATGAATTCAGACTCTGAAATCTATCCAACGTACCATATCAAGAAAAAACACACAAGGCTAGGC	52887588	53025720	-138132	53025841	-138253	53069106	-181518	53069253	-181665	53010622	-123034	53072289	-184701	52887803	-137917	-138038	-181303	-181450	-122819	-184486
ENSMUST00000095737	CCTGGTACGGCTCTGATGAATACCTAGCGCTGCCATCTCACCTCAAACAAACGGAGGTGTTAGCTCTGAAACTGGAGAACCTAACCAAGCTTCTACCCCAGAAACCCAGAGGAGAGACTATCCAGGATATTGATGACTGGGAACTGTCTGAGATGAATTCAGACTCTGAAATCTATCCAACGTACCATATCAAGAAAAAACACACAAGGCTAGGC	52887588	53104514	-216926	53104730	-217142	53139380	-251792	53142768	-255180	53072511	-184923	53147810	-260222	52887803	-216711	-216927	-251577	-254965	-184708	-260007
ENSMUST00000221675	GGAACTACGTTGACGTGGACCCAACTTTTAACCCAAACATTGATGAGGACTATGACCACCGGCTGGCAGGCATATCTCGGGAGAGCTTCTGTGTGATTTACCTCAGCTGGATAGAGTACTGCTCTTCCCGGAGAGCAAAGCCACTTGATGTAGATAAAGATTCATCTCTGGTGACTCTTTGTTATGGACTCTGTGTTCTGGGACGAAGAGCTTTGGGAACAGCCTCCCACC	81983579	81894982	88597	81895191	88388	81906448	77131	81906554	77025	81860524	123055	81912664	70915	81987905	92923	92714	81457	81351	127381	75241
ENSMUST00000221675	GGAACTACGTTGACGTGGACCCAACTTTTAACCCAAACATTGATGAGGACTATGACCACCGGCTGGCAGGCATATCTCGGGAGAGCTTCTGTGTGATTTACCTCAGCTGGATAGAGTACTGCTCTTCCCGGAGAGCAAAGCCACTTGATGTAGATAAAGATTCATCTCTGGTGACTCTTTGTTATGGACTCTGTGTTCTGGGACGAAGAGCTTTGGGAACAGCCTCCCACC	81983579	81928241	55338	81928374	55205	81933530	50049	81933715	49864	81919380	64199	81946930	36649	81987905	59664	59531	54375	54190	68525	40975
ENSMUST00000110639	GACCCAGTCCCCAAGTCCCCATCACCCCATGCCTGTGGGCCACCCTTCACTGTGGCCTGAAACTGAGGCGCATAGCAGCCTTTCCTCAGACTCTCACCTAGGACCTGTCCGACCAAGTTTGGACTTCCCTGCTTCAGCCTTTGGCTTCTCCTCCTTGCAGCCTGCTCCCCCTCAGCTGCCCTCTCCGGCTGAACCCCGCTCCGCACCCTGTGGCTCTCTTGCCTTCTCTGGGGACC	121305706	121298596	7110	121298679	7027	121298905	6801	121299046	6660	121295542	10164	121299268	6438	121305942	7346	7263	7037	6896	10400	6674
ENSMUST00000005220	ATGTTGAATGAAACCATGAACGAGGCCCCTGAAGAAACTAAGATCGTTATCAAGAAGGGCCTGGAGTTCAAGGACGGGATGAACGTCTTAGGTCTGATCGGATTCTTTATTGCTTTCGGCATTGCCATGGGGAAGATGGGTGAACAGGCCAAGCTGATGGTGGAGTTCTTCAACATTCTGAATGAGATCGTGATGAAGTTAGTGATCATGATCATGTGGTACTCCCCTCTGGGTATC	102743887	102748468	-4581	102748595	-4708	102755906	-12019	102756140	-12253	102743973	-86	102761014	-17127	102755932	7464	7337	26	-208	11959	-5082
ENSMUST00000079362	TTCTATGCATTAAGAGTAAAATTTCCTCTTGCTGTAATAAAGACAATTGAAGAAGATTGTTGACACTTAACCATTCCTAAAATTTATTTTTATGTAATTAGCACCTCTCAATGCTTGGTATTTTTCCACTTTTTTTCTTACTCCTTGGGGGTTTGATTAAAACAAATGCCTATAATAGCACAAGACTAGGCACTGGACATAAGGGCCCACATAGAATATCTCCTTTTCCTTAATAGAATCC	34319520	34279268	40252	34279352	40168	34289837	29683	34289942	29578	34276677	42843	34296030	23490	34319761	40493	40409	29924	29819	43084	23731
ENSMUST00000079362	TTCTATGCATTAAGAGTAAAATTTCCTCTTGCTGTAATAAAGACAATTGAAGAAGATTGTTGACACTTAACCATTCCTAAAATTTATTTTTATGTAATTAGCACCTCTCAATGCTTGGTATTTTTCCACTTTTTTTCTTACTCCTTGGGGGTTTGATTAAAACAAATGCCTATAATAGCACAAGACTAGGCACTGGACATAAGGGCCCACATAGAATATCTCCTTTTCCTTAATAGAATCC	34319520	34282006	37514	34282009	37511	34289837	29683	34289942	29578	34279352	40168	34296030	23490	34319761	37755	37752	29924	29819	40409	23731
ENSMUST00000079362	TTCTATGCATTAAGAGTAAAATTTCCTCTTGCTGTAATAAAGACAATTGAAGAAGATTGTTGACACTTAACCATTCCTAAAATTTATTTTTATGTAATTAGCACCTCTCAATGCTTGGTATTTTTCCACTTTTTTTCTTACTCCTTGGGGGTTTGATTAAAACAAATGCCTATAATAGCACAAGACTAGGCACTGGACATAAGGGCCCACATAGAATATCTCCTTTTCCTTAATAGAATCC	34319520	34289837	29683	34289942	29578	34296030	23490	34296129	23391	34279352	40168	34298422	21098	34319761	29924	29819	23731	23632	40409	21339
ENSMUST00000105616	CCCTCATAGCAGTAGTGGCTTCGCCATTCTGTTTTCTGCAGTGTCCTGTACAAAACTGTGCTGTGACTGTGCGGTAGGCCTGGACATGGCAAAGAGAATACAGCGAAGCCCCTTCTCTTCCTACCAAACAACTCTGTAGAGCTCTCTGCACCCTGTACCCTTTTCACCTTTTGTATTTAATTTTAAAGTCAGTGTACTGCAAGGAGGCTGGATGCAAGATAGATACTATATTAAACTGTACT	155559000	155527412	31588	155527509	31491	155533696	25304	155533735	25265	155491580	67420	155535357	23643	155559242	31830	31733	25546	25507	67662	23885
ENSMUST00000105616	CCCTCATAGCAGTAGTGGCTTCGCCATTCTGTTTTCTGCAGTGTCCTGTACAAAACTGTGCTGTGACTGTGCGGTAGGCCTGGACATGGCAAAGAGAATACAGCGAAGCCCCTTCTCTTCCTACCAAACAACTCTGTAGAGCTCTCTGCACCCTGTACCCTTTTCACCTTTTGTATTTAATTTTAAAGTCAGTGTACTGCAAGGAGGCTGGATGCAAGATAGATACTATATTAAACTGTACT	155559000	155527412	31588	155527509	31491	155533696	25304	155533735	25265	155515679	43321	155535357	23643	155559242	31830	31733	25546	25507	43563	23885
ENSMUST00000105616	CCCTCATAGCAGTAGTGGCTTCGCCATTCTGTTTTCTGCAGTGTCCTGTACAAAACTGTGCTGTGACTGTGCGGTAGGCCTGGACATGGCAAAGAGAATACAGCGAAGCCCCTTCTCTTCCTACCAAACAACTCTGTAGAGCTCTCTGCACCCTGTACCCTTTTCACCTTTTGTATTTAATTTTAAAGTCAGTGTACTGCAAGGAGGCTGGATGCAAGATAGATACTATATTAAACTGTACT	155559000	155533696	25304	155533735	25265	155535357	23643	155535464	23536	155527509	31491	155540555	18445	155559242	25546	25507	23885	23778	31733	18687
ENSMUST00000003710	ATTCCTGATAACTCTCGTTATTCTCAAGATATGCACTGCCTTATTAGGTATATGTTGGAACCAGACCCTGACAAAAGGCCGGATATTTACCAGGTTTCATACTTCTCATTTAAACTACTCAAGAAAGAATGCCCCGTTCCAAATGTACAGAACTCTCCCATTCCTGCAAAACTTCCTGAACCAGTGAAAGCCAGTGAAGCAGCTGTGAAAAAGACCCAGCCAAAGGCCAGACTGACCGATCC	86946954	86946860	94	86946993	-39	86949541	-2587	86949645	-2691	86946185	769	86950780	-3826	86955125	8265	8132	5584	5480	8940	4345
ENSMUST00000003710	ATTCCTGATAACTCTCGTTATTCTCAAGATATGCACTGCCTTATTAGGTATATGTTGGAACCAGACCCTGACAAAAGGCCGGATATTTACCAGGTTTCATACTTCTCATTTAAACTACTCAAGAAAGAATGCCCCGTTCCAAATGTACAGAACTCTCCCATTCCTGCAAAACTTCCTGAACCAGTGAAAGCCAGTGAAGCAGCTGTGAAAAAGACCCAGCCAAAGGCCAGACTGACCGATCC	86946954	86967268	-20314	86967373	-20419	86970990	-24036	86971086	-24132	86965634	-18680	86981295	-34341	86955125	-12143	-12248	-15865	-15961	-10509	-26170
ENSMUST00000003710	ATTCCTGATAACTCTCGTTATTCTCAAGATATGCACTGCCTTATTAGGTATATGTTGGAACCAGACCCTGACAAAAGGCCGGATATTTACCAGGTTTCATACTTCTCATTTAAACTACTCAAGAAAGAATGCCCCGTTCCAAATGTACAGAACTCTCCCATTCCTGCAAAACTTCCTGAACCAGTGAAAGCCAGTGAAGCAGCTGTGAAAAAGACCCAGCCAAAGGCCAGACTGACCGATCC	86946954	86967268	-20314	86967373	-20419	86981295	-34341	86981397	-34443	86965634	-18680	86982541	-35587	86955125	-12143	-12248	-26170	-26272	-10509	-27416
ENSMUST00000003710	ATTCCTGATAACTCTCGTTATTCTCAAGATATGCACTGCCTTATTAGGTATATGTTGGAACCAGACCCTGACAAAAGGCCGGATATTTACCAGGTTTCATACTTCTCATTTAAACTACTCAAGAAAGAATGCCCCGTTCCAAATGTACAGAACTCTCCCATTCCTGCAAAACTTCCTGAACCAGTGAAAGCCAGTGAAGCAGCTGTGAAAAAGACCCAGCCAAAGGCCAGACTGACCGATCC	86946954	86970990	-24036	86971086	-24132	86981295	-34341	86981397	-34443	86967373	-20419	86982541	-35587	86955125	-15865	-15961	-26170	-26272	-12248	-27416
ENSMUST00000003710	ATTCCTGATAACTCTCGTTATTCTCAAGATATGCACTGCCTTATTAGGTATATGTTGGAACCAGACCCTGACAAAAGGCCGGATATTTACCAGGTTTCATACTTCTCATTTAAACTACTCAAGAAAGAATGCCCCGTTCCAAATGTACAGAACTCTCCCATTCCTGCAAAACTTCCTGAACCAGTGAAAGCCAGTGAAGCAGCTGTGAAAAAGACCCAGCCAAAGGCCAGACTGACCGATCC	86946954	86946860	94	86946993	-39	86949541	-2587	86949645	-2691	86946185	769	86950780	-3826	86955125	8265	8132	5584	5480	8940	4345
ENSMUST00000003710	ATTCCTGATAACTCTCGTTATTCTCAAGATATGCACTGCCTTATTAGGTATATGTTGGAACCAGACCCTGACAAAAGGCCGGATATTTACCAGGTTTCATACTTCTCATTTAAACTACTCAAGAAAGAATGCCCCGTTCCAAATGTACAGAACTCTCCCATTCCTGCAAAACTTCCTGAACCAGTGAAAGCCAGTGAAGCAGCTGTGAAAAAGACCCAGCCAAAGGCCAGACTGACCGATCC	86946954	86967268	-20314	86967373	-20419	86970990	-24036	86971086	-24132	86965634	-18680	86981295	-34341	86955125	-12143	-12248	-15865	-15961	-10509	-26170
ENSMUST00000003710	ATTCCTGATAACTCTCGTTATTCTCAAGATATGCACTGCCTTATTAGGTATATGTTGGAACCAGACCCTGACAAAAGGCCGGATATTTACCAGGTTTCATACTTCTCATTTAAACTACTCAAGAAAGAATGCCCCGTTCCAAATGTACAGAACTCTCCCATTCCTGCAAAACTTCCTGAACCAGTGAAAGCCAGTGAAGCAGCTGTGAAAAAGACCCAGCCAAAGGCCAGACTGACCGATCC	86946954	86967268	-20314	86967373	-20419	86981295	-34341	86981397	-34443	86965634	-18680	86982541	-35587	86955125	-12143	-12248	-26170	-26272	-10509	-27416
ENSMUST00000003710	ATTCCTGATAACTCTCGTTATTCTCAAGATATGCACTGCCTTATTAGGTATATGTTGGAACCAGACCCTGACAAAAGGCCGGATATTTACCAGGTTTCATACTTCTCATTTAAACTACTCAAGAAAGAATGCCCCGTTCCAAATGTACAGAACTCTCCCATTCCTGCAAAACTTCCTGAACCAGTGAAAGCCAGTGAAGCAGCTGTGAAAAAGACCCAGCCAAAGGCCAGACTGACCGATCC	86946954	86970990	-24036	86971086	-24132	86981295	-34341	86981397	-34443	86967373	-20419	86982541	-35587	86955125	-15865	-15961	-26170	-26272	-12248	-27416
ENSMUST00000171187	AGTTATGGAAGAAGTATCAGCCATTCATACCTCCCAGGACGACAGAAGTTCTGCTTCTACCACCGAGTTCCATTGTGTGGCAGACGACAGGAGTGCGGCACGAAGAAGCTCTGCCTCCCACACACACTCAAACACATACAACTTCACTAAGTCGGAAAATTCAAATAGGACATGCTCTATGCCTTATGCCAAAGTGGAATATAAACGATCTTCAAATGACAGTTTAAATAGTGTCACTAGTAGTGATG	34312726	34279268	33458	34279352	33374	34289837	22889	34289942	22784	34276677	36049	34296030	16696	34312974	33706	33622	23137	23032	36297	16944
ENSMUST00000171187	AGTTATGGAAGAAGTATCAGCCATTCATACCTCCCAGGACGACAGAAGTTCTGCTTCTACCACCGAGTTCCATTGTGTGGCAGACGACAGGAGTGCGGCACGAAGAAGCTCTGCCTCCCACACACACTCAAACACATACAACTTCACTAAGTCGGAAAATTCAAATAGGACATGCTCTATGCCTTATGCCAAAGTGGAATATAAACGATCTTCAAATGACAGTTTAAATAGTGTCACTAGTAGTGATG	34312726	34282006	30720	34282009	30717	34289837	22889	34289942	22784	34279352	33374	34296030	16696	34312974	30968	30965	23137	23032	33622	16944
ENSMUST00000171187	AGTTATGGAAGAAGTATCAGCCATTCATACCTCCCAGGACGACAGAAGTTCTGCTTCTACCACCGAGTTCCATTGTGTGGCAGACGACAGGAGTGCGGCACGAAGAAGCTCTGCCTCCCACACACACTCAAACACATACAACTTCACTAAGTCGGAAAATTCAAATAGGACATGCTCTATGCCTTATGCCAAAGTGGAATATAAACGATCTTCAAATGACAGTTTAAATAGTGTCACTAGTAGTGATG	34312726	34289837	22889	34289942	22784	34296030	16696	34296129	16597	34279352	33374	34298422	14304	34312974	23137	23032	16944	16845	33622	14552
ENSMUST00000113462	AGGTGTCCGGCCTCTACTACAATGGGCTCAAGGTACTGGCGCTGGCCGCCGAGAGCGACCCCAATGTGCGGACCGAAGGCCACCTACGGCTAGTAGGGGAGGGGCCGTCCGTGCTGCTCAGTGCTGAGACCACTGCCACCACTCTGCTGGCCGACATGGCCACCACCATCATGGAGACCACCACCACCATGGCCACCACCACTACTCGCCGGGGCCGTTCCCCCACAATGAGGGACAGCACCACCCAGA	6517021	6443630	73391	6443648	73373	6448254	68767	6448284	68737	6428778	88243	6454978	62043	6519271	75641	75623	71017	70987	90493	64293
ENSMUST00000113462	AGGTGTCCGGCCTCTACTACAATGGGCTCAAGGTACTGGCGCTGGCCGCCGAGAGCGACCCCAATGTGCGGACCGAAGGCCACCTACGGCTAGTAGGGGAGGGGCCGTCCGTGCTGCTCAGTGCTGAGACCACTGCCACCACTCTGCTGGCCGACATGGCCACCACCATCATGGAGACCACCACCACCATGGCCACCACCACTACTCGCCGGGGCCGTTCCCCCACAATGAGGGACAGCACCACCCAGA	6517021	6448254	68767	6448284	68737	6450527	66494	6450599	66422	6443648	73373	6454978	62043	6519271	71017	70987	68744	68672	75623	64293
ENSMUST00000113462	AGGTGTCCGGCCTCTACTACAATGGGCTCAAGGTACTGGCGCTGGCCGCCGAGAGCGACCCCAATGTGCGGACCGAAGGCCACCTACGGCTAGTAGGGGAGGGGCCGTCCGTGCTGCTCAGTGCTGAGACCACTGCCACCACTCTGCTGGCCGACATGGCCACCACCATCATGGAGACCACCACCACCATGGCCACCACCACTACTCGCCGGGGCCGTTCCCCCACAATGAGGGACAGCACCACCCAGA	6517021	6448254	68767	6448284	68737	6463823	53198	6463847	53174	6443648	73373	6472257	44764	6519271	71017	70987	55448	55424	75623	47014
ENSMUST00000113462	AGGTGTCCGGCCTCTACTACAATGGGCTCAAGGTACTGGCGCTGGCCGCCGAGAGCGACCCCAATGTGCGGACCGAAGGCCACCTACGGCTAGTAGGGGAGGGGCCGTCCGTGCTGCTCAGTGCTGAGACCACTGCCACCACTCTGCTGGCCGACATGGCCACCACCATCATGGAGACCACCACCACCATGGCCACCACCACTACTCGCCGGGGCCGTTCCCCCACAATGAGGGACAGCACCACCCAGA	6517021	6448254	68767	6448284	68737	6463823	53198	6463868	53153	6443648	73373	6472257	44764	6519271	71017	70987	55448	55403	75623	47014
ENSMUST00000113462	AGGTGTCCGGCCTCTACTACAATGGGCTCAAGGTACTGGCGCTGGCCGCCGAGAGCGACCCCAATGTGCGGACCGAAGGCCACCTACGGCTAGTAGGGGAGGGGCCGTCCGTGCTGCTCAGTGCTGAGACCACTGCCACCACTCTGCTGGCCGACATGGCCACCACCATCATGGAGACCACCACCACCATGGCCACCACCACTACTCGCCGGGGCCGTTCCCCCACAATGAGGGACAGCACCACCCAGA	6517021	6454978	62043	6455280	61741	6472257	44764	6472419	44602	6448284	68737	6473317	43704	6519271	64293	63991	47014	46852	70987	45954
ENSMUST00000113462	AGGTGTCCGGCCTCTACTACAATGGGCTCAAGGTACTGGCGCTGGCCGCCGAGAGCGACCCCAATGTGCGGACCGAAGGCCACCTACGGCTAGTAGGGGAGGGGCCGTCCGTGCTGCTCAGTGCTGAGACCACTGCCACCACTCTGCTGGCCGACATGGCCACCACCATCATGGAGACCACCACCACCATGGCCACCACCACTACTCGCCGGGGCCGTTCCCCCACAATGAGGGACAGCACCACCCAGA	6517021	6516922	99	6517248	-227	6519248	-2227	6519327	-2306	6509949	7072	6531267	-14246	6519271	2349	2023	23	-56	9322	-11996
ENSMUST00000113462	AGGTGTCCGGCCTCTACTACAATGGGCTCAAGGTACTGGCGCTGGCCGCCGAGAGCGACCCCAATGTGCGGACCGAAGGCCACCTACGGCTAGTAGGGGAGGGGCCGTCCGTGCTGCTCAGTGCTGAGACCACTGCCACCACTCTGCTGGCCGACATGGCCACCACCATCATGGAGACCACCACCACCATGGCCACCACCACTACTCGCCGGGGCCGTTCCCCCACAATGAGGGACAGCACCACCCAGA	6517021	6516922	99	6517248	-227	6519248	-2227	6519327	-2306	6509949	7072	6542340	-25319	6519271	2349	2023	23	-56	9322	-23069
ENSMUST00000113462	AGGTGTCCGGCCTCTACTACAATGGGCTCAAGGTACTGGCGCTGGCCGCCGAGAGCGACCCCAATGTGCGGACCGAAGGCCACCTACGGCTAGTAGGGGAGGGGCCGTCCGTGCTGCTCAGTGCTGAGACCACTGCCACCACTCTGCTGGCCGACATGGCCACCACCATCATGGAGACCACCACCACCATGGCCACCACCACTACTCGCCGGGGCCGTTCCCCCACAATGAGGGACAGCACCACCCAGA	6517021	6443630	73391	6443648	73373	6448254	68767	6448284	68737	6428778	88243	6454978	62043	6519271	75641	75623	71017	70987	90493	64293
ENSMUST00000113462	AGGTGTCCGGCCTCTACTACAATGGGCTCAAGGTACTGGCGCTGGCCGCCGAGAGCGACCCCAATGTGCGGACCGAAGGCCACCTACGGCTAGTAGGGGAGGGGCCGTCCGTGCTGCTCAGTGCTGAGACCACTGCCACCACTCTGCTGGCCGACATGGCCACCACCATCATGGAGACCACCACCACCATGGCCACCACCACTACTCGCCGGGGCCGTTCCCCCACAATGAGGGACAGCACCACCCAGA	6517021	6448254	68767	6448284	68737	6450527	66494	6450599	66422	6443648	73373	6454978	62043	6519271	71017	70987	68744	68672	75623	64293
ENSMUST00000113462	AGGTGTCCGGCCTCTACTACAATGGGCTCAAGGTACTGGCGCTGGCCGCCGAGAGCGACCCCAATGTGCGGACCGAAGGCCACCTACGGCTAGTAGGGGAGGGGCCGTCCGTGCTGCTCAGTGCTGAGACCACTGCCACCACTCTGCTGGCCGACATGGCCACCACCATCATGGAGACCACCACCACCATGGCCACCACCACTACTCGCCGGGGCCGTTCCCCCACAATGAGGGACAGCACCACCCAGA	6517021	6448254	68767	6448284	68737	6463823	53198	6463847	53174	6443648	73373	6472257	44764	6519271	71017	70987	55448	55424	75623	47014
ENSMUST00000113462	AGGTGTCCGGCCTCTACTACAATGGGCTCAAGGTACTGGCGCTGGCCGCCGAGAGCGACCCCAATGTGCGGACCGAAGGCCACCTACGGCTAGTAGGGGAGGGGCCGTCCGTGCTGCTCAGTGCTGAGACCACTGCCACCACTCTGCTGGCCGACATGGCCACCACCATCATGGAGACCACCACCACCATGGCCACCACCACTACTCGCCGGGGCCGTTCCCCCACAATGAGGGACAGCACCACCCAGA	6517021	6448254	68767	6448284	68737	6463823	53198	6463868	53153	6443648	73373	6472257	44764	6519271	71017	70987	55448	55403	75623	47014
ENSMUST00000113462	AGGTGTCCGGCCTCTACTACAATGGGCTCAAGGTACTGGCGCTGGCCGCCGAGAGCGACCCCAATGTGCGGACCGAAGGCCACCTACGGCTAGTAGGGGAGGGGCCGTCCGTGCTGCTCAGTGCTGAGACCACTGCCACCACTCTGCTGGCCGACATGGCCACCACCATCATGGAGACCACCACCACCATGGCCACCACCACTACTCGCCGGGGCCGTTCCCCCACAATGAGGGACAGCACCACCCAGA	6517021	6454978	62043	6455280	61741	6472257	44764	6472419	44602	6448284	68737	6473317	43704	6519271	64293	63991	47014	46852	70987	45954
ENSMUST00000113462	AGGTGTCCGGCCTCTACTACAATGGGCTCAAGGTACTGGCGCTGGCCGCCGAGAGCGACCCCAATGTGCGGACCGAAGGCCACCTACGGCTAGTAGGGGAGGGGCCGTCCGTGCTGCTCAGTGCTGAGACCACTGCCACCACTCTGCTGGCCGACATGGCCACCACCATCATGGAGACCACCACCACCATGGCCACCACCACTACTCGCCGGGGCCGTTCCCCCACAATGAGGGACAGCACCACCCAGA	6517021	6516922	99	6517248	-227	6519248	-2227	6519327	-2306	6509949	7072	6531267	-14246	6519271	2349	2023	23	-56	9322	-11996
ENSMUST00000113462	AGGTGTCCGGCCTCTACTACAATGGGCTCAAGGTACTGGCGCTGGCCGCCGAGAGCGACCCCAATGTGCGGACCGAAGGCCACCTACGGCTAGTAGGGGAGGGGCCGTCCGTGCTGCTCAGTGCTGAGACCACTGCCACCACTCTGCTGGCCGACATGGCCACCACCATCATGGAGACCACCACCACCATGGCCACCACCACTACTCGCCGGGGCCGTTCCCCCACAATGAGGGACAGCACCACCCAGA	6517021	6516922	99	6517248	-227	6519248	-2227	6519327	-2306	6509949	7072	6542340	-25319	6519271	2349	2023	23	-56	9322	-23069
ENSMUST00000028102	GAGTTTTAAACAACTGTTGAGTAAGGACCAGATAACTGCCAAAGGAAACACTGGTCTGTGAAGTCTGCTTATTTACTGAGAACTGTGTATCAACTTTTAAACACTTCCCATGTGTGCAGATAAAAGGGGAATAGGGCTTTCTGTAGAATTCTATCTGTCTAGTTTGTAAAGTGTCATGTGTACTGCAGATGTCTGTTCTCTGGGCTTTATGTTCTGTACAGTAGATTTCATTAAGAAAAATTGTGGACAAACTTGTTTCTGT	49774328	49671751	102577	49671842	102486	49680164	94164	49680238	94090	49619787	154541	49688652	85676	49774590	102839	102748	94426	94352	154803	85938
ENSMUST00000028102	GAGTTTTAAACAACTGTTGAGTAAGGACCAGATAACTGCCAAAGGAAACACTGGTCTGTGAAGTCTGCTTATTTACTGAGAACTGTGTATCAACTTTTAAACACTTCCCATGTGTGCAGATAAAAGGGGAATAGGGCTTTCTGTAGAATTCTATCTGTCTAGTTTGTAAAGTGTCATGTGTACTGCAGATGTCTGTTCTCTGGGCTTTATGTTCTGTACAGTAGATTTCATTAAGAAAAATTGTGGACAAACTTGTTTCTGT	49774328	49680164	94164	49680238	94090	49688652	85676	49688757	85571	49671842	102486	49693693	80635	49774590	94426	94352	85938	85833	102748	80897
ENSMUST00000028102	GAGTTTTAAACAACTGTTGAGTAAGGACCAGATAACTGCCAAAGGAAACACTGGTCTGTGAAGTCTGCTTATTTACTGAGAACTGTGTATCAACTTTTAAACACTTCCCATGTGTGCAGATAAAAGGGGAATAGGGCTTTCTGTAGAATTCTATCTGTCTAGTTTGTAAAGTGTCATGTGTACTGCAGATGTCTGTTCTCTGGGCTTTATGTTCTGTACAGTAGATTTCATTAAGAAAAATTGTGGACAAACTTGTTTCTGT	49774328	49757338	16990	49757555	16773	49758809	15519	49758922	15406	49752353	21975	49771163	3165	49774590	17252	17035	15781	15668	22237	3427
ENSMUST00000079362	CAACAGAAAATGCAGGAACCTCATCAAAACGAGGTCTGCAGATCACTACCACTGCAGCCCAGATAGCCAAAGTTATGGAAGAAGTATCAGCCATTCATACCTCCCAGGACGACAGAAGTTCTGCTTCTACCACCGAGTTCCATTGTGTGGCAGACGACAGGAGTGCGGCACGAAGAAGCTCTGCCTCCCACACACACTCAAACACATACAACTTCACTAAGTCGGAAAATTCAAATAGGACATGCTCTATGCCTTATGCCAAAGT	34312658	34279268	33390	34279352	33306	34289837	22821	34289942	22716	34276677	35981	34296030	16628	34312923	33655	33571	23086	22981	36246	16893
ENSMUST00000079362	CAACAGAAAATGCAGGAACCTCATCAAAACGAGGTCTGCAGATCACTACCACTGCAGCCCAGATAGCCAAAGTTATGGAAGAAGTATCAGCCATTCATACCTCCCAGGACGACAGAAGTTCTGCTTCTACCACCGAGTTCCATTGTGTGGCAGACGACAGGAGTGCGGCACGAAGAAGCTCTGCCTCCCACACACACTCAAACACATACAACTTCACTAAGTCGGAAAATTCAAATAGGACATGCTCTATGCCTTATGCCAAAGT	34312658	34282006	30652	34282009	30649	34289837	22821	34289942	22716	34279352	33306	34296030	16628	34312923	30917	30914	23086	22981	33571	16893
ENSMUST00000079362	CAACAGAAAATGCAGGAACCTCATCAAAACGAGGTCTGCAGATCACTACCACTGCAGCCCAGATAGCCAAAGTTATGGAAGAAGTATCAGCCATTCATACCTCCCAGGACGACAGAAGTTCTGCTTCTACCACCGAGTTCCATTGTGTGGCAGACGACAGGAGTGCGGCACGAAGAAGCTCTGCCTCCCACACACACTCAAACACATACAACTTCACTAAGTCGGAAAATTCAAATAGGACATGCTCTATGCCTTATGCCAAAGT	34312658	34289837	22821	34289942	22716	34296030	16628	34296129	16529	34279352	33306	34298422	14236	34312923	23086	22981	16893	16794	33571	14501
ENSMUST00000079362	GTTAAAATCTGAGAGTGAAGACTTACAGCAGGTTATTGCAAGTGTTTTGAGGAATTTGTCTTGGCGAGCAGATGTAAATAGCAAAAAGACGTTGAGAGAAGTTGGAAGTGTGAAAGCATTGATGGAATGTGCTTTGGAAGTTAAAAAGGAATCAACCCTCAAAAGCGTTTTGAGTGCCTTATGGAACCTGTCTGCACACTGCACTGAGAATAAGGCTGACATCTGTGCTGTGGATGGAGCACTGGCATTTCTGGTTGGCACCCTCACTTACCGGAGCCAGACAAATACTTTAGCCATTATTGAAAGTGGAGGTGGGATAT	34305625	34279268	26357	34279352	26273	34289837	15788	34289942	15683	34276677	28948	34296030	9595	34310879	31611	31527	21042	20937	34202	14849
ENSMUST00000079362	GTTAAAATCTGAGAGTGAAGACTTACAGCAGGTTATTGCAAGTGTTTTGAGGAATTTGTCTTGGCGAGCAGATGTAAATAGCAAAAAGACGTTGAGAGAAGTTGGAAGTGTGAAAGCATTGATGGAATGTGCTTTGGAAGTTAAAAAGGAATCAACCCTCAAAAGCGTTTTGAGTGCCTTATGGAACCTGTCTGCACACTGCACTGAGAATAAGGCTGACATCTGTGCTGTGGATGGAGCACTGGCATTTCTGGTTGGCACCCTCACTTACCGGAGCCAGACAAATACTTTAGCCATTATTGAAAGTGGAGGTGGGATAT	34305625	34282006	23619	34282009	23616	34289837	15788	34289942	15683	34279352	26273	34296030	9595	34310879	28873	28870	21042	20937	31527	14849
ENSMUST00000079362	GTTAAAATCTGAGAGTGAAGACTTACAGCAGGTTATTGCAAGTGTTTTGAGGAATTTGTCTTGGCGAGCAGATGTAAATAGCAAAAAGACGTTGAGAGAAGTTGGAAGTGTGAAAGCATTGATGGAATGTGCTTTGGAAGTTAAAAAGGAATCAACCCTCAAAAGCGTTTTGAGTGCCTTATGGAACCTGTCTGCACACTGCACTGAGAATAAGGCTGACATCTGTGCTGTGGATGGAGCACTGGCATTTCTGGTTGGCACCCTCACTTACCGGAGCCAGACAAATACTTTAGCCATTATTGAAAGTGGAGGTGGGATAT	34305625	34289837	15788	34289942	15683	34296030	9595	34296129	9496	34279352	26273	34298422	7203	34310879	21042	20937	14849	14750	31527	12457
ENSMUST00000080210	GCGCCGAGGCGCTAAAGGGCTTACCCAGGAGGGGGGTGCGAGGGCGGAGAGAGGCTGCCCGTTAAATACCGCTCTCCGCCGCACTCCGGGCTCACCCAGCTCGCCGCCACCGTCTCCAGACCGTGCCCGGGAGGAGGGGGCGTTCCCCACGCCATGGCATCAACAGAGGGTGCCAACAATATGCCCAAGCAGGTAGAAGTGCGCATGCATGACAGCCACCTCAGCTCCGATGAGCCAAAGCACCGAAACCTGGGCATGCGCATGTGCGACAAGCTGGGGAAAAATCTCCTGCTCTCACTGACTGTGTTTGGTGTCATCCTGGGAGCAGTGTGTGGCGGGCT	102659132	102748468	-89336	102748595	-89463	102755906	-96774	102756140	-97008	102743973	-84841	102761014	-101882	102737810	-10658	-10785	-18096	-18330	-6163	-23204
