transcript_ID	prot_seq	coord_start_genomic	coord_1stExonStart	start_genomic-1stExonStart	coord_end_genomic	end_genomic-1stExonStart
ENSMUST00000025137	TGGGAGATGTCTTAGACTG	9962410	9959254	3156	9962429	3175
ENSMUST00000025137	TGGGAGATGTCTTAGACTG	9962410	9960485	1925	9962429	1944
ENSMUST00000197977	TCTGCAGTGCTTGATGGTG	34677227	34611698	65529	34677246	65548
ENSMUST00000197977	TCTGCAGTGCTTGATGGTG	34677227	34615587	61640	34677246	61659
ENSMUST00000066055	TCTGAGAACATGCAGTATC	37543810	37561368	-17558	37543829	-17539
ENSMUST00000037763	CACCTATTATATGTAAATG	44888930	44833021	55909	44888949	55928
ENSMUST00000050949	TACTGCAGGGGAGACTGGC	139053907	138983620	70287	139053926	70306
ENSMUST00000050949	TACTGCAGGGGAGACTGGC	139053907	138983620	70287	139053926	70306
ENSMUST00000077730	GAGCTGAGGGAAGTGGACG	133071659	133070317	1342	133071678	1361
ENSMUST00000026975	AGCCTCGCATGGCGAGTGG	139170279	139161700	8579	139170298	8598
ENSMUST00000020549	AAATCCTGATATATCTGTT	79695240	79692820	2420	79695259	2439
ENSMUST00000113409	GGACTTATTATTTCTAAAT	112635010	112624738	10272	112635029	10291
ENSMUST00000103239	AGCCTTGCCAGCTTAAGAA	124666250	124298574	367676	124666269	367695
ENSMUST00000103239	AGCCTTGCCAGCTTAAGAA	124666250	124659567	6683	124666269	6702
ENSMUST00000103239	AGCCTTGCCAGCTTAAGAA	124666250	124659806	6444	124666269	6463
ENSMUST00000081028	CGGCACTCGCACTCGGTGG	134248637	134066306	182331	134248656	182350
ENSMUST00000200048	TTGAATGCTGTGGAGAAGG	54194792	54266083	-71291	54194811	-71272
ENSMUST00000087264	ATAAGACAATTAGCCAGAG	65806755	65786105	20650	65806774	20669
ENSMUST00000176912	ACCCGAAGCGAGGGCGTGG	115092689	115428138	-335449	115092708	-335430
ENSMUST00000001583	AAGAGTACCAGAATGTTCAT	75770546	75724952	45594	75770565	45613
ENSMUST00000001583	AAGAGTACCAGAATGTTCAT	75770546	75746291	24255	75770565	24274
ENSMUST00000039577	AGTATACGATGACTATTTCA	21463698	21456296	7402	21463718	7422
ENSMUST00000169310	AGATAGGTCAGCGCACCAGG	114860193	114684400	175793	114860213	175813
ENSMUST00000179769	GTCCAAGCCTAGGTCCTCAG	3641594	3630557	11037	3641614	11057
ENSMUST00000002044	GCCTGAGAGATGGAGCTGCC	106154821	106117489	37332	106154841	37352
ENSMUST00000002044	GCCTGAGAGATGGAGCTGCC	106154821	106151008	3813	106154841	3833
ENSMUST00000002044	GCCTGAGAGATGGAGCTGCC	106154821	106151008	3813	106154841	3833
ENSMUST00000003717	TCATCCTGTCTGAGATGATA	8935316	8905974	29342	8936799	30825
ENSMUST00000080067	AACTCTGGTGGAGGAGATGG	24431214	24438694	-7480	24431234	-7460
ENSMUST00000069747	TGTGCTTGAATCTTGAAACC	112469056	112459459	9597	112469076	9617
ENSMUST00000080283	CCACCGCCAACTCCTGCTTG	6027270	5985971	41299	6027290	41319
ENSMUST00000043111	CGCGCACCCCAGCTCAGGCG	88821751	88944819	-123068	88821771	-123048
ENSMUST00000043111	CGCGCACCCCAGCTCAGGCG	88821751	88977754	-156003	88821771	-155983
ENSMUST00000043111	CGCGCACCCCAGCTCAGGCG	88821751	88977754	-156003	88821771	-155983
ENSMUST00000043111	CGCGCACCCCAGCTCAGGCG	88821751	88977754	-156003	88821771	-155983
ENSMUST00000043111	CGCGCACCCCAGCTCAGGCG	88821751	89042431	-220680	88821771	-220660
ENSMUST00000043111	CGCGCACCCCAGCTCAGGCG	88821751	89042431	-220680	88821771	-220660
ENSMUST00000102560	ACGCCGCCACTCCCTGGAGA	115938697	115952451	-13754	115938717	-13734
ENSMUST00000098614	TTAGCACTTTGGAAAGAGTC	79193149	79091832	101317	79193169	101337
ENSMUST00000100167	GTCAGTGTCATCCGTGCTTT	14465159	14411448	53711	14465179	53731
ENSMUST00000100167	GTCAGTGTCATCCGTGCTTT	14465159	14443347	21812	14465179	21832
ENSMUST00000100167	GTCAGTGTCATCCGTGCTTT	14465159	14445292	19867	14465179	19887
ENSMUST00000100167	GTCAGTGTCATCCGTGCTTT	14465159	14445292	19867	14465179	19887
ENSMUST00000117377	TTAGTGGTATTGAAATTAGA	63356268	63113542	242726	63356288	242746
ENSMUST00000117377	TTAGTGGTATTGAAATTAGA	63356268	63345664	10604	63356288	10624
ENSMUST00000095737	CAAAAGATCAAGCGGAGTGT	53140746	53025720	115026	53140766	115046
ENSMUST00000095737	CAAAAGATCAAGCGGAGTGT	53140746	53104514	36232	53140766	36252
ENSMUST00000021130	TGACGGCCATGTCCCCGAAG	116204936	116204844	92	116204956	112
ENSMUST00000182061	TCTCGGCAGAGTCATTCCCG	52005001	52003653	1348	52005021	1368
ENSMUST00000108372	TTGATCACATTGTCATGTAG	14181400	14081207	100193	14181420	100213
ENSMUST00000033040	TCCTGACATGGGAGAACGAC	97911728	97871574	40154	97911748	40174
ENSMUST00000033040	TCCTGACATGGGAGAACGAC	97911728	97871574	40154	97911748	40174
ENSMUST00000033040	TCCTGACATGGGAGAACGAC	97911728	97883471	28257	97911748	28277
ENSMUST00000033040	TCCTGACATGGGAGAACGAC	97911728	97888956	22772	97911748	22792
ENSMUST00000033040	TCCTGACATGGGAGAACGAC	97911728	97893964	17764	97911748	17784
ENSMUST00000033040	TCCTGACATGGGAGAACGAC	97911728	97893964	17764	97911748	17784
ENSMUST00000033040	TCCTGACATGGGAGAACGAC	97911728	97893964	17764	97911748	17784
ENSMUST00000195860	CTGACTCTAAGTCGGAGGTG	40003927	40001429	2498	40003947	2518
ENSMUST00000219478	GGAATGTAACTGGATTCACT	28263695	28580392	-316697	28263715	-316677
ENSMUST00000066905	CAGAAGGAGTACCTGAACAA	103709135	103708707	428	103709155	448
ENSMUST00000032192	CAAGAGAAGTTTCTCACCTG	108356430	108236977	119453	108356450	119473
ENSMUST00000032192	CAAGAGAAGTTTCTCACCTG	108356430	108523287	-166857	108356450	-166837
ENSMUST00000045281	GTCATGGGCCTAAGGGAAGGG	75163625	74946006	217619	75163646	217640
ENSMUST00000045281	GTCATGGGCCTAAGGGAAGGG	75163625	74981851	181774	75163646	181795
ENSMUST00000045281	GTCATGGGCCTAAGGGAAGGG	75163625	75041867	121758	75163646	121779
ENSMUST00000041865	GAGAAGAAGAGAAAGTCGCTT	69156441	69152334	4107	69158777	6443
ENSMUST00000150602	TGCCAACCTCATGCACAACTT	155247819	155242730	5089	155247840	5110
ENSMUST00000150602	TGCCAACCTCATGCACAACTT	155247819	155242730	5089	155247840	5110
ENSMUST00000150602	TGCCAACCTCATGCACAACTT	155247819	155242734	5085	155247840	5106
ENSMUST00000150602	TGCCAACCTCATGCACAACTT	155247819	155242730	5089	155247840	5110
ENSMUST00000150602	TGCCAACCTCATGCACAACTT	155247819	155242730	5089	155247840	5110
ENSMUST00000150602	TGCCAACCTCATGCACAACTT	155247819	155242734	5085	155247840	5106
ENSMUST00000184146	GACAGAGCACCAAACCGGATT	73044994	73075392	-30398	73060980	-14412
ENSMUST00000031817	ATGTGTCTAAGTATGTTGATT	57662094	57647064	15030	57662115	15051
ENSMUST00000115839	CATCTCCAGGGTCTCTGACTT	8619418	8602285	17133	8619439	17154
ENSMUST00000182964	CAAAGAGGCATGAACATGAGT	21670551	21621954	48597	21670572	48618
ENSMUST00000182964	CAAAGAGGCATGAACATGAGT	21670551	21621954	48597	21670572	48618
ENSMUST00000182964	CAAAGAGGCATGAACATGAGT	21670551	21662157	8394	21670572	8415
ENSMUST00000081769	GCGCACCCCAGCTCAGGCGAA	88821752	88944819	-123067	88821773	-123046
ENSMUST00000081769	GCGCACCCCAGCTCAGGCGAA	88821752	88977754	-156002	88821773	-155981
ENSMUST00000081769	GCGCACCCCAGCTCAGGCGAA	88821752	88977754	-156002	88821773	-155981
ENSMUST00000081769	GCGCACCCCAGCTCAGGCGAA	88821752	88977754	-156002	88821773	-155981
ENSMUST00000081769	GCGCACCCCAGCTCAGGCGAA	88821752	89042431	-220679	88821773	-220658
ENSMUST00000081769	GCGCACCCCAGCTCAGGCGAA	88821752	89042431	-220679	88821773	-220658
ENSMUST00000048359	CCTGATGACGTCGCCAAGCTG	106850256	106781693	68563	106850277	68584
ENSMUST00000029180	CCCGTCTCATCGGGCGGCCCG	158028851	158058651	-29800	158028872	-29779
ENSMUST00000166411	ATCTCTCAGGCTGACTTTATA	69871633	69863223	8410	69871654	8431
ENSMUST00000108680	GGAGCGGCTGGAGGTGGAGAG	67682652	67629609	53043	67682673	53064
ENSMUST00000108680	GGAGCGGCTGGAGGTGGAGAG	67682652	67629609	53043	67682673	53064
ENSMUST00000227662	CATCCGAAAGAGCAAGAAGAA	77579096	77268806	310290	77579117	310311
ENSMUST00000227662	CATCCGAAAGAGCAAGAAGAA	77579096	77312058	267038	77579117	267059
ENSMUST00000075132	GGCCATTTAAGGATACTGCTA	21537508	21358722	178786	21537529	178807
ENSMUST00000075132	GGCCATTTAAGGATACTGCTA	21537508	21480225	57283	21537529	57304
ENSMUST00000075132	GGCCATTTAAGGATACTGCTA	21537508	21492542	44966	21537529	44987
ENSMUST00000113712	TCCCTTTGGAATTTTTAAATG	86430896	86419100	11796	86430917	11817
ENSMUST00000113712	TCCCTTTGGAATTTTTAAATG	86430896	86426566	4330	86430917	4351
ENSMUST00000052837	AAAAATTCTTTGATGAACTTCG	98315882	98251685	64197	98315904	64219
ENSMUST00000060918	CAACAAGCCAGGGGATGCCTTG	140748172	140741064	7108	140748194	7130
ENSMUST00000060918	CAACAAGCCAGGGGATGCCTTG	140748172	140741064	7108	140748194	7130
ENSMUST00000183156	TTTAGGTTCTATGCTGATAAAA	90923553	90577088	346465	90923575	346487
ENSMUST00000183156	TTTAGGTTCTATGCTGATAAAA	90923553	90644457	279096	90923575	279118
ENSMUST00000183156	TTTAGGTTCTATGCTGATAAAA	90923553	90680766	242787	90923575	242809
ENSMUST00000183156	TTTAGGTTCTATGCTGATAAAA	90923553	90680766	242787	90923575	242809
ENSMUST00000183156	TTTAGGTTCTATGCTGATAAAA	90923553	90680766	242787	90923575	242809
ENSMUST00000183156	TTTAGGTTCTATGCTGATAAAA	90923553	90895098	28455	90923575	28477
ENSMUST00000183156	TTTAGGTTCTATGCTGATAAAA	90923553	90895098	28455	90923575	28477
ENSMUST00000183156	TTTAGGTTCTATGCTGATAAAA	90923553	90897246	26307	90923575	26329
ENSMUST00000183156	TTTAGGTTCTATGCTGATAAAA	90923553	90897246	26307	90923575	26329
ENSMUST00000183156	TTTAGGTTCTATGCTGATAAAA	90923553	90897246	26307	90923575	26329
ENSMUST00000183156	TTTAGGTTCTATGCTGATAAAA	90923553	90897348	26205	90923575	26227
ENSMUST00000183156	TTTAGGTTCTATGCTGATAAAA	90923553	90923530	23	90923575	45
ENSMUST00000108076	GGGGTGGAGGGAGGGTGACAGG	84965952	84964092	1860	84965974	1882
ENSMUST00000022458	CCTTTCAGTTCCTCTGTCCATC	31257424	31251899	5525	31257446	5547
ENSMUST00000022458	CCTTTCAGTTCCTCTGTCCATC	31257424	31251899	5525	31257446	5547
ENSMUST00000022458	CCTTTCAGTTCCTCTGTCCATC	31257424	31251899	5525	31257446	5547
ENSMUST00000022458	CCTTTCAGTTCCTCTGTCCATC	31257424	31251899	5525	31257446	5547
ENSMUST00000022458	CCTTTCAGTTCCTCTGTCCATC	31257424	31251899	5525	31257446	5547
ENSMUST00000022458	CCTTTCAGTTCCTCTGTCCATC	31257424	31251899	5525	31257446	5547
ENSMUST00000171265	AAGTTTTGAACTGAAATTTGTA	9899084	9885988	13096	9899106	13118
ENSMUST00000171265	AAGTTTTGAACTGAAATTTGTA	9899084	9886046	13038	9899106	13060
ENSMUST00000081125	GTAACTGAAGAATTTTGATAAT	181827404	181801814	25590	181827426	25612
ENSMUST00000114015	TGAAAATTGAGAGTGTAAAACT	66438278	66251661	186617	66438300	186639
ENSMUST00000114015	TGAAAATTGAGAGTGTAAAACT	66438278	66251661	186617	66438300	186639
ENSMUST00000114015	TGAAAATTGAGAGTGTAAAACT	66438278	66322403	115875	66438300	115897
ENSMUST00000114015	TGAAAATTGAGAGTGTAAAACT	66438278	66322403	115875	66438300	115897
ENSMUST00000114015	TGAAAATTGAGAGTGTAAAACT	66438278	66362202	76076	66438300	76098
ENSMUST00000114015	TGAAAATTGAGAGTGTAAAACT	66438278	66412406	25872	66438300	25894
ENSMUST00000114015	TGAAAATTGAGAGTGTAAAACT	66438278	66416343	21935	66438300	21957
ENSMUST00000114015	TGAAAATTGAGAGTGTAAAACT	66438278	66251661	186617	66438300	186639
ENSMUST00000114015	TGAAAATTGAGAGTGTAAAACT	66438278	66251661	186617	66438300	186639
ENSMUST00000114015	TGAAAATTGAGAGTGTAAAACT	66438278	66322403	115875	66438300	115897
ENSMUST00000114015	TGAAAATTGAGAGTGTAAAACT	66438278	66322403	115875	66438300	115897
ENSMUST00000114015	TGAAAATTGAGAGTGTAAAACT	66438278	66362202	76076	66438300	76098
ENSMUST00000114015	TGAAAATTGAGAGTGTAAAACT	66438278	66412406	25872	66438300	25894
ENSMUST00000114015	TGAAAATTGAGAGTGTAAAACT	66438278	66416343	21935	66438300	21957
ENSMUST00000112304	AGACAATGATGGGGGCGCTGGC	85005558	85005508	50	85015423	9915
ENSMUST00000021030	ATAAATACTGGGATGACTTCTA	105128764	105132440	-3676	105128786	-3654
ENSMUST00000021030	ATAAATACTGGGATGACTTCTA	105128764	105135337	-6573	105128786	-6551
ENSMUST00000050709	TGAAGCTGAGTCTTGACCTCCT	35087250	35057091	30159	35087272	30181
ENSMUST00000050709	TGAAGCTGAGTCTTGACCTCCT	35087250	35077147	10103	35087272	10125
ENSMUST00000191774	CAAAGCAACCTTATGCTCTATT	16214520	16183921	30599	16214542	30621
ENSMUST00000191774	CAAAGCAACCTTATGCTCTATT	16214520	16189477	25043	16214542	25065
ENSMUST00000165607	GAATGGGAGGTGAAAAAAGGAA	80142280	80089848	52432	80142302	52454
ENSMUST00000165607	GAATGGGAGGTGAAAAAAGGAA	80142280	80098885	43395	80142302	43417
ENSMUST00000124226	GAACGGAGGCTGAAGCTGAGAC	134694724	134687147	7577	134694746	7599
ENSMUST00000124226	GAACGGAGGCTGAAGCTGAGAC	134694724	134688016	6708	134694746	6730
ENSMUST00000035055	GGCGGCGGCGGCGGGCAGTCGC	109931927	109978849	-46922	109978859	10
ENSMUST00000035055	GGCGGCGGCGGCGGGCAGTCGC	109931927	109999771	-67844	109978859	-20912
ENSMUST00000035055	GGCGGCGGCGGCGGGCAGTCGC	109931927	110032098	-100171	109978859	-53239
ENSMUST00000035055	GGCGGCGGCGGCGGGCAGTCGC	109931927	110071025	-139098	109978859	-92166
ENSMUST00000035055	GGCGGCGGCGGCGGGCAGTCGC	109931927	110072612	-140685	109978859	-93753
ENSMUST00000035055	GGCGGCGGCGGCGGGCAGTCGC	109931927	110079780	-147853	109978859	-100921
ENSMUST00000107720	CCTGAAATATTGCCAAACACAC	48183195	48140419	42776	48183217	42798
ENSMUST00000024880	GCAGGGAGATCCAAACTGCAAA	78601901	78534614	67287	78605438	70824
ENSMUST00000024880	GCAGGGAGATCCAAACTGCAAA	78601901	78574084	27817	78605438	31354
ENSMUST00000224503	GAAACGTGATGTATAGGGGCTG	64808965	64708491	100474	64808987	100496
ENSMUST00000061656	TGGAAATTCTGGGATACAGTCT	6768086	6745448	22638	6768108	22660
ENSMUST00000098519	CTGACTGGGACTGGAGACACGG	88745288	88719288	26000	88745310	26022
ENSMUST00000098519	CTGACTGGGACTGGAGACACGG	88745288	88719297	25991	88745310	26013
ENSMUST00000107178	TAACCATCCTCTCGACTACACA	86427301	86243716	183585	86427323	183607
ENSMUST00000080461	CTACTGGAGGCAGCAGTGGCGA	82799506	82789546	9960	82799528	9982
ENSMUST00000107777	TGACCCTGACCTTGTGAAGGCG	46013094	46018529	-5435	46013116	-5413
ENSMUST00000114399	GAGAACCAAGAAGGTGATCCTG	33855557	33843111	12446	33855579	12468
ENSMUST00000114399	GAGAACCAAGAAGGTGATCCTG	33855557	33864659	-9102	33855579	-9080
ENSMUST00000111288	AGGGGGGGGGGGCGGATGACTTG	130843841	130506063	337778	130843864	337801
ENSMUST00000111288	AGGGGGGGGGGGCGGATGACTTG	130843841	130617842	225999	130843864	226022
ENSMUST00000111288	AGGGGGGGGGGGCGGATGACTTG	130843841	130669526	174315	130843864	174338
ENSMUST00000095909	AAATCCGCGACCTTCACCCTTCA	91831089	91850805	-19716	91831112	-19693
ENSMUST00000095909	AAATCCGCGACCTTCACCCTTCA	91831089	91858208	-27119	91831112	-27096
ENSMUST00000179074	AGACTCTAACTTATTGTGATGGG	74423529	74401911	21618	74423552	21641
ENSMUST00000071442	GAGCCCGGGCTCCCCTCTACTCA	25407882	25407462	420	25407905	443
ENSMUST00000035606	CCAAAGCTGAAGAATTTGATCAA	50713252	50607919	105333	50714279	106360
ENSMUST00000199856	AGAGTCCCCTGAAGGGGGTCGAT	24476709	24492957	-16248	24476916	-16041
ENSMUST00000199856	AGAGTCCCCTGAAGGGGGTCGAT	24476709	24496732	-20023	24476916	-19816
ENSMUST00000199856	AGAGTCCCCTGAAGGGGGTCGAT	24476709	24492957	-16248	24476916	-16041
ENSMUST00000199856	AGAGTCCCCTGAAGGGGGTCGAT	24476709	24496732	-20023	24476916	-19816
ENSMUST00000171474	TGAAGGTCGCAAGTTCAAATCCC	32299841	32282310	17531	32299864	17554
ENSMUST00000171474	TGAAGGTCGCAAGTTCAAATCCC	32299841	32285369	14472	32299864	14495
ENSMUST00000171474	TGAAGGTCGCAAGTTCAAATCCC	32299841	32289118	10723	32299864	10746
ENSMUST00000109514	CCAAGCGCATCAAGCTGGAGAAG	24164559	24085320	79239	24164582	79262
ENSMUST00000109514	CCAAGCGCATCAAGCTGGAGAAG	24164559	24158252	6307	24164582	6330
ENSMUST00000109514	CCAAGCGCATCAAGCTGGAGAAG	24164559	24158252	6307	24164582	6330
ENSMUST00000070801	TGGGATTACAGGCACATGCCACC	144324794	144319898	4896	144324817	4919
ENSMUST00000070801	TGGGATTACAGGCACATGCCACC	144324794	144363864	-39070	144324817	-39047
ENSMUST00000067458	ATCTTAAGATTAAAACTTCAAAG	32695512	32347219	348293	32695535	348316
ENSMUST00000067458	ATCTTAAGATTAAAACTTCAAAG	32695512	32417311	278201	32695535	278224
ENSMUST00000067458	ATCTTAAGATTAAAACTTCAAAG	32695512	32460218	235294	32695535	235317
ENSMUST00000067458	ATCTTAAGATTAAAACTTCAAAG	32695512	32474377	221135	32695535	221158
ENSMUST00000047247	GACTGTCACCCAGAAGAAGGAAG	36569427	36595208	-25781	36569450	-25758
ENSMUST00000029875	AGATGCCCTGAATACATTAGTAG	14915067	14886533	28534	14915090	28557
ENSMUST00000089185	GGTTTCCACACGTACCTGATCAG	5725287	5647902	77385	5725310	77408
ENSMUST00000089185	GGTTTCCACACGTACCTGATCAG	5725287	5685654	39633	5725310	39656
ENSMUST00000089185	GGTTTCCACACGTACCTGATCAG	5725287	5685654	39633	5725310	39656
ENSMUST00000089185	GGTTTCCACACGTACCTGATCAG	5725287	5685654	39633	5725310	39656
ENSMUST00000029707	CAGCAAGAAGCGAGGGACGTGTG	88055466	88043466	12000	88055489	12023
ENSMUST00000100330	GTGTTAAATGGTAATCTTTGAAA	105925042	105673419	251623	105925065	251646
ENSMUST00000100330	GTGTTAAATGGTAATCTTTGAAA	105925042	105673419	251623	105925065	251646
ENSMUST00000173727	CACTACTGGAGGCAGCAGTGGCG	82799504	82789546	9958	82799527	9981
ENSMUST00000122120	ACCTGGGAAAGTGGCTGGGACAA	96523428	96115633	407795	96523451	407818
ENSMUST00000122120	ACCTGGGAAAGTGGCTGGGACAA	96523428	96523334	94	96523451	117
ENSMUST00000087228	TACTTCCAGGGTCTTCAACTATG	69571811	69560431	11380	69571834	11403
ENSMUST00000087228	TACTTCCAGGGTCTTCAACTATG	69571811	69564523	7288	69571834	7311
ENSMUST00000087228	TACTTCCAGGGTCTTCAACTATG	69571811	69565429	6382	69571834	6405
ENSMUST00000087228	TACTTCCAGGGTCTTCAACTATG	69571811	69566360	5451	69571834	5474
ENSMUST00000027512	TGGGGAGTTAGCTCAGTTGGTGA	87765439	87774812	-9373	87766128	-8684
ENSMUST00000017799	CTGAACCCTGGAACTGCTTTGGA	165070918	165066502	4416	165070941	4439
ENSMUST00000061318	TCAACTGGGAATTTCTTTCCAACG	11071695	11317202	-245507	11071719	-245483
ENSMUST00000112480	GGATTCCTATTGTCCGATCTTTTG	62234503	62158205	76298	62234527	76322
ENSMUST00000112480	GGATTCCTATTGTCCGATCTTTTG	62234503	62190739	43764	62234527	43788
ENSMUST00000174817	ACGAGAGGACGGAGAAAAGTTCAG	3907859	3835026	72833	3907883	72857
ENSMUST00000174817	ACGAGAGGACGGAGAAAAGTTCAG	3907859	3902665	5194	3907883	5218
ENSMUST00000042561	GTGGATGTAGCTCAGTTGGTAGCA	75574975	75543157	31818	75574999	31842
ENSMUST00000028683	GTACATTTGGAACAGTGACAATAA	121437955	121429453	8502	121437979	8526
ENSMUST00000102478	CCTTATGCTCTGAGTACATAGCAA	78326722	78325048	1674	78326746	1698
ENSMUST00000070257	ATTCCGGAATTGGAGTCTGCAATT	4664262	4658214	6048	4664286	6072
ENSMUST00000028162	TCACAGAGGGCAGAGTCATTTTGT	32402375	32400877	1498	32402399	1522
ENSMUST00000163979	CCATTACACCTCCTTCCACCCCTT	110082087	109978849	103238	110082111	103262
ENSMUST00000163979	CCATTACACCTCCTTCCACCCCTT	110082087	109999771	82316	110082111	82340
ENSMUST00000163979	CCATTACACCTCCTTCCACCCCTT	110082087	110032098	49989	110082111	50013
ENSMUST00000163979	CCATTACACCTCCTTCCACCCCTT	110082087	110071025	11062	110082111	11086
ENSMUST00000163979	CCATTACACCTCCTTCCACCCCTT	110082087	110072612	9475	110082111	9499
ENSMUST00000163979	CCATTACACCTCCTTCCACCCCTT	110082087	110079780	2307	110082111	2331
ENSMUST00000163979	CCATTACACCTCCTTCCACCCCTT	110082087	109978849	103238	110082111	103262
ENSMUST00000163979	CCATTACACCTCCTTCCACCCCTT	110082087	109999771	82316	110082111	82340
ENSMUST00000163979	CCATTACACCTCCTTCCACCCCTT	110082087	110032098	49989	110082111	50013
ENSMUST00000163979	CCATTACACCTCCTTCCACCCCTT	110082087	110071025	11062	110082111	11086
ENSMUST00000163979	CCATTACACCTCCTTCCACCCCTT	110082087	110072612	9475	110082111	9499
ENSMUST00000163979	CCATTACACCTCCTTCCACCCCTT	110082087	110079780	2307	110082111	2331
ENSMUST00000066427	CGAAACCCAAGGCAAACAAGGAGA	85701433	85681085	20348	85707241	26156
ENSMUST00000066427	CGAAACCCAAGGCAAACAAGGAGA	85701433	85707226	-5793	85707241	15
ENSMUST00000115675	CTTAGAGAGCTCAAAGCAAGCTGA	7800536	7792275	8261	7800560	8285
ENSMUST00000115675	CTTAGAGAGCTCAAAGCAAGCTGA	7800536	7794259	6277	7800560	6301
ENSMUST00000110186	GGCCCCGAGTGCAACAGCCTGCAG	131520938	131516216	4722	131520962	4746
ENSMUST00000110186	GGCCCCGAGTGCAACAGCCTGCAG	131520938	131520411	527	131520962	551
ENSMUST00000110186	GGCCCCGAGTGCAACAGCCTGCAG	131520938	131520411	527	131520962	551
ENSMUST00000110186	GGCCCCGAGTGCAACAGCCTGCAG	131520938	131520411	527	131520962	551
ENSMUST00000110186	GGCCCCGAGTGCAACAGCCTGCAG	131520938	131520411	527	131520962	551
ENSMUST00000110186	GGCCCCGAGTGCAACAGCCTGCAG	131520938	131520411	527	131520962	551
ENSMUST00000110186	GGCCCCGAGTGCAACAGCCTGCAG	131520938	131522058	-1120	131520962	-1096
ENSMUST00000110186	GGCCCCGAGTGCAACAGCCTGCAG	131520938	131522147	-1209	131520962	-1185
ENSMUST00000097288	CCAGTTCGAATCCGTGTGCGAGTC	70662595	70308046	354549	70662619	354573
ENSMUST00000097288	CCAGTTCGAATCCGTGTGCGAGTC	70662595	70424795	237800	70662619	237824
ENSMUST00000042125	ACTGACTGAGTGAACTGTGCATTC	74698548	74687203	11345	74698572	11369
ENSMUST00000062519	TTGTATTTTGGGGAAACTCTAAAAC	26772014	26739542	32472	26772039	32497
ENSMUST00000062519	TTGTATTTTGGGGAAACTCTAAAAC	26772014	26762237	9777	26772039	9802
ENSMUST00000168527	TATTCTGAGTGTGTCCCCTGCAGGC	139171653	139101967	69686	139171678	69711
ENSMUST00000034703	CCTCACTATCGGCGACGCGAACGGC	21547121	21586444	-39323	21547146	-39298
ENSMUST00000034703	CCTCACTATCGGCGACGCGAACGGC	21547121	21586900	-39779	21547146	-39754
ENSMUST00000004222	AGAAAGAATCTTTTGAAGAAACAAG	18927444	18925647	1797	18927469	1822
ENSMUST00000169547	GTGTGGATGTAGCTCAGTTGGTAGC	75574973	75543157	31816	75574998	31841
ENSMUST00000019931	CCGCACCCAGGATTCCATCGCGGCG	7590324	7596103	-5779	7590349	-5754
ENSMUST00000019931	CCGCACCCAGGATTCCATCGCGGCG	7590324	7598691	-8367	7590349	-8342
ENSMUST00000019931	CCGCACCCAGGATTCCATCGCGGCG	7590324	7598706	-8382	7590349	-8357
ENSMUST00000019931	CCGCACCCAGGATTCCATCGCGGCG	7590324	7598706	-8382	7590349	-8357
ENSMUST00000019931	CCGCACCCAGGATTCCATCGCGGCG	7590324	7598706	-8382	7590349	-8357
ENSMUST00000019931	CCGCACCCAGGATTCCATCGCGGCG	7590324	7602828	-12504	7590349	-12479
ENSMUST00000019931	CCGCACCCAGGATTCCATCGCGGCG	7590324	7604173	-13849	7590349	-13824
ENSMUST00000019931	CCGCACCCAGGATTCCATCGCGGCG	7590324	7604173	-13849	7590349	-13824
ENSMUST00000233283	AACGGCCAGTTCGAATCCGTGTGCG	70662590	70308046	354544	70662615	354569
ENSMUST00000233283	AACGGCCAGTTCGAATCCGTGTGCG	70662590	70424795	237795	70662615	237820
ENSMUST00000097543	GAGGGGCTGGAGTCGCTGTGCTTGA	151361621	151349375	12246	151363123	13748
ENSMUST00000097543	GAGGGGCTGGAGTCGCTGTGCTTGA	151361621	151350980	10641	151363123	12143
ENSMUST00000097543	GAGGGGCTGGAGTCGCTGTGCTTGA	151361621	151350980	10641	151363123	12143
ENSMUST00000029382	TCCTCATCTGGACGGGAAACATGTGG	79597771	79599051	-1280	79597797	-1254
ENSMUST00000096753	GTTTTTATTATGAAAAGAAATGTTAT	8833788	8825270	8518	8833814	8544
ENSMUST00000089185	TTTCCACACGTACCTGATCAGCTCCA	5725289	5647902	77387	5725315	77413
ENSMUST00000089185	TTTCCACACGTACCTGATCAGCTCCA	5725289	5685654	39635	5725315	39661
ENSMUST00000089185	TTTCCACACGTACCTGATCAGCTCCA	5725289	5685654	39635	5725315	39661
ENSMUST00000089185	TTTCCACACGTACCTGATCAGCTCCA	5725289	5685654	39635	5725315	39661
ENSMUST00000030691	AGGGCCATATGGTTACAGAGGGATTGG	14679857	14668964	10893	14679884	10920
ENSMUST00000025932	TACAATAGGAAACCTGTCCAGTTTAAA	54003141	53987453	15688	54017571	30118
ENSMUST00000025932	TACAATAGGAAACCTGTCCAGTTTAAA	54003141	54003008	133	54017571	14563
ENSMUST00000038361	TTGGGGTTGGATTTTGAAGGCTGGGTG	127485889	127390743	95146	127485916	95173
ENSMUST00000075695	GAATTGGATATGGACAAAGACCTCAGT	94068995	94036599	32396	94069022	32423
ENSMUST00000075695	GAATTGGATATGGACAAAGACCTCAGT	94068995	94079198	-10203	94069022	-10176
ENSMUST00000075695	GAATTGGATATGGACAAAGACCTCAGT	94068995	94106633	-37638	94069022	-37611
ENSMUST00000239014	TAGGATTACAGGCCTGAGCCACCGTGCC	44791701	44789566	2135	44791729	2163
ENSMUST00000199100	TACCAGACACTTTCAAGGTTCTCCAAAT	47300236	47095509	204727	47300264	204755
ENSMUST00000199100	TACCAGACACTTTCAAGGTTCTCCAAAT	47300236	47107856	192380	47300264	192408
ENSMUST00000199100	TACCAGACACTTTCAAGGTTCTCCAAAT	47300236	47192985	107251	47300264	107279
ENSMUST00000199100	TACCAGACACTTTCAAGGTTCTCCAAAT	47300236	47271139	29097	47300264	29125
ENSMUST00000089027	GGCTTCTACGCAGCCTACATGTTTGTCC	153208714	153178885	29829	153208742	29857
ENSMUST00000089027	GGCTTCTACGCAGCCTACATGTTTGTCC	153208714	153178888	29826	153208742	29854
ENSMUST00000089027	GGCTTCTACGCAGCCTACATGTTTGTCC	153208714	153198349	10365	153208742	10393
ENSMUST00000089027	GGCTTCTACGCAGCCTACATGTTTGTCC	153208714	153200642	8072	153208742	8100
ENSMUST00000114840	ACTCTGTATTTATTCCAGGGCTGCTTCT	44047688	44045956	1732	44047716	1760
ENSMUST00000190997	AGAGGTTTCGATTCCCTTCACCCATCTT	132489677	132484745	4932	132489705	4960
ENSMUST00000190997	AGAGGTTTCGATTCCCTTCACCCATCTT	132489677	132484745	4932	132489705	4960
ENSMUST00000001202	TCATGATTATCTTTAATACCCTAGGCCT	47963912	47943505	20407	47963940	20435
ENSMUST00000001202	TCATGATTATCTTTAATACCCTAGGCCT	47963912	47947002	16910	47963940	16938
ENSMUST00000164095	GTGGGGAACTGTACACTTGGGGCCTTGG	56184461	56067983	116478	56184632	116649
ENSMUST00000112637	AGTTGTCACCAAATCCCCCAAAACTAAC	26751969	26759877	-7908	26751997	-7880
ENSMUST00000026671	TTCACATCCTGCCTCACCACTCCCATCAA	119756376	119671277	85099	119756405	85128
ENSMUST00000026671	TTCACATCCTGCCTCACCACTCCCATCAA	119756376	119725009	31367	119756405	31396
ENSMUST00000026671	TTCACATCCTGCCTCACCACTCCCATCAA	119756376	119743866	12510	119756405	12539
ENSMUST00000026671	TTCACATCCTGCCTCACCACTCCCATCAA	119756376	119756238	138	119756405	167
ENSMUST00000026671	TTCACATCCTGCCTCACCACTCCCATCAA	119756376	119780542	-24166	119756405	-24137
ENSMUST00000026671	TTCACATCCTGCCTCACCACTCCCATCAA	119756376	119780542	-24166	119756405	-24137
ENSMUST00000026671	TTCACATCCTGCCTCACCACTCCCATCAA	119756376	119780542	-24166	119756405	-24137
ENSMUST00000026671	TTCACATCCTGCCTCACCACTCCCATCAA	119756376	119799321	-42945	119756405	-42916
ENSMUST00000026671	TTCACATCCTGCCTCACCACTCCCATCAA	119756376	119811944	-55568	119756405	-55539
ENSMUST00000026671	TTCACATCCTGCCTCACCACTCCCATCAA	119756376	119822910	-66534	119756405	-66505
ENSMUST00000102842	ATTGTGTTTAAGCTGTATTGAATTATCTG	29742843	29706409	36434	29742872	36463
ENSMUST00000133670	GAAACAGCTTCGCGCTGCCAATATGGAGC	108606337	108664495	-58158	108606366	-58129
ENSMUST00000101432	AGTGCCACCATAGCTATTAATGCGAAGAAT	54062069	53354344	707725	54062099	707755
ENSMUST00000101432	AGTGCCACCATAGCTATTAATGCGAAGAAT	54062069	53501033	561036	54062099	561066
ENSMUST00000101432	AGTGCCACCATAGCTATTAATGCGAAGAAT	54062069	53354344	707725	54062099	707755
ENSMUST00000101432	AGTGCCACCATAGCTATTAATGCGAAGAAT	54062069	53501033	561036	54062099	561066
ENSMUST00000092433	CTGGAAGCCTCGGGAAAGTACTCCCCAACC	69926133	69904447	21686	69926163	21716
ENSMUST00000092433	CTGGAAGCCTCGGGAAAGTACTCCCCAACC	69926133	69982115	-55982	69926163	-55952
ENSMUST00000092433	CTGGAAGCCTCGGGAAAGTACTCCCCAACC	69926133	69982115	-55982	69926163	-55952
ENSMUST00000199300	TCGCGTGTCGCCCGTCGCACTGTCCAGACC	126597405	126684659	-87254	126597435	-87224
ENSMUST00000199300	TCGCGTGTCGCCCGTCGCACTGTCCAGACC	126597405	126770784	-173379	126597435	-173349
ENSMUST00000199300	TCGCGTGTCGCCCGTCGCACTGTCCAGACC	126597405	126802936	-205531	126597435	-205501
ENSMUST00000039734	TGTGAAGCACGGTGACGAGTGGGGCGAGCC	25208112	25199766	8346	25208142	8376
ENSMUST00000039734	TGTGAAGCACGGTGACGAGTGGGGCGAGCC	25208112	25218577	-10465	25208142	-10435
ENSMUST00000109689	CCCCCGGGCCACTTCGCCACCTCGTCACAC	78967868	78976466	-8598	78967898	-8568
ENSMUST00000224622	AATGTTGCTTTTCTTGCTCAGTGATTTTAA	46790190	46754370	35820	46790220	35850
ENSMUST00000224622	AATGTTGCTTTTCTTGCTCAGTGATTTTAA	46790190	46758002	32188	46790220	32218
ENSMUST00000224622	AATGTTGCTTTTCTTGCTCAGTGATTTTAA	46790190	46758002	32188	46790220	32218
ENSMUST00000196060	GATATAATTGACATTGATTACTTTGAAGGAT	110246817	110250958	-4141	110246848	-4110
ENSMUST00000196060	GATATAATTGACATTGATTACTTTGAAGGAT	110246817	110250958	-4141	110246848	-4110
ENSMUST00000112232	TATGAATGTGCGGCGAGGCCTTGCTGGAGCC	134485877	134463826	22051	134485908	22082
ENSMUST00000112232	TATGAATGTGCGGCGAGGCCTTGCTGGAGCC	134485877	134467650	18227	134485908	18258
ENSMUST00000126977	GAAATACCAGTGGTCGAGGATGAAGAAAAGG	5058150	5055979	2171	5058735	2756
ENSMUST00000023206	TCGGAGCGAGCTCCCATCTCTGATCCATCGGCG	13147591	13123333	24258	13147624	24291
ENSMUST00000009256	AGCTCTCCTAGTCATCTTCACACAGCCCTCCTC	120891655	120848455	43200	120891688	43233
ENSMUST00000009256	AGCTCTCCTAGTCATCTTCACACAGCCCTCCTC	120891655	120862854	28801	120891688	28834
ENSMUST00000009256	AGCTCTCCTAGTCATCTTCACACAGCCCTCCTC	120891655	120865567	26088	120891688	26121
ENSMUST00000009256	AGCTCTCCTAGTCATCTTCACACAGCCCTCCTC	120891655	120870765	20890	120891688	20923
ENSMUST00000150602	GCCAACCTCATGCACAACTTCATCTTGAAGGCG	155247820	155242730	5090	155247853	5123
ENSMUST00000150602	GCCAACCTCATGCACAACTTCATCTTGAAGGCG	155247820	155242730	5090	155247853	5123
ENSMUST00000150602	GCCAACCTCATGCACAACTTCATCTTGAAGGCG	155247820	155242734	5086	155247853	5119
ENSMUST00000150602	GCCAACCTCATGCACAACTTCATCTTGAAGGCG	155247820	155242730	5090	155247853	5123
ENSMUST00000150602	GCCAACCTCATGCACAACTTCATCTTGAAGGCG	155247820	155242730	5090	155247853	5123
ENSMUST00000150602	GCCAACCTCATGCACAACTTCATCTTGAAGGCG	155247820	155242734	5086	155247853	5119
ENSMUST00000032710	AACAAAAAAATCTGAATTCAAAACAGACCATGA	51669503	51646186	23317	51669536	23350
ENSMUST00000210135	TGGACTTTCCCACACGGATGTCCTTTCCTATAC	27653148	27652686	462	27653181	495
ENSMUST00000210135	TGGACTTTCCCACACGGATGTCCTTTCCTATAC	27653148	27776825	-123677	27653181	-123644
ENSMUST00000210135	TGGACTTTCCCACACGGATGTCCTTTCCTATAC	27653148	27876586	-223438	27653181	-223405
ENSMUST00000210135	TGGACTTTCCCACACGGATGTCCTTTCCTATAC	27653148	27898565	-245417	27653181	-245384
ENSMUST00000210135	TGGACTTTCCCACACGGATGTCCTTTCCTATAC	27653148	27912812	-259664	27653181	-259631
ENSMUST00000210135	TGGACTTTCCCACACGGATGTCCTTTCCTATAC	27653148	27966395	-313247	27653181	-313214
ENSMUST00000210135	TGGACTTTCCCACACGGATGTCCTTTCCTATAC	27653148	28040342	-387194	27653181	-387161
ENSMUST00000210135	TGGACTTTCCCACACGGATGTCCTTTCCTATAC	27653148	28040342	-387194	27653181	-387161
ENSMUST00000023132	GAACAAACAGAAGTGGAAGGAACGGGCAGCAAG	103527654	103521652	6002	103528234	6582
ENSMUST00000024575	GGAGAATGGGCTGCTCATGACCCCCTGCTATACT	7292869	7227912	64957	7292903	64991
ENSMUST00000080067	CTTTGCCTTCCTCATATCACTCATCTTCATCTAC	24436229	24438694	-2465	24436263	-2431
ENSMUST00000035813	GGTGCTGGGTGCTGGGTGCTGGGTGCTGGGTGCT	5161604	4905225	256379	5161638	256413
ENSMUST00000035813	GGTGCTGGGTGCTGGGTGCTGGGTGCTGGGTGCT	5161604	4905225	256379	5161638	256413
ENSMUST00000035813	GGTGCTGGGTGCTGGGTGCTGGGTGCTGGGTGCT	5161604	5100431	61173	5161638	61207
ENSMUST00000108251	CTCTGCAGTCTATATCTATAACTGTAACTCCTGG	79535824	79463232	72592	79535858	72626
ENSMUST00000108909	CAAGGAGCACCCAGGAAGTGGCTTCAAAGGGGACT	101039943	100959339	80604	101039978	80639
ENSMUST00000038900	ATAAAATCTGATATATACACGTTAGGAAAGTTCTC	150808801	150716402	92399	150808836	92434
ENSMUST00000111338	CCTAAGATCCGGGCTGTTTCTCCACATTTTGATGA	91601035	91579422	21613	91601070	21648
ENSMUST00000111338	CCTAAGATCCGGGCTGTTTCTCCACATTTTGATGA	91601035	91601005	30	91601070	65
ENSMUST00000194959	CCCATTTTGCTATCTAACTCTCCCACTGCCTTTGAA	108372699	108356410	16289	108372735	16325
ENSMUST00000194959	CCCATTTTGCTATCTAACTCTCCCACTGCCTTTGAA	108372699	108374223	-1524	108372735	-1488
ENSMUST00000030691	TATTGACATCAATGCCAGCCTGCAAACTATTACTAT	14680751	14668964	11787	14680787	11823
ENSMUST00000087181	TGCCTCTGTCTCCATCCTAACCATACTTTTGAAGTT	73560345	73510885	49460	73560381	49496
ENSMUST00000087181	TGCCTCTGTCTCCATCCTAACCATACTTTTGAAGTT	73560345	73531503	28842	73560381	28878
ENSMUST00000100301	CACACACACACACACACAGCCCTTGTCCTCCGCAGT	3330978	3305343	25635	3331014	25671
ENSMUST00000100301	CACACACACACACACACAGCCCTTGTCCTCCGCAGT	3330978	3322339	8639	3331014	8675
ENSMUST00000072031	GAGCGGCTCTCCACACATGAGCTCACCTCTCTGCTA	59753029	59727551	25478	59754998	27447
ENSMUST00000072031	GAGCGGCTCTCCACACATGAGCTCACCTCTCTGCTA	59753029	59744751	8278	59754998	10247
ENSMUST00000120544	ATGTGTCTTTCTAACTTCTAATAAACTCACTCCAACT	111794872	111775923	18949	111794894	18971
ENSMUST00000120544	ATGTGTCTTTCTAACTTCTAATAAACTCACTCCAACT	111794872	111789324	5548	111794894	5570
ENSMUST00000120544	ATGTGTCTTTCTAACTTCTAATAAACTCACTCCAACT	111794872	111789324	5548	111794894	5570
ENSMUST00000120544	ATGTGTCTTTCTAACTTCTAATAAACTCACTCCAACT	111794872	111789348	5524	111794894	5546
ENSMUST00000120544	ATGTGTCTTTCTAACTTCTAATAAACTCACTCCAACT	111794872	111775923	18949	111794894	18971
ENSMUST00000120544	ATGTGTCTTTCTAACTTCTAATAAACTCACTCCAACT	111794872	111789324	5548	111794894	5570
ENSMUST00000120544	ATGTGTCTTTCTAACTTCTAATAAACTCACTCCAACT	111794872	111789324	5548	111794894	5570
ENSMUST00000120544	ATGTGTCTTTCTAACTTCTAATAAACTCACTCCAACT	111794872	111789348	5524	111794894	5546
ENSMUST00000238701	GATCCCTCTGCTGCAGATCGGCCTCCTCCTGTTTTTT	84518654	84614694	-96040	84518691	-96003
ENSMUST00000091497	CTTTTCTCTCCCATTCAAGGCTGGGTACCCCAGAGCT	4612809	4431198	181611	4612846	181648
ENSMUST00000091497	CTTTTCTCTCCCATTCAAGGCTGGGTACCCCAGAGCT	4612809	4497988	114821	4612846	114858
ENSMUST00000091497	CTTTTCTCTCCCATTCAAGGCTGGGTACCCCAGAGCT	4612809	4535172	77637	4612846	77674
ENSMUST00000091497	CTTTTCTCTCCCATTCAAGGCTGGGTACCCCAGAGCT	4612809	4537238	75571	4612846	75608
ENSMUST00000091497	CTTTTCTCTCCCATTCAAGGCTGGGTACCCCAGAGCT	4612809	4594538	18271	4612846	18308
ENSMUST00000022458	GTCATCATGGAGCGAATCGGTCTTGCTACTGCAGGGGA	31254612	31251899	2713	31255097	3198
ENSMUST00000022458	GTCATCATGGAGCGAATCGGTCTTGCTACTGCAGGGGA	31254612	31251899	2713	31255097	3198
ENSMUST00000022458	GTCATCATGGAGCGAATCGGTCTTGCTACTGCAGGGGA	31254612	31251899	2713	31255097	3198
ENSMUST00000022458	GTCATCATGGAGCGAATCGGTCTTGCTACTGCAGGGGA	31254612	31251899	2713	31255097	3198
ENSMUST00000022458	GTCATCATGGAGCGAATCGGTCTTGCTACTGCAGGGGA	31254612	31251899	2713	31255097	3198
ENSMUST00000022458	GTCATCATGGAGCGAATCGGTCTTGCTACTGCAGGGGA	31254612	31251899	2713	31255097	3198
ENSMUST00000111416	TGGGATGTGGCTCAGTTGGTAGAGCGCTTGATTAGCAT	166314796	166270498	44298	166314834	44336
ENSMUST00000111416	TGGGATGTGGCTCAGTTGGTAGAGCGCTTGATTAGCAT	166314796	166270498	44298	166314834	44336
ENSMUST00000111416	TGGGATGTGGCTCAGTTGGTAGAGCGCTTGATTAGCAT	166314796	166270498	44298	166314834	44336
ENSMUST00000111416	TGGGATGTGGCTCAGTTGGTAGAGCGCTTGATTAGCAT	166314796	166270498	44298	166314834	44336
ENSMUST00000111416	TGGGATGTGGCTCAGTTGGTAGAGCGCTTGATTAGCAT	166314796	166270498	44298	166314834	44336
ENSMUST00000111416	TGGGATGTGGCTCAGTTGGTAGAGCGCTTGATTAGCAT	166314796	166291415	23381	166314834	23419
ENSMUST00000111416	TGGGATGTGGCTCAGTTGGTAGAGCGCTTGATTAGCAT	166314796	166291415	23381	166314834	23419
ENSMUST00000111416	TGGGATGTGGCTCAGTTGGTAGAGCGCTTGATTAGCAT	166314796	166291415	23381	166314834	23419
ENSMUST00000111416	TGGGATGTGGCTCAGTTGGTAGAGCGCTTGATTAGCAT	166314796	166294590	20206	166314834	20244
ENSMUST00000111416	TGGGATGTGGCTCAGTTGGTAGAGCGCTTGATTAGCAT	166314796	166294590	20206	166314834	20244
ENSMUST00000111416	TGGGATGTGGCTCAGTTGGTAGAGCGCTTGATTAGCAT	166314796	166294590	20206	166314834	20244
ENSMUST00000036315	TAACGCTGCAGTTTAACTGCTCGGCTCCCCTTCCAAGA	57011831	57201125	-189294	57011869	-189256
ENSMUST00000036315	TAACGCTGCAGTTTAACTGCTCGGCTCCCCTTCCAAGA	57011831	57217771	-205940	57011869	-205902
ENSMUST00000036315	TAACGCTGCAGTTTAACTGCTCGGCTCCCCTTCCAAGA	57011831	57221017	-209186	57011869	-209148
ENSMUST00000036315	TAACGCTGCAGTTTAACTGCTCGGCTCCCCTTCCAAGA	57011831	57309768	-297937	57011869	-297899
ENSMUST00000036315	TAACGCTGCAGTTTAACTGCTCGGCTCCCCTTCCAAGA	57011831	57309768	-297937	57011869	-297899
ENSMUST00000036315	TAACGCTGCAGTTTAACTGCTCGGCTCCCCTTCCAAGA	57011831	57310607	-298776	57011869	-298738
ENSMUST00000183034	GATTAGAGTCGGGAGTCCAGTTTCAGAATGAAGCAGAG	34161029	34296741	-135712	34161067	-135674
ENSMUST00000024575	CAAGGGGTTGTCCATCGGGACCTGAAACCAAGTAACAT	7292756	7227912	64844	7292794	64882
ENSMUST00000036288	CAAATAACCCACAGTCTCGGACCCACTCACCCCCACAG	128223545	128153188	70357	128223583	70395
ENSMUST00000036288	CAAATAACCCACAGTCTCGGACCCACTCACCCCCACAG	128223545	128162201	61344	128223583	61382
ENSMUST00000036288	CAAATAACCCACAGTCTCGGACCCACTCACCCCCACAG	128223545	128167892	55653	128223583	55691
ENSMUST00000036288	CAAATAACCCACAGTCTCGGACCCACTCACCCCCACAG	128223545	128168978	54567	128223583	54605
ENSMUST00000036288	CAAATAACCCACAGTCTCGGACCCACTCACCCCCACAG	128223545	128193459	30086	128223583	30124
ENSMUST00000036288	CAAATAACCCACAGTCTCGGACCCACTCACCCCCACAG	128223545	128196973	26572	128223583	26610
ENSMUST00000036288	CAAATAACCCACAGTCTCGGACCCACTCACCCCCACAG	128223545	128211204	12341	128223583	12379
ENSMUST00000036288	CAAATAACCCACAGTCTCGGACCCACTCACCCCCACAG	128223545	128216400	7145	128223583	7183
ENSMUST00000036288	CAAATAACCCACAGTCTCGGACCCACTCACCCCCACAG	128223545	128221599	1946	128223583	1984
ENSMUST00000055946	TATCACCAAAAGAAATTGAACTCTGTCATTCTGGAAGCT	21830001	21576822	253179	21830040	253218
ENSMUST00000055946	TATCACCAAAAGAAATTGAACTCTGTCATTCTGGAAGCT	21830001	21648956	181045	21830040	181084
ENSMUST00000084513	GGAAGGAAGCCCTTTCCGTCCTTCCCACTCCTCCTCGGC	130728587	130663015	65572	130728626	65611
ENSMUST00000084513	GGAAGGAAGCCCTTTCCGTCCTTCCCACTCCTCCTCGGC	130728587	130743543	-14956	130728626	-14917
ENSMUST00000099490	CAAGCTGTTAAATCGCTCACCCATGCCAGATTTCTTTCT	55313259	55233894	79365	55313298	79404
ENSMUST00000099490	CAAGCTGTTAAATCGCTCACCCATGCCAGATTTCTTTCT	55313259	55238689	74570	55313298	74609
ENSMUST00000239447	AAGCTTGAAAAGGAGGCAGTGGTCCCCAGGAATGTGGAT	32305619	32293314	12305	32305658	12344
ENSMUST00000034388	CATGTAGGACACTTGAGACTGGCTCTGCATACTTCACTAC	107045323	107036842	8481	107045363	8521
ENSMUST00000180611	CTCTGTCCCCCCGCTTCCTTTGTACGCCTTACTTGCAGCA	49878991	49939548	-60557	49879031	-60517
ENSMUST00000071325	TAACTTCTTCCTGCGACTGCGTTCCATCATTTAAAGAAAA	79581361	79463232	118129	79581401	118169
ENSMUST00000071325	TAACTTCTTCCTGCGACTGCGTTCCATCATTTAAAGAAAA	79581361	79463232	118129	79581401	118169
ENSMUST00000103221	ATCTTCCGAGATCAATCCCTCTCTCACCACCACACCATGG	148472024	148471913	111	148472064	151
ENSMUST00000001202	TGCCAGTGAGGTGAAAAGTCTTATTAATAAAAATGAGCTT	47938359	47943505	-5146	47938399	-5106
ENSMUST00000001202	TGCCAGTGAGGTGAAAAGTCTTATTAATAAAAATGAGCTT	47938359	47947002	-8643	47938399	-8603
ENSMUST00000033876	GCTGGGAGCCAGGGGACTACTCGCACTGTCTGTACACCAA	27113419	27112342	1077	27113459	1117
ENSMUST00000230414	GCAAATCTATTTTAACGTGGACACATCCCTGCTGCCAAGA	87757762	87681479	76283	87757802	76323
ENSMUST00000025729	ATTTTGCTGAGAACTCTTCCAAAAGCAATCAATATGTGTA	36888817	36873796	15021	36888857	15061
ENSMUST00000084513	TTCCCCAACTCCATGTTCAGGGTCGAGTTTTGAGGACACC	130740946	130663015	77931	130742161	79146
ENSMUST00000084513	TTCCCCAACTCCATGTTCAGGGTCGAGTTTTGAGGACACC	130740946	130743543	-2597	130742161	-1382
ENSMUST00000003044	TGTTCAAGGGCAAGGTGGAAGCTGTATTGGAGAAGTTAGG	44860137	44858452	1685	44860177	1725
ENSMUST00000003044	TGTTCAAGGGCAAGGTGGAAGCTGTATTGGAGAAGTTAGG	44860137	44860359	-222	44860177	-182
ENSMUST00000182597	GTATTTCAGGAGTTGAGTTATTGGTGGACCAGCCTTTCAC	74589596	74660381	-70785	74589636	-70745
ENSMUST00000168361	ATTTAATGAAATTCTACAGGCAGCCTATCAATTAATGACA	8744402	8744614	-212	8744442	-172
ENSMUST00000115243	TATAAAAGTGACTTCCTCACAGCAAATGTGCCCCAGCTCTT	28923056	28404327	518729	28923097	518770
ENSMUST00000115243	TATAAAAGTGACTTCCTCACAGCAAATGTGCCCCAGCTCTT	28923056	28675133	247923	28923097	247964
ENSMUST00000067924	ACTTTCTGCCTGGTGAATAAAACAACCCACTGTGTACATAA	105609884	105544199	65685	105609925	65726
ENSMUST00000073822	AAGTAAAAATCACTGTAAACTACCCTCCCTATATATCTAAA	28901636	28404327	497309	28902079	497752
ENSMUST00000073822	AAGTAAAAATCACTGTAAACTACCCTCCCTATATATCTAAA	28901636	28675133	226503	28902079	226946
ENSMUST00000090569	GAATGCAACCAACATCGAGCTAGCCACGGTGCAGCCTGGTC	108272366	108261685	10681	108279765	18080
ENSMUST00000090569	GAATGCAACCAACATCGAGCTAGCCACGGTGCAGCCTGGTC	108272366	108268827	3539	108279765	10938
ENSMUST00000100244	CCCAGTGACTGTCAAGACCTCTGGCTCAAGGTTCGGGTCCT	28222583	28208077	14506	28222624	14547
ENSMUST00000100244	CCCAGTGACTGTCAAGACCTCTGGCTCAAGGTTCGGGTCCT	28222583	28212531	10052	28222624	10093
ENSMUST00000100244	CCCAGTGACTGTCAAGACCTCTGGCTCAAGGTTCGGGTCCT	28222583	28214608	7975	28222624	8016
ENSMUST00000067689	GGGGCCTTCTGGAACTGACACAGTCTCTGGACAAAGCAATTC	80879703	80902519	-22816	80879745	-22774
ENSMUST00000002790	CATCATCCCCTATATCCCCACTCTCATCACGCAGCTCACACA	166937392	166915169	22223	166937434	22265
ENSMUST00000077182	GGCCAAGAAGAACAAAGACAAAGAGTATTACGTCTGAGCACC	6532133	6443630	88503	6532175	88545
ENSMUST00000077182	GGCCAAGAAGAACAAAGACAAAGAGTATTACGTCTGAGCACC	6532133	6448254	83879	6532175	83921
ENSMUST00000077182	GGCCAAGAAGAACAAAGACAAAGAGTATTACGTCTGAGCACC	6532133	6448254	83879	6532175	83921
ENSMUST00000077182	GGCCAAGAAGAACAAAGACAAAGAGTATTACGTCTGAGCACC	6532133	6448254	83879	6532175	83921
ENSMUST00000077182	GGCCAAGAAGAACAAAGACAAAGAGTATTACGTCTGAGCACC	6532133	6454978	77155	6532175	77197
ENSMUST00000077182	GGCCAAGAAGAACAAAGACAAAGAGTATTACGTCTGAGCACC	6532133	6516922	15211	6532175	15253
ENSMUST00000077182	GGCCAAGAAGAACAAAGACAAAGAGTATTACGTCTGAGCACC	6532133	6516922	15211	6532175	15253
ENSMUST00000122941	CCAGCTACCACTACTTTCTCCATTTATCCTGTGTCCTCCACT	12140530	12118238	22292	12140572	22334
ENSMUST00000122941	CCAGCTACCACTACTTTCTCCATTTATCCTGTGTCCTCCACT	12140530	12146148	-5618	12140572	-5576
ENSMUST00000068387	GCTTGCGGACTGCAGTCTATCATGAAATTCTAATTGGATATT	81640515	81616725	23790	81641264	24539
ENSMUST00000042824	ATAGTTGACCTTCTCATACCCTCTCCTAATGCTACTGCAGAA	66501188	66460407	40781	66501230	40823
ENSMUST00000042824	ATAGTTGACCTTCTCATACCCTCTCCTAATGCTACTGCAGAA	66501188	66460407	40781	66501230	40823
ENSMUST00000079618	TTGTTGGGGAATCGAACTTTGCTCTTTATCTTCATCTGCGCCT	77186128	77232792	-46664	77186171	-46621
ENSMUST00000079618	TTGTTGGGGAATCGAACTTTGCTCTTTATCTTCATCTGCGCCT	77186128	77232792	-46664	77186171	-46621
ENSMUST00000100244	ACACGGACAACTTTACCTCTCACCGTCTCCCACACCCCTGGTC	28229129	28208077	21052	28229172	21095
ENSMUST00000100244	ACACGGACAACTTTACCTCTCACCGTCTCCCACACCCCTGGTC	28229129	28212531	16598	28229172	16641
ENSMUST00000100244	ACACGGACAACTTTACCTCTCACCGTCTCCCACACCCCTGGTC	28229129	28214608	14521	28229172	14564
ENSMUST00000108909	AAACTTTTACATGGTCCCTGGCATGCTAGAACCCTTGCTCTGC	100970212	100959339	10873	100970255	10916
ENSMUST00000114018	AGGAAAAAGTGGCACCTCCACACCTACTACCCCTGGATCAACT	66425227	66251661	173566	66425270	173609
ENSMUST00000114018	AGGAAAAAGTGGCACCTCCACACCTACTACCCCTGGATCAACT	66425227	66251661	173566	66425270	173609
ENSMUST00000114018	AGGAAAAAGTGGCACCTCCACACCTACTACCCCTGGATCAACT	66425227	66322403	102824	66425270	102867
ENSMUST00000114018	AGGAAAAAGTGGCACCTCCACACCTACTACCCCTGGATCAACT	66425227	66322403	102824	66425270	102867
ENSMUST00000114018	AGGAAAAAGTGGCACCTCCACACCTACTACCCCTGGATCAACT	66425227	66362202	63025	66425270	63068
ENSMUST00000114018	AGGAAAAAGTGGCACCTCCACACCTACTACCCCTGGATCAACT	66425227	66412406	12821	66425270	12864
ENSMUST00000114018	AGGAAAAAGTGGCACCTCCACACCTACTACCCCTGGATCAACT	66425227	66416343	8884	66425270	8927
ENSMUST00000114018	AGGAAAAAGTGGCACCTCCACACCTACTACCCCTGGATCAACT	66425227	66251661	173566	66425270	173609
ENSMUST00000114018	AGGAAAAAGTGGCACCTCCACACCTACTACCCCTGGATCAACT	66425227	66251661	173566	66425270	173609
ENSMUST00000114018	AGGAAAAAGTGGCACCTCCACACCTACTACCCCTGGATCAACT	66425227	66322403	102824	66425270	102867
ENSMUST00000114018	AGGAAAAAGTGGCACCTCCACACCTACTACCCCTGGATCAACT	66425227	66322403	102824	66425270	102867
ENSMUST00000114018	AGGAAAAAGTGGCACCTCCACACCTACTACCCCTGGATCAACT	66425227	66362202	63025	66425270	63068
ENSMUST00000114018	AGGAAAAAGTGGCACCTCCACACCTACTACCCCTGGATCAACT	66425227	66412406	12821	66425270	12864
ENSMUST00000114018	AGGAAAAAGTGGCACCTCCACACCTACTACCCCTGGATCAACT	66425227	66416343	8884	66425270	8927
ENSMUST00000238701	AAAACGTGGGCTTGGGACTGTGAAATATTGCATGACATTAAAAA	84640214	84614694	25520	84640245	25551
ENSMUST00000238701	AAAACGTGGGCTTGGGACTGTGAAATATTGCATGACATTAAAAA	84640214	84614694	25520	84640245	25551
ENSMUST00000038890	ACACTAGCCCATTCATCACCTTCATTTAACTTAGACACACTGCT	64897297	64835953	61344	64897341	61388
ENSMUST00000038890	ACACTAGCCCATTCATCACCTTCATTTAACTTAGACACACTGCT	64897297	64838812	58485	64897341	58529
ENSMUST00000038890	ACACTAGCCCATTCATCACCTTCATTTAACTTAGACACACTGCT	64897297	64859298	37999	64897341	38043
ENSMUST00000182597	AAATAAATTAAACTCTGCACTATGTAATAGACGTAAAGGTGATC	74580002	74660381	-80379	74580046	-80335
ENSMUST00000131942	CAGCAGGCCGTGGCCCAGCACCACCACACCGTCCTACCATCCCA	43077797	42956616	121181	43077841	121225
ENSMUST00000131942	CAGCAGGCCGTGGCCCAGCACCACCACACCGTCCTACCATCCCA	43077797	43037449	40348	43077841	40392
ENSMUST00000022875	GGACAACAACTGTCGTCTCTTTCCTCCTCCTCCTCCCATCAAGTT	27593264	27590917	2347	27593309	2392
ENSMUST00000114913	TGAAGAGGATGGGCTTTGAGGACCCCAAGGACAAGAATGCCCAGG	35274562	35293017	-18455	35279216	-13801
ENSMUST00000099513	GTCTTCAACGTGGTCTCGGACACTTTCTTCCTCATGGACTTGGTG	79724492	79726146	-1654	79724537	-1609
ENSMUST00000099513	GTCTTCAACGTGGTCTCGGACACTTTCTTCCTCATGGACTTGGTG	79724492	79728892	-4400	79724537	-4355
ENSMUST00000119299	CTGCCTTCTGTCCATCCTCACCATAGCATGCTGTACCCTCTTTCC	101668073	101673042	-4969	101668118	-4924
ENSMUST00000055483	GTTTTAGATGCTCACTTCTGTGTTTTAGGATTCTGCCCATTTACT	42105428	42068356	37072	42105473	37117
ENSMUST00000084513	AAAAGACCCCCGAGAAACTTGACAACACTCCTGCCTCACCTCCAA	130729474	130663015	66459	130729519	66504
ENSMUST00000084513	AAAAGACCCCCGAGAAACTTGACAACACTCCTGCCTCACCTCCAA	130729474	130743543	-14069	130729519	-14024
ENSMUST00000044783	GACTATTGATCAAATTCACAAGGAGGCTGAGATGGAAGAGCACCG	20684079	20673598	10481	20684124	10526
ENSMUST00000099490	GAAGGGGATGTAAGCAGCAAGGATAAGATGGGAAAAGGAGTTGAT	55296147	55233894	62253	55298564	64670
ENSMUST00000099490	GAAGGGGATGTAAGCAGCAAGGATAAGATGGGAAAAGGAGTTGAT	55296147	55238689	57458	55298564	59875
ENSMUST00000109567	TGGTTCCTGGTCCACTCTGACCCTCAGTCATGCCCATGAGGTCTG	156701550	156748022	-46472	156701595	-46427
ENSMUST00000109567	TGGTTCCTGGTCCACTCTGACCCTCAGTCATGCCCATGAGGTCTG	156701550	156748022	-46472	156701595	-46427
ENSMUST00000040787	CTTTGCTTTCCCGAATTCTGCCTTCTGATGCCTGTAAAATATACAA	157975236	157972231	3005	157975282	3051
ENSMUST00000040787	CTTTGCTTTCCCGAATTCTGCCTTCTGATGCCTGTAAAATATACAA	157975236	157972231	3005	157975282	3051
ENSMUST00000040787	CTTTGCTTTCCCGAATTCTGCCTTCTGATGCCTGTAAAATATACAA	157975236	157972231	3005	157975282	3051
ENSMUST00000040787	CTTTGCTTTCCCGAATTCTGCCTTCTGATGCCTGTAAAATATACAA	157975236	157972999	2237	157975282	2283
ENSMUST00000040787	CTTTGCTTTCCCGAATTCTGCCTTCTGATGCCTGTAAAATATACAA	157975236	157972999	2237	157975282	2283
ENSMUST00000040787	CTTTGCTTTCCCGAATTCTGCCTTCTGATGCCTGTAAAATATACAA	157975236	157975227	9	157975282	55
ENSMUST00000040787	CTTTGCTTTCCCGAATTCTGCCTTCTGATGCCTGTAAAATATACAA	157975236	157975227	9	157975282	55
ENSMUST00000040787	CTTTGCTTTCCCGAATTCTGCCTTCTGATGCCTGTAAAATATACAA	157975236	157994596	-19360	157975282	-19314
ENSMUST00000022458	GGCTGCCAGCCTTCCTAGACAATCACAATTATGCCAAATCCCCTAT	31256256	31251899	4357	31256668	4769
ENSMUST00000022458	GGCTGCCAGCCTTCCTAGACAATCACAATTATGCCAAATCCCCTAT	31256256	31251899	4357	31256668	4769
ENSMUST00000022458	GGCTGCCAGCCTTCCTAGACAATCACAATTATGCCAAATCCCCTAT	31256256	31251899	4357	31256668	4769
ENSMUST00000022458	GGCTGCCAGCCTTCCTAGACAATCACAATTATGCCAAATCCCCTAT	31256256	31251899	4357	31256668	4769
ENSMUST00000022458	GGCTGCCAGCCTTCCTAGACAATCACAATTATGCCAAATCCCCTAT	31256256	31251899	4357	31256668	4769
ENSMUST00000022458	GGCTGCCAGCCTTCCTAGACAATCACAATTATGCCAAATCCCCTAT	31256256	31251899	4357	31256668	4769
ENSMUST00000148486	CACGGATTTTGACCCCTCTATCCTGCCTCCTCCGGACCCCTGGATT	70787010	70308046	478964	70787056	479010
ENSMUST00000148486	CACGGATTTTGACCCCTCTATCCTGCCTCCTCCGGACCCCTGGATT	70787010	70424795	362215	70787056	362261
ENSMUST00000110559	CCATTCACCAGGATGTTCACATAAACACCATAAACCTCTTCCTCTGT	13637669	13687618	-49949	13637716	-49902
ENSMUST00000105902	GACTTGGATGAGGACTTTCTTTTCACAGAACCGTTGCCTCCCCCCCT	144411108	144186819	224289	144411155	224336
ENSMUST00000105902	GACTTGGATGAGGACTTTCTTTTCACAGAACCGTTGCCTCCCCCCCT	144411108	144396637	14471	144411155	14518
ENSMUST00000105902	GACTTGGATGAGGACTTTCTTTTCACAGAACCGTTGCCTCCCCCCCT	144411108	144405329	5779	144411155	5826
ENSMUST00000105902	GACTTGGATGAGGACTTTCTTTTCACAGAACCGTTGCCTCCCCCCCT	144411108	144407120	3988	144411155	4035
ENSMUST00000034960	TTTCCTGGAAGCCCCTTTTGGATCTTTTTCAGGCGACACTAGACTAT	65042348	65053044	-10696	65043705	-9339
ENSMUST00000034960	TTTCCTGGAAGCCCCTTTTGGATCTTTTTCAGGCGACACTAGACTAT	65042348	65066350	-24002	65043705	-22645
ENSMUST00000113918	GCTGACAAACCAGCAGGAAGCGTCTGTAGAGAGGCAGCAGCAGCCGCC	83191273	83183935	7338	83191321	7386
ENSMUST00000113918	GCTGACAAACCAGCAGGAAGCGTCTGTAGAGAGGCAGCAGCAGCCGCC	83191273	83183935	7338	83191321	7386
ENSMUST00000033018	AGAACTGCAGTAGTCACTCAAATTATGATTCAACATTTTAATCCTTGG	113568471	113553641	14830	113568519	14878
ENSMUST00000032192	AACTGAAGAACAATGCTTCGAAGCTGCTACTGGCCATCATGGAAAGCA	108485283	108236977	248306	108485331	248354
ENSMUST00000032192	AACTGAAGAACAATGCTTCGAAGCTGCTACTGGCCATCATGGAAAGCA	108485283	108523287	-38004	108485331	-37956
ENSMUST00000032192	AACTGAAGAACAATGCTTCGAAGCTGCTACTGGCCATCATGGAAAGCA	108485283	108236977	248306	108485331	248354
ENSMUST00000032192	AACTGAAGAACAATGCTTCGAAGCTGCTACTGGCCATCATGGAAAGCA	108485283	108523287	-38004	108485331	-37956
ENSMUST00000032192	AACTGAAGAACAATGCTTCGAAGCTGCTACTGGCCATCATGGAAAGCA	108485283	108236977	248306	108485331	248354
ENSMUST00000032192	AACTGAAGAACAATGCTTCGAAGCTGCTACTGGCCATCATGGAAAGCA	108485283	108523287	-38004	108485331	-37956
ENSMUST00000038207	CAAAGTGATCGACTTAACTCCACCATGGGAACACTACTGCACAAAAGA	101616579	101597800	18779	101616627	18827
ENSMUST00000038207	CAAAGTGATCGACTTAACTCCACCATGGGAACACTACTGCACAAAAGA	101616579	101597800	18779	101616627	18827
ENSMUST00000038207	CAAAGTGATCGACTTAACTCCACCATGGGAACACTACTGCACAAAAGA	101616579	101598950	17629	101616627	17677
ENSMUST00000038207	CAAAGTGATCGACTTAACTCCACCATGGGAACACTACTGCACAAAAGA	101616579	101625692	-9113	101616627	-9065
ENSMUST00000159050	CGAGATGAATGGCTCCCTCACCAGCCCAAGCGCCTATGCTGGCCTACA	61410018	61373952	36066	61410066	36114
ENSMUST00000164930	CAAGAAGCCCACTTCCACTAAGCCTAGCTCCTCTGCTCCCAGGGTGAG	110068846	109978849	89997	110068894	90045
ENSMUST00000164930	CAAGAAGCCCACTTCCACTAAGCCTAGCTCCTCTGCTCCCAGGGTGAG	110068846	109999771	69075	110068894	69123
ENSMUST00000164930	CAAGAAGCCCACTTCCACTAAGCCTAGCTCCTCTGCTCCCAGGGTGAG	110068846	110032098	36748	110068894	36796
ENSMUST00000164930	CAAGAAGCCCACTTCCACTAAGCCTAGCTCCTCTGCTCCCAGGGTGAG	110068846	110071025	-2179	110068894	-2131
ENSMUST00000164930	CAAGAAGCCCACTTCCACTAAGCCTAGCTCCTCTGCTCCCAGGGTGAG	110068846	110072612	-3766	110068894	-3718
ENSMUST00000164930	CAAGAAGCCCACTTCCACTAAGCCTAGCTCCTCTGCTCCCAGGGTGAG	110068846	110079780	-10934	110068894	-10886
ENSMUST00000112008	ACGACCATTCCTTGGCACCTGCTGTGTTCGCCTCCTCGTCCAACAGCT	115994267	115952451	41816	115994315	41864
ENSMUST00000168361	TAAACAAGATGATGAGGACTCTAAAATAAATGGCAGAGGTTTGCCAAA	8710252	8744614	-34362	8710300	-34314
ENSMUST00000115731	CTTGACAGAGTACGTAGCCACACGTTGGTACAGAGCTCCAGAAATTATG	17023511	17026357	-2846	17023560	-2797
ENSMUST00000115731	CTTGACAGAGTACGTAGCCACACGTTGGTACAGAGCTCCAGAAATTATG	17023511	17035441	-11930	17023560	-11881
ENSMUST00000115731	CTTGACAGAGTACGTAGCCACACGTTGGTACAGAGCTCCAGAAATTATG	17023511	17035441	-11930	17023560	-11881
ENSMUST00000079258	TTTCACTGCCGGACTTAGGCTGGTGATGCCCCTTCCCCAGCCCCAGTCA	27281642	27266726	14916	27281691	14965
ENSMUST00000079258	TTTCACTGCCGGACTTAGGCTGGTGATGCCCCTTCCCCAGCCCCAGTCA	27281642	27268778	12864	27281691	12913
ENSMUST00000025729	AAAAATTGTACAACTGTTACTGCACCATGGGGCTGATGTCCATGCTAAA	36852845	36873796	-20951	36852894	-20902
ENSMUST00000192069	TGGTGTCAGACACAAACATAAATTCCCATCCCAGGGCCTAGGCAGTACA	159930307	159849985	80322	159930356	80371
ENSMUST00000162372	AAATCTGTTCAAACACCAGATCCTTCTCACCCGTACGGCTTTTCAAATA	67339984	67326852	13132	67342121	15269
ENSMUST00000162372	AAATCTGTTCAAACACCAGATCCTTCTCACCCGTACGGCTTTTCAAATA	67339984	67349781	-9797	67342121	-7660
ENSMUST00000009099	TATTTTTATTACTTTTTTGTAGATGAACTTGAGCTCTGTAACTTACACC	113137050	113133540	3510	113137099	3559
ENSMUST00000212571	ATCCCAAGTGTACATGGCTGACGACCCCTAAGAGCACCTGGCCCCGGTA	123388593	123381399	7194	123388642	7243
ENSMUST00000080210	TATCAGCCTACGCCTGCATCATTCCCACTCAGTGCACCAGTGGAACTTGT	102789536	102748468	41068	102789586	41118
ENSMUST00000111807	CATCATCAAGACCTACCGCAGCTCCTAGCCCACTGCAGAGCCCCACCTGC	47257633	47253118	4515	47257683	4565
ENSMUST00000020706	ATCCTTTTCCTGGCGCTGTTCGTGGTCACCAATGTCCGATCCCTGCAGGT	7063894	7130275	-66381	7063944	-66331
ENSMUST00000020706	ATCCTTTTCCTGGCGCTGTTCGTGGTCACCAATGTCCGATCCCTGCAGGT	7063894	7130275	-66381	7063944	-66331
ENSMUST00000108344	ATACCAGGCACCCCTTCCTTACAGCCCTCAAGTATGCCTTCCAGACCCAT	27632467	27629295	3172	27633233	3938
ENSMUST00000108344	ATACCAGGCACCCCTTCCTTACAGCCCTCAAGTATGCCTTCCAGACCCAT	27632467	27629334	3133	27633233	3899
ENSMUST00000108344	ATACCAGGCACCCCTTCCTTACAGCCCTCAAGTATGCCTTCCAGACCCAT	27632467	27632417	50	27633233	816
ENSMUST00000114018	AAAGTTGCCATCATCCGCACTCCTCCAAAGTCCCCAGCTACTCCTAAGCA	66425390	66251661	173729	66425440	173779
ENSMUST00000114018	AAAGTTGCCATCATCCGCACTCCTCCAAAGTCCCCAGCTACTCCTAAGCA	66425390	66251661	173729	66425440	173779
ENSMUST00000114018	AAAGTTGCCATCATCCGCACTCCTCCAAAGTCCCCAGCTACTCCTAAGCA	66425390	66322403	102987	66425440	103037
ENSMUST00000114018	AAAGTTGCCATCATCCGCACTCCTCCAAAGTCCCCAGCTACTCCTAAGCA	66425390	66322403	102987	66425440	103037
ENSMUST00000114018	AAAGTTGCCATCATCCGCACTCCTCCAAAGTCCCCAGCTACTCCTAAGCA	66425390	66362202	63188	66425440	63238
ENSMUST00000114018	AAAGTTGCCATCATCCGCACTCCTCCAAAGTCCCCAGCTACTCCTAAGCA	66425390	66412406	12984	66425440	13034
ENSMUST00000114018	AAAGTTGCCATCATCCGCACTCCTCCAAAGTCCCCAGCTACTCCTAAGCA	66425390	66416343	9047	66425440	9097
ENSMUST00000037526	TAAACAATGCCCCCATCCTGTGCGTCCAGTCTCACCTTGGCCATGAAGAA	59815389	59724660	90729	59815439	90779
ENSMUST00000110082	ATGTCAGAAGCCCCTCTGTCCACACACAAAGTCTGCATGTATTGGTCGGT	100206563	100203574	2989	100206613	3039
ENSMUST00000110082	ATGTCAGAAGCCCCTCTGTCCACACACAAAGTCTGCATGTATTGGTCGGT	100206563	100203574	2989	100206613	3039
ENSMUST00000238701	GACAAGACACCCATGTCTGAGCGGCTGGATGACACGGAACCATACTTCAT	84461572	84614694	-153122	84462713	-151981
ENSMUST00000102888	TCTCTCTTTCTTTTTTAATCTGTGGCTGTGAACTTGAATGACCACTGCTC	60987871	60955536	32335	60987921	32385
ENSMUST00000102888	TCTCTCTTTCTTTTTTAATCTGTGGCTGTGAACTTGAATGACCACTGCTC	60987871	60977939	9932	60987921	9982
ENSMUST00000098070	TTTTTTGCCAGCACTGTGATTATGGGAACCGGACGGTCAAAGGCGTCCTC	55011585	55060013	-48428	55011635	-48378
ENSMUST00000097785	AATCATGTTCAGCACCTCCAGTCAGCCTGTGCGAGCTCACACCAGTTTCA	34227833	34296741	-68908	34227883	-68858
ENSMUST00000097785	AATCATGTTCAGCACCTCCAGTCAGCCTGTGCGAGCTCACACCAGTTTCA	34227833	34296741	-68908	34227883	-68858
ENSMUST00000027521	AAAGGAGACAGAGAAGCGTGTAAAGTAACGGAGAGAGGTGCCTATAATGGA	89895210	89743727	151483	89895261	151534
ENSMUST00000027521	AAAGGAGACAGAGAAGCGTGTAAAGTAACGGAGAGAGGTGCCTATAATGGA	89895210	89766305	128905	89895261	128956
ENSMUST00000167020	AGCATCTACTTTATCCAAACTGCCTACACCCACAGCTTCTCTCCCTGCACA	7910763	7901495	9268	7910814	9319
ENSMUST00000167020	AGCATCTACTTTATCCAAACTGCCTACACCCACAGCTTCTCTCCCTGCACA	7910763	7910515	248	7910814	299
ENSMUST00000003123	TGAAAGAATGACAAATCCGTGGAGCTGACATGTCTGGAATAAAGTGAATAC	72222970	72219940	3030	72223021	3081
ENSMUST00000201702	ACCCAGATGAGCAGACCTCACGAACCCTCACCCTCATCGCCAAGGTCATCCA	26959783	26944632	15151	26959835	15203
ENSMUST00000025729	GTTTATATTTACGTACTTTTCAAAGTTTGGCCTATGTTACTCTGTGTGGATC	36892535	36873796	18739	36892587	18791
ENSMUST00000004172	ATCCTACCCCAAGTGACCTGTTCTATCCCCATCTCCACCTCTGCCTAAAACT	4766132	4762558	3574	4766184	3626
ENSMUST00000004172	ATCCTACCCCAAGTGACCTGTTCTATCCCCATCTCCACCTCTGCCTAAAACT	4766132	4762558	3574	4766184	3626
ENSMUST00000004172	ATCCTACCCCAAGTGACCTGTTCTATCCCCATCTCCACCTCTGCCTAAAACT	4766132	4762558	3574	4766184	3626
ENSMUST00000149756	TGGCCCAGTGGTGTACGCAGGGAGACTTACTGGCAGTTGCTGGGATGGAGCA	6206902	6176828	30074	6206954	30126
ENSMUST00000149756	TGGCCCAGTGGTGTACGCAGGGAGACTTACTGGCAGTTGCTGGGATGGAGCA	6206902	6185136	21766	6206954	21818
ENSMUST00000149756	TGGCCCAGTGGTGTACGCAGGGAGACTTACTGGCAGTTGCTGGGATGGAGCA	6206902	6198671	8231	6206954	8283
ENSMUST00000026292	GGATGATGAAGGTGAAGAAGGAGATGAAGATGATGACGACGATGGTTCTGAGA	151907331	151806719	100612	151907384	100665
ENSMUST00000026292	GGATGATGAAGGTGAAGAAGGAGATGAAGATGATGACGACGATGGTTCTGAGA	151907331	151806719	100612	151907384	100665
ENSMUST00000168361	TTTTAATCGCACTCCTGGAAGTCGCCAAGCCTCTCCAACTGAAGTAGTTGAGC	8713360	8744614	-31254	8713412	-31202
ENSMUST00000030039	GTGCATCACAACTACCACCACCTCCTCCTCTCCTTGGGTCTGATAGTCAGGGA	174608843	174581915	26928	174608896	26981
ENSMUST00000030039	GTGCATCACAACTACCACCACCTCCTCCTCTCCTTGGGTCTGATAGTCAGGGA	174608843	174647105	-38262	174608896	-38209
ENSMUST00000074622	ATGGCCTTCTGGGAAGCTTCTCCGAGGAAACCCACTCCTGCACATGCCCCAAC	146901061	146514667	386394	146901114	386447
ENSMUST00000074622	ATGGCCTTCTGGGAAGCTTCTCCGAGGAAACCCACTCCTGCACATGCCCCAAC	146901061	146514667	386394	146901114	386447
ENSMUST00000074622	ATGGCCTTCTGGGAAGCTTCTCCGAGGAAACCCACTCCTGCACATGCCCCAAC	146901061	146682575	218486	146901114	218539
ENSMUST00000074622	ATGGCCTTCTGGGAAGCTTCTCCGAGGAAACCCACTCCTGCACATGCCCCAAC	146901061	146751754	149307	146901114	149360
ENSMUST00000114015	ACTCAGTCAGAAAATTAAAAGAAAGAAGCCAGAACATACCACCAGCCGTTTGA	66322451	66251661	70790	66362239	110578
ENSMUST00000114015	ACTCAGTCAGAAAATTAAAAGAAAGAAGCCAGAACATACCACCAGCCGTTTGA	66322451	66251661	70790	66362239	110578
ENSMUST00000114015	ACTCAGTCAGAAAATTAAAAGAAAGAAGCCAGAACATACCACCAGCCGTTTGA	66322451	66322403	48	66362239	39836
ENSMUST00000114015	ACTCAGTCAGAAAATTAAAAGAAAGAAGCCAGAACATACCACCAGCCGTTTGA	66322451	66322403	48	66362239	39836
ENSMUST00000114015	ACTCAGTCAGAAAATTAAAAGAAAGAAGCCAGAACATACCACCAGCCGTTTGA	66322451	66362202	-39751	66362239	37
ENSMUST00000114015	ACTCAGTCAGAAAATTAAAAGAAAGAAGCCAGAACATACCACCAGCCGTTTGA	66322451	66412406	-89955	66362239	-50167
ENSMUST00000114015	ACTCAGTCAGAAAATTAAAAGAAAGAAGCCAGAACATACCACCAGCCGTTTGA	66322451	66416343	-93892	66362239	-54104
ENSMUST00000114015	ACTCAGTCAGAAAATTAAAAGAAAGAAGCCAGAACATACCACCAGCCGTTTGA	66322451	66251661	70790	66362239	110578
ENSMUST00000114015	ACTCAGTCAGAAAATTAAAAGAAAGAAGCCAGAACATACCACCAGCCGTTTGA	66322451	66251661	70790	66362239	110578
ENSMUST00000114015	ACTCAGTCAGAAAATTAAAAGAAAGAAGCCAGAACATACCACCAGCCGTTTGA	66322451	66322403	48	66362239	39836
ENSMUST00000114015	ACTCAGTCAGAAAATTAAAAGAAAGAAGCCAGAACATACCACCAGCCGTTTGA	66322451	66322403	48	66362239	39836
ENSMUST00000114015	ACTCAGTCAGAAAATTAAAAGAAAGAAGCCAGAACATACCACCAGCCGTTTGA	66322451	66362202	-39751	66362239	37
ENSMUST00000114015	ACTCAGTCAGAAAATTAAAAGAAAGAAGCCAGAACATACCACCAGCCGTTTGA	66322451	66412406	-89955	66362239	-50167
ENSMUST00000114015	ACTCAGTCAGAAAATTAAAAGAAAGAAGCCAGAACATACCACCAGCCGTTTGA	66322451	66416343	-93892	66362239	-54104
ENSMUST00000040179	ATACCAATTGCTCTTCTTTCTGCAGTCCTGCTGCTGTTCTTCTGCAGAGACTCC	85933347	85933281	66	85933401	120
ENSMUST00000040179	ATACCAATTGCTCTTCTTTCTGCAGTCCTGCTGCTGTTCTTCTGCAGAGACTCC	85933347	85939325	-5978	85933401	-5924
ENSMUST00000040179	ATACCAATTGCTCTTCTTTCTGCAGTCCTGCTGCTGTTCTTCTGCAGAGACTCC	85933347	85939328	-5981	85933401	-5927
ENSMUST00000106113	CATTCTGGACTGAGCTGAGCAACAGGCAGAGGGCGTTAGCCTCATTGTGAGGTT	121308316	121290743	17573	121308370	17627
ENSMUST00000106113	CATTCTGGACTGAGCTGAGCAACAGGCAGAGGGCGTTAGCCTCATTGTGAGGTT	121308316	121296028	12288	121308370	12342
ENSMUST00000106113	CATTCTGGACTGAGCTGAGCAACAGGCAGAGGGCGTTAGCCTCATTGTGAGGTT	121308316	121296028	12288	121308370	12342
ENSMUST00000020608	GCTCCAAACTATTGCTATCGTTGTGGTAACCAAGCTGCAATCATGGAACTTGAC	52120983	52118668	2315	52121037	2369
ENSMUST00000095797	CTGCTCACCATGTGAACATAGTACCTCAGTTCTGTCCTTGGCTGCAATCGTTGT	51150897	51127924	22973	51150951	23027
ENSMUST00000095797	CTGCTCACCATGTGAACATAGTACCTCAGTTCTGTCCTTGGCTGCAATCGTTGT	51150897	51139356	11541	51150951	11595
ENSMUST00000097785	ATCCTGACAACCCACTCAAGACGTCCATCCCCATCAAAGCCATCTGCGACTACA	34167047	34296741	-129694	34167286	-129455
ENSMUST00000097785	ATCCTGACAACCCACTCAAGACGTCCATCCCCATCAAAGCCATCTGCGACTACA	34167047	34296741	-129694	34167286	-129455
ENSMUST00000094639	AGAGGAACATGTGTCCTCAGCCACATCAATCACGGAGTGTGACAAACTCTCCTCC	121301885	121298596	3289	121301940	3344
ENSMUST00000094639	AGAGGAACATGTGTCCTCAGCCACATCAATCACGGAGTGTGACAAACTCTCCTCC	121301885	121298596	3289	121301940	3344
ENSMUST00000098266	ATGACCAGATTGAAGGTGGGAGAGGGCAGGACTGTGAATAGATTCTCAATGCTTT	99601633	99596022	5611	99601688	5666
ENSMUST00000098266	ATGACCAGATTGAAGGTGGGAGAGGGCAGGACTGTGAATAGATTCTCAATGCTTT	99601633	99597035	4598	99601688	4653
ENSMUST00000098266	ATGACCAGATTGAAGGTGGGAGAGGGCAGGACTGTGAATAGATTCTCAATGCTTT	99601633	99598490	3143	99601688	3198
ENSMUST00000032451	CTGGTTTTATCTCTGAACTTCCCTGGCCACCCTCCTCTGTGCCCTGGGACCAGTT	114248100	114134598	113502	114248155	113557
ENSMUST00000032451	CTGGTTTTATCTCTGAACTTCCCTGGCCACCCTCCTCTGTGCCCTGGGACCAGTT	114248100	114134849	113251	114248155	113306
ENSMUST00000032451	CTGGTTTTATCTCTGAACTTCCCTGGCCACCCTCCTCTGTGCCCTGGGACCAGTT	114248100	114138900	109200	114248155	109255
ENSMUST00000032451	CTGGTTTTATCTCTGAACTTCCCTGGCCACCCTCCTCTGTGCCCTGGGACCAGTT	114248100	114162040	86060	114248155	86115
ENSMUST00000032451	CTGGTTTTATCTCTGAACTTCCCTGGCCACCCTCCTCTGTGCCCTGGGACCAGTT	114248100	114243865	4235	114248155	4290
ENSMUST00000032451	CTGGTTTTATCTCTGAACTTCCCTGGCCACCCTCCTCTGTGCCCTGGGACCAGTT	114248100	114244809	3291	114248155	3346
ENSMUST00000074015	ATTTTTTCCCAATGATCTTATTCTACACCTAAGTCCTGCTATACCCTGTGGTCCT	157315755	156859436	456319	157315810	456374
ENSMUST00000074015	ATTTTTTCCCAATGATCTTATTCTACACCTAAGTCCTGCTATACCCTGTGGTCCT	157315755	157016181	299574	157315810	299629
ENSMUST00000074015	ATTTTTTCCCAATGATCTTATTCTACACCTAAGTCCTGCTATACCCTGTGGTCCT	157315755	157016181	299574	157315810	299629
ENSMUST00000074015	ATTTTTTCCCAATGATCTTATTCTACACCTAAGTCCTGCTATACCCTGTGGTCCT	157315755	157069165	246590	157315810	246645
ENSMUST00000074015	ATTTTTTCCCAATGATCTTATTCTACACCTAAGTCCTGCTATACCCTGTGGTCCT	157315755	157146211	169544	157315810	169599
ENSMUST00000182356	ACCAAGTATGAAACCACGATTTTCTGATACCCGCCGCCCCGTCCTCGCGGTGCCT	90969900	90577088	392812	90969955	392867
ENSMUST00000182356	ACCAAGTATGAAACCACGATTTTCTGATACCCGCCGCCCCGTCCTCGCGGTGCCT	90969900	90644457	325443	90969955	325498
ENSMUST00000182356	ACCAAGTATGAAACCACGATTTTCTGATACCCGCCGCCCCGTCCTCGCGGTGCCT	90969900	90680766	289134	90969955	289189
ENSMUST00000182356	ACCAAGTATGAAACCACGATTTTCTGATACCCGCCGCCCCGTCCTCGCGGTGCCT	90969900	90680766	289134	90969955	289189
ENSMUST00000182356	ACCAAGTATGAAACCACGATTTTCTGATACCCGCCGCCCCGTCCTCGCGGTGCCT	90969900	90680766	289134	90969955	289189
ENSMUST00000182356	ACCAAGTATGAAACCACGATTTTCTGATACCCGCCGCCCCGTCCTCGCGGTGCCT	90969900	90895098	74802	90969955	74857
ENSMUST00000182356	ACCAAGTATGAAACCACGATTTTCTGATACCCGCCGCCCCGTCCTCGCGGTGCCT	90969900	90895098	74802	90969955	74857
ENSMUST00000182356	ACCAAGTATGAAACCACGATTTTCTGATACCCGCCGCCCCGTCCTCGCGGTGCCT	90969900	90897246	72654	90969955	72709
ENSMUST00000182356	ACCAAGTATGAAACCACGATTTTCTGATACCCGCCGCCCCGTCCTCGCGGTGCCT	90969900	90897246	72654	90969955	72709
ENSMUST00000182356	ACCAAGTATGAAACCACGATTTTCTGATACCCGCCGCCCCGTCCTCGCGGTGCCT	90969900	90897246	72654	90969955	72709
ENSMUST00000182356	ACCAAGTATGAAACCACGATTTTCTGATACCCGCCGCCCCGTCCTCGCGGTGCCT	90969900	90897348	72552	90969955	72607
ENSMUST00000182356	ACCAAGTATGAAACCACGATTTTCTGATACCCGCCGCCCCGTCCTCGCGGTGCCT	90969900	90923530	46370	90969955	46425
ENSMUST00000232395	CATCTGAGGCTCATTCGGCTGCCTCTGTGGCCAAGTCCTCCCAGAGTCCACCCTT	94462564	94385335	77229	94462619	77284
ENSMUST00000232395	CATCTGAGGCTCATTCGGCTGCCTCTGTGGCCAAGTCCTCCCAGAGTCCACCCTT	94462564	94390201	72363	94462619	72418
ENSMUST00000232395	CATCTGAGGCTCATTCGGCTGCCTCTGTGGCCAAGTCCTCCCAGAGTCCACCCTT	94462564	94408553	54011	94462619	54066
ENSMUST00000232395	CATCTGAGGCTCATTCGGCTGCCTCTGTGGCCAAGTCCTCCCAGAGTCCACCCTT	94462564	94408553	54011	94462619	54066
ENSMUST00000232395	CATCTGAGGCTCATTCGGCTGCCTCTGTGGCCAAGTCCTCCCAGAGTCCACCCTT	94462564	94408553	54011	94462619	54066
ENSMUST00000232395	CATCTGAGGCTCATTCGGCTGCCTCTGTGGCCAAGTCCTCCCAGAGTCCACCCTT	94462564	94410832	51732	94462619	51787
ENSMUST00000232395	CATCTGAGGCTCATTCGGCTGCCTCTGTGGCCAAGTCCTCCCAGAGTCCACCCTT	94462564	94412059	50505	94462619	50560
ENSMUST00000232395	CATCTGAGGCTCATTCGGCTGCCTCTGTGGCCAAGTCCTCCCAGAGTCCACCCTT	94462564	94415948	46616	94462619	46671
ENSMUST00000232395	CATCTGAGGCTCATTCGGCTGCCTCTGTGGCCAAGTCCTCCCAGAGTCCACCCTT	94462564	94415948	46616	94462619	46671
ENSMUST00000232395	CATCTGAGGCTCATTCGGCTGCCTCTGTGGCCAAGTCCTCCCAGAGTCCACCCTT	94462564	94416281	46283	94462619	46338
ENSMUST00000232395	CATCTGAGGCTCATTCGGCTGCCTCTGTGGCCAAGTCCTCCCAGAGTCCACCCTT	94462564	94425086	37478	94462619	37533
ENSMUST00000232395	CATCTGAGGCTCATTCGGCTGCCTCTGTGGCCAAGTCCTCCCAGAGTCCACCCTT	94462564	94385335	77229	94462619	77284
ENSMUST00000232395	CATCTGAGGCTCATTCGGCTGCCTCTGTGGCCAAGTCCTCCCAGAGTCCACCCTT	94462564	94390201	72363	94462619	72418
ENSMUST00000232395	CATCTGAGGCTCATTCGGCTGCCTCTGTGGCCAAGTCCTCCCAGAGTCCACCCTT	94462564	94408553	54011	94462619	54066
ENSMUST00000232395	CATCTGAGGCTCATTCGGCTGCCTCTGTGGCCAAGTCCTCCCAGAGTCCACCCTT	94462564	94408553	54011	94462619	54066
ENSMUST00000232395	CATCTGAGGCTCATTCGGCTGCCTCTGTGGCCAAGTCCTCCCAGAGTCCACCCTT	94462564	94408553	54011	94462619	54066
ENSMUST00000232395	CATCTGAGGCTCATTCGGCTGCCTCTGTGGCCAAGTCCTCCCAGAGTCCACCCTT	94462564	94410832	51732	94462619	51787
ENSMUST00000232395	CATCTGAGGCTCATTCGGCTGCCTCTGTGGCCAAGTCCTCCCAGAGTCCACCCTT	94462564	94412059	50505	94462619	50560
ENSMUST00000232395	CATCTGAGGCTCATTCGGCTGCCTCTGTGGCCAAGTCCTCCCAGAGTCCACCCTT	94462564	94415948	46616	94462619	46671
ENSMUST00000232395	CATCTGAGGCTCATTCGGCTGCCTCTGTGGCCAAGTCCTCCCAGAGTCCACCCTT	94462564	94415948	46616	94462619	46671
ENSMUST00000232395	CATCTGAGGCTCATTCGGCTGCCTCTGTGGCCAAGTCCTCCCAGAGTCCACCCTT	94462564	94416281	46283	94462619	46338
ENSMUST00000232395	CATCTGAGGCTCATTCGGCTGCCTCTGTGGCCAAGTCCTCCCAGAGTCCACCCTT	94462564	94425086	37478	94462619	37533
ENSMUST00000232395	CATCTGAGGCTCATTCGGCTGCCTCTGTGGCCAAGTCCTCCCAGAGTCCACCCTT	94462564	94385335	77229	94462619	77284
ENSMUST00000232395	CATCTGAGGCTCATTCGGCTGCCTCTGTGGCCAAGTCCTCCCAGAGTCCACCCTT	94462564	94390201	72363	94462619	72418
ENSMUST00000232395	CATCTGAGGCTCATTCGGCTGCCTCTGTGGCCAAGTCCTCCCAGAGTCCACCCTT	94462564	94408553	54011	94462619	54066
ENSMUST00000232395	CATCTGAGGCTCATTCGGCTGCCTCTGTGGCCAAGTCCTCCCAGAGTCCACCCTT	94462564	94408553	54011	94462619	54066
ENSMUST00000232395	CATCTGAGGCTCATTCGGCTGCCTCTGTGGCCAAGTCCTCCCAGAGTCCACCCTT	94462564	94408553	54011	94462619	54066
ENSMUST00000232395	CATCTGAGGCTCATTCGGCTGCCTCTGTGGCCAAGTCCTCCCAGAGTCCACCCTT	94462564	94410832	51732	94462619	51787
ENSMUST00000232395	CATCTGAGGCTCATTCGGCTGCCTCTGTGGCCAAGTCCTCCCAGAGTCCACCCTT	94462564	94412059	50505	94462619	50560
ENSMUST00000232395	CATCTGAGGCTCATTCGGCTGCCTCTGTGGCCAAGTCCTCCCAGAGTCCACCCTT	94462564	94415948	46616	94462619	46671
ENSMUST00000232395	CATCTGAGGCTCATTCGGCTGCCTCTGTGGCCAAGTCCTCCCAGAGTCCACCCTT	94462564	94415948	46616	94462619	46671
ENSMUST00000232395	CATCTGAGGCTCATTCGGCTGCCTCTGTGGCCAAGTCCTCCCAGAGTCCACCCTT	94462564	94416281	46283	94462619	46338
ENSMUST00000232395	CATCTGAGGCTCATTCGGCTGCCTCTGTGGCCAAGTCCTCCCAGAGTCCACCCTT	94462564	94425086	37478	94462619	37533
ENSMUST00000021631	AGCTGCTGCAGAAGTACACCTGTCTGCCTCATATCATATCGAGTGACCAGATTTA	103593094	103586950	6144	103593149	6199
ENSMUST00000095737	GTTTACATTTTATGACTACTCGTACCTCCAAGGCTCAAAACTCAAATTCCCAATG	53140196	53025720	114476	53140251	114531
ENSMUST00000095737	GTTTACATTTTATGACTACTCGTACCTCCAAGGCTCAAAACTCAAATTCCCAATG	53140196	53104514	35682	53140251	35737
ENSMUST00000047865	AAGGACTCATTCTTAGCTTTAGGGGGGTTCCTGTCACTGAATCGAGTCGCTGCCCT	82585113	82554319	30794	82585169	30850
ENSMUST00000047865	AAGGACTCATTCTTAGCTTTAGGGGGGTTCCTGTCACTGAATCGAGTCGCTGCCCT	82585113	82561777	23336	82585169	23392
ENSMUST00000047865	AAGGACTCATTCTTAGCTTTAGGGGGGTTCCTGTCACTGAATCGAGTCGCTGCCCT	82585113	82561777	23336	82585169	23392
ENSMUST00000047865	AAGGACTCATTCTTAGCTTTAGGGGGGTTCCTGTCACTGAATCGAGTCGCTGCCCT	82585113	82572824	12289	82585169	12345
ENSMUST00000047865	AAGGACTCATTCTTAGCTTTAGGGGGGTTCCTGTCACTGAATCGAGTCGCTGCCCT	82585113	82572824	12289	82585169	12345
ENSMUST00000047865	AAGGACTCATTCTTAGCTTTAGGGGGGTTCCTGTCACTGAATCGAGTCGCTGCCCT	82585113	82575171	9942	82585169	9998
ENSMUST00000047865	AAGGACTCATTCTTAGCTTTAGGGGGGTTCCTGTCACTGAATCGAGTCGCTGCCCT	82585113	82575171	9942	82585169	9998
ENSMUST00000047865	AAGGACTCATTCTTAGCTTTAGGGGGGTTCCTGTCACTGAATCGAGTCGCTGCCCT	82585113	82575600	9513	82585169	9569
ENSMUST00000111467	AACTCACTGGCCTATCTCATCAATACCTATGCACTGGACAGTGGGGTTTCTACCAT	90859532	90852815	6717	90860482	7667
ENSMUST00000111467	AACTCACTGGCCTATCTCATCAATACCTATGCACTGGACAGTGGGGTTTCTACCAT	90859532	90852839	6693	90860482	7643
ENSMUST00000113462	GGCATCGTGGCGGCGGCGGCGCTCTGCATCCTCATTCTCCTCTACGCCATGTACAA	6531952	6443630	88322	6532008	88378
ENSMUST00000113462	GGCATCGTGGCGGCGGCGGCGCTCTGCATCCTCATTCTCCTCTACGCCATGTACAA	6531952	6448254	83698	6532008	83754
ENSMUST00000113462	GGCATCGTGGCGGCGGCGGCGCTCTGCATCCTCATTCTCCTCTACGCCATGTACAA	6531952	6448254	83698	6532008	83754
ENSMUST00000113462	GGCATCGTGGCGGCGGCGGCGCTCTGCATCCTCATTCTCCTCTACGCCATGTACAA	6531952	6448254	83698	6532008	83754
ENSMUST00000113462	GGCATCGTGGCGGCGGCGGCGCTCTGCATCCTCATTCTCCTCTACGCCATGTACAA	6531952	6454978	76974	6532008	77030
ENSMUST00000113462	GGCATCGTGGCGGCGGCGGCGCTCTGCATCCTCATTCTCCTCTACGCCATGTACAA	6531952	6516922	15030	6532008	15086
ENSMUST00000113462	GGCATCGTGGCGGCGGCGGCGCTCTGCATCCTCATTCTCCTCTACGCCATGTACAA	6531952	6516922	15030	6532008	15086
ENSMUST00000113462	GGCATCGTGGCGGCGGCGGCGCTCTGCATCCTCATTCTCCTCTACGCCATGTACAA	6531952	6443630	88322	6532008	88378
ENSMUST00000113462	GGCATCGTGGCGGCGGCGGCGCTCTGCATCCTCATTCTCCTCTACGCCATGTACAA	6531952	6448254	83698	6532008	83754
ENSMUST00000113462	GGCATCGTGGCGGCGGCGGCGCTCTGCATCCTCATTCTCCTCTACGCCATGTACAA	6531952	6448254	83698	6532008	83754
ENSMUST00000113462	GGCATCGTGGCGGCGGCGGCGCTCTGCATCCTCATTCTCCTCTACGCCATGTACAA	6531952	6448254	83698	6532008	83754
ENSMUST00000113462	GGCATCGTGGCGGCGGCGGCGCTCTGCATCCTCATTCTCCTCTACGCCATGTACAA	6531952	6454978	76974	6532008	77030
ENSMUST00000113462	GGCATCGTGGCGGCGGCGGCGCTCTGCATCCTCATTCTCCTCTACGCCATGTACAA	6531952	6516922	15030	6532008	15086
ENSMUST00000113462	GGCATCGTGGCGGCGGCGGCGCTCTGCATCCTCATTCTCCTCTACGCCATGTACAA	6531952	6516922	15030	6532008	15086
ENSMUST00000040182	ACTACAGCCATCAACTTTTCAACTGTCAACTCTTCTGCAGCCTTCCGATCCAAGCA	29498565	29374506	124059	29499344	124838
ENSMUST00000040182	ACTACAGCCATCAACTTTTCAACTGTCAACTCTTCTGCAGCCTTCCGATCCAAGCA	29498565	29400183	98382	29499344	99161
ENSMUST00000040182	ACTACAGCCATCAACTTTTCAACTGTCAACTCTTCTGCAGCCTTCCGATCCAAGCA	29498565	29453118	45447	29499344	46226
ENSMUST00000040182	ACTACAGCCATCAACTTTTCAACTGTCAACTCTTCTGCAGCCTTCCGATCCAAGCA	29498565	29497342	1223	29499344	2002
ENSMUST00000040182	ACTACAGCCATCAACTTTTCAACTGTCAACTCTTCTGCAGCCTTCCGATCCAAGCA	29498565	29500975	-2410	29499344	-1631
ENSMUST00000071325	CTGGCCTCAAGGGCAGCAAAAGGCTCATTTTCATCGACTGTCCTGGGAAGCTGGCT	79535896	79463232	72664	79535952	72720
ENSMUST00000097822	ACAGAAGTCAAGATTGACCTGCCTCTGCCCATCGTGGCCTCTAACCTGATGATCGA	139457654	139397293	60361	139457710	60417
ENSMUST00000097822	ACAGAAGTCAAGATTGACCTGCCTCTGCCCATCGTGGCCTCTAACCTGATGATCGA	139457654	139399561	58093	139457710	58149
ENSMUST00000199300	AGCCTGCATCGCATACATTCGGCTCACACAGTACATGGACGGAAGCGGGATGCCAAA	126840226	126684659	155567	126840283	155624
ENSMUST00000199300	AGCCTGCATCGCATACATTCGGCTCACACAGTACATGGACGGAAGCGGGATGCCAAA	126840226	126770784	69442	126840283	69499
ENSMUST00000199300	AGCCTGCATCGCATACATTCGGCTCACACAGTACATGGACGGAAGCGGGATGCCAAA	126840226	126802936	37290	126840283	37347
ENSMUST00000112224	TATCAACTATCTAAAACCTAACTGCAAATTGACCACAGACCTCTGACCTTCTACTTT	166387998	166353564	34434	166388055	34491
ENSMUST00000112224	TATCAACTATCTAAAACCTAACTGCAAATTGACCACAGACCTCTGACCTTCTACTTT	166387998	166379987	8011	166388055	8068
ENSMUST00000112224	TATCAACTATCTAAAACCTAACTGCAAATTGACCACAGACCTCTGACCTTCTACTTT	166387998	166382448	5550	166388055	5607
ENSMUST00000112224	TATCAACTATCTAAAACCTAACTGCAAATTGACCACAGACCTCTGACCTTCTACTTT	166387998	166382448	5550	166388055	5607
ENSMUST00000112224	TATCAACTATCTAAAACCTAACTGCAAATTGACCACAGACCTCTGACCTTCTACTTT	166387998	166383934	4064	166388055	4121
ENSMUST00000027521	CTTTCGTGAACAGCCAGGAATGGACACTCAGCCGATCGGTACCGGAGCTCAAAGTGG	89604602	89743727	-139125	89609499	-134228
ENSMUST00000027521	CTTTCGTGAACAGCCAGGAATGGACACTCAGCCGATCGGTACCGGAGCTCAAAGTGG	89604602	89766305	-161703	89609499	-156806
ENSMUST00000220055	CGCTGAGGAGCTGAGGGCTGTTTCTGTCGCCAGGGAGCAGGAATACCAGGCCTTCCTT	127166821	127167501	-680	127166879	-622
ENSMUST00000220055	CGCTGAGGAGCTGAGGGCTGTTTCTGTCGCCAGGGAGCAGGAATACCAGGCCTTCCTT	127166821	127167501	-680	127166879	-622
ENSMUST00000220055	CGCTGAGGAGCTGAGGGCTGTTTCTGTCGCCAGGGAGCAGGAATACCAGGCCTTCCTT	127166821	127167700	-879	127166879	-821
ENSMUST00000220055	CGCTGAGGAGCTGAGGGCTGTTTCTGTCGCCAGGGAGCAGGAATACCAGGCCTTCCTT	127166821	127167700	-879	127166879	-821
ENSMUST00000142890	ATTAATTAAACACTCCCTCACCCCACCGCACCAAACCAGTTGGGTTCTTCTGATATTC	138903117	138868345	34772	138903175	34830
ENSMUST00000142890	ATTAATTAAACACTCCCTCACCCCACCGCACCAAACCAGTTGGGTTCTTCTGATATTC	138903117	138890734	12383	138903175	12441
ENSMUST00000142890	ATTAATTAAACACTCCCTCACCCCACCGCACCAAACCAGTTGGGTTCTTCTGATATTC	138903117	138890734	12383	138903175	12441
ENSMUST00000142890	ATTAATTAAACACTCCCTCACCCCACCGCACCAAACCAGTTGGGTTCTTCTGATATTC	138903117	138894347	8770	138903175	8828
ENSMUST00000142890	ATTAATTAAACACTCCCTCACCCCACCGCACCAAACCAGTTGGGTTCTTCTGATATTC	138903117	138894347	8770	138903175	8828
ENSMUST00000028081	AGCTGGTGCATTCCCGGCTCTACTCTCCGGAGCTGCCCATCCCTCCGGCTGCGGGCGA	16356486	16548116	-191630	16356544	-191572
ENSMUST00000186360	TATCCTGGTGGGCCACTGCCTGACTTCCCTAATCACTCACTCACCCTCAAAAAGGACA	74586950	74582891	4059	74587008	4117
ENSMUST00000186360	TATCCTGGTGGGCCACTGCCTGACTTCCCTAATCACTCACTCACCCTCAAAAAGGACA	74586950	74582891	4059	74587008	4117
ENSMUST00000114013	ATATTACAAAAATGGTACTGTCATGGCCCCTGACCTGCCCGAGATGCTAGATCTGGCA	66414346	66251661	162685	66414404	162743
ENSMUST00000114013	ATATTACAAAAATGGTACTGTCATGGCCCCTGACCTGCCCGAGATGCTAGATCTGGCA	66414346	66251661	162685	66414404	162743
ENSMUST00000114013	ATATTACAAAAATGGTACTGTCATGGCCCCTGACCTGCCCGAGATGCTAGATCTGGCA	66414346	66322403	91943	66414404	92001
ENSMUST00000114013	ATATTACAAAAATGGTACTGTCATGGCCCCTGACCTGCCCGAGATGCTAGATCTGGCA	66414346	66322403	91943	66414404	92001
ENSMUST00000114013	ATATTACAAAAATGGTACTGTCATGGCCCCTGACCTGCCCGAGATGCTAGATCTGGCA	66414346	66362202	52144	66414404	52202
ENSMUST00000114013	ATATTACAAAAATGGTACTGTCATGGCCCCTGACCTGCCCGAGATGCTAGATCTGGCA	66414346	66412406	1940	66414404	1998
ENSMUST00000114013	ATATTACAAAAATGGTACTGTCATGGCCCCTGACCTGCCCGAGATGCTAGATCTGGCA	66414346	66416343	-1997	66414404	-1939
ENSMUST00000109485	TTCCCTGACCCTGTTACGGACTGTAAGCCTCCACCTCCTGCCCAGGAATTTCAGACAGC	158466860	158477640	-10780	158466919	-10721
ENSMUST00000027521	TTACATGATTACATGCAGAATGTCCACGGCAAAGAGATAGACCTCTTGAGGACCACTGT	89743732	89743727	5	89743791	64
ENSMUST00000027521	TTACATGATTACATGCAGAATGTCCACGGCAAAGAGATAGACCTCTTGAGGACCACTGT	89743732	89766305	-22573	89743791	-22514
ENSMUST00000123128	TCGAAACTCCCTTCACCTGCTTATGGAAACCCTTAATGCCACTACTCCTCACTATGTAC	75161449	75120672	40777	75161508	40836
ENSMUST00000123128	TCGAAACTCCCTTCACCTGCTTATGGAAACCCTTAATGCCACTACTCCTCACTATGTAC	75161449	75122910	38539	75161508	38598
ENSMUST00000105616	GTACTGCAAGGAGGCTGGATGCAAGATAGATACTATATTAAACTGTACTGTTATTTAAG	155559193	155527412	31781	155559252	31840
ENSMUST00000105616	GTACTGCAAGGAGGCTGGATGCAAGATAGATACTATATTAAACTGTACTGTTATTTAAG	155559193	155527412	31781	155559252	31840
ENSMUST00000105616	GTACTGCAAGGAGGCTGGATGCAAGATAGATACTATATTAAACTGTACTGTTATTTAAG	155559193	155533696	25497	155559252	25556
ENSMUST00000113913	ATTGCCCCCTTGGCAGAGAACGAGGGGCTGCCTGTGGCTGCACTGGAGGAGCTGGCCTT	83194538	83183935	10603	83194680	10745
ENSMUST00000113913	ATTGCCCCCTTGGCAGAGAACGAGGGGCTGCCTGTGGCTGCACTGGAGGAGCTGGCCTT	83194538	83183935	10603	83194680	10745
ENSMUST00000179721	CTTTAGCTTGACTGTAGCCAATGTTGGCATGTGCCAAGCTGTCCTGTGCCGAGGTGGGAA	109937113	109876802	60311	109937173	60371
ENSMUST00000081285	TTCATGGAGCGGGAACACCTCATATTCCGAGAGAACACGCTCGCCACTAAAGCCATAGAA	26957778	26944632	13146	26957838	13206
ENSMUST00000131552	ATTTAAAAGCAAGTTCAGGGATACATGGACAGAGAAGAAATGGGTCAAATATATGTTATA	135473333	134813600	659733	135473393	659793
ENSMUST00000131552	ATTTAAAAGCAAGTTCAGGGATACATGGACAGAGAAGAAATGGGTCAAATATATGTTATA	135473333	134988123	485210	135473393	485270
ENSMUST00000132846	ATCAAACCATTCCTTCTGTAGCTCAGGAGAGCGTCCCTACCCCATCTGCTCGCAATGTCCT	6419643	6418100	1543	6419704	1604
ENSMUST00000097822	GTCTATTGATGCCTTGAGTCCAACCTTCTACTTCCTCCTGCCGAGCTCAAAGATAAGAGAC	139425752	139397293	28459	139425813	28520
ENSMUST00000097822	GTCTATTGATGCCTTGAGTCCAACCTTCTACTTCCTCCTGCCGAGCTCAAAGATAAGAGAC	139425752	139399561	26191	139425813	26252
ENSMUST00000029355	TCTGGACGACTGTTCCGAGCGGCCGTGGGTTCGTTCACCCTGTCGGCCCGGGCTGCCTCTC	69317411	69497770	-180359	69317472	-180298
ENSMUST00000032192	GGAGCTCATCTGTAAAGCTGTGCTCAATCCCACCAATGCTGACATCCTGATTGAGACCAAG	108382183	108236977	145206	108383641	146664
ENSMUST00000032192	GGAGCTCATCTGTAAAGCTGTGCTCAATCCCACCAATGCTGACATCCTGATTGAGACCAAG	108382183	108523287	-141104	108383641	-139646
ENSMUST00000032192	GGAGCTCATCTGTAAAGCTGTGCTCAATCCCACCAATGCTGACATCCTGATTGAGACCAAG	108382183	108236977	145206	108383641	146664
ENSMUST00000032192	GGAGCTCATCTGTAAAGCTGTGCTCAATCCCACCAATGCTGACATCCTGATTGAGACCAAG	108382183	108523287	-141104	108383641	-139646
ENSMUST00000032192	GGAGCTCATCTGTAAAGCTGTGCTCAATCCCACCAATGCTGACATCCTGATTGAGACCAAG	108382183	108236977	145206	108383641	146664
ENSMUST00000032192	GGAGCTCATCTGTAAAGCTGTGCTCAATCCCACCAATGCTGACATCCTGATTGAGACCAAG	108382183	108523287	-141104	108383641	-139646
ENSMUST00000100330	ATGCTGAGGTGGTCCAGTTCCTGGTAGATCATGGGGCCATGATTGAGCATGTTGACTACAG	105913367	105673419	239948	105913428	240009
ENSMUST00000100330	ATGCTGAGGTGGTCCAGTTCCTGGTAGATCATGGGGCCATGATTGAGCATGTTGACTACAG	105913367	105673419	239948	105913428	240009
ENSMUST00000218359	GATTTTTGGAGGATGGTGTGGCAAGAGCAGTCTGCCTGTATTGTGATGGTCACTAATTTAG	28574862	28580392	-5530	28575597	-4795
ENSMUST00000110049	AGATCCATTCCAAGGCATGCGCAAGCCCATGAGTCCTGTCTCAGCCCAGATGAGCCAGCTA	3235624	3221092	14532	3236239	15147
ENSMUST00000110049	AGATCCATTCCAAGGCATGCGCAAGCCCATGAGTCCTGTCTCAGCCCAGATGAGCCAGCTA	3235624	3227705	7919	3236239	8534
ENSMUST00000110049	AGATCCATTCCAAGGCATGCGCAAGCCCATGAGTCCTGTCTCAGCCCAGATGAGCCAGCTA	3235624	3227705	7919	3236239	8534
ENSMUST00000110049	AGATCCATTCCAAGGCATGCGCAAGCCCATGAGTCCTGTCTCAGCCCAGATGAGCCAGCTA	3235624	3229868	5756	3236239	6371
ENSMUST00000110049	AGATCCATTCCAAGGCATGCGCAAGCCCATGAGTCCTGTCTCAGCCCAGATGAGCCAGCTA	3235624	3229868	5756	3236239	6371
ENSMUST00000101432	GTCCCGTTGCTACAGTCAGTCTCCTTGGTTAGTTAAGACAAAGCCCTCATTAACATTTGCTG	54069877	53354344	715533	54069939	715595
ENSMUST00000101432	GTCCCGTTGCTACAGTCAGTCTCCTTGGTTAGTTAAGACAAAGCCCTCATTAACATTTGCTG	54069877	53501033	568844	54069939	568906
ENSMUST00000101432	GTCCCGTTGCTACAGTCAGTCTCCTTGGTTAGTTAAGACAAAGCCCTCATTAACATTTGCTG	54069877	53354344	715533	54069939	715595
ENSMUST00000101432	GTCCCGTTGCTACAGTCAGTCTCCTTGGTTAGTTAAGACAAAGCCCTCATTAACATTTGCTG	54069877	53501033	568844	54069939	568906
ENSMUST00000163979	TAAGGTTGCCGAAAAGCGGACCTCTCCATCCAAGCCTTCATCTGCCCCAGCCCTCAAACCTG	110067501	109978849	88652	110067563	88714
ENSMUST00000163979	TAAGGTTGCCGAAAAGCGGACCTCTCCATCCAAGCCTTCATCTGCCCCAGCCCTCAAACCTG	110067501	109999771	67730	110067563	67792
ENSMUST00000163979	TAAGGTTGCCGAAAAGCGGACCTCTCCATCCAAGCCTTCATCTGCCCCAGCCCTCAAACCTG	110067501	110032098	35403	110067563	35465
ENSMUST00000163979	TAAGGTTGCCGAAAAGCGGACCTCTCCATCCAAGCCTTCATCTGCCCCAGCCCTCAAACCTG	110067501	110071025	-3524	110067563	-3462
ENSMUST00000163979	TAAGGTTGCCGAAAAGCGGACCTCTCCATCCAAGCCTTCATCTGCCCCAGCCCTCAAACCTG	110067501	110072612	-5111	110067563	-5049
ENSMUST00000163979	TAAGGTTGCCGAAAAGCGGACCTCTCCATCCAAGCCTTCATCTGCCCCAGCCCTCAAACCTG	110067501	110079780	-12279	110067563	-12217
ENSMUST00000163979	TAAGGTTGCCGAAAAGCGGACCTCTCCATCCAAGCCTTCATCTGCCCCAGCCCTCAAACCTG	110067501	109978849	88652	110067563	88714
ENSMUST00000163979	TAAGGTTGCCGAAAAGCGGACCTCTCCATCCAAGCCTTCATCTGCCCCAGCCCTCAAACCTG	110067501	109999771	67730	110067563	67792
ENSMUST00000163979	TAAGGTTGCCGAAAAGCGGACCTCTCCATCCAAGCCTTCATCTGCCCCAGCCCTCAAACCTG	110067501	110032098	35403	110067563	35465
ENSMUST00000163979	TAAGGTTGCCGAAAAGCGGACCTCTCCATCCAAGCCTTCATCTGCCCCAGCCCTCAAACCTG	110067501	110071025	-3524	110067563	-3462
ENSMUST00000163979	TAAGGTTGCCGAAAAGCGGACCTCTCCATCCAAGCCTTCATCTGCCCCAGCCCTCAAACCTG	110067501	110072612	-5111	110067563	-5049
ENSMUST00000163979	TAAGGTTGCCGAAAAGCGGACCTCTCCATCCAAGCCTTCATCTGCCCCAGCCCTCAAACCTG	110067501	110079780	-12279	110067563	-12217
ENSMUST00000099295	CTTTCAGAGAACTTTGCTGAAGAAAGTCTGGAAGGGCTGGCGCTCTGTGGTACAGAGGCAGT	96401613	96393226	8387	96401675	8449
ENSMUST00000098070	ATTTTGGGGACTCTGGAAGGCTTTACTATTGTAAACACTGTGACTTTAATAATAAATCTGCC	55010517	55060013	-49496	55010579	-49434
ENSMUST00000084513	CAAAAATGCAAGAGTCTCCCAAACTGTCCCAACAATCGTACAACTTTGACCCTGACGCCTGT	130729621	130663015	66606	130729683	66668
ENSMUST00000084513	CAAAAATGCAAGAGTCTCCCAAACTGTCCCAACAATCGTACAACTTTGACCCTGACGCCTGT	130729621	130743543	-13922	130729683	-13860
ENSMUST00000022977	CTTGCTTGAGGAGGAATCTCCAAGGGAGGGCTGAGCTGCCAGGCTGCCGCCGCGCTTCGGGAC	59315259	59323806	-8547	59315322	-8484
ENSMUST00000112223	GGTAAGCATCCTTTGAAAAATAATTTTCTTGAACTTAAACTCTGAGCAGTCAGTATCTCTCAA	166385717	166353564	32153	166385780	32216
ENSMUST00000112223	GGTAAGCATCCTTTGAAAAATAATTTTCTTGAACTTAAACTCTGAGCAGTCAGTATCTCTCAA	166385717	166379987	5730	166385780	5793
ENSMUST00000112223	GGTAAGCATCCTTTGAAAAATAATTTTCTTGAACTTAAACTCTGAGCAGTCAGTATCTCTCAA	166385717	166382448	3269	166385780	3332
ENSMUST00000112223	GGTAAGCATCCTTTGAAAAATAATTTTCTTGAACTTAAACTCTGAGCAGTCAGTATCTCTCAA	166385717	166382448	3269	166385780	3332
ENSMUST00000112223	GGTAAGCATCCTTTGAAAAATAATTTTCTTGAACTTAAACTCTGAGCAGTCAGTATCTCTCAA	166385717	166383934	1783	166385780	1846
ENSMUST00000106933	CGTCAATCCTGGTTGGTGCTATGTTCATTTTCTGTAATCTCTACTCCACGCCTGGCCCTGCTG	101611246	101597800	13446	101611309	13509
ENSMUST00000106933	CGTCAATCCTGGTTGGTGCTATGTTCATTTTCTGTAATCTCTACTCCACGCCTGGCCCTGCTG	101611246	101597800	13446	101611309	13509
ENSMUST00000106933	CGTCAATCCTGGTTGGTGCTATGTTCATTTTCTGTAATCTCTACTCCACGCCTGGCCCTGCTG	101611246	101598950	12296	101611309	12359
ENSMUST00000106933	CGTCAATCCTGGTTGGTGCTATGTTCATTTTCTGTAATCTCTACTCCACGCCTGGCCCTGCTG	101611246	101625692	-14446	101611309	-14383
ENSMUST00000195636	GCGGCTCCGGTGAACGCTTCAGAGTGAGATCATCATCCAAGTCTGAAGGTTCTCCATCGCCAC	40006810	40001429	5381	40007484	6055
ENSMUST00000237430	CATGAGTTCCGACACCAGCCCAGCTGTGGTTACCACGCCTCCTCCTCCCAGCATGCCTCACAAA	53216821	53242503	-25682	53216885	-25618
ENSMUST00000003710	ATAAATCTAAGTCTGCAACCACCACTCCCTCAGGCTCTCCACGGACTTCACAGCAGAATGTCTC	86965479	86946860	18619	86965543	18683
ENSMUST00000003710	ATAAATCTAAGTCTGCAACCACCACTCCCTCAGGCTCTCCACGGACTTCACAGCAGAATGTCTC	86965479	86967268	-1789	86965543	-1725
ENSMUST00000003710	ATAAATCTAAGTCTGCAACCACCACTCCCTCAGGCTCTCCACGGACTTCACAGCAGAATGTCTC	86965479	86967268	-1789	86965543	-1725
ENSMUST00000003710	ATAAATCTAAGTCTGCAACCACCACTCCCTCAGGCTCTCCACGGACTTCACAGCAGAATGTCTC	86965479	86970990	-5511	86965543	-5447
ENSMUST00000003710	ATAAATCTAAGTCTGCAACCACCACTCCCTCAGGCTCTCCACGGACTTCACAGCAGAATGTCTC	86965479	86946860	18619	86965543	18683
ENSMUST00000003710	ATAAATCTAAGTCTGCAACCACCACTCCCTCAGGCTCTCCACGGACTTCACAGCAGAATGTCTC	86965479	86967268	-1789	86965543	-1725
ENSMUST00000003710	ATAAATCTAAGTCTGCAACCACCACTCCCTCAGGCTCTCCACGGACTTCACAGCAGAATGTCTC	86965479	86967268	-1789	86965543	-1725
ENSMUST00000003710	ATAAATCTAAGTCTGCAACCACCACTCCCTCAGGCTCTCCACGGACTTCACAGCAGAATGTCTC	86965479	86970990	-5511	86965543	-5447
ENSMUST00000109485	CGAGTACAGTTACTACTGCTCACACCTCAAAAGTCCAGCACCAGGCATCCTCCACCTCTCCTCT	158437260	158477640	-40380	158437324	-40316
ENSMUST00000121401	GGCTTATCATGGCATCCTCGACACACCCTATACCCATATCAAGACACTCTGGGCCTACCTCAAG	54524694	54523969	725	54524758	789
ENSMUST00000112987	AGAAGTATCTATGTGAACTGTGCCTGGACGATGTGCTGTATGCCCGTACCACAAGCAAGCTCAAG	35709893	35643887	66006	35709958	66071
ENSMUST00000112987	AGAAGTATCTATGTGAACTGTGCCTGGACGATGTGCTGTATGCCCGTACCACAAGCAAGCTCAAG	35709893	35661491	48402	35709958	48467
ENSMUST00000112987	AGAAGTATCTATGTGAACTGTGCCTGGACGATGTGCTGTATGCCCGTACCACAAGCAAGCTCAAG	35709893	35661491	48402	35709958	48467
ENSMUST00000199659	AGGAAAAACCTAGAGCTCTTTGCCCTGCGCGTTACAAGGAAAGCAACTGGAATTTTAAATTTAGT	59316893	59297789	19104	59316958	19169
ENSMUST00000199659	AGGAAAAACCTAGAGCTCTTTGCCCTGCGCGTTACAAGGAAAGCAACTGGAATTTTAAATTTAGT	59316893	59301279	15614	59316958	15679
ENSMUST00000113144	CTTTTGTTCCTGAGTCATCTGACCCTCAAATACTGCTTTGCTTTCCCAGCTGCTTCCTTGTTTCA	135803168	135743441	59727	135803233	59792
ENSMUST00000113144	CTTTTGTTCCTGAGTCATCTGACCCTCAAATACTGCTTTGCTTTCCCAGCTGCTTCCTTGTTTCA	135803168	135796141	7027	135803233	7092
ENSMUST00000113144	CTTTTGTTCCTGAGTCATCTGACCCTCAAATACTGCTTTGCTTTCCCAGCTGCTTCCTTGTTTCA	135803168	135796141	7027	135803233	7092
ENSMUST00000113144	CTTTTGTTCCTGAGTCATCTGACCCTCAAATACTGCTTTGCTTTCCCAGCTGCTTCCTTGTTTCA	135803168	135796948	6220	135803233	6285
ENSMUST00000113144	CTTTTGTTCCTGAGTCATCTGACCCTCAAATACTGCTTTGCTTTCCCAGCTGCTTCCTTGTTTCA	135803168	135797552	5616	135803233	5681
ENSMUST00000113144	CTTTTGTTCCTGAGTCATCTGACCCTCAAATACTGCTTTGCTTTCCCAGCTGCTTCCTTGTTTCA	135803168	135797552	5616	135803233	5681
ENSMUST00000113144	CTTTTGTTCCTGAGTCATCTGACCCTCAAATACTGCTTTGCTTTCCCAGCTGCTTCCTTGTTTCA	135803168	135797787	5381	135803233	5446
ENSMUST00000097275	TCCAAAAAAACGGACGTCTCCAGCTCTCCCCCCTCCCTGTTTTCCGTTAGGAATCCGGCGAGGAA	86168359	86619891	-451532	86168424	-451467
ENSMUST00000066928	CTGCCAGTGAAACTGTCGCCTCCGCTACCTCCAAAGAAAGTCCTGATCTGTATGCCTGTAGGGGG	43077688	42956616	121072	43077753	121137
ENSMUST00000066928	CTGCCAGTGAAACTGTCGCCTCCGCTACCTCCAAAGAAAGTCCTGATCTGTATGCCTGTAGGGGG	43077688	43037449	40239	43077753	40304
ENSMUST00000066652	TCAACATAGGAGGCCTTGCGTATCCCCCGCTCCCTCTGCACGAAGCCCCTCCTCGGCCTCCTTCT	25038371	25040455	-2084	25038436	-2019
ENSMUST00000066652	TCAACATAGGAGGCCTTGCGTATCCCCCGCTCCCTCTGCACGAAGCCCCTCCTCGGCCTCCTTCT	25038371	25041245	-2874	25038436	-2809
ENSMUST00000066652	TCAACATAGGAGGCCTTGCGTATCCCCCGCTCCCTCTGCACGAAGCCCCTCCTCGGCCTCCTTCT	25038371	25041245	-2874	25038436	-2809
ENSMUST00000066652	TCAACATAGGAGGCCTTGCGTATCCCCCGCTCCCTCTGCACGAAGCCCCTCCTCGGCCTCCTTCT	25038371	25046202	-7831	25038436	-7766
ENSMUST00000111416	TACTTCTACTTATTGATCTACATGTAGTCTCTGATTCACTGGTCAGTATTTCCATGGCCACGTGAC	166312469	166270498	41971	166312535	42037
ENSMUST00000111416	TACTTCTACTTATTGATCTACATGTAGTCTCTGATTCACTGGTCAGTATTTCCATGGCCACGTGAC	166312469	166270498	41971	166312535	42037
ENSMUST00000111416	TACTTCTACTTATTGATCTACATGTAGTCTCTGATTCACTGGTCAGTATTTCCATGGCCACGTGAC	166312469	166270498	41971	166312535	42037
ENSMUST00000111416	TACTTCTACTTATTGATCTACATGTAGTCTCTGATTCACTGGTCAGTATTTCCATGGCCACGTGAC	166312469	166270498	41971	166312535	42037
ENSMUST00000111416	TACTTCTACTTATTGATCTACATGTAGTCTCTGATTCACTGGTCAGTATTTCCATGGCCACGTGAC	166312469	166270498	41971	166312535	42037
ENSMUST00000111416	TACTTCTACTTATTGATCTACATGTAGTCTCTGATTCACTGGTCAGTATTTCCATGGCCACGTGAC	166312469	166291415	21054	166312535	21120
ENSMUST00000111416	TACTTCTACTTATTGATCTACATGTAGTCTCTGATTCACTGGTCAGTATTTCCATGGCCACGTGAC	166312469	166291415	21054	166312535	21120
ENSMUST00000111416	TACTTCTACTTATTGATCTACATGTAGTCTCTGATTCACTGGTCAGTATTTCCATGGCCACGTGAC	166312469	166291415	21054	166312535	21120
ENSMUST00000111416	TACTTCTACTTATTGATCTACATGTAGTCTCTGATTCACTGGTCAGTATTTCCATGGCCACGTGAC	166312469	166294590	17879	166312535	17945
ENSMUST00000111416	TACTTCTACTTATTGATCTACATGTAGTCTCTGATTCACTGGTCAGTATTTCCATGGCCACGTGAC	166312469	166294590	17879	166312535	17945
ENSMUST00000111416	TACTTCTACTTATTGATCTACATGTAGTCTCTGATTCACTGGTCAGTATTTCCATGGCCACGTGAC	166312469	166294590	17879	166312535	17945
ENSMUST00000037991	AAAAATTTTGAGCAGTACACATTGGACCCAGCCACGCGGTACCCAAACCTCAACCTGCACTGCGTC	112320664	112333828	-13164	112320730	-13098
ENSMUST00000037991	AAAAATTTTGAGCAGTACACATTGGACCCAGCCACGCGGTACCCAAACCTCAACCTGCACTGCGTC	112320664	112334937	-14273	112320730	-14207
ENSMUST00000037991	AAAAATTTTGAGCAGTACACATTGGACCCAGCCACGCGGTACCCAAACCTCAACCTGCACTGCGTC	112320664	112334937	-14273	112320730	-14207
ENSMUST00000037991	AAAAATTTTGAGCAGTACACATTGGACCCAGCCACGCGGTACCCAAACCTCAACCTGCACTGCGTC	112320664	112335328	-14664	112320730	-14598
ENSMUST00000037991	AAAAATTTTGAGCAGTACACATTGGACCCAGCCACGCGGTACCCAAACCTCAACCTGCACTGCGTC	112320664	112335328	-14664	112320730	-14598
ENSMUST00000037991	AAAAATTTTGAGCAGTACACATTGGACCCAGCCACGCGGTACCCAAACCTCAACCTGCACTGCGTC	112320664	112336848	-16184	112320730	-16118
ENSMUST00000037991	AAAAATTTTGAGCAGTACACATTGGACCCAGCCACGCGGTACCCAAACCTCAACCTGCACTGCGTC	112320664	112349393	-28729	112320730	-28663
ENSMUST00000033933	CATGCACAGAAGGCTTGGAACCGCTAGACGTCAGTTTTCAGGTGGTAGCATTCAGACGCAAAAGCA	34170667	34161194	9473	34170733	9539
ENSMUST00000105525	TTCCGTGGACACAGAACCTGGACTAGAAGATTCAAAGGAGGAAGTGAAGTGGAAACGTCTGCCTGG	20970939	20963064	7875	20972028	8964
ENSMUST00000105525	TTCCGTGGACACAGAACCTGGACTAGAAGATTCAAAGGAGGAAGTGAAGTGGAAACGTCTGCCTGG	20970939	21007751	-36812	20972028	-35723
ENSMUST00000105525	TTCCGTGGACACAGAACCTGGACTAGAAGATTCAAAGGAGGAAGTGAAGTGGAAACGTCTGCCTGG	20970939	21017912	-46973	20972028	-45884
ENSMUST00000043610	CCATTCCCGACCCGCTGCTGCCCACCGTGGCCAAGTTCATCACCGAGTTCCCCCTCTTCCTTCAGA	29595809	29584174	11635	29595875	11701
ENSMUST00000068088	AAGGTCCGGGGACTGTCAGGTGCAGAAGCCACCACCCCCTCTGTCCCAGACTGTCTGAATCGCTTTT	87757657	87681479	76178	87757724	76245
ENSMUST00000016569	CATTTGCTAGGGTGGATCTTAAGCAGTACGTAGTCTGTCAGTGTTTGTATTTGAATTCTCTGCAATT	150808238	150716402	91836	150808305	91903
ENSMUST00000059049	CTTTCTTGTTCTTAACCACCTGGATTTCCCTCGGGATGTAGCTGTGCTGAAATACAGTTGGCAAACA	97468365	96568569	899796	97603501	1034932
ENSMUST00000059049	CTTTCTTGTTCTTAACCACCTGGATTTCCCTCGGGATGTAGCTGTGCTGAAATACAGTTGGCAAACA	97468365	96830680	637685	97603501	772821
ENSMUST00000059049	CTTTCTTGTTCTTAACCACCTGGATTTCCCTCGGGATGTAGCTGTGCTGAAATACAGTTGGCAAACA	97468365	96830680	637685	97603501	772821
ENSMUST00000059049	CTTTCTTGTTCTTAACCACCTGGATTTCCCTCGGGATGTAGCTGTGCTGAAATACAGTTGGCAAACA	97468365	97094613	373752	97603501	508888
ENSMUST00000059049	CTTTCTTGTTCTTAACCACCTGGATTTCCCTCGGGATGTAGCTGTGCTGAAATACAGTTGGCAAACA	97468365	96568569	899796	97603501	1034932
ENSMUST00000059049	CTTTCTTGTTCTTAACCACCTGGATTTCCCTCGGGATGTAGCTGTGCTGAAATACAGTTGGCAAACA	97468365	96830680	637685	97603501	772821
ENSMUST00000059049	CTTTCTTGTTCTTAACCACCTGGATTTCCCTCGGGATGTAGCTGTGCTGAAATACAGTTGGCAAACA	97468365	96830680	637685	97603501	772821
ENSMUST00000059049	CTTTCTTGTTCTTAACCACCTGGATTTCCCTCGGGATGTAGCTGTGCTGAAATACAGTTGGCAAACA	97468365	97094613	373752	97603501	508888
ENSMUST00000101270	AGCCCTCCGAGTTTCAGTACCCAGGAGATTCCTACTACTTCCCAGGGCCTGCTCAAAGTCTTCCAGAA	50151386	50164161	-12775	50151454	-12707
ENSMUST00000160027	CAAAAATAATTTACATAGTACACGATGAAGTTAAGGATAAAGCTTTTGAACTGGAGCTCAGCTGGGTT	70993014	70978732	14282	70993508	14776
ENSMUST00000160027	CAAAAATAATTTACATAGTACACGATGAAGTTAAGGATAAAGCTTTTGAACTGGAGCTCAGCTGGGTT	70993014	70978732	14282	70993508	14776
ENSMUST00000160027	CAAAAATAATTTACATAGTACACGATGAAGTTAAGGATAAAGCTTTTGAACTGGAGCTCAGCTGGGTT	70993014	70983318	9696	70993508	10190
ENSMUST00000160027	CAAAAATAATTTACATAGTACACGATGAAGTTAAGGATAAAGCTTTTGAACTGGAGCTCAGCTGGGTT	70993014	70983323	9691	70993508	10185
ENSMUST00000160027	CAAAAATAATTTACATAGTACACGATGAAGTTAAGGATAAAGCTTTTGAACTGGAGCTCAGCTGGGTT	70993014	70988423	4591	70993508	5085
ENSMUST00000160027	CAAAAATAATTTACATAGTACACGATGAAGTTAAGGATAAAGCTTTTGAACTGGAGCTCAGCTGGGTT	70993014	70990484	2530	70993508	3024
ENSMUST00000160027	CAAAAATAATTTACATAGTACACGATGAAGTTAAGGATAAAGCTTTTGAACTGGAGCTCAGCTGGGTT	70993014	70993012	2	70993508	496
ENSMUST00000213013	TACCGGAGCTTGACCCTGAACGTCGTGAACCGGCTCACCTCCGTTACTCGCCTCTTCCCAAATTCCTT	144806157	144810150	-3993	144806223	-3927
ENSMUST00000042035	ATGGTCCTGACCCAGCCCCCCCGGGACAGGACTGAGATCACTCTGGAAAGAAGCGGGGTGGGGAATCT	74589380	74582891	6489	74589448	6557
ENSMUST00000042035	ATGGTCCTGACCCAGCCCCCCCGGGACAGGACTGAGATCACTCTGGAAAGAAGCGGGGTGGGGAATCT	74589380	74582891	6489	74589448	6557
ENSMUST00000064139	GCGGAGGATCGTGGCGGGACGCCGACGCTGCCCACTCGCAAACTCCAGCACGCAGACGCACGCCAGCCG	105157511	105194802	-37291	105157580	-37222
ENSMUST00000064139	GCGGAGGATCGTGGCGGGACGCCGACGCTGCCCACTCGCAAACTCCAGCACGCAGACGCACGCCAGCCG	105157511	105194802	-37291	105157580	-37222
ENSMUST00000119705	TCTAACATCGTCTTCTACCCTGGTGGAGATTCTGGAAGCCATGAAGCATCCCTCGACAGGAGTCCAGCT	32967789	32886978	80811	32968689	81711
ENSMUST00000119705	TCTAACATCGTCTTCTACCCTGGTGGAGATTCTGGAAGCCATGAAGCATCCCTCGACAGGAGTCCAGCT	32967789	32983858	-16069	32968689	-15169
ENSMUST00000085374	GTCGTGTCTTGGTGTCTGTCTCTGTGACGTAAATCCTGCCCTGCCCCACCCCACTCCCAATAAACGCTCT	45176071	45172891	3180	45176141	3250
ENSMUST00000055946	AAGCTGTAAGTCTCTTCACTTAACCTGTGGTTCTTCTAAAACTATTATCTAAATCTACAGCATCCCACCA	21830401	21576822	253579	21830471	253649
ENSMUST00000055946	AAGCTGTAAGTCTCTTCACTTAACCTGTGGTTCTTCTAAAACTATTATCTAAATCTACAGCATCCCACCA	21830401	21648956	181445	21830471	181515
ENSMUST00000070733	TGAGGATGGCTTGTGTGGATCACTGGAGACCTGTGTGAACGATGGTGTGTTTGGAAGATGTCAAAAGGTT	116580410	116580398	12	116722114	141716
ENSMUST00000070733	TGAGGATGGCTTGTGTGGATCACTGGAGACCTGTGTGAACGATGGTGTGTTTGGAAGATGTCAAAAGGTT	116580410	116722082	-141672	116722114	32
ENSMUST00000070733	TGAGGATGGCTTGTGTGGATCACTGGAGACCTGTGTGAACGATGGTGTGTTTGGAAGATGTCAAAAGGTT	116580410	116824316	-243906	116722114	-102202
ENSMUST00000070733	TGAGGATGGCTTGTGTGGATCACTGGAGACCTGTGTGAACGATGGTGTGTTTGGAAGATGTCAAAAGGTT	116580410	117161593	-581183	116722114	-439479
ENSMUST00000070733	TGAGGATGGCTTGTGTGGATCACTGGAGACCTGTGTGAACGATGGTGTGTTTGGAAGATGTCAAAAGGTT	116580410	117233283	-652873	116722114	-511169
ENSMUST00000070733	TGAGGATGGCTTGTGTGGATCACTGGAGACCTGTGTGAACGATGGTGTGTTTGGAAGATGTCAAAAGGTT	116580410	117255448	-675038	116722114	-533334
ENSMUST00000070733	TGAGGATGGCTTGTGTGGATCACTGGAGACCTGTGTGAACGATGGTGTGTTTGGAAGATGTCAAAAGGTT	116580410	117255545	-675135	116722114	-533431
ENSMUST00000174641	CAGGACTTTGTTTTGAAAGTTGCATTCCTTACTGGGTTTGGGATGTGGCACCTCTGGCCCAGCTTCCCTC	32262335	32152667	109668	32262405	109738
ENSMUST00000174641	CAGGACTTTGTTTTGAAAGTTGCATTCCTTACTGGGTTTGGGATGTGGCACCTCTGGCCCAGCTTCCCTC	32262335	32189983	72352	32262405	72422
ENSMUST00000174641	CAGGACTTTGTTTTGAAAGTTGCATTCCTTACTGGGTTTGGGATGTGGCACCTCTGGCCCAGCTTCCCTC	32262335	32208183	54152	32262405	54222
ENSMUST00000172689	CAACCCTGCCCGCAAGGGACTTTATGAGGGTACTGGCCGCCTCTTCTTTGAGTTCTACCGCCTCCTGCAT	3902458	3835026	67432	3902723	67697
ENSMUST00000172689	CAACCCTGCCCGCAAGGGACTTTATGAGGGTACTGGCCGCCTCTTCTTTGAGTTCTACCGCCTCCTGCAT	3902458	3902665	-207	3902723	58
ENSMUST00000202937	ATGAGGACCTGACCCCAGAGCAGAAGGCTGAGCGCGAGAAGGAACGGAGGATGGCCAATAATGCCCGTGA	69681592	69349071	332521	69681662	332591
ENSMUST00000202937	ATGAGGACCTGACCCCAGAGCAGAAGGCTGAGCGCGAGAAGGAACGGAGGATGGCCAATAATGCCCGTGA	69681592	69465350	216242	69681662	216312
ENSMUST00000202937	ATGAGGACCTGACCCCAGAGCAGAAGGCTGAGCGCGAGAAGGAACGGAGGATGGCCAATAATGCCCGTGA	69681592	69465350	216242	69681662	216312
ENSMUST00000202937	ATGAGGACCTGACCCCAGAGCAGAAGGCTGAGCGCGAGAAGGAACGGAGGATGGCCAATAATGCCCGTGA	69681592	69465350	216242	69681662	216312
ENSMUST00000105900	AGAGAAGCCCGTGGTCAGGACCTGGTGGAGGACAGAAAGTGGGGCACAGGCTGTGGCAAAGTTTAGGTGTG	144422257	144186819	235438	144422328	235509
ENSMUST00000105900	AGAGAAGCCCGTGGTCAGGACCTGGTGGAGGACAGAAAGTGGGGCACAGGCTGTGGCAAAGTTTAGGTGTG	144422257	144396637	25620	144422328	25691
ENSMUST00000105900	AGAGAAGCCCGTGGTCAGGACCTGGTGGAGGACAGAAAGTGGGGCACAGGCTGTGGCAAAGTTTAGGTGTG	144422257	144405329	16928	144422328	16999
ENSMUST00000105900	AGAGAAGCCCGTGGTCAGGACCTGGTGGAGGACAGAAAGTGGGGCACAGGCTGTGGCAAAGTTTAGGTGTG	144422257	144407120	15137	144422328	15208
ENSMUST00000226059	AAACGCTACCTCTCTGTCCCTTGCTGTGTGCTGATCATCGCCAGAGGTGCTTCACTCTGACTTGTTGGTTT	60762499	60696230	66269	60762570	66340
ENSMUST00000226059	AAACGCTACCTCTCTGTCCCTTGCTGTGTGCTGATCATCGCCAGAGGTGCTTCACTCTGACTTGTTGGTTT	60762499	60716677	45822	60762570	45893
ENSMUST00000226059	AAACGCTACCTCTCTGTCCCTTGCTGTGTGCTGATCATCGCCAGAGGTGCTTCACTCTGACTTGTTGGTTT	60762499	60721773	40726	60762570	40797
ENSMUST00000019986	TTACAAGGAAAATGCTTGCTTATGATCGGCGCTCTGAGCCTCGAGTTGGAGAACGAGTGCCATATGTCATC	39864616	39854698	9918	39864687	9989
ENSMUST00000019986	TTACAAGGAAAATGCTTGCTTATGATCGGCGCTCTGAGCCTCGAGTTGGAGAACGAGTGCCATATGTCATC	39864616	39859106	5510	39864687	5581
ENSMUST00000019986	TTACAAGGAAAATGCTTGCTTATGATCGGCGCTCTGAGCCTCGAGTTGGAGAACGAGTGCCATATGTCATC	39864616	39862693	1923	39864687	1994
ENSMUST00000183302	CCACGTACATAGAGAAATTGAAGACTGTGAATTTGGTTTTAAAAAACACTCAAGCTGCAGAAGCCCTTGTC	34170360	34296741	-126381	34170431	-126310
ENSMUST00000149756	AAACAACCCGCCCTGTACAGTGAACATCCCTATTGCACCAATCCACAGCTCTGCTCAAGCTCTGTCTCCCA	6231749	6176828	54921	6231820	54992
ENSMUST00000149756	AAACAACCCGCCCTGTACAGTGAACATCCCTATTGCACCAATCCACAGCTCTGCTCAAGCTCTGTCTCCCA	6231749	6185136	46613	6231820	46684
ENSMUST00000149756	AAACAACCCGCCCTGTACAGTGAACATCCCTATTGCACCAATCCACAGCTCTGCTCAAGCTCTGTCTCCCA	6231749	6198671	33078	6231820	33149
ENSMUST00000095737	ATTGCTCCTCTTAGGTGATCGTCTTAGTTCCTCAAAGCTGCTTGTTCTCCCGTGGATTCCTGTCCCAAGCTA	53147983	53025720	122263	53148055	122335
ENSMUST00000095737	ATTGCTCCTCTTAGGTGATCGTCTTAGTTCCTCAAAGCTGCTTGTTCTCCCGTGGATTCCTGTCCCAAGCTA	53147983	53104514	43469	53148055	43541
ENSMUST00000095737	ATTGCTCCTCTTAGGTGATCGTCTTAGTTCCTCAAAGCTGCTTGTTCTCCCGTGGATTCCTGTCCCAAGCTA	53147983	53025720	122263	53148055	122335
ENSMUST00000095737	ATTGCTCCTCTTAGGTGATCGTCTTAGTTCCTCAAAGCTGCTTGTTCTCCCGTGGATTCCTGTCCCAAGCTA	53147983	53104514	43469	53148055	43541
ENSMUST00000113462	GGAAGGAAGGCTGGGGTTTTGTAAAGTGTCCACTGCGCCGTTCGTTTATTTCCCTCGATTTTCTTCTTCCTC	6532493	6443630	88863	6532565	88935
ENSMUST00000113462	GGAAGGAAGGCTGGGGTTTTGTAAAGTGTCCACTGCGCCGTTCGTTTATTTCCCTCGATTTTCTTCTTCCTC	6532493	6448254	84239	6532565	84311
ENSMUST00000113462	GGAAGGAAGGCTGGGGTTTTGTAAAGTGTCCACTGCGCCGTTCGTTTATTTCCCTCGATTTTCTTCTTCCTC	6532493	6448254	84239	6532565	84311
ENSMUST00000113462	GGAAGGAAGGCTGGGGTTTTGTAAAGTGTCCACTGCGCCGTTCGTTTATTTCCCTCGATTTTCTTCTTCCTC	6532493	6448254	84239	6532565	84311
ENSMUST00000113462	GGAAGGAAGGCTGGGGTTTTGTAAAGTGTCCACTGCGCCGTTCGTTTATTTCCCTCGATTTTCTTCTTCCTC	6532493	6454978	77515	6532565	77587
ENSMUST00000113462	GGAAGGAAGGCTGGGGTTTTGTAAAGTGTCCACTGCGCCGTTCGTTTATTTCCCTCGATTTTCTTCTTCCTC	6532493	6516922	15571	6532565	15643
ENSMUST00000113462	GGAAGGAAGGCTGGGGTTTTGTAAAGTGTCCACTGCGCCGTTCGTTTATTTCCCTCGATTTTCTTCTTCCTC	6532493	6516922	15571	6532565	15643
ENSMUST00000113462	GGAAGGAAGGCTGGGGTTTTGTAAAGTGTCCACTGCGCCGTTCGTTTATTTCCCTCGATTTTCTTCTTCCTC	6532493	6443630	88863	6532565	88935
ENSMUST00000113462	GGAAGGAAGGCTGGGGTTTTGTAAAGTGTCCACTGCGCCGTTCGTTTATTTCCCTCGATTTTCTTCTTCCTC	6532493	6448254	84239	6532565	84311
ENSMUST00000113462	GGAAGGAAGGCTGGGGTTTTGTAAAGTGTCCACTGCGCCGTTCGTTTATTTCCCTCGATTTTCTTCTTCCTC	6532493	6448254	84239	6532565	84311
ENSMUST00000113462	GGAAGGAAGGCTGGGGTTTTGTAAAGTGTCCACTGCGCCGTTCGTTTATTTCCCTCGATTTTCTTCTTCCTC	6532493	6448254	84239	6532565	84311
ENSMUST00000113462	GGAAGGAAGGCTGGGGTTTTGTAAAGTGTCCACTGCGCCGTTCGTTTATTTCCCTCGATTTTCTTCTTCCTC	6532493	6454978	77515	6532565	77587
ENSMUST00000113462	GGAAGGAAGGCTGGGGTTTTGTAAAGTGTCCACTGCGCCGTTCGTTTATTTCCCTCGATTTTCTTCTTCCTC	6532493	6516922	15571	6532565	15643
ENSMUST00000113462	GGAAGGAAGGCTGGGGTTTTGTAAAGTGTCCACTGCGCCGTTCGTTTATTTCCCTCGATTTTCTTCTTCCTC	6532493	6516922	15571	6532565	15643
ENSMUST00000041956	ACTCTAAAGTTTACGAAGCCTGCTTCTCTGAATATTCTCATATTTTAGATGAATTTCACCCATTTTCATACT	94123514	94036599	86915	94123586	86987
ENSMUST00000041956	ACTCTAAAGTTTACGAAGCCTGCTTCTCTGAATATTCTCATATTTTAGATGAATTTCACCCATTTTCATACT	94123514	94079198	44316	94123586	44388
ENSMUST00000041956	ACTCTAAAGTTTACGAAGCCTGCTTCTCTGAATATTCTCATATTTTAGATGAATTTCACCCATTTTCATACT	94123514	94106633	16881	94123586	16953
ENSMUST00000100334	AGAGATGACCCGTCCATCATTCCCATCCTCTACGACCACGAGCATGCAACCTTCGAGGACATCCTGGAGGAA	25060539	25057271	3268	25060830	3559
ENSMUST00000100334	AGAGATGACCCGTCCATCATTCCCATCCTCTACGACCACGAGCATGCAACCTTCGAGGACATCCTGGAGGAA	25060539	25057271	3268	25060830	3559
ENSMUST00000100334	AGAGATGACCCGTCCATCATTCCCATCCTCTACGACCACGAGCATGCAACCTTCGAGGACATCCTGGAGGAA	25060539	25057964	2575	25060830	2866
ENSMUST00000100334	AGAGATGACCCGTCCATCATTCCCATCCTCTACGACCACGAGCATGCAACCTTCGAGGACATCCTGGAGGAA	25060539	25059604	935	25060830	1226
ENSMUST00000100334	AGAGATGACCCGTCCATCATTCCCATCCTCTACGACCACGAGCATGCAACCTTCGAGGACATCCTGGAGGAA	25060539	25060691	-152	25060830	139
ENSMUST00000039655	TGGATACACTTGTACAGCGCCCTATCATCTCTATCTGTTGGGGCCATCGGGACTCTAGGCTGCTTATGGCTT	6207046	6176828	30218	6213445	36617
ENSMUST00000039655	TGGATACACTTGTACAGCGCCCTATCATCTCTATCTGTTGGGGCCATCGGGACTCTAGGCTGCTTATGGCTT	6207046	6185136	21910	6213445	28309
ENSMUST00000039655	TGGATACACTTGTACAGCGCCCTATCATCTCTATCTGTTGGGGCCATCGGGACTCTAGGCTGCTTATGGCTT	6207046	6198671	8375	6213445	14774
ENSMUST00000060992	AAAATTACCTGTCTTGACTTCCTGTGTTTATCATCTTAAGTATTGTAAGCTGCTGTGTATGGATCTCATTGTA	29742164	29706409	35755	29742237	35828
ENSMUST00000221721	AGAAGAAGACGAAGGGTTTTGCTGTTGTGAGCCTGGCCATGTTCCGCACGTGCTGTCCTTTAACGCTGCGTTT	81981964	81894982	86982	81982037	87055
ENSMUST00000221721	AGAAGAAGACGAAGGGTTTTGCTGTTGTGAGCCTGGCCATGTTCCGCACGTGCTGTCCTTTAACGCTGCGTTT	81981964	81928241	53723	81982037	53796
ENSMUST00000069520	TTATATATAAATATCTATTTATCTGTCTGAGCCCTACCTTCACCCACTCCTCCATGCACTAGGGGCCCAGTCCT	7651978	7639857	12121	7652052	12195
ENSMUST00000069520	TTATATATAAATATCTATTTATCTGTCTGAGCCCTACCTTCACCCACTCCTCCATGCACTAGGGGCCCAGTCCT	7651978	7645007	6971	7652052	7045
ENSMUST00000122912	ATTTTTTGCACACAATAATGAAACTTGAACTGGAGAAGAACCGAGAGCAACAAACCCCCACGCTGAATGGCTGC	66022071	65877964	144107	66022145	144181
ENSMUST00000122912	ATTTTTTGCACACAATAATGAAACTTGAACTGGAGAAGAACCGAGAGCAACAAACCCCCACGCTGAATGGCTGC	66022071	65948958	73113	66022145	73187
ENSMUST00000071325	ATCACTGCCAACCTTAACCTCTCTAATTCCATGACCTCACTTGCAACTTCCCAGCATTCCCCAGGACTCGACAA	79570440	79463232	107208	79578321	115089
ENSMUST00000071325	ATCACTGCCAACCTTAACCTCTCTAATTCCATGACCTCACTTGCAACTTCCCAGCATTCCCCAGGACTCGACAA	79570440	79463232	107208	79578321	115089
ENSMUST00000192069	TTCTTCTCTCCTTCTACTGGTAGACCTACCAGCTGCTGTTTCGTTTCTTTCGTGAAGCCTTCTCTCTGCCTCTCA	159523997	159849985	-325988	159524072	-325913
ENSMUST00000097274	AAAAAAACAACTCGAAGACTCTGGCTCTGCCACTGGACGTGGACTCCTGATTTCTCCCTCCTCCCATTCCTCCTC	86655041	86619891	35150	86655116	35225
ENSMUST00000221721	CTTCTGTTTATGTTGTGGTCTCATTTGGCTCTTGGATTATGGCAGCAGAAACCTAACCACAAGCAAGTTCAAGTT	81958734	81894982	63752	81958809	63827
ENSMUST00000221721	CTTCTGTTTATGTTGTGGTCTCATTTGGCTCTTGGATTATGGCAGCAGAAACCTAACCACAAGCAAGTTCAAGTT	81958734	81928241	30493	81958809	30568
ENSMUST00000020251	CGTGACTGTGTCCAAAGAGAACCTTTCACCGCTGATCGTTCCCCCAGAAAGCCACTTGCCAAAAGAAGAGGAGAG	88433905	88414392	19513	88433980	19588
ENSMUST00000146701	GATGAATGGATGAGTGAATGAATGAATGAATGAGTGAGTGAATTAATGGATGGGTATATTCTCTGGTTGAGCTTCT	109565286	109544026	21260	109565362	21336
ENSMUST00000146701	GATGAATGGATGAGTGAATGAATGAATGAATGAGTGAGTGAATTAATGGATGGGTATATTCTCTGGTTGAGCTTCT	109565286	109546429	18857	109565362	18933
ENSMUST00000146701	GATGAATGGATGAGTGAATGAATGAATGAATGAGTGAGTGAATTAATGGATGGGTATATTCTCTGGTTGAGCTTCT	109565286	109546429	18857	109565362	18933
ENSMUST00000146701	GATGAATGGATGAGTGAATGAATGAATGAATGAGTGAGTGAATTAATGGATGGGTATATTCTCTGGTTGAGCTTCT	109565286	109546429	18857	109565362	18933
ENSMUST00000043610	TACTAGCCCAGTCGGTGGAAAATGTCTGGACTACCTGTCGAGCAAACAAACAAAAGCGTCACCTTCTGGAGGCCCT	29595311	29584174	11137	29595387	11213
ENSMUST00000214357	CTCTGGCAGGGCTCCTTACCTCTGCCTTGCTGACCAAATCGTGTAAACTGCTTTTGACTGGCCACTGGGTGACAGCT	27348459	27317808	30651	27348536	30728
ENSMUST00000064989	TTTTCCGGTATATTGACTGGGAGAAACTCGAACGCAAGGAGATTCAGCCACCTTATAAACCAAAAGCTTGTGGGCGA	122600778	122590044	10734	122627681	37637
ENSMUST00000128646	AACTTAACAGATGACGGCCGTATGAAGAAGATACTGTACATAGACTATAAATGAAACTGGATCTCTGTGGCCTAGGT	43138353	42956616	181737	43138430	181814
ENSMUST00000128646	AACTTAACAGATGACGGCCGTATGAAGAAGATACTGTACATAGACTATAAATGAAACTGGATCTCTGTGGCCTAGGT	43138353	43037449	100904	43138430	100981
ENSMUST00000136740	CATTTGAAGAATGGGACTGCAAAGGAAAAGCTTGTCTGTAGTTCTGAACCTATCACCTGTAAACCCCAGCTGAGAGA	59871166	59832188	38978	59871243	39055
ENSMUST00000101270	AAAAGAAAGTAGAAAGGCAGTTTAGCACCTCCAGTGACCATGAGCCCCCTGGGGTCTTGGGCTGAACTGTGAAATGG	50171364	50164161	7203	50171441	7280
ENSMUST00000007961	CCCCACGTGCAGCTGGCGGCCAGTACCCATCAAGTCAGACCTCCACATCAAGGATGACCCCGATGGCATCCCCTCAAA	25656793	25502654	154139	25656871	154217
ENSMUST00000166734	GCATTTGATTACGATACAGAGAACATGAATTCTGAAGACATTTATAGCTCCCTTAGAGGCGTCACTGAGGCAATCCAGA	113903870	113847702	56168	113903949	56247
ENSMUST00000166734	GCATTTGATTACGATACAGAGAACATGAATTCTGAAGACATTTATAGCTCCCTTAGAGGCGTCACTGAGGCAATCCAGA	113903870	113853348	50522	113903949	50601
ENSMUST00000166734	GCATTTGATTACGATACAGAGAACATGAATTCTGAAGACATTTATAGCTCCCTTAGAGGCGTCACTGAGGCAATCCAGA	113903870	113854172	49698	113903949	49777
ENSMUST00000166734	GCATTTGATTACGATACAGAGAACATGAATTCTGAAGACATTTATAGCTCCCTTAGAGGCGTCACTGAGGCAATCCAGA	113903870	113858580	45290	113903949	45369
ENSMUST00000166734	GCATTTGATTACGATACAGAGAACATGAATTCTGAAGACATTTATAGCTCCCTTAGAGGCGTCACTGAGGCAATCCAGA	113903870	113896641	7229	113903949	7308
ENSMUST00000166734	GCATTTGATTACGATACAGAGAACATGAATTCTGAAGACATTTATAGCTCCCTTAGAGGCGTCACTGAGGCAATCCAGA	113903870	113903841	29	113903949	108
ENSMUST00000053748	GTTTGACCGAGTGTGCGAGCACCTGAACCTCTTGGAGAAGGACTACTTTGGACTTCTATTTCAGGATCATCCTGAGCAG	25460818	25501823	-41005	25460895	-40928
ENSMUST00000053748	GTTTGACCGAGTGTGCGAGCACCTGAACCTCTTGGAGAAGGACTACTTTGGACTTCTATTTCAGGATCATCCTGAGCAG	25460818	25501823	-41005	25460895	-40928
ENSMUST00000053748	GTTTGACCGAGTGTGCGAGCACCTGAACCTCTTGGAGAAGGACTACTTTGGACTTCTATTTCAGGATCATCCTGAGCAG	25460818	25504136	-43318	25460895	-43241
ENSMUST00000120544	TGGCCGGTGCCCTGCGCGGGGCCTCCCCAGGACACACTGACGTAGATTTGCTGTGTAGTCTTGGTGTGGAAATTTGAATT	111794751	111775923	18828	111794831	18908
ENSMUST00000120544	TGGCCGGTGCCCTGCGCGGGGCCTCCCCAGGACACACTGACGTAGATTTGCTGTGTAGTCTTGGTGTGGAAATTTGAATT	111794751	111789324	5427	111794831	5507
ENSMUST00000120544	TGGCCGGTGCCCTGCGCGGGGCCTCCCCAGGACACACTGACGTAGATTTGCTGTGTAGTCTTGGTGTGGAAATTTGAATT	111794751	111789324	5427	111794831	5507
ENSMUST00000120544	TGGCCGGTGCCCTGCGCGGGGCCTCCCCAGGACACACTGACGTAGATTTGCTGTGTAGTCTTGGTGTGGAAATTTGAATT	111794751	111789348	5403	111794831	5483
ENSMUST00000120544	TGGCCGGTGCCCTGCGCGGGGCCTCCCCAGGACACACTGACGTAGATTTGCTGTGTAGTCTTGGTGTGGAAATTTGAATT	111794751	111775923	18828	111794831	18908
ENSMUST00000120544	TGGCCGGTGCCCTGCGCGGGGCCTCCCCAGGACACACTGACGTAGATTTGCTGTGTAGTCTTGGTGTGGAAATTTGAATT	111794751	111789324	5427	111794831	5507
ENSMUST00000120544	TGGCCGGTGCCCTGCGCGGGGCCTCCCCAGGACACACTGACGTAGATTTGCTGTGTAGTCTTGGTGTGGAAATTTGAATT	111794751	111789324	5427	111794831	5507
ENSMUST00000120544	TGGCCGGTGCCCTGCGCGGGGCCTCCCCAGGACACACTGACGTAGATTTGCTGTGTAGTCTTGGTGTGGAAATTTGAATT	111794751	111789348	5403	111794831	5483
ENSMUST00000182597	GCTCGTTCTGCTGCTTGGTCCTACATCTTTCTGCCTGAGGAAGCCTGGTGTGACCTTACCATCCACCTTCCGTCAGCAGT	74643417	74660381	-16964	74646471	-13910
ENSMUST00000044083	GAGCTGCTGCAGATACTGGATGCCATGGACATCTGCGCCCGAGACCTGAGTAGTGGGACTATGGTGGATATCCCTGCTCT	60760837	60696230	64607	60760917	64687
ENSMUST00000044083	GAGCTGCTGCAGATACTGGATGCCATGGACATCTGCGCCCGAGACCTGAGTAGTGGGACTATGGTGGATATCCCTGCTCT	60760837	60716677	44160	60760917	44240
ENSMUST00000044083	GAGCTGCTGCAGATACTGGATGCCATGGACATCTGCGCCCGAGACCTGAGTAGTGGGACTATGGTGGATATCCCTGCTCT	60760837	60721773	39064	60760917	39144
ENSMUST00000110639	GAAAGGCAGAGACTTGGACAAAAAAGACACGGCTGTGGAGCTGGGCAAAGGCCCAGAACCCAAAGGCAAAGACTTATATC	121303606	121298596	5010	121303686	5090
ENSMUST00000105902	ATTCCGCATCCCCCCTCCCCCTCTGGCATCCGTGGACTTGGATGAGGACTTTCTTTTCACAGAACCGTTGCCTCCCCCCC	144411074	144186819	224255	144411154	224335
ENSMUST00000105902	ATTCCGCATCCCCCCTCCCCCTCTGGCATCCGTGGACTTGGATGAGGACTTTCTTTTCACAGAACCGTTGCCTCCCCCCC	144411074	144396637	14437	144411154	14517
ENSMUST00000105902	ATTCCGCATCCCCCCTCCCCCTCTGGCATCCGTGGACTTGGATGAGGACTTTCTTTTCACAGAACCGTTGCCTCCCCCCC	144411074	144405329	5745	144411154	5825
ENSMUST00000105902	ATTCCGCATCCCCCCTCCCCCTCTGGCATCCGTGGACTTGGATGAGGACTTTCTTTTCACAGAACCGTTGCCTCCCCCCC	144411074	144407120	3954	144411154	4034
ENSMUST00000214522	ATCGTTGCTCCACTCAATGCCACTCCACTCCTCTCCACGCTCCCGTGACTATAACCCATATAACTACTCAGATAGCATCA	113906109	113847702	58407	113906189	58487
ENSMUST00000214522	ATCGTTGCTCCACTCAATGCCACTCCACTCCTCTCCACGCTCCCGTGACTATAACCCATATAACTACTCAGATAGCATCA	113906109	113853348	52761	113906189	52841
ENSMUST00000214522	ATCGTTGCTCCACTCAATGCCACTCCACTCCTCTCCACGCTCCCGTGACTATAACCCATATAACTACTCAGATAGCATCA	113906109	113854172	51937	113906189	52017
ENSMUST00000214522	ATCGTTGCTCCACTCAATGCCACTCCACTCCTCTCCACGCTCCCGTGACTATAACCCATATAACTACTCAGATAGCATCA	113906109	113858580	47529	113906189	47609
ENSMUST00000214522	ATCGTTGCTCCACTCAATGCCACTCCACTCCTCTCCACGCTCCCGTGACTATAACCCATATAACTACTCAGATAGCATCA	113906109	113896641	9468	113906189	9548
ENSMUST00000214522	ATCGTTGCTCCACTCAATGCCACTCCACTCCTCTCCACGCTCCCGTGACTATAACCCATATAACTACTCAGATAGCATCA	113906109	113903841	2268	113906189	2348
ENSMUST00000030676	AACAGAGTCTCATCTATGTAAAAACAGGAGAAGCCATGTGGAGATGGGGCTCTGGTGAGTGTATAATGGATGCAAGCGTG	125710129	125659688	50441	125710209	50521
ENSMUST00000033915	CTCTGCTCCTAGAATCCAGACCCCTTTCCACTCCCCCTCCCAAAATTATCCGGCTGTTTGTTTGAGTACCTGCTTACTGTG	54954949	55037327	-82378	54955030	-82297
ENSMUST00000033915	ATTGTGACACCAGGCTTACCTTTTCAAGTTTAGTATAGAAACAATTATCATGGAAATAACTACTGTGGACTGTTGGAGAGTG	55059670	55037327	22343	55059752	22425
ENSMUST00000175903	TTTTACGGAGAAAACTTATCCATGAAGGCTGCCTGCTCTGGAAGACAGCCACAGGCCGCTTCAAAGATGTCCTGTTGCTGCT	88636052	88632912	3140	88638302	5390
ENSMUST00000094639	TCCGCTGTGTCGCCCCCAAACCTCCACTCTGACACTCCAACGTTTAGCTATGCATCTCTGGCAGGACCCACTATACCTCCCA	121305390	121298596	6794	121305472	6876
ENSMUST00000094639	TCCGCTGTGTCGCCCCCAAACCTCCACTCTGACACTCCAACGTTTAGCTATGCATCTCTGGCAGGACCCACTATACCTCCCA	121305390	121298596	6794	121305472	6876
ENSMUST00000072031	CCCCTGACCTCAAGACACAGAATGTCCACGTGGAAATTGAGCAGCGTTGGCATCAAGTGGAGACCACCCCTCTCAGGGAGGAG	59752898	59727551	25347	59752981	25430
ENSMUST00000072031	CCCCTGACCTCAAGACACAGAATGTCCACGTGGAAATTGAGCAGCGTTGGCATCAAGTGGAGACCACCCCTCTCAGGGAGGAG	59752898	59744751	8147	59752981	8230
ENSMUST00000051454	AACTAAAACAGAGACACCCGAATTTTGTAAAACAGTAGATAGATAAGACAATGGAATTCAGCAGCTTTTCTCCCCGAGACAAC	83881782	83858217	23565	83881865	23648
ENSMUST00000030676	AATCACCCCTACTGACAGGATCCTCATGAAACCATTGTCAACTCCGTTCTCATCCGCTGTAGTCTTTAACCACTGTCTTCTGTT	125710890	125659688	51202	125710974	51286
ENSMUST00000029116	GTTTGTCGTTTGCAGGTTGTTCTTGATGTTAACTCTGATTGTTAGCTAGACTTTTGTTACCTGGAAAATTTTGGACATAAAATT	181856749	181841154	15595	181856833	15679
ENSMUST00000146701	GAAAGGTAACAATACACTCACAAATAGGTAGATGAATGTAGCTGGAAGACGGGGCCTGGCTAGGGACGGGATGAGAGGCTGTGTC	109560104	109544026	16078	109560189	16163
ENSMUST00000146701	GAAAGGTAACAATACACTCACAAATAGGTAGATGAATGTAGCTGGAAGACGGGGCCTGGCTAGGGACGGGATGAGAGGCTGTGTC	109560104	109546429	13675	109560189	13760
ENSMUST00000146701	GAAAGGTAACAATACACTCACAAATAGGTAGATGAATGTAGCTGGAAGACGGGGCCTGGCTAGGGACGGGATGAGAGGCTGTGTC	109560104	109546429	13675	109560189	13760
ENSMUST00000146701	GAAAGGTAACAATACACTCACAAATAGGTAGATGAATGTAGCTGGAAGACGGGGCCTGGCTAGGGACGGGATGAGAGGCTGTGTC	109560104	109546429	13675	109560189	13760
ENSMUST00000232395	GGAGGACAGCAGACTGGAAGTGGCCTCTCCTGACTCTCCTACACCACTCTGTGAGGATGCTTCTCCTTCCCCCACGCCAGCTCCT	94442941	94385335	57606	94443026	57691
ENSMUST00000232395	GGAGGACAGCAGACTGGAAGTGGCCTCTCCTGACTCTCCTACACCACTCTGTGAGGATGCTTCTCCTTCCCCCACGCCAGCTCCT	94442941	94390201	52740	94443026	52825
ENSMUST00000232395	GGAGGACAGCAGACTGGAAGTGGCCTCTCCTGACTCTCCTACACCACTCTGTGAGGATGCTTCTCCTTCCCCCACGCCAGCTCCT	94442941	94408553	34388	94443026	34473
ENSMUST00000232395	GGAGGACAGCAGACTGGAAGTGGCCTCTCCTGACTCTCCTACACCACTCTGTGAGGATGCTTCTCCTTCCCCCACGCCAGCTCCT	94442941	94408553	34388	94443026	34473
ENSMUST00000232395	GGAGGACAGCAGACTGGAAGTGGCCTCTCCTGACTCTCCTACACCACTCTGTGAGGATGCTTCTCCTTCCCCCACGCCAGCTCCT	94442941	94408553	34388	94443026	34473
ENSMUST00000232395	GGAGGACAGCAGACTGGAAGTGGCCTCTCCTGACTCTCCTACACCACTCTGTGAGGATGCTTCTCCTTCCCCCACGCCAGCTCCT	94442941	94410832	32109	94443026	32194
ENSMUST00000232395	GGAGGACAGCAGACTGGAAGTGGCCTCTCCTGACTCTCCTACACCACTCTGTGAGGATGCTTCTCCTTCCCCCACGCCAGCTCCT	94442941	94412059	30882	94443026	30967
ENSMUST00000232395	GGAGGACAGCAGACTGGAAGTGGCCTCTCCTGACTCTCCTACACCACTCTGTGAGGATGCTTCTCCTTCCCCCACGCCAGCTCCT	94442941	94415948	26993	94443026	27078
ENSMUST00000232395	GGAGGACAGCAGACTGGAAGTGGCCTCTCCTGACTCTCCTACACCACTCTGTGAGGATGCTTCTCCTTCCCCCACGCCAGCTCCT	94442941	94415948	26993	94443026	27078
ENSMUST00000232395	GGAGGACAGCAGACTGGAAGTGGCCTCTCCTGACTCTCCTACACCACTCTGTGAGGATGCTTCTCCTTCCCCCACGCCAGCTCCT	94442941	94416281	26660	94443026	26745
ENSMUST00000232395	GGAGGACAGCAGACTGGAAGTGGCCTCTCCTGACTCTCCTACACCACTCTGTGAGGATGCTTCTCCTTCCCCCACGCCAGCTCCT	94442941	94425086	17855	94443026	17940
ENSMUST00000232395	GGAGGACAGCAGACTGGAAGTGGCCTCTCCTGACTCTCCTACACCACTCTGTGAGGATGCTTCTCCTTCCCCCACGCCAGCTCCT	94442941	94385335	57606	94443026	57691
ENSMUST00000232395	GGAGGACAGCAGACTGGAAGTGGCCTCTCCTGACTCTCCTACACCACTCTGTGAGGATGCTTCTCCTTCCCCCACGCCAGCTCCT	94442941	94390201	52740	94443026	52825
ENSMUST00000232395	GGAGGACAGCAGACTGGAAGTGGCCTCTCCTGACTCTCCTACACCACTCTGTGAGGATGCTTCTCCTTCCCCCACGCCAGCTCCT	94442941	94408553	34388	94443026	34473
ENSMUST00000232395	GGAGGACAGCAGACTGGAAGTGGCCTCTCCTGACTCTCCTACACCACTCTGTGAGGATGCTTCTCCTTCCCCCACGCCAGCTCCT	94442941	94408553	34388	94443026	34473
ENSMUST00000232395	GGAGGACAGCAGACTGGAAGTGGCCTCTCCTGACTCTCCTACACCACTCTGTGAGGATGCTTCTCCTTCCCCCACGCCAGCTCCT	94442941	94408553	34388	94443026	34473
ENSMUST00000232395	GGAGGACAGCAGACTGGAAGTGGCCTCTCCTGACTCTCCTACACCACTCTGTGAGGATGCTTCTCCTTCCCCCACGCCAGCTCCT	94442941	94410832	32109	94443026	32194
ENSMUST00000232395	GGAGGACAGCAGACTGGAAGTGGCCTCTCCTGACTCTCCTACACCACTCTGTGAGGATGCTTCTCCTTCCCCCACGCCAGCTCCT	94442941	94412059	30882	94443026	30967
ENSMUST00000232395	GGAGGACAGCAGACTGGAAGTGGCCTCTCCTGACTCTCCTACACCACTCTGTGAGGATGCTTCTCCTTCCCCCACGCCAGCTCCT	94442941	94415948	26993	94443026	27078
ENSMUST00000232395	GGAGGACAGCAGACTGGAAGTGGCCTCTCCTGACTCTCCTACACCACTCTGTGAGGATGCTTCTCCTTCCCCCACGCCAGCTCCT	94442941	94415948	26993	94443026	27078
ENSMUST00000232395	GGAGGACAGCAGACTGGAAGTGGCCTCTCCTGACTCTCCTACACCACTCTGTGAGGATGCTTCTCCTTCCCCCACGCCAGCTCCT	94442941	94416281	26660	94443026	26745
ENSMUST00000232395	GGAGGACAGCAGACTGGAAGTGGCCTCTCCTGACTCTCCTACACCACTCTGTGAGGATGCTTCTCCTTCCCCCACGCCAGCTCCT	94442941	94425086	17855	94443026	17940
ENSMUST00000232395	GGAGGACAGCAGACTGGAAGTGGCCTCTCCTGACTCTCCTACACCACTCTGTGAGGATGCTTCTCCTTCCCCCACGCCAGCTCCT	94442941	94385335	57606	94443026	57691
ENSMUST00000232395	GGAGGACAGCAGACTGGAAGTGGCCTCTCCTGACTCTCCTACACCACTCTGTGAGGATGCTTCTCCTTCCCCCACGCCAGCTCCT	94442941	94390201	52740	94443026	52825
ENSMUST00000232395	GGAGGACAGCAGACTGGAAGTGGCCTCTCCTGACTCTCCTACACCACTCTGTGAGGATGCTTCTCCTTCCCCCACGCCAGCTCCT	94442941	94408553	34388	94443026	34473
ENSMUST00000232395	GGAGGACAGCAGACTGGAAGTGGCCTCTCCTGACTCTCCTACACCACTCTGTGAGGATGCTTCTCCTTCCCCCACGCCAGCTCCT	94442941	94408553	34388	94443026	34473
ENSMUST00000232395	GGAGGACAGCAGACTGGAAGTGGCCTCTCCTGACTCTCCTACACCACTCTGTGAGGATGCTTCTCCTTCCCCCACGCCAGCTCCT	94442941	94408553	34388	94443026	34473
ENSMUST00000232395	GGAGGACAGCAGACTGGAAGTGGCCTCTCCTGACTCTCCTACACCACTCTGTGAGGATGCTTCTCCTTCCCCCACGCCAGCTCCT	94442941	94410832	32109	94443026	32194
ENSMUST00000232395	GGAGGACAGCAGACTGGAAGTGGCCTCTCCTGACTCTCCTACACCACTCTGTGAGGATGCTTCTCCTTCCCCCACGCCAGCTCCT	94442941	94412059	30882	94443026	30967
ENSMUST00000232395	GGAGGACAGCAGACTGGAAGTGGCCTCTCCTGACTCTCCTACACCACTCTGTGAGGATGCTTCTCCTTCCCCCACGCCAGCTCCT	94442941	94415948	26993	94443026	27078
ENSMUST00000232395	GGAGGACAGCAGACTGGAAGTGGCCTCTCCTGACTCTCCTACACCACTCTGTGAGGATGCTTCTCCTTCCCCCACGCCAGCTCCT	94442941	94415948	26993	94443026	27078
ENSMUST00000232395	GGAGGACAGCAGACTGGAAGTGGCCTCTCCTGACTCTCCTACACCACTCTGTGAGGATGCTTCTCCTTCCCCCACGCCAGCTCCT	94442941	94416281	26660	94443026	26745
ENSMUST00000232395	GGAGGACAGCAGACTGGAAGTGGCCTCTCCTGACTCTCCTACACCACTCTGTGAGGATGCTTCTCCTTCCCCCACGCCAGCTCCT	94442941	94425086	17855	94443026	17940
ENSMUST00000186360	TCTCAGACCCAGGCAGAGAGCATGGTCCTGACCCAGCCCCCCCGGGACAGGACTGAGATCACTCTGGAAAGAAGCGGGGTGGGGA	74589358	74582891	6467	74589443	6552
ENSMUST00000186360	TCTCAGACCCAGGCAGAGAGCATGGTCCTGACCCAGCCCCCCCGGGACAGGACTGAGATCACTCTGGAAAGAAGCGGGGTGGGGA	74589358	74582891	6467	74589443	6552
ENSMUST00000121390	GTTTGACTGCGTGGTGAACTCGCTCAAGAACGTCTTCAACATCCTCATTGTGTACATGCTGTTCATGTTCATCTTCGCTGTGGTA	84580093	84614694	-34601	84580178	-34516
ENSMUST00000232395	TACTCGGTCAAGCCAGTCTCCAAAAAAGCCTTCCAACAGTATTATTGAACACCTGTCAGTGATATTCCCATGTTATACCAGCACT	94460063	94385335	74728	94462268	76933
ENSMUST00000232395	TACTCGGTCAAGCCAGTCTCCAAAAAAGCCTTCCAACAGTATTATTGAACACCTGTCAGTGATATTCCCATGTTATACCAGCACT	94460063	94390201	69862	94462268	72067
ENSMUST00000232395	TACTCGGTCAAGCCAGTCTCCAAAAAAGCCTTCCAACAGTATTATTGAACACCTGTCAGTGATATTCCCATGTTATACCAGCACT	94460063	94408553	51510	94462268	53715
ENSMUST00000232395	TACTCGGTCAAGCCAGTCTCCAAAAAAGCCTTCCAACAGTATTATTGAACACCTGTCAGTGATATTCCCATGTTATACCAGCACT	94460063	94408553	51510	94462268	53715
ENSMUST00000232395	TACTCGGTCAAGCCAGTCTCCAAAAAAGCCTTCCAACAGTATTATTGAACACCTGTCAGTGATATTCCCATGTTATACCAGCACT	94460063	94408553	51510	94462268	53715
ENSMUST00000232395	TACTCGGTCAAGCCAGTCTCCAAAAAAGCCTTCCAACAGTATTATTGAACACCTGTCAGTGATATTCCCATGTTATACCAGCACT	94460063	94410832	49231	94462268	51436
ENSMUST00000232395	TACTCGGTCAAGCCAGTCTCCAAAAAAGCCTTCCAACAGTATTATTGAACACCTGTCAGTGATATTCCCATGTTATACCAGCACT	94460063	94412059	48004	94462268	50209
ENSMUST00000232395	TACTCGGTCAAGCCAGTCTCCAAAAAAGCCTTCCAACAGTATTATTGAACACCTGTCAGTGATATTCCCATGTTATACCAGCACT	94460063	94415948	44115	94462268	46320
ENSMUST00000232395	TACTCGGTCAAGCCAGTCTCCAAAAAAGCCTTCCAACAGTATTATTGAACACCTGTCAGTGATATTCCCATGTTATACCAGCACT	94460063	94415948	44115	94462268	46320
ENSMUST00000232395	TACTCGGTCAAGCCAGTCTCCAAAAAAGCCTTCCAACAGTATTATTGAACACCTGTCAGTGATATTCCCATGTTATACCAGCACT	94460063	94416281	43782	94462268	45987
ENSMUST00000232395	TACTCGGTCAAGCCAGTCTCCAAAAAAGCCTTCCAACAGTATTATTGAACACCTGTCAGTGATATTCCCATGTTATACCAGCACT	94460063	94425086	34977	94462268	37182
ENSMUST00000232395	TACTCGGTCAAGCCAGTCTCCAAAAAAGCCTTCCAACAGTATTATTGAACACCTGTCAGTGATATTCCCATGTTATACCAGCACT	94460063	94385335	74728	94462268	76933
ENSMUST00000232395	TACTCGGTCAAGCCAGTCTCCAAAAAAGCCTTCCAACAGTATTATTGAACACCTGTCAGTGATATTCCCATGTTATACCAGCACT	94460063	94390201	69862	94462268	72067
ENSMUST00000232395	TACTCGGTCAAGCCAGTCTCCAAAAAAGCCTTCCAACAGTATTATTGAACACCTGTCAGTGATATTCCCATGTTATACCAGCACT	94460063	94408553	51510	94462268	53715
ENSMUST00000232395	TACTCGGTCAAGCCAGTCTCCAAAAAAGCCTTCCAACAGTATTATTGAACACCTGTCAGTGATATTCCCATGTTATACCAGCACT	94460063	94408553	51510	94462268	53715
ENSMUST00000232395	TACTCGGTCAAGCCAGTCTCCAAAAAAGCCTTCCAACAGTATTATTGAACACCTGTCAGTGATATTCCCATGTTATACCAGCACT	94460063	94408553	51510	94462268	53715
ENSMUST00000232395	TACTCGGTCAAGCCAGTCTCCAAAAAAGCCTTCCAACAGTATTATTGAACACCTGTCAGTGATATTCCCATGTTATACCAGCACT	94460063	94410832	49231	94462268	51436
ENSMUST00000232395	TACTCGGTCAAGCCAGTCTCCAAAAAAGCCTTCCAACAGTATTATTGAACACCTGTCAGTGATATTCCCATGTTATACCAGCACT	94460063	94412059	48004	94462268	50209
ENSMUST00000232395	TACTCGGTCAAGCCAGTCTCCAAAAAAGCCTTCCAACAGTATTATTGAACACCTGTCAGTGATATTCCCATGTTATACCAGCACT	94460063	94415948	44115	94462268	46320
ENSMUST00000232395	TACTCGGTCAAGCCAGTCTCCAAAAAAGCCTTCCAACAGTATTATTGAACACCTGTCAGTGATATTCCCATGTTATACCAGCACT	94460063	94415948	44115	94462268	46320
ENSMUST00000232395	TACTCGGTCAAGCCAGTCTCCAAAAAAGCCTTCCAACAGTATTATTGAACACCTGTCAGTGATATTCCCATGTTATACCAGCACT	94460063	94416281	43782	94462268	45987
ENSMUST00000232395	TACTCGGTCAAGCCAGTCTCCAAAAAAGCCTTCCAACAGTATTATTGAACACCTGTCAGTGATATTCCCATGTTATACCAGCACT	94460063	94425086	34977	94462268	37182
ENSMUST00000232395	TACTCGGTCAAGCCAGTCTCCAAAAAAGCCTTCCAACAGTATTATTGAACACCTGTCAGTGATATTCCCATGTTATACCAGCACT	94460063	94385335	74728	94462268	76933
ENSMUST00000232395	TACTCGGTCAAGCCAGTCTCCAAAAAAGCCTTCCAACAGTATTATTGAACACCTGTCAGTGATATTCCCATGTTATACCAGCACT	94460063	94390201	69862	94462268	72067
ENSMUST00000232395	TACTCGGTCAAGCCAGTCTCCAAAAAAGCCTTCCAACAGTATTATTGAACACCTGTCAGTGATATTCCCATGTTATACCAGCACT	94460063	94408553	51510	94462268	53715
ENSMUST00000232395	TACTCGGTCAAGCCAGTCTCCAAAAAAGCCTTCCAACAGTATTATTGAACACCTGTCAGTGATATTCCCATGTTATACCAGCACT	94460063	94408553	51510	94462268	53715
ENSMUST00000232395	TACTCGGTCAAGCCAGTCTCCAAAAAAGCCTTCCAACAGTATTATTGAACACCTGTCAGTGATATTCCCATGTTATACCAGCACT	94460063	94408553	51510	94462268	53715
ENSMUST00000232395	TACTCGGTCAAGCCAGTCTCCAAAAAAGCCTTCCAACAGTATTATTGAACACCTGTCAGTGATATTCCCATGTTATACCAGCACT	94460063	94410832	49231	94462268	51436
ENSMUST00000232395	TACTCGGTCAAGCCAGTCTCCAAAAAAGCCTTCCAACAGTATTATTGAACACCTGTCAGTGATATTCCCATGTTATACCAGCACT	94460063	94412059	48004	94462268	50209
ENSMUST00000232395	TACTCGGTCAAGCCAGTCTCCAAAAAAGCCTTCCAACAGTATTATTGAACACCTGTCAGTGATATTCCCATGTTATACCAGCACT	94460063	94415948	44115	94462268	46320
ENSMUST00000232395	TACTCGGTCAAGCCAGTCTCCAAAAAAGCCTTCCAACAGTATTATTGAACACCTGTCAGTGATATTCCCATGTTATACCAGCACT	94460063	94415948	44115	94462268	46320
ENSMUST00000232395	TACTCGGTCAAGCCAGTCTCCAAAAAAGCCTTCCAACAGTATTATTGAACACCTGTCAGTGATATTCCCATGTTATACCAGCACT	94460063	94416281	43782	94462268	45987
ENSMUST00000232395	TACTCGGTCAAGCCAGTCTCCAAAAAAGCCTTCCAACAGTATTATTGAACACCTGTCAGTGATATTCCCATGTTATACCAGCACT	94460063	94425086	34977	94462268	37182
ENSMUST00000115366	TGGAGAGCAAGAAGCCCAAGGGTTTCTTTGGCTATAAATCTGAAATATTTAATGAGAACTTTGGGCCGGATTTTCGAGAAGAAGAG	57901432	57919455	-18023	57904178	-15277
ENSMUST00000113735	AGGGCCCTGTTTGATTATGATCGGACTCGTGACAGCTGTCTACCAAGCCAGGGACTCAGTTTCTCTTATGGTGACATTCTGCACGTC	100806514	100808052	-1538	100806601	-1451
ENSMUST00000113735	AGGGCCCTGTTTGATTATGATCGGACTCGTGACAGCTGTCTACCAAGCCAGGGACTCAGTTTCTCTTATGGTGACATTCTGCACGTC	100806514	100808052	-1538	100806601	-1451
ENSMUST00000113735	AGGGCCCTGTTTGATTATGATCGGACTCGTGACAGCTGTCTACCAAGCCAGGGACTCAGTTTCTCTTATGGTGACATTCTGCACGTC	100806514	100808052	-1538	100806601	-1451
ENSMUST00000113735	AGGGCCCTGTTTGATTATGATCGGACTCGTGACAGCTGTCTACCAAGCCAGGGACTCAGTTTCTCTTATGGTGACATTCTGCACGTC	100806514	100809861	-3347	100806601	-3260
ENSMUST00000113735	AGGGCCCTGTTTGATTATGATCGGACTCGTGACAGCTGTCTACCAAGCCAGGGACTCAGTTTCTCTTATGGTGACATTCTGCACGTC	100806514	100811501	-4987	100806601	-4900
ENSMUST00000113735	AGGGCCCTGTTTGATTATGATCGGACTCGTGACAGCTGTCTACCAAGCCAGGGACTCAGTTTCTCTTATGGTGACATTCTGCACGTC	100806514	100811501	-4987	100806601	-4900
ENSMUST00000200466	AGCAAATTAAGGAAAGAGTCCTTACTCTGTTTCCTGCGTTCATAGCGGTCTGTTTGTGCTTTGTCTAACAGTGAACACTGGTACTTG	19150036	19045952	104084	19150123	104171
ENSMUST00000200466	AGCAAATTAAGGAAAGAGTCCTTACTCTGTTTCCTGCGTTCATAGCGGTCTGTTTGTGCTTTGTCTAACAGTGAACACTGGTACTTG	19150036	19045952	104084	19150123	104171
ENSMUST00000200466	AGCAAATTAAGGAAAGAGTCCTTACTCTGTTTCCTGCGTTCATAGCGGTCTGTTTGTGCTTTGTCTAACAGTGAACACTGGTACTTG	19150036	19045952	104084	19150123	104171
ENSMUST00000200466	AGCAAATTAAGGAAAGAGTCCTTACTCTGTTTCCTGCGTTCATAGCGGTCTGTTTGTGCTTTGTCTAACAGTGAACACTGGTACTTG	19150036	19077330	72706	19150123	72793
ENSMUST00000067689	TATGAATCCAAAAAGAGAACATATCACTCTTGAAATACTTGAATCATGAACGCCAACCTAGAAAGACAATGTGAAGCAAGTACACAT	80929703	80902519	27184	80929790	27271
ENSMUST00000105991	AACAATCTGGCTTCCAGCTCTTTCTATGGCAACAACTCTCTGAGCAGTAACTCCCAGAGCAGCTCCCTCTTCTCTCAGGGCTCTGCA	130752706	130668924	83782	130752793	83869
ENSMUST00000105991	AACAATCTGGCTTCCAGCTCTTTCTATGGCAACAACTCTCTGAGCAGTAACTCCCAGAGCAGCTCCCTCTTCTCTCAGGGCTCTGCA	130752706	130668924	83782	130752793	83869
ENSMUST00000105991	AACAATCTGGCTTCCAGCTCTTTCTATGGCAACAACTCTCTGAGCAGTAACTCCCAGAGCAGCTCCCTCTTCTCTCAGGGCTCTGCA	130752706	130701041	51665	130752793	51752
ENSMUST00000105991	AACAATCTGGCTTCCAGCTCTTTCTATGGCAACAACTCTCTGAGCAGTAACTCCCAGAGCAGCTCCCTCTTCTCTCAGGGCTCTGCA	130752706	130718153	34553	130752793	34640
ENSMUST00000105991	AACAATCTGGCTTCCAGCTCTTTCTATGGCAACAACTCTCTGAGCAGTAACTCCCAGAGCAGCTCCCTCTTCTCTCAGGGCTCTGCA	130752706	130718153	34553	130752793	34640
ENSMUST00000105991	AACAATCTGGCTTCCAGCTCTTTCTATGGCAACAACTCTCTGAGCAGTAACTCCCAGAGCAGCTCCCTCTTCTCTCAGGGCTCTGCA	130752706	130719172	33534	130752793	33621
ENSMUST00000190166	AGATCCTTCGGGAATTGAGACTTCAGGTCAACTCCACGCGCTTGGACCTGTCGCTGACCAAAGGATTACCCAATTGGATCTCCTCAGC	83948806	84012508	-63702	83948894	-63614
ENSMUST00000032192	TGACATCGTTCGTGTGGTCACTCATGAAGACTGCATCCCCGAGGTTAAGATCGCTTACATTAACTTCCTGAATCACTGCTATGTGGAT	108403513	108236977	166536	108405478	168501
ENSMUST00000032192	TGACATCGTTCGTGTGGTCACTCATGAAGACTGCATCCCCGAGGTTAAGATCGCTTACATTAACTTCCTGAATCACTGCTATGTGGAT	108403513	108523287	-119774	108405478	-117809
ENSMUST00000032192	TGACATCGTTCGTGTGGTCACTCATGAAGACTGCATCCCCGAGGTTAAGATCGCTTACATTAACTTCCTGAATCACTGCTATGTGGAT	108403513	108236977	166536	108405478	168501
ENSMUST00000032192	TGACATCGTTCGTGTGGTCACTCATGAAGACTGCATCCCCGAGGTTAAGATCGCTTACATTAACTTCCTGAATCACTGCTATGTGGAT	108403513	108523287	-119774	108405478	-117809
ENSMUST00000032192	TGACATCGTTCGTGTGGTCACTCATGAAGACTGCATCCCCGAGGTTAAGATCGCTTACATTAACTTCCTGAATCACTGCTATGTGGAT	108403513	108236977	166536	108405478	168501
ENSMUST00000032192	TGACATCGTTCGTGTGGTCACTCATGAAGACTGCATCCCCGAGGTTAAGATCGCTTACATTAACTTCCTGAATCACTGCTATGTGGAT	108403513	108523287	-119774	108405478	-117809
ENSMUST00000037942	GTATTTGCTACCAGGAAGTACCCAATTTCTTATGAGATCACCACTGTACAACATGAAATATAATTCACCCGGAATGACTCGCTCCAAT	146979652	146945093	34559	146979740	34647
ENSMUST00000037942	GTATTTGCTACCAGGAAGTACCCAATTTCTTATGAGATCACCACTGTACAACATGAAATATAATTCACCCGGAATGACTCGCTCCAAT	146979652	146947577	32075	146979740	32163
ENSMUST00000019975	CACTTTGTGATTTTTTTTTTTTTTTTTAAATTTGAAGAACGCAACTGAGACTGGAATCTTGAAGGCAGCTGTGTCTGGGAACGAGCCT	40938174	40920247	17927	40938262	18015
ENSMUST00000231569	CAACATACTGGGCTCAATCACACTTGGTCACAGGATTCTGCACATACCTTCCTTTTCAAGGATTTGGCATCACCCAGCGACCAGCGTA	94443029	94385335	57694	94443117	57782
ENSMUST00000231569	CAACATACTGGGCTCAATCACACTTGGTCACAGGATTCTGCACATACCTTCCTTTTCAAGGATTTGGCATCACCCAGCGACCAGCGTA	94443029	94390201	52828	94443117	52916
ENSMUST00000231569	CAACATACTGGGCTCAATCACACTTGGTCACAGGATTCTGCACATACCTTCCTTTTCAAGGATTTGGCATCACCCAGCGACCAGCGTA	94443029	94408553	34476	94443117	34564
ENSMUST00000231569	CAACATACTGGGCTCAATCACACTTGGTCACAGGATTCTGCACATACCTTCCTTTTCAAGGATTTGGCATCACCCAGCGACCAGCGTA	94443029	94408553	34476	94443117	34564
ENSMUST00000231569	CAACATACTGGGCTCAATCACACTTGGTCACAGGATTCTGCACATACCTTCCTTTTCAAGGATTTGGCATCACCCAGCGACCAGCGTA	94443029	94408553	34476	94443117	34564
ENSMUST00000231569	CAACATACTGGGCTCAATCACACTTGGTCACAGGATTCTGCACATACCTTCCTTTTCAAGGATTTGGCATCACCCAGCGACCAGCGTA	94443029	94410832	32197	94443117	32285
ENSMUST00000231569	CAACATACTGGGCTCAATCACACTTGGTCACAGGATTCTGCACATACCTTCCTTTTCAAGGATTTGGCATCACCCAGCGACCAGCGTA	94443029	94412059	30970	94443117	31058
ENSMUST00000231569	CAACATACTGGGCTCAATCACACTTGGTCACAGGATTCTGCACATACCTTCCTTTTCAAGGATTTGGCATCACCCAGCGACCAGCGTA	94443029	94415948	27081	94443117	27169
ENSMUST00000231569	CAACATACTGGGCTCAATCACACTTGGTCACAGGATTCTGCACATACCTTCCTTTTCAAGGATTTGGCATCACCCAGCGACCAGCGTA	94443029	94415948	27081	94443117	27169
ENSMUST00000231569	CAACATACTGGGCTCAATCACACTTGGTCACAGGATTCTGCACATACCTTCCTTTTCAAGGATTTGGCATCACCCAGCGACCAGCGTA	94443029	94416281	26748	94443117	26836
ENSMUST00000231569	CAACATACTGGGCTCAATCACACTTGGTCACAGGATTCTGCACATACCTTCCTTTTCAAGGATTTGGCATCACCCAGCGACCAGCGTA	94443029	94425086	17943	94443117	18031
ENSMUST00000107938	CCCTCAACGGCAGGTGTGGCAGGGGGTCCCGTGGCGGTTGAGCCAGAAGTCCCGCCTGTACCTTTGCCCACTGCCTCATCCCTGCCTCG	44354315	44316343	37972	44354404	38061
ENSMUST00000107938	CCCTCAACGGCAGGTGTGGCAGGGGGTCCCGTGGCGGTTGAGCCAGAAGTCCCGCCTGTACCTTTGCCCACTGCCTCATCCCTGCCTCG	44354315	44343657	10658	44354404	10747
ENSMUST00000098266	AAGATGTCTGTAGTCCCAGTAGGTGACAGTTTTGGCAGCTAAATGATGACCAGATTGAAGGTGGGAGAGGGCAGGACTGTGAATAGATT	99601588	99596022	5566	99601677	5655
ENSMUST00000098266	AAGATGTCTGTAGTCCCAGTAGGTGACAGTTTTGGCAGCTAAATGATGACCAGATTGAAGGTGGGAGAGGGCAGGACTGTGAATAGATT	99601588	99597035	4553	99601677	4642
ENSMUST00000098266	AAGATGTCTGTAGTCCCAGTAGGTGACAGTTTTGGCAGCTAAATGATGACCAGATTGAAGGTGGGAGAGGGCAGGACTGTGAATAGATT	99601588	99598490	3098	99601677	3187
ENSMUST00000131671	AAAGAGCGCCAAGCTGCTAGACAGGCCTCCAGAAGCACTGCGTATGAAGATTATTATTATCACCCTCCTCCCCGAATGCCACCTCCAAT	136339265	136332397	6868	136339476	7079
ENSMUST00000131671	AAAGAGCGCCAAGCTGCTAGACAGGCCTCCAGAAGCACTGCGTATGAAGATTATTATTATCACCCTCCTCCCCGAATGCCACCTCCAAT	136339265	136336297	2968	136339476	3179
ENSMUST00000102560	AGCTCAAAGCCGAGAGCCTGTCGGACAAGCTCAACGACCTGGAGAAGAAGCACGCCATGCTGGAGATGAACGCCCGGAGCTTACAGCAGA	115971375	115952451	18924	115973815	21364
ENSMUST00000057934	ATCTTGAGGATGACCTTGTGGTAAATGGGGAGAGATCTGACTGTACCCTGCCGGACTCTGTGTCATCAGGGAACAAAGGAAGGGCTAAACA	123381414	123381399	15	123381505	106
ENSMUST00000166734	GTTATCTCCAAGTGCATTTGATTACGATACAGAGAACATGAATTCTGAAGACATTTATAGCTCCCTTAGAGGCGTCACTGAGGCAATCCAG	113903857	113847702	56155	113903948	56246
ENSMUST00000166734	GTTATCTCCAAGTGCATTTGATTACGATACAGAGAACATGAATTCTGAAGACATTTATAGCTCCCTTAGAGGCGTCACTGAGGCAATCCAG	113903857	113853348	50509	113903948	50600
ENSMUST00000166734	GTTATCTCCAAGTGCATTTGATTACGATACAGAGAACATGAATTCTGAAGACATTTATAGCTCCCTTAGAGGCGTCACTGAGGCAATCCAG	113903857	113854172	49685	113903948	49776
ENSMUST00000166734	GTTATCTCCAAGTGCATTTGATTACGATACAGAGAACATGAATTCTGAAGACATTTATAGCTCCCTTAGAGGCGTCACTGAGGCAATCCAG	113903857	113858580	45277	113903948	45368
ENSMUST00000166734	GTTATCTCCAAGTGCATTTGATTACGATACAGAGAACATGAATTCTGAAGACATTTATAGCTCCCTTAGAGGCGTCACTGAGGCAATCCAG	113903857	113896641	7216	113903948	7307
ENSMUST00000166734	GTTATCTCCAAGTGCATTTGATTACGATACAGAGAACATGAATTCTGAAGACATTTATAGCTCCCTTAGAGGCGTCACTGAGGCAATCCAG	113903857	113903841	16	113903948	107
ENSMUST00000106992	ATGGTCCTTTCTGATCACGACTTCAAATCCCACAGTAGCCCTGAAAGACATCTAAGAACTCCTGCATCACAAGAGAAAAGGACACCAGTACC	104330437	104287122	43315	104330529	43407
ENSMUST00000106992	ATGGTCCTTTCTGATCACGACTTCAAATCCCACAGTAGCCCTGAAAGACATCTAAGAACTCCTGCATCACAAGAGAAAAGGACACCAGTACC	104330437	104287122	43315	104330529	43407
ENSMUST00000110082	GGAGGCACCTCGGCGGTCACAGCCCCTGCGCTGGTGCAGCCACCCTCGCCTGCTCCGTTCTTCCTTCCTTCGCTCGCACCATGGCTGATCAGCT	100199634	100203574	-3940	100202405	-1169
ENSMUST00000110082	GGAGGCACCTCGGCGGTCACAGCCCCTGCGCTGGTGCAGCCACCCTCGCCTGCTCCGTTCTTCCTTCCTTCGCTCGCACCATGGCTGATCAGCT	100199634	100203574	-3940	100202405	-1169
ENSMUST00000059049	CCTCTTCACACCCTTGCATCATCTAGAGAGGATACACCTCCATCACAACCCGTGGAACTGTAACTGTGATATCCTGTGGCTCAGCTGGTGGATAA	97629887	96568569	1061318	97629982	1061413
ENSMUST00000059049	CCTCTTCACACCCTTGCATCATCTAGAGAGGATACACCTCCATCACAACCCGTGGAACTGTAACTGTGATATCCTGTGGCTCAGCTGGTGGATAA	97629887	96830680	799207	97629982	799302
ENSMUST00000059049	CCTCTTCACACCCTTGCATCATCTAGAGAGGATACACCTCCATCACAACCCGTGGAACTGTAACTGTGATATCCTGTGGCTCAGCTGGTGGATAA	97629887	96830680	799207	97629982	799302
ENSMUST00000059049	CCTCTTCACACCCTTGCATCATCTAGAGAGGATACACCTCCATCACAACCCGTGGAACTGTAACTGTGATATCCTGTGGCTCAGCTGGTGGATAA	97629887	97094613	535274	97629982	535369
ENSMUST00000071325	TTTATGGCGATCCGGAATCCTCTGGAATGGCACTGCAAGCAGATGGATCACTTTGTCGGACTCAACTTCAACTCTAACTTTAACTTTGCACTAGT	79553933	79463232	90701	79555512	92280
ENSMUST00000071325	TTTATGGCGATCCGGAATCCTCTGGAATGGCACTGCAAGCAGATGGATCACTTTGTCGGACTCAACTTCAACTCTAACTTTAACTTTGCACTAGT	79553933	79463232	90701	79555512	92280
ENSMUST00000059049	CCCAAGGATGTTTGGAAATGAAGAACTGAGGATCCACAAAGAAAAAGTGTGCTCATTTTTCTCTGTAAAAGAGAAAGTACGCCAAGGAGATATTTT	97467960	96568569	899391	97468056	899487
ENSMUST00000059049	CCCAAGGATGTTTGGAAATGAAGAACTGAGGATCCACAAAGAAAAAGTGTGCTCATTTTTCTCTGTAAAAGAGAAAGTACGCCAAGGAGATATTTT	97467960	96830680	637280	97468056	637376
ENSMUST00000059049	CCCAAGGATGTTTGGAAATGAAGAACTGAGGATCCACAAAGAAAAAGTGTGCTCATTTTTCTCTGTAAAAGAGAAAGTACGCCAAGGAGATATTTT	97467960	96830680	637280	97468056	637376
ENSMUST00000059049	CCCAAGGATGTTTGGAAATGAAGAACTGAGGATCCACAAAGAAAAAGTGTGCTCATTTTTCTCTGTAAAAGAGAAAGTACGCCAAGGAGATATTTT	97467960	97094613	373347	97468056	373443
ENSMUST00000059049	CCCAAGGATGTTTGGAAATGAAGAACTGAGGATCCACAAAGAAAAAGTGTGCTCATTTTTCTCTGTAAAAGAGAAAGTACGCCAAGGAGATATTTT	97467960	96568569	899391	97468056	899487
ENSMUST00000059049	CCCAAGGATGTTTGGAAATGAAGAACTGAGGATCCACAAAGAAAAAGTGTGCTCATTTTTCTCTGTAAAAGAGAAAGTACGCCAAGGAGATATTTT	97467960	96830680	637280	97468056	637376
ENSMUST00000059049	CCCAAGGATGTTTGGAAATGAAGAACTGAGGATCCACAAAGAAAAAGTGTGCTCATTTTTCTCTGTAAAAGAGAAAGTACGCCAAGGAGATATTTT	97467960	96830680	637280	97468056	637376
ENSMUST00000059049	CCCAAGGATGTTTGGAAATGAAGAACTGAGGATCCACAAAGAAAAAGTGTGCTCATTTTTCTCTGTAAAAGAGAAAGTACGCCAAGGAGATATTTT	97467960	97094613	373347	97468056	373443
ENSMUST00000098519	CAACTGTTACTGAACAGGTCTTCTGTAGGGGCTCCTAAGTATGAGACAACATGCAGTGGTTTCTGAAATGACTGAGCGATAAGTAAATTATATATT	88747734	88719288	28446	88747830	28542
ENSMUST00000098519	CAACTGTTACTGAACAGGTCTTCTGTAGGGGCTCCTAAGTATGAGACAACATGCAGTGGTTTCTGAAATGACTGAGCGATAAGTAAATTATATATT	88747734	88719297	28437	88747830	28533
ENSMUST00000030636	ACGTGGAAGAGGTGCGGAAGAACAAAGAATCCAAAGACCCCGCGGATGAGACTGAGGCTGACTAAGTTGTCCCGAGAACTGACTTTCTCCCCGACCC	134473343	134470020	3323	134473440	3420
ENSMUST00000030636	ACGTGGAAGAGGTGCGGAAGAACAAAGAATCCAAAGACCCCGCGGATGAGACTGAGGCTGACTAAGTTGTCCCGAGAACTGACTTTCTCCCCGACCC	134473343	134470102	3241	134473440	3338
ENSMUST00000232395	ACATTTCAAAAACAGGAGAATATTTACGAGTTAAACTACCACTAAATCCAACTGCTAGGGAATTTCAACCAGATGTAAAGTCTGAAGCACTGTCTGAG	94442745	94385335	57410	94442843	57508
ENSMUST00000232395	ACATTTCAAAAACAGGAGAATATTTACGAGTTAAACTACCACTAAATCCAACTGCTAGGGAATTTCAACCAGATGTAAAGTCTGAAGCACTGTCTGAG	94442745	94390201	52544	94442843	52642
ENSMUST00000232395	ACATTTCAAAAACAGGAGAATATTTACGAGTTAAACTACCACTAAATCCAACTGCTAGGGAATTTCAACCAGATGTAAAGTCTGAAGCACTGTCTGAG	94442745	94408553	34192	94442843	34290
ENSMUST00000232395	ACATTTCAAAAACAGGAGAATATTTACGAGTTAAACTACCACTAAATCCAACTGCTAGGGAATTTCAACCAGATGTAAAGTCTGAAGCACTGTCTGAG	94442745	94408553	34192	94442843	34290
ENSMUST00000232395	ACATTTCAAAAACAGGAGAATATTTACGAGTTAAACTACCACTAAATCCAACTGCTAGGGAATTTCAACCAGATGTAAAGTCTGAAGCACTGTCTGAG	94442745	94408553	34192	94442843	34290
ENSMUST00000232395	ACATTTCAAAAACAGGAGAATATTTACGAGTTAAACTACCACTAAATCCAACTGCTAGGGAATTTCAACCAGATGTAAAGTCTGAAGCACTGTCTGAG	94442745	94410832	31913	94442843	32011
ENSMUST00000232395	ACATTTCAAAAACAGGAGAATATTTACGAGTTAAACTACCACTAAATCCAACTGCTAGGGAATTTCAACCAGATGTAAAGTCTGAAGCACTGTCTGAG	94442745	94412059	30686	94442843	30784
ENSMUST00000232395	ACATTTCAAAAACAGGAGAATATTTACGAGTTAAACTACCACTAAATCCAACTGCTAGGGAATTTCAACCAGATGTAAAGTCTGAAGCACTGTCTGAG	94442745	94415948	26797	94442843	26895
ENSMUST00000232395	ACATTTCAAAAACAGGAGAATATTTACGAGTTAAACTACCACTAAATCCAACTGCTAGGGAATTTCAACCAGATGTAAAGTCTGAAGCACTGTCTGAG	94442745	94415948	26797	94442843	26895
ENSMUST00000232395	ACATTTCAAAAACAGGAGAATATTTACGAGTTAAACTACCACTAAATCCAACTGCTAGGGAATTTCAACCAGATGTAAAGTCTGAAGCACTGTCTGAG	94442745	94416281	26464	94442843	26562
ENSMUST00000232395	ACATTTCAAAAACAGGAGAATATTTACGAGTTAAACTACCACTAAATCCAACTGCTAGGGAATTTCAACCAGATGTAAAGTCTGAAGCACTGTCTGAG	94442745	94425086	17659	94442843	17757
ENSMUST00000232395	ACATTTCAAAAACAGGAGAATATTTACGAGTTAAACTACCACTAAATCCAACTGCTAGGGAATTTCAACCAGATGTAAAGTCTGAAGCACTGTCTGAG	94442745	94385335	57410	94442843	57508
ENSMUST00000232395	ACATTTCAAAAACAGGAGAATATTTACGAGTTAAACTACCACTAAATCCAACTGCTAGGGAATTTCAACCAGATGTAAAGTCTGAAGCACTGTCTGAG	94442745	94390201	52544	94442843	52642
ENSMUST00000232395	ACATTTCAAAAACAGGAGAATATTTACGAGTTAAACTACCACTAAATCCAACTGCTAGGGAATTTCAACCAGATGTAAAGTCTGAAGCACTGTCTGAG	94442745	94408553	34192	94442843	34290
ENSMUST00000232395	ACATTTCAAAAACAGGAGAATATTTACGAGTTAAACTACCACTAAATCCAACTGCTAGGGAATTTCAACCAGATGTAAAGTCTGAAGCACTGTCTGAG	94442745	94408553	34192	94442843	34290
ENSMUST00000232395	ACATTTCAAAAACAGGAGAATATTTACGAGTTAAACTACCACTAAATCCAACTGCTAGGGAATTTCAACCAGATGTAAAGTCTGAAGCACTGTCTGAG	94442745	94408553	34192	94442843	34290
ENSMUST00000232395	ACATTTCAAAAACAGGAGAATATTTACGAGTTAAACTACCACTAAATCCAACTGCTAGGGAATTTCAACCAGATGTAAAGTCTGAAGCACTGTCTGAG	94442745	94410832	31913	94442843	32011
ENSMUST00000232395	ACATTTCAAAAACAGGAGAATATTTACGAGTTAAACTACCACTAAATCCAACTGCTAGGGAATTTCAACCAGATGTAAAGTCTGAAGCACTGTCTGAG	94442745	94412059	30686	94442843	30784
ENSMUST00000232395	ACATTTCAAAAACAGGAGAATATTTACGAGTTAAACTACCACTAAATCCAACTGCTAGGGAATTTCAACCAGATGTAAAGTCTGAAGCACTGTCTGAG	94442745	94415948	26797	94442843	26895
ENSMUST00000232395	ACATTTCAAAAACAGGAGAATATTTACGAGTTAAACTACCACTAAATCCAACTGCTAGGGAATTTCAACCAGATGTAAAGTCTGAAGCACTGTCTGAG	94442745	94415948	26797	94442843	26895
ENSMUST00000232395	ACATTTCAAAAACAGGAGAATATTTACGAGTTAAACTACCACTAAATCCAACTGCTAGGGAATTTCAACCAGATGTAAAGTCTGAAGCACTGTCTGAG	94442745	94416281	26464	94442843	26562
ENSMUST00000232395	ACATTTCAAAAACAGGAGAATATTTACGAGTTAAACTACCACTAAATCCAACTGCTAGGGAATTTCAACCAGATGTAAAGTCTGAAGCACTGTCTGAG	94442745	94425086	17659	94442843	17757
ENSMUST00000232395	ACATTTCAAAAACAGGAGAATATTTACGAGTTAAACTACCACTAAATCCAACTGCTAGGGAATTTCAACCAGATGTAAAGTCTGAAGCACTGTCTGAG	94442745	94385335	57410	94442843	57508
ENSMUST00000232395	ACATTTCAAAAACAGGAGAATATTTACGAGTTAAACTACCACTAAATCCAACTGCTAGGGAATTTCAACCAGATGTAAAGTCTGAAGCACTGTCTGAG	94442745	94390201	52544	94442843	52642
ENSMUST00000232395	ACATTTCAAAAACAGGAGAATATTTACGAGTTAAACTACCACTAAATCCAACTGCTAGGGAATTTCAACCAGATGTAAAGTCTGAAGCACTGTCTGAG	94442745	94408553	34192	94442843	34290
ENSMUST00000232395	ACATTTCAAAAACAGGAGAATATTTACGAGTTAAACTACCACTAAATCCAACTGCTAGGGAATTTCAACCAGATGTAAAGTCTGAAGCACTGTCTGAG	94442745	94408553	34192	94442843	34290
ENSMUST00000232395	ACATTTCAAAAACAGGAGAATATTTACGAGTTAAACTACCACTAAATCCAACTGCTAGGGAATTTCAACCAGATGTAAAGTCTGAAGCACTGTCTGAG	94442745	94408553	34192	94442843	34290
ENSMUST00000232395	ACATTTCAAAAACAGGAGAATATTTACGAGTTAAACTACCACTAAATCCAACTGCTAGGGAATTTCAACCAGATGTAAAGTCTGAAGCACTGTCTGAG	94442745	94410832	31913	94442843	32011
ENSMUST00000232395	ACATTTCAAAAACAGGAGAATATTTACGAGTTAAACTACCACTAAATCCAACTGCTAGGGAATTTCAACCAGATGTAAAGTCTGAAGCACTGTCTGAG	94442745	94412059	30686	94442843	30784
ENSMUST00000232395	ACATTTCAAAAACAGGAGAATATTTACGAGTTAAACTACCACTAAATCCAACTGCTAGGGAATTTCAACCAGATGTAAAGTCTGAAGCACTGTCTGAG	94442745	94415948	26797	94442843	26895
ENSMUST00000232395	ACATTTCAAAAACAGGAGAATATTTACGAGTTAAACTACCACTAAATCCAACTGCTAGGGAATTTCAACCAGATGTAAAGTCTGAAGCACTGTCTGAG	94442745	94415948	26797	94442843	26895
ENSMUST00000232395	ACATTTCAAAAACAGGAGAATATTTACGAGTTAAACTACCACTAAATCCAACTGCTAGGGAATTTCAACCAGATGTAAAGTCTGAAGCACTGTCTGAG	94442745	94416281	26464	94442843	26562
ENSMUST00000232395	ACATTTCAAAAACAGGAGAATATTTACGAGTTAAACTACCACTAAATCCAACTGCTAGGGAATTTCAACCAGATGTAAAGTCTGAAGCACTGTCTGAG	94442745	94425086	17659	94442843	17757
ENSMUST00000042824	ACCGCGCTGGAGGGATATCAGATTGGACAGGTGGCCTGTGGGCTGAACCACACCTTGGCAGTGTCAGCAGATGGCTCCATGGTGTGGGCCTTTGGAGA	66487985	66460407	27578	66489342	28935
ENSMUST00000042824	ACCGCGCTGGAGGGATATCAGATTGGACAGGTGGCCTGTGGGCTGAACCACACCTTGGCAGTGTCAGCAGATGGCTCCATGGTGTGGGCCTTTGGAGA	66487985	66460407	27578	66489342	28935
ENSMUST00000111293	TTTTAAACGGAGGCTGAAGACACTGTAGAATTAGCAGACATAAGAGAGCGTGGAGAAGGCAGAGGATGGAGTTGCAGACTCTACAGGAGGCTCTTAAAG	92221500	92344543	-123043	92221599	-122944
ENSMUST00000111293	TTTTAAACGGAGGCTGAAGACACTGTAGAATTAGCAGACATAAGAGAGCGTGGAGAAGGCAGAGGATGGAGTTGCAGACTCTACAGGAGGCTCTTAAAG	92221500	92351608	-130108	92221599	-130009
ENSMUST00000171289	TAATTAAAATTACTGTTCTCTGAATGACAGTGTGTAAGGAAATCTTTCAAGAATGCTGTCATTATTCTCTTTGAGCTTTTTGTTGGGATTTGGGGTTTT	126843119	126684659	158460	126843217	158558
ENSMUST00000171289	TAATTAAAATTACTGTTCTCTGAATGACAGTGTGTAAGGAAATCTTTCAAGAATGCTGTCATTATTCTCTTTGAGCTTTTTGTTGGGATTTGGGGTTTT	126843119	126770784	72335	126843217	72433
ENSMUST00000171289	TAATTAAAATTACTGTTCTCTGAATGACAGTGTGTAAGGAAATCTTTCAAGAATGCTGTCATTATTCTCTTTGAGCTTTTTGTTGGGATTTGGGGTTTT	126843119	126802936	40183	126843217	40281
ENSMUST00000029800	TGGGAATAACGTTTCTTGGAATCGGACTGTGGGCGTGGAATGAAAAAGGTGTCCTCTCCAACATCTCGTCCATCACCGACCTCGGTGGCTTTGACCCAGT	138868351	138868345	6	138890790	22445
ENSMUST00000029800	TGGGAATAACGTTTCTTGGAATCGGACTGTGGGCGTGGAATGAAAAAGGTGTCCTCTCCAACATCTCGTCCATCACCGACCTCGGTGGCTTTGACCCAGT	138868351	138890734	-22383	138890790	56
ENSMUST00000029800	TGGGAATAACGTTTCTTGGAATCGGACTGTGGGCGTGGAATGAAAAAGGTGTCCTCTCCAACATCTCGTCCATCACCGACCTCGGTGGCTTTGACCCAGT	138868351	138890734	-22383	138890790	56
ENSMUST00000029800	TGGGAATAACGTTTCTTGGAATCGGACTGTGGGCGTGGAATGAAAAAGGTGTCCTCTCCAACATCTCGTCCATCACCGACCTCGGTGGCTTTGACCCAGT	138868351	138894347	-25996	138890790	-3557
ENSMUST00000029800	TGGGAATAACGTTTCTTGGAATCGGACTGTGGGCGTGGAATGAAAAAGGTGTCCTCTCCAACATCTCGTCCATCACCGACCTCGGTGGCTTTGACCCAGT	138868351	138894347	-25996	138890790	-3557
ENSMUST00000071325	AATCGAAGAGATCTGCCTAGTTGATGAGAACCAGTTCACTCTAACCATTGCAAACCAAGGCACACCACTGACCTTCATGCACCAAGAATGTGAAGCCATT	79536922	79463232	73690	79537022	73790
ENSMUST00000071325	AATCGAAGAGATCTGCCTAGTTGATGAGAACCAGTTCACTCTAACCATTGCAAACCAAGGCACACCACTGACCTTCATGCACCAAGAATGTGAAGCCATT	79536922	79463232	73690	79537022	73790
ENSMUST00000113144	TATTTTTGGATCTTGGTTCTGGGGCACTGGTGAGAACAGCCTTAGATCTGTTGGAGTCAATTGTGAGAAGATGCCGAAGGCTGGAGAAAAAGAAGTTACT	135800611	135743441	57170	135800711	57270
ENSMUST00000113144	TATTTTTGGATCTTGGTTCTGGGGCACTGGTGAGAACAGCCTTAGATCTGTTGGAGTCAATTGTGAGAAGATGCCGAAGGCTGGAGAAAAAGAAGTTACT	135800611	135796141	4470	135800711	4570
ENSMUST00000113144	TATTTTTGGATCTTGGTTCTGGGGCACTGGTGAGAACAGCCTTAGATCTGTTGGAGTCAATTGTGAGAAGATGCCGAAGGCTGGAGAAAAAGAAGTTACT	135800611	135796141	4470	135800711	4570
ENSMUST00000113144	TATTTTTGGATCTTGGTTCTGGGGCACTGGTGAGAACAGCCTTAGATCTGTTGGAGTCAATTGTGAGAAGATGCCGAAGGCTGGAGAAAAAGAAGTTACT	135800611	135796948	3663	135800711	3763
ENSMUST00000113144	TATTTTTGGATCTTGGTTCTGGGGCACTGGTGAGAACAGCCTTAGATCTGTTGGAGTCAATTGTGAGAAGATGCCGAAGGCTGGAGAAAAAGAAGTTACT	135800611	135797552	3059	135800711	3159
ENSMUST00000113144	TATTTTTGGATCTTGGTTCTGGGGCACTGGTGAGAACAGCCTTAGATCTGTTGGAGTCAATTGTGAGAAGATGCCGAAGGCTGGAGAAAAAGAAGTTACT	135800611	135797552	3059	135800711	3159
ENSMUST00000113144	TATTTTTGGATCTTGGTTCTGGGGCACTGGTGAGAACAGCCTTAGATCTGTTGGAGTCAATTGTGAGAAGATGCCGAAGGCTGGAGAAAAAGAAGTTACT	135800611	135797787	2824	135800711	2924
ENSMUST00000220990	CCGAAGCAAGGAGTGAGCCTCCATCGGGAGAAATCTAAATAGCATACTTGGGCCATGGAACACTTTGAACCATTTCACGTCTCCTGCTCCTACAAAATCA	38630699	37981754	648945	38630799	649045
ENSMUST00000220990	CCGAAGCAAGGAGTGAGCCTCCATCGGGAGAAATCTAAATAGCATACTTGGGCCATGGAACACTTTGAACCATTTCACGTCTCCTGCTCCTACAAAATCA	38630699	38084166	546533	38630799	546633
ENSMUST00000220990	CCGAAGCAAGGAGTGAGCCTCCATCGGGAGAAATCTAAATAGCATACTTGGGCCATGGAACACTTTGAACCATTTCACGTCTCCTGCTCCTACAAAATCA	38630699	38190059	440640	38630799	440740
ENSMUST00000097785	CATGAGACCCTGGAGCCACTGAACGAGTGGCTCACAGCTGTAGAAAAGAAGCTGGCAAACTCGGAGCCCATAGGAACCCAGGCACCAAAGCTGGAGGAGC	34249582	34296741	-47159	34250654	-46087
ENSMUST00000105473	ACCCTGTACGGGATCTCAAATGTCTGGGAAGAATCCATTATCCGAACCCTGAGCCGTGTGGAGTTCCTGGGAATGATTGGTCTCTTTGGTGCATTTTTCAG	53073502	53021843	51659	53073603	51760
ENSMUST00000106017	AAGAAGCTTCGGTATTCGGACTTGGACTTTGAGAAGGTGATGCACACTCGGAAACGGCACTCGGAACTCTACCACGAACTCAACCAGAAGTTCCACACTTT	130021249	130005024	16225	130021659	16635
ENSMUST00000106017	AAGAAGCTTCGGTATTCGGACTTGGACTTTGAGAAGGTGATGCACACTCGGAAACGGCACTCGGAACTCTACCACGAACTCAACCAGAAGTTCCACACTTT	130021249	130005024	16225	130021659	16635
ENSMUST00000106017	AAGAAGCTTCGGTATTCGGACTTGGACTTTGAGAAGGTGATGCACACTCGGAAACGGCACTCGGAACTCTACCACGAACTCAACCAGAAGTTCCACACTTT	130021249	130005389	15860	130021659	16270
ENSMUST00000106017	AAGAAGCTTCGGTATTCGGACTTGGACTTTGAGAAGGTGATGCACACTCGGAAACGGCACTCGGAACTCTACCACGAACTCAACCAGAAGTTCCACACTTT	130021249	130014934	6315	130021659	6725
ENSMUST00000190096	TTAAGTGACTACTCATCCTCTGTTCCTTCGACCCCAAGCACCAGCCAGAAAGAGCTTCGGATCGACGTCCCTCCCACTGCCAACACTCCAACGCCTGTCCG	89665062	89743727	-78665	89665163	-78564
ENSMUST00000190096	TTAAGTGACTACTCATCCTCTGTTCCTTCGACCCCAAGCACCAGCCAGAAAGAGCTTCGGATCGACGTCCCTCCCACTGCCAACACTCCAACGCCTGTCCG	89665062	89766305	-101243	89665163	-101142
ENSMUST00000190096	TTAAGTGACTACTCATCCTCTGTTCCTTCGACCCCAAGCACCAGCCAGAAAGAGCTTCGGATCGACGTCCCTCCCACTGCCAACACTCCAACGCCTGTCCG	89665062	89743727	-78665	89665163	-78564
ENSMUST00000190096	TTAAGTGACTACTCATCCTCTGTTCCTTCGACCCCAAGCACCAGCCAGAAAGAGCTTCGGATCGACGTCCCTCCCACTGCCAACACTCCAACGCCTGTCCG	89665062	89766305	-101243	89665163	-101142
ENSMUST00000113462	AAAGAAAAGGAATATAACTACTACGTGCTCATCCCCTTCCCTCCCGCTGCCCTCGGCGCCGCACTGTCAGCTCTGGGGCTGGCTGTCCTCCGCTCTGCGCCT	6532311	6443630	88681	6532413	88783
ENSMUST00000113462	AAAGAAAAGGAATATAACTACTACGTGCTCATCCCCTTCCCTCCCGCTGCCCTCGGCGCCGCACTGTCAGCTCTGGGGCTGGCTGTCCTCCGCTCTGCGCCT	6532311	6448254	84057	6532413	84159
ENSMUST00000113462	AAAGAAAAGGAATATAACTACTACGTGCTCATCCCCTTCCCTCCCGCTGCCCTCGGCGCCGCACTGTCAGCTCTGGGGCTGGCTGTCCTCCGCTCTGCGCCT	6532311	6448254	84057	6532413	84159
ENSMUST00000113462	AAAGAAAAGGAATATAACTACTACGTGCTCATCCCCTTCCCTCCCGCTGCCCTCGGCGCCGCACTGTCAGCTCTGGGGCTGGCTGTCCTCCGCTCTGCGCCT	6532311	6448254	84057	6532413	84159
ENSMUST00000113462	AAAGAAAAGGAATATAACTACTACGTGCTCATCCCCTTCCCTCCCGCTGCCCTCGGCGCCGCACTGTCAGCTCTGGGGCTGGCTGTCCTCCGCTCTGCGCCT	6532311	6454978	77333	6532413	77435
ENSMUST00000113462	AAAGAAAAGGAATATAACTACTACGTGCTCATCCCCTTCCCTCCCGCTGCCCTCGGCGCCGCACTGTCAGCTCTGGGGCTGGCTGTCCTCCGCTCTGCGCCT	6532311	6516922	15389	6532413	15491
ENSMUST00000113462	AAAGAAAAGGAATATAACTACTACGTGCTCATCCCCTTCCCTCCCGCTGCCCTCGGCGCCGCACTGTCAGCTCTGGGGCTGGCTGTCCTCCGCTCTGCGCCT	6532311	6516922	15389	6532413	15491
ENSMUST00000113462	AAAGAAAAGGAATATAACTACTACGTGCTCATCCCCTTCCCTCCCGCTGCCCTCGGCGCCGCACTGTCAGCTCTGGGGCTGGCTGTCCTCCGCTCTGCGCCT	6532311	6443630	88681	6532413	88783
ENSMUST00000113462	AAAGAAAAGGAATATAACTACTACGTGCTCATCCCCTTCCCTCCCGCTGCCCTCGGCGCCGCACTGTCAGCTCTGGGGCTGGCTGTCCTCCGCTCTGCGCCT	6532311	6448254	84057	6532413	84159
ENSMUST00000113462	AAAGAAAAGGAATATAACTACTACGTGCTCATCCCCTTCCCTCCCGCTGCCCTCGGCGCCGCACTGTCAGCTCTGGGGCTGGCTGTCCTCCGCTCTGCGCCT	6532311	6448254	84057	6532413	84159
ENSMUST00000113462	AAAGAAAAGGAATATAACTACTACGTGCTCATCCCCTTCCCTCCCGCTGCCCTCGGCGCCGCACTGTCAGCTCTGGGGCTGGCTGTCCTCCGCTCTGCGCCT	6532311	6448254	84057	6532413	84159
ENSMUST00000113462	AAAGAAAAGGAATATAACTACTACGTGCTCATCCCCTTCCCTCCCGCTGCCCTCGGCGCCGCACTGTCAGCTCTGGGGCTGGCTGTCCTCCGCTCTGCGCCT	6532311	6454978	77333	6532413	77435
ENSMUST00000113462	AAAGAAAAGGAATATAACTACTACGTGCTCATCCCCTTCCCTCCCGCTGCCCTCGGCGCCGCACTGTCAGCTCTGGGGCTGGCTGTCCTCCGCTCTGCGCCT	6532311	6516922	15389	6532413	15491
ENSMUST00000113462	AAAGAAAAGGAATATAACTACTACGTGCTCATCCCCTTCCCTCCCGCTGCCCTCGGCGCCGCACTGTCAGCTCTGGGGCTGGCTGTCCTCCGCTCTGCGCCT	6532311	6516922	15389	6532413	15491
ENSMUST00000108251	TGCAAGCAGATGGATCACTTTGTCGGACTCAACTTCAACTCTAACTTTAACTTTGCACTAGTTGGACACCTCTTAAAAGGGTACAGGCATCCTTCACCTGCC	79553965	79463232	90733	79555551	92319
ENSMUST00000182597	TTGAGGCTACCAAAGTTTGCAGAGGAGGAGACTCTTTGTATAGACTCTATAACTCCTTGTGCTGATGGAATTCATTTGTTGGTAGGACTGCGGACATGCTCTG	74579853	74660381	-80528	74579956	-80425
ENSMUST00000112227	GCAGAAGCTGGATTCTGACCCGAGCTCTGCAAAATGAGCTTCCCAGTTGATCACATCGGAACAAAATGGGACTGAGGATTTGGTGATCACTATTGTTTGGAAAT	166387711	166353564	34147	166387815	34251
ENSMUST00000112227	GCAGAAGCTGGATTCTGACCCGAGCTCTGCAAAATGAGCTTCCCAGTTGATCACATCGGAACAAAATGGGACTGAGGATTTGGTGATCACTATTGTTTGGAAAT	166387711	166379987	7724	166387815	7828
ENSMUST00000112227	GCAGAAGCTGGATTCTGACCCGAGCTCTGCAAAATGAGCTTCCCAGTTGATCACATCGGAACAAAATGGGACTGAGGATTTGGTGATCACTATTGTTTGGAAAT	166387711	166382448	5263	166387815	5367
ENSMUST00000112227	GCAGAAGCTGGATTCTGACCCGAGCTCTGCAAAATGAGCTTCCCAGTTGATCACATCGGAACAAAATGGGACTGAGGATTTGGTGATCACTATTGTTTGGAAAT	166387711	166382448	5263	166387815	5367
ENSMUST00000112227	GCAGAAGCTGGATTCTGACCCGAGCTCTGCAAAATGAGCTTCCCAGTTGATCACATCGGAACAAAATGGGACTGAGGATTTGGTGATCACTATTGTTTGGAAAT	166387711	166383934	3777	166387815	3881
ENSMUST00000032192	ATATACGACAAAGTAGGAGCTGTCCCCTTAGGATGCATAGCTGCCCCTAGGGTACGTAGCTGAACACTGACAATGGCGTTCTTCTGAAAGAGCCACGTTTGGGT	108550856	108236977	313879	108550960	313983
ENSMUST00000032192	ATATACGACAAAGTAGGAGCTGTCCCCTTAGGATGCATAGCTGCCCCTAGGGTACGTAGCTGAACACTGACAATGGCGTTCTTCTGAAAGAGCCACGTTTGGGT	108550856	108523287	27569	108550960	27673
ENSMUST00000081728	CCACCATCTCCTCTTCGCCCATCCACCAGCTGAGCTCCACCATCGGCACCTACGCCACCCTGTCGCCCACCAAGCGCCTGGTCCACGCGTCTGAGCAGTACAGCA	30647169	30332009	315160	30647274	315265
ENSMUST00000081728	CCACCATCTCCTCTTCGCCCATCCACCAGCTGAGCTCCACCATCGGCACCTACGCCACCCTGTCGCCCACCAAGCGCCTGGTCCACGCGTCTGAGCAGTACAGCA	30647169	30480781	166388	30647274	166493
ENSMUST00000081728	CCACCATCTCCTCTTCGCCCATCCACCAGCTGAGCTCCACCATCGGCACCTACGCCACCCTGTCGCCCACCAAGCGCCTGGTCCACGCGTCTGAGCAGTACAGCA	30647169	30905659	-258490	30647274	-258385
ENSMUST00000097785	CATTCTCTCTGACAACCACAGCACTACATAGCTGACATTAAGGGATACCTCATGACACCTTTTATGGAGATTCTGAACAGCTGACAAACCAAGCAGGGAATTGTA	34307989	34296741	11248	34308094	11353
ENSMUST00000097785	CATTCTCTCTGACAACCACAGCACTACATAGCTGACATTAAGGGATACCTCATGACACCTTTTATGGAGATTCTGAACAGCTGACAAACCAAGCAGGGAATTGTA	34307989	34296741	11248	34308094	11353
ENSMUST00000110559	AAGGTGCTGCTTTGATGGCTTTGAAAACTATTGTGTAGGCTCAGAACTATATCACCGTGGGGGAGAAGCATGTGTTGCTGCCTATAATTGACTTGTGCATTTGTTA	13778159	13687618	90541	13778265	90647
ENSMUST00000107935	ATGGAATACGAACAACAGCCTGCAGCAGTGCCCAGCATGGAGAAAAAGCGGACTGTGTATCAGATGGCACTCAACAAACTGGATGAGATCTTGGCTGCAGCTCAGC	44344520	44316343	28177	44344951	28608
ENSMUST00000107935	ATGGAATACGAACAACAGCCTGCAGCAGTGCCCAGCATGGAGAAAAAGCGGACTGTGTATCAGATGGCACTCAACAAACTGGATGAGATCTTGGCTGCAGCTCAGC	44344520	44343657	863	44344951	1294
ENSMUST00000107935	ATGGAATACGAACAACAGCCTGCAGCAGTGCCCAGCATGGAGAAAAAGCGGACTGTGTATCAGATGGCACTCAACAAACTGGATGAGATCTTGGCTGCAGCTCAGC	44344520	44316343	28177	44344951	28608
ENSMUST00000107935	ATGGAATACGAACAACAGCCTGCAGCAGTGCCCAGCATGGAGAAAAAGCGGACTGTGTATCAGATGGCACTCAACAAACTGGATGAGATCTTGGCTGCAGCTCAGC	44344520	44343657	863	44344951	1294
ENSMUST00000113364	AACAGTGCAGCCAACTGTGGAAGAAGCCTCTGATACCTGTACTCAAGAATGCCTCATCTTGGGACACTCTGACTCCTGCTGGATGCCAGCTACTTTGACCAATCCT	120905715	120594704	311011	120905821	311117
ENSMUST00000113364	AACAGTGCAGCCAACTGTGGAAGAAGCCTCTGATACCTGTACTCAAGAATGCCTCATCTTGGGACACTCTGACTCCTGCTGGATGCCAGCTACTTTGACCAATCCT	120905715	120811139	94576	120905821	94682
ENSMUST00000003710	AATGAAGATGCTGACTAGTTGTGTTTCCACTTGGCATTTCAAGTCTGGCATCAGGTGCCTGTACAGGCTTTGATCTCTTTCCCGTGTGTACCCATATAGCAGTCCTG	86988269	86946860	41409	86988376	41516
ENSMUST00000003710	AATGAAGATGCTGACTAGTTGTGTTTCCACTTGGCATTTCAAGTCTGGCATCAGGTGCCTGTACAGGCTTTGATCTCTTTCCCGTGTGTACCCATATAGCAGTCCTG	86988269	86967268	21001	86988376	21108
ENSMUST00000003710	AATGAAGATGCTGACTAGTTGTGTTTCCACTTGGCATTTCAAGTCTGGCATCAGGTGCCTGTACAGGCTTTGATCTCTTTCCCGTGTGTACCCATATAGCAGTCCTG	86988269	86967268	21001	86988376	21108
ENSMUST00000003710	AATGAAGATGCTGACTAGTTGTGTTTCCACTTGGCATTTCAAGTCTGGCATCAGGTGCCTGTACAGGCTTTGATCTCTTTCCCGTGTGTACCCATATAGCAGTCCTG	86988269	86970990	17279	86988376	17386
ENSMUST00000003710	AATGAAGATGCTGACTAGTTGTGTTTCCACTTGGCATTTCAAGTCTGGCATCAGGTGCCTGTACAGGCTTTGATCTCTTTCCCGTGTGTACCCATATAGCAGTCCTG	86988269	86946860	41409	86988376	41516
ENSMUST00000003710	AATGAAGATGCTGACTAGTTGTGTTTCCACTTGGCATTTCAAGTCTGGCATCAGGTGCCTGTACAGGCTTTGATCTCTTTCCCGTGTGTACCCATATAGCAGTCCTG	86988269	86967268	21001	86988376	21108
ENSMUST00000003710	AATGAAGATGCTGACTAGTTGTGTTTCCACTTGGCATTTCAAGTCTGGCATCAGGTGCCTGTACAGGCTTTGATCTCTTTCCCGTGTGTACCCATATAGCAGTCCTG	86988269	86967268	21001	86988376	21108
ENSMUST00000003710	AATGAAGATGCTGACTAGTTGTGTTTCCACTTGGCATTTCAAGTCTGGCATCAGGTGCCTGTACAGGCTTTGATCTCTTTCCCGTGTGTACCCATATAGCAGTCCTG	86988269	86970990	17279	86988376	17386
ENSMUST00000095797	AAACGTTAAGCTAGTATCATAGTCATTTAAACCTGGATAGATTGTAACCATTTTCCCTTCACTCTGACACTGTCTTATTCTGCTGCCACAATGCAAGCATAGTTTGT	51149436	51127924	21512	51149543	21619
ENSMUST00000095797	AAACGTTAAGCTAGTATCATAGTCATTTAAACCTGGATAGATTGTAACCATTTTCCCTTCACTCTGACACTGTCTTATTCTGCTGCCACAATGCAAGCATAGTTTGT	51149436	51139356	10080	51149543	10187
ENSMUST00000107938	AGTACTCTGTGCCCTGAGCGAGAGTCTACAGGACGTGCTGAACTATGGACTGTTCCAGCCAGCCACCTCAGGCCGGGATGCCAACTTCTTGGAGGAGGAGAGGCTTCT	44313171	44316343	-3172	44313279	-3064
ENSMUST00000107938	AGTACTCTGTGCCCTGAGCGAGAGTCTACAGGACGTGCTGAACTATGGACTGTTCCAGCCAGCCACCTCAGGCCGGGATGCCAACTTCTTGGAGGAGGAGAGGCTTCT	44313171	44343657	-30486	44313279	-30378
ENSMUST00000028102	CATTCTGAACACTTTTCCAAAACCAACCCCAGAGAGCATTTTAAATATCCTGGTCATATCTTTGGATCTGTAAAATAGACCTTTTAGTATGGCACCTGTTAAAATGCA	49771639	49671751	99888	49771747	99996
ENSMUST00000028102	CATTCTGAACACTTTTCCAAAACCAACCCCAGAGAGCATTTTAAATATCCTGGTCATATCTTTGGATCTGTAAAATAGACCTTTTAGTATGGCACCTGTTAAAATGCA	49771639	49680164	91475	49771747	91583
ENSMUST00000028102	CATTCTGAACACTTTTCCAAAACCAACCCCAGAGAGCATTTTAAATATCCTGGTCATATCTTTGGATCTGTAAAATAGACCTTTTAGTATGGCACCTGTTAAAATGCA	49771639	49757338	14301	49771747	14409
ENSMUST00000117648	TTTGAAAAAGAACAGATTTCTCGAAGCTCTTAATCACTTTGAAAAGGCAAAGACTTTAATTAGTCGTCTCCCTGGAATTCTAACTTGGCCCACAAGTAATGTGATTAT	94422232	94385335	36897	94422340	37005
ENSMUST00000117648	TTTGAAAAAGAACAGATTTCTCGAAGCTCTTAATCACTTTGAAAAGGCAAAGACTTTAATTAGTCGTCTCCCTGGAATTCTAACTTGGCCCACAAGTAATGTGATTAT	94422232	94390201	32031	94422340	32139
ENSMUST00000117648	TTTGAAAAAGAACAGATTTCTCGAAGCTCTTAATCACTTTGAAAAGGCAAAGACTTTAATTAGTCGTCTCCCTGGAATTCTAACTTGGCCCACAAGTAATGTGATTAT	94422232	94408553	13679	94422340	13787
ENSMUST00000117648	TTTGAAAAAGAACAGATTTCTCGAAGCTCTTAATCACTTTGAAAAGGCAAAGACTTTAATTAGTCGTCTCCCTGGAATTCTAACTTGGCCCACAAGTAATGTGATTAT	94422232	94408553	13679	94422340	13787
ENSMUST00000117648	TTTGAAAAAGAACAGATTTCTCGAAGCTCTTAATCACTTTGAAAAGGCAAAGACTTTAATTAGTCGTCTCCCTGGAATTCTAACTTGGCCCACAAGTAATGTGATTAT	94422232	94408553	13679	94422340	13787
ENSMUST00000117648	TTTGAAAAAGAACAGATTTCTCGAAGCTCTTAATCACTTTGAAAAGGCAAAGACTTTAATTAGTCGTCTCCCTGGAATTCTAACTTGGCCCACAAGTAATGTGATTAT	94422232	94410832	11400	94422340	11508
ENSMUST00000117648	TTTGAAAAAGAACAGATTTCTCGAAGCTCTTAATCACTTTGAAAAGGCAAAGACTTTAATTAGTCGTCTCCCTGGAATTCTAACTTGGCCCACAAGTAATGTGATTAT	94422232	94412059	10173	94422340	10281
ENSMUST00000117648	TTTGAAAAAGAACAGATTTCTCGAAGCTCTTAATCACTTTGAAAAGGCAAAGACTTTAATTAGTCGTCTCCCTGGAATTCTAACTTGGCCCACAAGTAATGTGATTAT	94422232	94415948	6284	94422340	6392
ENSMUST00000117648	TTTGAAAAAGAACAGATTTCTCGAAGCTCTTAATCACTTTGAAAAGGCAAAGACTTTAATTAGTCGTCTCCCTGGAATTCTAACTTGGCCCACAAGTAATGTGATTAT	94422232	94415948	6284	94422340	6392
ENSMUST00000117648	TTTGAAAAAGAACAGATTTCTCGAAGCTCTTAATCACTTTGAAAAGGCAAAGACTTTAATTAGTCGTCTCCCTGGAATTCTAACTTGGCCCACAAGTAATGTGATTAT	94422232	94416281	5951	94422340	6059
ENSMUST00000117648	TTTGAAAAAGAACAGATTTCTCGAAGCTCTTAATCACTTTGAAAAGGCAAAGACTTTAATTAGTCGTCTCCCTGGAATTCTAACTTGGCCCACAAGTAATGTGATTAT	94422232	94425086	-2854	94422340	-2746
ENSMUST00000232395	AACTGTTGCACCATCGTCACAGACCCAGCCCAGGAGAAGATGGGAACCTCCTTCCTGTTGCTGTAGGTAGTCACTCCTCACTAATGCACCATGCACTTCATGAGTTAAA	94468044	94385335	82709	94468153	82818
ENSMUST00000232395	AACTGTTGCACCATCGTCACAGACCCAGCCCAGGAGAAGATGGGAACCTCCTTCCTGTTGCTGTAGGTAGTCACTCCTCACTAATGCACCATGCACTTCATGAGTTAAA	94468044	94390201	77843	94468153	77952
ENSMUST00000232395	AACTGTTGCACCATCGTCACAGACCCAGCCCAGGAGAAGATGGGAACCTCCTTCCTGTTGCTGTAGGTAGTCACTCCTCACTAATGCACCATGCACTTCATGAGTTAAA	94468044	94408553	59491	94468153	59600
ENSMUST00000232395	AACTGTTGCACCATCGTCACAGACCCAGCCCAGGAGAAGATGGGAACCTCCTTCCTGTTGCTGTAGGTAGTCACTCCTCACTAATGCACCATGCACTTCATGAGTTAAA	94468044	94408553	59491	94468153	59600
ENSMUST00000232395	AACTGTTGCACCATCGTCACAGACCCAGCCCAGGAGAAGATGGGAACCTCCTTCCTGTTGCTGTAGGTAGTCACTCCTCACTAATGCACCATGCACTTCATGAGTTAAA	94468044	94408553	59491	94468153	59600
ENSMUST00000232395	AACTGTTGCACCATCGTCACAGACCCAGCCCAGGAGAAGATGGGAACCTCCTTCCTGTTGCTGTAGGTAGTCACTCCTCACTAATGCACCATGCACTTCATGAGTTAAA	94468044	94410832	57212	94468153	57321
ENSMUST00000232395	AACTGTTGCACCATCGTCACAGACCCAGCCCAGGAGAAGATGGGAACCTCCTTCCTGTTGCTGTAGGTAGTCACTCCTCACTAATGCACCATGCACTTCATGAGTTAAA	94468044	94412059	55985	94468153	56094
ENSMUST00000232395	AACTGTTGCACCATCGTCACAGACCCAGCCCAGGAGAAGATGGGAACCTCCTTCCTGTTGCTGTAGGTAGTCACTCCTCACTAATGCACCATGCACTTCATGAGTTAAA	94468044	94415948	52096	94468153	52205
ENSMUST00000232395	AACTGTTGCACCATCGTCACAGACCCAGCCCAGGAGAAGATGGGAACCTCCTTCCTGTTGCTGTAGGTAGTCACTCCTCACTAATGCACCATGCACTTCATGAGTTAAA	94468044	94415948	52096	94468153	52205
ENSMUST00000232395	AACTGTTGCACCATCGTCACAGACCCAGCCCAGGAGAAGATGGGAACCTCCTTCCTGTTGCTGTAGGTAGTCACTCCTCACTAATGCACCATGCACTTCATGAGTTAAA	94468044	94416281	51763	94468153	51872
ENSMUST00000232395	AACTGTTGCACCATCGTCACAGACCCAGCCCAGGAGAAGATGGGAACCTCCTTCCTGTTGCTGTAGGTAGTCACTCCTCACTAATGCACCATGCACTTCATGAGTTAAA	94468044	94425086	42958	94468153	43067
ENSMUST00000232395	AACTGTTGCACCATCGTCACAGACCCAGCCCAGGAGAAGATGGGAACCTCCTTCCTGTTGCTGTAGGTAGTCACTCCTCACTAATGCACCATGCACTTCATGAGTTAAA	94468044	94385335	82709	94468153	82818
ENSMUST00000232395	AACTGTTGCACCATCGTCACAGACCCAGCCCAGGAGAAGATGGGAACCTCCTTCCTGTTGCTGTAGGTAGTCACTCCTCACTAATGCACCATGCACTTCATGAGTTAAA	94468044	94390201	77843	94468153	77952
ENSMUST00000232395	AACTGTTGCACCATCGTCACAGACCCAGCCCAGGAGAAGATGGGAACCTCCTTCCTGTTGCTGTAGGTAGTCACTCCTCACTAATGCACCATGCACTTCATGAGTTAAA	94468044	94408553	59491	94468153	59600
ENSMUST00000232395	AACTGTTGCACCATCGTCACAGACCCAGCCCAGGAGAAGATGGGAACCTCCTTCCTGTTGCTGTAGGTAGTCACTCCTCACTAATGCACCATGCACTTCATGAGTTAAA	94468044	94408553	59491	94468153	59600
ENSMUST00000232395	AACTGTTGCACCATCGTCACAGACCCAGCCCAGGAGAAGATGGGAACCTCCTTCCTGTTGCTGTAGGTAGTCACTCCTCACTAATGCACCATGCACTTCATGAGTTAAA	94468044	94408553	59491	94468153	59600
ENSMUST00000232395	AACTGTTGCACCATCGTCACAGACCCAGCCCAGGAGAAGATGGGAACCTCCTTCCTGTTGCTGTAGGTAGTCACTCCTCACTAATGCACCATGCACTTCATGAGTTAAA	94468044	94410832	57212	94468153	57321
ENSMUST00000232395	AACTGTTGCACCATCGTCACAGACCCAGCCCAGGAGAAGATGGGAACCTCCTTCCTGTTGCTGTAGGTAGTCACTCCTCACTAATGCACCATGCACTTCATGAGTTAAA	94468044	94412059	55985	94468153	56094
ENSMUST00000232395	AACTGTTGCACCATCGTCACAGACCCAGCCCAGGAGAAGATGGGAACCTCCTTCCTGTTGCTGTAGGTAGTCACTCCTCACTAATGCACCATGCACTTCATGAGTTAAA	94468044	94415948	52096	94468153	52205
ENSMUST00000232395	AACTGTTGCACCATCGTCACAGACCCAGCCCAGGAGAAGATGGGAACCTCCTTCCTGTTGCTGTAGGTAGTCACTCCTCACTAATGCACCATGCACTTCATGAGTTAAA	94468044	94415948	52096	94468153	52205
ENSMUST00000232395	AACTGTTGCACCATCGTCACAGACCCAGCCCAGGAGAAGATGGGAACCTCCTTCCTGTTGCTGTAGGTAGTCACTCCTCACTAATGCACCATGCACTTCATGAGTTAAA	94468044	94416281	51763	94468153	51872
ENSMUST00000232395	AACTGTTGCACCATCGTCACAGACCCAGCCCAGGAGAAGATGGGAACCTCCTTCCTGTTGCTGTAGGTAGTCACTCCTCACTAATGCACCATGCACTTCATGAGTTAAA	94468044	94425086	42958	94468153	43067
ENSMUST00000232395	AACTGTTGCACCATCGTCACAGACCCAGCCCAGGAGAAGATGGGAACCTCCTTCCTGTTGCTGTAGGTAGTCACTCCTCACTAATGCACCATGCACTTCATGAGTTAAA	94468044	94385335	82709	94468153	82818
ENSMUST00000232395	AACTGTTGCACCATCGTCACAGACCCAGCCCAGGAGAAGATGGGAACCTCCTTCCTGTTGCTGTAGGTAGTCACTCCTCACTAATGCACCATGCACTTCATGAGTTAAA	94468044	94390201	77843	94468153	77952
ENSMUST00000232395	AACTGTTGCACCATCGTCACAGACCCAGCCCAGGAGAAGATGGGAACCTCCTTCCTGTTGCTGTAGGTAGTCACTCCTCACTAATGCACCATGCACTTCATGAGTTAAA	94468044	94408553	59491	94468153	59600
ENSMUST00000232395	AACTGTTGCACCATCGTCACAGACCCAGCCCAGGAGAAGATGGGAACCTCCTTCCTGTTGCTGTAGGTAGTCACTCCTCACTAATGCACCATGCACTTCATGAGTTAAA	94468044	94408553	59491	94468153	59600
ENSMUST00000232395	AACTGTTGCACCATCGTCACAGACCCAGCCCAGGAGAAGATGGGAACCTCCTTCCTGTTGCTGTAGGTAGTCACTCCTCACTAATGCACCATGCACTTCATGAGTTAAA	94468044	94408553	59491	94468153	59600
ENSMUST00000232395	AACTGTTGCACCATCGTCACAGACCCAGCCCAGGAGAAGATGGGAACCTCCTTCCTGTTGCTGTAGGTAGTCACTCCTCACTAATGCACCATGCACTTCATGAGTTAAA	94468044	94410832	57212	94468153	57321
ENSMUST00000232395	AACTGTTGCACCATCGTCACAGACCCAGCCCAGGAGAAGATGGGAACCTCCTTCCTGTTGCTGTAGGTAGTCACTCCTCACTAATGCACCATGCACTTCATGAGTTAAA	94468044	94412059	55985	94468153	56094
ENSMUST00000232395	AACTGTTGCACCATCGTCACAGACCCAGCCCAGGAGAAGATGGGAACCTCCTTCCTGTTGCTGTAGGTAGTCACTCCTCACTAATGCACCATGCACTTCATGAGTTAAA	94468044	94415948	52096	94468153	52205
ENSMUST00000232395	AACTGTTGCACCATCGTCACAGACCCAGCCCAGGAGAAGATGGGAACCTCCTTCCTGTTGCTGTAGGTAGTCACTCCTCACTAATGCACCATGCACTTCATGAGTTAAA	94468044	94415948	52096	94468153	52205
ENSMUST00000232395	AACTGTTGCACCATCGTCACAGACCCAGCCCAGGAGAAGATGGGAACCTCCTTCCTGTTGCTGTAGGTAGTCACTCCTCACTAATGCACCATGCACTTCATGAGTTAAA	94468044	94416281	51763	94468153	51872
ENSMUST00000232395	AACTGTTGCACCATCGTCACAGACCCAGCCCAGGAGAAGATGGGAACCTCCTTCCTGTTGCTGTAGGTAGTCACTCCTCACTAATGCACCATGCACTTCATGAGTTAAA	94468044	94425086	42958	94468153	43067
ENSMUST00000238701	GCAGTCCTTCAAGGCCCTACCTTATGTCTGTCTGCTGATCGCCATGCTCTTCTTCATCTACGCCATCATCGGGATGCAGGTGTTTGGCAACATCGGCATTGACGGGGAA	84601777	84614694	-12917	84601989	-12705
ENSMUST00000103139	CTCTTGGCGTGCTGGAGAGCATCCTGGATGGAATTGAAGTGAATGGAACAGAAGCCAAGCAAGGTGGAGTGTGGGTCAGACCCAGAGGAGAACAGTGCCAGGTCACCAGA	98753545	98753289	256	98756125	2836
ENSMUST00000103139	CTCTTGGCGTGCTGGAGAGCATCCTGGATGGAATTGAAGTGAATGGAACAGAAGCCAAGCAAGGTGGAGTGTGGGTCAGACCCAGAGGAGAACAGTGCCAGGTCACCAGA	98753545	98753289	256	98756125	2836
ENSMUST00000103139	CTCTTGGCGTGCTGGAGAGCATCCTGGATGGAATTGAAGTGAATGGAACAGAAGCCAAGCAAGGTGGAGTGTGGGTCAGACCCAGAGGAGAACAGTGCCAGGTCACCAGA	98753545	98756107	-2562	98756125	18
ENSMUST00000103139	CTCTTGGCGTGCTGGAGAGCATCCTGGATGGAATTGAAGTGAATGGAACAGAAGCCAAGCAAGGTGGAGTGTGGGTCAGACCCAGAGGAGAACAGTGCCAGGTCACCAGA	98753545	98756922	-3377	98756125	-797
ENSMUST00000109412	GTATTACTGTGAATATTGCTGGGCTGCTATTCACTCTCGTGCTGGCAGAGAATTCCACAAGCCCCTGGTGAAGGAAGGTGGTGACCGCCCTCGGCATATTTCATTCCGCT	31931423	31889857	41566	31931533	41676
ENSMUST00000109412	GTATTACTGTGAATATTGCTGGGCTGCTATTCACTCTCGTGCTGGCAGAGAATTCCACAAGCCCCTGGTGAAGGAAGGTGGTGACCGCCCTCGGCATATTTCATTCCGCT	31931423	31908824	22599	31931533	22709
ENSMUST00000025541	GTGGCATCCACGGCGATATTTAAAGAACACCTGGAACTTGGGGGCTTGGGGGCTTTGTTTTGTTTTGTTTTTGTTTAGATTACATTAGCAGGCCTAATCATTTTAAAGGGT	16387004	16316016	70988	16387115	71099
ENSMUST00000102879	GAAGGTGCAAAACATGTCTCAATCCATAGAAGTCTTGGACAGGCGAACTCAGAGAGACCTGCAGTACGTGGAGAAGATGGAGAACCAGATGAAAGGCCTGGAGACCAAGTT	28208225	28208077	148	28212641	4564
ENSMUST00000102879	GAAGGTGCAAAACATGTCTCAATCCATAGAAGTCTTGGACAGGCGAACTCAGAGAGACCTGCAGTACGTGGAGAAGATGGAGAACCAGATGAAAGGCCTGGAGACCAAGTT	28208225	28212531	-4306	28212641	110
ENSMUST00000102879	GAAGGTGCAAAACATGTCTCAATCCATAGAAGTCTTGGACAGGCGAACTCAGAGAGACCTGCAGTACGTGGAGAAGATGGAGAACCAGATGAAAGGCCTGGAGACCAAGTT	28208225	28214608	-6383	28212641	-1967
ENSMUST00000106113	AATGGGATTTATACACACATCACTAAAAACTATCCATACTACAGGACTGCGGACAAGGGCTGGCAGAATTCAATTCGCCACAATCTCTCTCTGAACCGTTATTTCATCAAAG	121290828	121290743	85	121296079	5336
ENSMUST00000106113	AATGGGATTTATACACACATCACTAAAAACTATCCATACTACAGGACTGCGGACAAGGGCTGGCAGAATTCAATTCGCCACAATCTCTCTCTGAACCGTTATTTCATCAAAG	121290828	121296028	-5200	121296079	51
ENSMUST00000106113	AATGGGATTTATACACACATCACTAAAAACTATCCATACTACAGGACTGCGGACAAGGGCTGGCAGAATTCAATTCGCCACAATCTCTCTCTGAACCGTTATTTCATCAAAG	121290828	121296028	-5200	121296079	51
ENSMUST00000113144	TATCCAGACCTGAACATGATTGAGACATACGTGTGTCAGATTTGCGAGGACACCTTTGACTATGACTTGGATTCCCCTGATCAGTTGTCCGGATTGACAATGATTACACACCTC	135802598	135743441	59157	135802712	59271
ENSMUST00000113144	TATCCAGACCTGAACATGATTGAGACATACGTGTGTCAGATTTGCGAGGACACCTTTGACTATGACTTGGATTCCCCTGATCAGTTGTCCGGATTGACAATGATTACACACCTC	135802598	135796141	6457	135802712	6571
ENSMUST00000113144	TATCCAGACCTGAACATGATTGAGACATACGTGTGTCAGATTTGCGAGGACACCTTTGACTATGACTTGGATTCCCCTGATCAGTTGTCCGGATTGACAATGATTACACACCTC	135802598	135796141	6457	135802712	6571
ENSMUST00000113144	TATCCAGACCTGAACATGATTGAGACATACGTGTGTCAGATTTGCGAGGACACCTTTGACTATGACTTGGATTCCCCTGATCAGTTGTCCGGATTGACAATGATTACACACCTC	135802598	135796948	5650	135802712	5764
ENSMUST00000113144	TATCCAGACCTGAACATGATTGAGACATACGTGTGTCAGATTTGCGAGGACACCTTTGACTATGACTTGGATTCCCCTGATCAGTTGTCCGGATTGACAATGATTACACACCTC	135802598	135797552	5046	135802712	5160
ENSMUST00000113144	TATCCAGACCTGAACATGATTGAGACATACGTGTGTCAGATTTGCGAGGACACCTTTGACTATGACTTGGATTCCCCTGATCAGTTGTCCGGATTGACAATGATTACACACCTC	135802598	135797552	5046	135802712	5160
ENSMUST00000113144	TATCCAGACCTGAACATGATTGAGACATACGTGTGTCAGATTTGCGAGGACACCTTTGACTATGACTTGGATTCCCCTGATCAGTTGTCCGGATTGACAATGATTACACACCTC	135802598	135797787	4811	135802712	4925
ENSMUST00000238701	ATCCTGAACCTGCGCTACTTCGAGATGTGCATCCTCATGGTCATTGCCATGAGCAGCATCGCTCTGGCCGCCGAGGACCCGGTGCAGCCCAACGCACCCCGCAACAATGTGCTGC	84569948	84614694	-44746	84571228	-43466
ENSMUST00000238701	GTCCTCCGGGTGCTACGACCTCTAAAGACCATCAAGCGGCTGCCAAAGCTGAAGGCCGTGTTTGACTGCGTGGTGAACTCGCTCAAGAACGTCTTCAACATCCTCATTGTGTACA	84579542	84614694	-35152	84580151	-34543
ENSMUST00000221721	GCCCTGCCGGCGCTCCTCCACCAGCCAGATATCTCTTCGGAACTTGCCATCATCCATCCAGTCCCGCCTCTCCATGGTGAACCAGATGGAAGCTGCCAGCCAGGGGGGCATGGGCT	81995057	81894982	100075	81995173	100191
ENSMUST00000221721	GCCCTGCCGGCGCTCCTCCACCAGCCAGATATCTCTTCGGAACTTGCCATCATCCATCCAGTCCCGCCTCTCCATGGTGAACCAGATGGAAGCTGCCAGCCAGGGGGGCATGGGCT	81995057	81928241	66816	81995173	66932
ENSMUST00000153478	TTTCTCGGGGTCTTCTCAGCCCTGACTTGTTCCCCGTGCACCTTGTTCGACTCCGGAGGTTCAGGTGCACGGACACCCTTCCAAGTTCACCCCTACTCCATCCTCAGACTTTTCAC	82584363	82554319	30044	82584479	30160
ENSMUST00000153478	TTTCTCGGGGTCTTCTCAGCCCTGACTTGTTCCCCGTGCACCTTGTTCGACTCCGGAGGTTCAGGTGCACGGACACCCTTCCAAGTTCACCCCTACTCCATCCTCAGACTTTTCAC	82584363	82561777	22586	82584479	22702
ENSMUST00000153478	TTTCTCGGGGTCTTCTCAGCCCTGACTTGTTCCCCGTGCACCTTGTTCGACTCCGGAGGTTCAGGTGCACGGACACCCTTCCAAGTTCACCCCTACTCCATCCTCAGACTTTTCAC	82584363	82561777	22586	82584479	22702
ENSMUST00000153478	TTTCTCGGGGTCTTCTCAGCCCTGACTTGTTCCCCGTGCACCTTGTTCGACTCCGGAGGTTCAGGTGCACGGACACCCTTCCAAGTTCACCCCTACTCCATCCTCAGACTTTTCAC	82584363	82572824	11539	82584479	11655
ENSMUST00000153478	TTTCTCGGGGTCTTCTCAGCCCTGACTTGTTCCCCGTGCACCTTGTTCGACTCCGGAGGTTCAGGTGCACGGACACCCTTCCAAGTTCACCCCTACTCCATCCTCAGACTTTTCAC	82584363	82572824	11539	82584479	11655
ENSMUST00000153478	TTTCTCGGGGTCTTCTCAGCCCTGACTTGTTCCCCGTGCACCTTGTTCGACTCCGGAGGTTCAGGTGCACGGACACCCTTCCAAGTTCACCCCTACTCCATCCTCAGACTTTTCAC	82584363	82575171	9192	82584479	9308
ENSMUST00000153478	TTTCTCGGGGTCTTCTCAGCCCTGACTTGTTCCCCGTGCACCTTGTTCGACTCCGGAGGTTCAGGTGCACGGACACCCTTCCAAGTTCACCCCTACTCCATCCTCAGACTTTTCAC	82584363	82575171	9192	82584479	9308
ENSMUST00000153478	TTTCTCGGGGTCTTCTCAGCCCTGACTTGTTCCCCGTGCACCTTGTTCGACTCCGGAGGTTCAGGTGCACGGACACCCTTCCAAGTTCACCCCTACTCCATCCTCAGACTTTTCAC	82584363	82575600	8763	82584479	8879
ENSMUST00000060864	CCGCTACCTTTCCTGCTTCTGGCCATCCACTGCTGCAGCATGGAACCCAGCACCCGGGCCCCTTTTACTGAAATCACCCAGCACCTGGAACAGATCCTGGAGCAGCAGCCTGAGGCCA	43445787	43445040	747	43446026	986
ENSMUST00000110082	CTAGTGAACCATGACTCGGAGCCAGCAGAGTAGGCTGTGTCTGTGGACTTGAGCACACCATCAACATTGCTGTTCAGGAAATGATAATTTACGTCCATTCCAAGTTGTAAATGCTAGT	100207160	100203574	3586	100207278	3704
ENSMUST00000020706	CACAATAGATTTGTATAATCAATACGGGTCTATTTTTATGTCAACTCTGTAGAGCACCTTCCAGTCTTTTTCAAGATTGTTAAATCGAGATGAGTAATTGAATAATTTGTCCTATTTT	7178273	7130275	47998	7178391	48116
ENSMUST00000020706	CACAATAGATTTGTATAATCAATACGGGTCTATTTTTATGTCAACTCTGTAGAGCACCTTCCAGTCTTTTTCAAGATTGTTAAATCGAGATGAGTAATTGAATAATTTGTCCTATTTT	7178273	7130275	47998	7178391	48116
ENSMUST00000027056	CAGGGTGAGAAATTGTATAAAATGATGTGCAAACAGGGAAATCTGATCAAAGACAGAAAAAGAAAACTGACCACATTTCCTAAGTGCTTCCTGGGAAGTGAATTTGTCTCATGGCTAT	11110338	11208511	-98173	11112773	-95738
ENSMUST00000026292	CTTTACTGAGCAGGAATTAGAGCTGCTCATATCAGGGCTGCCTACCATCGACATTGATGATCTAAAATCTAACACTGAGTACCACAAGTACCAATCCAACTCTATTCAGATCCAGTGGTTTTG	151932702	151806719	125983	151933035	126316
ENSMUST00000026292	CTTTACTGAGCAGGAATTAGAGCTGCTCATATCAGGGCTGCCTACCATCGACATTGATGATCTAAAATCTAACACTGAGTACCACAAGTACCAATCCAACTCTATTCAGATCCAGTGGTTTTG	151932702	151806719	125983	151933035	126316
ENSMUST00000030691	AAAATAACCAGAGACTCTAAGGATCACACAGTTTCAGGTAATGGGCTAGGAATTAGAATTGTTGGTGGTAAAGAAATTCCTGGACATAGTGGAGAAATTGGAGCCTATATTGCTAAGATTCTTC	14723296	14668964	54332	14750575	81611
ENSMUST00000182597	CAAATAAAGCTGTTGACAGCACTTTGAAAACAAGGATCCTGGCCTCTGAGCCTGACAATGCAGAAGGAATCCATAACTTTGCACCACTTGGTACCATCACTTCTAGTAGTCCTACTGCCCAGCCA	74642644	74660381	-17737	74643378	-17003
ENSMUST00000026292	ACTACACTTTGAATTTTATGCAGATCCTGGAGCTGAGGTCAAAATTGAGAAGAGGACAACTAGTAATACACTACATTATATTCACATAGAACAACTTGACAAGATTTCAGAAAGTCCTTCTGAAATAA	151852505	151806719	45786	151853558	46839
ENSMUST00000171187	ATCTTTATGGTGACTATGCTTTTGACGCCAATCGACATGATGATAGTAGGTCAGACAATTTCAATACTGGAAACATGACTGTTCTTTCACCATATTTAAATACTACGGTATTGCCCAGCTCTTCTTCCTCAA	34312440	34279268	33172	34312572	33304
ENSMUST00000171187	ATCTTTATGGTGACTATGCTTTTGACGCCAATCGACATGATGATAGTAGGTCAGACAATTTCAATACTGGAAACATGACTGTTCTTTCACCATATTTAAATACTACGGTATTGCCCAGCTCTTCTTCCTCAA	34312440	34282006	30434	34312572	30566
ENSMUST00000171187	ATCTTTATGGTGACTATGCTTTTGACGCCAATCGACATGATGATAGTAGGTCAGACAATTTCAATACTGGAAACATGACTGTTCTTTCACCATATTTAAATACTACGGTATTGCCCAGCTCTTCTTCCTCAA	34312440	34289837	22603	34312572	22735
ENSMUST00000169061	CCCTGACCGGCTTCATGATGAACTCTGGTACAACGACCCAGGCCAGATGAACGATGGACCGCTTTGCAAATGCAGTGCAAAAGCCAGACGCACAGGAATCCGCCACAGCATTTATCCCGGAGAAGAGGCAATC	12848170	12890033	-41863	12859389	-30644
ENSMUST00000169061	CCCTGACCGGCTTCATGATGAACTCTGGTACAACGACCCAGGCCAGATGAACGATGGACCGCTTTGCAAATGCAGTGCAAAAGCCAGACGCACAGGAATCCGCCACAGCATTTATCCCGGAGAAGAGGCAATC	12848170	12905598	-57428	12859389	-46209
ENSMUST00000090302	GAACAACGGTATTATCAGTAGTTACCTCTGGGCCAGGTTGGAAATGAAATCAATTTTTTTAAACCACTAATAACTTGCCAAGAAATCGCCTTATGAGAACATGGTGTGTGTCTCTGACAGTGCATGGCACATC	28476202	27652686	823516	28476335	823649
ENSMUST00000090302	GAACAACGGTATTATCAGTAGTTACCTCTGGGCCAGGTTGGAAATGAAATCAATTTTTTTAAACCACTAATAACTTGCCAAGAAATCGCCTTATGAGAACATGGTGTGTGTCTCTGACAGTGCATGGCACATC	28476202	27776825	699377	28476335	699510
ENSMUST00000090302	GAACAACGGTATTATCAGTAGTTACCTCTGGGCCAGGTTGGAAATGAAATCAATTTTTTTAAACCACTAATAACTTGCCAAGAAATCGCCTTATGAGAACATGGTGTGTGTCTCTGACAGTGCATGGCACATC	28476202	27876586	599616	28476335	599749
ENSMUST00000090302	GAACAACGGTATTATCAGTAGTTACCTCTGGGCCAGGTTGGAAATGAAATCAATTTTTTTAAACCACTAATAACTTGCCAAGAAATCGCCTTATGAGAACATGGTGTGTGTCTCTGACAGTGCATGGCACATC	28476202	27898565	577637	28476335	577770
ENSMUST00000090302	GAACAACGGTATTATCAGTAGTTACCTCTGGGCCAGGTTGGAAATGAAATCAATTTTTTTAAACCACTAATAACTTGCCAAGAAATCGCCTTATGAGAACATGGTGTGTGTCTCTGACAGTGCATGGCACATC	28476202	27912812	563390	28476335	563523
ENSMUST00000090302	GAACAACGGTATTATCAGTAGTTACCTCTGGGCCAGGTTGGAAATGAAATCAATTTTTTTAAACCACTAATAACTTGCCAAGAAATCGCCTTATGAGAACATGGTGTGTGTCTCTGACAGTGCATGGCACATC	28476202	27966395	509807	28476335	509940
ENSMUST00000090302	GAACAACGGTATTATCAGTAGTTACCTCTGGGCCAGGTTGGAAATGAAATCAATTTTTTTAAACCACTAATAACTTGCCAAGAAATCGCCTTATGAGAACATGGTGTGTGTCTCTGACAGTGCATGGCACATC	28476202	28040342	435860	28476335	435993
ENSMUST00000090302	GAACAACGGTATTATCAGTAGTTACCTCTGGGCCAGGTTGGAAATGAAATCAATTTTTTTAAACCACTAATAACTTGCCAAGAAATCGCCTTATGAGAACATGGTGTGTGTCTCTGACAGTGCATGGCACATC	28476202	28040342	435860	28476335	435993
ENSMUST00000114018	ATCACACAGTCCCCAAGCAGGTCCAGCGTGGCATCACCCCGACGACTCAGCAACGTCTCATCTTCTGGAAGCATCAACCTGCTCGAATCCCCTCAGCTTGCCACTTTGGCTGAGGATGTCACTGCGGCGCTTGC	66438870	66251661	187209	66439004	187343
ENSMUST00000114018	ATCACACAGTCCCCAAGCAGGTCCAGCGTGGCATCACCCCGACGACTCAGCAACGTCTCATCTTCTGGAAGCATCAACCTGCTCGAATCCCCTCAGCTTGCCACTTTGGCTGAGGATGTCACTGCGGCGCTTGC	66438870	66251661	187209	66439004	187343
ENSMUST00000114018	ATCACACAGTCCCCAAGCAGGTCCAGCGTGGCATCACCCCGACGACTCAGCAACGTCTCATCTTCTGGAAGCATCAACCTGCTCGAATCCCCTCAGCTTGCCACTTTGGCTGAGGATGTCACTGCGGCGCTTGC	66438870	66322403	116467	66439004	116601
ENSMUST00000114018	ATCACACAGTCCCCAAGCAGGTCCAGCGTGGCATCACCCCGACGACTCAGCAACGTCTCATCTTCTGGAAGCATCAACCTGCTCGAATCCCCTCAGCTTGCCACTTTGGCTGAGGATGTCACTGCGGCGCTTGC	66438870	66322403	116467	66439004	116601
ENSMUST00000114018	ATCACACAGTCCCCAAGCAGGTCCAGCGTGGCATCACCCCGACGACTCAGCAACGTCTCATCTTCTGGAAGCATCAACCTGCTCGAATCCCCTCAGCTTGCCACTTTGGCTGAGGATGTCACTGCGGCGCTTGC	66438870	66362202	76668	66439004	76802
ENSMUST00000114018	ATCACACAGTCCCCAAGCAGGTCCAGCGTGGCATCACCCCGACGACTCAGCAACGTCTCATCTTCTGGAAGCATCAACCTGCTCGAATCCCCTCAGCTTGCCACTTTGGCTGAGGATGTCACTGCGGCGCTTGC	66438870	66412406	26464	66439004	26598
ENSMUST00000114018	ATCACACAGTCCCCAAGCAGGTCCAGCGTGGCATCACCCCGACGACTCAGCAACGTCTCATCTTCTGGAAGCATCAACCTGCTCGAATCCCCTCAGCTTGCCACTTTGGCTGAGGATGTCACTGCGGCGCTTGC	66438870	66416343	22527	66439004	22661
ENSMUST00000114018	ATCACACAGTCCCCAAGCAGGTCCAGCGTGGCATCACCCCGACGACTCAGCAACGTCTCATCTTCTGGAAGCATCAACCTGCTCGAATCCCCTCAGCTTGCCACTTTGGCTGAGGATGTCACTGCGGCGCTTGC	66438870	66251661	187209	66439004	187343
ENSMUST00000114018	ATCACACAGTCCCCAAGCAGGTCCAGCGTGGCATCACCCCGACGACTCAGCAACGTCTCATCTTCTGGAAGCATCAACCTGCTCGAATCCCCTCAGCTTGCCACTTTGGCTGAGGATGTCACTGCGGCGCTTGC	66438870	66251661	187209	66439004	187343
ENSMUST00000114018	ATCACACAGTCCCCAAGCAGGTCCAGCGTGGCATCACCCCGACGACTCAGCAACGTCTCATCTTCTGGAAGCATCAACCTGCTCGAATCCCCTCAGCTTGCCACTTTGGCTGAGGATGTCACTGCGGCGCTTGC	66438870	66322403	116467	66439004	116601
ENSMUST00000114018	ATCACACAGTCCCCAAGCAGGTCCAGCGTGGCATCACCCCGACGACTCAGCAACGTCTCATCTTCTGGAAGCATCAACCTGCTCGAATCCCCTCAGCTTGCCACTTTGGCTGAGGATGTCACTGCGGCGCTTGC	66438870	66322403	116467	66439004	116601
ENSMUST00000114018	ATCACACAGTCCCCAAGCAGGTCCAGCGTGGCATCACCCCGACGACTCAGCAACGTCTCATCTTCTGGAAGCATCAACCTGCTCGAATCCCCTCAGCTTGCCACTTTGGCTGAGGATGTCACTGCGGCGCTTGC	66438870	66362202	76668	66439004	76802
ENSMUST00000114018	ATCACACAGTCCCCAAGCAGGTCCAGCGTGGCATCACCCCGACGACTCAGCAACGTCTCATCTTCTGGAAGCATCAACCTGCTCGAATCCCCTCAGCTTGCCACTTTGGCTGAGGATGTCACTGCGGCGCTTGC	66438870	66412406	26464	66439004	26598
ENSMUST00000114018	ATCACACAGTCCCCAAGCAGGTCCAGCGTGGCATCACCCCGACGACTCAGCAACGTCTCATCTTCTGGAAGCATCAACCTGCTCGAATCCCCTCAGCTTGCCACTTTGGCTGAGGATGTCACTGCGGCGCTTGC	66438870	66416343	22527	66439004	22661
ENSMUST00000120204	CGGCCCCCGCTCCTGCTGCTGACGGCGCCCAGGGCAAGGGACATAGGATGACCCCAGCCTGTCCCCTCTTACTGTCTGTGATTCTGTCCCTGCGCCTGGCCACGGCCTTCGACCCTGCCCCCAGTGCCTGCTCT	129985276	130005024	-19748	129992157	-12867
ENSMUST00000120204	CGGCCCCCGCTCCTGCTGCTGACGGCGCCCAGGGCAAGGGACATAGGATGACCCCAGCCTGTCCCCTCTTACTGTCTGTGATTCTGTCCCTGCGCCTGGCCACGGCCTTCGACCCTGCCCCCAGTGCCTGCTCT	129985276	130005024	-19748	129992157	-12867
ENSMUST00000120204	CGGCCCCCGCTCCTGCTGCTGACGGCGCCCAGGGCAAGGGACATAGGATGACCCCAGCCTGTCCCCTCTTACTGTCTGTGATTCTGTCCCTGCGCCTGGCCACGGCCTTCGACCCTGCCCCCAGTGCCTGCTCT	129985276	130005389	-20113	129992157	-13232
ENSMUST00000120204	CGGCCCCCGCTCCTGCTGCTGACGGCGCCCAGGGCAAGGGACATAGGATGACCCCAGCCTGTCCCCTCTTACTGTCTGTGATTCTGTCCCTGCGCCTGGCCACGGCCTTCGACCCTGCCCCCAGTGCCTGCTCT	129985276	130014934	-29658	129992157	-22777
ENSMUST00000174641	CTTGAGTCCACCAGACATCGGAGTGGCCAGTCTGGACTTTGATCCCATGTCATTTCAATGTAGTCCTCCAAAAGCTGAGTCAGAGTGTCTGGAGAGTGGTGCTTCCTTTCTGGATTCATTAGGTTATACCAGGGAT	32255386	32152667	102719	32255522	102855
ENSMUST00000174641	CTTGAGTCCACCAGACATCGGAGTGGCCAGTCTGGACTTTGATCCCATGTCATTTCAATGTAGTCCTCCAAAAGCTGAGTCAGAGTGTCTGGAGAGTGGTGCTTCCTTTCTGGATTCATTAGGTTATACCAGGGAT	32255386	32189983	65403	32255522	65539
ENSMUST00000174641	CTTGAGTCCACCAGACATCGGAGTGGCCAGTCTGGACTTTGATCCCATGTCATTTCAATGTAGTCCTCCAAAAGCTGAGTCAGAGTGTCTGGAGAGTGGTGCTTCCTTTCTGGATTCATTAGGTTATACCAGGGAT	32255386	32208183	47203	32255522	47339
ENSMUST00000026292	AAACAGGAAACCGACGCCCTGTGATGCTGACTCTCCTCAGGGTGCCACGACTGAGTAAGAACTCAAAAAGCAGCAATGGACAGGAACTAGAGAAGACACTGGAAGAAAGCAAGGAGACCGATATCAAACATAAAGA	151891066	151806719	84347	151891766	85047
ENSMUST00000020706	CTGCCCTGCCCTGTGAGTCTGCACACCATGCCCTGCTCTGCTGCCTGGTGGGCACCCTCCCACTAGCCATATTCCTGCGGGTGTCCTCCTTGCCAAAGATGATCCTGCTGTCTGGGCTGACTACTTCCTACATCCTT	7150059	7130275	19784	7150196	19921
ENSMUST00000020706	CTGCCCTGCCCTGTGAGTCTGCACACCATGCCCTGCTCTGCTGCCTGGTGGGCACCCTCCCACTAGCCATATTCCTGCGGGTGTCCTCCTTGCCAAAGATGATCCTGCTGTCTGGGCTGACTACTTCCTACATCCTT	7150059	7130275	19784	7150196	19921
ENSMUST00000095087	CTGGACAGGGATAGTGGGCAGTGCTCACGGAACACAAGCTGTGAAACACTAGATCACTACGACCCCGACTATGAATTCCTCCAGCAAGATCTCTCCAATGCAGACCAGATCCCTCCACAGGCAGCCTGTAACCTCAG	29700808	29710152	-9344	29702287	-7865
ENSMUST00000095087	CTGGACAGGGATAGTGGGCAGTGCTCACGGAACACAAGCTGTGAAACACTAGATCACTACGACCCCGACTATGAATTCCTCCAGCAAGATCTCTCCAATGCAGACCAGATCCCTCCACAGGCAGCCTGTAACCTCAG	29700808	29710155	-9347	29702287	-7868
ENSMUST00000095087	CTGGACAGGGATAGTGGGCAGTGCTCACGGAACACAAGCTGTGAAACACTAGATCACTACGACCCCGACTATGAATTCCTCCAGCAAGATCTCTCCAATGCAGACCAGATCCCTCCACAGGCAGCCTGTAACCTCAG	29700808	29710155	-9347	29702287	-7868
ENSMUST00000095087	CTGGACAGGGATAGTGGGCAGTGCTCACGGAACACAAGCTGTGAAACACTAGATCACTACGACCCCGACTATGAATTCCTCCAGCAAGATCTCTCCAATGCAGACCAGATCCCTCCACAGGCAGCCTGTAACCTCAG	29700808	29719592	-18784	29702287	-17305
ENSMUST00000095087	CTGGACAGGGATAGTGGGCAGTGCTCACGGAACACAAGCTGTGAAACACTAGATCACTACGACCCCGACTATGAATTCCTCCAGCAAGATCTCTCCAATGCAGACCAGATCCCTCCACAGGCAGCCTGTAACCTCAG	29700808	29719592	-18784	29702287	-17305
ENSMUST00000102843	GTCCAGAGTTCTCTAATTATTCAGAAATAGCAAAATTTGAGAAGTCGGTGCCTGATCACTGTGAGCTCGTGGATGATTCCTCACCCGAATCTGAACCAGTTGACTTATTTAGTGATGATTCAATTCCTGAAGTCCCACA	29707918	29706409	1509	29708057	1648
ENSMUST00000187083	ATGACACCCAGTGACTCTTGTGATGACACTCAGATGACAGAATATCAGAGGCTGTTCCAGAGCAAAAGCACAGACTCTGAACCGGACAAAGACAGGTTAGACATCCCAAGCTCCATGGACGAAGAGGCCATGTTGTCTT	14143399	14004200	139199	14143538	139338
ENSMUST00000187083	ATGACACCCAGTGACTCTTGTGATGACACTCAGATGACAGAATATCAGAGGCTGTTCCAGAGCAAAAGCACAGACTCTGAACCGGACAAAGACAGGTTAGACATCCCAAGCTCCATGGACGAAGAGGCCATGTTGTCTT	14143399	14066582	76817	14143538	76956
ENSMUST00000187083	ATGACACCCAGTGACTCTTGTGATGACACTCAGATGACAGAATATCAGAGGCTGTTCCAGAGCAAAAGCACAGACTCTGAACCGGACAAAGACAGGTTAGACATCCCAAGCTCCATGGACGAAGAGGCCATGTTGTCTT	14143399	14066582	76817	14143538	76956
ENSMUST00000187083	ATGACACCCAGTGACTCTTGTGATGACACTCAGATGACAGAATATCAGAGGCTGTTCCAGAGCAAAAGCACAGACTCTGAACCGGACAAAGACAGGTTAGACATCCCAAGCTCCATGGACGAAGAGGCCATGTTGTCTT	14143399	14066582	76817	14143538	76956
ENSMUST00000187083	ATGACACCCAGTGACTCTTGTGATGACACTCAGATGACAGAATATCAGAGGCTGTTCCAGAGCAAAAGCACAGACTCTGAACCGGACAAAGACAGGTTAGACATCCCAAGCTCCATGGACGAAGAGGCCATGTTGTCTT	14143399	14066582	76817	14143538	76956
ENSMUST00000187083	ATGACACCCAGTGACTCTTGTGATGACACTCAGATGACAGAATATCAGAGGCTGTTCCAGAGCAAAAGCACAGACTCTGAACCGGACAAAGACAGGTTAGACATCCCAAGCTCCATGGACGAAGAGGCCATGTTGTCTT	14143399	14110664	32735	14143538	32874
ENSMUST00000187083	ATGACACCCAGTGACTCTTGTGATGACACTCAGATGACAGAATATCAGAGGCTGTTCCAGAGCAAAAGCACAGACTCTGAACCGGACAAAGACAGGTTAGACATCCCAAGCTCCATGGACGAAGAGGCCATGTTGTCTT	14143399	14110664	32735	14143538	32874
ENSMUST00000187083	ATGACACCCAGTGACTCTTGTGATGACACTCAGATGACAGAATATCAGAGGCTGTTCCAGAGCAAAAGCACAGACTCTGAACCGGACAAAGACAGGTTAGACATCCCAAGCTCCATGGACGAAGAGGCCATGTTGTCTT	14143399	14117518	25881	14143538	26020
ENSMUST00000165335	AGATCTTTTTTCCTTCACTTATTGCTGAAACCAAGAGCACAATTCCCATTAAGAGAAGGATCTCTGTGCTGTAAACTAAACAAATTGTGCATTTTTTCTGGGGCCATTGTTTTTGGTTTATTTTGTTATTTTGTTTTGTT	155557607	155527412	30195	155557747	30335
ENSMUST00000165335	AGATCTTTTTTCCTTCACTTATTGCTGAAACCAAGAGCACAATTCCCATTAAGAGAAGGATCTCTGTGCTGTAAACTAAACAAATTGTGCATTTTTTCTGGGGCCATTGTTTTTGGTTTATTTTGTTATTTTGTTTTGTT	155557607	155527412	30195	155557747	30335
ENSMUST00000165335	AGATCTTTTTTCCTTCACTTATTGCTGAAACCAAGAGCACAATTCCCATTAAGAGAAGGATCTCTGTGCTGTAAACTAAACAAATTGTGCATTTTTTCTGGGGCCATTGTTTTTGGTTTATTTTGTTATTTTGTTTTGTT	155557607	155533696	23911	155557747	24051
ENSMUST00000021567	AAAGCTGAAATATTTTTTTAAGTTAGCTGCATGAAAGGCAAACTCTGTTGGAGCCTCTCGATGGAAGGCGCTCTATGCATTTATGCTTTAACCCATGGACTCTTGTCTCTAACTCTAAACTCATATTTTTCTAATTTCTTTGCC	81996375	81894982	101393	81996519	101537
ENSMUST00000021567	AAAGCTGAAATATTTTTTTAAGTTAGCTGCATGAAAGGCAAACTCTGTTGGAGCCTCTCGATGGAAGGCGCTCTATGCATTTATGCTTTAACCCATGGACTCTTGTCTCTAACTCTAAACTCATATTTTTCTAATTTCTTTGCC	81996375	81928241	68134	81996519	68278
ENSMUST00000182407	GCCCATGAATCTCTGATATTGACCTACTCTGAGCCTTCAGAGAGTGCTACGTCTGTCCCACCTTCTGACACACCTTCTCTCACATCATCTATTTCTTCAGTTTGTACCACAGATAGCTCCTCACCTGTCACTACCCTCGATAGCC	14677410	14668964	8446	14677555	8591
ENSMUST00000098070	TGCTCCTTTTACACCGGCTTTAAATCTGCTTTTACTATGCACGTGGAAGCTGGGCATTCGGCGGTCCCGGAGGAAGGCCCCAAAGATCTCCGCTGTCCTCTCTGCCTCTATCACACCAAATACAAACGCAACATGATCGACCACA	55050438	55060013	-9575	55051321	-8692
ENSMUST00000020706	CGAAGCCCGCCAGACAGAGCTGGAGATGGCCGATCTGAACTTCTTTACTCTGAAGTACAAACATGTCGAACGAGAACAAAAATACCACCAGCTTCAGGACGAGTACTTCACCAGCGCCGTTGTCCTCGCCCTCATCCTGGCTGCCTT	7144799	7130275	14524	7145115	14840
ENSMUST00000020706	CGAAGCCCGCCAGACAGAGCTGGAGATGGCCGATCTGAACTTCTTTACTCTGAAGTACAAACATGTCGAACGAGAACAAAAATACCACCAGCTTCAGGACGAGTACTTCACCAGCGCCGTTGTCCTCGCCCTCATCCTGGCTGCCTT	7144799	7130275	14524	7145115	14840
ENSMUST00000099557	GATACTTCCCTGCCTCCTTGACCTCCCTCCCTTCCCACCTTCCTGGCTGTTGTGAGACAGGGAATGCCAAGGAAGAACTCTAGTGTCTGGACCCGATCCAGATAATATTTTTAGACTCCTCTGTTCCCTGATGACCTGCATTAGGGCA	118697747	118677722	20025	118697895	20173
ENSMUST00000238468	CAGTTGCAATTTTTTGCAAGGTTTTTCGACTCATAGTTCTTTGTCTGGGTACTTTTTCACCCTACAGAGAATTTCTGTATATATTATCGTTTCTGATTCTAGTGTTTTGAATTTTCGCTGGGTCTAAATATCTCTGTCTCAGTGTCAGTA	109661103	109606213	54890	109661253	55040
ENSMUST00000238468	CAGTTGCAATTTTTTGCAAGGTTTTTCGACTCATAGTTCTTTGTCTGGGTACTTTTTCACCCTACAGAGAATTTCTGTATATATTATCGTTTCTGATTCTAGTGTTTTGAATTTTCGCTGGGTCTAAATATCTCTGTCTCAGTGTCAGTA	109661103	109637838	23265	109661253	23415
ENSMUST00000238468	CAGTTGCAATTTTTTGCAAGGTTTTTCGACTCATAGTTCTTTGTCTGGGTACTTTTTCACCCTACAGAGAATTTCTGTATATATTATCGTTTCTGATTCTAGTGTTTTGAATTTTCGCTGGGTCTAAATATCTCTGTCTCAGTGTCAGTA	109661103	109637838	23265	109661253	23415
ENSMUST00000238468	CAGTTGCAATTTTTTGCAAGGTTTTTCGACTCATAGTTCTTTGTCTGGGTACTTTTTCACCCTACAGAGAATTTCTGTATATATTATCGTTTCTGATTCTAGTGTTTTGAATTTTCGCTGGGTCTAAATATCTCTGTCTCAGTGTCAGTA	109661103	109640266	20837	109661253	20987
ENSMUST00000238468	CAGTTGCAATTTTTTGCAAGGTTTTTCGACTCATAGTTCTTTGTCTGGGTACTTTTTCACCCTACAGAGAATTTCTGTATATATTATCGTTTCTGATTCTAGTGTTTTGAATTTTCGCTGGGTCTAAATATCTCTGTCTCAGTGTCAGTA	109661103	109640266	20837	109661253	20987
ENSMUST00000238468	CAGTTGCAATTTTTTGCAAGGTTTTTCGACTCATAGTTCTTTGTCTGGGTACTTTTTCACCCTACAGAGAATTTCTGTATATATTATCGTTTCTGATTCTAGTGTTTTGAATTTTCGCTGGGTCTAAATATCTCTGTCTCAGTGTCAGTA	109661103	109642564	18539	109661253	18689
ENSMUST00000238468	CAGTTGCAATTTTTTGCAAGGTTTTTCGACTCATAGTTCTTTGTCTGGGTACTTTTTCACCCTACAGAGAATTTCTGTATATATTATCGTTTCTGATTCTAGTGTTTTGAATTTTCGCTGGGTCTAAATATCTCTGTCTCAGTGTCAGTA	109661103	109650840	10263	109661253	10413
ENSMUST00000238468	CAGTTGCAATTTTTTGCAAGGTTTTTCGACTCATAGTTCTTTGTCTGGGTACTTTTTCACCCTACAGAGAATTTCTGTATATATTATCGTTTCTGATTCTAGTGTTTTGAATTTTCGCTGGGTCTAAATATCTCTGTCTCAGTGTCAGTA	109661103	109651012	10091	109661253	10241
ENSMUST00000238468	CAGTTGCAATTTTTTGCAAGGTTTTTCGACTCATAGTTCTTTGTCTGGGTACTTTTTCACCCTACAGAGAATTTCTGTATATATTATCGTTTCTGATTCTAGTGTTTTGAATTTTCGCTGGGTCTAAATATCTCTGTCTCAGTGTCAGTA	109661103	109655848	5255	109661253	5405
ENSMUST00000238468	CAGTTGCAATTTTTTGCAAGGTTTTTCGACTCATAGTTCTTTGTCTGGGTACTTTTTCACCCTACAGAGAATTTCTGTATATATTATCGTTTCTGATTCTAGTGTTTTGAATTTTCGCTGGGTCTAAATATCTCTGTCTCAGTGTCAGTA	109661103	109655848	5255	109661253	5405
ENSMUST00000238468	CAGTTGCAATTTTTTGCAAGGTTTTTCGACTCATAGTTCTTTGTCTGGGTACTTTTTCACCCTACAGAGAATTTCTGTATATATTATCGTTTCTGATTCTAGTGTTTTGAATTTTCGCTGGGTCTAAATATCTCTGTCTCAGTGTCAGTA	109661103	109656787	4316	109661253	4466
ENSMUST00000238468	CAGTTGCAATTTTTTGCAAGGTTTTTCGACTCATAGTTCTTTGTCTGGGTACTTTTTCACCCTACAGAGAATTTCTGTATATATTATCGTTTCTGATTCTAGTGTTTTGAATTTTCGCTGGGTCTAAATATCTCTGTCTCAGTGTCAGTA	109661103	109656787	4316	109661253	4466
ENSMUST00000238468	CAGTTGCAATTTTTTGCAAGGTTTTTCGACTCATAGTTCTTTGTCTGGGTACTTTTTCACCCTACAGAGAATTTCTGTATATATTATCGTTTCTGATTCTAGTGTTTTGAATTTTCGCTGGGTCTAAATATCTCTGTCTCAGTGTCAGTA	109661103	109656787	4316	109661253	4466
ENSMUST00000238468	CAGTTGCAATTTTTTGCAAGGTTTTTCGACTCATAGTTCTTTGTCTGGGTACTTTTTCACCCTACAGAGAATTTCTGTATATATTATCGTTTCTGATTCTAGTGTTTTGAATTTTCGCTGGGTCTAAATATCTCTGTCTCAGTGTCAGTA	109661103	109658052	3051	109661253	3201
ENSMUST00000238468	CAGTTGCAATTTTTTGCAAGGTTTTTCGACTCATAGTTCTTTGTCTGGGTACTTTTTCACCCTACAGAGAATTTCTGTATATATTATCGTTTCTGATTCTAGTGTTTTGAATTTTCGCTGGGTCTAAATATCTCTGTCTCAGTGTCAGTA	109661103	109658052	3051	109661253	3201
ENSMUST00000238748	GAAAACAAGACTGTGATTTCACATCAGGGGTCTTCCTAACAAGGGCTCACTGCTCATAAATGTCAAGAAAGTAAACGGCTGAACTTAAAACTGGCATTTCGAAGGGAAAGGCAAGACTGTGGGGTCAGTTTTGTCACCAGCCCTTTTTGTCTT	50122024	50052775	69249	50122177	69402
ENSMUST00000035058	GATCTCATGGCATGCTCTGATGTGTTTTGTAGGAGGGGAAACACTTAAAATAAGCAAAGAAACCGAGCAGGATTGCATATATCGGATGGTTCTTGTCTGTGCTCTCTGTACGTTGCTTCTGCAGCTGTGATTTCTAAACCTCTGCTGGCACTCA	110262331	110250958	11373	110262485	11527
ENSMUST00000035058	GATCTCATGGCATGCTCTGATGTGTTTTGTAGGAGGGGAAACACTTAAAATAAGCAAAGAAACCGAGCAGGATTGCATATATCGGATGGTTCTTGTCTGTGCTCTCTGTACGTTGCTTCTGCAGCTGTGATTTCTAAACCTCTGCTGGCACTCA	110262331	110250958	11373	110262485	11527
ENSMUST00000020706	CACAGCAAAGAGCTGGTCAGGTCTTGGTCAGGGCAGTATGGGAAGAATTGAAAAGACACCTCTTACTGCATGAAGAGCGGGGTTGCTGGCTTTCCCCAAGAGTAGGCTCTTGCTAACAGCCAGAGGCAGGTCTTCTGGAATTCTCGGGAGGCCC	7170305	7130275	40030	7170459	40184
ENSMUST00000020706	CACAGCAAAGAGCTGGTCAGGTCTTGGTCAGGGCAGTATGGGAAGAATTGAAAAGACACCTCTTACTGCATGAAGAGCGGGGTTGCTGGCTTTCCCCAAGAGTAGGCTCTTGCTAACAGCCAGAGGCAGGTCTTCTGGAATTCTCGGGAGGCCC	7170305	7130275	40030	7170459	40184
ENSMUST00000042035	CTTGCACTTCTTCTTCCTGTCCTCATTTTGCTGGGTGCTCACCGAGGCCTGGCAATCCTACATGGCCGTCACCGGCCGCCTCCGGAGCCGGCTCGTCCGCAAACGCTTTCTCTGCCTGGGCTGGGGGCTCCCTGCACTGGTGGTGGCCATTTCTG	74572121	74582891	-10770	74572858	-10033
ENSMUST00000042035	CTTGCACTTCTTCTTCCTGTCCTCATTTTGCTGGGTGCTCACCGAGGCCTGGCAATCCTACATGGCCGTCACCGGCCGCCTCCGGAGCCGGCTCGTCCGCAAACGCTTTCTCTGCCTGGGCTGGGGGCTCCCTGCACTGGTGGTGGCCATTTCTG	74572121	74582891	-10770	74572858	-10033
ENSMUST00000064139	TTCCCCTTGGACTAGCGAACAGTTTGGGGTTGAGAGGAAAGCAGAGGCGCCCAGAGGGGAAACCTACCCGCGTCTGCAGTTGGAACTACTCCGCCGGGCTGCACTCTCGCCGCCGCGTCCCGAGCCCGCATACCCGCTCCTGAGCAGCGGCGGCCC	105157635	105194802	-37167	105157791	-37011
ENSMUST00000064139	TTCCCCTTGGACTAGCGAACAGTTTGGGGTTGAGAGGAAAGCAGAGGCGCCCAGAGGGGAAACCTACCCGCGTCTGCAGTTGGAACTACTCCGCCGGGCTGCACTCTCGCCGCCGCGTCCCGAGCCCGCATACCCGCTCCTGAGCAGCGGCGGCCC	105157635	105194802	-37167	105157791	-37011
ENSMUST00000118955	CAAAAAAAACCAGACCCACATTGGAACAGTGAACCCGTCCCATCCAGAGGGCCCTAGGACTGCCGCAGTTGGAGCGACGTCCAACCCTTTTGAAACCAGCCAACCTAATTACCCGTACTGTGGAAATGAGCATGACCCCTGACCCCTTGTTTCTATA	24172981	24085320	87661	24173138	87818
ENSMUST00000118955	CAAAAAAAACCAGACCCACATTGGAACAGTGAACCCGTCCCATCCAGAGGGCCCTAGGACTGCCGCAGTTGGAGCGACGTCCAACCCTTTTGAAACCAGCCAACCTAATTACCCGTACTGTGGAAATGAGCATGACCCCTGACCCCTTGTTTCTATA	24172981	24158252	14729	24173138	14886
ENSMUST00000118955	CAAAAAAAACCAGACCCACATTGGAACAGTGAACCCGTCCCATCCAGAGGGCCCTAGGACTGCCGCAGTTGGAGCGACGTCCAACCCTTTTGAAACCAGCCAACCTAATTACCCGTACTGTGGAAATGAGCATGACCCCTGACCCCTTGTTTCTATA	24172981	24158252	14729	24173138	14886
ENSMUST00000102754	CTAAACGACCTTCTTATAGAGCCGAACAGTACCCTGGGTCCCCGGACTCCTGGGTGTAGCATCAAGACGGCTGCCTGCTGAGGGGCGCTTTCCTTCTGACTCTGTTTGGATTGAGGGGAAGTCCGTCTTGCTGATGATGGTGACCGTGAAAGTGAAA	59354411	59214677	139734	59354568	139891
ENSMUST00000102754	CTAAACGACCTTCTTATAGAGCCGAACAGTACCCTGGGTCCCCGGACTCCTGGGTGTAGCATCAAGACGGCTGCCTGCTGAGGGGCGCTTTCCTTCTGACTCTGTTTGGATTGAGGGGAAGTCCGTCTTGCTGATGATGGTGACCGTGAAAGTGAAA	59354411	59214677	139734	59354568	139891
ENSMUST00000047865	AGGGCTGGCCTGGGCGACGCTCCAGGGATGAGGAGCTGAGAACCCCAGTCTAATAATGTCCATCGACACCTCCTTATCCCTCTAACGTACTATGTCTTTTGATTTAGCATGCCTTCTGTAGACCTTCCAAAGAGCCCCACACTGGCACCGTCACCCCTA	82585175	82554319	30856	82585334	31015
ENSMUST00000047865	AGGGCTGGCCTGGGCGACGCTCCAGGGATGAGGAGCTGAGAACCCCAGTCTAATAATGTCCATCGACACCTCCTTATCCCTCTAACGTACTATGTCTTTTGATTTAGCATGCCTTCTGTAGACCTTCCAAAGAGCCCCACACTGGCACCGTCACCCCTA	82585175	82561777	23398	82585334	23557
ENSMUST00000047865	AGGGCTGGCCTGGGCGACGCTCCAGGGATGAGGAGCTGAGAACCCCAGTCTAATAATGTCCATCGACACCTCCTTATCCCTCTAACGTACTATGTCTTTTGATTTAGCATGCCTTCTGTAGACCTTCCAAAGAGCCCCACACTGGCACCGTCACCCCTA	82585175	82561777	23398	82585334	23557
ENSMUST00000047865	AGGGCTGGCCTGGGCGACGCTCCAGGGATGAGGAGCTGAGAACCCCAGTCTAATAATGTCCATCGACACCTCCTTATCCCTCTAACGTACTATGTCTTTTGATTTAGCATGCCTTCTGTAGACCTTCCAAAGAGCCCCACACTGGCACCGTCACCCCTA	82585175	82572824	12351	82585334	12510
ENSMUST00000047865	AGGGCTGGCCTGGGCGACGCTCCAGGGATGAGGAGCTGAGAACCCCAGTCTAATAATGTCCATCGACACCTCCTTATCCCTCTAACGTACTATGTCTTTTGATTTAGCATGCCTTCTGTAGACCTTCCAAAGAGCCCCACACTGGCACCGTCACCCCTA	82585175	82572824	12351	82585334	12510
ENSMUST00000047865	AGGGCTGGCCTGGGCGACGCTCCAGGGATGAGGAGCTGAGAACCCCAGTCTAATAATGTCCATCGACACCTCCTTATCCCTCTAACGTACTATGTCTTTTGATTTAGCATGCCTTCTGTAGACCTTCCAAAGAGCCCCACACTGGCACCGTCACCCCTA	82585175	82575171	10004	82585334	10163
ENSMUST00000047865	AGGGCTGGCCTGGGCGACGCTCCAGGGATGAGGAGCTGAGAACCCCAGTCTAATAATGTCCATCGACACCTCCTTATCCCTCTAACGTACTATGTCTTTTGATTTAGCATGCCTTCTGTAGACCTTCCAAAGAGCCCCACACTGGCACCGTCACCCCTA	82585175	82575171	10004	82585334	10163
ENSMUST00000047865	AGGGCTGGCCTGGGCGACGCTCCAGGGATGAGGAGCTGAGAACCCCAGTCTAATAATGTCCATCGACACCTCCTTATCCCTCTAACGTACTATGTCTTTTGATTTAGCATGCCTTCTGTAGACCTTCCAAAGAGCCCCACACTGGCACCGTCACCCCTA	82585175	82575600	9575	82585334	9734
ENSMUST00000098308	TTTACAACCAATGCAAGCTTGTTATTGAAGAGCAGTCTGGACCTTTCATCTGGATTCCCTCAAAGGAGAAGTTATAAATTAGCTACTGCACCTCTGACAACGACAGAAGAGCATTTAGAAGAACAAAATATATATAATCTAACACTTGGAGGCTTTTAT	92444555	91449753	994802	92444714	994961
ENSMUST00000098308	TTTACAACCAATGCAAGCTTGTTATTGAAGAGCAGTCTGGACCTTTCATCTGGATTCCCTCAAAGGAGAAGTTATAAATTAGCTACTGCACCTCTGACAACGACAGAAGAGCATTTAGAAGAACAAAATATATATAATCTAACACTTGGAGGCTTTTAT	92444555	91733090	711465	92444714	711624
ENSMUST00000098308	TTTACAACCAATGCAAGCTTGTTATTGAAGAGCAGTCTGGACCTTTCATCTGGATTCCCTCAAAGGAGAAGTTATAAATTAGCTACTGCACCTCTGACAACGACAGAAGAGCATTTAGAAGAACAAAATATATATAATCTAACACTTGGAGGCTTTTAT	92444555	91733090	711465	92444714	711624
ENSMUST00000098308	TTTACAACCAATGCAAGCTTGTTATTGAAGAGCAGTCTGGACCTTTCATCTGGATTCCCTCAAAGGAGAAGTTATAAATTAGCTACTGCACCTCTGACAACGACAGAAGAGCATTTAGAAGAACAAAATATATATAATCTAACACTTGGAGGCTTTTAT	92444555	91810478	634077	92444714	634236
ENSMUST00000098308	TTTACAACCAATGCAAGCTTGTTATTGAAGAGCAGTCTGGACCTTTCATCTGGATTCCCTCAAAGGAGAAGTTATAAATTAGCTACTGCACCTCTGACAACGACAGAAGAGCATTTAGAAGAACAAAATATATATAATCTAACACTTGGAGGCTTTTAT	92444555	91872375	572180	92444714	572339
ENSMUST00000098308	TTTACAACCAATGCAAGCTTGTTATTGAAGAGCAGTCTGGACCTTTCATCTGGATTCCCTCAAAGGAGAAGTTATAAATTAGCTACTGCACCTCTGACAACGACAGAAGAGCATTTAGAAGAACAAAATATATATAATCTAACACTTGGAGGCTTTTAT	92444555	91872375	572180	92444714	572339
ENSMUST00000098308	TTTACAACCAATGCAAGCTTGTTATTGAAGAGCAGTCTGGACCTTTCATCTGGATTCCCTCAAAGGAGAAGTTATAAATTAGCTACTGCACCTCTGACAACGACAGAAGAGCATTTAGAAGAACAAAATATATATAATCTAACACTTGGAGGCTTTTAT	92444555	91997165	447390	92444714	447549
ENSMUST00000098308	TTTACAACCAATGCAAGCTTGTTATTGAAGAGCAGTCTGGACCTTTCATCTGGATTCCCTCAAAGGAGAAGTTATAAATTAGCTACTGCACCTCTGACAACGACAGAAGAGCATTTAGAAGAACAAAATATATATAATCTAACACTTGGAGGCTTTTAT	92444555	92040797	403758	92444714	403917
ENSMUST00000098308	TTTACAACCAATGCAAGCTTGTTATTGAAGAGCAGTCTGGACCTTTCATCTGGATTCCCTCAAAGGAGAAGTTATAAATTAGCTACTGCACCTCTGACAACGACAGAAGAGCATTTAGAAGAACAAAATATATATAATCTAACACTTGGAGGCTTTTAT	92444555	92286490	158065	92444714	158224
ENSMUST00000098308	TTTACAACCAATGCAAGCTTGTTATTGAAGAGCAGTCTGGACCTTTCATCTGGATTCCCTCAAAGGAGAAGTTATAAATTAGCTACTGCACCTCTGACAACGACAGAAGAGCATTTAGAAGAACAAAATATATATAATCTAACACTTGGAGGCTTTTAT	92444555	92286490	158065	92444714	158224
ENSMUST00000098308	TTTACAACCAATGCAAGCTTGTTATTGAAGAGCAGTCTGGACCTTTCATCTGGATTCCCTCAAAGGAGAAGTTATAAATTAGCTACTGCACCTCTGACAACGACAGAAGAGCATTTAGAAGAACAAAATATATATAATCTAACACTTGGAGGCTTTTAT	92444555	92375553	69002	92444714	69161
ENSMUST00000098308	TTTACAACCAATGCAAGCTTGTTATTGAAGAGCAGTCTGGACCTTTCATCTGGATTCCCTCAAAGGAGAAGTTATAAATTAGCTACTGCACCTCTGACAACGACAGAAGAGCATTTAGAAGAACAAAATATATATAATCTAACACTTGGAGGCTTTTAT	92444555	92386914	57641	92444714	57800
ENSMUST00000098308	TTTACAACCAATGCAAGCTTGTTATTGAAGAGCAGTCTGGACCTTTCATCTGGATTCCCTCAAAGGAGAAGTTATAAATTAGCTACTGCACCTCTGACAACGACAGAAGAGCATTTAGAAGAACAAAATATATATAATCTAACACTTGGAGGCTTTTAT	92444555	92417223	27332	92444714	27491
ENSMUST00000098308	TTTACAACCAATGCAAGCTTGTTATTGAAGAGCAGTCTGGACCTTTCATCTGGATTCCCTCAAAGGAGAAGTTATAAATTAGCTACTGCACCTCTGACAACGACAGAAGAGCATTTAGAAGAACAAAATATATATAATCTAACACTTGGAGGCTTTTAT	92444555	92417223	27332	92444714	27491
ENSMUST00000108909	GAAGTACTTCGTCTCCCCGACCCTATTCCGCGTCATCCGATTGGCCCGCATCGGGCGCATCTTGCGTCTGATCAAGGGCGCCAAAGGGATCCGCACCCTGCTCTTTGCCTTAATGATGTCGCTGCCCGCCCTGTTCAACATCGGCCTCCTGCTCTTCCTG	101039592	100959339	80253	101039752	80413
ENSMUST00000046257	CCAGGCCTGGACCAGCCTAGGGAAGCGTGCAGACCAGCGCAAGGCCAAATTGGGTGACTCCCATGATCTGCAGCGCTTCCTTAGCGATTTCCGGGACCTCATGTCTTGGATCAATGGAATACGAGGGTTGGTATCTTCAGATGAACTAGCCAAGGACGTC	30008192	30014157	-5965	30010796	-3361
ENSMUST00000080210	ATGCCTTGTTGGCAAAGCACACCTTGGGTAGTTGAGATCTCCTGTGTTCGTCTTTAGCTTTCCTTGTGATGTAGACTCATGACTGTAACATTTCATGTGTAAAATAACTGGATATTCTTCATATGATGGAAATAACCTGTGAATTCAATCTTTCACTAAGT	102790573	102748468	42105	102790734	42266
ENSMUST00000071325	GTCACTCAGTTGAACTTCGCAATATGTTTGGTGAAACACTTCATAAAGCAGTGCAAGGCTGTGGAGCGCACCCAGCAATACGAATGGCACCAAGTCTCACCTTTAAAGAAAAGGTAACAAGCCTTAAATTTAAAGAAAAGCCTACAGACCTAGAGACAAGGAGCTAC	79418603	79463232	-44629	79425600	-37632
ENSMUST00000071325	GTCACTCAGTTGAACTTCGCAATATGTTTGGTGAAACACTTCATAAAGCAGTGCAAGGCTGTGGAGCGCACCCAGCAATACGAATGGCACCAAGTCTCACCTTTAAAGAAAAGGTAACAAGCCTTAAATTTAAAGAAAAGCCTACAGACCTAGAGACAAGGAGCTAC	79418603	79463232	-44629	79425600	-37632
ENSMUST00000094639	AGCCACCTGGGACTGTCTAGTTCCCAAGAGACCTTGCACCTCCGGCTAAATCCTGAGCCTGTGCTGCCCACCATGGATGGAGTGGCCGAGTTCTCCGAGTATGTCTCTGAGACGGTGGATGTGCCGTCCCCCTTTGACCTGCTTGAGCCCCCCACCTCAGGAGGCTTC	121299351	121298596	755	121299519	923
ENSMUST00000071325	CTTTTGGGTTGCTGTGGCTGTGCTGCAGCTGGACGAAGTCAACTTGTATTCAGCCGGCACTGCACTTCTGGAACAAAACCTGCACACCTTGGACAGTCTCCGGATATTCAATGACAAGAGTCCGGAAGAAGTATTTATGGCGATCCGGAATCCTCTGGAATGGCACTGC	79551063	79463232	87831	79553969	90737
ENSMUST00000071325	CTTTTGGGTTGCTGTGGCTGTGCTGCAGCTGGACGAAGTCAACTTGTATTCAGCCGGCACTGCACTTCTGGAACAAAACCTGCACACCTTGGACAGTCTCCGGATATTCAATGACAAGAGTCCGGAAGAAGTATTTATGGCGATCCGGAATCCTCTGGAATGGCACTGC	79551063	79463232	87831	79553969	90737
ENSMUST00000232395	CATACCTTCCTTTTCAAGGATTTGGCATCACCCAGCGACCAGCGTACATTAACATGGTACCTAGCCTGTCGCAGTTCACTAGCATTTACACACCTTTGGCCAACATTTCTTCTGAGTATCCAATGCAAAGATCCATGCCAGTGGTGCCATCTTTTGTAGCCAGCAACAGA	94443081	94385335	57746	94443251	57916
ENSMUST00000232395	CATACCTTCCTTTTCAAGGATTTGGCATCACCCAGCGACCAGCGTACATTAACATGGTACCTAGCCTGTCGCAGTTCACTAGCATTTACACACCTTTGGCCAACATTTCTTCTGAGTATCCAATGCAAAGATCCATGCCAGTGGTGCCATCTTTTGTAGCCAGCAACAGA	94443081	94390201	52880	94443251	53050
ENSMUST00000232395	CATACCTTCCTTTTCAAGGATTTGGCATCACCCAGCGACCAGCGTACATTAACATGGTACCTAGCCTGTCGCAGTTCACTAGCATTTACACACCTTTGGCCAACATTTCTTCTGAGTATCCAATGCAAAGATCCATGCCAGTGGTGCCATCTTTTGTAGCCAGCAACAGA	94443081	94408553	34528	94443251	34698
ENSMUST00000232395	CATACCTTCCTTTTCAAGGATTTGGCATCACCCAGCGACCAGCGTACATTAACATGGTACCTAGCCTGTCGCAGTTCACTAGCATTTACACACCTTTGGCCAACATTTCTTCTGAGTATCCAATGCAAAGATCCATGCCAGTGGTGCCATCTTTTGTAGCCAGCAACAGA	94443081	94408553	34528	94443251	34698
ENSMUST00000232395	CATACCTTCCTTTTCAAGGATTTGGCATCACCCAGCGACCAGCGTACATTAACATGGTACCTAGCCTGTCGCAGTTCACTAGCATTTACACACCTTTGGCCAACATTTCTTCTGAGTATCCAATGCAAAGATCCATGCCAGTGGTGCCATCTTTTGTAGCCAGCAACAGA	94443081	94408553	34528	94443251	34698
ENSMUST00000232395	CATACCTTCCTTTTCAAGGATTTGGCATCACCCAGCGACCAGCGTACATTAACATGGTACCTAGCCTGTCGCAGTTCACTAGCATTTACACACCTTTGGCCAACATTTCTTCTGAGTATCCAATGCAAAGATCCATGCCAGTGGTGCCATCTTTTGTAGCCAGCAACAGA	94443081	94410832	32249	94443251	32419
ENSMUST00000232395	CATACCTTCCTTTTCAAGGATTTGGCATCACCCAGCGACCAGCGTACATTAACATGGTACCTAGCCTGTCGCAGTTCACTAGCATTTACACACCTTTGGCCAACATTTCTTCTGAGTATCCAATGCAAAGATCCATGCCAGTGGTGCCATCTTTTGTAGCCAGCAACAGA	94443081	94412059	31022	94443251	31192
ENSMUST00000232395	CATACCTTCCTTTTCAAGGATTTGGCATCACCCAGCGACCAGCGTACATTAACATGGTACCTAGCCTGTCGCAGTTCACTAGCATTTACACACCTTTGGCCAACATTTCTTCTGAGTATCCAATGCAAAGATCCATGCCAGTGGTGCCATCTTTTGTAGCCAGCAACAGA	94443081	94415948	27133	94443251	27303
ENSMUST00000232395	CATACCTTCCTTTTCAAGGATTTGGCATCACCCAGCGACCAGCGTACATTAACATGGTACCTAGCCTGTCGCAGTTCACTAGCATTTACACACCTTTGGCCAACATTTCTTCTGAGTATCCAATGCAAAGATCCATGCCAGTGGTGCCATCTTTTGTAGCCAGCAACAGA	94443081	94415948	27133	94443251	27303
ENSMUST00000232395	CATACCTTCCTTTTCAAGGATTTGGCATCACCCAGCGACCAGCGTACATTAACATGGTACCTAGCCTGTCGCAGTTCACTAGCATTTACACACCTTTGGCCAACATTTCTTCTGAGTATCCAATGCAAAGATCCATGCCAGTGGTGCCATCTTTTGTAGCCAGCAACAGA	94443081	94416281	26800	94443251	26970
ENSMUST00000232395	CATACCTTCCTTTTCAAGGATTTGGCATCACCCAGCGACCAGCGTACATTAACATGGTACCTAGCCTGTCGCAGTTCACTAGCATTTACACACCTTTGGCCAACATTTCTTCTGAGTATCCAATGCAAAGATCCATGCCAGTGGTGCCATCTTTTGTAGCCAGCAACAGA	94443081	94425086	17995	94443251	18165
ENSMUST00000232395	CATACCTTCCTTTTCAAGGATTTGGCATCACCCAGCGACCAGCGTACATTAACATGGTACCTAGCCTGTCGCAGTTCACTAGCATTTACACACCTTTGGCCAACATTTCTTCTGAGTATCCAATGCAAAGATCCATGCCAGTGGTGCCATCTTTTGTAGCCAGCAACAGA	94443081	94385335	57746	94443251	57916
ENSMUST00000232395	CATACCTTCCTTTTCAAGGATTTGGCATCACCCAGCGACCAGCGTACATTAACATGGTACCTAGCCTGTCGCAGTTCACTAGCATTTACACACCTTTGGCCAACATTTCTTCTGAGTATCCAATGCAAAGATCCATGCCAGTGGTGCCATCTTTTGTAGCCAGCAACAGA	94443081	94390201	52880	94443251	53050
ENSMUST00000232395	CATACCTTCCTTTTCAAGGATTTGGCATCACCCAGCGACCAGCGTACATTAACATGGTACCTAGCCTGTCGCAGTTCACTAGCATTTACACACCTTTGGCCAACATTTCTTCTGAGTATCCAATGCAAAGATCCATGCCAGTGGTGCCATCTTTTGTAGCCAGCAACAGA	94443081	94408553	34528	94443251	34698
ENSMUST00000232395	CATACCTTCCTTTTCAAGGATTTGGCATCACCCAGCGACCAGCGTACATTAACATGGTACCTAGCCTGTCGCAGTTCACTAGCATTTACACACCTTTGGCCAACATTTCTTCTGAGTATCCAATGCAAAGATCCATGCCAGTGGTGCCATCTTTTGTAGCCAGCAACAGA	94443081	94408553	34528	94443251	34698
ENSMUST00000232395	CATACCTTCCTTTTCAAGGATTTGGCATCACCCAGCGACCAGCGTACATTAACATGGTACCTAGCCTGTCGCAGTTCACTAGCATTTACACACCTTTGGCCAACATTTCTTCTGAGTATCCAATGCAAAGATCCATGCCAGTGGTGCCATCTTTTGTAGCCAGCAACAGA	94443081	94408553	34528	94443251	34698
ENSMUST00000232395	CATACCTTCCTTTTCAAGGATTTGGCATCACCCAGCGACCAGCGTACATTAACATGGTACCTAGCCTGTCGCAGTTCACTAGCATTTACACACCTTTGGCCAACATTTCTTCTGAGTATCCAATGCAAAGATCCATGCCAGTGGTGCCATCTTTTGTAGCCAGCAACAGA	94443081	94410832	32249	94443251	32419
ENSMUST00000232395	CATACCTTCCTTTTCAAGGATTTGGCATCACCCAGCGACCAGCGTACATTAACATGGTACCTAGCCTGTCGCAGTTCACTAGCATTTACACACCTTTGGCCAACATTTCTTCTGAGTATCCAATGCAAAGATCCATGCCAGTGGTGCCATCTTTTGTAGCCAGCAACAGA	94443081	94412059	31022	94443251	31192
ENSMUST00000232395	CATACCTTCCTTTTCAAGGATTTGGCATCACCCAGCGACCAGCGTACATTAACATGGTACCTAGCCTGTCGCAGTTCACTAGCATTTACACACCTTTGGCCAACATTTCTTCTGAGTATCCAATGCAAAGATCCATGCCAGTGGTGCCATCTTTTGTAGCCAGCAACAGA	94443081	94415948	27133	94443251	27303
ENSMUST00000232395	CATACCTTCCTTTTCAAGGATTTGGCATCACCCAGCGACCAGCGTACATTAACATGGTACCTAGCCTGTCGCAGTTCACTAGCATTTACACACCTTTGGCCAACATTTCTTCTGAGTATCCAATGCAAAGATCCATGCCAGTGGTGCCATCTTTTGTAGCCAGCAACAGA	94443081	94415948	27133	94443251	27303
ENSMUST00000232395	CATACCTTCCTTTTCAAGGATTTGGCATCACCCAGCGACCAGCGTACATTAACATGGTACCTAGCCTGTCGCAGTTCACTAGCATTTACACACCTTTGGCCAACATTTCTTCTGAGTATCCAATGCAAAGATCCATGCCAGTGGTGCCATCTTTTGTAGCCAGCAACAGA	94443081	94416281	26800	94443251	26970
ENSMUST00000232395	CATACCTTCCTTTTCAAGGATTTGGCATCACCCAGCGACCAGCGTACATTAACATGGTACCTAGCCTGTCGCAGTTCACTAGCATTTACACACCTTTGGCCAACATTTCTTCTGAGTATCCAATGCAAAGATCCATGCCAGTGGTGCCATCTTTTGTAGCCAGCAACAGA	94443081	94425086	17995	94443251	18165
ENSMUST00000232395	CATACCTTCCTTTTCAAGGATTTGGCATCACCCAGCGACCAGCGTACATTAACATGGTACCTAGCCTGTCGCAGTTCACTAGCATTTACACACCTTTGGCCAACATTTCTTCTGAGTATCCAATGCAAAGATCCATGCCAGTGGTGCCATCTTTTGTAGCCAGCAACAGA	94443081	94385335	57746	94443251	57916
ENSMUST00000232395	CATACCTTCCTTTTCAAGGATTTGGCATCACCCAGCGACCAGCGTACATTAACATGGTACCTAGCCTGTCGCAGTTCACTAGCATTTACACACCTTTGGCCAACATTTCTTCTGAGTATCCAATGCAAAGATCCATGCCAGTGGTGCCATCTTTTGTAGCCAGCAACAGA	94443081	94390201	52880	94443251	53050
ENSMUST00000232395	CATACCTTCCTTTTCAAGGATTTGGCATCACCCAGCGACCAGCGTACATTAACATGGTACCTAGCCTGTCGCAGTTCACTAGCATTTACACACCTTTGGCCAACATTTCTTCTGAGTATCCAATGCAAAGATCCATGCCAGTGGTGCCATCTTTTGTAGCCAGCAACAGA	94443081	94408553	34528	94443251	34698
ENSMUST00000232395	CATACCTTCCTTTTCAAGGATTTGGCATCACCCAGCGACCAGCGTACATTAACATGGTACCTAGCCTGTCGCAGTTCACTAGCATTTACACACCTTTGGCCAACATTTCTTCTGAGTATCCAATGCAAAGATCCATGCCAGTGGTGCCATCTTTTGTAGCCAGCAACAGA	94443081	94408553	34528	94443251	34698
ENSMUST00000232395	CATACCTTCCTTTTCAAGGATTTGGCATCACCCAGCGACCAGCGTACATTAACATGGTACCTAGCCTGTCGCAGTTCACTAGCATTTACACACCTTTGGCCAACATTTCTTCTGAGTATCCAATGCAAAGATCCATGCCAGTGGTGCCATCTTTTGTAGCCAGCAACAGA	94443081	94408553	34528	94443251	34698
ENSMUST00000232395	CATACCTTCCTTTTCAAGGATTTGGCATCACCCAGCGACCAGCGTACATTAACATGGTACCTAGCCTGTCGCAGTTCACTAGCATTTACACACCTTTGGCCAACATTTCTTCTGAGTATCCAATGCAAAGATCCATGCCAGTGGTGCCATCTTTTGTAGCCAGCAACAGA	94443081	94410832	32249	94443251	32419
ENSMUST00000232395	CATACCTTCCTTTTCAAGGATTTGGCATCACCCAGCGACCAGCGTACATTAACATGGTACCTAGCCTGTCGCAGTTCACTAGCATTTACACACCTTTGGCCAACATTTCTTCTGAGTATCCAATGCAAAGATCCATGCCAGTGGTGCCATCTTTTGTAGCCAGCAACAGA	94443081	94412059	31022	94443251	31192
ENSMUST00000232395	CATACCTTCCTTTTCAAGGATTTGGCATCACCCAGCGACCAGCGTACATTAACATGGTACCTAGCCTGTCGCAGTTCACTAGCATTTACACACCTTTGGCCAACATTTCTTCTGAGTATCCAATGCAAAGATCCATGCCAGTGGTGCCATCTTTTGTAGCCAGCAACAGA	94443081	94415948	27133	94443251	27303
ENSMUST00000232395	CATACCTTCCTTTTCAAGGATTTGGCATCACCCAGCGACCAGCGTACATTAACATGGTACCTAGCCTGTCGCAGTTCACTAGCATTTACACACCTTTGGCCAACATTTCTTCTGAGTATCCAATGCAAAGATCCATGCCAGTGGTGCCATCTTTTGTAGCCAGCAACAGA	94443081	94415948	27133	94443251	27303
ENSMUST00000232395	CATACCTTCCTTTTCAAGGATTTGGCATCACCCAGCGACCAGCGTACATTAACATGGTACCTAGCCTGTCGCAGTTCACTAGCATTTACACACCTTTGGCCAACATTTCTTCTGAGTATCCAATGCAAAGATCCATGCCAGTGGTGCCATCTTTTGTAGCCAGCAACAGA	94443081	94416281	26800	94443251	26970
ENSMUST00000232395	CATACCTTCCTTTTCAAGGATTTGGCATCACCCAGCGACCAGCGTACATTAACATGGTACCTAGCCTGTCGCAGTTCACTAGCATTTACACACCTTTGGCCAACATTTCTTCTGAGTATCCAATGCAAAGATCCATGCCAGTGGTGCCATCTTTTGTAGCCAGCAACAGA	94443081	94425086	17995	94443251	18165
ENSMUST00000160518	AGACTAATACCCACCGGAGCTCCAGGGAACAATGAGCAGTACAACATGGGGATGGTCGGGACACATGGGCTGGAAACTTCGCATGCGGACACCTTTGGCGGCAGCATTTCAAGAGAAGGAACCTTGATGATCAGAGAGACGGCTGAAGAGAAGAAGCGATCTGGCCACAGTGACAGTAA	28638401	28493966	144435	28646660	152694
ENSMUST00000160518	AGACTAATACCCACCGGAGCTCCAGGGAACAATGAGCAGTACAACATGGGGATGGTCGGGACACATGGGCTGGAAACTTCGCATGCGGACACCTTTGGCGGCAGCATTTCAAGAGAAGGAACCTTGATGATCAGAGAGACGGCTGAAGAGAAGAAGCGATCTGGCCACAGTGACAGTAA	28638401	28604175	34226	28646660	42485
ENSMUST00000110082	AAGGATGGTGGTGGTCCTTCTGTTACCGAAGTCACCCTTCACTGTGGCTGTTTGACAAAGAGTTGTACTTGGACGTTGTGTAAATCTTGAGATAAACTGTTTTGGAGATTTAACCACCTCTCTGACGGGGGACCAACTCTATGGAAATTGTAAATAAGTTTTATTTATAAACCTGGCACTGTA	100209605	100203574	6031	100209788	6214
ENSMUST00000063091	CAATTCTGTAGCCAGCTGCCCCAGAGCAGCGAGAACCGTCCAGGATCAGATTGCATGTGACTCTGAAGCTGAACTTCCACGGCCCTCATTAATGACACTTGTCCCCCAGTCCGAACCTCCTCTGTGAACCATCTGAGACAGAAGCGTGTTATTTCTCAGACTTGGAAATGCATTGTATCGATGTT	39564043	39526780	37263	39564228	37448
ENSMUST00000063091	CAATTCTGTAGCCAGCTGCCCCAGAGCAGCGAGAACCGTCCAGGATCAGATTGCATGTGACTCTGAAGCTGAACTTCCACGGCCCTCATTAATGACACTTGTCCCCCAGTCCGAACCTCCTCTGTGAACCATCTGAGACAGAAGCGTGTTATTTCTCAGACTTGGAAATGCATTGTATCGATGTT	39564043	39529436	34607	39564228	34792
ENSMUST00000129241	AGTGAAGAGATCGAGAGTGCTTTCCGGGCCCTCAGCTCTGAGGGCAAGCCTTATGTGACCAAGGAGGAGCTCTACCAGAACCTGACCCGGGAACAAGCTGACTATTGTGTCTCCCACATGAAGCCCTATGTGGATGGCAAGGGCCGAGAACTTCCAACTGCCTTCGACTACGTCGAGTTCACCCGCTCACT	30030800	30014157	16643	30031140	16983
ENSMUST00000087871	AACCTGAAGGAGGCCATTGAAACCATTGTGGCCGCCATGAGCAACCTGGTGCCCCCTGTGGAGCTGGCCAACCCTGAGAACCAGTTCAGAGTGGACTACATTCTGAGCGTGATGAACGTGCCGAACTTTGACTTCCCACCTGAATTCTATGAGCATGCCAAGGCTCTGTGGGAGGATGAGGGAGTGCGTGCCTG	174341691	174334211	7480	174343259	9048
ENSMUST00000107935	ATGTGCAGCTTGGGACGTCTGACAAGGTGGCAAGGCTGCTGGACAAGGGGCTGGACCCCAACTACCACGACTCAGATTCAGGAGAGACACCTTTGACCCTGGCGGCCCAGACTGAAGGCTCAGTAGAGGTGATTCGGACGCTGTGCCTGGGCGGGGCGCATATAGACTTCAGGGCCCGGGATGGCATGACAGCGCT	44316061	44316343	-282	44316460	117
ENSMUST00000107935	ATGTGCAGCTTGGGACGTCTGACAAGGTGGCAAGGCTGCTGGACAAGGGGCTGGACCCCAACTACCACGACTCAGATTCAGGAGAGACACCTTTGACCCTGGCGGCCCAGACTGAAGGCTCAGTAGAGGTGATTCGGACGCTGTGCCTGGGCGGGGCGCATATAGACTTCAGGGCCCGGGATGGCATGACAGCGCT	44316061	44343657	-27596	44316460	-27197
ENSMUST00000107935	ATGTGCAGCTTGGGACGTCTGACAAGGTGGCAAGGCTGCTGGACAAGGGGCTGGACCCCAACTACCACGACTCAGATTCAGGAGAGACACCTTTGACCCTGGCGGCCCAGACTGAAGGCTCAGTAGAGGTGATTCGGACGCTGTGCCTGGGCGGGGCGCATATAGACTTCAGGGCCCGGGATGGCATGACAGCGCT	44316061	44316343	-282	44316460	117
ENSMUST00000107935	ATGTGCAGCTTGGGACGTCTGACAAGGTGGCAAGGCTGCTGGACAAGGGGCTGGACCCCAACTACCACGACTCAGATTCAGGAGAGACACCTTTGACCCTGGCGGCCCAGACTGAAGGCTCAGTAGAGGTGATTCGGACGCTGTGCCTGGGCGGGGCGCATATAGACTTCAGGGCCCGGGATGGCATGACAGCGCT	44316061	44343657	-27596	44316460	-27197
ENSMUST00000080210	AAGACTAATGAATGCAAAGAGACTAATTTGGGGGCTGTTTCTTATATATGGTACTAGGAAATGCCTTGTTGGCAAAGCACACCTTGGGTAGTTGAGATCTCCTGTGTTCGTCTTTAGCTTTCCTTGTGATGTAGACTCATGACTGTAACATTTCATGTGTAAAATAACTGGATATTCTTCATATGATGGAAATAACC	102790513	102748468	42045	102790710	42242
ENSMUST00000095737	ATAAAGGTCAATAAAGATGGAGGAAGTACCGAGAGGGCCAATCCCTCGGACACCCTGGACATTGAGGCCCTTCTAAATTGCTCCATAAAACGTCTCTCTGAAAACAATGGGAATGGCAAGAACCCACCCAGAACTCATGACTTAGGAACCAAAGGTGAAAATAAGAAAAATACGTACGACGTTACTAAAGATCCACA	53141277	53025720	115557	53141474	115754
ENSMUST00000095737	ATAAAGGTCAATAAAGATGGAGGAAGTACCGAGAGGGCCAATCCCTCGGACACCCTGGACATTGAGGCCCTTCTAAATTGCTCCATAAAACGTCTCTCTGAAAACAATGGGAATGGCAAGAACCCACCCAGAACTCATGACTTAGGAACCAAAGGTGAAAATAAGAAAAATACGTACGACGTTACTAAAGATCCACA	53141277	53104514	36763	53141474	36960
ENSMUST00000026292	CGGGAACGGGGCAGTAAGCAGGCCTGCAGCCCATGCTCCTCACAGTCCTCCAGCAGTGGCATCTGTACAGACTTCTGGGACTTATTGGTAAAACTGGACAACATGAATGTTAGCCGAAAAGGCAAGAACTCCGTGAAGTCAGTACCAGTGAGCTCTGGTGGTGAAGGGGAAACTTCCCCACACAGCCTTGAAGCCTCT	151919699	151806719	112980	151919897	113178
ENSMUST00000110082	AAGGATGGGAATGGTTACATCAGTGCGGCAGAACTGCGCCACGTCATGACAAACTTAGGAGAAAAGCTAACAGATGAAGAAGTAGATGAAATGATCAGAGAAGCAGATATTGATGGCGACGGACAAGTCAACTATGAAGAATTCGTACAGATGATGACTGCAAAATGAAGACCTACTTTCAACTACTTTTCCCCCTCTA	100206099	100203574	2525	100206465	2891
ENSMUST00000110082	AAGGATGGGAATGGTTACATCAGTGCGGCAGAACTGCGCCACGTCATGACAAACTTAGGAGAAAAGCTAACAGATGAAGAAGTAGATGAAATGATCAGAGAAGCAGATATTGATGGCGACGGACAAGTCAACTATGAAGAATTCGTACAGATGATGACTGCAAAATGAAGACCTACTTTCAACTACTTTTCCCCCTCTA	100206099	100203574	2525	100206465	2891
ENSMUST00000079362	CAACTAAGTCCTCCGGTTCTGGGAAAATGTCATATACATCCCCAGGTAGACAGCTGAGCCAACAAAATCTTACCAAACAAGCAAGTTTATCCAAGAATGCCAGCAGTATCCCCAGAAGTGAGTCGGCATCTAAAGGACTGAATCAGATGAGTAACGGCAATGGGTCAAATAAAAAGGTAGAACTTTCTAGAATGTCTTC	34317131	34279268	37863	34317330	38062
ENSMUST00000079362	CAACTAAGTCCTCCGGTTCTGGGAAAATGTCATATACATCCCCAGGTAGACAGCTGAGCCAACAAAATCTTACCAAACAAGCAAGTTTATCCAAGAATGCCAGCAGTATCCCCAGAAGTGAGTCGGCATCTAAAGGACTGAATCAGATGAGTAACGGCAATGGGTCAAATAAAAAGGTAGAACTTTCTAGAATGTCTTC	34317131	34282006	35125	34317330	35324
ENSMUST00000079362	CAACTAAGTCCTCCGGTTCTGGGAAAATGTCATATACATCCCCAGGTAGACAGCTGAGCCAACAAAATCTTACCAAACAAGCAAGTTTATCCAAGAATGCCAGCAGTATCCCCAGAAGTGAGTCGGCATCTAAAGGACTGAATCAGATGAGTAACGGCAATGGGTCAAATAAAAAGGTAGAACTTTCTAGAATGTCTTC	34317131	34289837	27294	34317330	27493
ENSMUST00000110082	CATTGCATTGGAGTGACTGAACAACAAGGCTGTCACCAAATCCCACACATTTTATTAAGAAATGTTTCCTAAGGGAGCATTTTTGGACTGTGTTTTAAAACCTAGTGAACCATGACTCGGAGCCAGCAGAGTAGGCTGTGTCTGTGGACTTGAGCACACCATCAACATTGCTGTTCAGGAAATGATAATTTACGTCCATTCC	100207059	100203574	3485	100207261	3687
ENSMUST00000081728	CAGCCAGCGAGTACACCATGCACCTGGGCCTCAAGTCCACTGGCAACTATGTCGACTTCTACTCTGCAGCCCGTCCTTACAGTGAACTGAACTATGAAACGAGCCACTACCCGGCCTCGCCCGACTCCTGGGTGTAAGGAGCCAGGACACGAGGCACTCCGGGGACAGTGCATGTGCATGCATACACCACAGGACATTTTGTT	31027558	30332009	695549	31027761	695752
ENSMUST00000081728	CAGCCAGCGAGTACACCATGCACCTGGGCCTCAAGTCCACTGGCAACTATGTCGACTTCTACTCTGCAGCCCGTCCTTACAGTGAACTGAACTATGAAACGAGCCACTACCCGGCCTCGCCCGACTCCTGGGTGTAAGGAGCCAGGACACGAGGCACTCCGGGGACAGTGCATGTGCATGCATACACCACAGGACATTTTGTT	31027558	30480781	546777	31027761	546980
ENSMUST00000081728	CAGCCAGCGAGTACACCATGCACCTGGGCCTCAAGTCCACTGGCAACTATGTCGACTTCTACTCTGCAGCCCGTCCTTACAGTGAACTGAACTATGAAACGAGCCACTACCCGGCCTCGCCCGACTCCTGGGTGTAAGGAGCCAGGACACGAGGCACTCCGGGGACAGTGCATGTGCATGCATACACCACAGGACATTTTGTT	31027558	30905659	121899	31027761	122102
ENSMUST00000238468	CTACCATGGAGTGACACTGGATATAGAAACTACCGTTAACAGCAGACTCCATGGCTCAGACTTCCAATACAATATGAACTCAGTTGCAATTTTTTGCAAGGTTTTTCGACTCATAGTTCTTTGTCTGGGTACTTTTTCACCCTACAGAGAATTTCTGTATATATTATCGTTTCTGATTCTAGTGTTTTGAATTTTCGCTGGGTCT	109661023	109606213	54810	109661228	55015
ENSMUST00000238468	CTACCATGGAGTGACACTGGATATAGAAACTACCGTTAACAGCAGACTCCATGGCTCAGACTTCCAATACAATATGAACTCAGTTGCAATTTTTTGCAAGGTTTTTCGACTCATAGTTCTTTGTCTGGGTACTTTTTCACCCTACAGAGAATTTCTGTATATATTATCGTTTCTGATTCTAGTGTTTTGAATTTTCGCTGGGTCT	109661023	109637838	23185	109661228	23390
ENSMUST00000238468	CTACCATGGAGTGACACTGGATATAGAAACTACCGTTAACAGCAGACTCCATGGCTCAGACTTCCAATACAATATGAACTCAGTTGCAATTTTTTGCAAGGTTTTTCGACTCATAGTTCTTTGTCTGGGTACTTTTTCACCCTACAGAGAATTTCTGTATATATTATCGTTTCTGATTCTAGTGTTTTGAATTTTCGCTGGGTCT	109661023	109637838	23185	109661228	23390
ENSMUST00000238468	CTACCATGGAGTGACACTGGATATAGAAACTACCGTTAACAGCAGACTCCATGGCTCAGACTTCCAATACAATATGAACTCAGTTGCAATTTTTTGCAAGGTTTTTCGACTCATAGTTCTTTGTCTGGGTACTTTTTCACCCTACAGAGAATTTCTGTATATATTATCGTTTCTGATTCTAGTGTTTTGAATTTTCGCTGGGTCT	109661023	109640266	20757	109661228	20962
ENSMUST00000238468	CTACCATGGAGTGACACTGGATATAGAAACTACCGTTAACAGCAGACTCCATGGCTCAGACTTCCAATACAATATGAACTCAGTTGCAATTTTTTGCAAGGTTTTTCGACTCATAGTTCTTTGTCTGGGTACTTTTTCACCCTACAGAGAATTTCTGTATATATTATCGTTTCTGATTCTAGTGTTTTGAATTTTCGCTGGGTCT	109661023	109640266	20757	109661228	20962
ENSMUST00000238468	CTACCATGGAGTGACACTGGATATAGAAACTACCGTTAACAGCAGACTCCATGGCTCAGACTTCCAATACAATATGAACTCAGTTGCAATTTTTTGCAAGGTTTTTCGACTCATAGTTCTTTGTCTGGGTACTTTTTCACCCTACAGAGAATTTCTGTATATATTATCGTTTCTGATTCTAGTGTTTTGAATTTTCGCTGGGTCT	109661023	109642564	18459	109661228	18664
ENSMUST00000238468	CTACCATGGAGTGACACTGGATATAGAAACTACCGTTAACAGCAGACTCCATGGCTCAGACTTCCAATACAATATGAACTCAGTTGCAATTTTTTGCAAGGTTTTTCGACTCATAGTTCTTTGTCTGGGTACTTTTTCACCCTACAGAGAATTTCTGTATATATTATCGTTTCTGATTCTAGTGTTTTGAATTTTCGCTGGGTCT	109661023	109650840	10183	109661228	10388
ENSMUST00000238468	CTACCATGGAGTGACACTGGATATAGAAACTACCGTTAACAGCAGACTCCATGGCTCAGACTTCCAATACAATATGAACTCAGTTGCAATTTTTTGCAAGGTTTTTCGACTCATAGTTCTTTGTCTGGGTACTTTTTCACCCTACAGAGAATTTCTGTATATATTATCGTTTCTGATTCTAGTGTTTTGAATTTTCGCTGGGTCT	109661023	109651012	10011	109661228	10216
ENSMUST00000238468	CTACCATGGAGTGACACTGGATATAGAAACTACCGTTAACAGCAGACTCCATGGCTCAGACTTCCAATACAATATGAACTCAGTTGCAATTTTTTGCAAGGTTTTTCGACTCATAGTTCTTTGTCTGGGTACTTTTTCACCCTACAGAGAATTTCTGTATATATTATCGTTTCTGATTCTAGTGTTTTGAATTTTCGCTGGGTCT	109661023	109655848	5175	109661228	5380
ENSMUST00000238468	CTACCATGGAGTGACACTGGATATAGAAACTACCGTTAACAGCAGACTCCATGGCTCAGACTTCCAATACAATATGAACTCAGTTGCAATTTTTTGCAAGGTTTTTCGACTCATAGTTCTTTGTCTGGGTACTTTTTCACCCTACAGAGAATTTCTGTATATATTATCGTTTCTGATTCTAGTGTTTTGAATTTTCGCTGGGTCT	109661023	109655848	5175	109661228	5380
ENSMUST00000238468	CTACCATGGAGTGACACTGGATATAGAAACTACCGTTAACAGCAGACTCCATGGCTCAGACTTCCAATACAATATGAACTCAGTTGCAATTTTTTGCAAGGTTTTTCGACTCATAGTTCTTTGTCTGGGTACTTTTTCACCCTACAGAGAATTTCTGTATATATTATCGTTTCTGATTCTAGTGTTTTGAATTTTCGCTGGGTCT	109661023	109656787	4236	109661228	4441
ENSMUST00000238468	CTACCATGGAGTGACACTGGATATAGAAACTACCGTTAACAGCAGACTCCATGGCTCAGACTTCCAATACAATATGAACTCAGTTGCAATTTTTTGCAAGGTTTTTCGACTCATAGTTCTTTGTCTGGGTACTTTTTCACCCTACAGAGAATTTCTGTATATATTATCGTTTCTGATTCTAGTGTTTTGAATTTTCGCTGGGTCT	109661023	109656787	4236	109661228	4441
ENSMUST00000238468	CTACCATGGAGTGACACTGGATATAGAAACTACCGTTAACAGCAGACTCCATGGCTCAGACTTCCAATACAATATGAACTCAGTTGCAATTTTTTGCAAGGTTTTTCGACTCATAGTTCTTTGTCTGGGTACTTTTTCACCCTACAGAGAATTTCTGTATATATTATCGTTTCTGATTCTAGTGTTTTGAATTTTCGCTGGGTCT	109661023	109656787	4236	109661228	4441
ENSMUST00000238468	CTACCATGGAGTGACACTGGATATAGAAACTACCGTTAACAGCAGACTCCATGGCTCAGACTTCCAATACAATATGAACTCAGTTGCAATTTTTTGCAAGGTTTTTCGACTCATAGTTCTTTGTCTGGGTACTTTTTCACCCTACAGAGAATTTCTGTATATATTATCGTTTCTGATTCTAGTGTTTTGAATTTTCGCTGGGTCT	109661023	109658052	2971	109661228	3176
ENSMUST00000238468	CTACCATGGAGTGACACTGGATATAGAAACTACCGTTAACAGCAGACTCCATGGCTCAGACTTCCAATACAATATGAACTCAGTTGCAATTTTTTGCAAGGTTTTTCGACTCATAGTTCTTTGTCTGGGTACTTTTTCACCCTACAGAGAATTTCTGTATATATTATCGTTTCTGATTCTAGTGTTTTGAATTTTCGCTGGGTCT	109661023	109658052	2971	109661228	3176
ENSMUST00000032192	CACTGCAGTTTCTGGACTGTATTTGTGGGAGCACAACCGGAGGCCTTGGTCTTCTTGGACTGTACATAAATGAAAAGAATGTAGCACTTATCAACCAAACCCTGGAGAGTCTGACGGAGTACTGTCAAGGGCCTTGCCATGAGAACCAGAACTGCATCGCCACCCACGAGTCCAATGGCATCGATATCATCACAGCCCTCATCCTCAAT	108481321	108236977	244344	108483004	246027
ENSMUST00000032192	CACTGCAGTTTCTGGACTGTATTTGTGGGAGCACAACCGGAGGCCTTGGTCTTCTTGGACTGTACATAAATGAAAAGAATGTAGCACTTATCAACCAAACCCTGGAGAGTCTGACGGAGTACTGTCAAGGGCCTTGCCATGAGAACCAGAACTGCATCGCCACCCACGAGTCCAATGGCATCGATATCATCACAGCCCTCATCCTCAAT	108481321	108523287	-41966	108483004	-40283
ENSMUST00000032192	CACTGCAGTTTCTGGACTGTATTTGTGGGAGCACAACCGGAGGCCTTGGTCTTCTTGGACTGTACATAAATGAAAAGAATGTAGCACTTATCAACCAAACCCTGGAGAGTCTGACGGAGTACTGTCAAGGGCCTTGCCATGAGAACCAGAACTGCATCGCCACCCACGAGTCCAATGGCATCGATATCATCACAGCCCTCATCCTCAAT	108481321	108236977	244344	108483004	246027
ENSMUST00000032192	CACTGCAGTTTCTGGACTGTATTTGTGGGAGCACAACCGGAGGCCTTGGTCTTCTTGGACTGTACATAAATGAAAAGAATGTAGCACTTATCAACCAAACCCTGGAGAGTCTGACGGAGTACTGTCAAGGGCCTTGCCATGAGAACCAGAACTGCATCGCCACCCACGAGTCCAATGGCATCGATATCATCACAGCCCTCATCCTCAAT	108481321	108523287	-41966	108483004	-40283
ENSMUST00000032192	CACTGCAGTTTCTGGACTGTATTTGTGGGAGCACAACCGGAGGCCTTGGTCTTCTTGGACTGTACATAAATGAAAAGAATGTAGCACTTATCAACCAAACCCTGGAGAGTCTGACGGAGTACTGTCAAGGGCCTTGCCATGAGAACCAGAACTGCATCGCCACCCACGAGTCCAATGGCATCGATATCATCACAGCCCTCATCCTCAAT	108481321	108236977	244344	108483004	246027
ENSMUST00000032192	CACTGCAGTTTCTGGACTGTATTTGTGGGAGCACAACCGGAGGCCTTGGTCTTCTTGGACTGTACATAAATGAAAAGAATGTAGCACTTATCAACCAAACCCTGGAGAGTCTGACGGAGTACTGTCAAGGGCCTTGCCATGAGAACCAGAACTGCATCGCCACCCACGAGTCCAATGGCATCGATATCATCACAGCCCTCATCCTCAAT	108481321	108523287	-41966	108483004	-40283
ENSMUST00000095737	CCTGGTACGGCTCTGATGAATACCTAGCGCTGCCATCTCACCTCAAACAAACGGAGGTGTTAGCTCTGAAACTGGAGAACCTAACCAAGCTTCTACCCCAGAAACCCAGAGGAGAGACTATCCAGGATATTGATGACTGGGAACTGTCTGAGATGAATTCAGACTCTGAAATCTATCCAACGTACCATATCAAGAAAAAACACACAAGGCTAGGC	52887588	53025720	-138132	52887803	-137917
ENSMUST00000095737	CCTGGTACGGCTCTGATGAATACCTAGCGCTGCCATCTCACCTCAAACAAACGGAGGTGTTAGCTCTGAAACTGGAGAACCTAACCAAGCTTCTACCCCAGAAACCCAGAGGAGAGACTATCCAGGATATTGATGACTGGGAACTGTCTGAGATGAATTCAGACTCTGAAATCTATCCAACGTACCATATCAAGAAAAAACACACAAGGCTAGGC	52887588	53104514	-216926	52887803	-216711
ENSMUST00000095737	CCTGGTACGGCTCTGATGAATACCTAGCGCTGCCATCTCACCTCAAACAAACGGAGGTGTTAGCTCTGAAACTGGAGAACCTAACCAAGCTTCTACCCCAGAAACCCAGAGGAGAGACTATCCAGGATATTGATGACTGGGAACTGTCTGAGATGAATTCAGACTCTGAAATCTATCCAACGTACCATATCAAGAAAAAACACACAAGGCTAGGC	52887588	53025720	-138132	52887803	-137917
ENSMUST00000095737	CCTGGTACGGCTCTGATGAATACCTAGCGCTGCCATCTCACCTCAAACAAACGGAGGTGTTAGCTCTGAAACTGGAGAACCTAACCAAGCTTCTACCCCAGAAACCCAGAGGAGAGACTATCCAGGATATTGATGACTGGGAACTGTCTGAGATGAATTCAGACTCTGAAATCTATCCAACGTACCATATCAAGAAAAAACACACAAGGCTAGGC	52887588	53104514	-216926	52887803	-216711
ENSMUST00000221675	GGAACTACGTTGACGTGGACCCAACTTTTAACCCAAACATTGATGAGGACTATGACCACCGGCTGGCAGGCATATCTCGGGAGAGCTTCTGTGTGATTTACCTCAGCTGGATAGAGTACTGCTCTTCCCGGAGAGCAAAGCCACTTGATGTAGATAAAGATTCATCTCTGGTGACTCTTTGTTATGGACTCTGTGTTCTGGGACGAAGAGCTTTGGGAACAGCCTCCCACC	81983579	81894982	88597	81987905	92923
ENSMUST00000221675	GGAACTACGTTGACGTGGACCCAACTTTTAACCCAAACATTGATGAGGACTATGACCACCGGCTGGCAGGCATATCTCGGGAGAGCTTCTGTGTGATTTACCTCAGCTGGATAGAGTACTGCTCTTCCCGGAGAGCAAAGCCACTTGATGTAGATAAAGATTCATCTCTGGTGACTCTTTGTTATGGACTCTGTGTTCTGGGACGAAGAGCTTTGGGAACAGCCTCCCACC	81983579	81928241	55338	81987905	59664
ENSMUST00000110639	GACCCAGTCCCCAAGTCCCCATCACCCCATGCCTGTGGGCCACCCTTCACTGTGGCCTGAAACTGAGGCGCATAGCAGCCTTTCCTCAGACTCTCACCTAGGACCTGTCCGACCAAGTTTGGACTTCCCTGCTTCAGCCTTTGGCTTCTCCTCCTTGCAGCCTGCTCCCCCTCAGCTGCCCTCTCCGGCTGAACCCCGCTCCGCACCCTGTGGCTCTCTTGCCTTCTCTGGGGACC	121305706	121298596	7110	121305942	7346
ENSMUST00000005220	ATGTTGAATGAAACCATGAACGAGGCCCCTGAAGAAACTAAGATCGTTATCAAGAAGGGCCTGGAGTTCAAGGACGGGATGAACGTCTTAGGTCTGATCGGATTCTTTATTGCTTTCGGCATTGCCATGGGGAAGATGGGTGAACAGGCCAAGCTGATGGTGGAGTTCTTCAACATTCTGAATGAGATCGTGATGAAGTTAGTGATCATGATCATGTGGTACTCCCCTCTGGGTATC	102743887	102748468	-4581	102755932	7464
ENSMUST00000079362	TTCTATGCATTAAGAGTAAAATTTCCTCTTGCTGTAATAAAGACAATTGAAGAAGATTGTTGACACTTAACCATTCCTAAAATTTATTTTTATGTAATTAGCACCTCTCAATGCTTGGTATTTTTCCACTTTTTTTCTTACTCCTTGGGGGTTTGATTAAAACAAATGCCTATAATAGCACAAGACTAGGCACTGGACATAAGGGCCCACATAGAATATCTCCTTTTCCTTAATAGAATCC	34319520	34279268	40252	34319761	40493
ENSMUST00000079362	TTCTATGCATTAAGAGTAAAATTTCCTCTTGCTGTAATAAAGACAATTGAAGAAGATTGTTGACACTTAACCATTCCTAAAATTTATTTTTATGTAATTAGCACCTCTCAATGCTTGGTATTTTTCCACTTTTTTTCTTACTCCTTGGGGGTTTGATTAAAACAAATGCCTATAATAGCACAAGACTAGGCACTGGACATAAGGGCCCACATAGAATATCTCCTTTTCCTTAATAGAATCC	34319520	34282006	37514	34319761	37755
ENSMUST00000079362	TTCTATGCATTAAGAGTAAAATTTCCTCTTGCTGTAATAAAGACAATTGAAGAAGATTGTTGACACTTAACCATTCCTAAAATTTATTTTTATGTAATTAGCACCTCTCAATGCTTGGTATTTTTCCACTTTTTTTCTTACTCCTTGGGGGTTTGATTAAAACAAATGCCTATAATAGCACAAGACTAGGCACTGGACATAAGGGCCCACATAGAATATCTCCTTTTCCTTAATAGAATCC	34319520	34289837	29683	34319761	29924
ENSMUST00000105616	CCCTCATAGCAGTAGTGGCTTCGCCATTCTGTTTTCTGCAGTGTCCTGTACAAAACTGTGCTGTGACTGTGCGGTAGGCCTGGACATGGCAAAGAGAATACAGCGAAGCCCCTTCTCTTCCTACCAAACAACTCTGTAGAGCTCTCTGCACCCTGTACCCTTTTCACCTTTTGTATTTAATTTTAAAGTCAGTGTACTGCAAGGAGGCTGGATGCAAGATAGATACTATATTAAACTGTACT	155559000	155527412	31588	155559242	31830
ENSMUST00000105616	CCCTCATAGCAGTAGTGGCTTCGCCATTCTGTTTTCTGCAGTGTCCTGTACAAAACTGTGCTGTGACTGTGCGGTAGGCCTGGACATGGCAAAGAGAATACAGCGAAGCCCCTTCTCTTCCTACCAAACAACTCTGTAGAGCTCTCTGCACCCTGTACCCTTTTCACCTTTTGTATTTAATTTTAAAGTCAGTGTACTGCAAGGAGGCTGGATGCAAGATAGATACTATATTAAACTGTACT	155559000	155527412	31588	155559242	31830
ENSMUST00000105616	CCCTCATAGCAGTAGTGGCTTCGCCATTCTGTTTTCTGCAGTGTCCTGTACAAAACTGTGCTGTGACTGTGCGGTAGGCCTGGACATGGCAAAGAGAATACAGCGAAGCCCCTTCTCTTCCTACCAAACAACTCTGTAGAGCTCTCTGCACCCTGTACCCTTTTCACCTTTTGTATTTAATTTTAAAGTCAGTGTACTGCAAGGAGGCTGGATGCAAGATAGATACTATATTAAACTGTACT	155559000	155533696	25304	155559242	25546
ENSMUST00000003710	ATTCCTGATAACTCTCGTTATTCTCAAGATATGCACTGCCTTATTAGGTATATGTTGGAACCAGACCCTGACAAAAGGCCGGATATTTACCAGGTTTCATACTTCTCATTTAAACTACTCAAGAAAGAATGCCCCGTTCCAAATGTACAGAACTCTCCCATTCCTGCAAAACTTCCTGAACCAGTGAAAGCCAGTGAAGCAGCTGTGAAAAAGACCCAGCCAAAGGCCAGACTGACCGATCC	86946954	86946860	94	86955125	8265
ENSMUST00000003710	ATTCCTGATAACTCTCGTTATTCTCAAGATATGCACTGCCTTATTAGGTATATGTTGGAACCAGACCCTGACAAAAGGCCGGATATTTACCAGGTTTCATACTTCTCATTTAAACTACTCAAGAAAGAATGCCCCGTTCCAAATGTACAGAACTCTCCCATTCCTGCAAAACTTCCTGAACCAGTGAAAGCCAGTGAAGCAGCTGTGAAAAAGACCCAGCCAAAGGCCAGACTGACCGATCC	86946954	86967268	-20314	86955125	-12143
ENSMUST00000003710	ATTCCTGATAACTCTCGTTATTCTCAAGATATGCACTGCCTTATTAGGTATATGTTGGAACCAGACCCTGACAAAAGGCCGGATATTTACCAGGTTTCATACTTCTCATTTAAACTACTCAAGAAAGAATGCCCCGTTCCAAATGTACAGAACTCTCCCATTCCTGCAAAACTTCCTGAACCAGTGAAAGCCAGTGAAGCAGCTGTGAAAAAGACCCAGCCAAAGGCCAGACTGACCGATCC	86946954	86967268	-20314	86955125	-12143
ENSMUST00000003710	ATTCCTGATAACTCTCGTTATTCTCAAGATATGCACTGCCTTATTAGGTATATGTTGGAACCAGACCCTGACAAAAGGCCGGATATTTACCAGGTTTCATACTTCTCATTTAAACTACTCAAGAAAGAATGCCCCGTTCCAAATGTACAGAACTCTCCCATTCCTGCAAAACTTCCTGAACCAGTGAAAGCCAGTGAAGCAGCTGTGAAAAAGACCCAGCCAAAGGCCAGACTGACCGATCC	86946954	86970990	-24036	86955125	-15865
ENSMUST00000003710	ATTCCTGATAACTCTCGTTATTCTCAAGATATGCACTGCCTTATTAGGTATATGTTGGAACCAGACCCTGACAAAAGGCCGGATATTTACCAGGTTTCATACTTCTCATTTAAACTACTCAAGAAAGAATGCCCCGTTCCAAATGTACAGAACTCTCCCATTCCTGCAAAACTTCCTGAACCAGTGAAAGCCAGTGAAGCAGCTGTGAAAAAGACCCAGCCAAAGGCCAGACTGACCGATCC	86946954	86946860	94	86955125	8265
ENSMUST00000003710	ATTCCTGATAACTCTCGTTATTCTCAAGATATGCACTGCCTTATTAGGTATATGTTGGAACCAGACCCTGACAAAAGGCCGGATATTTACCAGGTTTCATACTTCTCATTTAAACTACTCAAGAAAGAATGCCCCGTTCCAAATGTACAGAACTCTCCCATTCCTGCAAAACTTCCTGAACCAGTGAAAGCCAGTGAAGCAGCTGTGAAAAAGACCCAGCCAAAGGCCAGACTGACCGATCC	86946954	86967268	-20314	86955125	-12143
ENSMUST00000003710	ATTCCTGATAACTCTCGTTATTCTCAAGATATGCACTGCCTTATTAGGTATATGTTGGAACCAGACCCTGACAAAAGGCCGGATATTTACCAGGTTTCATACTTCTCATTTAAACTACTCAAGAAAGAATGCCCCGTTCCAAATGTACAGAACTCTCCCATTCCTGCAAAACTTCCTGAACCAGTGAAAGCCAGTGAAGCAGCTGTGAAAAAGACCCAGCCAAAGGCCAGACTGACCGATCC	86946954	86967268	-20314	86955125	-12143
ENSMUST00000003710	ATTCCTGATAACTCTCGTTATTCTCAAGATATGCACTGCCTTATTAGGTATATGTTGGAACCAGACCCTGACAAAAGGCCGGATATTTACCAGGTTTCATACTTCTCATTTAAACTACTCAAGAAAGAATGCCCCGTTCCAAATGTACAGAACTCTCCCATTCCTGCAAAACTTCCTGAACCAGTGAAAGCCAGTGAAGCAGCTGTGAAAAAGACCCAGCCAAAGGCCAGACTGACCGATCC	86946954	86970990	-24036	86955125	-15865
ENSMUST00000171187	AGTTATGGAAGAAGTATCAGCCATTCATACCTCCCAGGACGACAGAAGTTCTGCTTCTACCACCGAGTTCCATTGTGTGGCAGACGACAGGAGTGCGGCACGAAGAAGCTCTGCCTCCCACACACACTCAAACACATACAACTTCACTAAGTCGGAAAATTCAAATAGGACATGCTCTATGCCTTATGCCAAAGTGGAATATAAACGATCTTCAAATGACAGTTTAAATAGTGTCACTAGTAGTGATG	34312726	34279268	33458	34312974	33706
ENSMUST00000171187	AGTTATGGAAGAAGTATCAGCCATTCATACCTCCCAGGACGACAGAAGTTCTGCTTCTACCACCGAGTTCCATTGTGTGGCAGACGACAGGAGTGCGGCACGAAGAAGCTCTGCCTCCCACACACACTCAAACACATACAACTTCACTAAGTCGGAAAATTCAAATAGGACATGCTCTATGCCTTATGCCAAAGTGGAATATAAACGATCTTCAAATGACAGTTTAAATAGTGTCACTAGTAGTGATG	34312726	34282006	30720	34312974	30968
ENSMUST00000171187	AGTTATGGAAGAAGTATCAGCCATTCATACCTCCCAGGACGACAGAAGTTCTGCTTCTACCACCGAGTTCCATTGTGTGGCAGACGACAGGAGTGCGGCACGAAGAAGCTCTGCCTCCCACACACACTCAAACACATACAACTTCACTAAGTCGGAAAATTCAAATAGGACATGCTCTATGCCTTATGCCAAAGTGGAATATAAACGATCTTCAAATGACAGTTTAAATAGTGTCACTAGTAGTGATG	34312726	34289837	22889	34312974	23137
ENSMUST00000113462	AGGTGTCCGGCCTCTACTACAATGGGCTCAAGGTACTGGCGCTGGCCGCCGAGAGCGACCCCAATGTGCGGACCGAAGGCCACCTACGGCTAGTAGGGGAGGGGCCGTCCGTGCTGCTCAGTGCTGAGACCACTGCCACCACTCTGCTGGCCGACATGGCCACCACCATCATGGAGACCACCACCACCATGGCCACCACCACTACTCGCCGGGGCCGTTCCCCCACAATGAGGGACAGCACCACCCAGA	6517021	6443630	73391	6519271	75641
ENSMUST00000113462	AGGTGTCCGGCCTCTACTACAATGGGCTCAAGGTACTGGCGCTGGCCGCCGAGAGCGACCCCAATGTGCGGACCGAAGGCCACCTACGGCTAGTAGGGGAGGGGCCGTCCGTGCTGCTCAGTGCTGAGACCACTGCCACCACTCTGCTGGCCGACATGGCCACCACCATCATGGAGACCACCACCACCATGGCCACCACCACTACTCGCCGGGGCCGTTCCCCCACAATGAGGGACAGCACCACCCAGA	6517021	6448254	68767	6519271	71017
ENSMUST00000113462	AGGTGTCCGGCCTCTACTACAATGGGCTCAAGGTACTGGCGCTGGCCGCCGAGAGCGACCCCAATGTGCGGACCGAAGGCCACCTACGGCTAGTAGGGGAGGGGCCGTCCGTGCTGCTCAGTGCTGAGACCACTGCCACCACTCTGCTGGCCGACATGGCCACCACCATCATGGAGACCACCACCACCATGGCCACCACCACTACTCGCCGGGGCCGTTCCCCCACAATGAGGGACAGCACCACCCAGA	6517021	6448254	68767	6519271	71017
ENSMUST00000113462	AGGTGTCCGGCCTCTACTACAATGGGCTCAAGGTACTGGCGCTGGCCGCCGAGAGCGACCCCAATGTGCGGACCGAAGGCCACCTACGGCTAGTAGGGGAGGGGCCGTCCGTGCTGCTCAGTGCTGAGACCACTGCCACCACTCTGCTGGCCGACATGGCCACCACCATCATGGAGACCACCACCACCATGGCCACCACCACTACTCGCCGGGGCCGTTCCCCCACAATGAGGGACAGCACCACCCAGA	6517021	6448254	68767	6519271	71017
ENSMUST00000113462	AGGTGTCCGGCCTCTACTACAATGGGCTCAAGGTACTGGCGCTGGCCGCCGAGAGCGACCCCAATGTGCGGACCGAAGGCCACCTACGGCTAGTAGGGGAGGGGCCGTCCGTGCTGCTCAGTGCTGAGACCACTGCCACCACTCTGCTGGCCGACATGGCCACCACCATCATGGAGACCACCACCACCATGGCCACCACCACTACTCGCCGGGGCCGTTCCCCCACAATGAGGGACAGCACCACCCAGA	6517021	6454978	62043	6519271	64293
ENSMUST00000113462	AGGTGTCCGGCCTCTACTACAATGGGCTCAAGGTACTGGCGCTGGCCGCCGAGAGCGACCCCAATGTGCGGACCGAAGGCCACCTACGGCTAGTAGGGGAGGGGCCGTCCGTGCTGCTCAGTGCTGAGACCACTGCCACCACTCTGCTGGCCGACATGGCCACCACCATCATGGAGACCACCACCACCATGGCCACCACCACTACTCGCCGGGGCCGTTCCCCCACAATGAGGGACAGCACCACCCAGA	6517021	6516922	99	6519271	2349
ENSMUST00000113462	AGGTGTCCGGCCTCTACTACAATGGGCTCAAGGTACTGGCGCTGGCCGCCGAGAGCGACCCCAATGTGCGGACCGAAGGCCACCTACGGCTAGTAGGGGAGGGGCCGTCCGTGCTGCTCAGTGCTGAGACCACTGCCACCACTCTGCTGGCCGACATGGCCACCACCATCATGGAGACCACCACCACCATGGCCACCACCACTACTCGCCGGGGCCGTTCCCCCACAATGAGGGACAGCACCACCCAGA	6517021	6516922	99	6519271	2349
ENSMUST00000113462	AGGTGTCCGGCCTCTACTACAATGGGCTCAAGGTACTGGCGCTGGCCGCCGAGAGCGACCCCAATGTGCGGACCGAAGGCCACCTACGGCTAGTAGGGGAGGGGCCGTCCGTGCTGCTCAGTGCTGAGACCACTGCCACCACTCTGCTGGCCGACATGGCCACCACCATCATGGAGACCACCACCACCATGGCCACCACCACTACTCGCCGGGGCCGTTCCCCCACAATGAGGGACAGCACCACCCAGA	6517021	6443630	73391	6519271	75641
ENSMUST00000113462	AGGTGTCCGGCCTCTACTACAATGGGCTCAAGGTACTGGCGCTGGCCGCCGAGAGCGACCCCAATGTGCGGACCGAAGGCCACCTACGGCTAGTAGGGGAGGGGCCGTCCGTGCTGCTCAGTGCTGAGACCACTGCCACCACTCTGCTGGCCGACATGGCCACCACCATCATGGAGACCACCACCACCATGGCCACCACCACTACTCGCCGGGGCCGTTCCCCCACAATGAGGGACAGCACCACCCAGA	6517021	6448254	68767	6519271	71017
ENSMUST00000113462	AGGTGTCCGGCCTCTACTACAATGGGCTCAAGGTACTGGCGCTGGCCGCCGAGAGCGACCCCAATGTGCGGACCGAAGGCCACCTACGGCTAGTAGGGGAGGGGCCGTCCGTGCTGCTCAGTGCTGAGACCACTGCCACCACTCTGCTGGCCGACATGGCCACCACCATCATGGAGACCACCACCACCATGGCCACCACCACTACTCGCCGGGGCCGTTCCCCCACAATGAGGGACAGCACCACCCAGA	6517021	6448254	68767	6519271	71017
ENSMUST00000113462	AGGTGTCCGGCCTCTACTACAATGGGCTCAAGGTACTGGCGCTGGCCGCCGAGAGCGACCCCAATGTGCGGACCGAAGGCCACCTACGGCTAGTAGGGGAGGGGCCGTCCGTGCTGCTCAGTGCTGAGACCACTGCCACCACTCTGCTGGCCGACATGGCCACCACCATCATGGAGACCACCACCACCATGGCCACCACCACTACTCGCCGGGGCCGTTCCCCCACAATGAGGGACAGCACCACCCAGA	6517021	6448254	68767	6519271	71017
ENSMUST00000113462	AGGTGTCCGGCCTCTACTACAATGGGCTCAAGGTACTGGCGCTGGCCGCCGAGAGCGACCCCAATGTGCGGACCGAAGGCCACCTACGGCTAGTAGGGGAGGGGCCGTCCGTGCTGCTCAGTGCTGAGACCACTGCCACCACTCTGCTGGCCGACATGGCCACCACCATCATGGAGACCACCACCACCATGGCCACCACCACTACTCGCCGGGGCCGTTCCCCCACAATGAGGGACAGCACCACCCAGA	6517021	6454978	62043	6519271	64293
ENSMUST00000113462	AGGTGTCCGGCCTCTACTACAATGGGCTCAAGGTACTGGCGCTGGCCGCCGAGAGCGACCCCAATGTGCGGACCGAAGGCCACCTACGGCTAGTAGGGGAGGGGCCGTCCGTGCTGCTCAGTGCTGAGACCACTGCCACCACTCTGCTGGCCGACATGGCCACCACCATCATGGAGACCACCACCACCATGGCCACCACCACTACTCGCCGGGGCCGTTCCCCCACAATGAGGGACAGCACCACCCAGA	6517021	6516922	99	6519271	2349
ENSMUST00000113462	AGGTGTCCGGCCTCTACTACAATGGGCTCAAGGTACTGGCGCTGGCCGCCGAGAGCGACCCCAATGTGCGGACCGAAGGCCACCTACGGCTAGTAGGGGAGGGGCCGTCCGTGCTGCTCAGTGCTGAGACCACTGCCACCACTCTGCTGGCCGACATGGCCACCACCATCATGGAGACCACCACCACCATGGCCACCACCACTACTCGCCGGGGCCGTTCCCCCACAATGAGGGACAGCACCACCCAGA	6517021	6516922	99	6519271	2349
ENSMUST00000028102	GAGTTTTAAACAACTGTTGAGTAAGGACCAGATAACTGCCAAAGGAAACACTGGTCTGTGAAGTCTGCTTATTTACTGAGAACTGTGTATCAACTTTTAAACACTTCCCATGTGTGCAGATAAAAGGGGAATAGGGCTTTCTGTAGAATTCTATCTGTCTAGTTTGTAAAGTGTCATGTGTACTGCAGATGTCTGTTCTCTGGGCTTTATGTTCTGTACAGTAGATTTCATTAAGAAAAATTGTGGACAAACTTGTTTCTGT	49774328	49671751	102577	49774590	102839
ENSMUST00000028102	GAGTTTTAAACAACTGTTGAGTAAGGACCAGATAACTGCCAAAGGAAACACTGGTCTGTGAAGTCTGCTTATTTACTGAGAACTGTGTATCAACTTTTAAACACTTCCCATGTGTGCAGATAAAAGGGGAATAGGGCTTTCTGTAGAATTCTATCTGTCTAGTTTGTAAAGTGTCATGTGTACTGCAGATGTCTGTTCTCTGGGCTTTATGTTCTGTACAGTAGATTTCATTAAGAAAAATTGTGGACAAACTTGTTTCTGT	49774328	49680164	94164	49774590	94426
ENSMUST00000028102	GAGTTTTAAACAACTGTTGAGTAAGGACCAGATAACTGCCAAAGGAAACACTGGTCTGTGAAGTCTGCTTATTTACTGAGAACTGTGTATCAACTTTTAAACACTTCCCATGTGTGCAGATAAAAGGGGAATAGGGCTTTCTGTAGAATTCTATCTGTCTAGTTTGTAAAGTGTCATGTGTACTGCAGATGTCTGTTCTCTGGGCTTTATGTTCTGTACAGTAGATTTCATTAAGAAAAATTGTGGACAAACTTGTTTCTGT	49774328	49757338	16990	49774590	17252
ENSMUST00000079362	CAACAGAAAATGCAGGAACCTCATCAAAACGAGGTCTGCAGATCACTACCACTGCAGCCCAGATAGCCAAAGTTATGGAAGAAGTATCAGCCATTCATACCTCCCAGGACGACAGAAGTTCTGCTTCTACCACCGAGTTCCATTGTGTGGCAGACGACAGGAGTGCGGCACGAAGAAGCTCTGCCTCCCACACACACTCAAACACATACAACTTCACTAAGTCGGAAAATTCAAATAGGACATGCTCTATGCCTTATGCCAAAGT	34312658	34279268	33390	34312923	33655
ENSMUST00000079362	CAACAGAAAATGCAGGAACCTCATCAAAACGAGGTCTGCAGATCACTACCACTGCAGCCCAGATAGCCAAAGTTATGGAAGAAGTATCAGCCATTCATACCTCCCAGGACGACAGAAGTTCTGCTTCTACCACCGAGTTCCATTGTGTGGCAGACGACAGGAGTGCGGCACGAAGAAGCTCTGCCTCCCACACACACTCAAACACATACAACTTCACTAAGTCGGAAAATTCAAATAGGACATGCTCTATGCCTTATGCCAAAGT	34312658	34282006	30652	34312923	30917
ENSMUST00000079362	CAACAGAAAATGCAGGAACCTCATCAAAACGAGGTCTGCAGATCACTACCACTGCAGCCCAGATAGCCAAAGTTATGGAAGAAGTATCAGCCATTCATACCTCCCAGGACGACAGAAGTTCTGCTTCTACCACCGAGTTCCATTGTGTGGCAGACGACAGGAGTGCGGCACGAAGAAGCTCTGCCTCCCACACACACTCAAACACATACAACTTCACTAAGTCGGAAAATTCAAATAGGACATGCTCTATGCCTTATGCCAAAGT	34312658	34289837	22821	34312923	23086
ENSMUST00000079362	GTTAAAATCTGAGAGTGAAGACTTACAGCAGGTTATTGCAAGTGTTTTGAGGAATTTGTCTTGGCGAGCAGATGTAAATAGCAAAAAGACGTTGAGAGAAGTTGGAAGTGTGAAAGCATTGATGGAATGTGCTTTGGAAGTTAAAAAGGAATCAACCCTCAAAAGCGTTTTGAGTGCCTTATGGAACCTGTCTGCACACTGCACTGAGAATAAGGCTGACATCTGTGCTGTGGATGGAGCACTGGCATTTCTGGTTGGCACCCTCACTTACCGGAGCCAGACAAATACTTTAGCCATTATTGAAAGTGGAGGTGGGATAT	34305625	34279268	26357	34310879	31611
ENSMUST00000079362	GTTAAAATCTGAGAGTGAAGACTTACAGCAGGTTATTGCAAGTGTTTTGAGGAATTTGTCTTGGCGAGCAGATGTAAATAGCAAAAAGACGTTGAGAGAAGTTGGAAGTGTGAAAGCATTGATGGAATGTGCTTTGGAAGTTAAAAAGGAATCAACCCTCAAAAGCGTTTTGAGTGCCTTATGGAACCTGTCTGCACACTGCACTGAGAATAAGGCTGACATCTGTGCTGTGGATGGAGCACTGGCATTTCTGGTTGGCACCCTCACTTACCGGAGCCAGACAAATACTTTAGCCATTATTGAAAGTGGAGGTGGGATAT	34305625	34282006	23619	34310879	28873
ENSMUST00000079362	GTTAAAATCTGAGAGTGAAGACTTACAGCAGGTTATTGCAAGTGTTTTGAGGAATTTGTCTTGGCGAGCAGATGTAAATAGCAAAAAGACGTTGAGAGAAGTTGGAAGTGTGAAAGCATTGATGGAATGTGCTTTGGAAGTTAAAAAGGAATCAACCCTCAAAAGCGTTTTGAGTGCCTTATGGAACCTGTCTGCACACTGCACTGAGAATAAGGCTGACATCTGTGCTGTGGATGGAGCACTGGCATTTCTGGTTGGCACCCTCACTTACCGGAGCCAGACAAATACTTTAGCCATTATTGAAAGTGGAGGTGGGATAT	34305625	34289837	15788	34310879	21042
ENSMUST00000080210	GCGCCGAGGCGCTAAAGGGCTTACCCAGGAGGGGGGTGCGAGGGCGGAGAGAGGCTGCCCGTTAAATACCGCTCTCCGCCGCACTCCGGGCTCACCCAGCTCGCCGCCACCGTCTCCAGACCGTGCCCGGGAGGAGGGGGCGTTCCCCACGCCATGGCATCAACAGAGGGTGCCAACAATATGCCCAAGCAGGTAGAAGTGCGCATGCATGACAGCCACCTCAGCTCCGATGAGCCAAAGCACCGAAACCTGGGCATGCGCATGTGCGACAAGCTGGGGAAAAATCTCCTGCTCTCACTGACTGTGTTTGGTGTCATCCTGGGAGCAGTGTGTGGCGGGCT	102659132	102748468	-89336	102737810	-10658
