transcript_ID	prot_seq	coord_start_genomic	coord_shortSplice	start_genomic-shortSplice
ENSMUST00000065308	GAAGAGGTTAATCATGTTA	38493476	38492356	1120
ENSMUST00000065308	GAAGAGGTTAATCATGTTA	38493476	38497398	-3922
ENSMUST00000196398	AGTCTCTTGCTGAGAACAC	133465200	133469639	-4439
ENSMUST00000196398	AGTCTCTTGCTGAGAACAC	133465200	133469639	-4439
ENSMUST00000055833	CTGATCAGACTCCAACGCC	73850866	73880379	-29513
ENSMUST00000106535	TTGCGCGGAGGTTCCGTCT	113629914	113608408	21506
ENSMUST00000050166	AAGCTAATAAGACAATAGA	8078649	8095047	-16398
ENSMUST00000121146	GGATCTGAAGGAAGAAAAT	156267363	156300736	-33373
ENSMUST00000107127	GCGCGGCGACTTCCCCACT	98064890	98065781	-891
ENSMUST00000107127	GCGCGGCGACTTCCCCACT	98064890	98065781	-891
ENSMUST00000103176	GGCCGGACATGGTGAATGG	155657930	155655270	2660
ENSMUST00000102925	CACTCGCCTGGGCGTCACA	25364940	25363829	1111
ENSMUST00000168645	AAGAGTTTTCCAAAACAGA	30905678	30935999	-30321
ENSMUST00000181535	AATACAGGTGCTATGCAACC	112215055	112228178	-13123
ENSMUST00000181535	AATACAGGTGCTATGCAACC	112215055	112228178	-13123
ENSMUST00000034529	GGTTTGATCTATTTTCGGAT	53658666	53632337	26329
ENSMUST00000034529	GGTTTGATCTATTTTCGGAT	53658666	53642598	16068
ENSMUST00000103140	GCTCAGTGCCATCTCGCTGA	155641639	155643450	-1811
ENSMUST00000103140	GCTCAGTGCCATCTCGCTGA	155641639	155650561	-8922
ENSMUST00000103140	GCTCAGTGCCATCTCGCTGA	155641639	155643450	-1811
ENSMUST00000103140	GCTCAGTGCCATCTCGCTGA	155641639	155650561	-8922
ENSMUST00000193703	TTAAACTTCTTTTAGTAGAG	181902592	181921768	-19176
ENSMUST00000076493	ATATCCAACTACGTGGCAGC	53960409	53960437	-28
ENSMUST00000076493	ATATCCAACTACGTGGCAGC	53960409	53960437	-28
ENSMUST00000040383	TGGCCTTTGACCAAGAGCGG	84134033	84138826	-4793
ENSMUST00000179243	CAGGATTCCAGGGAGGGGCC	79375466	79383962	-8496
ENSMUST00000111945	CCTTCAGGGTTATGTGCTTA	33378492	33387292	-8800
ENSMUST00000111945	CCTTCAGGGTTATGTGCTTA	33378492	33388826	-10334
ENSMUST00000199808	CTTTAGAGGCCTTGGAAGAG	124398466	124410379	-11913
ENSMUST00000199808	CTTTAGAGGCCTTGGAAGAG	124398466	124410379	-11913
ENSMUST00000064307	GGTGTGACCATCTGGGAGCT	120012739	120012335	404
ENSMUST00000112007	TTCTGCAGAGTCCCTATTGT	73817157	73880379	-63222
ENSMUST00000107152	ACCCAACTTAAAAGTACGTT	102205499	102195868	9631
ENSMUST00000107152	ACCCAACTTAAAAGTACGTT	102205499	102196672	8827
ENSMUST00000107152	ACCCAACTTAAAAGTACGTT	102205499	102218487	-12988
ENSMUST00000107152	ACCCAACTTAAAAGTACGTT	102205499	102218487	-12988
ENSMUST00000107152	ACCCAACTTAAAAGTACGTT	102205499	102218487	-12988
ENSMUST00000107152	ACCCAACTTAAAAGTACGTT	102205499	102218490	-12991
ENSMUST00000107152	ACCCAACTTAAAAGTACGTT	102205499	102218487	-12988
ENSMUST00000107152	ACCCAACTTAAAAGTACGTT	102205499	102218487	-12988
ENSMUST00000063577	CGACAGAGGAAAGGGCGAGA	101405909	101416975	-11066
ENSMUST00000109266	TATATCAGAAAAAAGAAATT	165785417	165846164	-60747
ENSMUST00000115388	AGGATGTGGTGTGGTTTCTTC	8075663	8095047	-19384
ENSMUST00000054538	AGCCTGACTCTGGCTATCAGA	43496897	43496717	180
ENSMUST00000044152	AGCAGAAAACAGCCCATCTGA	115350588	115359808	-9220
ENSMUST00000021614	CCGCATTAAACAGTCAGCCAG	6588513	6595017	-6504
ENSMUST00000022765	TGATTTCTCATTGCTCTTCTG	52263524	52268956	-5432
ENSMUST00000022765	TGATTTCTCATTGCTCTTCTG	52263524	52268956	-5432
ENSMUST00000032179	AGGCCATTGAAGCCTTGCACC	91020201	91013316	6885
ENSMUST00000032179	AGGCCATTGAAGCCTTGCACC	91020201	91060603	-40402
ENSMUST00000110570	GCGAACGTGTCTCCCGGTGAC	69892767	69807253	85514
ENSMUST00000110570	GCGAACGTGTCTCCCGGTGAC	69892767	69818498	74269
ENSMUST00000106321	TCGAGCTCTTTGCAGACGTGG	119320189	119300183	20006
ENSMUST00000181535	AGCTGAGGGTGACACCAGATT	112218603	112228178	-9575
ENSMUST00000181535	AGCTGAGGGTGACACCAGATT	112218603	112228178	-9575
ENSMUST00000108515	GGTACGGACAGACATGGAGCT	71182740	71172235	10505
ENSMUST00000019614	CCCAGAATCCGGACAAGGTAC	3616027	3613290	2737
ENSMUST00000019614	CCCAGAATCCGGACAAGGTAC	3616027	3613290	2737
ENSMUST00000019614	CCCAGAATCCGGACAAGGTAC	3616027	3616125	-98
ENSMUST00000084125	TCAGACCCAGCTGTTTTCATT	148626748	148617635	9113
ENSMUST00000084125	TCAGACCCAGCTGTTTTCATT	148626748	148617635	9113
ENSMUST00000084125	TCAGACCCAGCTGTTTTCATT	148626748	148617635	9113
ENSMUST00000084125	TCAGACCCAGCTGTTTTCATT	148626748	148617705	9043
ENSMUST00000084125	TCAGACCCAGCTGTTTTCATT	148626748	148617705	9043
ENSMUST00000084125	TCAGACCCAGCTGTTTTCATT	148626748	148617737	9011
ENSMUST00000084125	TCAGACCCAGCTGTTTTCATT	148626748	148617635	9113
ENSMUST00000084125	TCAGACCCAGCTGTTTTCATT	148626748	148617635	9113
ENSMUST00000084125	TCAGACCCAGCTGTTTTCATT	148626748	148617705	9043
ENSMUST00000084125	TCAGACCCAGCTGTTTTCATT	148626748	148617705	9043
ENSMUST00000058902	GGCCGGGTGACCCCGGGGAGA	30024565	29749348	275217
ENSMUST00000066498	TTTCAGTTCTGAACATATTAA	38199078	38224669	-25591
ENSMUST00000085758	GGCTTCGGTGTCAGTCAACTT	142506644	142487106	19538
ENSMUST00000072020	TGACTGAGAACGGCAGGCTCA	81590952	81595375	-4423
ENSMUST00000046719	ATGACAGCAAGTAGCAAATGG	48387783	48392488	-4705
ENSMUST00000046719	ATGACAGCAAGTAGCAAATGG	48387783	48392488	-4705
ENSMUST00000046719	ATGACAGCAAGTAGCAAATGG	48387783	48392500	-4717
ENSMUST00000046719	ATGACAGCAAGTAGCAAATGG	48387783	48399065	-11282
ENSMUST00000112334	TGTGTATAGCTCAGTGGTAGA	162412348	162514348	-102000
ENSMUST00000112334	TGTGTATAGCTCAGTGGTAGA	162412348	162552666	-140318
ENSMUST00000103213	AGAAGATGACTCCACAGCTTAT	82900784	82903133	-2349
ENSMUST00000106364	GAGGACTGGAGTCCCAGCACGA	126704164	126703174	990
ENSMUST00000090849	TTTTAACTTAACAGTTTGATCT	70979574	70981967	-2393
ENSMUST00000086521	TGTAAGGAGACCGCAGGTGACT	132514367	132518837	-4470
ENSMUST00000032748	GGCCAAGGCCGCGACAATGCCC	80334095	80329131	4964
ENSMUST00000032748	GGCCAAGGCCGCGACAATGCCC	80334095	80339707	-5612
ENSMUST00000101085	AGTGAGCGAGCCCGGGGGAACA	61493615	61493069	546
ENSMUST00000101085	AGTGAGCGAGCCCGGGGGAACA	61493615	61493069	546
ENSMUST00000101085	AGTGAGCGAGCCCGGGGGAACA	61493615	61493061	554
ENSMUST00000101085	AGTGAGCGAGCCCGGGGGAACA	61493615	61493061	554
ENSMUST00000101085	AGTGAGCGAGCCCGGGGGAACA	61493615	61493069	546
ENSMUST00000127569	TGTGGTACCTGCTCAGATTTAT	66517026	66542613	-25587
ENSMUST00000131298	CGAGACTGCAAAGGCTTCTGAG	33133481	33146650	-13169
ENSMUST00000131298	CGAGACTGCAAAGGCTTCTGAG	33133481	33146650	-13169
ENSMUST00000131298	CGAGACTGCAAAGGCTTCTGAG	33133481	33146650	-13169
ENSMUST00000063577	TGGAATTTGGAGAGGATCTGCT	101418369	101416975	1394
ENSMUST00000107788	CTCTGGCGTGGAGCCGGGACGA	94473380	94416655	56725
ENSMUST00000107788	CTCTGGCGTGGAGCCGGGACGA	94473380	94459826	13554
ENSMUST00000076463	GAAAACTTTCTGGATGGGCTTG	73373881	73367509	6372
ENSMUST00000000776	GGGATGAGCTGTGGAACAGAGT	12624852	12648787	-23935
ENSMUST00000145596	TAAATCTAAACTTGTTTCTCAA	23294776	23425740	-130964
ENSMUST00000145596	TAAATCTAAACTTGTTTCTCAA	23294776	23442079	-147303
ENSMUST00000145596	TAAATCTAAACTTGTTTCTCAA	23294776	23425740	-130964
ENSMUST00000145596	TAAATCTAAACTTGTTTCTCAA	23294776	23442079	-147303
ENSMUST00000075872	GTTGACTTCTCAAACATCACAG	94965330	94969053	-3723
ENSMUST00000110483	CCTCTTTGCAGACGACTTAATA	151092820	151059618	33202
ENSMUST00000031732	CAGCGGGCCCTACTGCTCCTCAC	137621420	137618841	2579
ENSMUST00000137511	TGAAAGGATGAGAAAATTGACCA	63114328	63093440	20888
ENSMUST00000132484	CCGCTCCGGGTTGAATACATTGT	23509441	23544826	-35385
ENSMUST00000064536	CGGAAACGAGTTAAGCCGCTCTC	21373344	21329132	44212
ENSMUST00000064536	CGGAAACGAGTTAAGCCGCTCTC	21373344	21347430	25914
ENSMUST00000107127	CACACAACCCATCCAAGAGCAGC	98073182	98065781	7401
ENSMUST00000107127	CACACAACCCATCCAAGAGCAGC	98073182	98065781	7401
ENSMUST00000173495	CCAGGATTCTTGTTTCACCCGCA	29977330	29979985	-2655
ENSMUST00000173495	CCAGGATTCTTGTTTCACCCGCA	29977330	29985494	-8164
ENSMUST00000126854	AGGGAGGCTAGCGGTTGCTCAGA	97745617	97748670	-3053
ENSMUST00000126854	AGGGAGGCTAGCGGTTGCTCAGA	97745617	97750154	-4537
ENSMUST00000126854	AGGGAGGCTAGCGGTTGCTCAGA	97745617	97750154	-4537
ENSMUST00000126854	AGGGAGGCTAGCGGTTGCTCAGA	97745617	97757761	-12144
ENSMUST00000114960	CGGCCATTATGCCTCCCAGCAAA	34314231	34013676	300555
ENSMUST00000114960	CGGCCATTATGCCTCCCAGCAAA	34314231	34220247	93984
ENSMUST00000022023	GCCTATTGGATTGCTCCGTGCAGC	56831427	56782588	48839
ENSMUST00000191275	ACAAGATCAAGTCTTGTCATAGCT	103820406	103824848	-4442
ENSMUST00000191275	ACAAGATCAAGTCTTGTCATAGCT	103820406	103824848	-4442
ENSMUST00000108321	CTTGTGGCTTCAGTCCTGGGCTTA	20011514	20002413	9101
ENSMUST00000108321	CTTGTGGCTTCAGTCCTGGGCTTA	20011514	20003400	8114
ENSMUST00000108321	CTTGTGGCTTCAGTCCTGGGCTTA	20011514	20030409	-18895
ENSMUST00000154376	TGGTCTTGACTGGAGCACGCTTAT	37022492	37088560	-66068
ENSMUST00000154376	TGGTCTTGACTGGAGCACGCTTAT	37022492	37088560	-66068
ENSMUST00000121759	GCAATTCGGATGCTCTTCCACACC	90964293	90940493	23800
ENSMUST00000121759	GCAATTCGGATGCTCTTCCACACC	90964293	90974066	-9773
ENSMUST00000078308	TGGGGTATAGCTCAGTTGGCAGAGT	157137899	157158837	-20938
ENSMUST00000030886	ACCACTGGAGGTTCCGCCCCTGCTG	147868523	147861013	7510
ENSMUST00000047534	TTTTTGAGAAGTTTAGGAAGGTTGC	34814927	34819769	-4842
ENSMUST00000047534	TTTTTGAGAAGTTTAGGAAGGTTGC	34814927	34819963	-5036
ENSMUST00000047534	TTTTTGAGAAGTTTAGGAAGGTTGC	34814927	34819920	-4993
ENSMUST00000047534	TTTTTGAGAAGTTTAGGAAGGTTGC	34814927	34819920	-4993
ENSMUST00000047534	TTTTTGAGAAGTTTAGGAAGGTTGC	34814927	34819963	-5036
ENSMUST00000029741	TAAATTAGCCCCGACCCTGAGTTCT	96727608	96716747	10861
ENSMUST00000118077	ATCCCGGCCAGCATCTCATCGGCCT	93993560	93990283	3277
ENSMUST00000118077	ATCCCGGCCAGCATCTCATCGGCCT	93993560	93993654	-94
ENSMUST00000118077	ATCCCGGCCAGCATCTCATCGGCCT	93993560	93993654	-94
ENSMUST00000122091	CGTTGCATTAATCTCAAAAGATTAG	64137735	64162759	-25024
ENSMUST00000122091	CGTTGCATTAATCTCAAAAGATTAG	64137735	64162759	-25024
ENSMUST00000112703	GGAGGGGCTCATGGAGGACAGACGG	120334832	120342069	-7237
ENSMUST00000112703	GGAGGGGCTCATGGAGGACAGACGG	120334832	120350390	-15558
ENSMUST00000022765	ATTTCTCATTGCTCTTCTGTCCTGCC	52263526	52268956	-5430
ENSMUST00000022765	ATTTCTCATTGCTCTTCTGTCCTGCC	52263526	52268956	-5430
ENSMUST00000118593	CACTACCCTCTCCTACCATCTTCCTG	107741108	107748284	-7176
ENSMUST00000030087	ATTATGGGACAGTCGGGGGCTTCAGA	62457448	62463473	-6025
ENSMUST00000109877	TCCCTAGCAACAGTCGAAGCTCTGCT	151594554	151600364	-5810
ENSMUST00000106224	AATACTGGGTGTTAAAGGGCGCATAG	123350688	123368832	-18144
ENSMUST00000106224	AATACTGGGTGTTAAAGGGCGCATAG	123350688	123368832	-18144
ENSMUST00000106224	AATACTGGGTGTTAAAGGGCGCATAG	123350688	123368832	-18144
ENSMUST00000023812	GCTGTGGAGACCTGCCTGGGCTTCGT	102501260	102509378	-8118
ENSMUST00000121227	AGGTTTGCCTGGAGAGAAAGGTGAAAG	79603428	79600007	3421
ENSMUST00000057062	GTAAAGCTAACACCAGAAGCCTCGTAT	183278211	183282555	-4344
ENSMUST00000057062	GTAAAGCTAACACCAGAAGCCTCGTAT	183278211	183292581	-14370
ENSMUST00000043305	TGAAGCCTTCGCCTGCCAGCAGTGGAC	133300623	133295332	5291
ENSMUST00000002336	GGGATGACAGGTGTGAGCCACCATGCC	6673936	6688689	-14753
ENSMUST00000043897	TAAATTGTGTCTTTGCATCACTTCTGG	25844500	25840675	3825
ENSMUST00000043897	TAAATTGTGTCTTTGCATCACTTCTGG	25844500	25842288	2212
ENSMUST00000043897	TAAATTGTGTCTTTGCATCACTTCTGG	25844500	25843981	519
ENSMUST00000043897	TAAATTGTGTCTTTGCATCACTTCTGG	25844500	25840675	3825
ENSMUST00000043897	TAAATTGTGTCTTTGCATCACTTCTGG	25844500	25842288	2212
ENSMUST00000043897	TAAATTGTGTCTTTGCATCACTTCTGG	25844500	25843981	519
ENSMUST00000182226	CTTACTTCCAAGCTTAGGAAGGCTGAG	144514934	144485208	29726
ENSMUST00000182226	CTTACTTCCAAGCTTAGGAAGGCTGAG	144514934	144520789	-5855
ENSMUST00000103140	GTTGAACCCAGACCGCCAGTCGCCCTCT	155634373	155643450	-9077
ENSMUST00000103140	GTTGAACCCAGACCGCCAGTCGCCCTCT	155634373	155650561	-16188
ENSMUST00000103140	GTTGAACCCAGACCGCCAGTCGCCCTCT	155634373	155643450	-9077
ENSMUST00000103140	GTTGAACCCAGACCGCCAGTCGCCCTCT	155634373	155650561	-16188
ENSMUST00000186648	CGTCATTGAAATGTGTCAGTTATTGGTC	84768654	84745170	23484
ENSMUST00000186648	CGTCATTGAAATGTGTCAGTTATTGGTC	84768654	84759046	9608
ENSMUST00000186648	CGTCATTGAAATGTGTCAGTTATTGGTC	84768654	84777489	-8835
ENSMUST00000004140	CTCCCCAGGTCTGTCTCGTCTACAATAAA	108012740	108015040	-2300
ENSMUST00000004140	CTCCCCAGGTCTGTCTCGTCTACAATAAA	108012740	108015040	-2300
ENSMUST00000004140	CTCCCCAGGTCTGTCTCGTCTACAATAAA	108012740	108015118	-2378
ENSMUST00000166791	AGCCAGGGCTTCTCCATAGCTCCTTTTGG	127191924	127195461	-3537
ENSMUST00000166791	AGCCAGGGCTTCTCCATAGCTCCTTTTGG	127191924	127195461	-3537
ENSMUST00000084125	AATATTCTGGAATGGACTTGGTGTTAATT	148616232	148617635	-1403
ENSMUST00000084125	AATATTCTGGAATGGACTTGGTGTTAATT	148616232	148617635	-1403
ENSMUST00000084125	AATATTCTGGAATGGACTTGGTGTTAATT	148616232	148617635	-1403
ENSMUST00000084125	AATATTCTGGAATGGACTTGGTGTTAATT	148616232	148617705	-1473
ENSMUST00000084125	AATATTCTGGAATGGACTTGGTGTTAATT	148616232	148617705	-1473
ENSMUST00000084125	AATATTCTGGAATGGACTTGGTGTTAATT	148616232	148617737	-1505
ENSMUST00000084125	AATATTCTGGAATGGACTTGGTGTTAATT	148616232	148617635	-1403
ENSMUST00000084125	AATATTCTGGAATGGACTTGGTGTTAATT	148616232	148617635	-1403
ENSMUST00000084125	AATATTCTGGAATGGACTTGGTGTTAATT	148616232	148617705	-1473
ENSMUST00000084125	AATATTCTGGAATGGACTTGGTGTTAATT	148616232	148617705	-1473
ENSMUST00000155901	GTTTGGATGGCTGTTACTACACACTGGATC	96076142	96131241	-55099
ENSMUST00000078308	TTTCTTTGCCCAGCCATTATGTCTCCCAGTC	157163825	157158837	4988
ENSMUST00000102939	AGGGAGGCTGCAGAGAAGGAGAGCAACGCGG	24679594	24616913	62681
ENSMUST00000102939	AGGGAGGCTGCAGAGAAGGAGAGCAACGCGG	24679594	24679640	-46
ENSMUST00000102939	AGGGAGGCTGCAGAGAAGGAGAGCAACGCGG	24679594	24718119	-38525
ENSMUST00000081848	CAGTTACAACCGCCTCAAGAGTCTCATAGAGC	89093695	89094529	-834
ENSMUST00000018821	TTCTGGAGTCTCTCCTACACCAAATCATCCTCC	102406229	102405802	427
ENSMUST00000117177	AAGATGTAGCTCAGTCGGTAGAGCACTTGCCTA	118192729	118237596	-44867
ENSMUST00000117177	AAGATGTAGCTCAGTCGGTAGAGCACTTGCCTA	118192729	118242985	-50256
ENSMUST00000117177	AAGATGTAGCTCAGTCGGTAGAGCACTTGCCTA	118192729	118242985	-50256
ENSMUST00000080665	TGGGCCGAGTGCACATGGTGGAGGATCTTCTGA	66145455	66156973	-11518
ENSMUST00000118163	TTATTTGAGGCTGCACATGCACTCTCTCCTACTCT	54416445	54396367	20078
ENSMUST00000118163	TTATTTGAGGCTGCACATGCACTCTCTCCTACTCT	54416445	54396367	20078
ENSMUST00000118163	TTATTTGAGGCTGCACATGCACTCTCTCCTACTCT	54416445	54477526	-61081
ENSMUST00000199942	TTTCCCACCTGCCCTCTCTGCAGCTGCTATTGCTG	52564011	52546617	17394
ENSMUST00000117177	AAAGGGAGAACAGGTGAACTAACAGTGTGGGTTAC	118192934	118237596	-44662
ENSMUST00000117177	AAAGGGAGAACAGGTGAACTAACAGTGTGGGTTAC	118192934	118242985	-50051
ENSMUST00000117177	AAAGGGAGAACAGGTGAACTAACAGTGTGGGTTAC	118192934	118242985	-50051
ENSMUST00000031490	ATCACACTGGATGTTGTCCTTGTAGGAGACGGTGC	110785447	110787661	-2214
ENSMUST00000031490	ATCACACTGGATGTTGTCCTTGTAGGAGACGGTGC	110785447	110790936	-5489
ENSMUST00000182213	AAATATCACAGTCTGCTCTTCCTCCTCTTCCTGGGA	6069898	6061972	7926
ENSMUST00000039782	ATGAGAAAATCAAAAGTTTTATTTGGGAACTAATCA	160983803	161042129	-58326
ENSMUST00000179865	AATTCAGAATTGACTATAATTGAACACCTGCTAAAA	50295189	50311780	-16591
ENSMUST00000107793	GCGGGTGCTGAAGCTAGTTCGCTTCCTGCCGGCACTG	94443248	94416655	26593
ENSMUST00000107793	GCGGGTGCTGAAGCTAGTTCGCTTCCTGCCGGCACTG	94443248	94459826	-16578
ENSMUST00000202651	CACAGCTCATCCTCTCTGCTGCCTTTCCACTACAACA	76209921	76229560	-19639
ENSMUST00000202651	CACAGCTCATCCTCTCTGCTGCCTTTCCACTACAACA	76209921	76254441	-44520
ENSMUST00000202651	CACAGCTCATCCTCTCTGCTGCCTTTCCACTACAACA	76209921	76254441	-44520
ENSMUST00000139819	CACATGTCCCTGCTCTACCCTGTGGCCATCCGGACTCT	122349278	122353884	-4606
ENSMUST00000027752	CATAGCAGAGATCATTAAGGATATTCACAACCTGGAGG	153219109	153231807	-12698
ENSMUST00000108407	GTGGAAGCGCATCTGCTTTCCTTGCTGTCTGTGCAAAT	76417439	76459272	-41833
ENSMUST00000108407	GTGGAAGCGCATCTGCTTTCCTTGCTGTCTGTGCAAAT	76417439	76459272	-41833
ENSMUST00000110701	GGCCAGGGGACTTCTCAGAAGAATTGTCAACACTGTTT	120716173	120720989	-4816
ENSMUST00000110701	GGCCAGGGGACTTCTCAGAAGAATTGTCAACACTGTTT	120716173	120720989	-4816
ENSMUST00000090243	TGCCTTCCTGGGGTCATCCCGTACTCACTGGCCTACGCC	39349506	39359978	-10472
ENSMUST00000025253	CAGAGATGAGTCAGTCTGACAGTGGAGTGGACCTGAGTG	35153522	35150902	2620
ENSMUST00000021347	TTTTTCTTTCTTCGTTCTGCAAACATACACAAGACACTCG	91806514	91814004	-7490
ENSMUST00000154230	ATCTGTCATTCTAAGAGAGAAACCTCAGTCTGGCCGCCAG	20881635	20853978	27657
ENSMUST00000154230	ATCTGTCATTCTAAGAGAGAAACCTCAGTCTGGCCGCCAG	20881635	20861107	20528
ENSMUST00000182627	CTATCACAGTGTCTGCCCTGTGAGGAATGAGAGCGCCTCA	29408901	29407600	1301
ENSMUST00000182627	CTATCACAGTGTCTGCCCTGTGAGGAATGAGAGCGCCTCA	29408901	29407600	1301
ENSMUST00000182627	CTATCACAGTGTCTGCCCTGTGAGGAATGAGAGCGCCTCA	29408901	29479802	-70901
ENSMUST00000177517	CCGGACCTCCAGTCCCTGCGCTACGCCCTGTCGCTCTACAC	71634611	71637810	-3199
ENSMUST00000029796	TCAAAAAGCCTGTATGGCTGCTCACTCATTAATCTTCTGCCA	138926532	138955458	-28926
ENSMUST00000025253	CCTTTGAAAGAGAAGCTGATCTCAGGGCCTCTGTCCCCCATGT	35156531	35150902	5629
ENSMUST00000225431	CATACTTCAATGACAATATCCTCACCCTAATACGGACCCTGGT	23314148	23425740	-111592
ENSMUST00000225431	CATACTTCAATGACAATATCCTCACCCTAATACGGACCCTGGT	23314148	23442079	-127931
ENSMUST00000030872	CATTTACTTAGGACTGTGTTTTGCTCTATGAACTATCCCCTGC	22486850	22546504	-59654
ENSMUST00000030872	CATTTACTTAGGACTGTGTTTTGCTCTATGAACTATCCCCTGC	22486850	22546504	-59654
ENSMUST00000100561	TTTTCGCCCAGTGTGGATGGTGATGGGGACAGGAAGAAGCGCT	94438155	94416655	21500
ENSMUST00000100561	TTTTCGCCCAGTGTGGATGGTGATGGGGACAGGAAGAAGCGCT	94438155	94459826	-21671
ENSMUST00000180572	TTGTAAACTTGTTGCATTTTTATATGATTTTCTTGACTGCACG	156166018	156167809	-1791
ENSMUST00000089317	TTGGACCTCGAGCAGAGCGGGACCCTGTTGGAAGTCGGCACCT	93815779	93694175	121604
ENSMUST00000089317	TTGGACCTCGAGCAGAGCGGGACCCTGTTGGAAGTCGGCACCT	93815779	93708217	107562
ENSMUST00000011285	CTTTCGTTCTGATATGGTATGCTGCATCTGTGAGGTAAAGGAGA	69797204	69798678	-1474
ENSMUST00000238317	GTGGCAGCACAGTCCACCACTCTTCCCTCTCTAAGTGGCAGACA	158175323	158104485	70838
ENSMUST00000238317	GTGGCAGCACAGTCCACCACTCTTCCCTCTCTAAGTGGCAGACA	158175323	158104485	70838
ENSMUST00000041342	CTTCCTATGTGTCCTCCCTCACTTCCCAATCCCACCCTCTCCGCC	24607007	24616913	-9906
ENSMUST00000041342	CTTCCTATGTGTCCTCCCTCACTTCCCAATCCCACCCTCTCCGCC	24607007	24679640	-72633
ENSMUST00000041342	CTTCCTATGTGTCCTCCCTCACTTCCCAATCCCACCCTCTCCGCC	24607007	24718119	-111112
ENSMUST00000149964	TTCCTGGCTTGAGTTCCTGTCCCTTTTGATTGTGGCCTCTGGAAA	181079591	181087680	-8089
ENSMUST00000149964	TTCCTGGCTTGAGTTCCTGTCCCTTTTGATTGTGGCCTCTGGAAA	181079591	181088534	-8943
ENSMUST00000149964	TTCCTGGCTTGAGTTCCTGTCCCTTTTGATTGTGGCCTCTGGAAA	181079591	181088534	-8943
ENSMUST00000149964	TTCCTGGCTTGAGTTCCTGTCCCTTTTGATTGTGGCCTCTGGAAA	181079591	181088534	-8943
ENSMUST00000046022	CATTTGGGGATGTAGGGCTGCTCACAGGGGATGTGCAGCTGCACCC	34846099	34846147	-48
ENSMUST00000046022	CATTTGGGGATGTAGGGCTGCTCACAGGGGATGTGCAGCTGCACCC	34846099	34846995	-896
ENSMUST00000027421	AGACTTTGGGGCCTAACTAGTGAATGGTAGTGTCTAGAAAGGGTAT	84839285	84745170	94115
ENSMUST00000027421	AGACTTTGGGGCCTAACTAGTGAATGGTAGTGTCTAGAAAGGGTAT	84839285	84759046	80239
ENSMUST00000027421	AGACTTTGGGGCCTAACTAGTGAATGGTAGTGTCTAGAAAGGGTAT	84839285	84777489	61796
ENSMUST00000162412	TGTTTGATGCTTGGGATGCCTTCGCTCACCTGCCTGCCCTGATGCA	95024455	95123320	-98865
ENSMUST00000162412	TGTTTGATGCTTGGGATGCCTTCGCTCACCTGCCTGCCCTGATGCA	95024455	95123320	-98865
ENSMUST00000169020	CTGTACAGCCGTCCTGTATAGTGTACCCTCTCACTGCGCCCTCTAAC	111154656	111160741	-6085
ENSMUST00000026704	ATTATGCTAACAAGTACAATATCATGTTGGTGAGACTGAACTCAAAG	87487686	87485723	1963
ENSMUST00000028016	AGAAGGTGTGCCTAATGGTGCAGGACAGAAGAATTCCAAGGATGCTGC	162702267	162723281	-21014
ENSMUST00000113560	TGTGCCCTGTGTCCCTGCTCCTTCCGGGCTCCCAGTCCACCTGCTCAT	31026528	31036254	-9726
ENSMUST00000113560	TGTGCCCTGTGTCCCTGCTCCTTCCGGGCTCCCAGTCCACCTGCTCAT	31026528	31053080	-26552
ENSMUST00000113560	TGTGCCCTGTGTCCCTGCTCCTTCCGGGCTCCCAGTCCACCTGCTCAT	31026528	31053080	-26552
ENSMUST00000113560	TGTGCCCTGTGTCCCTGCTCCTTCCGGGCTCCCAGTCCACCTGCTCAT	31026528	31053137	-26609
ENSMUST00000074468	AGAATGACGAGGGTGTCTGAATTCCTCAAGGTCGCCGAGCAAGTTGGT	86825046	86781704	43342
ENSMUST00000107132	TCCCTTGACCAGCTTCAGTTCCTCTCAGTGCTCTCGCCTCTAAAGCCTG	102290412	102293095	-2683
ENSMUST00000107132	TCCCTTGACCAGCTTCAGTTCCTCTCAGTGCTCTCGCCTCTAAAGCCTG	102290412	102293095	-2683
ENSMUST00000107132	TCCCTTGACCAGCTTCAGTTCCTCTCAGTGCTCTCGCCTCTAAAGCCTG	102290412	102293321	-2909
ENSMUST00000176652	ACAGGCCTGTGCGCTGCCCCAACAACCCCAGCTGCCCACCCCTTCTCAA	24512981	24514829	-1848
ENSMUST00000176652	ACAGGCCTGTGCGCTGCCCCAACAACCCCAGCTGCCCACCCCTTCTCAA	24512981	24516596	-3615
ENSMUST00000176652	ACAGGCCTGTGCGCTGCCCCAACAACCCCAGCTGCCCACCCCTTCTCAA	24512981	24514829	-1848
ENSMUST00000176652	ACAGGCCTGTGCGCTGCCCCAACAACCCCAGCTGCCCACCCCTTCTCAA	24512981	24518794	-5813
ENSMUST00000176652	ACAGGCCTGTGCGCTGCCCCAACAACCCCAGCTGCCCACCCCTTCTCAA	24512981	24518794	-5813
ENSMUST00000199321	TTACTTTGATAACTGTCCTCTCTTAACTATTCCTGGCCGAACACATCCT	52169969	52157569	12400
ENSMUST00000064297	TATCCATCCACAGGACCGCAGACTAACCATTTTCCTCATGTAGCTCCACC	51743863	51729575	14288
ENSMUST00000154230	GTGAGTTCCCCGTGTTTCCCACCACCCTGACTTCAGACCGGCTGTTCCGA	20848655	20853978	-5323
ENSMUST00000154230	GTGAGTTCCCCGTGTTTCCCACCACCCTGACTTCAGACCGGCTGTTCCGA	20848655	20861107	-12452
ENSMUST00000154230	GTGAGTTCCCCGTGTTTCCCACCACCCTGACTTCAGACCGGCTGTTCCGA	20848655	20853978	-5323
ENSMUST00000154230	GTGAGTTCCCCGTGTTTCCCACCACCCTGACTTCAGACCGGCTGTTCCGA	20848655	20861107	-12452
ENSMUST00000053880	GATATTCCCAACATGCGCTCTCCCTTAATCTGTCCGCCTAGAGCTTTGGCT	136171820	136172937	-1117
ENSMUST00000053880	GATATTCCCAACATGCGCTCTCCCTTAATCTGTCCGCCTAGAGCTTTGGCT	136171820	136172937	-1117
ENSMUST00000053880	GATATTCCCAACATGCGCTCTCCCTTAATCTGTCCGCCTAGAGCTTTGGCT	136171820	136172937	-1117
ENSMUST00000053880	GATATTCCCAACATGCGCTCTCCCTTAATCTGTCCGCCTAGAGCTTTGGCT	136171820	136172937	-1117
ENSMUST00000177374	CTGACCCTCCCAGCCCACTACCTCACGGGCCCCCAAACAAAGGCGCAATTC	64111045	64173286	-62241
ENSMUST00000016294	ATAAAGTTTCTGGCTGGACTGTACAGTATTACTATGATGGGCTTGGGCGAC	42536338	42849175	-312837
ENSMUST00000016294	ATAAAGTTTCTGGCTGGACTGTACAGTATTACTATGATGGGCTTGGGCGAC	42536338	43167817	-631479
ENSMUST00000098334	CACAAACAAGGGCCACATAGGTCGCCCAGTGCTGCCGATGAGTCCCGGCAGC	122884042	122899804	-15762
ENSMUST00000098334	CACAAACAAGGGCCACATAGGTCGCCCAGTGCTGCCGATGAGTCCCGGCAGC	122884042	122900149	-16107
ENSMUST00000053880	TGTCATTTTCCTGGCCAGCTACACTGCCAACTTAGCCGCCTTCATGATCCAA	135772338	136172937	-400599
ENSMUST00000053880	TGTCATTTTCCTGGCCAGCTACACTGCCAACTTAGCCGCCTTCATGATCCAA	135772338	136172937	-400599
ENSMUST00000053880	TGTCATTTTCCTGGCCAGCTACACTGCCAACTTAGCCGCCTTCATGATCCAA	135772338	136172937	-400599
ENSMUST00000053880	TGTCATTTTCCTGGCCAGCTACACTGCCAACTTAGCCGCCTTCATGATCCAA	135772338	136172937	-400599
ENSMUST00000004378	GTCACCACCGCCACTGCCACCGCCACCGCCGCCAACGCCACCGACTGAGTCT	124769610	124768337	1273
ENSMUST00000108661	GATCATAAGTTGTTGCTGACGGGGACCCCGCTGCAGAACAACCTGGAGGAGC	69356582	69355772	810
ENSMUST00000108661	GATCATAAGTTGTTGCTGACGGGGACCCCGCTGCAGAACAACCTGGAGGAGC	69356582	69361224	-4642
ENSMUST00000108661	GATCATAAGTTGTTGCTGACGGGGACCCCGCTGCAGAACAACCTGGAGGAGC	69356582	69361523	-4941
ENSMUST00000053733	GAAGAAGAAGAAGGGGGGTGCCAGAAAAAGAAAAAGTCTTAAAGGGCAAAGAA	84416390	84142380	274010
ENSMUST00000053733	GAAGAAGAAGAAGGGGGGTGCCAGAAAAAGAAAAAGTCTTAAAGGGCAAAGAA	84416390	84237554	178836
ENSMUST00000020496	CGCAGAGATAATCTCCCGAAGGTCCCTGCTCAGGTTTCTTTATGCACAGCTCGA	77313513	77322583	-9070
ENSMUST00000043897	TCCCAAGACCTTTGTACACTGTGCTACCATATACAAGCGTTATTACATGGATGG	25840087	25840675	-588
ENSMUST00000043897	TCCCAAGACCTTTGTACACTGTGCTACCATATACAAGCGTTATTACATGGATGG	25840087	25842288	-2201
ENSMUST00000043897	TCCCAAGACCTTTGTACACTGTGCTACCATATACAAGCGTTATTACATGGATGG	25840087	25843981	-3894
ENSMUST00000043897	TCCCAAGACCTTTGTACACTGTGCTACCATATACAAGCGTTATTACATGGATGG	25840087	25840675	-588
ENSMUST00000043897	TCCCAAGACCTTTGTACACTGTGCTACCATATACAAGCGTTATTACATGGATGG	25840087	25842288	-2201
ENSMUST00000043897	TCCCAAGACCTTTGTACACTGTGCTACCATATACAAGCGTTATTACATGGATGG	25840087	25843981	-3894
ENSMUST00000137217	ATTTATTTATGATTTTCATTTCTGTTGGTTTGCTGAACATAGTTTCATATCACA	152610419	152617355	-6936
ENSMUST00000137217	ATTTATTTATGATTTTCATTTCTGTTGGTTTGCTGAACATAGTTTCATATCACA	152610419	152619446	-9027
ENSMUST00000137217	ATTTATTTATGATTTTCATTTCTGTTGGTTTGCTGAACATAGTTTCATATCACA	152610419	152623317	-12898
ENSMUST00000137217	ATTTATTTATGATTTTCATTTCTGTTGGTTTGCTGAACATAGTTTCATATCACA	152610419	152623317	-12898
ENSMUST00000038193	TTTTTCTTGGTACAGGGCTGGAACTCAGCGCCTTGCACATACTGGTGAGCAGCC	111449597	111459046	-9449
ENSMUST00000038193	TTTTTCTTGGTACAGGGCTGGAACTCAGCGCCTTGCACATACTGGTGAGCAGCC	111449597	111459046	-9449
ENSMUST00000115228	GACCCTGTCCTACCTGATGCCAACTGTACATAGGACCCTACCTGCCTGCCTCCCC	24897685	24918136	-20451
ENSMUST00000115228	GACCCTGTCCTACCTGATGCCAACTGTACATAGGACCCTACCTGCCTGCCTCCCC	24897685	24918136	-20451
ENSMUST00000047421	GGCCCGCACTGCCCTCCTGACTGGACTCACGCCGGGCACCCACTACCAGCTGGAT	118479790	118474402	5388
ENSMUST00000111147	TCAAATATGGGGGATAATCTGGATGGGCTGCTGCTGTGCTCAATGTGAACTATTTA	103765807	103773744	-7937
ENSMUST00000169449	AAACAGGAAAGCCAGGCCCTAGCAGAGACTCCACTCTCTCTCCTCCTCTCCACATG	107469798	107474455	-4657
ENSMUST00000039782	GCCCCTGAATGAGAAGGATATGGAGATGATTTGCAGGGCTCTGCTGGTGTACTGTG	160983729	161042129	-58400
ENSMUST00000101527	CATTTGGAACCATTGTTTTTACAGTCTTAGTATTCACCGTAACTCTGAAGCTCGCC	60240814	60260297	-19483
ENSMUST00000088010	GCCCCGAAGACCAAGACTACTCCTCGACTTCCTCTGAGACCCCCAATCCTCCCAAAG	31158396	31168100	-9704
ENSMUST00000100143	TTGAGGAAGACCATCTTTCCCATTATTCTCCCTGGTCTTGTGGTACCATAGGCTCTT	37378898	37389774	-10876
ENSMUST00000100143	TTGAGGAAGACCATCTTTCCCATTATTCTCCCTGGTCTTGTGGTACCATAGGCTCTT	37378898	37389774	-10876
ENSMUST00000073687	CCAGGGTCCGCATTGCCTCCAGCTACCACTCTGAAGGGGACGGAGACACCTCCTACC	24158571	24149469	9102
ENSMUST00000200299	GAAAACATCGTGGCGCTGTATGACTTCCAGGAAATGGCTAATTCTGTCTACCTGGTCA	110809019	110787661	21358
ENSMUST00000200299	GAAAACATCGTGGCGCTGTATGACTTCCAGGAAATGGCTAATTCTGTCTACCTGGTCA	110809019	110790936	18083
ENSMUST00000113615	CTTCACTGTCCTCCTCTTCCACTTCGACTACCCGAGGCTCTCACAGGGCTTCCTGCTT	5674985	5677167	-2182
ENSMUST00000113615	CTTCACTGTCCTCCTCTTCCACTTCGACTACCCGAGGCTCTCACAGGGCTTCCTGCTT	5674985	5681553	-6568
ENSMUST00000113615	CTTCACTGTCCTCCTCTTCCACTTCGACTACCCGAGGCTCTCACAGGGCTTCCTGCTT	5674985	5681553	-6568
ENSMUST00000113615	CTTCACTGTCCTCCTCTTCCACTTCGACTACCCGAGGCTCTCACAGGGCTTCCTGCTT	5674985	5681553	-6568
ENSMUST00000113615	CTTCACTGTCCTCCTCTTCCACTTCGACTACCCGAGGCTCTCACAGGGCTTCCTGCTT	5674985	5681574	-6589
ENSMUST00000208290	GAAACTGACAGGGCAGAAGTGACTGAGCCAGGTGTCACCACTGAGCTGGTCCACTTTG	112653641	112860528	-206887
ENSMUST00000075387	GCACACGCCTGCCCTAAGGAAGGGTCTGCCGTCCCTGAAGCAACTCAACTCGGCCCGGA	112475211	112425722	49489
ENSMUST00000060255	TGGGGCCTCTGCGCCACACTGTAAGACCCCCTTGATGCAGCCCTCTGAACGCCAAGCCTC	61449692	61450902	-1210
ENSMUST00000060255	TGGGGCCTCTGCGCCACACTGTAAGACCCCCTTGATGCAGCCCTCTGAACGCCAAGCCTC	61449692	61452913	-3221
ENSMUST00000060255	TGGGGCCTCTGCGCCACACTGTAAGACCCCCTTGATGCAGCCCTCTGAACGCCAAGCCTC	61449692	61452913	-3221
ENSMUST00000013262	ATGATTTTATGCTTCTCAGAAGAGGACTGGTCCCTTCTGGACCCGGCACAGACTGGTTTC	59493745	59503763	-10018
ENSMUST00000000348	TAAAACGAGGGGCTATTACCCCAAAGGGGGTGGTGAAGTGATTGTCCGAGTGTCCCCAGT	116501166	116504446	-3280
ENSMUST00000000348	TAAAACGAGGGGCTATTACCCCAAAGGGGGTGGTGAAGTGATTGTCCGAGTGTCCCCAGT	116501166	116506978	-5812
ENSMUST00000078226	TTTTAATATCCTGTTTTCCTGGCTCTCTAACTGCCTTGCACAATGATATTTCCTTTAAACTG	32950772	33006043	-55271
ENSMUST00000078226	TTTTAATATCCTGTTTTCCTGGCTCTCTAACTGCCTTGCACAATGATATTTCCTTTAAACTG	32950772	33006043	-55271
ENSMUST00000078226	TTTTAATATCCTGTTTTCCTGGCTCTCTAACTGCCTTGCACAATGATATTTCCTTTAAACTG	32950772	33082135	-131363
ENSMUST00000021062	AAACATTATCTTATTTGCTGCCTGCCATTGTACACATAAACCACCAGCCATTCCTAGAGAGA	106786352	106782693	3659
ENSMUST00000112904	ATCCTACGTATTCAAAATTAGGATCCTTGTGTAGCACTGAACCTGGGAAAGAGATTTAGACT	142318998	142351615	-32617
ENSMUST00000112904	ATCCTACGTATTCAAAATTAGGATCCTTGTGTAGCACTGAACCTGGGAAAGAGATTTAGACT	142318998	142351615	-32617
ENSMUST00000112904	ATCCTACGTATTCAAAATTAGGATCCTTGTGTAGCACTGAACCTGGGAAAGAGATTTAGACT	142318998	142351618	-32620
ENSMUST00000192314	CCTGTCATCAGCTGCTGCACCGTTCTCTTCAGACTCCCCACGCCCAACTCACCCATCCCCACA	136281868	136274873	6995
ENSMUST00000174064	CCCTGGAGGCTAAGGACTTGTTTCGGAAGGAGCTGACTGGCCAATCACAATTGCGAAGATGAAG	19699154	19698253	901
ENSMUST00000081982	AAGGTCTGGAGGACCAACTTTCTCCACCTGGGAACCGCATCCTAGGTGACAGTTAGATCTGAGG	144470687	144503031	-32344
ENSMUST00000025253	AGCAGGACAAACCACCTCGTTTCCGAAGGCTGAAACAAGAACGTGAAAACGCTGCCAGAGGAGC	35156649	35150902	5747
ENSMUST00000178730	GGATGGACAGCCAAGGGCCATAGTCCAGGAGCAAACCAATCCAGTCACAGGACTCTGTGTTTTTA	66154001	66157095	-3094
ENSMUST00000109764	GCTGCACTTCCCTTCCACGTCCATCATCCAGCAGTCGAGCCCGTATTTCACACACCCAACCATCC	84721675	84726602	-4927
ENSMUST00000006754	GATGACGACGACGATGAAGATGACGAAGATGACGACGATGAGGATGAAGACAACGAGTCTGAGGGC	102305949	102309908	-3959
ENSMUST00000053880	CTTGACTGCAGGATCGCCGTGTGGCACACAGGACACATAAACCAGAAAGGTGCTTATTCTTCTCTGG	135716879	136172937	-456058
ENSMUST00000053880	CTTGACTGCAGGATCGCCGTGTGGCACACAGGACACATAAACCAGAAAGGTGCTTATTCTTCTCTGG	135716879	136172937	-456058
ENSMUST00000060043	AGCCGCCGCAGCAGCCGGACTCAGTGTCCCGCGTCGCCCTCGGGGCGCCTTGTCAGTGCTGAGTGGG	120037719	119944784	92935
ENSMUST00000107693	ACCCCAAGGTCCTGCCCTGTCTGCACACTTTCTGCGAGAGGTGCCTGCAGAACTACATCCCAGCCCAC	84210316	84210351	-35
ENSMUST00000107693	ACCCCAAGGTCCTGCCCTGTCTGCACACTTTCTGCGAGAGGTGCCTGCAGAACTACATCCCAGCCCAC	84210316	84210351	-35
ENSMUST00000114102	TCAAGGAGGAGAGTGACTTCCATGACCTCGAGTCAGTAGTCCAGCAAGTCGAACAGAACCTTGAACTGA	26385542	26385609	-67
ENSMUST00000106224	TGACACGGAGGCCCTACAATCTCTCATTGACACCCATAAGGAATTCATGAAGAAAGTAGAAGAAAAGCG	123372395	123368832	3563
ENSMUST00000106224	TGACACGGAGGCCCTACAATCTCTCATTGACACCCATAAGGAATTCATGAAGAAAGTAGAAGAAAAGCG	123372395	123368832	3563
ENSMUST00000106224	TGACACGGAGGCCCTACAATCTCTCATTGACACCCATAAGGAATTCATGAAGAAAGTAGAAGAAAAGCG	123372395	123368832	3563
ENSMUST00000238317	ACCCATGTTGGATGACGAGATGCTCATGTATGGAAGTAGTAAAGGCCCACCCCAACAAAAAGCGTCTATG	158161078	158104485	56593
ENSMUST00000238317	ACCCATGTTGGATGACGAGATGCTCATGTATGGAAGTAGTAAAGGCCCACCCCAACAAAAAGCGTCTATG	158161078	158104485	56593
ENSMUST00000082057	TCAGAACGAGTCTGAAGGCCCTGTGATACAAGAATCAGCCGAGGCAAGCCAGTTGGAAGTCCCAGTAACA	134240243	134243587	-3344
ENSMUST00000082057	TCAGAACGAGTCTGAAGGCCCTGTGATACAAGAATCAGCCGAGGCAAGCCAGTTGGAAGTCCCAGTAACA	134240243	134289412	-49169
ENSMUST00000161308	GTTCGCAGCCTTCGCCGCGCCGCTGCCGCTCTCCAACGCCAGCGCCGCCTCTCGCTTGCCGAGCTCCAGCC	180813548	180812746	802
ENSMUST00000110677	TGCAGTTGTGGAACCAGCTGGAAACACGAAGCGTTGACTGTAGAGCAGGCTGGACCCGGAAGGTCAGGTTC	144879363	144880700	-1337
ENSMUST00000145596	CGTCAGCGTCCTGGACTCACTCATGAGCGCGACATACTTCAATGACAATATCCTCACCCTAATACGGACCCT	23330965	23425740	-94775
ENSMUST00000145596	CGTCAGCGTCCTGGACTCACTCATGAGCGCGACATACTTCAATGACAATATCCTCACCCTAATACGGACCCT	23330965	23442079	-111114
ENSMUST00000145596	CGTCAGCGTCCTGGACTCACTCATGAGCGCGACATACTTCAATGACAATATCCTCACCCTAATACGGACCCT	23330965	23425740	-94775
ENSMUST00000145596	CGTCAGCGTCCTGGACTCACTCATGAGCGCGACATACTTCAATGACAATATCCTCACCCTAATACGGACCCT	23330965	23442079	-111114
ENSMUST00000107691	ATGTCAGGCTTGATAGCTCAATAAGAAATAACACAAATTTTTTTTTCTTAACACACAAATATTGGTATGAAC	84163342	84210351	-47009
ENSMUST00000107691	ATGTCAGGCTTGATAGCTCAATAAGAAATAACACAAATTTTTTTTTCTTAACACACAAATATTGGTATGAAC	84163342	84210351	-47009
ENSMUST00000154230	AGGATGATAGACGCGGTATTCACGAAAGACCCAGGCAGCAAGAAATGCACAAGCCTTTCCGAGGCTCAAATTT	20881040	20853978	27062
ENSMUST00000154230	AGGATGATAGACGCGGTATTCACGAAAGACCCAGGCAGCAAGAAATGCACAAGCCTTTCCGAGGCTCAAATTT	20881040	20861107	19933
ENSMUST00000057207	AACCCTCCAAATACTGCAGTTGGAAATGCGCTGCCCTGTCTGCCATCGCCGCCGCCCTCCTCTTGGCCATTTT	36273384	36139758	133626
ENSMUST00000187541	AGGGCCAGCATCCTTCCCCACAGCACTACATCTCCGAGCCCTATCTGGCCCTCCATGAAGACTCCCACGCCTCA	154391030	154486707	-95677
ENSMUST00000053880	GTCAAGGGGACACGTGGGGGAGAGAAATGAGCTCATCGCCAAGGGTACATCCCTGGAAAGCCAGAGAGCATGAA	135716404	136172937	-456533
ENSMUST00000053880	GTCAAGGGGACACGTGGGGGAGAGAAATGAGCTCATCGCCAAGGGTACATCCCTGGAAAGCCAGAGAGCATGAA	135716404	136172937	-456533
ENSMUST00000053880	GTCAAGGGGACACGTGGGGGAGAGAAATGAGCTCATCGCCAAGGGTACATCCCTGGAAAGCCAGAGAGCATGAA	135716404	136172937	-456533
ENSMUST00000053880	GTCAAGGGGACACGTGGGGGAGAGAAATGAGCTCATCGCCAAGGGTACATCCCTGGAAAGCCAGAGAGCATGAA	135716404	136172937	-456533
ENSMUST00000005504	TCAGCATCACAACGCACACCACTGCTTAGAGATCACAGTCAACTGCAGCCCTATTATTGACCACTGTATAATCC	88009041	88014547	-5506
ENSMUST00000047037	ATGCAAGTGTAATTACTTTCTAAGGCCCTTCTAGCTATGATTTTTTTGGAACTGTGTGAATGTAGTATATTCATT	41796270	41802986	-6716
ENSMUST00000047037	ATGCAAGTGTAATTACTTTCTAAGGCCCTTCTAGCTATGATTTTTTTGGAACTGTGTGAATGTAGTATATTCATT	41796270	41812494	-16224
ENSMUST00000047037	ATGCAAGTGTAATTACTTTCTAAGGCCCTTCTAGCTATGATTTTTTTGGAACTGTGTGAATGTAGTATATTCATT	41796270	41812494	-16224
ENSMUST00000047037	ATGCAAGTGTAATTACTTTCTAAGGCCCTTCTAGCTATGATTTTTTTGGAACTGTGTGAATGTAGTATATTCATT	41796270	41872679	-76409
ENSMUST00000154230	ATGACCCACATGGTCACGCACATGCCTGACCAGTATAAGATCGTAGAGACTCTCATCCAGCATCATGACTGGTTTT	20855664	20853978	1686
ENSMUST00000154230	ATGACCCACATGGTCACGCACATGCCTGACCAGTATAAGATCGTAGAGACTCTCATCCAGCATCATGACTGGTTTT	20855664	20861107	-5443
ENSMUST00000079746	TTTTCCTTTTCTACGTTGGAACGTGCCCCGGAATGTGGCCGTCGGCACACTTCTCAGGACAATGAATCCTTCCTGTT	33248277	33248683	-406
ENSMUST00000154230	ATTGAGGCCAATCGCAAAGAGGACCCACTGGATCGGCTACGAACATTAAAGAGACTAATTCATGACCTGCCTGAGCA	20859102	20853978	5124
ENSMUST00000154230	ATTGAGGCCAATCGCAAAGAGGACCCACTGGATCGGCTACGAACATTAAAGAGACTAATTCATGACCTGCCTGAGCA	20859102	20861107	-2005
ENSMUST00000106224	AAAAACCTCCAGGCCCACTATGAAGACTTTCTACAGGACAGCCATGACTCTGCCCTCTTCTCTGTGGCCGATCGCTT	123493997	123368832	125165
ENSMUST00000106224	AAAAACCTCCAGGCCCACTATGAAGACTTTCTACAGGACAGCCATGACTCTGCCCTCTTCTCTGTGGCCGATCGCTT	123493997	123368832	125165
ENSMUST00000106224	AAAAACCTCCAGGCCCACTATGAAGACTTTCTACAGGACAGCCATGACTCTGCCCTCTTCTCTGTGGCCGATCGCTT	123493997	123368832	125165
ENSMUST00000108858	CAGCAATGACAACAAGACCTTCGACTCTTCCTGCCACTTCTTTGCCACCAAGTGCACCCTGGAGGGCACCAAGAAGG	55401961	55407273	-5312
ENSMUST00000108858	CAGCAATGACAACAAGACCTTCGACTCTTCCTGCCACTTCTTTGCCACCAAGTGCACCCTGGAGGGCACCAAGAAGG	55401961	55407273	-5312
ENSMUST00000108858	CAGCAATGACAACAAGACCTTCGACTCTTCCTGCCACTTCTTTGCCACCAAGTGCACCCTGGAGGGCACCAAGAAGG	55401961	55407276	-5315
ENSMUST00000064054	AAATTCTGTTTCACTTTGTGTAGTGAACCCCATGGTAGTTTTCTGATCGTTGTTAAAAAAAATGACTTAACATATTA	108500645	108636664	-136019
ENSMUST00000107157	TCCGTGTCATTTACTCTGTGACTCTGTCTGTACATAACTGGAATTCGGATGGCAAACTGTACATAGGCTGTTTGGAGT	86991363	87011760	-20397
ENSMUST00000161046	CTTTCAGTGATCTGTGTGCATCTGTAAAGGCAAACCAGAGAAAACAGCCCTAGTCAATAGTGTTCTCCTCACCATGTCC	8690695	8698809	-8114
ENSMUST00000115386	ACTTCTACTTTTATAGAAACCCAACCACCCGCAACCACTGCAAATCTATCTGCTCTCTGGACGATTTCAAGACCCTCTGA	8072439	8095047	-22608
ENSMUST00000187541	TTGGCCGCCATTTGAGTACATGATCCTGGCCACCATCATTGCCAACTGCATCGTCTTGGCCCTGGAGCAGCATCTTCCTGA	154726351	154486707	239644
ENSMUST00000196398	AACACTAGCTAGGCAATGGGATACTGAGCTAACAGTGGAGGCTTAGAGCATTGTAGACCACCATTTTTCTTTTTTTTTTTTTTT	133467008	133469639	-2631
ENSMUST00000196398	AACACTAGCTAGGCAATGGGATACTGAGCTAACAGTGGAGGCTTAGAGCATTGTAGACCACCATTTTTCTTTTTTTTTTTTTTT	133467008	133469639	-2631
ENSMUST00000182660	AAAAACGTATCCCAGTTTACTGTGTTGAGTTGGCATTGTACAGAAATTAACAGCCATATTGGTCTAGAAATGTTGAACTTAATT	162672446	162723281	-50835
ENSMUST00000111398	TGCTGACTCCCGAGACTGAGGAAGGAGCCCCTGAGTCTGCCTGCGCGTCCATCCGTCCGTCCGTCCACTCATCTGTCCATCCAGA	125017452	125037376	-19924
ENSMUST00000111398	TGCTGACTCCCGAGACTGAGGAAGGAGCCCCTGAGTCTGCCTGCGCGTCCATCCGTCCGTCCGTCCACTCATCTGTCCATCCAGA	125017452	125041964	-24512
ENSMUST00000111398	TGCTGACTCCCGAGACTGAGGAAGGAGCCCCTGAGTCTGCCTGCGCGTCCATCCGTCCGTCCGTCCACTCATCTGTCCATCCAGA	125017452	125051058	-33606
ENSMUST00000020027	CAGCAGTCTGGGTGAAAATCTCTTCCAGTTGGATTGGCCTTGTGCTGTACGTGTGGACACTAGTGGCACCACTTGTTCTTACAAA	57515817	57523987	-8170
ENSMUST00000039327	AAGAAGTCTGCTACTACATGCTCTTTGCCCTAGCCGCCTATGGCTGGCCCATGTACCTGATGAGGAAGCCCACCTGTGGTCTCTGCC	10260678	10254949	5729
ENSMUST00000117509	AAGGCCAAAAACTATGCAGATCAGATTTCCCGACTGGAGGAACGAGAATCGGAGATGAAGAAGGAATACAATGCCCTGCACCAGCGGC	24927926	24918136	9790
ENSMUST00000117509	AAGGCCAAAAACTATGCAGATCAGATTTCCCGACTGGAGGAACGAGAATCGGAGATGAAGAAGGAATACAATGCCCTGCACCAGCGGC	24927926	24918136	9790
ENSMUST00000154230	CTGGAAGATTCTGTGCTGATGAAGTATTGCCCAAGGAGCGCGTCTCAAGGAGCGCTGACCTCACCGCCTGTTAGCTTCAATAATCATA	20880826	20853978	26848
ENSMUST00000154230	CTGGAAGATTCTGTGCTGATGAAGTATTGCCCAAGGAGCGCGTCTCAAGGAGCGCTGACCTCACCGCCTGTTAGCTTCAATAATCATA	20880826	20861107	19719
ENSMUST00000097368	TTTATTGAGCATATCCTGTGGCATGTGGGACTCTCAGCCTGCCTTGGACTGACTGTTGCTCTGTCCATCTTTTCGGATATCATCGCCCT	25931703	25931573	130
ENSMUST00000097368	TTTATTGAGCATATCCTGTGGCATGTGGGACTCTCAGCCTGCCTTGGACTGACTGTTGCTCTGTCCATCTTTTCGGATATCATCGCCCT	25931703	25931827	-124
ENSMUST00000117945	GAAGGGGTCCTGTCATAGCCTGGACCCTACTCCACTGCCACATCCCCACCAGCTGCGGGTGTGTACATAGAAACTGAAATCAGGCACTCAG	17840699	17858570	-17871
ENSMUST00000117945	GAAGGGGTCCTGTCATAGCCTGGACCCTACTCCACTGCCACATCCCCACCAGCTGCGGGTGTGTACATAGAAACTGAAATCAGGCACTCAG	17840699	17859523	-18824
ENSMUST00000111905	AATTGCCGGAGACTCCTTAAATCTATATATTCGGGCTACTAACCTCACATGCACATGGAATAATGGCTCTGGATTCTGCATTGTGAGCCGC	136171561	136172937	-1376
ENSMUST00000111905	AATTGCCGGAGACTCCTTAAATCTATATATTCGGGCTACTAACCTCACATGCACATGGAATAATGGCTCTGGATTCTGCATTGTGAGCCGC	136171561	136172937	-1376
ENSMUST00000140471	TTAGGTAGATAGAGGCTGTGCCTCCTTCAGGAAGAGACACTGTCCTTATAACTTCTGGTCAGTGCTGAGTCACAGGCATTGAGGGAGGAGGG	77909849	77930654	-20805
ENSMUST00000140471	TTAGGTAGATAGAGGCTGTGCCTCCTTCAGGAAGAGACACTGTCCTTATAACTTCTGGTCAGTGCTGAGTCACAGGCATTGAGGGAGGAGGG	77909849	77969294	-59445
ENSMUST00000239177	CGGAATTTCTCTCCAAATGCTCCTGCTCACTTTTCCTTCGTTCCTGCCCGTAGCCATGGCCACAGAACAGACAGGACTGATGGACGGCGCTG	116337448	116308334	29114
ENSMUST00000239177	CGGAATTTCTCTCCAAATGCTCCTGCTCACTTTTCCTTCGTTCCTGCCCGTAGCCATGGCCACAGAACAGACAGGACTGATGGACGGCGCTG	116337448	116316006	21442
ENSMUST00000239177	CGGAATTTCTCTCCAAATGCTCCTGCTCACTTTTCCTTCGTTCCTGCCCGTAGCCATGGCCACAGAACAGACAGGACTGATGGACGGCGCTG	116337448	116391631	-54183
ENSMUST00000041391	AGGCCATGGCCAGCGAGCTGAGAGAGCACCGGGCTGCACATCTGGGAAAGAAGGCCCGAGGCAAGGAGGCGGATGAGCAGCGGCAGAAGGAGG	46313352	46320963	-7611
ENSMUST00000108407	CCAGTTCCAGAAGATCTCTGAGGAACTCAAAGTGAAAGGGCCCAAGGACTCTAAGGACAGCCATACATCAGTCACCATGGAAGCTCTGCTGTA	76472578	76459272	13306
ENSMUST00000108407	CCAGTTCCAGAAGATCTCTGAGGAACTCAAAGTGAAAGGGCCCAAGGACTCTAAGGACAGCCATACATCAGTCACCATGGAAGCTCTGCTGTA	76472578	76459272	13306
ENSMUST00000030806	ACTTGGAGTTTTCTCTCCTAAAAAGACCCCACATCTTGTTAACCTCAATGAAGACCCATTAATGTCGGAGTGTTTGCTCTATTACATCAAGGA	149251806	149258003	-6197
ENSMUST00000030806	ACTTGGAGTTTTCTCTCCTAAAAAGACCCCACATCTTGTTAACCTCAATGAAGACCCATTAATGTCGGAGTGTTTGCTCTATTACATCAAGGA	149251806	149258003	-6197
ENSMUST00000106983	CTGACACTTCTCAGCAGGATCCACATACCCTAAGGAGTGGAAGACTCCTTGGCGCTTGGTGCTTCAACCGGACTGACTTCCTGGGCCTGGAGTT	101869272	101864094	5178
ENSMUST00000106983	CTGACACTTCTCAGCAGGATCCACATACCCTAAGGAGTGGAAGACTCCTTGGCGCTTGGTGCTTCAACCGGACTGACTTCCTGGGCCTGGAGTT	101869272	101868467	805
ENSMUST00000106983	CTGACACTTCTCAGCAGGATCCACATACCCTAAGGAGTGGAAGACTCCTTGGCGCTTGGTGCTTCAACCGGACTGACTTCCTGGGCCTGGAGTT	101869272	101868467	805
ENSMUST00000106983	CTGACACTTCTCAGCAGGATCCACATACCCTAAGGAGTGGAAGACTCCTTGGCGCTTGGTGCTTCAACCGGACTGACTTCCTGGGCCTGGAGTT	101869272	101868467	805
ENSMUST00000106983	CTGACACTTCTCAGCAGGATCCACATACCCTAAGGAGTGGAAGACTCCTTGGCGCTTGGTGCTTCAACCGGACTGACTTCCTGGGCCTGGAGTT	101869272	101868551	721
ENSMUST00000106983	CTGACACTTCTCAGCAGGATCCACATACCCTAAGGAGTGGAAGACTCCTTGGCGCTTGGTGCTTCAACCGGACTGACTTCCTGGGCCTGGAGTT	101869272	101868467	805
ENSMUST00000106983	CTGACACTTCTCAGCAGGATCCACATACCCTAAGGAGTGGAAGACTCCTTGGCGCTTGGTGCTTCAACCGGACTGACTTCCTGGGCCTGGAGTT	101869272	101868470	802
ENSMUST00000021091	CCTCCTTCCTCCCTTCCCTCTCCCTCCCCCTCCCCCGCTGGTGGATGGGAGTGAAGGACGGAAGAGGCCCTGCGGAGGCGGTGGTGCAGCGCTCCG	74724575	74677742	46833
ENSMUST00000140901	CTCCAAACCAGAAGACCCTGGGAGGCACTGGCAGGGACCTGGGCCTCTCACCCTGTGACACTCTTAACTGCGTTGACTCTGATTGCATTGCCACCCT	81366596	81368596	-2000
ENSMUST00000177302	ACAAAAGACTCTTTGTTACCCAGGTCTCCTGTAAAACCTATGGACTCCATCACATCGCCATCTATAGCAGAACTCCACAACAGTGTTACGAGTTGTGAT	44997282	45017465	-20183
ENSMUST00000107158	GTTTTCTCTGGCTGGCTAGACGTACAGCGACTCCGTGTCATTTACTCTGTGACTCTGTCTGTACATAACTGGAATTCGGATGGCAAACTGTACATAGGCTGTT	86991336	87011760	-20424
ENSMUST00000060537	CCTCCTCCACTTGCCCCTCCTTGGTGGACTCCAGGAGCAGCTCTATGGATCAGAAGACCCCAGAAGCCAACTCTCGTGCCTCCAGTCCCTGCCAAGAATTTGA	149184420	149258003	-73583
ENSMUST00000060537	CCTCCTCCACTTGCCCCTCCTTGGTGGACTCCAGGAGCAGCTCTATGGATCAGAAGACCCCAGAAGCCAACTCTCGTGCCTCCAGTCCCTGCCAAGAATTTGA	149184420	149258003	-73583
ENSMUST00000187541	AAACCTTCACTCACTATATCAAGGACTTGGGAACTTCTTAGCATTTCTTCTAAGCATTGAATTTTTTTAAGGAAACCTCCATCTTAATGGGACTGAGGCTAAGTT	154397008	154486707	-89699
ENSMUST00000102930	TGAAGACTCTGACAACAGTGCAATTTATGTGCAAGGATTAAATGACAATGTGACTCTGGATGATCTGGCAGACTTCTTTAAGCAGTGTGGGGTTGTCAAGATGAAC	5078503	5078579	-76
ENSMUST00000078226	CAGACAGGTCTGGGAGTTCTGTTCCACCTGAGTGGAGAGTTCAATAGAGCAATCGATGCATTTAATGCTGCCTTAACAGTTCGGCCAGAGGATTACTCACTGTGGAACCGT	32953124	33006043	-52919
ENSMUST00000078226	CAGACAGGTCTGGGAGTTCTGTTCCACCTGAGTGGAGAGTTCAATAGAGCAATCGATGCATTTAATGCTGCCTTAACAGTTCGGCCAGAGGATTACTCACTGTGGAACCGT	32953124	33006043	-52919
ENSMUST00000078226	CAGACAGGTCTGGGAGTTCTGTTCCACCTGAGTGGAGAGTTCAATAGAGCAATCGATGCATTTAATGCTGCCTTAACAGTTCGGCCAGAGGATTACTCACTGTGGAACCGT	32953124	33082135	-129011
ENSMUST00000100143	TTGACAATTGTTTTGCAGCGAACTGGTGACCCTGCTAATTTAAATAGGCTGAGACCTCATTTAGAGCTTCTTGCAAACATAGACCCTAATCCAGATGCTGTTTCACCAACT	37399865	37389774	10091
ENSMUST00000100143	TTGACAATTGTTTTGCAGCGAACTGGTGACCCTGCTAATTTAAATAGGCTGAGACCTCATTTAGAGCTTCTTGCAAACATAGACCCTAATCCAGATGCTGTTTCACCAACT	37399865	37389774	10091
ENSMUST00000055647	AGCAGAGACTGGATCTGATGCGAGAGATGTATGACAGGGCAGGGGAGGTGGCCTCCAGTGCCCAAGATGACAGCGAGACGACCATGACCGGCAGCGACCCATTCTACGATC	149222249	149258003	-35754
ENSMUST00000055647	AGCAGAGACTGGATCTGATGCGAGAGATGTATGACAGGGCAGGGGAGGTGGCCTCCAGTGCCCAAGATGACAGCGAGACGACCATGACCGGCAGCGACCCATTCTACGATC	149222249	149258003	-35754
ENSMUST00000044443	CCAAGATGAGCAGGAGCGGATGGAAGAAAGGCTGGCTTACATCGCTGATCACCTTGGCTTCAGCTGGACAGAATTAGCAAGAGAACTGGATTTCACTGAGGAGCAAATTCA	126940092	126976932	-36840
ENSMUST00000044443	CCAAGATGAGCAGGAGCGGATGGAAGAAAGGCTGGCTTACATCGCTGATCACCTTGGCTTCAGCTGGACAGAATTAGCAAGAGAACTGGATTTCACTGAGGAGCAAATTCA	126940092	126976932	-36840
ENSMUST00000123853	GAAAAAGAAATGGCAGCCATCTTTGCAAATACCAGACATGTGAAAGGACACAGGATCCGTGTAGAAATGAACTTTCTGAACTGTACAGTTTTTCAGCCTCTCTTGCTAGCAG	78513495	78503022	10473
ENSMUST00000238956	AAGGCAACTCGACCAGTATTATTAACCCAAAGAACCCAAAGGAAGCACCAAAGTCCTTCAGCTTTGACTACTCCTACTGGTCCCACACCTCGCCTGAAGATCCCTGTTTTGCATC	149291463	149258003	33460
ENSMUST00000238956	AAGGCAACTCGACCAGTATTATTAACCCAAAGAACCCAAAGGAAGCACCAAAGTCCTTCAGCTTTGACTACTCCTACTGGTCCCACACCTCGCCTGAAGATCCCTGTTTTGCATC	149291463	149258003	33460
ENSMUST00000050288	TAGCGACAAGTACTGCACCCCGCGATACAGTGAATTTGAAGAACTTGAGCGTAAATACTGGAAAAACCTCACATTCAATCCTCCCATCTATGGAGCAGACGTGAATGGTACTCTC	118175723	118177563	-1840
ENSMUST00000142817	CGTGCACTACAGAAGAGGCATGATGACTTTGAAGAAGTGGCACAGAATACATACACCAATGCGGACAAGCTCCTAGAAGCAGCGGAGCAGCTGGCTCAGACTGGGGAATGTGACCC	34294204	34013676	280528
ENSMUST00000142817	CGTGCACTACAGAAGAGGCATGATGACTTTGAAGAAGTGGCACAGAATACATACACCAATGCGGACAAGCTCCTAGAAGCAGCGGAGCAGCTGGCTCAGACTGGGGAATGTGACCC	34294204	34220247	73957
ENSMUST00000161779	TCCACCCCAGTCAGTATCCAGCCCAGTTTGCCCACCAGACCTATATCAGCGCCTCGCCAGCCTCCACCGTCTACACTGGATACCCACTGAGTCCTGCCAAGGTCAACCAATACCCT	38694741	38721594	-26853
ENSMUST00000161779	TCCACCCCAGTCAGTATCCAGCCCAGTTTGCCCACCAGACCTATATCAGCGCCTCGCCAGCCTCCACCGTCTACACTGGATACCCACTGAGTCCTGCCAAGGTCAACCAATACCCT	38694741	38730995	-36254
ENSMUST00000161779	TCCACCCCAGTCAGTATCCAGCCCAGTTTGCCCACCAGACCTATATCAGCGCCTCGCCAGCCTCCACCGTCTACACTGGATACCCACTGAGTCCTGCCAAGGTCAACCAATACCCT	38694741	38721594	-26853
ENSMUST00000161779	TCCACCCCAGTCAGTATCCAGCCCAGTTTGCCCACCAGACCTATATCAGCGCCTCGCCAGCCTCCACCGTCTACACTGGATACCCACTGAGTCCTGCCAAGGTCAACCAATACCCT	38694741	38730995	-36254
ENSMUST00000109830	AACAAGAAGGGAAATGACAACCAAAGGTTCTACAGGCATGGAAGTTCTGTTGTCAACATTGGAGAACACGAAAGATCTTCAGACTGTACTTAATATCCTAAGCATTCTCATTGAGC	59533179	59473817	59362
ENSMUST00000190723	GACGAATTGTGCTCCCCCCAGAGGTTGTGCGTGTTGTGGTTTCTTCCAAAATTGCTCTGGTGGGAAGTTCGGAATGCCAGGAAGGTCAGAGGGCCCGAGACCCAGGGTATTGCCGCT	93018188	93046770	-28582
ENSMUST00000190723	GACGAATTGTGCTCCCCCCAGAGGTTGTGCGTGTTGTGGTTTCTTCCAAAATTGCTCTGGTGGGAAGTTCGGAATGCCAGGAAGGTCAGAGGGCCCGAGACCCAGGGTATTGCCGCT	93018188	93046770	-28582
ENSMUST00000112476	TAAAGTGGGGTCACGGGCATGAGTGTTTCAGTGCTTACCATGGTGTGTATAAGCCTTGAACTATGCATAGAACTGGAGTTTGGGGAGTGCTGGATGTGTGGTCATGCTTGGTTGAGGC	124760474	124768337	-7863
ENSMUST00000088644	CTCCTCTGGAACAGCTGTGTCTACTTCTGTTTCTCAGCCTGGTATGGTTCATCCTTTGGTCATCTCATCAGCTGTAGTTTCTACACCTGGCCTCCCCCAACCAGTAGTACCTACTTCTAC	119948798	119944784	4014
ENSMUST00000110136	GACAATGAGTTCAAGTGCAGGCACTCACAGCCAGAATGTGGGTATGGCTTACAGCCCGATCGTTGGACAGAGTACAGCATACAGACAATGGAACCAGATAATCTGGAGCTCATCTTTGACTT	132550432	132572254	-21822
ENSMUST00000030806	ATCATTCAGATGCAAGGCAACTCGACCAGTATTATTAACCCAAAGAACCCAAAGGAAGCACCAAAGTCCTTCAGCTTTGACTACTCCTACTGGTCCCACACCTCGCCTGAAGATCCCTGTTTT	149291450	149258003	33447
ENSMUST00000030806	ATCATTCAGATGCAAGGCAACTCGACCAGTATTATTAACCCAAAGAACCCAAAGGAAGCACCAAAGTCCTTCAGCTTTGACTACTCCTACTGGTCCCACACCTCGCCTGAAGATCCCTGTTTT	149291450	149258003	33447
ENSMUST00000060537	TCAAACTTGTGGGAAGCTCCCCTATTTTCCACGGCTGTGTGAATGAGCGCCTTGCCGACCGCACACCCTCCCCCACTTTTTCCACGGCCGATTCCGACATCACTGAACTGGCTGACGAGCAGCA	149220552	149258003	-37451
ENSMUST00000060537	TCAAACTTGTGGGAAGCTCCCCTATTTTCCACGGCTGTGTGAATGAGCGCCTTGCCGACCGCACACCCTCCCCCACTTTTTCCACGGCCGATTCCGACATCACTGAACTGGCTGACGAGCAGCA	149220552	149258003	-37451
ENSMUST00000060537	TCAAACTTGTGGGAAGCTCCCCTATTTTCCACGGCTGTGTGAATGAGCGCCTTGCCGACCGCACACCCTCCCCCACTTTTTCCACGGCCGATTCCGACATCACTGAACTGGCTGACGAGCAGCA	149220552	149258003	-37451
ENSMUST00000060537	TCAAACTTGTGGGAAGCTCCCCTATTTTCCACGGCTGTGTGAATGAGCGCCTTGCCGACCGCACACCCTCCCCCACTTTTTCCACGGCCGATTCCGACATCACTGAACTGGCTGACGAGCAGCA	149220552	149258003	-37451
ENSMUST00000055647	AGAAGCCAACTCTCGTGCCTCCAGTCCCTGCCAAGAATTTGAACAGTTTCAGATCGTCCCAACTGTGGAGACACCCTATTTGGCCCGAGCAGGGAAGAATGAATTTCTCAATCTTGTTCCAGAC	149182317	149258003	-75686
ENSMUST00000055647	AGAAGCCAACTCTCGTGCCTCCAGTCCCTGCCAAGAATTTGAACAGTTTCAGATCGTCCCAACTGTGGAGACACCCTATTTGGCCCGAGCAGGGAAGAATGAATTTCTCAATCTTGTTCCAGAC	149182317	149258003	-75686
ENSMUST00000001480	ATGGAGAACTGGGGCCTTGTTACTTATAGGGAAACGGCCTTGCTTATTGATCCAAAAAACTCGTGTTCTTCATCACGCCAGTGGGTTGCTCTGGTTGTGGGACATGAACTCGCCCATCAATGGTT	97241816	97236169	5647
ENSMUST00000154230	ACATATTCCTGCATCTGCTGTCATCTCCGCCTCTACTGCCCACGTCCCCTCCATTGCAACTGTTCCCCCCAGCCTCACGACCTCTGCTCCTTTGATTCGACGTCAGCTCTCCCACGACCAAGAATCT	20871655	20853978	17677
ENSMUST00000154230	ACATATTCCTGCATCTGCTGTCATCTCCGCCTCTACTGCCCACGTCCCCTCCATTGCAACTGTTCCCCCCAGCCTCACGACCTCTGCTCCTTTGATTCGACGTCAGCTCTCCCACGACCAAGAATCT	20871655	20861107	10548
ENSMUST00000154230	ACATATTCCTGCATCTGCTGTCATCTCCGCCTCTACTGCCCACGTCCCCTCCATTGCAACTGTTCCCCCCAGCCTCACGACCTCTGCTCCTTTGATTCGACGTCAGCTCTCCCACGACCAAGAATCT	20871655	20853978	17677
ENSMUST00000154230	ACATATTCCTGCATCTGCTGTCATCTCCGCCTCTACTGCCCACGTCCCCTCCATTGCAACTGTTCCCCCCAGCCTCACGACCTCTGCTCCTTTGATTCGACGTCAGCTCTCCCACGACCAAGAATCT	20871655	20861107	10548
ENSMUST00000055647	TGGAGTTTTCTCTCCTAAAAAGACCCCACATCTTGTTAACCTCAATGAAGACCCATTAATGTCGGAGTGTTTGCTCTATTACATCAAGGATGGAATTACAAGGGTTGGCCAGGCAGATGCTGAGCGGCGCC	149251809	149258003	-6194
ENSMUST00000055647	TGGAGTTTTCTCTCCTAAAAAGACCCCACATCTTGTTAACCTCAATGAAGACCCATTAATGTCGGAGTGTTTGCTCTATTACATCAAGGATGGAATTACAAGGGTTGGCCAGGCAGATGCTGAGCGGCGCC	149251809	149258003	-6194
ENSMUST00000092971	CAGTTCTGCTTCCTCCTGTCCACCCGAGCTGGTGGCCTGGGCATCAACTTGGCCACTGCTGACACTGTCATCATCTTCGATTCTGACTGGAACCCCCATAATGACATCCAGGCCTTCAGCAGAGCCCATCGGAT	69354097	69355772	-1675
ENSMUST00000092971	CAGTTCTGCTTCCTCCTGTCCACCCGAGCTGGTGGCCTGGGCATCAACTTGGCCACTGCTGACACTGTCATCATCTTCGATTCTGACTGGAACCCCCATAATGACATCCAGGCCTTCAGCAGAGCCCATCGGAT	69354097	69361224	-7127
ENSMUST00000092971	CAGTTCTGCTTCCTCCTGTCCACCCGAGCTGGTGGCCTGGGCATCAACTTGGCCACTGCTGACACTGTCATCATCTTCGATTCTGACTGGAACCCCCATAATGACATCCAGGCCTTCAGCAGAGCCCATCGGAT	69354097	69361523	-7426
ENSMUST00000074352	ATCTGGTACAGTGGGGATGACCTGAAAGAGAAGAGGCAGTGCTGTGCCACAGCTGCCCCCTTGGAGCCCTGCTCATGGCCAGTGAGAAGCTGTTGGCTGCAGCTCCTATCCCCACACTGTAATACTCAGCTCTA	12755561	12929089	-173528
ENSMUST00000031411	TTACGCTGGCTGGGCTGACAAGTACCATGGGAAAACCATTCCCATCGACGGCGACTTCTTCAGCTATACCCGCCATGAGCCTGTGGGCGTGTGTGGACAGATCATTCCGTGGAACTTCCCGCTCCTGATGCAAGC	121576464	121579741	-3277
ENSMUST00000105575	GGGTTTTGTGGGCTGTCTGCGGGACGTGGTAGTGGGCCATCGCCAGCTGCATCTGCTGGAGGACGCTGTCACCAAACCAGAGCTAAGACCCTGCCCCACTCTCTGAGCTGCCACTAGAGCTGCCACCTTCCCTCCTGTA	156165379	156167809	-2430
ENSMUST00000044443	GATCCCCAGCCACCAGGTGTCTGCGCTAGCCAAGGAGGCAGAAAGGAATTCTTATCGTCTGAGCTGGGGCACTGAGAACTTAGACAACGTGGCTCTTTCTTCCAGTCCTATTCATTCAGGTTTCCTAGTCAGTTTTATGG	126976936	126976932	4
ENSMUST00000044443	GATCCCCAGCCACCAGGTGTCTGCGCTAGCCAAGGAGGCAGAAAGGAATTCTTATCGTCTGAGCTGGGGCACTGAGAACTTAGACAACGTGGCTCTTTCTTCCAGTCCTATTCATTCAGGTTTCCTAGTCAGTTTTATGG	126976936	126976932	4
ENSMUST00000025253	AATGAGGAATGGGAGACTGCATCAGAGAGCAGCGACTTTGCCAGTGAGCGCCGGGGTGACAAGGAGACTCCCCCAGCAGCACTTATGACCTCTAAAGCTGTGGGGACTCCTGGGGCCAATGCAGGTGGGGCTGGACCAGGCATTT	35156855	35150902	5953
ENSMUST00000108407	AAGTGCTACGACAAGACCAAGGTCAACAAAGACAACAATGAGATTGTGGACAAGATCATGGGCAAGGGGCAGATCCAGCTGGATCCACAGACAGTAGAAAGCAAGAACTGGCATACGGACGTGATTGAAATGAATGGGATCAAAG	76451921	76459272	-7351
ENSMUST00000108407	AAGTGCTACGACAAGACCAAGGTCAACAAAGACAACAATGAGATTGTGGACAAGATCATGGGCAAGGGGCAGATCCAGCTGGATCCACAGACAGTAGAAAGCAAGAACTGGCATACGGACGTGATTGAAATGAATGGGATCAAAG	76451921	76459272	-7351
ENSMUST00000237749	TTATATAGCATGGAGTCCAGATGACAGCTATCTTGTTGCTTGTGGTCCAGATGACTGCTCTGAGCTTTGGCTTTGGAATGTACAGACGGGAGAATTAAGAACAAAAATGAGCCAATCTCATGAAGACAGTTTGACCAGTGTGGCC	181187669	181203160	-15491
ENSMUST00000237749	TTATATAGCATGGAGTCCAGATGACAGCTATCTTGTTGCTTGTGGTCCAGATGACTGCTCTGAGCTTTGGCTTTGGAATGTACAGACGGGAGAATTAAGAACAAAAATGAGCCAATCTCATGAAGACAGTTTGACCAGTGTGGCC	181187669	181203160	-15491
ENSMUST00000101141	ATGGAACTCTCTGTAAATATACTGACCTTGCTTGTGGTCAGCTTTTGTGGCTTTACCCTGAACTCTGCCCTGGCAAATATGCACATTCATGCTTGATGCTTACCACTTATCAACAGATCCTCTTGCTTGACTTTAACAAAATAAATAGT	152612156	152617355	-5199
ENSMUST00000101141	ATGGAACTCTCTGTAAATATACTGACCTTGCTTGTGGTCAGCTTTTGTGGCTTTACCCTGAACTCTGCCCTGGCAAATATGCACATTCATGCTTGATGCTTACCACTTATCAACAGATCCTCTTGCTTGACTTTAACAAAATAAATAGT	152612156	152619446	-7290
ENSMUST00000101141	ATGGAACTCTCTGTAAATATACTGACCTTGCTTGTGGTCAGCTTTTGTGGCTTTACCCTGAACTCTGCCCTGGCAAATATGCACATTCATGCTTGATGCTTACCACTTATCAACAGATCCTCTTGCTTGACTTTAACAAAATAAATAGT	152612156	152623317	-11161
ENSMUST00000101141	ATGGAACTCTCTGTAAATATACTGACCTTGCTTGTGGTCAGCTTTTGTGGCTTTACCCTGAACTCTGCCCTGGCAAATATGCACATTCATGCTTGATGCTTACCACTTATCAACAGATCCTCTTGCTTGACTTTAACAAAATAAATAGT	152612156	152623317	-11161
ENSMUST00000009344	TGCAGGCTTTTGGACAGTCCTTTCTTCAGCCTGACATCCACCTGTTCAAACAAAATCTCTTCTACTTGGAGACTCTGAACACGAAGCAGAAACTATACCACAAAAAGATCTTCCGGACCACCATGCTGTTCCAGTTCGTGAACGTGCTGCT	126105117	126104789	328
ENSMUST00000009344	TGCAGGCTTTTGGACAGTCCTTTCTTCAGCCTGACATCCACCTGTTCAAACAAAATCTCTTCTACTTGGAGACTCTGAACACGAAGCAGAAACTATACCACAAAAAGATCTTCCGGACCACCATGCTGTTCCAGTTCGTGAACGTGCTGCT	126105117	126108855	-3738
ENSMUST00000009344	TGCAGGCTTTTGGACAGTCCTTTCTTCAGCCTGACATCCACCTGTTCAAACAAAATCTCTTCTACTTGGAGACTCTGAACACGAAGCAGAAACTATACCACAAAAAGATCTTCCGGACCACCATGCTGTTCCAGTTCGTGAACGTGCTGCT	126105117	126129637	-24520
ENSMUST00000195826	TACTAAATGGACAGAGTGTTTTTGGACTGGATATCGTGGAAACTCCGGAGGGAGAAAAGTGGCCGCAATTGATTGTTCAGCAGAACTTGGATAGAGAACAAAAAGATACCTATGTGATGAAAATCAAAGTGGAGGATGGGGGCACGCCACAG	93886395	93326754	559641
ENSMUST00000121759	TAGAGCAGATCTGTTAGGACAGAGCACCTTTGCAAATGCTCAGTGTTATCACAATCCTGTGTTTATAGAAGTAACTCTGCTGCAGCCATCACTCGCTGTTAGCAATAACTCTTGTGAGTTTTAGATCGTGCTTGTTGGGGTTCTAATCATTTCAACAGTAGTA	90938373	90940493	-2120
ENSMUST00000121759	TAGAGCAGATCTGTTAGGACAGAGCACCTTTGCAAATGCTCAGTGTTATCACAATCCTGTGTTTATAGAAGTAACTCTGCTGCAGCCATCACTCGCTGTTAGCAATAACTCTTGTGAGTTTTAGATCGTGCTTGTTGGGGTTCTAATCATTTCAACAGTAGTA	90938373	90974066	-35693
ENSMUST00000163230	TTTTTGCTGTTGTCCCAGGTCCTCGGTGTTTGCATTCCAAGAGGAAGTCGAGTGCCTCGGGTCTGTTGTAGGACTTGATTTTTTTTTTTTTTGTAGAGCAATGCAGTGCCATGCTGTTAGAAAGGCTCCAGACTTAGAACCACCAGTGCCAAGCCAGCTCTCAGACCGACTAGGGCTC	45382286	45394860	-12574
ENSMUST00000163230	TTTTTGCTGTTGTCCCAGGTCCTCGGTGTTTGCATTCCAAGAGGAAGTCGAGTGCCTCGGGTCTGTTGTAGGACTTGATTTTTTTTTTTTTTGTAGAGCAATGCAGTGCCATGCTGTTAGAAAGGCTCCAGACTTAGAACCACCAGTGCCAAGCCAGCTCTCAGACCGACTAGGGCTC	45382286	45394860	-12574
ENSMUST00000078352	AAGACTGTGCGGGACCTCATGCCCAAGACCATCATGCACCTCATGATCAACAACACCAAGGAGTTTATCTTCTCTGAGCTGCTGGCCAACCTGTACTCTTGCGGGGACCAGAACACACTGATGGAAGAATCGGCCGAGCAGGCTCAGCGGCGCGACGAGATGCTGCGCATGTACCACGCAC	32315025	32309064	5961
ENSMUST00000078352	AAGACTGTGCGGGACCTCATGCCCAAGACCATCATGCACCTCATGATCAACAACACCAAGGAGTTTATCTTCTCTGAGCTGCTGGCCAACCTGTACTCTTGCGGGGACCAGAACACACTGATGGAAGAATCGGCCGAGCAGGCTCAGCGGCGCGACGAGATGCTGCGCATGTACCACGCAC	32315025	32309064	5961
ENSMUST00000078352	AAGACTGTGCGGGACCTCATGCCCAAGACCATCATGCACCTCATGATCAACAACACCAAGGAGTTTATCTTCTCTGAGCTGCTGGCCAACCTGTACTCTTGCGGGGACCAGAACACACTGATGGAAGAATCGGCCGAGCAGGCTCAGCGGCGCGACGAGATGCTGCGCATGTACCACGCAC	32315025	32309637	5388
ENSMUST00000141722	TTCTCCTGGAAAAGGACTTAGTGCTGATAGACCTTGCACAAAATGGATACCCTATATTTGAGAATCCCTACCCTTTGAGTATACACGAGTCCCCTGTTACATGTTGTGAATATTTTGCTGATTGTCCTGTGGATCTTATTCCTGCACTTTACTCTGTTGGAGCTAGACAGAAGCGTCAAGGTT	9816288	9769534	46754
ENSMUST00000141722	TTCTCCTGGAAAAGGACTTAGTGCTGATAGACCTTGCACAAAATGGATACCCTATATTTGAGAATCCCTACCCTTTGAGTATACACGAGTCCCCTGTTACATGTTGTGAATATTTTGCTGATTGTCCTGTGGATCTTATTCCTGCACTTTACTCTGTTGGAGCTAGACAGAAGCGTCAAGGTT	9816288	9778066	38222
ENSMUST00000190723	TGGAGGACCTCTCCAAGCTGGCTGTAACCTCCTACAATGACATCCAGGACCTCATGGACTCAGGGAACAAGGCCAGGACTGTGGCGGCCACAAACATGAATGAGACCAGCAGCCGTTCTCACGCAGTCTTCAACATCATCTTTACCCAGAAGCGCCATGATGCAGAGACCAACATCACCACAGAGA	93076259	93046770	29489
ENSMUST00000190723	TGGAGGACCTCTCCAAGCTGGCTGTAACCTCCTACAATGACATCCAGGACCTCATGGACTCAGGGAACAAGGCCAGGACTGTGGCGGCCACAAACATGAATGAGACCAGCAGCCGTTCTCACGCAGTCTTCAACATCATCTTTACCCAGAAGCGCCATGATGCAGAGACCAACATCACCACAGAGA	93076259	93046770	29489
ENSMUST00000200169	TGTCTAGACATTCTGGAGGATTATCTGATCCAGAGGAGGTACTTATATGAACGTATTGATGGGCGAGTTAGAGGCAACCTTCGACAAGCTGCTATCGACCGCTTTAGCAAGCCTGACTCAGACCGCTTTGTCTTCTTGCTATGTACCCGTGCTGGTGGACTTGGTATTAATCTTACAGCTGCTGATACCTG	52216431	52212719	3712
ENSMUST00000086819	GAAGCAGCCTGGGACAGTTCCATGCATAACTCTCTCCTGCTGAATCGTGTCACCCCTTACCGGGAGAAAATCTACATGACGCTCTCTGCCTACATTGAGATGGAGAACTGTACCCAGCCAGCTGTCATCACCAAGGACTTCTGCATGGTTTTCTACTCTCGGGACGCCAAGCTACCCGCCTCACGCTCCATTCGCAACCTGTTT	93025673	93046770	-21097
ENSMUST00000107788	GGGGAACGCTTACGAGCCTGGGTCCGAGCCCGGCTCCCTGCCTGTTGCCGAGAGCGAGATTCCTGGTCTGCCTATATCTTCCCTCCCCAGTCAAGGTTTCGTCTCCTGTGTCACCGGATCATCACCCACAAGATGTTTGACCATGTGGTCCTCGTCATCATCTTCCTCAACTGTATCACCATCGCTATGGAGCGCCCCAAAATT	94432717	94416655	16062
ENSMUST00000107788	GGGGAACGCTTACGAGCCTGGGTCCGAGCCCGGCTCCCTGCCTGTTGCCGAGAGCGAGATTCCTGGTCTGCCTATATCTTCCCTCCCCAGTCAAGGTTTCGTCTCCTGTGTCACCGGATCATCACCCACAAGATGTTTGACCATGTGGTCCTCGTCATCATCTTCCTCAACTGTATCACCATCGCTATGGAGCGCCCCAAAATT	94432717	94459826	-27109
ENSMUST00000112958	ACCTCTTCTCTCGAATCAACGACACCACCAACGACAACATGTCCTACTCTGTGGAGGTCAGCTACATGGAGATTTACTGTGAGCGAGTCCGTGACCTCCTGAACCCCAAGAACAAAGGCAACCTGCGTGTGAGGGAGCACCCTCTGCTGGGGCCTTATGTGGAGGACCTCTCCAAGCTGGCTGTAACCTCCTACAATGACATCCAGGACCTCA	93077056	93046770	30286
ENSMUST00000030806	GAAATTTACTGTGAGAGAGTACGAGATTTACTGAATCCCAAAAACAAGGGTAACTTGCGTGTGCGTGAACACCCGCTTCTTGGACCCTATGTGGAGGATCTGTCCAAGCTGGCGGTCACCTCCTACACTGACATCGCTGACCTGATGGATGCTGGGAACAAAGCCAGGACTGTGGCAGCTACCAACATGAATGAGACAAGCAGCCGTTCTCACGCTGTGTTC	149270734	149258003	12731
ENSMUST00000030806	GAAATTTACTGTGAGAGAGTACGAGATTTACTGAATCCCAAAAACAAGGGTAACTTGCGTGTGCGTGAACACCCGCTTCTTGGACCCTATGTGGAGGATCTGTCCAAGCTGGCGGTCACCTCCTACACTGACATCGCTGACCTGATGGATGCTGGGAACAAAGCCAGGACTGTGGCAGCTACCAACATGAATGAGACAAGCAGCCGTTCTCACGCTGTGTTC	149270734	149258003	12731
ENSMUST00000030806	GAAATTTACTGTGAGAGAGTACGAGATTTACTGAATCCCAAAAACAAGGGTAACTTGCGTGTGCGTGAACACCCGCTTCTTGGACCCTATGTGGAGGATCTGTCCAAGCTGGCGGTCACCTCCTACACTGACATCGCTGACCTGATGGATGCTGGGAACAAAGCCAGGACTGTGGCAGCTACCAACATGAATGAGACAAGCAGCCGTTCTCACGCTGTGTTC	149270734	149258003	12731
ENSMUST00000030806	GAAATTTACTGTGAGAGAGTACGAGATTTACTGAATCCCAAAAACAAGGGTAACTTGCGTGTGCGTGAACACCCGCTTCTTGGACCCTATGTGGAGGATCTGTCCAAGCTGGCGGTCACCTCCTACACTGACATCGCTGACCTGATGGATGCTGGGAACAAAGCCAGGACTGTGGCAGCTACCAACATGAATGAGACAAGCAGCCGTTCTCACGCTGTGTTC	149270734	149258003	12731
ENSMUST00000190723	ATAACTCTCTCCTGCTGAATCGTGTCACCCCTTACCGGGAGAAAATCTACATGACGCTCTCTGCCTACATTGAGATGGAGAACTGTACCCAGCCAGCTGTCATCACCAAGGACTTCTGCATGGTTTTCTACTCTCGGGACGCCAAGCTACCCGCCTCACGCTCCATTCGCAACCTGTTTGGCAGTGGCAGCCTGCGGGCCACAGAAGGCAACCGTGTGACTGG	93025700	93046770	-21070
ENSMUST00000190723	ATAACTCTCTCCTGCTGAATCGTGTCACCCCTTACCGGGAGAAAATCTACATGACGCTCTCTGCCTACATTGAGATGGAGAACTGTACCCAGCCAGCTGTCATCACCAAGGACTTCTGCATGGTTTTCTACTCTCGGGACGCCAAGCTACCCGCCTCACGCTCCATTCGCAACCTGTTTGGCAGTGGCAGCCTGCGGGCCACAGAAGGCAACCGTGTGACTGG	93025700	93046770	-21070
ENSMUST00000086819	GAGAGCAAGCTCTCTGAGATGTCTGTCACCCTGATGCGGGACCCATCCATGTCCCCTCTGGGTGCTGCTACACTCACTCCCTCCTCCACTTGCCCCTCTCTGATCGAAGGACGATACGGTGCCACTGACGTGAGGACCCCCCAGCCCTGCTCCCGGCCCGCCAGCCCAGAGCCCGAGCTCCTGCCAGAACTTGACTCTAAGAAGACTCCCTCCCCTGTTCGGGCAACA	93021246	93046770	-25524
ENSMUST00000060537	AAGGATACCTGCATTTCAAAGAGCCACTTTCCAGTAACTGGGCTAAACATTTCGTTGTGGTTCGTCGCCCTTACGTCTTCATCTATAACAGTGACAAAGACCCAGTAGAGCGTGGCATCATTAACCTGTCTACAGCACAGGTGGAGTACAGCGAGGACCAGCAGGCCATGGTGAAGACACCTAATACTTTTGCTGTATGCACAAAGCACCGTGGGGTCCTTCTGCAAGCTCTCAATGACAAAGACATGAATGACT	149181872	149258003	-76131
ENSMUST00000060537	AAGGATACCTGCATTTCAAAGAGCCACTTTCCAGTAACTGGGCTAAACATTTCGTTGTGGTTCGTCGCCCTTACGTCTTCATCTATAACAGTGACAAAGACCCAGTAGAGCGTGGCATCATTAACCTGTCTACAGCACAGGTGGAGTACAGCGAGGACCAGCAGGCCATGGTGAAGACACCTAATACTTTTGCTGTATGCACAAAGCACCGTGGGGTCCTTCTGCAAGCTCTCAATGACAAAGACATGAATGACT	149181872	149258003	-76131
ENSMUST00000190723	ACGAGCCGACTCCACAGGAGCCAAGGGCACGCGACTCAAGGAGGGGGCCAACATCAACAAGTCTTTGACCACCCTGGGAAAGGTCATCTCTGCTCTGGCTGAAATGGACTCTGGACCCAACAAGAACAAGAAAAAGAAGAAGACAGATTTCATCCCTTACCGAGACTCCGTATTGACATGGCTTCTCCGGGAAAACCTCGGTGGCAACTCAAGGACAGCCATGGTGGCAGCCCTGAGCCCTGCGGACATCAACTATGATGAGACCCTCAGCACACTGAGATATGCAGATCGGGCCAAACAAATCCGCTGCAATGCCATCATCAATGAAGACCCCAACAACAAGCTGATTAGAGAACTGAAGGATGAGGTGACCAGGCTGAGAGACCTGCTGTATGCCCAAGGTCTTGGCGATATC	93073853	93046770	27083
