transcript_ID	prot_seq	coord_start_genomic	coord_shortSplice	start_genomic-shortSplice	coord_longSplice	start_genomic-longSplice	coord_shareSplice	start_genomic-shareSplice	coord_end_genomic	end_genomic-shortSplice	end_genomic-longSplice	end_genomic-shareSplice
ENSMUST00000124830	CCATGAGCAAACTGAAGGT	38192869	38191858	1011	38193655	-786	38194695	-1826	38192888	1030	-767	-1807
ENSMUST00000197977	TCTGCAGTGCTTGATGGTG	34677227	34611883	65344	34611892	65335	34615587	61640	34677246	65363	65354	61659
ENSMUST00000197977	TCTGCAGTGCTTGATGGTG	34677227	34675860	1367	34675970	1257	34682433	-5206	34677246	1386	1276	-5187
ENSMUST00000004326	CTTGAGAGCAAGAACCACC	74338931	74333664	5267	74333675	5256	74333745	5186	74339074	5410	5399	5329
ENSMUST00000199754	TCCTCAGATTGTACATGTA	90359516	90351526	7990	90351574	7942	90351813	7703	90359535	8009	7961	7722
ENSMUST00000200048	TTGAATGCTGTGGAGAAGG	54194792	54266367	-71575	54266420	-71628	54279862	-85070	54194811	-71556	-71609	-85051
ENSMUST00000032749	TCCGAATCAAGTGTGGAAGT	80284356	80280017	4339	80280019	4337	80282484	1872	80284557	4540	4538	2073
ENSMUST00000032749	TCCGAATCAAGTGTGGAAGT	80284356	80280017	4339	80280033	4323	80282484	1872	80284557	4540	4524	2073
ENSMUST00000179769	GTCCAAGCCTAGGTCCTCAG	3641594	3630742	10852	3630747	10847	3630844	10750	3641614	10872	10867	10770
ENSMUST00000121416	CCTTTGGGCTCTGAGTCACT	149193851	149187834	6017	149187876	5975	149188344	5507	149193871	6037	5995	5527
ENSMUST00000101445	AGGCAGCAACAAAAGGCCGG	47964664	47957602	7062	47957724	6940	47962524	2140	47964684	7082	6960	2160
ENSMUST00000080283	CCACCGCCAACTCCTGCTTG	6027270	6008099	19171	6008110	19160	6009731	17539	6027290	19191	19180	17559
ENSMUST00000098614	TTAGCACTTTGGAAAGAGTC	79193149	79186353	6796	79186358	6791	79188148	5001	79193169	6816	6811	5021
ENSMUST00000098614	TTAGCACTTTGGAAAGAGTC	79193149	79186353	6796	79186358	6791	79188153	4996	79193169	6816	6811	5016
ENSMUST00000100167	GTCAGTGTCATCCGTGCTTT	14465159	14437733	27426	14437737	27422	14439986	25173	14465179	27446	27442	25193
ENSMUST00000113778	TTGGAGGCCTTGAACAATCA	100398766	100395107	3659	100395143	3623	100395674	3092	100398786	3679	3643	3112
ENSMUST00000113778	TTGGAGGCCTTGAACAATCA	100398766	100395813	2953	100395830	2936	100396904	1862	100398786	2973	2956	1882
ENSMUST00000114127	TATTTCACATGTATGCTTTC	74449227	74427874	21353	74427902	21325	74432804	16423	74449247	21373	21345	16443
ENSMUST00000182061	TCTCGGCAGAGTCATTCCCG	52005001	51989749	15252	51989938	15063	51990047	14954	52005021	15272	15083	14974
ENSMUST00000182061	TCTCGGCAGAGTCATTCCCG	52005001	51994398	10603	51994407	10594	51994879	10122	52005021	10623	10614	10142
ENSMUST00000182061	TCTCGGCAGAGTCATTCCCG	52005001	51997847	7154	51998039	6962	51998143	6858	52005021	7174	6982	6878
ENSMUST00000027040	TCTTTAACATGTTCTTTATA	6274712	6244928	29784	6244979	29733	6245157	29555	6274732	29804	29753	29575
ENSMUST00000027040	TCTTTAACATGTTCTTTATA	6274712	6270818	3894	6270827	3885	6272700	2012	6274732	3914	3905	2032
ENSMUST00000195860	CTGACTCTAAGTCGGAGGTG	40003927	40007530	-3603	40007539	-3612	40009687	-5760	40003947	-3583	-3592	-5740
ENSMUST00000039725	CCCTAGGCTTTACCATTACAA	175910905	175881200	29705	175881354	29551	175882894	28011	175910926	29726	29572	28032
ENSMUST00000115839	CATCTCCAGGGTCTCTGACTT	8619418	8582782	36636	8582854	36564	8588885	30533	8619439	36657	36585	30554
ENSMUST00000182964	CAAAGAGGCATGAACATGAGT	21670551	21624888	45663	21625215	45336	21626718	43833	21670572	45684	45357	43854
ENSMUST00000166411	ATCTCTCAGGCTGACTTTATA	69871633	69861712	9921	69861739	9894	69863223	8410	69871654	9942	9915	8431
ENSMUST00000166411	ATCTCTCAGGCTGACTTTATA	69871633	69867379	4254	69867552	4081	69868778	2855	69871654	4275	4102	2876
ENSMUST00000075144	GGGAAGATTGCCATTTTAGGG	62816325	62786301	30024	62786316	30009	62812533	3792	62816346	30045	30030	3813
ENSMUST00000075144	GGGAAGATTGCCATTTTAGGG	62816325	62786301	30024	62786316	30009	62815332	993	62816346	30045	30030	1014
ENSMUST00000113712	TCCCTTTGGAATTTTTAAATG	86430896	86413900	16996	86413906	16990	86416302	14594	86430917	17017	17011	14615
ENSMUST00000113712	TCCCTTTGGAATTTTTAAATG	86430896	86425070	5826	86425203	5693	86425449	5447	86430917	5847	5714	5468
ENSMUST00000183156	TTTAGGTTCTATGCTGATAAAA	90923553	90512875	410678	90512887	410666	90577088	346465	90923575	410700	410688	346487
ENSMUST00000022458	CCTTTCAGTTCCTCTGTCCATC	31257424	31253575	3849	31253640	3784	31254032	3392	31257446	3871	3806	3414
ENSMUST00000022458	CCTTTCAGTTCCTCTGTCCATC	31257424	31253575	3849	31253640	3784	31254032	3392	31257446	3871	3806	3414
ENSMUST00000171265	AAGTTTTGAACTGAAATTTGTA	9899084	9868466	30618	9868688	30396	9871629	27455	9899106	30640	30418	27477
ENSMUST00000171265	AAGTTTTGAACTGAAATTTGTA	9899084	9885753	13331	9886142	12942	9888869	10215	9899106	13353	12964	10237
ENSMUST00000171265	AAGTTTTGAACTGAAATTTGTA	9899084	9885753	13331	9886142	12942	9891360	7724	9899106	13353	12964	7746
ENSMUST00000046751	TTGGCGGCTCGCGCGCTCCGTT	127077455	127088336	-10881	127088554	-11099	127092911	-15456	127077477	-10859	-11077	-15434
ENSMUST00000003964	GGGCATCCCCAGCATCTCCACC	45451591	45448011	3580	45448028	3563	45448252	3339	45451613	3602	3585	3361
ENSMUST00000035055	GGCGGCGGCGGCGGGCAGTCGC	109931927	110079893	-147966	110079896	-147969	110081420	-149493	109978859	-101034	-101037	-102561
ENSMUST00000074792	CGGGCCTAGCTCAGTAGGTAGA	65452512	65441688	10824	65441799	10713	65443878	8634	65452534	10846	10735	8656
ENSMUST00000100203	GGAAACTGAGGCATGAGCTCTT	100216380	100155153	61227	100155156	61224	100157169	59211	100216402	61249	61246	59233
ENSMUST00000100203	GGAAACTGAGGCATGAGCTCTT	100216380	100155153	61227	100155156	61224	100157169	59211	100216402	61249	61246	59233
ENSMUST00000080461	CTACTGGAGGCAGCAGTGGCGA	82799506	82781272	18234	82781276	18230	82783345	16161	82799528	18256	18252	16183
ENSMUST00000159975	TCATCAGGAATGCTCTGGGAAG	29137548	29149131	-11583	29149146	-11598	29149798	-12250	29137570	-11561	-11576	-12228
ENSMUST00000103108	GCAGCCGAAGGCCTGGGGGTTG	101276197	101262845	13352	101262895	13302	101263768	12429	101276219	13374	13324	12451
ENSMUST00000027112	GTCGGCTGAATTCCAAAGATGC	62718946	62786301	-67355	62786316	-67370	62812533	-93587	62718968	-67333	-67348	-93565
ENSMUST00000027112	GTCGGCTGAATTCCAAAGATGC	62718946	62786301	-67355	62786316	-67370	62815332	-96386	62718968	-67333	-67348	-96364
ENSMUST00000114399	GAGAACCAAGAAGGTGATCCTG	33855557	33871501	-15944	33871634	-16077	33879057	-23500	33855579	-15922	-16055	-23478
ENSMUST00000121717	TTAATTGGAATGGATGGGAACAC	136546862	136544782	2080	136544796	2066	136545710	1152	136546885	2103	2089	1175
ENSMUST00000110844	GGTGATCCAGGATGACGAGGTGG	192418909	192277090	141819	192277171	141738	192337399	81510	192418932	141842	141761	81533
ENSMUST00000173727	CACTACTGGAGGCAGCAGTGGCG	82799504	82781272	18232	82781276	18228	82783345	16159	82799527	18255	18251	16182
ENSMUST00000099934	TGCTCAGGATGCACGCGGGCGGC	41481259	41478314	2945	41478635	2624	41478962	2297	41481282	2968	2647	2320
ENSMUST00000042561	GTGGATGTAGCTCAGTTGGTAGCA	75574975	75531741	43234	75531778	43197	75532587	42388	75574999	43258	43221	42412
ENSMUST00000163979	CCATTACACCTCCTTCCACCCCTT	110082087	110079893	2194	110079896	2191	110081420	667	110082111	2218	2215	691
ENSMUST00000163979	CCATTACACCTCCTTCCACCCCTT	110082087	110079893	2194	110079896	2191	110081420	667	110082111	2218	2215	691
ENSMUST00000100993	TTTCAAGAAGTACACAGACCACCA	120762548	120756853	5695	120756937	5611	120757565	4983	120765287	8434	8350	7722
ENSMUST00000110186	GGCCCCGAGTGCAACAGCCTGCAG	131520938	131520268	670	131521171	-233	131522058	-1120	131520962	694	-209	-1096
ENSMUST00000110186	GGCCCCGAGTGCAACAGCCTGCAG	131520938	131520646	292	131521171	-233	131522058	-1120	131520962	316	-209	-1096
ENSMUST00000097288	CCAGTTCGAATCCGTGTGCGAGTC	70662595	70522262	140333	70522268	140327	70593166	69429	70662619	140357	140351	69453
ENSMUST00000028911	TAAGCTGAAGAGTTTGAGAATGGGC	144407096	144373369	33727	144373855	33241	144375844	31252	144407121	33752	33266	31277
ENSMUST00000034703	CCTCACTATCGGCGACGCGAACGGC	21547121	21575014	-27893	21575093	-27972	21575413	-28292	21547146	-27868	-27947	-28267
ENSMUST00000063594	GGAAGATTGCCATTTTAGGGTCAGC	62816327	62786301	30026	62786316	30011	62812533	3794	62816352	30051	30036	3819
ENSMUST00000063594	GGAAGATTGCCATTTTAGGGTCAGC	62816327	62786301	30026	62786316	30011	62815332	995	62816352	30051	30036	1020
ENSMUST00000004222	AGAAAGAATCTTTTGAAGAAACAAG	18927444	18895927	31517	18896046	31398	18896453	30991	18927469	31542	31423	31016
ENSMUST00000004222	AGAAAGAATCTTTTGAAGAAACAAG	18927444	18896564	30880	18896773	30671	18897697	29747	18927469	30905	30696	29772
ENSMUST00000004222	AGAAAGAATCTTTTGAAGAAACAAG	18927444	18896564	30880	18896773	30671	18899362	28082	18927469	30905	30696	28107
ENSMUST00000169547	GTGTGGATGTAGCTCAGTTGGTAGC	75574973	75531741	43232	75531778	43195	75532587	42386	75574998	43257	43220	42411
ENSMUST00000039627	CCTTTTGTAACCTGAGACCTGGCAC	87775233	87781334	-6101	87781370	-6137	87781489	-6256	87775258	-6076	-6112	-6231
ENSMUST00000233283	AACGGCCAGTTCGAATCCGTGTGCG	70662590	70522262	140328	70522268	140322	70593166	69424	70662615	140353	140347	69449
ENSMUST00000173033	AAGCCTGTGAAGGTGAACTGTGTGGT	49449154	49439586	9568	49439596	9558	49449099	55	49449454	9868	9858	355
ENSMUST00000044053	TGAAGAATTCATGGATGACTTTGAAA	11214519	11171994	42525	11172001	42518	11178733	35786	11214545	42551	42544	35812
ENSMUST00000044053	TGAAGAATTCATGGATGACTTTGAAA	11214519	11188036	26483	11188165	26354	11189630	24889	11214545	26509	26380	24915
ENSMUST00000030691	AGGGCCATATGGTTACAGAGGGATTGG	14679857	14680013	-156	14682387	-2530	14712416	-32559	14679884	-129	-2503	-32532
ENSMUST00000130698	TAGTATTTCTAGCCTATTCTTGTCAGT	41756318	41756561	-243	41756811	-493	41756938	-620	41756345	-216	-466	-593
ENSMUST00000028852	CATCTGGCGGATAAGAAGGGTCTCCACG	127603652	127596934	6718	127598276	5376	127600011	3641	127603680	6746	5404	3669
ENSMUST00000089027	GGCTTCTACGCAGCCTACATGTTTGTCC	153208714	153189049	19665	153189077	19637	153190830	17884	153208742	19693	19665	17912
ENSMUST00000089027	GGCTTCTACGCAGCCTACATGTTTGTCC	153208714	153189049	19665	153189077	19637	153191050	17664	153208742	19693	19665	17692
ENSMUST00000089027	GGCTTCTACGCAGCCTACATGTTTGTCC	153208714	153194409	14305	153194417	14297	153195310	13404	153208742	14333	14325	13432
ENSMUST00000190997	AGAGGTTTCGATTCCCTTCACCCATCTT	132489677	132484801	4876	132484918	4759	132489587	90	132489705	4904	4787	118
ENSMUST00000190997	AGAGGTTTCGATTCCCTTCACCCATCTT	132489677	132484801	4876	132484918	4759	132492552	-2875	132489705	4904	4787	-2847
ENSMUST00000190997	AGAGGTTTCGATTCCCTTCACCCATCTT	132489677	132498007	-8330	132498121	-8444	132503766	-14089	132489705	-8302	-8416	-14061
ENSMUST00000112637	AGTTGTCACCAAATCCCCCAAAACTAAC	26751969	26681939	70030	26682113	69856	26683808	68161	26751997	70058	69884	68189
ENSMUST00000112637	AGTTGTCACCAAATCCCCCAAAACTAAC	26751969	26748503	3466	26748544	3425	26749851	2118	26751997	3494	3453	2146
ENSMUST00000107420	TGCTTTGCCTCTGACACCACCTTACACT	62690475	62625177	65298	62625202	65273	62625741	64734	62690503	65326	65301	64762
ENSMUST00000107420	TGCTTTGCCTCTGACACCACCTTACACT	62690475	62625177	65298	62625202	65273	62625741	64734	62690503	65326	65301	64762
ENSMUST00000028852	AACATCTGGCGGATAAGAAGGGTCTCCAC	127603650	127596934	6716	127598276	5374	127600011	3639	127603679	6745	5403	3668
ENSMUST00000092433	CTGGAAGCCTCGGGAAAGTACTCCCCAACC	69926133	69982161	-56028	69982197	-56064	69986082	-59949	69926163	-55998	-56034	-59919
ENSMUST00000092433	CTGGAAGCCTCGGGAAAGTACTCCCCAACC	69926133	69982161	-56028	69982197	-56064	69986088	-59955	69926163	-55998	-56034	-59925
ENSMUST00000092433	CTGGAAGCCTCGGGAAAGTACTCCCCAACC	69926133	69982161	-56028	69982197	-56064	69994371	-68238	69926163	-55998	-56034	-68208
ENSMUST00000199300	TCGCGTGTCGCCCGTCGCACTGTCCAGACC	126597405	126770857	-173452	126771846	-174441	126780359	-182954	126597435	-173422	-174411	-182924
ENSMUST00000196060	GATATAATTGACATTGATTACTTTGAAGGAT	110246817	110256220	-9403	110256301	-9484	110262059	-15242	110246848	-9372	-9453	-15211
ENSMUST00000111438	TTGACTTTGCCGGGCTTGCTCGAGGCTTTGC	124567850	124554757	13093	124556848	11002	124556961	10889	124567881	13124	11033	10920
ENSMUST00000162907	TCTACAGTGGGATCGAGGGGCTGGATGAGTC	127398699	127398750	-51	127398759	-60	127405374	-6675	127398730	-20	-29	-6644
ENSMUST00000162907	TCTACAGTGGGATCGAGGGGCTGGATGAGTC	127398699	127409617	-10918	127409704	-11005	127410728	-12029	127398730	-10887	-10974	-11998
ENSMUST00000162907	TCTACAGTGGGATCGAGGGGCTGGATGAGTC	127398699	127409617	-10918	127409707	-11008	127410728	-12029	127398730	-10887	-10977	-11998
ENSMUST00000162907	TCTACAGTGGGATCGAGGGGCTGGATGAGTC	127398699	127409704	-11005	127409707	-11008	127410728	-12029	127398730	-10974	-10977	-11998
ENSMUST00000162907	TCTACAGTGGGATCGAGGGGCTGGATGAGTC	127398699	127409617	-10918	127409704	-11005	127415569	-16870	127398730	-10887	-10974	-16839
ENSMUST00000162907	TCTACAGTGGGATCGAGGGGCTGGATGAGTC	127398699	127409617	-10918	127409707	-11008	127415569	-16870	127398730	-10887	-10977	-16839
ENSMUST00000162907	TCTACAGTGGGATCGAGGGGCTGGATGAGTC	127398699	127409704	-11005	127409707	-11008	127415569	-16870	127398730	-10974	-10977	-16839
ENSMUST00000035645	TAAGTCCTCCACCAGGCCCCTGCCCAGACCCA	43415994	43425649	-9655	43426128	-10134	43426227	-10233	43416026	-9623	-10102	-10201
ENSMUST00000023206	TCGGAGCGAGCTCCCATCTCTGATCCATCGGCG	13147591	13111884	35707	13111911	35680	13121995	25596	13147624	35740	35713	25629
ENSMUST00000023206	TCGGAGCGAGCTCCCATCTCTGATCCATCGGCG	13147591	13130734	16857	13131022	16569	13132857	14734	13147624	16890	16602	14767
ENSMUST00000037232	GAAGCATTGAGATACTACTGCCAGTGATGAACT	37950327	37893984	56343	37895198	55129	37898411	51916	37950360	56376	55162	51949
ENSMUST00000143432	AGGCGAACGAGGCCTGACTGGACCATCAGGCCCC	130058013	130081479	-23466	130081521	-23508	130083121	-25108	130058047	-23432	-23474	-25074
ENSMUST00000035813	GGTGCTGGGTGCTGGGTGCTGGGTGCTGGGTGCT	5161604	5134174	27430	5134932	26672	5143227	18377	5161638	27464	26706	18411
ENSMUST00000035813	GGTGCTGGGTGCTGGGTGCTGGGTGCTGGGTGCT	5161604	5154207	7397	5154318	7286	5156120	5484	5161638	7431	7320	5518
ENSMUST00000108909	CAAGGAGCACCCAGGAAGTGGCTTCAAAGGGGACT	101039943	100984045	55898	100984075	55868	101002033	37910	101039978	55933	55903	37945
ENSMUST00000038900	ATAAAATCTGATATATACACGTTAGGAAAGTTCTC	150808801	150796670	12131	150796676	12125	150800577	8224	150808836	12166	12160	8259
ENSMUST00000030691	TATTGACATCAATGCCAGCCTGCAAACTATTACTAT	14680751	14680013	738	14682387	-1636	14712416	-31665	14680787	774	-1600	-31629
ENSMUST00000111216	ATGGGCTCTTCGGCAGCAAAACCAACTTCAACTCCC	135010048	135011060	-1012	135011665	-1617	135011886	-1838	135010084	-976	-1581	-1802
ENSMUST00000072031	GAGCGGCTCTCCACACATGAGCTCACCTCTCTGCTA	59753029	59737228	15801	59737582	15447	59741119	11910	59754998	17770	17416	13879
ENSMUST00000120544	ATGTGTCTTTCTAACTTCTAATAAACTCACTCCAACT	111794872	111789459	5413	111789486	5386	111793648	1224	111794894	5435	5408	1246
ENSMUST00000120544	ATGTGTCTTTCTAACTTCTAATAAACTCACTCCAACT	111794872	111789459	5413	111789486	5386	111795547	-675	111794894	5435	5408	-653
ENSMUST00000120544	ATGTGTCTTTCTAACTTCTAATAAACTCACTCCAACT	111794872	111789459	5413	111789486	5386	111806007	-11135	111794894	5435	5408	-11113
ENSMUST00000120544	ATGTGTCTTTCTAACTTCTAATAAACTCACTCCAACT	111794872	111789459	5413	111789486	5386	111793648	1224	111794894	5435	5408	1246
ENSMUST00000120544	ATGTGTCTTTCTAACTTCTAATAAACTCACTCCAACT	111794872	111789459	5413	111789486	5386	111795547	-675	111794894	5435	5408	-653
ENSMUST00000120544	ATGTGTCTTTCTAACTTCTAATAAACTCACTCCAACT	111794872	111789459	5413	111789486	5386	111806007	-11135	111794894	5435	5408	-11113
ENSMUST00000022458	GTCATCATGGAGCGAATCGGTCTTGCTACTGCAGGGGA	31254612	31253575	1037	31253640	972	31254032	580	31255097	1522	1457	1065
ENSMUST00000022458	GTCATCATGGAGCGAATCGGTCTTGCTACTGCAGGGGA	31254612	31253575	1037	31253640	972	31254032	580	31255097	1522	1457	1065
ENSMUST00000004684	TGGCCCACATCCGCCGGGCCGTGGAGAGCTGTCCTGAC	3445049	3393102	51947	3393224	51825	3427348	17701	3447022	53920	53798	19674
ENSMUST00000084513	GGAAGGAAGCCCTTTCCGTCCTTCCCACTCCTCCTCGGC	130728587	130735150	-6563	130735228	-6641	130739811	-11224	130728626	-6524	-6602	-11185
ENSMUST00000113136	ATATTCTGACAGGCCACGGTGAGCATCTATAGACCAGAA	135839791	135840469	-678	135840508	-717	135840618	-827	135839830	-639	-678	-788
ENSMUST00000084513	TTCCCCAACTCCATGTTCAGGGTCGAGTTTTGAGGACACC	130740946	130735150	5796	130735228	5718	130739811	1135	130742161	7011	6933	2350
ENSMUST00000003044	TGTTCAAGGGCAAGGTGGAAGCTGTATTGGAGAAGTTAGG	44860137	44858209	1928	44858749	1388	44859722	415	44860177	1968	1428	455
ENSMUST00000182597	GTATTTCAGGAGTTGAGTTATTGGTGGACCAGCCTTTCAC	74589596	74606123	-16527	74606135	-16539	74608096	-18500	74589636	-16487	-16499	-18460
ENSMUST00000182597	GTATTTCAGGAGTTGAGTTATTGGTGGACCAGCCTTTCAC	74589596	74615330	-25734	74615357	-25761	74618435	-28839	74589636	-25694	-25721	-28799
ENSMUST00000182597	GTATTTCAGGAGTTGAGTTATTGGTGGACCAGCCTTTCAC	74589596	74618563	-28967	74619838	-30242	74622035	-32439	74589636	-28927	-30202	-32399
ENSMUST00000168361	ATTTAATGAAATTCTACAGGCAGCCTATCAATTAATGACA	8744402	8744743	-341	8744749	-347	8747156	-2754	8744442	-301	-307	-2714
ENSMUST00000017408	GGTGTGGAATCAAACAAGCAATATCAGCTGGCAGACTGGAG	148565357	148572969	-7612	148573029	-7672	148573110	-7753	148566283	-6686	-6746	-6827
ENSMUST00000107420	TCTTTGGGCTCATGGAGAAGGACTCTTACCCTCGCTTCCTC	62702154	62625177	76977	62625202	76952	62625741	76413	62702195	77018	76993	76454
ENSMUST00000107420	TCTTTGGGCTCATGGAGAAGGACTCTTACCCTCGCTTCCTC	62702154	62625177	76977	62625202	76952	62625741	76413	62702195	77018	76993	76454
ENSMUST00000035645	ACACACCAAGATAAGTCCTCCACCAGGCCCCTGCCCAGACC	43415983	43425649	-9666	43426128	-10145	43426227	-10244	43416024	-9625	-10104	-10203
ENSMUST00000077182	GGCCAAGAAGAACAAAGACAAAGAGTATTACGTCTGAGCACC	6532133	6463847	68286	6463868	68265	6472257	59876	6532175	68328	68307	59918
ENSMUST00000122941	CCAGCTACCACTACTTTCTCCATTTATCCTGTGTCCTCCACT	12140530	12118338	22192	12118341	22189	12135266	5264	12140572	22234	22231	5306
ENSMUST00000122941	CCAGCTACCACTACTTTCTCCATTTATCCTGTGTCCTCCACT	12140530	12160680	-20150	12160690	-20160	12162113	-21583	12140572	-20108	-20118	-21541
ENSMUST00000160597	GAAAACATGATTGGGCCAGACTGGAAAAAGAGGTGGATGTAC	29621501	29618287	3214	29618308	3193	29620380	1121	29621543	3256	3235	1163
ENSMUST00000031278	GCTTGACAACTCGGCTGCGCTCGCCCAGACCTTCCGCCCTCC	98854868	98872934	-18066	98873007	-18139	98879737	-24869	98854910	-18024	-18097	-24827
ENSMUST00000027432	AACAACAAAGCCATTCGGCGCCTGCTACATGTTGCTGTAAGT	86092077	86130729	-38652	86130731	-38654	86132713	-40636	86094297	-36432	-36434	-38416
ENSMUST00000067664	GCCGCAGGTACAGATCTGTATTGTTCTTACTGAAACACAGCA	75765491	75755652	9839	75755680	9811	75756816	8675	75765533	9881	9853	8717
ENSMUST00000042824	ATAGTTGACCTTCTCATACCCTCTCCTAATGCTACTGCAGAA	66501188	66461899	39289	66461920	39268	66462828	38360	66501230	39331	39310	38402
ENSMUST00000173078	GAAAATCCACAGGAATGGGTAGGACAAGTGGAAATAAGTGCCC	79646339	79665017	-18678	79665143	-18804	79666715	-20376	79651040	-13977	-14103	-15675
ENSMUST00000108909	AAACTTTTACATGGTCCCTGGCATGCTAGAACCCTTGCTCTGC	100970212	100984045	-13833	100984075	-13863	101002033	-31821	100970255	-13790	-13820	-31778
ENSMUST00000084038	ACATCCTCTGTCACCTGAATATCACCATGCCCCCCTGCACCAA	23119423	23132471	-13048	23132483	-13060	23132561	-13138	23120568	-11903	-11915	-11993
ENSMUST00000084038	ACATCCTCTGTCACCTGAATATCACCATGCCCCCCTGCACCAA	23119423	23141229	-21806	23141304	-21881	23141595	-22172	23120568	-20661	-20736	-21027
ENSMUST00000027414	GTTTGAAGTGGAACTCCAAGCAGCTCGGACTCTGGAGCGGCTGG	75529519	75524888	4631	75524943	4576	75525087	4432	75529563	4675	4620	4476
ENSMUST00000182597	AAATAAATTAAACTCTGCACTATGTAATAGACGTAAAGGTGATC	74580002	74606123	-26121	74606135	-26133	74608096	-28094	74580046	-26077	-26089	-28050
ENSMUST00000182597	AAATAAATTAAACTCTGCACTATGTAATAGACGTAAAGGTGATC	74580002	74615330	-35328	74615357	-35355	74618435	-38433	74580046	-35284	-35311	-38389
ENSMUST00000182597	AAATAAATTAAACTCTGCACTATGTAATAGACGTAAAGGTGATC	74580002	74618563	-38561	74619838	-39836	74622035	-42033	74580046	-38517	-39792	-41989
ENSMUST00000067664	ACCAGGCGAAGCTGGCAGAGCAGGCCGAGCGATACGACGAAATGG	75733053	75755652	-22599	75755680	-22627	75756816	-23763	75751888	-3764	-3792	-4928
ENSMUST00000084513	AAAAGACCCCCGAGAAACTTGACAACACTCCTGCCTCACCTCCAA	130729474	130735150	-5676	130735228	-5754	130739811	-10337	130729519	-5631	-5709	-10292
ENSMUST00000109567	TGGTTCCTGGTCCACTCTGACCCTCAGTCATGCCCATGAGGTCTG	156701550	156748403	-46853	156748420	-46870	156748943	-47393	156701595	-46808	-46825	-47348
ENSMUST00000109567	TGGTTCCTGGTCCACTCTGACCCTCAGTCATGCCCATGAGGTCTG	156701550	156746196	-44646	156749356	-47806	156760850	-59300	156701595	-44601	-47761	-59255
ENSMUST00000040787	CTTTGCTTTCCCGAATTCTGCCTTCTGATGCCTGTAAAATATACAA	157975236	157973045	2191	157975294	-58	157988639	-13403	157975282	2237	-12	-13357
ENSMUST00000022458	GGCTGCCAGCCTTCCTAGACAATCACAATTATGCCAAATCCCCTAT	31256256	31253575	2681	31253640	2616	31254032	2224	31256668	3093	3028	2636
ENSMUST00000022458	GGCTGCCAGCCTTCCTAGACAATCACAATTATGCCAAATCCCCTAT	31256256	31253575	2681	31253640	2616	31254032	2224	31256668	3093	3028	2636
ENSMUST00000026993	ACCTCAATATCTACTTCAACTGCACTGACTTGAACCCAAGCCGTGA	54795094	54795458	-364	54795467	-373	54795965	-871	54795140	-318	-327	-825
ENSMUST00000148486	CACGGATTTTGACCCCTCTATCCTGCCTCCTCCGGACCCCTGGATT	70787010	70522262	264748	70522268	264742	70593166	193844	70787056	264794	264788	193890
ENSMUST00000061158	ACCGAGAGCGAATAGAACTGTTTTGCACCGAGTATCAGAACAATAAG	18674153	18674315	-162	18674361	-208	18674655	-502	18674293	-22	-68	-362
ENSMUST00000033081	GCGGGGAGGCTGGAAAGGAGGATACAGTGGAGGGAGAAGACGAGAAG	127749746	127750897	-1151	127751026	-1280	127752009	-2263	127749793	-1104	-1233	-2216
ENSMUST00000033081	GCGGGGAGGCTGGAAAGGAGGATACAGTGGAGGGAGAAGACGAGAAG	127749746	127750897	-1151	127751028	-1282	127752009	-2263	127749793	-1104	-1235	-2216
ENSMUST00000033081	GCGGGGAGGCTGGAAAGGAGGATACAGTGGAGGGAGAAGACGAGAAG	127749746	127751026	-1280	127751028	-1282	127752009	-2263	127749793	-1233	-1235	-2216
ENSMUST00000105902	GACTTGGATGAGGACTTTCTTTTCACAGAACCGTTGCCTCCCCCCCT	144411108	144396431	14677	144396440	14668	144398240	12868	144411155	14724	14715	12915
ENSMUST00000033018	AGAACTGCAGTAGTCACTCAAATTATGATTCAACATTTTAATCCTTGG	113568471	113513937	54534	113514028	54443	113525987	42484	113568519	54582	54491	42532
ENSMUST00000067664	AAGCTATAAGGACTCTACGCTCATCATGCAGCTGCTACGTGATAACCT	75759353	75755652	3701	75755680	3673	75756816	2537	75759401	3749	3721	2585
ENSMUST00000159050	CGAGATGAATGGCTCCCTCACCAGCCCAAGCGCCTATGCTGGCCTACA	61410018	61394682	15336	61394712	15306	61401852	8166	61410066	15384	15354	8214
ENSMUST00000159050	CGAGATGAATGGCTCCCTCACCAGCCCAAGCGCCTATGCTGGCCTACA	61410018	61394682	15336	61394712	15306	61401855	8163	61410066	15384	15354	8211
ENSMUST00000159050	CGAGATGAATGGCTCCCTCACCAGCCCAAGCGCCTATGCTGGCCTACA	61410018	61409407	611	61409416	602	61409935	83	61410066	659	650	131
ENSMUST00000159050	CGAGATGAATGGCTCCCTCACCAGCCCAAGCGCCTATGCTGGCCTACA	61410018	61410120	-102	61410135	-117	61411262	-1244	61410066	-54	-69	-1196
ENSMUST00000164930	CAAGAAGCCCACTTCCACTAAGCCTAGCTCCTCTGCTCCCAGGGTGAG	110068846	110079893	-11047	110079896	-11050	110081420	-12574	110068894	-10999	-11002	-12526
ENSMUST00000168361	TAAACAAGATGATGAGGACTCTAAAATAAATGGCAGAGGTTTGCCAAA	8710252	8744743	-34491	8744749	-34497	8747156	-36904	8710300	-34443	-34449	-36856
ENSMUST00000102554	CCTGTCTAAACTGGCTGTGACTTCCTATGCAGACATTGCCGACCTCATG	70705015	70725176	-20161	70725212	-20197	70725887	-20872	70705064	-20112	-20148	-20823
ENSMUST00000037526	TAAACAATGCCCCCATCCTGTGCGTCCAGTCTCACCTTGGCCATGAAGAA	59815389	59790877	24512	59790898	24491	59791598	23791	59815439	24562	24541	23841
ENSMUST00000027521	AAAGGAGACAGAGAAGCGTGTAAAGTAACGGAGAGAGGTGCCTATAATGGA	89895210	89609583	285627	89609599	285611	89627760	267450	89895261	285678	285662	267501
ENSMUST00000078111	GAGTCCCTGTCGGTCCCCAAGCTGCAAAGCCCGCCTGGAAGACCCCGAAAGCT	45838676	45854655	-15979	45854843	-16167	45856087	-17411	45838729	-15926	-16114	-17358
ENSMUST00000168361	TTTTAATCGCACTCCTGGAAGTCGCCAAGCCTCTCCAACTGAAGTAGTTGAGC	8713360	8744743	-31383	8744749	-31389	8747156	-33796	8713412	-31331	-31337	-33744
ENSMUST00000040179	ATACCAATTGCTCTTCTTTCTGCAGTCCTGCTGCTGTTCTTCTGCAGAGACTCC	85933347	85917774	15573	85917832	15515	85918930	14417	85933401	15627	15569	14471
ENSMUST00000040179	ATACCAATTGCTCTTCTTTCTGCAGTCCTGCTGCTGTTCTTCTGCAGAGACTCC	85933347	85917774	15573	85917832	15515	85918972	14375	85933401	15627	15569	14429
ENSMUST00000113460	AGATACTTACAGATTGGCCAGGATTCTTGTCCGCCTACCAGCACTCAGGCTCAT	92167461	92163220	4241	92163258	4203	92164187	3274	92167515	4295	4257	3328
ENSMUST00000182356	ACCAAGTATGAAACCACGATTTTCTGATACCCGCCGCCCCGTCCTCGCGGTGCCT	90969900	90512875	457025	90512887	457013	90577088	392812	90969955	457080	457068	392867
ENSMUST00000232395	CATCTGAGGCTCATTCGGCTGCCTCTGTGGCCAAGTCCTCCCAGAGTCCACCCTT	94462564	94370861	91703	94370971	91593	94383911	78653	94462619	91758	91648	78708
ENSMUST00000232395	CATCTGAGGCTCATTCGGCTGCCTCTGTGGCCAAGTCCTCCCAGAGTCCACCCTT	94462564	94370861	91703	94370971	91593	94392014	70550	94462619	91758	91648	70605
ENSMUST00000232395	CATCTGAGGCTCATTCGGCTGCCTCTGTGGCCAAGTCCTCCCAGAGTCCACCCTT	94462564	94370861	91703	94370971	91593	94403313	59251	94462619	91758	91648	59306
ENSMUST00000232395	CATCTGAGGCTCATTCGGCTGCCTCTGTGGCCAAGTCCTCCCAGAGTCCACCCTT	94462564	94456761	5803	94456811	5753	94457320	5244	94462619	5858	5808	5299
ENSMUST00000232395	CATCTGAGGCTCATTCGGCTGCCTCTGTGGCCAAGTCCTCCCAGAGTCCACCCTT	94462564	94370861	91703	94370971	91593	94383911	78653	94462619	91758	91648	78708
ENSMUST00000232395	CATCTGAGGCTCATTCGGCTGCCTCTGTGGCCAAGTCCTCCCAGAGTCCACCCTT	94462564	94370861	91703	94370971	91593	94392014	70550	94462619	91758	91648	70605
ENSMUST00000232395	CATCTGAGGCTCATTCGGCTGCCTCTGTGGCCAAGTCCTCCCAGAGTCCACCCTT	94462564	94370861	91703	94370971	91593	94403313	59251	94462619	91758	91648	59306
ENSMUST00000232395	CATCTGAGGCTCATTCGGCTGCCTCTGTGGCCAAGTCCTCCCAGAGTCCACCCTT	94462564	94456761	5803	94456811	5753	94457320	5244	94462619	5858	5808	5299
ENSMUST00000232395	CATCTGAGGCTCATTCGGCTGCCTCTGTGGCCAAGTCCTCCCAGAGTCCACCCTT	94462564	94370861	91703	94370971	91593	94383911	78653	94462619	91758	91648	78708
ENSMUST00000232395	CATCTGAGGCTCATTCGGCTGCCTCTGTGGCCAAGTCCTCCCAGAGTCCACCCTT	94462564	94370861	91703	94370971	91593	94392014	70550	94462619	91758	91648	70605
ENSMUST00000232395	CATCTGAGGCTCATTCGGCTGCCTCTGTGGCCAAGTCCTCCCAGAGTCCACCCTT	94462564	94370861	91703	94370971	91593	94403313	59251	94462619	91758	91648	59306
ENSMUST00000232395	CATCTGAGGCTCATTCGGCTGCCTCTGTGGCCAAGTCCTCCCAGAGTCCACCCTT	94462564	94456761	5803	94456811	5753	94457320	5244	94462619	5858	5808	5299
ENSMUST00000113462	GGCATCGTGGCGGCGGCGGCGCTCTGCATCCTCATTCTCCTCTACGCCATGTACAA	6531952	6463847	68105	6463868	68084	6472257	59695	6532008	68161	68140	59751
ENSMUST00000113462	GGCATCGTGGCGGCGGCGGCGCTCTGCATCCTCATTCTCCTCTACGCCATGTACAA	6531952	6463847	68105	6463868	68084	6472257	59695	6532008	68161	68140	59751
ENSMUST00000092887	CGACTGGTGGAGATTAATGGACAGAATGTGGAGAATAAATCCAGGGATGAAATTGT	77778138	77815891	-37753	77815999	-37861	77817618	-39480	77778194	-37697	-37805	-39424
ENSMUST00000199300	AGCCTGCATCGCATACATTCGGCTCACACAGTACATGGACGGAAGCGGGATGCCAAA	126840226	126770857	69369	126771846	68380	126780359	59867	126840283	69426	68437	59924
ENSMUST00000027521	CTTTCGTGAACAGCCAGGAATGGACACTCAGCCGATCGGTACCGGAGCTCAAAGTGG	89604602	89609583	-4981	89609599	-4997	89627760	-23158	89609499	-84	-100	-18261
ENSMUST00000028081	AGCTGGTGCATTCCCGGCTCTACTCTCCGGAGCTGCCCATCCCTCCGGCTGCGGGCGA	16356486	16703377	-346891	16703383	-346897	16712081	-355595	16356544	-346833	-346839	-355537
ENSMUST00000186360	TATCCTGGTGGGCCACTGCCTGACTTCCCTAATCACTCACTCACCCTCAAAAAGGACA	74586950	74584417	2533	74584432	2518	74586756	194	74587008	2591	2576	252
ENSMUST00000054955	AACTGCCACCACATGTGCGCATCTGGGACTCTGTGACACTGAACACTCTGCATGTCAT	108511830	108534740	-22910	108534751	-22921	108534864	-23034	108511888	-22852	-22863	-22976
ENSMUST00000132615	ATGCAGCTCGGCCCGACTACATCGCTTCCAAGGCCTCCCCTACCTCGACTGAGGAGGAG	37378916	37380060	-1144	37380177	-1261	37383338	-4422	37378975	-1085	-1202	-4363
ENSMUST00000132615	ATGCAGCTCGGCCCGACTACATCGCTTCCAAGGCCTCCCCTACCTCGACTGAGGAGGAG	37378916	37380060	-1144	37380177	-1261	37387697	-8781	37378975	-1085	-1202	-8722
ENSMUST00000027521	TTACATGATTACATGCAGAATGTCCACGGCAAAGAGATAGACCTCTTGAGGACCACTGT	89743732	89609583	134149	89609599	134133	89627760	115972	89743791	134208	134192	116031
ENSMUST00000110049	AGATCCATTCCAAGGCATGCGCAAGCCCATGAGTCCTGTCTCAGCCCAGATGAGCCAGCTA	3235624	3230065	5559	3230101	5523	3233987	1637	3236239	6174	6138	2252
ENSMUST00000163979	TAAGGTTGCCGAAAAGCGGACCTCTCCATCCAAGCCTTCATCTGCCCCAGCCCTCAAACCTG	110067501	110079893	-12392	110079896	-12395	110081420	-13919	110067563	-12330	-12333	-13857
ENSMUST00000163979	TAAGGTTGCCGAAAAGCGGACCTCTCCATCCAAGCCTTCATCTGCCCCAGCCCTCAAACCTG	110067501	110079893	-12392	110079896	-12395	110081420	-13919	110067563	-12330	-12333	-13857
ENSMUST00000061837	AACAATAAGACAGCAGAGCGCCGGAGGCCCCTGGATGAATTCAACAATGGAGTTGTCATGAC	69904071	69903452	619	69903719	352	69903864	207	69904133	681	414	269
ENSMUST00000061837	AACAATAAGACAGCAGAGCGCCGGAGGCCCCTGGATGAATTCAACAATGGAGTTGTCATGAC	69904071	69906295	-2224	69906407	-2336	69906517	-2446	69904133	-2162	-2274	-2384
ENSMUST00000061837	AACAATAAGACAGCAGAGCGCCGGAGGCCCCTGGATGAATTCAACAATGGAGTTGTCATGAC	69904071	69908006	-3935	69908012	-3941	69908095	-4024	69904133	-3873	-3879	-3962
ENSMUST00000084513	CAAAAATGCAAGAGTCTCCCAAACTGTCCCAACAATCGTACAACTTTGACCCTGACGCCTGT	130729621	130735150	-5529	130735228	-5607	130739811	-10190	130729683	-5467	-5545	-10128
ENSMUST00000195636	GCGGCTCCGGTGAACGCTTCAGAGTGAGATCATCATCCAAGTCTGAAGGTTCTCCATCGCCAC	40006810	40007530	-720	40007539	-729	40009687	-2877	40007484	-46	-55	-2203
ENSMUST00000110000	ACATGTCACAGCTCTCTCTGTCGCCCCTGAATTCCGCCGTCTTGGCTTGGCTGCTAAACTTAT	145912442	145911763	679	145911793	649	145912392	50	145912505	742	712	113
ENSMUST00000114037	TCTTACACTGATCGATCAATGATGTCTATGGCAGCTGATTCTTACACTGATTCTTATACTGATT	91657702	91671465	-13763	91674141	-16439	91674694	-16992	91657766	-13699	-16375	-16928
ENSMUST00000112987	AGAAGTATCTATGTGAACTGTGCCTGGACGATGTGCTGTATGCCCGTACCACAAGCAAGCTCAAG	35709893	35643991	65902	35644124	65769	35661491	48402	35709958	65967	65834	48467
ENSMUST00000112987	AGAAGTATCTATGTGAACTGTGCCTGGACGATGTGCTGTATGCCCGTACCACAAGCAAGCTCAAG	35709893	35643991	65902	35644124	65769	35707647	2246	35709958	65967	65834	2311
ENSMUST00000199659	AGGAAAAACCTAGAGCTCTTTGCCCTGCGCGTTACAAGGAAAGCAACTGGAATTTTAAATTTAGT	59316893	59263286	53607	59263292	53601	59264921	51972	59316958	53672	53666	52037
ENSMUST00000199659	AGGAAAAACCTAGAGCTCTTTGCCCTGCGCGTTACAAGGAAAGCAACTGGAATTTTAAATTTAGT	59316893	59297946	18947	59297961	18932	59301279	15614	59316958	19012	18997	15679
ENSMUST00000113144	CTTTTGTTCCTGAGTCATCTGACCCTCAAATACTGCTTTGCTTTCCCAGCTGCTTCCTTGTTTCA	135803168	135751976	51192	135752017	51151	135778905	24263	135803233	51257	51216	24328
ENSMUST00000016569	CATTTGCTAGGGTGGATCTTAAGCAGTACGTAGTCTGTCAGTGTTTGTATTTGAATTCTCTGCAATT	150808238	150796670	11568	150796676	11562	150800577	7661	150808305	11635	11629	7728
ENSMUST00000201700	AACAGTGGCAGAGATTAACGCAACGATGAGTGTCCATCTCCCATTCGCAGTGGTCGGCAGTACTGAA	93156986	93138537	18449	93138596	18390	93139448	17538	93161191	22654	22595	21743
ENSMUST00000160027	CAAAAATAATTTACATAGTACACGATGAAGTTAAGGATAAAGCTTTTGAACTGGAGCTCAGCTGGGTT	70993014	70978815	14199	70978839	14175	70983318	9696	70993508	14693	14669	10190
ENSMUST00000160027	CAAAAATAATTTACATAGTACACGATGAAGTTAAGGATAAAGCTTTTGAACTGGAGCTCAGCTGGGTT	70993014	70978815	14199	70978839	14175	70983323	9691	70993508	14693	14669	10185
ENSMUST00000213013	TACCGGAGCTTGACCCTGAACGTCGTGAACCGGCTCACCTCCGTTACTCGCCTCTTCCCAAATTCCTT	144806157	144839596	-33439	144839629	-33472	144840337	-34180	144806223	-33373	-33406	-34114
ENSMUST00000042035	ATGGTCCTGACCCAGCCCCCCCGGGACAGGACTGAGATCACTCTGGAAAGAAGCGGGGTGGGGAATCT	74589380	74584417	4963	74584432	4948	74586756	2624	74589448	5031	5016	2692
ENSMUST00000093995	CAGCGGCAGGGCTCCCGGCTCTCTGCTGTCCCTCACCTCCTGTACATACTGCCTGGGAAGAGACACCAC	77978119	77973977	4142	77974329	3790	77974439	3680	77978188	4211	3859	3749
ENSMUST00000119705	TCTAACATCGTCTTCTACCCTGGTGGAGATTCTGGAAGCCATGAAGCATCCCTCGACAGGAGTCCAGCT	32967789	32904532	63257	32904544	63245	32910456	57333	32968689	64157	64145	58233
ENSMUST00000202937	ATGAGGACCTGACCCCAGAGCAGAAGGCTGAGCGCGAGAAGGAACGGAGGATGGCCAATAATGCCCGTGA	69681592	69678117	3475	69678129	3463	69681568	24	69681662	3545	3533	94
ENSMUST00000178812	GATTGTAATCCGAGGACTCAATACCATTCCATTGTTTGTGCAGTTGCTTTATTCTCCCATTGAAAATATCC	120957194	120955969	1225	120955972	1222	120957106	88	120957556	1587	1584	450
ENSMUST00000105900	AGAGAAGCCCGTGGTCAGGACCTGGTGGAGGACAGAAAGTGGGGCACAGGCTGTGGCAAAGTTTAGGTGTG	144422257	144396431	25826	144396440	25817	144398240	24017	144422328	25897	25888	24088
ENSMUST00000113462	GGAAGGAAGGCTGGGGTTTTGTAAAGTGTCCACTGCGCCGTTCGTTTATTTCCCTCGATTTTCTTCTTCCTC	6532493	6463847	68646	6463868	68625	6472257	60236	6532565	68718	68697	60308
ENSMUST00000113462	GGAAGGAAGGCTGGGGTTTTGTAAAGTGTCCACTGCGCCGTTCGTTTATTTCCCTCGATTTTCTTCTTCCTC	6532493	6463847	68646	6463868	68625	6472257	60236	6532565	68718	68697	60308
ENSMUST00000165123	AATTACTGTCGTGGGCTGCGCTTTGAGGAAGCTCCGGATTACATGTATCTGAGGCAGCTATTCCGCATCCTTTTC	61578704	61580451	-1747	61580487	-1783	61585164	-6460	61580345	-106	-142	-4819
ENSMUST00000146701	GATGAATGGATGAGTGAATGAATGAATGAATGAGTGAGTGAATTAATGGATGGGTATATTCTCTGGTTGAGCTTCT	109565286	109543805	21481	109543849	21437	109544026	21260	109565362	21557	21513	21336
ENSMUST00000089302	AAGAGAATGTGCAATCAAGTTCAATGATTACTTTGAATTTCCTCGAGAGTTAGACATGGAACCTTACACAGTGGCA	13156111	13165484	-9373	13165532	-9421	13166631	-10520	13156187	-9297	-9345	-10444
ENSMUST00000120544	TGGCCGGTGCCCTGCGCGGGGCCTCCCCAGGACACACTGACGTAGATTTGCTGTGTAGTCTTGGTGTGGAAATTTGAATT	111794751	111789459	5292	111789486	5265	111793648	1103	111794831	5372	5345	1183
ENSMUST00000120544	TGGCCGGTGCCCTGCGCGGGGCCTCCCCAGGACACACTGACGTAGATTTGCTGTGTAGTCTTGGTGTGGAAATTTGAATT	111794751	111789459	5292	111789486	5265	111795547	-796	111794831	5372	5345	-716
ENSMUST00000120544	TGGCCGGTGCCCTGCGCGGGGCCTCCCCAGGACACACTGACGTAGATTTGCTGTGTAGTCTTGGTGTGGAAATTTGAATT	111794751	111789459	5292	111789486	5265	111806007	-11256	111794831	5372	5345	-11176
ENSMUST00000120544	TGGCCGGTGCCCTGCGCGGGGCCTCCCCAGGACACACTGACGTAGATTTGCTGTGTAGTCTTGGTGTGGAAATTTGAATT	111794751	111789459	5292	111789486	5265	111793648	1103	111794831	5372	5345	1183
ENSMUST00000120544	TGGCCGGTGCCCTGCGCGGGGCCTCCCCAGGACACACTGACGTAGATTTGCTGTGTAGTCTTGGTGTGGAAATTTGAATT	111794751	111789459	5292	111789486	5265	111795547	-796	111794831	5372	5345	-716
ENSMUST00000120544	TGGCCGGTGCCCTGCGCGGGGCCTCCCCAGGACACACTGACGTAGATTTGCTGTGTAGTCTTGGTGTGGAAATTTGAATT	111794751	111789459	5292	111789486	5265	111806007	-11256	111794831	5372	5345	-11176
ENSMUST00000182597	GCTCGTTCTGCTGCTTGGTCCTACATCTTTCTGCCTGAGGAAGCCTGGTGTGACCTTACCATCCACCTTCCGTCAGCAGT	74643417	74606123	37294	74606135	37282	74608096	35321	74646471	40348	40336	38375
ENSMUST00000182597	GCTCGTTCTGCTGCTTGGTCCTACATCTTTCTGCCTGAGGAAGCCTGGTGTGACCTTACCATCCACCTTCCGTCAGCAGT	74643417	74615330	28087	74615357	28060	74618435	24982	74646471	31141	31114	28036
ENSMUST00000182597	GCTCGTTCTGCTGCTTGGTCCTACATCTTTCTGCCTGAGGAAGCCTGGTGTGACCTTACCATCCACCTTCCGTCAGCAGT	74643417	74618563	24854	74619838	23579	74622035	21382	74646471	27908	26633	24436
ENSMUST00000105902	ATTCCGCATCCCCCCTCCCCCTCTGGCATCCGTGGACTTGGATGAGGACTTTCTTTTCACAGAACCGTTGCCTCCCCCCC	144411074	144396431	14643	144396440	14634	144398240	12834	144411154	14723	14714	12914
ENSMUST00000044730	AAGATAGGATGGGCCGGGACCCTTCAGAGGCAACCCTTTGACACTTGGAAGGACTTTGGGGGACAGTTGAGATGACCTCAGA	97683275	97672592	10683	97672682	10593	97673459	9816	97683357	10765	10675	9898
ENSMUST00000175903	TTTTACGGAGAAAACTTATCCATGAAGGCTGCCTGCTCTGGAAGACAGCCACAGGCCGCTTCAAAGATGTCCTGTTGCTGCT	88636052	88632333	3719	88632339	3713	88632912	3140	88638302	5969	5963	5390
ENSMUST00000175903	TTTTACGGAGAAAACTTATCCATGAAGGCTGCCTGCTCTGGAAGACAGCCACAGGCCGCTTCAAAGATGTCCTGTTGCTGCT	88636052	88633042	3010	88633367	2685	88633499	2553	88638302	5260	4935	4803
ENSMUST00000072031	CCCCTGACCTCAAGACACAGAATGTCCACGTGGAAATTGAGCAGCGTTGGCATCAAGTGGAGACCACCCCTCTCAGGGAGGAG	59752898	59737228	15670	59737582	15316	59741119	11779	59752981	15753	15399	11862
ENSMUST00000020159	CACCATGGCGGGCAAGTCTCCAGGACCCTTCCCAAACTGTGACTGGAGATTCAATGAGTTTCCCAACCCCGCTGCCCACGCTCT	24907203	24903693	3510	24903831	3372	24904260	2943	24907287	3594	3456	3027
ENSMUST00000146701	GAAAGGTAACAATACACTCACAAATAGGTAGATGAATGTAGCTGGAAGACGGGGCCTGGCTAGGGACGGGATGAGAGGCTGTGTC	109560104	109543805	16299	109543849	16255	109544026	16078	109560189	16384	16340	16163
ENSMUST00000232395	GGAGGACAGCAGACTGGAAGTGGCCTCTCCTGACTCTCCTACACCACTCTGTGAGGATGCTTCTCCTTCCCCCACGCCAGCTCCT	94442941	94370861	72080	94370971	71970	94383911	59030	94443026	72165	72055	59115
ENSMUST00000232395	GGAGGACAGCAGACTGGAAGTGGCCTCTCCTGACTCTCCTACACCACTCTGTGAGGATGCTTCTCCTTCCCCCACGCCAGCTCCT	94442941	94370861	72080	94370971	71970	94392014	50927	94443026	72165	72055	51012
ENSMUST00000232395	GGAGGACAGCAGACTGGAAGTGGCCTCTCCTGACTCTCCTACACCACTCTGTGAGGATGCTTCTCCTTCCCCCACGCCAGCTCCT	94442941	94370861	72080	94370971	71970	94403313	39628	94443026	72165	72055	39713
ENSMUST00000232395	GGAGGACAGCAGACTGGAAGTGGCCTCTCCTGACTCTCCTACACCACTCTGTGAGGATGCTTCTCCTTCCCCCACGCCAGCTCCT	94442941	94456761	-13820	94456811	-13870	94457320	-14379	94443026	-13735	-13785	-14294
ENSMUST00000232395	GGAGGACAGCAGACTGGAAGTGGCCTCTCCTGACTCTCCTACACCACTCTGTGAGGATGCTTCTCCTTCCCCCACGCCAGCTCCT	94442941	94370861	72080	94370971	71970	94383911	59030	94443026	72165	72055	59115
ENSMUST00000232395	GGAGGACAGCAGACTGGAAGTGGCCTCTCCTGACTCTCCTACACCACTCTGTGAGGATGCTTCTCCTTCCCCCACGCCAGCTCCT	94442941	94370861	72080	94370971	71970	94392014	50927	94443026	72165	72055	51012
ENSMUST00000232395	GGAGGACAGCAGACTGGAAGTGGCCTCTCCTGACTCTCCTACACCACTCTGTGAGGATGCTTCTCCTTCCCCCACGCCAGCTCCT	94442941	94370861	72080	94370971	71970	94403313	39628	94443026	72165	72055	39713
ENSMUST00000232395	GGAGGACAGCAGACTGGAAGTGGCCTCTCCTGACTCTCCTACACCACTCTGTGAGGATGCTTCTCCTTCCCCCACGCCAGCTCCT	94442941	94456761	-13820	94456811	-13870	94457320	-14379	94443026	-13735	-13785	-14294
ENSMUST00000232395	GGAGGACAGCAGACTGGAAGTGGCCTCTCCTGACTCTCCTACACCACTCTGTGAGGATGCTTCTCCTTCCCCCACGCCAGCTCCT	94442941	94370861	72080	94370971	71970	94383911	59030	94443026	72165	72055	59115
ENSMUST00000232395	GGAGGACAGCAGACTGGAAGTGGCCTCTCCTGACTCTCCTACACCACTCTGTGAGGATGCTTCTCCTTCCCCCACGCCAGCTCCT	94442941	94370861	72080	94370971	71970	94392014	50927	94443026	72165	72055	51012
ENSMUST00000232395	GGAGGACAGCAGACTGGAAGTGGCCTCTCCTGACTCTCCTACACCACTCTGTGAGGATGCTTCTCCTTCCCCCACGCCAGCTCCT	94442941	94370861	72080	94370971	71970	94403313	39628	94443026	72165	72055	39713
ENSMUST00000232395	GGAGGACAGCAGACTGGAAGTGGCCTCTCCTGACTCTCCTACACCACTCTGTGAGGATGCTTCTCCTTCCCCCACGCCAGCTCCT	94442941	94456761	-13820	94456811	-13870	94457320	-14379	94443026	-13735	-13785	-14294
ENSMUST00000186360	TCTCAGACCCAGGCAGAGAGCATGGTCCTGACCCAGCCCCCCCGGGACAGGACTGAGATCACTCTGGAAAGAAGCGGGGTGGGGA	74589358	74584417	4941	74584432	4926	74586756	2602	74589443	5026	5011	2687
ENSMUST00000232395	TACTCGGTCAAGCCAGTCTCCAAAAAAGCCTTCCAACAGTATTATTGAACACCTGTCAGTGATATTCCCATGTTATACCAGCACT	94460063	94370861	89202	94370971	89092	94383911	76152	94462268	91407	91297	78357
ENSMUST00000232395	TACTCGGTCAAGCCAGTCTCCAAAAAAGCCTTCCAACAGTATTATTGAACACCTGTCAGTGATATTCCCATGTTATACCAGCACT	94460063	94370861	89202	94370971	89092	94392014	68049	94462268	91407	91297	70254
ENSMUST00000232395	TACTCGGTCAAGCCAGTCTCCAAAAAAGCCTTCCAACAGTATTATTGAACACCTGTCAGTGATATTCCCATGTTATACCAGCACT	94460063	94370861	89202	94370971	89092	94403313	56750	94462268	91407	91297	58955
ENSMUST00000232395	TACTCGGTCAAGCCAGTCTCCAAAAAAGCCTTCCAACAGTATTATTGAACACCTGTCAGTGATATTCCCATGTTATACCAGCACT	94460063	94456761	3302	94456811	3252	94457320	2743	94462268	5507	5457	4948
ENSMUST00000232395	TACTCGGTCAAGCCAGTCTCCAAAAAAGCCTTCCAACAGTATTATTGAACACCTGTCAGTGATATTCCCATGTTATACCAGCACT	94460063	94370861	89202	94370971	89092	94383911	76152	94462268	91407	91297	78357
ENSMUST00000232395	TACTCGGTCAAGCCAGTCTCCAAAAAAGCCTTCCAACAGTATTATTGAACACCTGTCAGTGATATTCCCATGTTATACCAGCACT	94460063	94370861	89202	94370971	89092	94392014	68049	94462268	91407	91297	70254
ENSMUST00000232395	TACTCGGTCAAGCCAGTCTCCAAAAAAGCCTTCCAACAGTATTATTGAACACCTGTCAGTGATATTCCCATGTTATACCAGCACT	94460063	94370861	89202	94370971	89092	94403313	56750	94462268	91407	91297	58955
ENSMUST00000232395	TACTCGGTCAAGCCAGTCTCCAAAAAAGCCTTCCAACAGTATTATTGAACACCTGTCAGTGATATTCCCATGTTATACCAGCACT	94460063	94456761	3302	94456811	3252	94457320	2743	94462268	5507	5457	4948
ENSMUST00000232395	TACTCGGTCAAGCCAGTCTCCAAAAAAGCCTTCCAACAGTATTATTGAACACCTGTCAGTGATATTCCCATGTTATACCAGCACT	94460063	94370861	89202	94370971	89092	94383911	76152	94462268	91407	91297	78357
ENSMUST00000232395	TACTCGGTCAAGCCAGTCTCCAAAAAAGCCTTCCAACAGTATTATTGAACACCTGTCAGTGATATTCCCATGTTATACCAGCACT	94460063	94370861	89202	94370971	89092	94392014	68049	94462268	91407	91297	70254
ENSMUST00000232395	TACTCGGTCAAGCCAGTCTCCAAAAAAGCCTTCCAACAGTATTATTGAACACCTGTCAGTGATATTCCCATGTTATACCAGCACT	94460063	94370861	89202	94370971	89092	94403313	56750	94462268	91407	91297	58955
ENSMUST00000232395	TACTCGGTCAAGCCAGTCTCCAAAAAAGCCTTCCAACAGTATTATTGAACACCTGTCAGTGATATTCCCATGTTATACCAGCACT	94460063	94456761	3302	94456811	3252	94457320	2743	94462268	5507	5457	4948
ENSMUST00000200466	AGCAAATTAAGGAAAGAGTCCTTACTCTGTTTCCTGCGTTCATAGCGGTCTGTTTGTGCTTTGTCTAACAGTGAACACTGGTACTTG	19150036	19121319	28717	19121331	28705	19125025	25011	19150123	28804	28792	25098
ENSMUST00000200466	AGCAAATTAAGGAAAGAGTCCTTACTCTGTTTCCTGCGTTCATAGCGGTCTGTTTGTGCTTTGTCTAACAGTGAACACTGGTACTTG	19150036	19121319	28717	19121331	28705	19137535	12501	19150123	28804	28792	12588
ENSMUST00000107976	ACCTGAAGCCCCCAGGATAGGTGGGACAGAGAAGCTCAGTTCTGGGACGGTGGCATCCTCTCTCTCTCTCTCTCTTTCCTTTCTTTT	42939591	42934770	4821	42934818	4773	42937840	1751	42939678	4908	4860	1838
ENSMUST00000105991	AACAATCTGGCTTCCAGCTCTTTCTATGGCAACAACTCTCTGAGCAGTAACTCCCAGAGCAGCTCCCTCTTCTCTCAGGGCTCTGCA	130752706	130766049	-13343	130766055	-13349	130768815	-16109	130752793	-13256	-13262	-16022
ENSMUST00000231569	CAACATACTGGGCTCAATCACACTTGGTCACAGGATTCTGCACATACCTTCCTTTTCAAGGATTTGGCATCACCCAGCGACCAGCGTA	94443029	94370861	72168	94370971	72058	94383911	59118	94443117	72256	72146	59206
ENSMUST00000231569	CAACATACTGGGCTCAATCACACTTGGTCACAGGATTCTGCACATACCTTCCTTTTCAAGGATTTGGCATCACCCAGCGACCAGCGTA	94443029	94370861	72168	94370971	72058	94392014	51015	94443117	72256	72146	51103
ENSMUST00000231569	CAACATACTGGGCTCAATCACACTTGGTCACAGGATTCTGCACATACCTTCCTTTTCAAGGATTTGGCATCACCCAGCGACCAGCGTA	94443029	94370861	72168	94370971	72058	94403313	39716	94443117	72256	72146	39804
ENSMUST00000231569	CAACATACTGGGCTCAATCACACTTGGTCACAGGATTCTGCACATACCTTCCTTTTCAAGGATTTGGCATCACCCAGCGACCAGCGTA	94443029	94456761	-13732	94456811	-13782	94457320	-14291	94443117	-13644	-13694	-14203
ENSMUST00000131671	AAAGAGCGCCAAGCTGCTAGACAGGCCTCCAGAAGCACTGCGTATGAAGATTATTATTATCACCCTCCTCCCCGAATGCCACCTCCAAT	136339265	136316479	22786	136316484	22781	136317083	22182	136339476	22997	22992	22393
ENSMUST00000232395	ACATTTCAAAAACAGGAGAATATTTACGAGTTAAACTACCACTAAATCCAACTGCTAGGGAATTTCAACCAGATGTAAAGTCTGAAGCACTGTCTGAG	94442745	94370861	71884	94370971	71774	94383911	58834	94442843	71982	71872	58932
ENSMUST00000232395	ACATTTCAAAAACAGGAGAATATTTACGAGTTAAACTACCACTAAATCCAACTGCTAGGGAATTTCAACCAGATGTAAAGTCTGAAGCACTGTCTGAG	94442745	94370861	71884	94370971	71774	94392014	50731	94442843	71982	71872	50829
ENSMUST00000232395	ACATTTCAAAAACAGGAGAATATTTACGAGTTAAACTACCACTAAATCCAACTGCTAGGGAATTTCAACCAGATGTAAAGTCTGAAGCACTGTCTGAG	94442745	94370861	71884	94370971	71774	94403313	39432	94442843	71982	71872	39530
ENSMUST00000232395	ACATTTCAAAAACAGGAGAATATTTACGAGTTAAACTACCACTAAATCCAACTGCTAGGGAATTTCAACCAGATGTAAAGTCTGAAGCACTGTCTGAG	94442745	94456761	-14016	94456811	-14066	94457320	-14575	94442843	-13918	-13968	-14477
ENSMUST00000232395	ACATTTCAAAAACAGGAGAATATTTACGAGTTAAACTACCACTAAATCCAACTGCTAGGGAATTTCAACCAGATGTAAAGTCTGAAGCACTGTCTGAG	94442745	94370861	71884	94370971	71774	94383911	58834	94442843	71982	71872	58932
ENSMUST00000232395	ACATTTCAAAAACAGGAGAATATTTACGAGTTAAACTACCACTAAATCCAACTGCTAGGGAATTTCAACCAGATGTAAAGTCTGAAGCACTGTCTGAG	94442745	94370861	71884	94370971	71774	94392014	50731	94442843	71982	71872	50829
ENSMUST00000232395	ACATTTCAAAAACAGGAGAATATTTACGAGTTAAACTACCACTAAATCCAACTGCTAGGGAATTTCAACCAGATGTAAAGTCTGAAGCACTGTCTGAG	94442745	94370861	71884	94370971	71774	94403313	39432	94442843	71982	71872	39530
ENSMUST00000232395	ACATTTCAAAAACAGGAGAATATTTACGAGTTAAACTACCACTAAATCCAACTGCTAGGGAATTTCAACCAGATGTAAAGTCTGAAGCACTGTCTGAG	94442745	94456761	-14016	94456811	-14066	94457320	-14575	94442843	-13918	-13968	-14477
ENSMUST00000232395	ACATTTCAAAAACAGGAGAATATTTACGAGTTAAACTACCACTAAATCCAACTGCTAGGGAATTTCAACCAGATGTAAAGTCTGAAGCACTGTCTGAG	94442745	94370861	71884	94370971	71774	94383911	58834	94442843	71982	71872	58932
ENSMUST00000232395	ACATTTCAAAAACAGGAGAATATTTACGAGTTAAACTACCACTAAATCCAACTGCTAGGGAATTTCAACCAGATGTAAAGTCTGAAGCACTGTCTGAG	94442745	94370861	71884	94370971	71774	94392014	50731	94442843	71982	71872	50829
ENSMUST00000232395	ACATTTCAAAAACAGGAGAATATTTACGAGTTAAACTACCACTAAATCCAACTGCTAGGGAATTTCAACCAGATGTAAAGTCTGAAGCACTGTCTGAG	94442745	94370861	71884	94370971	71774	94403313	39432	94442843	71982	71872	39530
ENSMUST00000232395	ACATTTCAAAAACAGGAGAATATTTACGAGTTAAACTACCACTAAATCCAACTGCTAGGGAATTTCAACCAGATGTAAAGTCTGAAGCACTGTCTGAG	94442745	94456761	-14016	94456811	-14066	94457320	-14575	94442843	-13918	-13968	-14477
ENSMUST00000042824	ACCGCGCTGGAGGGATATCAGATTGGACAGGTGGCCTGTGGGCTGAACCACACCTTGGCAGTGTCAGCAGATGGCTCCATGGTGTGGGCCTTTGGAGA	66487985	66461899	26086	66461920	26065	66462828	25157	66489342	27443	27422	26514
ENSMUST00000171289	TAATTAAAATTACTGTTCTCTGAATGACAGTGTGTAAGGAAATCTTTCAAGAATGCTGTCATTATTCTCTTTGAGCTTTTTGTTGGGATTTGGGGTTTT	126843119	126770857	72262	126771846	71273	126780359	62760	126843217	72360	71371	62858
ENSMUST00000113144	TATTTTTGGATCTTGGTTCTGGGGCACTGGTGAGAACAGCCTTAGATCTGTTGGAGTCAATTGTGAGAAGATGCCGAAGGCTGGAGAAAAAGAAGTTACT	135800611	135751976	48635	135752017	48594	135778905	21706	135800711	48735	48694	21806
ENSMUST00000190096	TTAAGTGACTACTCATCCTCTGTTCCTTCGACCCCAAGCACCAGCCAGAAAGAGCTTCGGATCGACGTCCCTCCCACTGCCAACACTCCAACGCCTGTCCG	89665062	89609583	55479	89609599	55463	89627760	37302	89665163	55580	55564	37403
ENSMUST00000190096	TTAAGTGACTACTCATCCTCTGTTCCTTCGACCCCAAGCACCAGCCAGAAAGAGCTTCGGATCGACGTCCCTCCCACTGCCAACACTCCAACGCCTGTCCG	89665062	89609583	55479	89609599	55463	89627760	37302	89665163	55580	55564	37403
ENSMUST00000113462	AAAGAAAAGGAATATAACTACTACGTGCTCATCCCCTTCCCTCCCGCTGCCCTCGGCGCCGCACTGTCAGCTCTGGGGCTGGCTGTCCTCCGCTCTGCGCCT	6532311	6463847	68464	6463868	68443	6472257	60054	6532413	68566	68545	60156
ENSMUST00000113462	AAAGAAAAGGAATATAACTACTACGTGCTCATCCCCTTCCCTCCCGCTGCCCTCGGCGCCGCACTGTCAGCTCTGGGGCTGGCTGTCCTCCGCTCTGCGCCT	6532311	6463847	68464	6463868	68443	6472257	60054	6532413	68566	68545	60156
ENSMUST00000100203	GGCGAGCCCAGGCAACTCCTGACCATGTCCTCTTCATGCTGTTAAATGCCAAGGGAACTACTGTGTGCACAGCCAGCTGCCTTCAGCTTCATAAGCGAGCAGA	100190308	100155153	35155	100155156	35152	100157169	33139	100191062	35909	35906	33893
ENSMUST00000100203	GGCGAGCCCAGGCAACTCCTGACCATGTCCTCTTCATGCTGTTAAATGCCAAGGGAACTACTGTGTGCACAGCCAGCTGCCTTCAGCTTCATAAGCGAGCAGA	100190308	100155153	35155	100155156	35152	100157169	33139	100191062	35909	35906	33893
ENSMUST00000182597	TTGAGGCTACCAAAGTTTGCAGAGGAGGAGACTCTTTGTATAGACTCTATAACTCCTTGTGCTGATGGAATTCATTTGTTGGTAGGACTGCGGACATGCTCTG	74579853	74606123	-26270	74606135	-26282	74608096	-28243	74579956	-26167	-26179	-28140
ENSMUST00000182597	TTGAGGCTACCAAAGTTTGCAGAGGAGGAGACTCTTTGTATAGACTCTATAACTCCTTGTGCTGATGGAATTCATTTGTTGGTAGGACTGCGGACATGCTCTG	74579853	74615330	-35477	74615357	-35504	74618435	-38582	74579956	-35374	-35401	-38479
ENSMUST00000182597	TTGAGGCTACCAAAGTTTGCAGAGGAGGAGACTCTTTGTATAGACTCTATAACTCCTTGTGCTGATGGAATTCATTTGTTGGTAGGACTGCGGACATGCTCTG	74579853	74618563	-38710	74619838	-39985	74622035	-42182	74579956	-38607	-39882	-42079
ENSMUST00000055758	ATACTGTTACAGGATTCATGAACTTGAGTAATTTTACAGTTTGGAACTCTGATGCTATATATACATGGTATAATGTATTCAGACTTTGATCACTACATATTTAAA	70023508	69954361	69147	69954363	69145	69955966	67542	70023613	69252	69250	67647
ENSMUST00000055758	ATACTGTTACAGGATTCATGAACTTGAGTAATTTTACAGTTTGGAACTCTGATGCTATATATACATGGTATAATGTATTCAGACTTTGATCACTACATATTTAAA	70023508	69991625	31883	69991637	31871	69993675	29833	70023613	31988	31976	29938
ENSMUST00000117648	TTTGAAAAAGAACAGATTTCTCGAAGCTCTTAATCACTTTGAAAAGGCAAAGACTTTAATTAGTCGTCTCCCTGGAATTCTAACTTGGCCCACAAGTAATGTGATTAT	94422232	94370861	51371	94370971	51261	94383911	38321	94422340	51479	51369	38429
ENSMUST00000117648	TTTGAAAAAGAACAGATTTCTCGAAGCTCTTAATCACTTTGAAAAGGCAAAGACTTTAATTAGTCGTCTCCCTGGAATTCTAACTTGGCCCACAAGTAATGTGATTAT	94422232	94370861	51371	94370971	51261	94392014	30218	94422340	51479	51369	30326
ENSMUST00000117648	TTTGAAAAAGAACAGATTTCTCGAAGCTCTTAATCACTTTGAAAAGGCAAAGACTTTAATTAGTCGTCTCCCTGGAATTCTAACTTGGCCCACAAGTAATGTGATTAT	94422232	94370861	51371	94370971	51261	94403313	18919	94422340	51479	51369	19027
ENSMUST00000117648	TTTGAAAAAGAACAGATTTCTCGAAGCTCTTAATCACTTTGAAAAGGCAAAGACTTTAATTAGTCGTCTCCCTGGAATTCTAACTTGGCCCACAAGTAATGTGATTAT	94422232	94456761	-34529	94456811	-34579	94457320	-35088	94422340	-34421	-34471	-34980
ENSMUST00000232395	AACTGTTGCACCATCGTCACAGACCCAGCCCAGGAGAAGATGGGAACCTCCTTCCTGTTGCTGTAGGTAGTCACTCCTCACTAATGCACCATGCACTTCATGAGTTAAA	94468044	94370861	97183	94370971	97073	94383911	84133	94468153	97292	97182	84242
ENSMUST00000232395	AACTGTTGCACCATCGTCACAGACCCAGCCCAGGAGAAGATGGGAACCTCCTTCCTGTTGCTGTAGGTAGTCACTCCTCACTAATGCACCATGCACTTCATGAGTTAAA	94468044	94370861	97183	94370971	97073	94392014	76030	94468153	97292	97182	76139
ENSMUST00000232395	AACTGTTGCACCATCGTCACAGACCCAGCCCAGGAGAAGATGGGAACCTCCTTCCTGTTGCTGTAGGTAGTCACTCCTCACTAATGCACCATGCACTTCATGAGTTAAA	94468044	94370861	97183	94370971	97073	94403313	64731	94468153	97292	97182	64840
ENSMUST00000232395	AACTGTTGCACCATCGTCACAGACCCAGCCCAGGAGAAGATGGGAACCTCCTTCCTGTTGCTGTAGGTAGTCACTCCTCACTAATGCACCATGCACTTCATGAGTTAAA	94468044	94456761	11283	94456811	11233	94457320	10724	94468153	11392	11342	10833
ENSMUST00000232395	AACTGTTGCACCATCGTCACAGACCCAGCCCAGGAGAAGATGGGAACCTCCTTCCTGTTGCTGTAGGTAGTCACTCCTCACTAATGCACCATGCACTTCATGAGTTAAA	94468044	94370861	97183	94370971	97073	94383911	84133	94468153	97292	97182	84242
ENSMUST00000232395	AACTGTTGCACCATCGTCACAGACCCAGCCCAGGAGAAGATGGGAACCTCCTTCCTGTTGCTGTAGGTAGTCACTCCTCACTAATGCACCATGCACTTCATGAGTTAAA	94468044	94370861	97183	94370971	97073	94392014	76030	94468153	97292	97182	76139
ENSMUST00000232395	AACTGTTGCACCATCGTCACAGACCCAGCCCAGGAGAAGATGGGAACCTCCTTCCTGTTGCTGTAGGTAGTCACTCCTCACTAATGCACCATGCACTTCATGAGTTAAA	94468044	94370861	97183	94370971	97073	94403313	64731	94468153	97292	97182	64840
ENSMUST00000232395	AACTGTTGCACCATCGTCACAGACCCAGCCCAGGAGAAGATGGGAACCTCCTTCCTGTTGCTGTAGGTAGTCACTCCTCACTAATGCACCATGCACTTCATGAGTTAAA	94468044	94456761	11283	94456811	11233	94457320	10724	94468153	11392	11342	10833
ENSMUST00000232395	AACTGTTGCACCATCGTCACAGACCCAGCCCAGGAGAAGATGGGAACCTCCTTCCTGTTGCTGTAGGTAGTCACTCCTCACTAATGCACCATGCACTTCATGAGTTAAA	94468044	94370861	97183	94370971	97073	94383911	84133	94468153	97292	97182	84242
ENSMUST00000232395	AACTGTTGCACCATCGTCACAGACCCAGCCCAGGAGAAGATGGGAACCTCCTTCCTGTTGCTGTAGGTAGTCACTCCTCACTAATGCACCATGCACTTCATGAGTTAAA	94468044	94370861	97183	94370971	97073	94392014	76030	94468153	97292	97182	76139
ENSMUST00000232395	AACTGTTGCACCATCGTCACAGACCCAGCCCAGGAGAAGATGGGAACCTCCTTCCTGTTGCTGTAGGTAGTCACTCCTCACTAATGCACCATGCACTTCATGAGTTAAA	94468044	94370861	97183	94370971	97073	94403313	64731	94468153	97292	97182	64840
ENSMUST00000232395	AACTGTTGCACCATCGTCACAGACCCAGCCCAGGAGAAGATGGGAACCTCCTTCCTGTTGCTGTAGGTAGTCACTCCTCACTAATGCACCATGCACTTCATGAGTTAAA	94468044	94456761	11283	94456811	11233	94457320	10724	94468153	11392	11342	10833
ENSMUST00000107976	ATTAAAGCATGCTAAATTCAGGGGCTCTTGCTCGCTCTCCCGATGAGTCATCTTTCTCTCTCTCTGTGGCTGTGGGCTGCTGAACCGCACAGAGATAATTCATCTCTGGGC	42941597	42934770	6827	42934818	6779	42937840	3757	42941708	6938	6890	3868
ENSMUST00000101018	CTTAGTTCCTCTGTCACTTTAGCCTTCAACCCGGCATTGGTACTGTACATGCCTGGCTTCTGAAGGTATCTCTGTACATTGTTCTCAGGCGGTCTTGTGGATGTCTTTCAGGA	112746424	112732083	14341	112732085	14339	112732501	13923	112746537	14454	14452	14036
ENSMUST00000113144	TATCCAGACCTGAACATGATTGAGACATACGTGTGTCAGATTTGCGAGGACACCTTTGACTATGACTTGGATTCCCCTGATCAGTTGTCCGGATTGACAATGATTACACACCTC	135802598	135751976	50622	135752017	50581	135778905	23693	135802712	50736	50695	23807
ENSMUST00000030691	AAAATAACCAGAGACTCTAAGGATCACACAGTTTCAGGTAATGGGCTAGGAATTAGAATTGTTGGTGGTAAAGAAATTCCTGGACATAGTGGAGAAATTGGAGCCTATATTGCTAAGATTCTTC	14723296	14680013	43283	14682387	40909	14712416	10880	14750575	70562	68188	38159
ENSMUST00000107976	CTGGCAGCAGGCTCTGGTAGTCCACGTCTCCTTCCAACCAGCAGAGTAAAGGCACAGACACAGTTGTGCACCGCATATGTATTCAGAGAGACACAAGTATGTAGAGTCATTCATGGCCCAGAGCG	42942992	42934770	8222	42934818	8174	42937840	5152	42943117	8347	8299	5277
ENSMUST00000101018	ATACCAGAGGCCAGCCTGAACTTCCAGAAAGTGCCGCCTGGCTCTATGAACTCTCACAACTTGGACCAGAACATGAATGACAGCCGAGACGATGCTCTGACCAACAAGACGAGGCCTCGGAACCG	112743429	112732083	11346	112732085	11344	112732501	10928	112743678	11595	11593	11177
ENSMUST00000182597	CAAATAAAGCTGTTGACAGCACTTTGAAAACAAGGATCCTGGCCTCTGAGCCTGACAATGCAGAAGGAATCCATAACTTTGCACCACTTGGTACCATCACTTCTAGTAGTCCTACTGCCCAGCCA	74642644	74606123	36521	74606135	36509	74608096	34548	74643378	37255	37243	35282
ENSMUST00000182597	CAAATAAAGCTGTTGACAGCACTTTGAAAACAAGGATCCTGGCCTCTGAGCCTGACAATGCAGAAGGAATCCATAACTTTGCACCACTTGGTACCATCACTTCTAGTAGTCCTACTGCCCAGCCA	74642644	74615330	27314	74615357	27287	74618435	24209	74643378	28048	28021	24943
ENSMUST00000182597	CAAATAAAGCTGTTGACAGCACTTTGAAAACAAGGATCCTGGCCTCTGAGCCTGACAATGCAGAAGGAATCCATAACTTTGCACCACTTGGTACCATCACTTCTAGTAGTCCTACTGCCCAGCCA	74642644	74618563	24081	74619838	22806	74622035	20609	74643378	24815	23540	21343
ENSMUST00000182407	GCCCATGAATCTCTGATATTGACCTACTCTGAGCCTTCAGAGAGTGCTACGTCTGTCCCACCTTCTGACACACCTTCTCTCACATCATCTATTTCTTCAGTTTGTACCACAGATAGCTCCTCACCTGTCACTACCCTCGATAGCC	14677410	14680013	-2603	14682387	-4977	14712416	-35006	14677555	-2458	-4832	-34861
ENSMUST00000238468	CAGTTGCAATTTTTTGCAAGGTTTTTCGACTCATAGTTCTTTGTCTGGGTACTTTTTCACCCTACAGAGAATTTCTGTATATATTATCGTTTCTGATTCTAGTGTTTTGAATTTTCGCTGGGTCTAAATATCTCTGTCTCAGTGTCAGTA	109661103	109606341	54762	109606343	54760	109617210	43893	109661253	54912	54910	44043
ENSMUST00000238468	CAGTTGCAATTTTTTGCAAGGTTTTTCGACTCATAGTTCTTTGTCTGGGTACTTTTTCACCCTACAGAGAATTTCTGTATATATTATCGTTTCTGATTCTAGTGTTTTGAATTTTCGCTGGGTCTAAATATCTCTGTCTCAGTGTCAGTA	109661103	109656831	4272	109656840	4263	109658052	3051	109661253	4422	4413	3201
ENSMUST00000238468	CAGTTGCAATTTTTTGCAAGGTTTTTCGACTCATAGTTCTTTGTCTGGGTACTTTTTCACCCTACAGAGAATTTCTGTATATATTATCGTTTCTGATTCTAGTGTTTTGAATTTTCGCTGGGTCTAAATATCTCTGTCTCAGTGTCAGTA	109661103	109656831	4272	109656840	4263	109659722	1381	109661253	4422	4413	1531
ENSMUST00000035058	GATCTCATGGCATGCTCTGATGTGTTTTGTAGGAGGGGAAACACTTAAAATAAGCAAAGAAACCGAGCAGGATTGCATATATCGGATGGTTCTTGTCTGTGCTCTCTGTACGTTGCTTCTGCAGCTGTGATTTCTAAACCTCTGCTGGCACTCA	110262331	110256220	6111	110256301	6030	110262059	272	110262485	6265	6184	426
ENSMUST00000007130	TAGTGTTATGTTCTAGTGAACCTGCTACAGCAATTTCTGATTTCTAAGAACCGAGTAATGGTGTAGAACACTAATTCATAATCACGCTAATTGTAATCTGGAGACGTGTAACATTGTGTAGCCTTTTGTATAAATAGACAGATAGAAATGGTCC	120960129	120955969	4160	120955972	4157	120957106	3023	120960283	4314	4311	3177
ENSMUST00000042035	CTTGCACTTCTTCTTCCTGTCCTCATTTTGCTGGGTGCTCACCGAGGCCTGGCAATCCTACATGGCCGTCACCGGCCGCCTCCGGAGCCGGCTCGTCCGCAAACGCTTTCTCTGCCTGGGCTGGGGGCTCCCTGCACTGGTGGTGGCCATTTCTG	74572121	74584417	-12296	74584432	-12311	74586756	-14635	74572858	-11559	-11574	-13898
ENSMUST00000007130	CTTGTTCAAAACTGTCTTTGGACTCTCAGAAACCTTTCAGATGCAGCGACTAAGCAGGAAGGGATGGAAGGCCTCCTTGGGACTCTAGTGCAGCTTCTGGGTTCCGATGATATAAATGTGGTCACCTGTGCAGCTGGAATTCTCTCTAACCTCACT	120955202	120955969	-767	120955972	-770	120957106	-1904	120955436	-533	-536	-1670
ENSMUST00000108909	GAAGTACTTCGTCTCCCCGACCCTATTCCGCGTCATCCGATTGGCCCGCATCGGGCGCATCTTGCGTCTGATCAAGGGCGCCAAAGGGATCCGCACCCTGCTCTTTGCCTTAATGATGTCGCTGCCCGCCCTGTTCAACATCGGCCTCCTGCTCTTCCTG	101039592	100984045	55547	100984075	55517	101002033	37559	101039752	55707	55677	37719
ENSMUST00000046257	CCAGGCCTGGACCAGCCTAGGGAAGCGTGCAGACCAGCGCAAGGCCAAATTGGGTGACTCCCATGATCTGCAGCGCTTCCTTAGCGATTTCCGGGACCTCATGTCTTGGATCAATGGAATACGAGGGTTGGTATCTTCAGATGAACTAGCCAAGGACGTC	30008192	30006646	1546	30006670	1522	30007493	699	30010796	4150	4126	3303
ENSMUST00000232395	CATACCTTCCTTTTCAAGGATTTGGCATCACCCAGCGACCAGCGTACATTAACATGGTACCTAGCCTGTCGCAGTTCACTAGCATTTACACACCTTTGGCCAACATTTCTTCTGAGTATCCAATGCAAAGATCCATGCCAGTGGTGCCATCTTTTGTAGCCAGCAACAGA	94443081	94370861	72220	94370971	72110	94383911	59170	94443251	72390	72280	59340
ENSMUST00000232395	CATACCTTCCTTTTCAAGGATTTGGCATCACCCAGCGACCAGCGTACATTAACATGGTACCTAGCCTGTCGCAGTTCACTAGCATTTACACACCTTTGGCCAACATTTCTTCTGAGTATCCAATGCAAAGATCCATGCCAGTGGTGCCATCTTTTGTAGCCAGCAACAGA	94443081	94370861	72220	94370971	72110	94392014	51067	94443251	72390	72280	51237
ENSMUST00000232395	CATACCTTCCTTTTCAAGGATTTGGCATCACCCAGCGACCAGCGTACATTAACATGGTACCTAGCCTGTCGCAGTTCACTAGCATTTACACACCTTTGGCCAACATTTCTTCTGAGTATCCAATGCAAAGATCCATGCCAGTGGTGCCATCTTTTGTAGCCAGCAACAGA	94443081	94370861	72220	94370971	72110	94403313	39768	94443251	72390	72280	39938
ENSMUST00000232395	CATACCTTCCTTTTCAAGGATTTGGCATCACCCAGCGACCAGCGTACATTAACATGGTACCTAGCCTGTCGCAGTTCACTAGCATTTACACACCTTTGGCCAACATTTCTTCTGAGTATCCAATGCAAAGATCCATGCCAGTGGTGCCATCTTTTGTAGCCAGCAACAGA	94443081	94456761	-13680	94456811	-13730	94457320	-14239	94443251	-13510	-13560	-14069
ENSMUST00000232395	CATACCTTCCTTTTCAAGGATTTGGCATCACCCAGCGACCAGCGTACATTAACATGGTACCTAGCCTGTCGCAGTTCACTAGCATTTACACACCTTTGGCCAACATTTCTTCTGAGTATCCAATGCAAAGATCCATGCCAGTGGTGCCATCTTTTGTAGCCAGCAACAGA	94443081	94370861	72220	94370971	72110	94383911	59170	94443251	72390	72280	59340
ENSMUST00000232395	CATACCTTCCTTTTCAAGGATTTGGCATCACCCAGCGACCAGCGTACATTAACATGGTACCTAGCCTGTCGCAGTTCACTAGCATTTACACACCTTTGGCCAACATTTCTTCTGAGTATCCAATGCAAAGATCCATGCCAGTGGTGCCATCTTTTGTAGCCAGCAACAGA	94443081	94370861	72220	94370971	72110	94392014	51067	94443251	72390	72280	51237
ENSMUST00000232395	CATACCTTCCTTTTCAAGGATTTGGCATCACCCAGCGACCAGCGTACATTAACATGGTACCTAGCCTGTCGCAGTTCACTAGCATTTACACACCTTTGGCCAACATTTCTTCTGAGTATCCAATGCAAAGATCCATGCCAGTGGTGCCATCTTTTGTAGCCAGCAACAGA	94443081	94370861	72220	94370971	72110	94403313	39768	94443251	72390	72280	39938
ENSMUST00000232395	CATACCTTCCTTTTCAAGGATTTGGCATCACCCAGCGACCAGCGTACATTAACATGGTACCTAGCCTGTCGCAGTTCACTAGCATTTACACACCTTTGGCCAACATTTCTTCTGAGTATCCAATGCAAAGATCCATGCCAGTGGTGCCATCTTTTGTAGCCAGCAACAGA	94443081	94456761	-13680	94456811	-13730	94457320	-14239	94443251	-13510	-13560	-14069
ENSMUST00000232395	CATACCTTCCTTTTCAAGGATTTGGCATCACCCAGCGACCAGCGTACATTAACATGGTACCTAGCCTGTCGCAGTTCACTAGCATTTACACACCTTTGGCCAACATTTCTTCTGAGTATCCAATGCAAAGATCCATGCCAGTGGTGCCATCTTTTGTAGCCAGCAACAGA	94443081	94370861	72220	94370971	72110	94383911	59170	94443251	72390	72280	59340
ENSMUST00000232395	CATACCTTCCTTTTCAAGGATTTGGCATCACCCAGCGACCAGCGTACATTAACATGGTACCTAGCCTGTCGCAGTTCACTAGCATTTACACACCTTTGGCCAACATTTCTTCTGAGTATCCAATGCAAAGATCCATGCCAGTGGTGCCATCTTTTGTAGCCAGCAACAGA	94443081	94370861	72220	94370971	72110	94392014	51067	94443251	72390	72280	51237
ENSMUST00000232395	CATACCTTCCTTTTCAAGGATTTGGCATCACCCAGCGACCAGCGTACATTAACATGGTACCTAGCCTGTCGCAGTTCACTAGCATTTACACACCTTTGGCCAACATTTCTTCTGAGTATCCAATGCAAAGATCCATGCCAGTGGTGCCATCTTTTGTAGCCAGCAACAGA	94443081	94370861	72220	94370971	72110	94403313	39768	94443251	72390	72280	39938
ENSMUST00000232395	CATACCTTCCTTTTCAAGGATTTGGCATCACCCAGCGACCAGCGTACATTAACATGGTACCTAGCCTGTCGCAGTTCACTAGCATTTACACACCTTTGGCCAACATTTCTTCTGAGTATCCAATGCAAAGATCCATGCCAGTGGTGCCATCTTTTGTAGCCAGCAACAGA	94443081	94456761	-13680	94456811	-13730	94457320	-14239	94443251	-13510	-13560	-14069
ENSMUST00000102919	CAGCGGGTGCAACCCTGTCATCTACTGGCTGGCCAACTACGTGTGGGACATGCTCAATTACCTGGTCCCAGCCACCTGCTGCGTGATCATCCTCTTTGTCTTTGACTTACCTGCCTACACATCACCCACCAACTTCCCCGCGGTGCTCTCCTTGTTCCTGCTCTATGGGTG	25444226	25442054	2172	25442111	2115	25442190	2036	25444560	2506	2449	2370
ENSMUST00000129241	AGTGAAGAGATCGAGAGTGCTTTCCGGGCCCTCAGCTCTGAGGGCAAGCCTTATGTGACCAAGGAGGAGCTCTACCAGAACCTGACCCGGGAACAAGCTGACTATTGTGTCTCCCACATGAAGCCCTATGTGGATGGCAAGGGCCGAGAACTTCCAACTGCCTTCGACTACGTCGAGTTCACCCGCTCACT	30030800	30006646	24154	30006670	24130	30007493	23307	30031140	24494	24470	23647
ENSMUST00000087871	AACCTGAAGGAGGCCATTGAAACCATTGTGGCCGCCATGAGCAACCTGGTGCCCCCTGTGGAGCTGGCCAACCCTGAGAACCAGTTCAGAGTGGACTACATTCTGAGCGTGATGAACGTGCCGAACTTTGACTTCCCACCTGAATTCTATGAGCATGCCAAGGCTCTGTGGGAGGATGAGGGAGTGCGTGCCTG	174341691	174328131	13560	174330434	11257	174334211	7480	174343259	15128	12825	9048
ENSMUST00000238468	CTACCATGGAGTGACACTGGATATAGAAACTACCGTTAACAGCAGACTCCATGGCTCAGACTTCCAATACAATATGAACTCAGTTGCAATTTTTTGCAAGGTTTTTCGACTCATAGTTCTTTGTCTGGGTACTTTTTCACCCTACAGAGAATTTCTGTATATATTATCGTTTCTGATTCTAGTGTTTTGAATTTTCGCTGGGTCT	109661023	109606341	54682	109606343	54680	109617210	43813	109661228	54887	54885	44018
ENSMUST00000238468	CTACCATGGAGTGACACTGGATATAGAAACTACCGTTAACAGCAGACTCCATGGCTCAGACTTCCAATACAATATGAACTCAGTTGCAATTTTTTGCAAGGTTTTTCGACTCATAGTTCTTTGTCTGGGTACTTTTTCACCCTACAGAGAATTTCTGTATATATTATCGTTTCTGATTCTAGTGTTTTGAATTTTCGCTGGGTCT	109661023	109656831	4192	109656840	4183	109658052	2971	109661228	4397	4388	3176
ENSMUST00000238468	CTACCATGGAGTGACACTGGATATAGAAACTACCGTTAACAGCAGACTCCATGGCTCAGACTTCCAATACAATATGAACTCAGTTGCAATTTTTTGCAAGGTTTTTCGACTCATAGTTCTTTGTCTGGGTACTTTTTCACCCTACAGAGAATTTCTGTATATATTATCGTTTCTGATTCTAGTGTTTTGAATTTTCGCTGGGTCT	109661023	109656831	4192	109656840	4183	109659722	1301	109661228	4397	4388	1506
ENSMUST00000113462	AGGTGTCCGGCCTCTACTACAATGGGCTCAAGGTACTGGCGCTGGCCGCCGAGAGCGACCCCAATGTGCGGACCGAAGGCCACCTACGGCTAGTAGGGGAGGGGCCGTCCGTGCTGCTCAGTGCTGAGACCACTGCCACCACTCTGCTGGCCGACATGGCCACCACCATCATGGAGACCACCACCACCATGGCCACCACCACTACTCGCCGGGGCCGTTCCCCCACAATGAGGGACAGCACCACCCAGA	6517021	6463847	53174	6463868	53153	6472257	44764	6519271	55424	55403	47014
ENSMUST00000113462	AGGTGTCCGGCCTCTACTACAATGGGCTCAAGGTACTGGCGCTGGCCGCCGAGAGCGACCCCAATGTGCGGACCGAAGGCCACCTACGGCTAGTAGGGGAGGGGCCGTCCGTGCTGCTCAGTGCTGAGACCACTGCCACCACTCTGCTGGCCGACATGGCCACCACCATCATGGAGACCACCACCACCATGGCCACCACCACTACTCGCCGGGGCCGTTCCCCCACAATGAGGGACAGCACCACCCAGA	6517021	6463847	53174	6463868	53153	6472257	44764	6519271	55424	55403	47014
